../../build/bin/test_genpoints surf=../../Point_Sys/data/53092_sf-G_G0_subdivide937772130937772130.obj points_out=../../Point_Sys/result/53092_sf-G_G0_subdivide937772130937772130.vtk num_in_axis=10
surf: 17990 3
nods: 8997 3
bdbox: -28.5525 -14.3708
0.941602  27.6908
 1.03553  2.61332
[INFO]genarate raw points done. size is 1000
after select: 368
done 
 1  0  3  2  5  6  5  6  9  8
 2  2  1  4  3  4  7  5 10 10
 3  3  0  1  2  3  4  4 11 11
 4  4  4  5  6  7  3  3 12 12
 5  5  5  0  1  2  2  2 13 13
 6  6  6  6  7  1  1  1 14 14
 7  7  7  7  0  0  0  0 15 15
32 33 34 35 36 37 38 39 40 41
33 32 35 36 37 38 39 38 41 42
34 34 33 34 35 36 37 37 42 40
2.90525
2.58104
2.37067
2.26549
2.26549
2.37067
2.58104
2.90525
2.90525
2.58104
花费了0.030151秒
spatial hash 
A hehre
done 
 1  0  3  2  3  6  5  6  9  8
 2  2  1  4  5  4  7  5 10 10
 3  3  4  1  2  3  4  4 11 11
 4  4  0  5  6  7  3  3 12 12
 5  5  5  0  1  2  2  2 13 13
 6  6  6  6  7  1  1  1 14 14
 7  7  7  7  0  0  0  0 15 15
32 33 34 35 36 37 38 39 40 41
33 34 35 36 35 36 39 38 41 42
34 32 33 34 37 38 37 37 42 40
2.90525
2.58104
2.37067
2.26549
2.26549
2.37067
2.58104
2.90525
2.90525
2.58104
花费了0.052306秒
not equal
all done 
