0 2000 0.45
1 2000 0.45
2 800 0.45
3 800 0.45
4 2000 0.45
5 2000 0.45
6 800 0.45
7 800 0.45
8 2000 0.45
9 2000 0.45
10 800 0.45
11 800 0.45
12 2000 0.45
13 2000 0.45
14 800 0.45
15 800 0.45
16 2000 0.45
17 2000 0.45
18 800 0.45
19 800 0.45
20 2000 0.45
21 2000 0.45
22 800 0.45
23 800 0.45
24 2000 0.45
25 2000 0.45
26 800 0.45
27 800 0.45
28 2000 0.45
29 2000 0.45
30 800 0.45
31 800 0.45
32 2000 0.45
33 2000 0.45
34 800 0.45
35 800 0.45
36 2000 0.45
37 2000 0.45
38 800 0.45
39 800 0.45
40 2000 0.45
41 2000 0.45
42 800 0.45
43 800 0.45
44 2000 0.45
45 2000 0.45
46 800 0.45
47 800 0.45
48 2000 0.45
49 2000 0.45
50 800 0.45
51 800 0.45
52 2000 0.45
53 2000 0.45
54 800 0.45
55 800 0.45
56 2000 0.45
57 2000 0.45
58 800 0.45
59 800 0.45
60 2000 0.45
61 2000 0.45
62 800 0.45
63 800 0.45
64 2000 0.45
65 2000 0.45
66 800 0.45
67 800 0.45
68 2000 0.45
69 2000 0.45
70 800 0.45
71 800 0.45
72 2000 0.45
73 2000 0.45
74 800 0.45
75 800 0.45
76 2000 0.45
77 2000 0.45
78 800 0.45
79 800 0.45
80 2000 0.45
81 2000 0.45
82 800 0.45
83 800 0.45
84 2000 0.45
85 2000 0.45
86 800 0.45
87 800 0.45
88 2000 0.45
89 2000 0.45
90 800 0.45
91 800 0.45
92 2000 0.45
93 2000 0.45
94 800 0.45
95 800 0.45
96 2000 0.45
97 2000 0.45
98 800 0.45
99 800 0.45
100 2000 0.45
101 2000 0.45
102 800 0.45
103 800 0.45
104 2000 0.45
105 2000 0.45
106 800 0.45
107 800 0.45
108 2000 0.45
109 2000 0.45
110 800 0.45
111 800 0.45
112 2000 0.45
113 2000 0.45
114 800 0.45
115 800 0.45
116 2000 0.45
117 2000 0.45
118 800 0.45
119 800 0.45
120 2000 0.45
121 2000 0.45
122 800 0.45
123 800 0.45
124 2000 0.45
125 2000 0.45
126 800 0.45
127 800 0.45
128 2000 0.45
129 2000 0.45
130 800 0.45
131 800 0.45
132 2000 0.45
133 2000 0.45
134 800 0.45
135 800 0.45
136 2000 0.45
137 2000 0.45
138 800 0.45
139 800 0.45
140 2000 0.45
141 2000 0.45
142 800 0.45
143 800 0.45
144 2000 0.45
145 2000 0.45
146 800 0.45
147 800 0.45
148 2000 0.45
149 2000 0.45
150 800 0.45
151 800 0.45
152 2000 0.45
153 2000 0.45
154 800 0.45
155 800 0.45
156 2000 0.45
157 2000 0.45
158 800 0.45
159 800 0.45
160 2000 0.45
161 2000 0.45
162 800 0.45
163 800 0.45
164 2000 0.45
165 2000 0.45
166 800 0.45
167 800 0.45
168 2000 0.45
169 2000 0.45
170 800 0.45
171 800 0.45
172 2000 0.45
173 2000 0.45
174 800 0.45
175 800 0.45
176 2000 0.45
177 2000 0.45
178 800 0.45
179 800 0.45
180 2000 0.45
181 2000 0.45
182 800 0.45
183 800 0.45
184 2000 0.45
185 2000 0.45
186 800 0.45
187 800 0.45
188 2000 0.45
189 2000 0.45
190 800 0.45
191 800 0.45
192 2000 0.45
193 2000 0.45
194 800 0.45
195 800 0.45
196 2000 0.45
197 2000 0.45
198 800 0.45
199 800 0.45
200 2000 0.45
201 2000 0.45
202 800 0.45
203 800 0.45
204 2000 0.45
205 2000 0.45
206 800 0.45
207 800 0.45
208 2000 0.45
209 2000 0.45
210 800 0.45
211 800 0.45
212 2000 0.45
213 2000 0.45
214 800 0.45
215 800 0.45
216 2000 0.45
217 2000 0.45
218 800 0.45
219 800 0.45
220 2000 0.45
221 2000 0.45
222 800 0.45
223 800 0.45
224 2000 0.45
225 2000 0.45
226 800 0.45
227 800 0.45
228 2000 0.45
229 2000 0.45
230 800 0.45
231 800 0.45
232 2000 0.45
233 2000 0.45
234 800 0.45
235 800 0.45
236 2000 0.45
237 2000 0.45
238 800 0.45
239 800 0.45
240 2000 0.45
241 2000 0.45
242 800 0.45
243 800 0.45
244 2000 0.45
245 2000 0.45
246 800 0.45
247 800 0.45
248 2000 0.45
249 2000 0.45
250 800 0.45
251 800 0.45
252 2000 0.45
253 2000 0.45
254 800 0.45
255 800 0.45
256 2000 0.45
257 2000 0.45
258 800 0.45
259 800 0.45
260 2000 0.45
261 2000 0.45
262 800 0.45
263 800 0.45
264 2000 0.45
265 2000 0.45
266 800 0.45
267 800 0.45
268 2000 0.45
269 2000 0.45
270 800 0.45
271 800 0.45
272 2000 0.45
273 2000 0.45
274 800 0.45
275 800 0.45
276 2000 0.45
277 2000 0.45
278 800 0.45
279 800 0.45
280 2000 0.45
281 2000 0.45
282 800 0.45
283 800 0.45
284 2000 0.45
285 2000 0.45
286 800 0.45
287 800 0.45
288 2000 0.45
289 2000 0.45
290 800 0.45
291 800 0.45
292 2000 0.45
293 2000 0.45
294 800 0.45
295 800 0.45
296 2000 0.45
297 2000 0.45
298 800 0.45
299 800 0.45
300 2000 0.45
301 2000 0.45
302 800 0.45
303 800 0.45
304 2000 0.45
305 2000 0.45
306 800 0.45
307 800 0.45
308 2000 0.45
309 2000 0.45
310 800 0.45
311 800 0.45
312 2000 0.45
313 2000 0.45
314 800 0.45
315 800 0.45
316 2000 0.45
317 2000 0.45
318 800 0.45
319 800 0.45
320 2000 0.45
321 2000 0.45
322 800 0.45
323 800 0.45
324 2000 0.45
325 2000 0.45
326 800 0.45
327 800 0.45
328 2000 0.45
329 2000 0.45
330 800 0.45
331 800 0.45
332 2000 0.45
333 2000 0.45
334 800 0.45
335 800 0.45
336 2000 0.45
337 2000 0.45
338 800 0.45
339 800 0.45
340 2000 0.45
341 2000 0.45
342 800 0.45
343 800 0.45
344 2000 0.45
345 2000 0.45
346 800 0.45
347 800 0.45
348 2000 0.45
349 2000 0.45
350 800 0.45
351 800 0.45
352 2000 0.45
353 2000 0.45
354 800 0.45
355 800 0.45
356 2000 0.45
357 2000 0.45
358 800 0.45
359 800 0.45
360 2000 0.45
361 2000 0.45
362 800 0.45
363 800 0.45
364 2000 0.45
365 2000 0.45
366 800 0.45
367 800 0.45
368 2000 0.45
369 2000 0.45
370 800 0.45
371 800 0.45
372 2000 0.45
373 2000 0.45
374 800 0.45
375 800 0.45
376 2000 0.45
377 2000 0.45
378 800 0.45
379 800 0.45
380 2000 0.45
381 2000 0.45
382 800 0.45
383 800 0.45
384 2000 0.45
385 2000 0.45
386 800 0.45
387 800 0.45
388 2000 0.45
389 2000 0.45
390 800 0.45
391 800 0.45
392 2000 0.45
393 2000 0.45
394 800 0.45
395 800 0.45
396 2000 0.45
397 2000 0.45
398 800 0.45
399 800 0.45
400 2000 0.45
401 2000 0.45
402 800 0.45
403 800 0.45
404 2000 0.45
405 2000 0.45
406 800 0.45
407 800 0.45
408 2000 0.45
409 2000 0.45
410 800 0.45
411 800 0.45
412 2000 0.45
413 2000 0.45
414 800 0.45
415 800 0.45
416 2000 0.45
417 2000 0.45
418 800 0.45
419 800 0.45
420 2000 0.45
421 2000 0.45
422 800 0.45
423 800 0.45
424 2000 0.45
425 2000 0.45
426 800 0.45
427 800 0.45
428 2000 0.45
429 2000 0.45
430 800 0.45
431 800 0.45
432 2000 0.45
433 2000 0.45
434 800 0.45
435 800 0.45
436 2000 0.45
437 2000 0.45
438 800 0.45
439 800 0.45
440 2000 0.45
441 2000 0.45
442 800 0.45
443 800 0.45
444 2000 0.45
445 2000 0.45
446 800 0.45
447 800 0.45
448 2000 0.45
449 2000 0.45
450 800 0.45
451 800 0.45
452 2000 0.45
453 2000 0.45
454 800 0.45
455 800 0.45
456 2000 0.45
457 2000 0.45
458 800 0.45
459 800 0.45
460 2000 0.45
461 2000 0.45
462 800 0.45
463 800 0.45
464 2000 0.45
465 2000 0.45
466 800 0.45
467 800 0.45
468 2000 0.45
469 2000 0.45
470 800 0.45
471 800 0.45
472 2000 0.45
473 2000 0.45
474 800 0.45
475 800 0.45
476 2000 0.45
477 2000 0.45
478 800 0.45
479 800 0.45
480 2000 0.45
481 2000 0.45
482 800 0.45
483 800 0.45
484 2000 0.45
485 2000 0.45
486 800 0.45
487 800 0.45
488 2000 0.45
489 2000 0.45
490 800 0.45
491 800 0.45
492 2000 0.45
493 2000 0.45
494 800 0.45
495 800 0.45
496 2000 0.45
497 2000 0.45
498 800 0.45
499 800 0.45
500 2000 0.45
501 2000 0.45
502 800 0.45
503 800 0.45
504 2000 0.45
505 2000 0.45
506 800 0.45
507 800 0.45
508 2000 0.45
509 2000 0.45
510 800 0.45
511 800 0.45
