0 4000 0.45
1 4000 0.45
2 1600 0.45
3 1600 0.45
4 4000 0.45
5 4000 0.45
6 1600 0.45
7 1600 0.45
8 4000 0.45
9 4000 0.45
10 1600 0.45
11 1600 0.45
12 4000 0.45
13 4000 0.45
14 1600 0.45
15 1600 0.45
16 4000 0.45
17 4000 0.45
18 1600 0.45
19 1600 0.45
20 4000 0.45
21 4000 0.45
22 1600 0.45
23 1600 0.45
24 4000 0.45
25 4000 0.45
26 1600 0.45
27 1600 0.45
28 4000 0.45
29 4000 0.45
30 1600 0.45
31 1600 0.45
32 4000 0.45
33 4000 0.45
34 1600 0.45
35 1600 0.45
36 4000 0.45
37 4000 0.45
38 1600 0.45
39 1600 0.45
40 4000 0.45
41 4000 0.45
42 1600 0.45
43 1600 0.45
44 4000 0.45
45 4000 0.45
46 1600 0.45
47 1600 0.45
48 4000 0.45
49 4000 0.45
50 1600 0.45
51 1600 0.45
52 4000 0.45
53 4000 0.45
54 1600 0.45
55 1600 0.45
56 4000 0.45
57 4000 0.45
58 1600 0.45
59 1600 0.45
60 4000 0.45
61 4000 0.45
62 1600 0.45
63 1600 0.45
64 4000 0.45
65 4000 0.45
66 1600 0.45
67 1600 0.45
68 4000 0.45
69 4000 0.45
70 1600 0.45
71 1600 0.45
72 4000 0.45
73 4000 0.45
74 1600 0.45
75 1600 0.45
76 4000 0.45
77 4000 0.45
78 1600 0.45
79 1600 0.45
80 4000 0.45
81 4000 0.45
82 1600 0.45
83 1600 0.45
84 4000 0.45
85 4000 0.45
86 1600 0.45
87 1600 0.45
88 4000 0.45
89 4000 0.45
90 1600 0.45
91 1600 0.45
92 4000 0.45
93 4000 0.45
94 1600 0.45
95 1600 0.45
96 4000 0.45
97 4000 0.45
98 1600 0.45
99 1600 0.45
100 4000 0.45
101 4000 0.45
102 1600 0.45
103 1600 0.45
104 4000 0.45
105 4000 0.45
106 1600 0.45
107 1600 0.45
108 4000 0.45
109 4000 0.45
110 1600 0.45
111 1600 0.45
112 4000 0.45
113 4000 0.45
114 1600 0.45
115 1600 0.45
116 4000 0.45
117 4000 0.45
118 1600 0.45
119 1600 0.45
120 4000 0.45
121 4000 0.45
122 1600 0.45
123 1600 0.45
124 4000 0.45
125 4000 0.45
126 1600 0.45
127 1600 0.45
128 4000 0.45
129 4000 0.45
130 1600 0.45
131 1600 0.45
132 4000 0.45
133 4000 0.45
134 1600 0.45
135 1600 0.45
136 4000 0.45
137 4000 0.45
138 1600 0.45
139 1600 0.45
140 4000 0.45
141 4000 0.45
142 1600 0.45
143 1600 0.45
144 4000 0.45
145 4000 0.45
146 1600 0.45
147 1600 0.45
148 4000 0.45
149 4000 0.45
150 1600 0.45
151 1600 0.45
152 4000 0.45
153 4000 0.45
154 1600 0.45
155 1600 0.45
156 4000 0.45
157 4000 0.45
158 1600 0.45
159 1600 0.45
160 4000 0.45
161 4000 0.45
162 1600 0.45
163 1600 0.45
164 4000 0.45
165 4000 0.45
166 1600 0.45
167 1600 0.45
168 4000 0.45
169 4000 0.45
170 1600 0.45
171 1600 0.45
172 4000 0.45
173 4000 0.45
174 1600 0.45
175 1600 0.45
176 4000 0.45
177 4000 0.45
178 1600 0.45
179 1600 0.45
180 4000 0.45
181 4000 0.45
182 1600 0.45
183 1600 0.45
184 4000 0.45
185 4000 0.45
186 1600 0.45
187 1600 0.45
188 4000 0.45
189 4000 0.45
190 1600 0.45
191 1600 0.45
192 4000 0.45
193 4000 0.45
194 1600 0.45
195 1600 0.45
196 4000 0.45
197 4000 0.45
198 1600 0.45
199 1600 0.45
200 4000 0.45
201 4000 0.45
202 1600 0.45
203 1600 0.45
204 4000 0.45
205 4000 0.45
206 1600 0.45
207 1600 0.45
208 4000 0.45
209 4000 0.45
210 1600 0.45
211 1600 0.45
212 4000 0.45
213 4000 0.45
214 1600 0.45
215 1600 0.45
216 4000 0.45
217 4000 0.45
218 1600 0.45
219 1600 0.45
220 4000 0.45
221 4000 0.45
222 1600 0.45
223 1600 0.45
224 4000 0.45
225 4000 0.45
226 1600 0.45
227 1600 0.45
228 4000 0.45
229 4000 0.45
230 1600 0.45
231 1600 0.45
232 4000 0.45
233 4000 0.45
234 1600 0.45
235 1600 0.45
236 4000 0.45
237 4000 0.45
238 1600 0.45
239 1600 0.45
240 4000 0.45
241 4000 0.45
242 1600 0.45
243 1600 0.45
244 4000 0.45
245 4000 0.45
246 1600 0.45
247 1600 0.45
248 4000 0.45
249 4000 0.45
250 1600 0.45
251 1600 0.45
252 4000 0.45
253 4000 0.45
254 1600 0.45
255 1600 0.45
256 4000 0.45
257 4000 0.45
258 1600 0.45
259 1600 0.45
260 4000 0.45
261 4000 0.45
262 1600 0.45
263 1600 0.45
264 4000 0.45
265 4000 0.45
266 1600 0.45
267 1600 0.45
268 4000 0.45
269 4000 0.45
270 1600 0.45
271 1600 0.45
272 4000 0.45
273 4000 0.45
274 1600 0.45
275 1600 0.45
276 4000 0.45
277 4000 0.45
278 1600 0.45
279 1600 0.45
280 4000 0.45
281 4000 0.45
282 1600 0.45
283 1600 0.45
284 4000 0.45
285 4000 0.45
286 1600 0.45
287 1600 0.45
288 4000 0.45
289 4000 0.45
290 1600 0.45
291 1600 0.45
292 4000 0.45
293 4000 0.45
294 1600 0.45
295 1600 0.45
296 4000 0.45
297 4000 0.45
298 1600 0.45
299 1600 0.45
300 4000 0.45
301 4000 0.45
302 1600 0.45
303 1600 0.45
304 4000 0.45
305 4000 0.45
306 1600 0.45
307 1600 0.45
308 4000 0.45
309 4000 0.45
310 1600 0.45
311 1600 0.45
312 4000 0.45
313 4000 0.45
314 1600 0.45
315 1600 0.45
316 4000 0.45
317 4000 0.45
318 1600 0.45
319 1600 0.45
320 4000 0.45
321 4000 0.45
322 1600 0.45
323 1600 0.45
324 4000 0.45
325 4000 0.45
326 1600 0.45
327 1600 0.45
328 4000 0.45
329 4000 0.45
330 1600 0.45
331 1600 0.45
332 4000 0.45
333 4000 0.45
334 1600 0.45
335 1600 0.45
336 4000 0.45
337 4000 0.45
338 1600 0.45
339 1600 0.45
340 4000 0.45
341 4000 0.45
342 1600 0.45
343 1600 0.45
344 4000 0.45
345 4000 0.45
346 1600 0.45
347 1600 0.45
348 4000 0.45
349 4000 0.45
350 1600 0.45
351 1600 0.45
352 4000 0.45
353 4000 0.45
354 1600 0.45
355 1600 0.45
356 4000 0.45
357 4000 0.45
358 1600 0.45
359 1600 0.45
360 4000 0.45
361 4000 0.45
362 1600 0.45
363 1600 0.45
364 4000 0.45
365 4000 0.45
366 1600 0.45
367 1600 0.45
368 4000 0.45
369 4000 0.45
370 1600 0.45
371 1600 0.45
372 4000 0.45
373 4000 0.45
374 1600 0.45
375 1600 0.45
376 4000 0.45
377 4000 0.45
378 1600 0.45
379 1600 0.45
380 4000 0.45
381 4000 0.45
382 1600 0.45
383 1600 0.45
384 4000 0.45
385 4000 0.45
386 1600 0.45
387 1600 0.45
388 4000 0.45
389 4000 0.45
390 1600 0.45
391 1600 0.45
392 4000 0.45
393 4000 0.45
394 1600 0.45
395 1600 0.45
396 4000 0.45
397 4000 0.45
398 1600 0.45
399 1600 0.45
400 4000 0.45
401 4000 0.45
402 1600 0.45
403 1600 0.45
404 4000 0.45
405 4000 0.45
406 1600 0.45
407 1600 0.45
408 4000 0.45
409 4000 0.45
410 1600 0.45
411 1600 0.45
412 4000 0.45
413 4000 0.45
414 1600 0.45
415 1600 0.45
416 4000 0.45
417 4000 0.45
418 1600 0.45
419 1600 0.45
420 4000 0.45
421 4000 0.45
422 1600 0.45
423 1600 0.45
424 4000 0.45
425 4000 0.45
426 1600 0.45
427 1600 0.45
428 4000 0.45
429 4000 0.45
430 1600 0.45
431 1600 0.45
432 4000 0.45
433 4000 0.45
434 1600 0.45
435 1600 0.45
436 4000 0.45
437 4000 0.45
438 1600 0.45
439 1600 0.45
440 4000 0.45
441 4000 0.45
442 1600 0.45
443 1600 0.45
444 4000 0.45
445 4000 0.45
446 1600 0.45
447 1600 0.45
448 4000 0.45
449 4000 0.45
450 1600 0.45
451 1600 0.45
452 4000 0.45
453 4000 0.45
454 1600 0.45
455 1600 0.45
456 4000 0.45
457 4000 0.45
458 1600 0.45
459 1600 0.45
460 4000 0.45
461 4000 0.45
462 1600 0.45
463 1600 0.45
464 4000 0.45
465 4000 0.45
466 1600 0.45
467 1600 0.45
468 4000 0.45
469 4000 0.45
470 1600 0.45
471 1600 0.45
472 4000 0.45
473 4000 0.45
474 1600 0.45
475 1600 0.45
476 4000 0.45
477 4000 0.45
478 1600 0.45
479 1600 0.45
480 4000 0.45
481 4000 0.45
482 1600 0.45
483 1600 0.45
484 4000 0.45
485 4000 0.45
486 1600 0.45
487 1600 0.45
488 4000 0.45
489 4000 0.45
490 1600 0.45
491 1600 0.45
492 4000 0.45
493 4000 0.45
494 1600 0.45
495 1600 0.45
496 4000 0.45
497 4000 0.45
498 1600 0.45
499 1600 0.45
500 4000 0.45
501 4000 0.45
502 1600 0.45
503 1600 0.45
504 4000 0.45
505 4000 0.45
506 1600 0.45
507 1600 0.45
508 4000 0.45
509 4000 0.45
510 1600 0.45
511 1600 0.45
