0  500.0  0.45
1  500.0  0.45
2  500.0  0.45
3  500.0  0.45
4  500.0  0.45
5  500.0  0.45
6  500.0  0.45
7  500.0  0.45
8  500.0  0.45
9  500.0  0.45
10  500.0  0.45
11  500.0  0.45
12  500.0  0.45
13  500.0  0.45
14  500.0  0.45
15  500.0  0.45
16  500.0  0.45
17  500.0  0.45
18  500.0  0.45
19  500.0  0.45
20  500.0  0.45
21  500.0  0.45
22  500.0  0.45
23  500.0  0.45
24  500.0  0.45
25  500.0  0.45
26  500.0  0.45
27  500.0  0.45
28  500.0  0.45
29  500.0  0.45
30  500.0  0.45
31  500.0  0.45
32  500.0  0.45
33  500.0  0.45
34  500.0  0.45
35  500.0  0.45
36  500.0  0.45
37  500.0  0.45
38  500.0  0.45
39  500.0  0.45
40  500.0  0.45
41  500.0  0.45
42  500.0  0.45
43  500.0  0.45
44  500.0  0.45
45  500.0  0.45
46  500.0  0.45
47  500.0  0.45
48  500.0  0.45
49  500.0  0.45
50  500.0  0.45
51  500.0  0.45
52  500.0  0.45
53  500.0  0.45
54  500.0  0.45
55  500.0  0.45
56  500.0  0.45
57  500.0  0.45
58  500.0  0.45
59  500.0  0.45
60  500.0  0.45
61  500.0  0.45
62  500.0  0.45
63  500.0  0.45
64  500.0  0.45
65  500.0  0.45
66  500.0  0.45
67  500.0  0.45
68  500.0  0.45
69  500.0  0.45
70  500.0  0.45
71  500.0  0.45
72  500.0  0.45
73  500.0  0.45
74  500.0  0.45
75  500.0  0.45
76  500.0  0.45
77  500.0  0.45
78  500.0  0.45
79  500.0  0.45
80  500.0  0.45
81  500.0  0.45
82  500.0  0.45
83  500.0  0.45
84  500.0  0.45
85  500.0  0.45
86  500.0  0.45
87  500.0  0.45
88  500.0  0.45
89  500.0  0.45
90  500.0  0.45
91  500.0  0.45
92  500.0  0.45
93  500.0  0.45
94  500.0  0.45
95  500.0  0.45
96  500.0  0.45
97  500.0  0.45
98  500.0  0.45
99  500.0  0.45
100  500.0  0.45
101  500.0  0.45
102  500.0  0.45
103  500.0  0.45
104  500.0  0.45
105  500.0  0.45
106  500.0  0.45
107  500.0  0.45
108  500.0  0.45
109  500.0  0.45
110  500.0  0.45
111  500.0  0.45
112  500.0  0.45
113  500.0  0.45
114  500.0  0.45
115  500.0  0.45
116  500.0  0.45
117  500.0  0.45
118  500.0  0.45
119  500.0  0.45
120  500.0  0.45
121  500.0  0.45
122  500.0  0.45
123  500.0  0.45
124  500.0  0.45
125  500.0  0.45
126  500.0  0.45
127  500.0  0.45
128  500.0  0.45
129  500.0  0.45
130  500.0  0.45
131  500.0  0.45
132  500.0  0.45
133  500.0  0.45
134  500.0  0.45
135  500.0  0.45
136  500.0  0.45
137  500.0  0.45
138  500.0  0.45
139  500.0  0.45
140  500.0  0.45
141  500.0  0.45
142  500.0  0.45
143  500.0  0.45
144  500.0  0.45
145  500.0  0.45
146  500.0  0.45
147  500.0  0.45
148  500.0  0.45
149  500.0  0.45
150  500.0  0.45
151  500.0  0.45
152  500.0  0.45
153  500.0  0.45
154  500.0  0.45
155  500.0  0.45
156  500.0  0.45
157  500.0  0.45
158  500.0  0.45
159  500.0  0.45
160  500.0  0.45
161  500.0  0.45
162  500.0  0.45
163  500.0  0.45
164  500.0  0.45
165  500.0  0.45
166  500.0  0.45
167  500.0  0.45
168  500.0  0.45
169  500.0  0.45
170  500.0  0.45
171  500.0  0.45
172  500.0  0.45
173  500.0  0.45
174  500.0  0.45
175  500.0  0.45
176  500.0  0.45
177  500.0  0.45
178  500.0  0.45
179  500.0  0.45
180  500.0  0.45
181  500.0  0.45
182  500.0  0.45
183  500.0  0.45
184  500.0  0.45
185  500.0  0.45
186  500.0  0.45
187  500.0  0.45
188  500.0  0.45
189  500.0  0.45
190  500.0  0.45
191  500.0  0.45
192  500.0  0.45
193  500.0  0.45
194  500.0  0.45
195  500.0  0.45
196  500.0  0.45
197  500.0  0.45
198  500.0  0.45
199  500.0  0.45
200  500.0  0.45
201  500.0  0.45
202  500.0  0.45
203  500.0  0.45
204  500.0  0.45
205  500.0  0.45
206  500.0  0.45
207  500.0  0.45
208  500.0  0.45
209  500.0  0.45
210  500.0  0.45
211  500.0  0.45
212  500.0  0.45
213  500.0  0.45
214  500.0  0.45
215  500.0  0.45
216  500.0  0.45
217  500.0  0.45
218  500.0  0.45
219  500.0  0.45
220  500.0  0.45
221  500.0  0.45
222  500.0  0.45
223  500.0  0.45
224  500.0  0.45
225  500.0  0.45
226  500.0  0.45
227  500.0  0.45
228  500.0  0.45
229  500.0  0.45
230  500.0  0.45
231  500.0  0.45
232  500.0  0.45
233  500.0  0.45
234  500.0  0.45
235  500.0  0.45
236  500.0  0.45
237  500.0  0.45
238  500.0  0.45
239  500.0  0.45
240  500.0  0.45
241  500.0  0.45
242  500.0  0.45
243  500.0  0.45
244  500.0  0.45
245  500.0  0.45
246  500.0  0.45
247  500.0  0.45
248  500.0  0.45
249  500.0  0.45
250  500.0  0.45
251  500.0  0.45
252  500.0  0.45
253  500.0  0.45
254  500.0  0.45
255  500.0  0.45
256  500.0  0.45
257  500.0  0.45
258  500.0  0.45
259  500.0  0.45
260  500.0  0.45
261  500.0  0.45
262  500.0  0.45
263  500.0  0.45
264  500.0  0.45
265  500.0  0.45
266  500.0  0.45
267  500.0  0.45
268  500.0  0.45
269  500.0  0.45
270  500.0  0.45
271  500.0  0.45
272  500.0  0.45
273  500.0  0.45
274  500.0  0.45
275  500.0  0.45
276  500.0  0.45
277  500.0  0.45
278  500.0  0.45
279  500.0  0.45
280  500.0  0.45
281  500.0  0.45
282  500.0  0.45
283  500.0  0.45
284  500.0  0.45
285  500.0  0.45
286  500.0  0.45
287  500.0  0.45
288  500.0  0.45
289  500.0  0.45
290  500.0  0.45
291  500.0  0.45
292  500.0  0.45
293  500.0  0.45
294  500.0  0.45
295  500.0  0.45
296  500.0  0.45
297  500.0  0.45
298  500.0  0.45
299  500.0  0.45
300  500.0  0.45
301  500.0  0.45
302  500.0  0.45
303  500.0  0.45
304  500.0  0.45
305  500.0  0.45
306  500.0  0.45
307  500.0  0.45
308  500.0  0.45
309  500.0  0.45
310  500.0  0.45
311  500.0  0.45
312  500.0  0.45
313  500.0  0.45
314  500.0  0.45
315  500.0  0.45
316  500.0  0.45
317  500.0  0.45
318  500.0  0.45
319  500.0  0.45
320  500.0  0.45
321  500.0  0.45
322  500.0  0.45
323  500.0  0.45
324  500.0  0.45
325  500.0  0.45
326  500.0  0.45
327  500.0  0.45
328  500.0  0.45
329  500.0  0.45
330  500.0  0.45
331  500.0  0.45
332  500.0  0.45
333  500.0  0.45
334  500.0  0.45
335  500.0  0.45
336  500.0  0.45
337  500.0  0.45
338  500.0  0.45
339  500.0  0.45
340  500.0  0.45
341  500.0  0.45
342  500.0  0.45
343  500.0  0.45
344  500.0  0.45
345  500.0  0.45
346  500.0  0.45
347  500.0  0.45
348  500.0  0.45
349  500.0  0.45
350  500.0  0.45
351  500.0  0.45
352  500.0  0.45
353  500.0  0.45
354  500.0  0.45
355  500.0  0.45
356  500.0  0.45
357  500.0  0.45
358  500.0  0.45
359  500.0  0.45
360  500.0  0.45
361  500.0  0.45
362  500.0  0.45
363  500.0  0.45
364  500.0  0.45
365  500.0  0.45
366  500.0  0.45
367  500.0  0.45
368  500.0  0.45
369  500.0  0.45
370  500.0  0.45
371  500.0  0.45
372  500.0  0.45
373  500.0  0.45
374  500.0  0.45
375  500.0  0.45
376  500.0  0.45
377  500.0  0.45
378  500.0  0.45
379  500.0  0.45
380  500.0  0.45
381  500.0  0.45
382  500.0  0.45
383  500.0  0.45
384  500.0  0.45
385  500.0  0.45
386  500.0  0.45
387  500.0  0.45
388  500.0  0.45
389  500.0  0.45
390  500.0  0.45
391  500.0  0.45
392  500.0  0.45
393  500.0  0.45
394  500.0  0.45
395  500.0  0.45
396  500.0  0.45
397  500.0  0.45
398  500.0  0.45
399  500.0  0.45
400  500.0  0.45
401  500.0  0.45
402  500.0  0.45
403  500.0  0.45
404  500.0  0.45
405  500.0  0.45
406  500.0  0.45
407  500.0  0.45
408  500.0  0.45
409  500.0  0.45
410  500.0  0.45
411  500.0  0.45
412  500.0  0.45
413  500.0  0.45
414  500.0  0.45
415  500.0  0.45
416  500.0  0.45
417  500.0  0.45
418  500.0  0.45
419  500.0  0.45
420  500.0  0.45
421  500.0  0.45
422  500.0  0.45
423  500.0  0.45
424  500.0  0.45
425  500.0  0.45
426  500.0  0.45
427  500.0  0.45
428  500.0  0.45
429  500.0  0.45
430  500.0  0.45
431  500.0  0.45
432  500.0  0.45
433  500.0  0.45
434  500.0  0.45
435  500.0  0.45
436  500.0  0.45
437  500.0  0.45
438  500.0  0.45
439  500.0  0.45
440  500.0  0.45
441  500.0  0.45
442  500.0  0.45
443  500.0  0.45
444  500.0  0.45
445  500.0  0.45
446  500.0  0.45
447  500.0  0.45
448  500.0  0.45
449  500.0  0.45
450  500.0  0.45
451  500.0  0.45
452  500.0  0.45
453  500.0  0.45
454  500.0  0.45
455  500.0  0.45
456  500.0  0.45
457  500.0  0.45
458  500.0  0.45
459  500.0  0.45
460  500.0  0.45
461  500.0  0.45
462  500.0  0.45
463  500.0  0.45
464  500.0  0.45
465  500.0  0.45
466  500.0  0.45
467  500.0  0.45
468  500.0  0.45
469  500.0  0.45
470  500.0  0.45
471  500.0  0.45
472  500.0  0.45
473  500.0  0.45
474  500.0  0.45
475  500.0  0.45
476  500.0  0.45
477  500.0  0.45
478  500.0  0.45
479  500.0  0.45
480  500.0  0.45
481  500.0  0.45
482  500.0  0.45
483  500.0  0.45
484  500.0  0.45
485  500.0  0.45
486  500.0  0.45
487  500.0  0.45
488  500.0  0.45
489  500.0  0.45
490  500.0  0.45
491  500.0  0.45
492  500.0  0.45
493  500.0  0.45
494  500.0  0.45
495  500.0  0.45
496  500.0  0.45
497  500.0  0.45
498  500.0  0.45
499  500.0  0.45
500  500.0  0.45
501  500.0  0.45
502  500.0  0.45
503  500.0  0.45
504  500.0  0.45
505  500.0  0.45
506  500.0  0.45
507  500.0  0.45
508  500.0  0.45
509  500.0  0.45
510  500.0  0.45
511  500.0  0.45
