0 50000.000000 0.450000
1 50000.000000 0.450000
2 1000.000000 0.450000
3 1000.000000 0.450000
4 50000.000000 0.450000
5 50000.000000 0.450000
6 1000.000000 0.450000
7 1000.000000 0.450000
8 50000.000000 0.450000
9 50000.000000 0.450000
10 1000.000000 0.450000
11 1000.000000 0.450000
12 50000.000000 0.450000
13 50000.000000 0.450000
14 1000.000000 0.450000
15 1000.000000 0.450000
16 1000.000000 0.450000
17 1000.000000 0.450000
18 50000.000000 0.450000
19 50000.000000 0.450000
20 1000.000000 0.450000
21 1000.000000 0.450000
22 50000.000000 0.450000
23 50000.000000 0.450000
24 1000.000000 0.450000
25 1000.000000 0.450000
26 50000.000000 0.450000
27 50000.000000 0.450000
28 1000.000000 0.450000
29 1000.000000 0.450000
30 50000.000000 0.450000
31 50000.000000 0.450000
32 50000.000000 0.450000
33 50000.000000 0.450000
34 1000.000000 0.450000
35 1000.000000 0.450000
36 50000.000000 0.450000
37 50000.000000 0.450000
38 1000.000000 0.450000
39 1000.000000 0.450000
40 50000.000000 0.450000
41 50000.000000 0.450000
42 1000.000000 0.450000
43 1000.000000 0.450000
44 50000.000000 0.450000
45 50000.000000 0.450000
46 1000.000000 0.450000
47 1000.000000 0.450000
48 1000.000000 0.450000
49 1000.000000 0.450000
50 50000.000000 0.450000
51 50000.000000 0.450000
52 1000.000000 0.450000
53 1000.000000 0.450000
54 50000.000000 0.450000
55 50000.000000 0.450000
56 1000.000000 0.450000
57 1000.000000 0.450000
58 50000.000000 0.450000
59 50000.000000 0.450000
60 1000.000000 0.450000
61 1000.000000 0.450000
62 50000.000000 0.450000
63 50000.000000 0.450000
64 50000.000000 0.450000
65 50000.000000 0.450000
66 1000.000000 0.450000
67 1000.000000 0.450000
68 50000.000000 0.450000
69 50000.000000 0.450000
70 1000.000000 0.450000
71 1000.000000 0.450000
72 50000.000000 0.450000
73 50000.000000 0.450000
74 1000.000000 0.450000
75 1000.000000 0.450000
76 50000.000000 0.450000
77 50000.000000 0.450000
78 1000.000000 0.450000
79 1000.000000 0.450000
80 1000.000000 0.450000
81 1000.000000 0.450000
82 50000.000000 0.450000
83 50000.000000 0.450000
84 1000.000000 0.450000
85 1000.000000 0.450000
86 50000.000000 0.450000
87 50000.000000 0.450000
88 1000.000000 0.450000
89 1000.000000 0.450000
90 50000.000000 0.450000
91 50000.000000 0.450000
92 1000.000000 0.450000
93 1000.000000 0.450000
94 50000.000000 0.450000
95 50000.000000 0.450000
96 50000.000000 0.450000
97 50000.000000 0.450000
98 1000.000000 0.450000
99 1000.000000 0.450000
100 50000.000000 0.450000
101 50000.000000 0.450000
102 1000.000000 0.450000
103 1000.000000 0.450000
104 50000.000000 0.450000
105 50000.000000 0.450000
106 1000.000000 0.450000
107 1000.000000 0.450000
108 50000.000000 0.450000
109 50000.000000 0.450000
110 1000.000000 0.450000
111 1000.000000 0.450000
112 1000.000000 0.450000
113 1000.000000 0.450000
114 50000.000000 0.450000
115 50000.000000 0.450000
116 1000.000000 0.450000
117 1000.000000 0.450000
118 50000.000000 0.450000
119 50000.000000 0.450000
120 1000.000000 0.450000
121 1000.000000 0.450000
122 50000.000000 0.450000
123 50000.000000 0.450000
124 1000.000000 0.450000
125 1000.000000 0.450000
126 50000.000000 0.450000
127 50000.000000 0.450000
128 50000.000000 0.450000
129 50000.000000 0.450000
130 1000.000000 0.450000
131 1000.000000 0.450000
132 50000.000000 0.450000
133 50000.000000 0.450000
134 1000.000000 0.450000
135 1000.000000 0.450000
136 50000.000000 0.450000
137 50000.000000 0.450000
138 1000.000000 0.450000
139 1000.000000 0.450000
140 50000.000000 0.450000
141 50000.000000 0.450000
142 1000.000000 0.450000
143 1000.000000 0.450000
144 1000.000000 0.450000
145 1000.000000 0.450000
146 50000.000000 0.450000
147 50000.000000 0.450000
148 1000.000000 0.450000
149 1000.000000 0.450000
150 50000.000000 0.450000
151 50000.000000 0.450000
152 1000.000000 0.450000
153 1000.000000 0.450000
154 50000.000000 0.450000
155 50000.000000 0.450000
156 1000.000000 0.450000
157 1000.000000 0.450000
158 50000.000000 0.450000
159 50000.000000 0.450000
160 50000.000000 0.450000
161 50000.000000 0.450000
162 1000.000000 0.450000
163 1000.000000 0.450000
164 50000.000000 0.450000
165 50000.000000 0.450000
166 1000.000000 0.450000
167 1000.000000 0.450000
168 50000.000000 0.450000
169 50000.000000 0.450000
170 1000.000000 0.450000
171 1000.000000 0.450000
172 50000.000000 0.450000
173 50000.000000 0.450000
174 1000.000000 0.450000
175 1000.000000 0.450000
176 1000.000000 0.450000
177 1000.000000 0.450000
178 50000.000000 0.450000
179 50000.000000 0.450000
180 1000.000000 0.450000
181 1000.000000 0.450000
182 50000.000000 0.450000
183 50000.000000 0.450000
184 1000.000000 0.450000
185 1000.000000 0.450000
186 50000.000000 0.450000
187 50000.000000 0.450000
188 1000.000000 0.450000
189 1000.000000 0.450000
190 50000.000000 0.450000
191 50000.000000 0.450000
192 50000.000000 0.450000
193 50000.000000 0.450000
194 1000.000000 0.450000
195 1000.000000 0.450000
196 50000.000000 0.450000
197 50000.000000 0.450000
198 1000.000000 0.450000
199 1000.000000 0.450000
200 50000.000000 0.450000
201 50000.000000 0.450000
202 1000.000000 0.450000
203 1000.000000 0.450000
204 50000.000000 0.450000
205 50000.000000 0.450000
206 1000.000000 0.450000
207 1000.000000 0.450000
208 1000.000000 0.450000
209 1000.000000 0.450000
210 50000.000000 0.450000
211 50000.000000 0.450000
212 1000.000000 0.450000
213 1000.000000 0.450000
214 50000.000000 0.450000
215 50000.000000 0.450000
216 1000.000000 0.450000
217 1000.000000 0.450000
218 50000.000000 0.450000
219 50000.000000 0.450000
220 1000.000000 0.450000
221 1000.000000 0.450000
222 50000.000000 0.450000
223 50000.000000 0.450000
224 50000.000000 0.450000
225 50000.000000 0.450000
226 1000.000000 0.450000
227 1000.000000 0.450000
228 50000.000000 0.450000
229 50000.000000 0.450000
230 1000.000000 0.450000
231 1000.000000 0.450000
232 50000.000000 0.450000
233 50000.000000 0.450000
234 1000.000000 0.450000
235 1000.000000 0.450000
236 50000.000000 0.450000
237 50000.000000 0.450000
238 1000.000000 0.450000
239 1000.000000 0.450000
240 1000.000000 0.450000
241 1000.000000 0.450000
242 50000.000000 0.450000
243 50000.000000 0.450000
244 1000.000000 0.450000
245 1000.000000 0.450000
246 50000.000000 0.450000
247 50000.000000 0.450000
248 1000.000000 0.450000
249 1000.000000 0.450000
250 50000.000000 0.450000
251 50000.000000 0.450000
252 1000.000000 0.450000
253 1000.000000 0.450000
254 50000.000000 0.450000
255 50000.000000 0.450000
256 50000.000000 0.450000
257 50000.000000 0.450000
258 1000.000000 0.450000
259 1000.000000 0.450000
260 50000.000000 0.450000
261 50000.000000 0.450000
262 1000.000000 0.450000
263 1000.000000 0.450000
264 50000.000000 0.450000
265 50000.000000 0.450000
266 1000.000000 0.450000
267 1000.000000 0.450000
268 50000.000000 0.450000
269 50000.000000 0.450000
270 1000.000000 0.450000
271 1000.000000 0.450000
272 1000.000000 0.450000
273 1000.000000 0.450000
274 50000.000000 0.450000
275 50000.000000 0.450000
276 1000.000000 0.450000
277 1000.000000 0.450000
278 50000.000000 0.450000
279 50000.000000 0.450000
280 1000.000000 0.450000
281 1000.000000 0.450000
282 50000.000000 0.450000
283 50000.000000 0.450000
284 1000.000000 0.450000
285 1000.000000 0.450000
286 50000.000000 0.450000
287 50000.000000 0.450000
288 50000.000000 0.450000
289 50000.000000 0.450000
290 1000.000000 0.450000
291 1000.000000 0.450000
292 50000.000000 0.450000
293 50000.000000 0.450000
294 1000.000000 0.450000
295 1000.000000 0.450000
296 50000.000000 0.450000
297 50000.000000 0.450000
298 1000.000000 0.450000
299 1000.000000 0.450000
300 50000.000000 0.450000
301 50000.000000 0.450000
302 1000.000000 0.450000
303 1000.000000 0.450000
304 1000.000000 0.450000
305 1000.000000 0.450000
306 50000.000000 0.450000
307 50000.000000 0.450000
308 1000.000000 0.450000
309 1000.000000 0.450000
310 50000.000000 0.450000
311 50000.000000 0.450000
312 1000.000000 0.450000
313 1000.000000 0.450000
314 50000.000000 0.450000
315 50000.000000 0.450000
316 1000.000000 0.450000
317 1000.000000 0.450000
318 50000.000000 0.450000
319 50000.000000 0.450000
320 50000.000000 0.450000
321 50000.000000 0.450000
322 1000.000000 0.450000
323 1000.000000 0.450000
324 50000.000000 0.450000
325 50000.000000 0.450000
326 1000.000000 0.450000
327 1000.000000 0.450000
328 50000.000000 0.450000
329 50000.000000 0.450000
330 1000.000000 0.450000
331 1000.000000 0.450000
332 50000.000000 0.450000
333 50000.000000 0.450000
334 1000.000000 0.450000
335 1000.000000 0.450000
336 1000.000000 0.450000
337 1000.000000 0.450000
338 50000.000000 0.450000
339 50000.000000 0.450000
340 1000.000000 0.450000
341 1000.000000 0.450000
342 50000.000000 0.450000
343 50000.000000 0.450000
344 1000.000000 0.450000
345 1000.000000 0.450000
346 50000.000000 0.450000
347 50000.000000 0.450000
348 1000.000000 0.450000
349 1000.000000 0.450000
350 50000.000000 0.450000
351 50000.000000 0.450000
352 50000.000000 0.450000
353 50000.000000 0.450000
354 1000.000000 0.450000
355 1000.000000 0.450000
356 50000.000000 0.450000
357 50000.000000 0.450000
358 1000.000000 0.450000
359 1000.000000 0.450000
360 50000.000000 0.450000
361 50000.000000 0.450000
362 1000.000000 0.450000
363 1000.000000 0.450000
364 50000.000000 0.450000
365 50000.000000 0.450000
366 1000.000000 0.450000
367 1000.000000 0.450000
368 1000.000000 0.450000
369 1000.000000 0.450000
370 50000.000000 0.450000
371 50000.000000 0.450000
372 1000.000000 0.450000
373 1000.000000 0.450000
374 50000.000000 0.450000
375 50000.000000 0.450000
376 1000.000000 0.450000
377 1000.000000 0.450000
378 50000.000000 0.450000
379 50000.000000 0.450000
380 1000.000000 0.450000
381 1000.000000 0.450000
382 50000.000000 0.450000
383 50000.000000 0.450000
384 50000.000000 0.450000
385 50000.000000 0.450000
386 1000.000000 0.450000
387 1000.000000 0.450000
388 50000.000000 0.450000
389 50000.000000 0.450000
390 1000.000000 0.450000
391 1000.000000 0.450000
392 50000.000000 0.450000
393 50000.000000 0.450000
394 1000.000000 0.450000
395 1000.000000 0.450000
396 50000.000000 0.450000
397 50000.000000 0.450000
398 1000.000000 0.450000
399 1000.000000 0.450000
400 1000.000000 0.450000
401 1000.000000 0.450000
402 50000.000000 0.450000
403 50000.000000 0.450000
404 1000.000000 0.450000
405 1000.000000 0.450000
406 50000.000000 0.450000
407 50000.000000 0.450000
408 1000.000000 0.450000
409 1000.000000 0.450000
410 50000.000000 0.450000
411 50000.000000 0.450000
412 1000.000000 0.450000
413 1000.000000 0.450000
414 50000.000000 0.450000
415 50000.000000 0.450000
416 50000.000000 0.450000
417 50000.000000 0.450000
418 1000.000000 0.450000
419 1000.000000 0.450000
420 50000.000000 0.450000
421 50000.000000 0.450000
422 1000.000000 0.450000
423 1000.000000 0.450000
424 50000.000000 0.450000
425 50000.000000 0.450000
426 1000.000000 0.450000
427 1000.000000 0.450000
428 50000.000000 0.450000
429 50000.000000 0.450000
430 1000.000000 0.450000
431 1000.000000 0.450000
432 1000.000000 0.450000
433 1000.000000 0.450000
434 50000.000000 0.450000
435 50000.000000 0.450000
436 1000.000000 0.450000
437 1000.000000 0.450000
438 50000.000000 0.450000
439 50000.000000 0.450000
440 1000.000000 0.450000
441 1000.000000 0.450000
442 50000.000000 0.450000
443 50000.000000 0.450000
444 1000.000000 0.450000
445 1000.000000 0.450000
446 50000.000000 0.450000
447 50000.000000 0.450000
448 50000.000000 0.450000
449 50000.000000 0.450000
450 1000.000000 0.450000
451 1000.000000 0.450000
452 50000.000000 0.450000
453 50000.000000 0.450000
454 1000.000000 0.450000
455 1000.000000 0.450000
456 50000.000000 0.450000
457 50000.000000 0.450000
458 1000.000000 0.450000
459 1000.000000 0.450000
460 50000.000000 0.450000
461 50000.000000 0.450000
462 1000.000000 0.450000
463 1000.000000 0.450000
464 1000.000000 0.450000
465 1000.000000 0.450000
466 50000.000000 0.450000
467 50000.000000 0.450000
468 1000.000000 0.450000
469 1000.000000 0.450000
470 50000.000000 0.450000
471 50000.000000 0.450000
472 1000.000000 0.450000
473 1000.000000 0.450000
474 50000.000000 0.450000
475 50000.000000 0.450000
476 1000.000000 0.450000
477 1000.000000 0.450000
478 50000.000000 0.450000
479 50000.000000 0.450000
480 50000.000000 0.450000
481 50000.000000 0.450000
482 1000.000000 0.450000
483 1000.000000 0.450000
484 50000.000000 0.450000
485 50000.000000 0.450000
486 1000.000000 0.450000
487 1000.000000 0.450000
488 50000.000000 0.450000
489 50000.000000 0.450000
490 1000.000000 0.450000
491 1000.000000 0.450000
492 50000.000000 0.450000
493 50000.000000 0.450000
494 1000.000000 0.450000
495 1000.000000 0.450000
496 1000.000000 0.450000
497 1000.000000 0.450000
498 50000.000000 0.450000
499 50000.000000 0.450000
500 1000.000000 0.450000
501 1000.000000 0.450000
502 50000.000000 0.450000
503 50000.000000 0.450000
504 1000.000000 0.450000
505 1000.000000 0.450000
506 50000.000000 0.450000
507 50000.000000 0.450000
508 1000.000000 0.450000
509 1000.000000 0.450000
510 50000.000000 0.450000
511 50000.000000 0.450000
