0 50000.000000 0.450000
1 50000.000000 0.450000
2 50000.000000 0.450000
3 50000.000000 0.450000
4 1000.000000 0.450000
5 1000.000000 0.450000
6 1000.000000 0.450000
7 1000.000000 0.450000
8 50000.000000 0.450000
9 50000.000000 0.450000
10 50000.000000 0.450000
11 50000.000000 0.450000
12 1000.000000 0.450000
13 1000.000000 0.450000
14 1000.000000 0.450000
15 1000.000000 0.450000
16 50000.000000 0.450000
17 50000.000000 0.450000
18 50000.000000 0.450000
19 50000.000000 0.450000
20 1000.000000 0.450000
21 1000.000000 0.450000
22 1000.000000 0.450000
23 1000.000000 0.450000
24 50000.000000 0.450000
25 50000.000000 0.450000
26 50000.000000 0.450000
27 50000.000000 0.450000
28 1000.000000 0.450000
29 1000.000000 0.450000
30 1000.000000 0.450000
31 1000.000000 0.450000
32 1000.000000 0.450000
33 1000.000000 0.450000
34 1000.000000 0.450000
35 1000.000000 0.450000
36 50000.000000 0.450000
37 50000.000000 0.450000
38 50000.000000 0.450000
39 50000.000000 0.450000
40 1000.000000 0.450000
41 1000.000000 0.450000
42 1000.000000 0.450000
43 1000.000000 0.450000
44 50000.000000 0.450000
45 50000.000000 0.450000
46 50000.000000 0.450000
47 50000.000000 0.450000
48 1000.000000 0.450000
49 1000.000000 0.450000
50 1000.000000 0.450000
51 1000.000000 0.450000
52 50000.000000 0.450000
53 50000.000000 0.450000
54 50000.000000 0.450000
55 50000.000000 0.450000
56 1000.000000 0.450000
57 1000.000000 0.450000
58 1000.000000 0.450000
59 1000.000000 0.450000
60 50000.000000 0.450000
61 50000.000000 0.450000
62 50000.000000 0.450000
63 50000.000000 0.450000
64 50000.000000 0.450000
65 50000.000000 0.450000
66 50000.000000 0.450000
67 50000.000000 0.450000
68 1000.000000 0.450000
69 1000.000000 0.450000
70 1000.000000 0.450000
71 1000.000000 0.450000
72 50000.000000 0.450000
73 50000.000000 0.450000
74 50000.000000 0.450000
75 50000.000000 0.450000
76 1000.000000 0.450000
77 1000.000000 0.450000
78 1000.000000 0.450000
79 1000.000000 0.450000
80 50000.000000 0.450000
81 50000.000000 0.450000
82 50000.000000 0.450000
83 50000.000000 0.450000
84 1000.000000 0.450000
85 1000.000000 0.450000
86 1000.000000 0.450000
87 1000.000000 0.450000
88 50000.000000 0.450000
89 50000.000000 0.450000
90 50000.000000 0.450000
91 50000.000000 0.450000
92 1000.000000 0.450000
93 1000.000000 0.450000
94 1000.000000 0.450000
95 1000.000000 0.450000
96 1000.000000 0.450000
97 1000.000000 0.450000
98 1000.000000 0.450000
99 1000.000000 0.450000
100 50000.000000 0.450000
101 50000.000000 0.450000
102 50000.000000 0.450000
103 50000.000000 0.450000
104 1000.000000 0.450000
105 1000.000000 0.450000
106 1000.000000 0.450000
107 1000.000000 0.450000
108 50000.000000 0.450000
109 50000.000000 0.450000
110 50000.000000 0.450000
111 50000.000000 0.450000
112 1000.000000 0.450000
113 1000.000000 0.450000
114 1000.000000 0.450000
115 1000.000000 0.450000
116 50000.000000 0.450000
117 50000.000000 0.450000
118 50000.000000 0.450000
119 50000.000000 0.450000
120 1000.000000 0.450000
121 1000.000000 0.450000
122 1000.000000 0.450000
123 1000.000000 0.450000
124 50000.000000 0.450000
125 50000.000000 0.450000
126 50000.000000 0.450000
127 50000.000000 0.450000
128 50000.000000 0.450000
129 50000.000000 0.450000
130 50000.000000 0.450000
131 50000.000000 0.450000
132 1000.000000 0.450000
133 1000.000000 0.450000
134 1000.000000 0.450000
135 1000.000000 0.450000
136 50000.000000 0.450000
137 50000.000000 0.450000
138 50000.000000 0.450000
139 50000.000000 0.450000
140 1000.000000 0.450000
141 1000.000000 0.450000
142 1000.000000 0.450000
143 1000.000000 0.450000
144 50000.000000 0.450000
145 50000.000000 0.450000
146 50000.000000 0.450000
147 50000.000000 0.450000
148 1000.000000 0.450000
149 1000.000000 0.450000
150 1000.000000 0.450000
151 1000.000000 0.450000
152 50000.000000 0.450000
153 50000.000000 0.450000
154 50000.000000 0.450000
155 50000.000000 0.450000
156 1000.000000 0.450000
157 1000.000000 0.450000
158 1000.000000 0.450000
159 1000.000000 0.450000
160 1000.000000 0.450000
161 1000.000000 0.450000
162 1000.000000 0.450000
163 1000.000000 0.450000
164 50000.000000 0.450000
165 50000.000000 0.450000
166 50000.000000 0.450000
167 50000.000000 0.450000
168 1000.000000 0.450000
169 1000.000000 0.450000
170 1000.000000 0.450000
171 1000.000000 0.450000
172 50000.000000 0.450000
173 50000.000000 0.450000
174 50000.000000 0.450000
175 50000.000000 0.450000
176 1000.000000 0.450000
177 1000.000000 0.450000
178 1000.000000 0.450000
179 1000.000000 0.450000
180 50000.000000 0.450000
181 50000.000000 0.450000
182 50000.000000 0.450000
183 50000.000000 0.450000
184 1000.000000 0.450000
185 1000.000000 0.450000
186 1000.000000 0.450000
187 1000.000000 0.450000
188 50000.000000 0.450000
189 50000.000000 0.450000
190 50000.000000 0.450000
191 50000.000000 0.450000
192 50000.000000 0.450000
193 50000.000000 0.450000
194 50000.000000 0.450000
195 50000.000000 0.450000
196 1000.000000 0.450000
197 1000.000000 0.450000
198 1000.000000 0.450000
199 1000.000000 0.450000
200 50000.000000 0.450000
201 50000.000000 0.450000
202 50000.000000 0.450000
203 50000.000000 0.450000
204 1000.000000 0.450000
205 1000.000000 0.450000
206 1000.000000 0.450000
207 1000.000000 0.450000
208 50000.000000 0.450000
209 50000.000000 0.450000
210 50000.000000 0.450000
211 50000.000000 0.450000
212 1000.000000 0.450000
213 1000.000000 0.450000
214 1000.000000 0.450000
215 1000.000000 0.450000
216 50000.000000 0.450000
217 50000.000000 0.450000
218 50000.000000 0.450000
219 50000.000000 0.450000
220 1000.000000 0.450000
221 1000.000000 0.450000
222 1000.000000 0.450000
223 1000.000000 0.450000
224 1000.000000 0.450000
225 1000.000000 0.450000
226 1000.000000 0.450000
227 1000.000000 0.450000
228 50000.000000 0.450000
229 50000.000000 0.450000
230 50000.000000 0.450000
231 50000.000000 0.450000
232 1000.000000 0.450000
233 1000.000000 0.450000
234 1000.000000 0.450000
235 1000.000000 0.450000
236 50000.000000 0.450000
237 50000.000000 0.450000
238 50000.000000 0.450000
239 50000.000000 0.450000
240 1000.000000 0.450000
241 1000.000000 0.450000
242 1000.000000 0.450000
243 1000.000000 0.450000
244 50000.000000 0.450000
245 50000.000000 0.450000
246 50000.000000 0.450000
247 50000.000000 0.450000
248 1000.000000 0.450000
249 1000.000000 0.450000
250 1000.000000 0.450000
251 1000.000000 0.450000
252 50000.000000 0.450000
253 50000.000000 0.450000
254 50000.000000 0.450000
255 50000.000000 0.450000
256 50000.000000 0.450000
257 50000.000000 0.450000
258 50000.000000 0.450000
259 50000.000000 0.450000
260 1000.000000 0.450000
261 1000.000000 0.450000
262 1000.000000 0.450000
263 1000.000000 0.450000
264 50000.000000 0.450000
265 50000.000000 0.450000
266 50000.000000 0.450000
267 50000.000000 0.450000
268 1000.000000 0.450000
269 1000.000000 0.450000
270 1000.000000 0.450000
271 1000.000000 0.450000
272 50000.000000 0.450000
273 50000.000000 0.450000
274 50000.000000 0.450000
275 50000.000000 0.450000
276 1000.000000 0.450000
277 1000.000000 0.450000
278 1000.000000 0.450000
279 1000.000000 0.450000
280 50000.000000 0.450000
281 50000.000000 0.450000
282 50000.000000 0.450000
283 50000.000000 0.450000
284 1000.000000 0.450000
285 1000.000000 0.450000
286 1000.000000 0.450000
287 1000.000000 0.450000
288 1000.000000 0.450000
289 1000.000000 0.450000
290 1000.000000 0.450000
291 1000.000000 0.450000
292 50000.000000 0.450000
293 50000.000000 0.450000
294 50000.000000 0.450000
295 50000.000000 0.450000
296 1000.000000 0.450000
297 1000.000000 0.450000
298 1000.000000 0.450000
299 1000.000000 0.450000
300 50000.000000 0.450000
301 50000.000000 0.450000
302 50000.000000 0.450000
303 50000.000000 0.450000
304 1000.000000 0.450000
305 1000.000000 0.450000
306 1000.000000 0.450000
307 1000.000000 0.450000
308 50000.000000 0.450000
309 50000.000000 0.450000
310 50000.000000 0.450000
311 50000.000000 0.450000
312 1000.000000 0.450000
313 1000.000000 0.450000
314 1000.000000 0.450000
315 1000.000000 0.450000
316 50000.000000 0.450000
317 50000.000000 0.450000
318 50000.000000 0.450000
319 50000.000000 0.450000
320 50000.000000 0.450000
321 50000.000000 0.450000
322 50000.000000 0.450000
323 50000.000000 0.450000
324 1000.000000 0.450000
325 1000.000000 0.450000
326 1000.000000 0.450000
327 1000.000000 0.450000
328 50000.000000 0.450000
329 50000.000000 0.450000
330 50000.000000 0.450000
331 50000.000000 0.450000
332 1000.000000 0.450000
333 1000.000000 0.450000
334 1000.000000 0.450000
335 1000.000000 0.450000
336 50000.000000 0.450000
337 50000.000000 0.450000
338 50000.000000 0.450000
339 50000.000000 0.450000
340 1000.000000 0.450000
341 1000.000000 0.450000
342 1000.000000 0.450000
343 1000.000000 0.450000
344 50000.000000 0.450000
345 50000.000000 0.450000
346 50000.000000 0.450000
347 50000.000000 0.450000
348 1000.000000 0.450000
349 1000.000000 0.450000
350 1000.000000 0.450000
351 1000.000000 0.450000
352 1000.000000 0.450000
353 1000.000000 0.450000
354 1000.000000 0.450000
355 1000.000000 0.450000
356 50000.000000 0.450000
357 50000.000000 0.450000
358 50000.000000 0.450000
359 50000.000000 0.450000
360 1000.000000 0.450000
361 1000.000000 0.450000
362 1000.000000 0.450000
363 1000.000000 0.450000
364 50000.000000 0.450000
365 50000.000000 0.450000
366 50000.000000 0.450000
367 50000.000000 0.450000
368 1000.000000 0.450000
369 1000.000000 0.450000
370 1000.000000 0.450000
371 1000.000000 0.450000
372 50000.000000 0.450000
373 50000.000000 0.450000
374 50000.000000 0.450000
375 50000.000000 0.450000
376 1000.000000 0.450000
377 1000.000000 0.450000
378 1000.000000 0.450000
379 1000.000000 0.450000
380 50000.000000 0.450000
381 50000.000000 0.450000
382 50000.000000 0.450000
383 50000.000000 0.450000
384 50000.000000 0.450000
385 50000.000000 0.450000
386 50000.000000 0.450000
387 50000.000000 0.450000
388 1000.000000 0.450000
389 1000.000000 0.450000
390 1000.000000 0.450000
391 1000.000000 0.450000
392 50000.000000 0.450000
393 50000.000000 0.450000
394 50000.000000 0.450000
395 50000.000000 0.450000
396 1000.000000 0.450000
397 1000.000000 0.450000
398 1000.000000 0.450000
399 1000.000000 0.450000
400 50000.000000 0.450000
401 50000.000000 0.450000
402 50000.000000 0.450000
403 50000.000000 0.450000
404 1000.000000 0.450000
405 1000.000000 0.450000
406 1000.000000 0.450000
407 1000.000000 0.450000
408 50000.000000 0.450000
409 50000.000000 0.450000
410 50000.000000 0.450000
411 50000.000000 0.450000
412 1000.000000 0.450000
413 1000.000000 0.450000
414 1000.000000 0.450000
415 1000.000000 0.450000
416 1000.000000 0.450000
417 1000.000000 0.450000
418 1000.000000 0.450000
419 1000.000000 0.450000
420 50000.000000 0.450000
421 50000.000000 0.450000
422 50000.000000 0.450000
423 50000.000000 0.450000
424 1000.000000 0.450000
425 1000.000000 0.450000
426 1000.000000 0.450000
427 1000.000000 0.450000
428 50000.000000 0.450000
429 50000.000000 0.450000
430 50000.000000 0.450000
431 50000.000000 0.450000
432 1000.000000 0.450000
433 1000.000000 0.450000
434 1000.000000 0.450000
435 1000.000000 0.450000
436 50000.000000 0.450000
437 50000.000000 0.450000
438 50000.000000 0.450000
439 50000.000000 0.450000
440 1000.000000 0.450000
441 1000.000000 0.450000
442 1000.000000 0.450000
443 1000.000000 0.450000
444 50000.000000 0.450000
445 50000.000000 0.450000
446 50000.000000 0.450000
447 50000.000000 0.450000
448 50000.000000 0.450000
449 50000.000000 0.450000
450 50000.000000 0.450000
451 50000.000000 0.450000
452 1000.000000 0.450000
453 1000.000000 0.450000
454 1000.000000 0.450000
455 1000.000000 0.450000
456 50000.000000 0.450000
457 50000.000000 0.450000
458 50000.000000 0.450000
459 50000.000000 0.450000
460 1000.000000 0.450000
461 1000.000000 0.450000
462 1000.000000 0.450000
463 1000.000000 0.450000
464 50000.000000 0.450000
465 50000.000000 0.450000
466 50000.000000 0.450000
467 50000.000000 0.450000
468 1000.000000 0.450000
469 1000.000000 0.450000
470 1000.000000 0.450000
471 1000.000000 0.450000
472 50000.000000 0.450000
473 50000.000000 0.450000
474 50000.000000 0.450000
475 50000.000000 0.450000
476 1000.000000 0.450000
477 1000.000000 0.450000
478 1000.000000 0.450000
479 1000.000000 0.450000
480 1000.000000 0.450000
481 1000.000000 0.450000
482 1000.000000 0.450000
483 1000.000000 0.450000
484 50000.000000 0.450000
485 50000.000000 0.450000
486 50000.000000 0.450000
487 50000.000000 0.450000
488 1000.000000 0.450000
489 1000.000000 0.450000
490 1000.000000 0.450000
491 1000.000000 0.450000
492 50000.000000 0.450000
493 50000.000000 0.450000
494 50000.000000 0.450000
495 50000.000000 0.450000
496 1000.000000 0.450000
497 1000.000000 0.450000
498 1000.000000 0.450000
499 1000.000000 0.450000
500 50000.000000 0.450000
501 50000.000000 0.450000
502 50000.000000 0.450000
503 50000.000000 0.450000
504 1000.000000 0.450000
505 1000.000000 0.450000
506 1000.000000 0.450000
507 1000.000000 0.450000
508 50000.000000 0.450000
509 50000.000000 0.450000
510 50000.000000 0.450000
511 50000.000000 0.450000
