0 5000.000000 0.450000
1 5000.000000 0.450000
2 5000.000000 0.450000
3 5000.000000 0.450000
4 5000.000000 0.450000
5 5000.000000 0.450000
6 5000.000000 0.450000
7 5000.000000 0.450000
8 5000.000000 0.450000
9 5000.000000 0.450000
10 5000.000000 0.450000
11 5000.000000 0.450000
12 5000.000000 0.450000
13 5000.000000 0.450000
14 5000.000000 0.450000
15 5000.000000 0.450000
16 5000.000000 0.450000
17 5000.000000 0.450000
18 5000.000000 0.450000
19 5000.000000 0.450000
20 5000.000000 0.450000
21 5000.000000 0.450000
22 5000.000000 0.450000
23 5000.000000 0.450000
24 5000.000000 0.450000
25 5000.000000 0.450000
26 5000.000000 0.450000
27 5000.000000 0.450000
28 5000.000000 0.450000
29 5000.000000 0.450000
30 5000.000000 0.450000
31 5000.000000 0.450000
32 5000.000000 0.450000
33 5000.000000 0.450000
34 5000.000000 0.450000
35 5000.000000 0.450000
36 5000.000000 0.450000
37 5000.000000 0.450000
38 5000.000000 0.450000
39 5000.000000 0.450000
40 5000.000000 0.450000
41 5000.000000 0.450000
42 5000.000000 0.450000
43 5000.000000 0.450000
44 5000.000000 0.450000
45 5000.000000 0.450000
46 5000.000000 0.450000
47 5000.000000 0.450000
48 5000.000000 0.450000
49 5000.000000 0.450000
50 5000.000000 0.450000
51 5000.000000 0.450000
52 5000.000000 0.450000
53 5000.000000 0.450000
54 5000.000000 0.450000
55 5000.000000 0.450000
56 5000.000000 0.450000
57 5000.000000 0.450000
58 5000.000000 0.450000
59 5000.000000 0.450000
60 5000.000000 0.450000
61 5000.000000 0.450000
62 5000.000000 0.450000
63 5000.000000 0.450000
64 5000.000000 0.450000
65 5000.000000 0.450000
66 5000.000000 0.450000
67 5000.000000 0.450000
68 5000.000000 0.450000
69 5000.000000 0.450000
70 5000.000000 0.450000
71 5000.000000 0.450000
72 5000.000000 0.450000
73 5000.000000 0.450000
74 5000.000000 0.450000
75 5000.000000 0.450000
76 5000.000000 0.450000
77 5000.000000 0.450000
78 5000.000000 0.450000
79 5000.000000 0.450000
80 5000.000000 0.450000
81 5000.000000 0.450000
82 5000.000000 0.450000
83 5000.000000 0.450000
84 5000.000000 0.450000
85 5000.000000 0.450000
86 5000.000000 0.450000
87 5000.000000 0.450000
88 5000.000000 0.450000
89 5000.000000 0.450000
90 5000.000000 0.450000
91 5000.000000 0.450000
92 5000.000000 0.450000
93 5000.000000 0.450000
94 5000.000000 0.450000
95 5000.000000 0.450000
96 5000.000000 0.450000
97 5000.000000 0.450000
98 5000.000000 0.450000
99 5000.000000 0.450000
100 5000.000000 0.450000
101 5000.000000 0.450000
102 5000.000000 0.450000
103 5000.000000 0.450000
104 5000.000000 0.450000
105 5000.000000 0.450000
106 5000.000000 0.450000
107 5000.000000 0.450000
108 5000.000000 0.450000
109 5000.000000 0.450000
110 5000.000000 0.450000
111 5000.000000 0.450000
112 5000.000000 0.450000
113 5000.000000 0.450000
114 5000.000000 0.450000
115 5000.000000 0.450000
116 5000.000000 0.450000
117 5000.000000 0.450000
118 5000.000000 0.450000
119 5000.000000 0.450000
120 5000.000000 0.450000
121 5000.000000 0.450000
122 5000.000000 0.450000
123 5000.000000 0.450000
124 5000.000000 0.450000
125 5000.000000 0.450000
126 5000.000000 0.450000
127 5000.000000 0.450000
128 5000.000000 0.450000
129 5000.000000 0.450000
130 5000.000000 0.450000
131 5000.000000 0.450000
132 5000.000000 0.450000
133 5000.000000 0.450000
134 5000.000000 0.450000
135 5000.000000 0.450000
136 5000.000000 0.450000
137 5000.000000 0.450000
138 5000.000000 0.450000
139 5000.000000 0.450000
140 5000.000000 0.450000
141 5000.000000 0.450000
142 5000.000000 0.450000
143 5000.000000 0.450000
144 5000.000000 0.450000
145 5000.000000 0.450000
146 5000.000000 0.450000
147 5000.000000 0.450000
148 5000.000000 0.450000
149 5000.000000 0.450000
150 5000.000000 0.450000
151 5000.000000 0.450000
152 5000.000000 0.450000
153 5000.000000 0.450000
154 5000.000000 0.450000
155 5000.000000 0.450000
156 5000.000000 0.450000
157 5000.000000 0.450000
158 5000.000000 0.450000
159 5000.000000 0.450000
160 5000.000000 0.450000
161 5000.000000 0.450000
162 5000.000000 0.450000
163 5000.000000 0.450000
164 5000.000000 0.450000
165 5000.000000 0.450000
166 5000.000000 0.450000
167 5000.000000 0.450000
168 5000.000000 0.450000
169 5000.000000 0.450000
170 5000.000000 0.450000
171 5000.000000 0.450000
172 5000.000000 0.450000
173 5000.000000 0.450000
174 5000.000000 0.450000
175 5000.000000 0.450000
176 5000.000000 0.450000
177 5000.000000 0.450000
178 5000.000000 0.450000
179 5000.000000 0.450000
180 5000.000000 0.450000
181 5000.000000 0.450000
182 5000.000000 0.450000
183 5000.000000 0.450000
184 5000.000000 0.450000
185 5000.000000 0.450000
186 5000.000000 0.450000
187 5000.000000 0.450000
188 5000.000000 0.450000
189 5000.000000 0.450000
190 5000.000000 0.450000
191 5000.000000 0.450000
192 5000.000000 0.450000
193 5000.000000 0.450000
194 5000.000000 0.450000
195 5000.000000 0.450000
196 5000.000000 0.450000
197 5000.000000 0.450000
198 5000.000000 0.450000
199 5000.000000 0.450000
200 5000.000000 0.450000
201 5000.000000 0.450000
202 5000.000000 0.450000
203 5000.000000 0.450000
204 5000.000000 0.450000
205 5000.000000 0.450000
206 5000.000000 0.450000
207 5000.000000 0.450000
208 5000.000000 0.450000
209 5000.000000 0.450000
210 5000.000000 0.450000
211 5000.000000 0.450000
212 5000.000000 0.450000
213 5000.000000 0.450000
214 5000.000000 0.450000
215 5000.000000 0.450000
216 5000.000000 0.450000
217 5000.000000 0.450000
218 5000.000000 0.450000
219 5000.000000 0.450000
220 5000.000000 0.450000
221 5000.000000 0.450000
222 5000.000000 0.450000
223 5000.000000 0.450000
224 5000.000000 0.450000
225 5000.000000 0.450000
226 5000.000000 0.450000
227 5000.000000 0.450000
228 5000.000000 0.450000
229 5000.000000 0.450000
230 5000.000000 0.450000
231 5000.000000 0.450000
232 5000.000000 0.450000
233 5000.000000 0.450000
234 5000.000000 0.450000
235 5000.000000 0.450000
236 5000.000000 0.450000
237 5000.000000 0.450000
238 5000.000000 0.450000
239 5000.000000 0.450000
240 5000.000000 0.450000
241 5000.000000 0.450000
242 5000.000000 0.450000
243 5000.000000 0.450000
244 5000.000000 0.450000
245 5000.000000 0.450000
246 5000.000000 0.450000
247 5000.000000 0.450000
248 5000.000000 0.450000
249 5000.000000 0.450000
250 5000.000000 0.450000
251 5000.000000 0.450000
252 5000.000000 0.450000
253 5000.000000 0.450000
254 5000.000000 0.450000
255 5000.000000 0.450000
256 5000.000000 0.450000
257 5000.000000 0.450000
258 5000.000000 0.450000
259 5000.000000 0.450000
260 5000.000000 0.450000
261 5000.000000 0.450000
262 5000.000000 0.450000
263 5000.000000 0.450000
264 5000.000000 0.450000
265 5000.000000 0.450000
266 5000.000000 0.450000
267 5000.000000 0.450000
268 5000.000000 0.450000
269 5000.000000 0.450000
270 5000.000000 0.450000
271 5000.000000 0.450000
272 5000.000000 0.450000
273 5000.000000 0.450000
274 5000.000000 0.450000
275 5000.000000 0.450000
276 5000.000000 0.450000
277 5000.000000 0.450000
278 5000.000000 0.450000
279 5000.000000 0.450000
280 5000.000000 0.450000
281 5000.000000 0.450000
282 5000.000000 0.450000
283 5000.000000 0.450000
284 5000.000000 0.450000
285 5000.000000 0.450000
286 5000.000000 0.450000
287 5000.000000 0.450000
288 5000.000000 0.450000
289 5000.000000 0.450000
290 5000.000000 0.450000
291 5000.000000 0.450000
292 5000.000000 0.450000
293 5000.000000 0.450000
294 5000.000000 0.450000
295 5000.000000 0.450000
296 5000.000000 0.450000
297 5000.000000 0.450000
298 5000.000000 0.450000
299 5000.000000 0.450000
300 5000.000000 0.450000
301 5000.000000 0.450000
302 5000.000000 0.450000
303 5000.000000 0.450000
304 5000.000000 0.450000
305 5000.000000 0.450000
306 5000.000000 0.450000
307 5000.000000 0.450000
308 5000.000000 0.450000
309 5000.000000 0.450000
310 5000.000000 0.450000
311 5000.000000 0.450000
312 5000.000000 0.450000
313 5000.000000 0.450000
314 5000.000000 0.450000
315 5000.000000 0.450000
316 5000.000000 0.450000
317 5000.000000 0.450000
318 5000.000000 0.450000
319 5000.000000 0.450000
320 5000.000000 0.450000
321 5000.000000 0.450000
322 5000.000000 0.450000
323 5000.000000 0.450000
324 5000.000000 0.450000
325 5000.000000 0.450000
326 5000.000000 0.450000
327 5000.000000 0.450000
328 5000.000000 0.450000
329 5000.000000 0.450000
330 5000.000000 0.450000
331 5000.000000 0.450000
332 5000.000000 0.450000
333 5000.000000 0.450000
334 5000.000000 0.450000
335 5000.000000 0.450000
336 5000.000000 0.450000
337 5000.000000 0.450000
338 5000.000000 0.450000
339 5000.000000 0.450000
340 5000.000000 0.450000
341 5000.000000 0.450000
342 5000.000000 0.450000
343 5000.000000 0.450000
344 5000.000000 0.450000
345 5000.000000 0.450000
346 5000.000000 0.450000
347 5000.000000 0.450000
348 5000.000000 0.450000
349 5000.000000 0.450000
350 5000.000000 0.450000
351 5000.000000 0.450000
352 5000.000000 0.450000
353 5000.000000 0.450000
354 5000.000000 0.450000
355 5000.000000 0.450000
356 5000.000000 0.450000
357 5000.000000 0.450000
358 5000.000000 0.450000
359 5000.000000 0.450000
360 5000.000000 0.450000
361 5000.000000 0.450000
362 5000.000000 0.450000
363 5000.000000 0.450000
364 5000.000000 0.450000
365 5000.000000 0.450000
366 5000.000000 0.450000
367 5000.000000 0.450000
368 5000.000000 0.450000
369 5000.000000 0.450000
370 5000.000000 0.450000
371 5000.000000 0.450000
372 5000.000000 0.450000
373 5000.000000 0.450000
374 5000.000000 0.450000
375 5000.000000 0.450000
376 5000.000000 0.450000
377 5000.000000 0.450000
378 5000.000000 0.450000
379 5000.000000 0.450000
380 5000.000000 0.450000
381 5000.000000 0.450000
382 5000.000000 0.450000
383 5000.000000 0.450000
384 5000.000000 0.450000
385 5000.000000 0.450000
386 5000.000000 0.450000
387 5000.000000 0.450000
388 5000.000000 0.450000
389 5000.000000 0.450000
390 5000.000000 0.450000
391 5000.000000 0.450000
392 5000.000000 0.450000
393 5000.000000 0.450000
394 5000.000000 0.450000
395 5000.000000 0.450000
396 5000.000000 0.450000
397 5000.000000 0.450000
398 5000.000000 0.450000
399 5000.000000 0.450000
400 5000.000000 0.450000
401 5000.000000 0.450000
402 5000.000000 0.450000
403 5000.000000 0.450000
404 5000.000000 0.450000
405 5000.000000 0.450000
406 5000.000000 0.450000
407 5000.000000 0.450000
408 5000.000000 0.450000
409 5000.000000 0.450000
410 5000.000000 0.450000
411 5000.000000 0.450000
412 5000.000000 0.450000
413 5000.000000 0.450000
414 5000.000000 0.450000
415 5000.000000 0.450000
416 5000.000000 0.450000
417 5000.000000 0.450000
418 5000.000000 0.450000
419 5000.000000 0.450000
420 5000.000000 0.450000
421 5000.000000 0.450000
422 5000.000000 0.450000
423 5000.000000 0.450000
424 5000.000000 0.450000
425 5000.000000 0.450000
426 5000.000000 0.450000
427 5000.000000 0.450000
428 5000.000000 0.450000
429 5000.000000 0.450000
430 5000.000000 0.450000
431 5000.000000 0.450000
432 5000.000000 0.450000
433 5000.000000 0.450000
434 5000.000000 0.450000
435 5000.000000 0.450000
436 5000.000000 0.450000
437 5000.000000 0.450000
438 5000.000000 0.450000
439 5000.000000 0.450000
440 5000.000000 0.450000
441 5000.000000 0.450000
442 5000.000000 0.450000
443 5000.000000 0.450000
444 5000.000000 0.450000
445 5000.000000 0.450000
446 5000.000000 0.450000
447 5000.000000 0.450000
448 5000.000000 0.450000
449 5000.000000 0.450000
450 5000.000000 0.450000
451 5000.000000 0.450000
452 5000.000000 0.450000
453 5000.000000 0.450000
454 5000.000000 0.450000
455 5000.000000 0.450000
456 5000.000000 0.450000
457 5000.000000 0.450000
458 5000.000000 0.450000
459 5000.000000 0.450000
460 5000.000000 0.450000
461 5000.000000 0.450000
462 5000.000000 0.450000
463 5000.000000 0.450000
464 5000.000000 0.450000
465 5000.000000 0.450000
466 5000.000000 0.450000
467 5000.000000 0.450000
468 5000.000000 0.450000
469 5000.000000 0.450000
470 5000.000000 0.450000
471 5000.000000 0.450000
472 5000.000000 0.450000
473 5000.000000 0.450000
474 5000.000000 0.450000
475 5000.000000 0.450000
476 5000.000000 0.450000
477 5000.000000 0.450000
478 5000.000000 0.450000
479 5000.000000 0.450000
480 5000.000000 0.450000
481 5000.000000 0.450000
482 5000.000000 0.450000
483 5000.000000 0.450000
484 5000.000000 0.450000
485 5000.000000 0.450000
486 5000.000000 0.450000
487 5000.000000 0.450000
488 5000.000000 0.450000
489 5000.000000 0.450000
490 5000.000000 0.450000
491 5000.000000 0.450000
492 5000.000000 0.450000
493 5000.000000 0.450000
494 5000.000000 0.450000
495 5000.000000 0.450000
496 5000.000000 0.450000
497 5000.000000 0.450000
498 5000.000000 0.450000
499 5000.000000 0.450000
500 5000.000000 0.450000
501 5000.000000 0.450000
502 5000.000000 0.450000
503 5000.000000 0.450000
504 5000.000000 0.450000
505 5000.000000 0.450000
506 5000.000000 0.450000
507 5000.000000 0.450000
508 5000.000000 0.450000
509 5000.000000 0.450000
510 5000.000000 0.450000
511 5000.000000 0.450000
