0 50000.000000 0.450000
1 1000.000000 0.450000
2 50000.000000 0.450000
3 1000.000000 0.450000
4 50000.000000 0.450000
5 1000.000000 0.450000
6 50000.000000 0.450000
7 1000.000000 0.450000
8 50000.000000 0.450000
9 1000.000000 0.450000
10 50000.000000 0.450000
11 1000.000000 0.450000
12 50000.000000 0.450000
13 1000.000000 0.450000
14 50000.000000 0.450000
15 1000.000000 0.450000
16 50000.000000 0.450000
17 1000.000000 0.450000
18 50000.000000 0.450000
19 1000.000000 0.450000
20 50000.000000 0.450000
21 1000.000000 0.450000
22 50000.000000 0.450000
23 1000.000000 0.450000
24 50000.000000 0.450000
25 1000.000000 0.450000
26 50000.000000 0.450000
27 1000.000000 0.450000
28 50000.000000 0.450000
29 1000.000000 0.450000
30 50000.000000 0.450000
31 1000.000000 0.450000
32 50000.000000 0.450000
33 1000.000000 0.450000
34 50000.000000 0.450000
35 1000.000000 0.450000
36 50000.000000 0.450000
37 1000.000000 0.450000
38 50000.000000 0.450000
39 1000.000000 0.450000
40 50000.000000 0.450000
41 1000.000000 0.450000
42 50000.000000 0.450000
43 1000.000000 0.450000
44 50000.000000 0.450000
45 1000.000000 0.450000
46 50000.000000 0.450000
47 1000.000000 0.450000
48 50000.000000 0.450000
49 1000.000000 0.450000
50 50000.000000 0.450000
51 1000.000000 0.450000
52 50000.000000 0.450000
53 1000.000000 0.450000
54 50000.000000 0.450000
55 1000.000000 0.450000
56 50000.000000 0.450000
57 1000.000000 0.450000
58 50000.000000 0.450000
59 1000.000000 0.450000
60 50000.000000 0.450000
61 1000.000000 0.450000
62 50000.000000 0.450000
63 1000.000000 0.450000
64 50000.000000 0.450000
65 1000.000000 0.450000
66 50000.000000 0.450000
67 1000.000000 0.450000
68 50000.000000 0.450000
69 1000.000000 0.450000
70 50000.000000 0.450000
71 1000.000000 0.450000
72 50000.000000 0.450000
73 1000.000000 0.450000
74 50000.000000 0.450000
75 1000.000000 0.450000
76 50000.000000 0.450000
77 1000.000000 0.450000
78 50000.000000 0.450000
79 1000.000000 0.450000
80 50000.000000 0.450000
81 1000.000000 0.450000
82 50000.000000 0.450000
83 1000.000000 0.450000
84 50000.000000 0.450000
85 1000.000000 0.450000
86 50000.000000 0.450000
87 1000.000000 0.450000
88 50000.000000 0.450000
89 1000.000000 0.450000
90 50000.000000 0.450000
91 1000.000000 0.450000
92 50000.000000 0.450000
93 1000.000000 0.450000
94 50000.000000 0.450000
95 1000.000000 0.450000
96 50000.000000 0.450000
97 1000.000000 0.450000
98 50000.000000 0.450000
99 1000.000000 0.450000
100 50000.000000 0.450000
101 1000.000000 0.450000
102 50000.000000 0.450000
103 1000.000000 0.450000
104 50000.000000 0.450000
105 1000.000000 0.450000
106 50000.000000 0.450000
107 1000.000000 0.450000
108 50000.000000 0.450000
109 1000.000000 0.450000
110 50000.000000 0.450000
111 1000.000000 0.450000
112 50000.000000 0.450000
113 1000.000000 0.450000
114 50000.000000 0.450000
115 1000.000000 0.450000
116 50000.000000 0.450000
117 1000.000000 0.450000
118 50000.000000 0.450000
119 1000.000000 0.450000
120 50000.000000 0.450000
121 1000.000000 0.450000
122 50000.000000 0.450000
123 1000.000000 0.450000
124 50000.000000 0.450000
125 1000.000000 0.450000
126 50000.000000 0.450000
127 1000.000000 0.450000
128 50000.000000 0.450000
129 1000.000000 0.450000
130 50000.000000 0.450000
131 1000.000000 0.450000
132 50000.000000 0.450000
133 1000.000000 0.450000
134 50000.000000 0.450000
135 1000.000000 0.450000
136 50000.000000 0.450000
137 1000.000000 0.450000
138 50000.000000 0.450000
139 1000.000000 0.450000
140 50000.000000 0.450000
141 1000.000000 0.450000
142 50000.000000 0.450000
143 1000.000000 0.450000
144 50000.000000 0.450000
145 1000.000000 0.450000
146 50000.000000 0.450000
147 1000.000000 0.450000
148 50000.000000 0.450000
149 1000.000000 0.450000
150 50000.000000 0.450000
151 1000.000000 0.450000
152 50000.000000 0.450000
153 1000.000000 0.450000
154 50000.000000 0.450000
155 1000.000000 0.450000
156 50000.000000 0.450000
157 1000.000000 0.450000
158 50000.000000 0.450000
159 1000.000000 0.450000
160 50000.000000 0.450000
161 1000.000000 0.450000
162 50000.000000 0.450000
163 1000.000000 0.450000
164 50000.000000 0.450000
165 1000.000000 0.450000
166 50000.000000 0.450000
167 1000.000000 0.450000
168 50000.000000 0.450000
169 1000.000000 0.450000
170 50000.000000 0.450000
171 1000.000000 0.450000
172 50000.000000 0.450000
173 1000.000000 0.450000
174 50000.000000 0.450000
175 1000.000000 0.450000
176 50000.000000 0.450000
177 1000.000000 0.450000
178 50000.000000 0.450000
179 1000.000000 0.450000
180 50000.000000 0.450000
181 1000.000000 0.450000
182 50000.000000 0.450000
183 1000.000000 0.450000
184 50000.000000 0.450000
185 1000.000000 0.450000
186 50000.000000 0.450000
187 1000.000000 0.450000
188 50000.000000 0.450000
189 1000.000000 0.450000
190 50000.000000 0.450000
191 1000.000000 0.450000
192 50000.000000 0.450000
193 1000.000000 0.450000
194 50000.000000 0.450000
195 1000.000000 0.450000
196 50000.000000 0.450000
197 1000.000000 0.450000
198 50000.000000 0.450000
199 1000.000000 0.450000
200 50000.000000 0.450000
201 1000.000000 0.450000
202 50000.000000 0.450000
203 1000.000000 0.450000
204 50000.000000 0.450000
205 1000.000000 0.450000
206 50000.000000 0.450000
207 1000.000000 0.450000
208 50000.000000 0.450000
209 1000.000000 0.450000
210 50000.000000 0.450000
211 1000.000000 0.450000
212 50000.000000 0.450000
213 1000.000000 0.450000
214 50000.000000 0.450000
215 1000.000000 0.450000
216 50000.000000 0.450000
217 1000.000000 0.450000
218 50000.000000 0.450000
219 1000.000000 0.450000
220 50000.000000 0.450000
221 1000.000000 0.450000
222 50000.000000 0.450000
223 1000.000000 0.450000
224 50000.000000 0.450000
225 1000.000000 0.450000
226 50000.000000 0.450000
227 1000.000000 0.450000
228 50000.000000 0.450000
229 1000.000000 0.450000
230 50000.000000 0.450000
231 1000.000000 0.450000
232 50000.000000 0.450000
233 1000.000000 0.450000
234 50000.000000 0.450000
235 1000.000000 0.450000
236 50000.000000 0.450000
237 1000.000000 0.450000
238 50000.000000 0.450000
239 1000.000000 0.450000
240 50000.000000 0.450000
241 1000.000000 0.450000
242 50000.000000 0.450000
243 1000.000000 0.450000
244 50000.000000 0.450000
245 1000.000000 0.450000
246 50000.000000 0.450000
247 1000.000000 0.450000
248 50000.000000 0.450000
249 1000.000000 0.450000
250 50000.000000 0.450000
251 1000.000000 0.450000
252 50000.000000 0.450000
253 1000.000000 0.450000
254 50000.000000 0.450000
255 1000.000000 0.450000
256 50000.000000 0.450000
257 1000.000000 0.450000
258 50000.000000 0.450000
259 1000.000000 0.450000
260 50000.000000 0.450000
261 1000.000000 0.450000
262 50000.000000 0.450000
263 1000.000000 0.450000
264 50000.000000 0.450000
265 1000.000000 0.450000
266 50000.000000 0.450000
267 1000.000000 0.450000
268 50000.000000 0.450000
269 1000.000000 0.450000
270 50000.000000 0.450000
271 1000.000000 0.450000
272 50000.000000 0.450000
273 1000.000000 0.450000
274 50000.000000 0.450000
275 1000.000000 0.450000
276 50000.000000 0.450000
277 1000.000000 0.450000
278 50000.000000 0.450000
279 1000.000000 0.450000
280 50000.000000 0.450000
281 1000.000000 0.450000
282 50000.000000 0.450000
283 1000.000000 0.450000
284 50000.000000 0.450000
285 1000.000000 0.450000
286 50000.000000 0.450000
287 1000.000000 0.450000
288 50000.000000 0.450000
289 1000.000000 0.450000
290 50000.000000 0.450000
291 1000.000000 0.450000
292 50000.000000 0.450000
293 1000.000000 0.450000
294 50000.000000 0.450000
295 1000.000000 0.450000
296 50000.000000 0.450000
297 1000.000000 0.450000
298 50000.000000 0.450000
299 1000.000000 0.450000
300 50000.000000 0.450000
301 1000.000000 0.450000
302 50000.000000 0.450000
303 1000.000000 0.450000
304 50000.000000 0.450000
305 1000.000000 0.450000
306 50000.000000 0.450000
307 1000.000000 0.450000
308 50000.000000 0.450000
309 1000.000000 0.450000
310 50000.000000 0.450000
311 1000.000000 0.450000
312 50000.000000 0.450000
313 1000.000000 0.450000
314 50000.000000 0.450000
315 1000.000000 0.450000
316 50000.000000 0.450000
317 1000.000000 0.450000
318 50000.000000 0.450000
319 1000.000000 0.450000
320 50000.000000 0.450000
321 1000.000000 0.450000
322 50000.000000 0.450000
323 1000.000000 0.450000
324 50000.000000 0.450000
325 1000.000000 0.450000
326 50000.000000 0.450000
327 1000.000000 0.450000
328 50000.000000 0.450000
329 1000.000000 0.450000
330 50000.000000 0.450000
331 1000.000000 0.450000
332 50000.000000 0.450000
333 1000.000000 0.450000
334 50000.000000 0.450000
335 1000.000000 0.450000
336 50000.000000 0.450000
337 1000.000000 0.450000
338 50000.000000 0.450000
339 1000.000000 0.450000
340 50000.000000 0.450000
341 1000.000000 0.450000
342 50000.000000 0.450000
343 1000.000000 0.450000
344 50000.000000 0.450000
345 1000.000000 0.450000
346 50000.000000 0.450000
347 1000.000000 0.450000
348 50000.000000 0.450000
349 1000.000000 0.450000
350 50000.000000 0.450000
351 1000.000000 0.450000
352 50000.000000 0.450000
353 1000.000000 0.450000
354 50000.000000 0.450000
355 1000.000000 0.450000
356 50000.000000 0.450000
357 1000.000000 0.450000
358 50000.000000 0.450000
359 1000.000000 0.450000
360 50000.000000 0.450000
361 1000.000000 0.450000
362 50000.000000 0.450000
363 1000.000000 0.450000
364 50000.000000 0.450000
365 1000.000000 0.450000
366 50000.000000 0.450000
367 1000.000000 0.450000
368 50000.000000 0.450000
369 1000.000000 0.450000
370 50000.000000 0.450000
371 1000.000000 0.450000
372 50000.000000 0.450000
373 1000.000000 0.450000
374 50000.000000 0.450000
375 1000.000000 0.450000
376 50000.000000 0.450000
377 1000.000000 0.450000
378 50000.000000 0.450000
379 1000.000000 0.450000
380 50000.000000 0.450000
381 1000.000000 0.450000
382 50000.000000 0.450000
383 1000.000000 0.450000
384 50000.000000 0.450000
385 1000.000000 0.450000
386 50000.000000 0.450000
387 1000.000000 0.450000
388 50000.000000 0.450000
389 1000.000000 0.450000
390 50000.000000 0.450000
391 1000.000000 0.450000
392 50000.000000 0.450000
393 1000.000000 0.450000
394 50000.000000 0.450000
395 1000.000000 0.450000
396 50000.000000 0.450000
397 1000.000000 0.450000
398 50000.000000 0.450000
399 1000.000000 0.450000
400 50000.000000 0.450000
401 1000.000000 0.450000
402 50000.000000 0.450000
403 1000.000000 0.450000
404 50000.000000 0.450000
405 1000.000000 0.450000
406 50000.000000 0.450000
407 1000.000000 0.450000
408 50000.000000 0.450000
409 1000.000000 0.450000
410 50000.000000 0.450000
411 1000.000000 0.450000
412 50000.000000 0.450000
413 1000.000000 0.450000
414 50000.000000 0.450000
415 1000.000000 0.450000
416 50000.000000 0.450000
417 1000.000000 0.450000
418 50000.000000 0.450000
419 1000.000000 0.450000
420 50000.000000 0.450000
421 1000.000000 0.450000
422 50000.000000 0.450000
423 1000.000000 0.450000
424 50000.000000 0.450000
425 1000.000000 0.450000
426 50000.000000 0.450000
427 1000.000000 0.450000
428 50000.000000 0.450000
429 1000.000000 0.450000
430 50000.000000 0.450000
431 1000.000000 0.450000
432 50000.000000 0.450000
433 1000.000000 0.450000
434 50000.000000 0.450000
435 1000.000000 0.450000
436 50000.000000 0.450000
437 1000.000000 0.450000
438 50000.000000 0.450000
439 1000.000000 0.450000
440 50000.000000 0.450000
441 1000.000000 0.450000
442 50000.000000 0.450000
443 1000.000000 0.450000
444 50000.000000 0.450000
445 1000.000000 0.450000
446 50000.000000 0.450000
447 1000.000000 0.450000
448 50000.000000 0.450000
449 1000.000000 0.450000
450 50000.000000 0.450000
451 1000.000000 0.450000
452 50000.000000 0.450000
453 1000.000000 0.450000
454 50000.000000 0.450000
455 1000.000000 0.450000
456 50000.000000 0.450000
457 1000.000000 0.450000
458 50000.000000 0.450000
459 1000.000000 0.450000
460 50000.000000 0.450000
461 1000.000000 0.450000
462 50000.000000 0.450000
463 1000.000000 0.450000
464 50000.000000 0.450000
465 1000.000000 0.450000
466 50000.000000 0.450000
467 1000.000000 0.450000
468 50000.000000 0.450000
469 1000.000000 0.450000
470 50000.000000 0.450000
471 1000.000000 0.450000
472 50000.000000 0.450000
473 1000.000000 0.450000
474 50000.000000 0.450000
475 1000.000000 0.450000
476 50000.000000 0.450000
477 1000.000000 0.450000
478 50000.000000 0.450000
479 1000.000000 0.450000
480 50000.000000 0.450000
481 1000.000000 0.450000
482 50000.000000 0.450000
483 1000.000000 0.450000
484 50000.000000 0.450000
485 1000.000000 0.450000
486 50000.000000 0.450000
487 1000.000000 0.450000
488 50000.000000 0.450000
489 1000.000000 0.450000
490 50000.000000 0.450000
491 1000.000000 0.450000
492 50000.000000 0.450000
493 1000.000000 0.450000
494 50000.000000 0.450000
495 1000.000000 0.450000
496 50000.000000 0.450000
497 1000.000000 0.450000
498 50000.000000 0.450000
499 1000.000000 0.450000
500 50000.000000 0.450000
501 1000.000000 0.450000
502 50000.000000 0.450000
503 1000.000000 0.450000
504 50000.000000 0.450000
505 1000.000000 0.450000
506 50000.000000 0.450000
507 1000.000000 0.450000
508 50000.000000 0.450000
509 1000.000000 0.450000
510 50000.000000 0.450000
511 1000.000000 0.450000
