-185162
-572867
-22761.4
-11574.9
-3443.42
-100423
-102168
-2065.06
-210322
-49860.7
-4440.35
-1295.62
-3084.29
-113174
-57753.1
-19228.6
-7805.59
-52963.5
-27660
-6270.87
-56378.9
-13242.5
-13601.2
-20685.8
-18633.3
-54804.9
-90.6982
-18570.1
-5788.18
-40316.4
-20360.3
-1797.53
-4258.09
-8672.56
-36.8049
-132953
-9669.04
-3129.04
-7343.93
-26573.7
-45650.9
-14369.4
-3376.52
-1507.12
-12563
-19146.5
-697.569
-9873.79
-12251.9
-7614.63
-1492.85
-28.174
-21246.7
-1605.3
-4720.53
-61746.3
-2297.74
-146623
-63441.7
-4079.52
-8538.41
-48659.4
-51086.2
-31455.1
-2649.3
-10925.4
-10341.6
-5874.14
-1912.46
-18526.3
-4463.9
-4137.36
-538.369
-8344.01
-30865.9
-6731.95
-12364.2
-9579.69
-9439.96
-1387.67
-30245.6
-12117.5
-1591.02
-18574.4
-2533.55
-4459.07
-12912.8
-30174.9
-1334.43
-178.552
-41654.6
-4091.73
-6849.19
-14824.1
-13434.1
-3844.83
-7226.98
-1909.01
-6237.43
-22759.9
-45355.1
-1157.96
-46867.3
-29117.1
-31535.8
-8699.85
-6869.55
-14013.5
-20095
-24831.9
-3124.48
-17875.2
-684.201
-20306.3
-10954.3
-4758.94
-6614.52
-4582.14
-7325.4
-737.112
-9412.79
-39083.1
-29317.6
-22928.4
-7009.54
-6014.96
-3998.3
-3781.71
-3098.77
-114032
-17408
-5776.05
-43674.4
-27345.2
-12065.1
-12154.7
-28510.9
-3031.79
-15227.2
-22321.3
-29669.8
-5665.32
-13777.6
-9557.69
-26191.9
-17289.4
-20588.4
-45098.1
-18975
-19082.2
-40606
-45931
-4091.05
-6799.67
-29091.2
-42238.2
-40249.5
-17126.1
-2353.86
-2368.48
-18672
-48607.8
-40953.4
-34387.6
-18492.9
-12142.9
-4351.96
-27782.3
-15570.6
-22391.4
-1268.04
-4394.28
-2158.39
-36801.4
-3209.54
-53489
-3166.58
-8369.01
-10431
-5445.06
-5943.27
-13916
-13613.4
-50298.7
-36584.8
-9682.18
-35460.9
-11252.1
-95287.3
-35767.1
-30011.7
-25197.4
-54012.2
-13027.7
-3678.45
-24108.5
-18000.7
-156050
-39320.1
-7122.1
-26546.3
-35419.9
-47872.1
-10576.3
-3631.4
-19803.5
-298.132
-11103.4
-19135.5
-94875.5
-21648
-12109
-14429.1
-5588.85
-24264
-9227.89
-33276.8
-991.887
-227.644
-90613.8
-11497
-9679.68
-73587.7
-13575.3
-28771.2
-78557.8
-97761.4
-4819.72
-2304.18
-76821.6
-1965.46
-16665.5
-71639.2
-17505.9
-8547.1
-11750.8
-37283.9
-40954.6
-12659.9
-36112.1
-36875.4
-17568.2
-438.773
-41804.4
-24097.8
-8205.6
-41758.6
-25009.7
-10235.7
-119121
-8153.67
-6998.87
-6722.41
-2108.23
-37181.3
-3037.01
-30897.5
-28632.1
-82771.5
-30061
-1914.48
-11787.3
-11488.5
-9064.97
-14973.4
-1193.08
-5194.64
-5775.89
-17716.2
-19214.2
-30160.4
-21291.8
-51775.6
-12652.5
-4089.65
-26017.9
-36785.8
-17313.1
-323853
-245079
-52886.4
-11420.9
-42912.1
-27875.2
-42455.2
-640116
-278294
-1085.21
-1219.08
-103.236
-285.377
-14.16
-400.253
-13288.8
-415.799
-19.8509
-2090.34
-1927.89
-1308.92
-1923.45
-4022.49
-605.233
-311.654
-1617.02
-7999.56
-1634.93
-200.106
-524.565
-6185.47
-23940.7
-1989.83
-546.939
-2922.37
-11062.3
-466.974
-390.184
-4195.02
-8002.51
-873.157
-12170.8
-13232.8
-850.339
-35.9226
-1417.32
-1151.5
-21185.6
-41953.9
-1674.4
-10711
-36313.1
-10749.3
-26760.3
-1621.23
-1278.49
-3302.07
-4914.12
-1634.5
-2300.85
-1933.46
-2191.39
-10537.4
-13584.3
-23646.9
-11608.9
-2118.86
-623.384
-4842.76
-9689.08
-15214.9
-1608.89
-2168.52
-59655.3
-17146.3
-4715.53
-16047.4
-2074.41
-3340.91
-2632.43
-2608.7
-621.139
-18346.2
