354391
1.16605e+06
205953
420049
6.75887e+06
3.6256e+06
3.55311e+06
254532
6.34412e+06
1.63096e+06
631516
71207.2
7.01848e+06
211978
172954
1.57519e+06
210185
2.22801e+06
989839
1.6275e+06
4.32355e+06
238435
503046
3.40698e+06
348378
111209
199523
3.76371e+06
4.5657e+06
2.30946e+06
1.39027e+06
649816
902914
3.11258e+06
527718
1.36574e+07
4.21665e+06
2.48663e+06
1.01363e+06
1.64852e+06
2.65753e+06
3.57716e+06
277277
718565
3.96587e+06
3.79244e+06
368858
1.68631e+06
7.61916e+06
6.23876e+06
1.33831e+06
928624
1.63597e+06
2.64652e+06
1.77149e+06
5.19669e+06
2.11338e+06
175264
1.10182e+06
767999
1.67203e+06
1.57175e+06
2.26523e+06
7.63127e+06
3.59652e+06
878128
3.8384e+06
269019
2.83997e+06
5.76417e+06
961872
629890
805947
2.06876e+06
5.18284e+06
1.47328e+06
497976
1.48424e+07
4.48637e+06
2.35203e+06
4.97405e+06
2.1556e+06
1.28595e+06
1.45584e+07
4.49972e+06
7.27756e+06
1.38333e+06
3.06074e+06
320607
1.40399e+07
2.56605e+06
1.83059e+06
180979
1.01382e+07
1.99541e+07
1.38537e+07
578962
2.5957e+06
1.3053e+06
525537
410569
124305
5.12819e+06
217304
107899
6.00915e+06
316062
270218
2.16275e+06
158368
120077
3.86127e+06
1.30448e+06
1.2373e+06
534442
1.59678e+06
228118
70528.3
9.89281e+06
1.64375e+06
3.04759e+06
9.53007e+06
5.14557e+06
3.3627e+06
2.77117e+07
1.07434e+07
1.0076e+06
376214
2.644e+06
2.50621e+07
1.00755e+07
3.62494e+06
1.58477e+07
5.2014e+06
546905
2.21925e+06
8.40176e+06
909599
1.82884e+07
597190
7.8852e+06
692869
1.535e+06
1.43938e+06
1.52836e+06
3.91189e+06
4.84926e+06
272799
5.2781e+06
682615
9.33229e+06
6.16599e+06
2.89259e+06
3.4696e+06
1.88005e+07
3.80868e+07
1.3715e+07
870080
878362
2.30727e+06
1.46954e+06
1.83228e+07
2.97339e+07
2.96958e+07
5.34391e+06
429328
9.81434e+06
3.96945e+06
708192
4.12431e+06
1.56274e+06
547332
495739
4.75821e+06
217602
9.51828e+06
2.05274e+06
4.3163e+06
6.61944e+06
1.53086e+06
1.1084e+06
2.57617e+07
711644
6.83382e+06
3.62677e+06
250054
1.19024e+06
489943
1.17407e+06
72495.5
5.24479e+06
2.10094e+06
7.55293e+06
243154
730512
2.42788e+07
683479
2.45628e+06
898764
2.05679e+06
2.93131e+06
1.17747e+07
1.334e+07
552662
1.96798e+06
1.59191e+06
1.86976e+07
4.76693e+06
8.92182e+06
5.31869e+06
2.57442e+07
4.11134e+06
1.82511e+06
1.82425e+06
1.62798e+06
1.4292e+07
7.04698e+06
527077
7.03507e+06
711950
2.67385e+07
4.8078e+07
1.87981e+07
4.50249e+07
55626.4
2.64186e+07
3.6106e+07
5.10125e+06
1.39431e+07
2.16092e+07
6.3358e+06
5.07392e+06
7.02612e+06
2.01522e+06
7.7451e+06
221311
8.52061e+07
5.36681e+07
4.75327e+06
5.43841e+07
4.38963e+07
1.16186e+07
2.14877e+06
3.04182e+07
7.01653e+06
4.93636e+06
3.26576e+06
2.36077e+07
7.12307e+06
1.58177e+07
1.85867e+06
4.05339e+06
1.92988e+07
945779
1.29414e+06
2.09434e+06
5.1064e+07
9.58409e+06
5.24989e+07
3.09379e+06
862970
4.50449e+07
1.14786e+07
3.37492e+06
1.77032e+07
3.86315e+06
3.36096e+06
1.00364e+07
663634
584160
7.61423e+07
1.64479e+06
3.34684e+07
9.53678e+06
1.04763e+06
2.25812e+06
8.96849e+06
2.41614e+07
1.10165e+07
8.53232e+06
2.49732e+06
873521
1.04742e+07
4.51892e+06
2.17088e+08
2.64333e+08
9.47209e+07
1.71697e+10
7.30484e+10
1.13582e+10
3.07268e+09
2.6664e+10
1.3527e+10
1.49181e+11
1.99235e+10
3.88406e+10
7.53838e+10
3.28316e+11
4.42152e+10
2.94955e+10
1.12485e+11
5.39903e+10
1.89894e+10
6.17344e+10
4.43421e+10
2.37779e+10
2.49386e+10
1.6478e+10
2.91593e+10
2.35444e+10
1.08497e+10
3.1191e+10
3.84722e+10
1.35676e+11
2.8898e+10
1.61133e+10
1.86011e+10
2.15125e+10
5.81135e+10
1.37677e+11
1.554e+11
1.20457e+10
2.23057e+09
5.59747e+10
4.47696e+10
6.80007e+10
1.6146e+11
3.07101e+10
6.61282e+10
2.1545e+11
3.80933e+10
9.14482e+10
1.33601e+10
1.27452e+10
9.13524e+10
1.90249e+11
1.33328e+10
1.2828e+11
6.2682e+10
4.80846e+08
5.02721e+10
7.13806e+10
9.47637e+10
6.03985e+10
2.06249e+10
2.93036e+10
2.99931e+11
5.34765e+10
1.53141e+11
4.06845e+10
1.37682e+10
6.13288e+10
2.37933e+10
1.8078e+10
3.17519e+10
3.52586e+11
2.2885e+10
1.80713e+10
1.2528e+10
1.61521e+10
1.28054e+11
