-0.466308
-0.561734
-0.00513171
-0.000951774
-0.0639147
-0.0141397
-0.00503398
-0.0121199
-0.0188519
-0.240088
-0.0110892
-0.00267359
-0.000395101
-0.0949612
-0.00569992
-0.0126682
-0.00829814
-0.0780065
-0.0623944
-0.00218717
-0.00216589
-0.0960178
-0.115982
-0.0315407
-0.000682252
-0.184053
-0.0901702
-0.00579119
-0.090846
-0.0485125
-0.00220132
-0.0297846
-0.000541951
-0.0246385
-0.0244394
-0.125251
-0.00876601
-0.0488279
-0.0483242
-0.00091876
-0.00266242
-0.0900757
-0.0989041
-0.047292
-0.0317238
-0.190569
-0.191437
-0.0614039
-0.0519226
-0.0690384
-0.00446405
-0.0579058
-0.133356
-0.337991
-0.00555173
-0.0234859
-0.0275769
-0.000505699
-0.0193803
-0.00442805
-0.00692668
-0.00159714
-0.00654776
-0.0309617
-0.0371538
-7.63924e-05
-0.00551272
-0.00671588
-0.00730986
-0.00213334
-0.0591467
-0.113119
-0.0082851
-0.00119857
-0.00851006
-0.127712
-0.241784
-0.000409307
-0.0233746
-0.0383196
-0.00450598
