397.766
341.34
1.00282
2.87191
217.478
102.441
15.4684
42.2656
49.9037
607.484
68.7483
7.66314
708.284
632.249
15.9146
98.7916
30.0469
791.395
565.776
0.363492
8.92635
430.547
237.154
146.666
0.188492
134.402
206.719
7.83826
639.71
365.777
3.29664
1267.55
990.006
61.5237
137.851
66.3967
211.951
200.004
253.499
6.26636
11.8196
301.137
2579.39
251.364
147.694
820.106
1818.15
157.803
2801.01
266.562
10.5324
216.455
2714.86
6813.56
18.4274
234.35
251.572
6.37719
2070.17
11.8829
34.9199
1.21092
36.6352
319.079
372.114
0.2859
955.453
713.314
13.4339
9.24497
1126.28
1423.4
17.8115
46.9901
16.244
765.881
1319.85
48.24
358.65
343.04
78.2822
