24141.6
70609.3
2296.92
1577.01
2988.79
8472.66
10059.9
1868.53
74142.6
12587.3
1867.85
324.704
31.3078
17512.4
11020.4
10569.5
7716.57
21613.5
27011.2
6935.19
139282
5324.7
11081.1
3663.1
80130.4
97165.6
732.938
11034.3
522.383
80394.9
55581
1188.84
3949.14
145896
179.459
4482.09
2130.47
2720.21
1091.79
55379.1
126996
11708.5
8561.09
1746.13
65117.3
324852
7005.07
394.456
38930.5
44520.8
2278.81
2925.62
13327.1
7374.04
2302
55868.7
6064.3
102437
47437
297.541
4576.45
4333.29
8075.46
254666
160305
7939.85
7013.82
6823.72
95006.1
195718
5287.72
6947.12
2196.63
774.469
48858.7
22667.1
13406.7
13658
30213.8
16212
79826.7
1353.62
6759.07
19026
135227
180593
11378.1
31905.2
5273.23
73369.3
29880.6
9050.09
3908.09
182202
270789
3526.54
8544.2
6379.85
2810.43
28571.5
30422
68.377
15267.6
158071
191906
9387.39
6178.84
19018.1
79950.1
18190.1
31095.9
17359.5
12220.1
151076
143910
5349.67
5764.52
12082.3
8799.12
83766.3
8893.35
279648
159273
22691.8
5363.6
278218
11304.7
8518.04
7515.58
320340
80669.7
7046.98
175094
78217.9
17602.1
34712
120553
10683.2
11238.2
10245.6
205170
5475.12
11954.5
25292.7
16417.2
16429.3
30381.4
50801.1
28513.8
14198.5
32790.1
68426.5
4206.99
3611.97
44081.4
241786
69527
1329.02
3728.27
2220.59
11095.8
62091.9
8239.27
156107
11397.8
12677.7
40746.1
34064.4
7979.79
40606.2
3172.34
8105.29
2161.19
118909
8641.43
42999
463.351
132294
142449
4530.07
6822.51
15393.5
12627.3
49122.6
27964.2
3502.7
35528.6
63807.9
169055
28866.1
6745.47
71189.4
199597
13415
2985.3
23841.1
16170.5
24045.5
59244.8
5626.9
24246.9
134872
163427
26270.1
34021.7
35979.5
5447.94
4737.97
136696
208131
26528.2
11636.5
21427.5
3325.37
136905
217813
32931.4
3482.16
8489.39
101118
14574.7
221020
172272
7899.1
27717.4
32636.5
34253.8
6135.69
7008.28
105613
5578.38
134087
608100
172015
819.748
12277.6
81.4992
19165.6
13096.1
1.1615e+06
857710
12215.3
5210.58
264955
51601.4
3766.49
15405.5
513311
10029.7
335760
66255.7
7023.68
5995.1
83339.6
212097
1849.95
22930
51480.6
171749
36468.4
353.766
590.987
1261.4
7149.94
304672
84752.1
74585.7
135981
19656.9
16326.7
17330.5
22044.6
154544
46086.9
7149.57
24152.3
37341.6
35937.1
565669
594484
52917.6
166702
1.23146e+06
34642.9
40358.8
1.75258e+06
652592
9651.85
191332
23248.5
745.494
2892.12
14879.1
281126
385.615
2449.95
38415.6
244708
733.378
763.04
30430.4
1286.97
422.929
2027.52
222181
35986.8
837.556
2076.79
73658
249848
149.5
394.104
126319
551498
2097.42
90.8512
27877.7
78389.5
228.376
74764.9
81914.9
302.257
608.291
1461.65
1041.93
55896
109687
24083.4
16665.4
45985.2
92661.5
253970
1379.28
2737.01
22914.1
57311.6
2671.04
3495.81
1013.48
1838.86
412090
459055
517576
296196
4260.66
1227.74
5196.15
51138.2
98180.7
1841.08
4405.59
177327
36637.2
43738.7
116406
3425.43
4429.46
2717.75
4442.35
271.104
89249
