0.000146388
2.99513e-07
6.11994e-10
1.25042e-12
2.57934e-15
1.91389e-16
1.21064e-16
1.2867e-16
1.13306e-16
1.44466e-16
1.50157e-16
1.55463e-16
1.42939e-16
1.4073e-16
1.16566e-16
1.47784e-16
1.38286e-16
8.14718e-17
1.37315e-16
1.23033e-16
9.04289e-17
1.0671e-16
1.2234e-16
1.06716e-16
9.96197e-17
8.06639e-17
1.06932e-16
6.32959e-17
1.48665e-16
1.12237e-16
1.78864e-16
1.22234e-16
1.34569e-16
8.16489e-17
1.40099e-16
1.17867e-16
1.5071e-16
1.11437e-16
1.40604e-16
1.41875e-16
9.94653e-17
1.36251e-16
1.44564e-16
1.18106e-16
1.21583e-16
1.95941e-16
1.21213e-16
8.14799e-17
1.30904e-16
8.12893e-17
1.36146e-16
1.30921e-16
1.54815e-16
1.03155e-16
1.20359e-16
1.45047e-16
1.13432e-16
1.36432e-16
8.17923e-17
1.61392e-16
1.17103e-16
1.34136e-16
1.34667e-16
1.26412e-16
1.08748e-16
1.51304e-16
1.40323e-16
1.43323e-16
7.40344e-17
1.38358e-16
9.23458e-17
1.17752e-16
8.7086e-17
1.54421e-16
1.01037e-16
1.11407e-16
9.40452e-17
1.44958e-16
1.58107e-16
1.55584e-16
1.5069e-16
1.2479e-16
1.19384e-16
1.83461e-16
1.17321e-16
1.44738e-16
1.73067e-16
1.1988e-16
1.87965e-16
1.40142e-16
1.42173e-16
1.24022e-16
7.40519e-17
1.68985e-16
1.08181e-16
1.14123e-16
8.52773e-17
1.66154e-16
9.76313e-17
1.19144e-16
