1 1 0.006751 1.21239
2 3 0.018315 0.30157
3 3 0.023152 0.128406
4 44 0.307634 3.71921e-09
5 3 0.031451 0.0369575
6 46 0.473233 7.68325e-11
7 7 0.089815 0.00105698
8 17 0.191252 1.4567e-08
9 7 0.096387 0.000217129
10 17 0.247968 3.5225e-09
11 57 0.947588 9.787e-14
12 17 0.265086 7.23541e-10
13 45 0.800954 8.83643e-14
14 16 0.310991 1.28444e-10
15 11 0.235728 1.07565e-07
16 16 0.319036 2.34974e-11
17 31 0.794813 7.38245e-14
18 23 0.543077 6.37282e-14
19 12 0.314479 2.26058e-09
20 17 0.454827 5.89013e-13
21 12 0.387534 4.88147e-10
22 16 0.471641 9.072e-14
23 19 0.651841 8.43559e-14
24 16 0.452747 4.16474e-14
25 17 0.495372 6.00311e-14
26 15 0.450701 6.54191e-14
27 15 0.483406 3.6928e-14
28 15 0.500659 4.0552e-14
29 14 0.566249 8.71149e-14
30 14 0.541552 6.57342e-14
31 13 0.536805 7.98137e-14
32 13 0.52077 5.75633e-14
33 13 0.561035 4.81621e-14
34 13 0.625999 4.43021e-14
35 13 0.679323 4.09582e-14
36 13 0.614527 3.94994e-14
37 13 0.623256 3.85372e-14
38 12 0.522487 7.43407e-14
39 12 0.614588 5.33871e-14
40 12 0.61393 4.25518e-14
41 12 0.647621 3.90155e-14
42 12 0.583584 3.69509e-14
43 12 0.738796 3.6883e-14
44 12 0.600831 3.64035e-14
45 12 0.612212 3.56225e-14
46 11 0.714658 9.43767e-14
47 11 0.662475 7.44784e-14
48 11 0.686756 6.35907e-14
49 11 0.610165 5.24473e-14
50 11 0.805874 4.76876e-14
51 11 0.726646 4.24831e-14
52 11 0.704062 4.05638e-14
53 11 0.867717 3.89054e-14
54 11 0.871062 3.76825e-14
55 11 0.677005 3.67686e-14
56 11 0.806655 3.57069e-14
57 10 0.733614 9.75456e-14
58 10 0.66935 8.51697e-14
59 10 0.768463 7.42109e-14
60 10 0.778417 6.65606e-14
61 10 0.794027 6.03003e-14
62 10 0.807133 5.46684e-14
63 10 0.723213 5.09983e-14
64 10 0.826303 4.71526e-14
65 10 0.85307 4.46714e-14
66 10 0.854152 4.28288e-14
67 10 0.866121 4.07707e-14
68 10 0.888758 3.94839e-14
69 10 0.888924 3.79918e-14
70 9 0.83757 9.0222e-14
71 9 0.722326 7.69222e-14
72 9 0.845529 6.7134e-14
73 9 0.742317 6.00463e-14
74 9 0.865823 5.46554e-14
75 9 0.87856 4.95922e-14
76 9 1.03242 4.6834e-14
77 9 0.875249 4.39665e-14
78 9 0.828012 4.15712e-14
79 9 1.07548 4.14504e-14
80 9 0.928232 4.00885e-14
81 9 0.953332 3.84615e-14
82 9 0.848237 3.80371e-14
83 9 0.972473 3.83646e-14
84 9 0.999272 3.85014e-14
85 9 0.857671 3.69113e-14
86 9 1.0275 3.69447e-14
87 9 1.02468 3.53926e-14
88 9 1.02453 3.62371e-14
89 9 0.899088 3.66044e-14
90 9 1.06509 3.4712e-14
91 9 1.07066 3.6096e-14
92 9 1.09031 3.55035e-14
93 9 1.07389 3.58199e-14
94 9 1.08676 3.56005e-14
95 8 0.874766 9.64335e-14
96 8 1.0091 8.39589e-14
97 8 1.04655 7.55809e-14
98 8 1.0399 6.89395e-14
99 8 1.04374 6.36414e-14
100 8 0.904118 5.76537e-14
101 8 1.07279 5.20601e-14
102 8 0.929972 4.97388e-14
103 8 1.19568 4.79386e-14
104 8 1.10528 4.45504e-14
105 8 1.25541 4.2454e-14
106 8 0.952824 4.06404e-14
107 8 1.05724 4.10731e-14
108 8 1.29173 3.93855e-14
109 8 1.11522 3.91214e-14
110 8 1.17508 3.84272e-14
111 8 1.31748 3.76279e-14
112 8 1.0141 3.90479e-14
113 8 1.35577 3.70067e-14
114 8 1.20952 3.6584e-14
115 8 1.04413 3.62722e-14
116 7 0.943517 9.4332e-14
117 7 1.08898 8.37977e-14
118 7 0.9465 7.66873e-14
119 7 1.1027 6.92892e-14
120 7 1.31816 6.43035e-14
121 7 1.05821 5.84847e-14
122 7 1.1504 5.37096e-14
123 7 1.32714 5.06227e-14
124 7 0.988488 4.8525e-14
125 7 1.22079 4.59179e-14
126 7 1.19067 4.51838e-14
127 7 1.17464 4.19099e-14
128 7 1.19688 4.26771e-14
129 7 1.03727 4.04327e-14
130 7 1.03605 4.00263e-14
131 7 1.40599 4.00616e-14
132 7 1.15745 3.865e-14
133 7 1.23024 3.81557e-14
134 7 1.24939 3.70457e-14
135 7 1.25112 3.71031e-14
136 7 1.26207 3.76754e-14
137 7 1.27888 3.66239e-14
138 7 1.15432 3.64384e-14
139 7 1.2766 3.62053e-14
140 7 1.50155 3.66028e-14
141 7 1.30811 3.58012e-14
142 7 1.30624 3.71002e-14
143 7 1.31939 3.5997e-14
144 7 1.54705 3.535e-14
145 7 1.34414 3.5107e-14
146 7 1.37593 3.4743e-14
147 7 1.38087 3.65864e-14
148 7 1.53916 3.69319e-14
149 7 1.58701 3.63954e-14
150 7 1.39911 3.53503e-14
151 7 1.40796 3.66311e-14
152 7 1.43853 3.57893e-14
153 7 1.44867 3.58049e-14
154 6 1.40776 9.76283e-14
155 6 1.25222 8.75472e-14
156 6 1.26115 8.11383e-14
157 6 1.30255 7.44149e-14
158 6 1.26682 6.86571e-14
159 6 1.25027 6.36911e-14
160 6 1.29748 6.02767e-14
161 6 1.32377 5.65887e-14
162 6 1.5266 5.31248e-14
163 6 1.27641 5.08211e-14
164 6 1.53111 4.82838e-14
165 6 1.16254 4.75367e-14
166 6 1.16075 4.49357e-14
167 6 1.17224 4.37184e-14
168 6 1.42013 4.27474e-14
169 6 1.36087 4.23414e-14
170 6 1.57062 4.116e-14
171 6 1.3844 4.17895e-14
172 6 1.18948 3.86195e-14
173 6 1.59923 3.85694e-14
174 6 1.43024 3.823e-14
175 6 1.57791 3.75263e-14
176 6 1.43372 3.78226e-14
177 6 1.22343 3.7133e-14
178 6 1.24379 3.77082e-14
179 6 1.61207 3.80681e-14
180 6 1.44274 3.76514e-14
181 6 1.47173 3.68708e-14
182 6 1.45506 3.71188e-14
183 6 1.56487 3.68577e-14
184 6 1.27437 3.59725e-14
185 6 1.72829 3.57196e-14
186 6 1.51778 3.57156e-14
187 5 1.31223 9.38837e-14
188 5 1.32676 8.39766e-14
189 5 1.29932 7.63403e-14
190 5 1.31581 6.87323e-14
191 5 1.30665 6.3698e-14
192 5 1.34796 5.78716e-14
193 5 1.33298 5.43006e-14
194 5 1.14662 5.15081e-14
195 5 1.34797 4.74208e-14
196 5 1.56719 4.60621e-14
197 5 1.35359 4.42183e-14
198 5 1.36295 4.28429e-14
199 5 1.59471 4.07578e-14
200 5 1.37243 3.99416e-14
