0 50000.000000 0.450000
1 50000.000000 0.450000
2 1000.000000 0.450000
3 1000.000000 0.450000
4 50000.000000 0.450000
5 50000.000000 0.450000
6 1000.000000 0.450000
7 1000.000000 0.450000
8 50000.000000 0.450000
9 50000.000000 0.450000
10 1000.000000 0.450000
11 1000.000000 0.450000
12 50000.000000 0.450000
13 50000.000000 0.450000
14 1000.000000 0.450000
15 1000.000000 0.450000
16 50000.000000 0.450000
17 50000.000000 0.450000
18 1000.000000 0.450000
19 1000.000000 0.450000
20 50000.000000 0.450000
21 50000.000000 0.450000
22 1000.000000 0.450000
23 1000.000000 0.450000
24 50000.000000 0.450000
25 50000.000000 0.450000
26 1000.000000 0.450000
27 1000.000000 0.450000
28 50000.000000 0.450000
29 50000.000000 0.450000
30 1000.000000 0.450000
31 1000.000000 0.450000
32 50000.000000 0.450000
33 50000.000000 0.450000
34 1000.000000 0.450000
35 1000.000000 0.450000
36 50000.000000 0.450000
37 50000.000000 0.450000
38 1000.000000 0.450000
39 1000.000000 0.450000
40 50000.000000 0.450000
41 50000.000000 0.450000
42 1000.000000 0.450000
43 1000.000000 0.450000
44 50000.000000 0.450000
45 50000.000000 0.450000
46 1000.000000 0.450000
47 1000.000000 0.450000
48 50000.000000 0.450000
49 50000.000000 0.450000
50 1000.000000 0.450000
51 1000.000000 0.450000
52 50000.000000 0.450000
53 50000.000000 0.450000
54 1000.000000 0.450000
55 1000.000000 0.450000
56 50000.000000 0.450000
57 50000.000000 0.450000
58 1000.000000 0.450000
59 1000.000000 0.450000
60 50000.000000 0.450000
61 50000.000000 0.450000
62 1000.000000 0.450000
63 1000.000000 0.450000
