0 50000.000000 0.450000
1 50000.000000 0.450000
2 50000.000000 0.450000
3 50000.000000 0.450000
4 1000.000000 0.450000
5 1000.000000 0.450000
6 1000.000000 0.450000
7 1000.000000 0.450000
8 50000.000000 0.450000
9 50000.000000 0.450000
10 50000.000000 0.450000
11 50000.000000 0.450000
12 1000.000000 0.450000
13 1000.000000 0.450000
14 1000.000000 0.450000
15 1000.000000 0.450000
16 50000.000000 0.450000
17 50000.000000 0.450000
18 50000.000000 0.450000
19 50000.000000 0.450000
20 1000.000000 0.450000
21 1000.000000 0.450000
22 1000.000000 0.450000
23 1000.000000 0.450000
24 50000.000000 0.450000
25 50000.000000 0.450000
26 50000.000000 0.450000
27 50000.000000 0.450000
28 1000.000000 0.450000
29 1000.000000 0.450000
30 1000.000000 0.450000
31 1000.000000 0.450000
32 50000.000000 0.450000
33 50000.000000 0.450000
34 50000.000000 0.450000
35 50000.000000 0.450000
36 1000.000000 0.450000
37 1000.000000 0.450000
38 1000.000000 0.450000
39 1000.000000 0.450000
40 50000.000000 0.450000
41 50000.000000 0.450000
42 50000.000000 0.450000
43 50000.000000 0.450000
44 1000.000000 0.450000
45 1000.000000 0.450000
46 1000.000000 0.450000
47 1000.000000 0.450000
48 50000.000000 0.450000
49 50000.000000 0.450000
50 50000.000000 0.450000
51 50000.000000 0.450000
52 1000.000000 0.450000
53 1000.000000 0.450000
54 1000.000000 0.450000
55 1000.000000 0.450000
56 50000.000000 0.450000
57 50000.000000 0.450000
58 50000.000000 0.450000
59 50000.000000 0.450000
60 1000.000000 0.450000
61 1000.000000 0.450000
62 1000.000000 0.450000
63 1000.000000 0.450000
