-0.0383728
-7.74764
-0.0123129
-0.0369373
-11.6248
0.0193755
-0.305766
-0.187126
-0.0755626
0.125297
0.00425686
0.0417615
-0.0245196
-7.72338
-0.0105462
-0.0113371
-11.5802
0.0142638
-0.112332
-0.0107221
0.0492498
0.241755
-0.142244
-0.0872803
-0.0713576
-15.5568
-0.00980283
0.0344916
-15.7876
-0.0147828
0.684593
-20.218
-0.132767
1.22859
-11.0697
-0.116934
2.66806
-10.8357
-0.0523242
2.12144
-4.85175
-0.0208769
-0.0330043
-15.5867
0.0530784
-0.0182098
-15.9142
0.135875
-0.246666
-11.9813
0.283774
-1.453
-19.1604
0.254477
-2.17608
-10.419
-0.0560011
-2.08655
-4.40204
-0.53509
-0.0438735
-15.5052
0.00242885
0.0541151
-15.7158
0.0564296
0.499863
-17.999
0.178095
1.0827
-11.0126
0.28935
2.49035
-10.9076
0.0892467
2.25192
-4.90206
-0.407393
0.00909259
-15.5213
0.050802
0.00976078
-15.7812
0.103165
-0.369154
-11.8842
0.103476
-1.82528
-19.1323
-0.226543
-2.43684
-10.6453
-0.1696
-1.53563
-3.71514
-0.177545
-0.0913249
-23.2419
0.00146193
1.25056
-2.32783
-0.0509364
-0.0566059
-15.4698
-0.0192548
-1.51638
-1.99066
-0.459693
-0.111057
-30.9417
0.0472406
0.150454
0.101726
-0.136551
-0.766829
-0.333252
0.14298
0.74673
-0.278572
0.103988
-0.0463298
-15.4461
-0.00303907
1.59411
-2.64526
-0.730604
-1.25997
-2.29925
0.0581842
0.0192643
0.00741979
-0.0779717
-0.0765703
-15.5111
-0.0162355
-0.0442566
-15.6437
-0.00789734
0.212924
-15.9509
-0.0316185
0.858568
-15.9615
-0.0921784
2.34386
-13.2916
-0.0650855
2.59511
-7.84627
-0.0599415
-0.044744
-15.5214
0.0330216
-0.0169242
-15.7101
0.0909223
-0.076059
-16.0777
0.2109
-0.654903
-15.7976
0.395852
-1.75806
-13.1705
0.103581
-2.33327
-7.32602
-0.282032
-0.0765991
-23.1911
-0.0138673
-0.0172708
-15.5921
0.0229083
0.182681
-15.886
0.112541
0.656393
-12.8319
0.190072
2.14361
-13.3506
0.266734
2.46098
-7.81978
-0.135125
-0.00838873
-15.4636
0.0322332
0.00718903
-15.6127
0.0769589
-0.0638085
-15.9836
0.12874
-0.95345
-15.6884
0.0319855
-1.98659
-13.3194
-0.158071
-2.58332
-7.55111
-0.189491
-0.167512
-62.1106
-0.0247424
0.278617
-78.6587
0.0958135
1.82244
-62.2689
0.181616
3.73234
-36.4818
0.249613
9.78243
-43.3431
0.254098
7.69057
-17.372
-0.248236
-0.238434
-62.2302
0.201763
-0.383735
-63.3313
0.470152
-1.57446
-51.8069
0.979905
-6.24153
-72.1608
-0.112951
-8.44359
-42.177
-0.24035
-7.38188
-18.252
-1.28464
-0.271489
-93.0803
0.121972
-0.0847657
-94.5315
0.419266
0.571904
-108.055
0.731602
0.442009
-90.7487
1.28296
0.49448
-65.1406
-0.0162432
-1.21765
-19.6346
-0.59926
-0.260993
-93.441
0.127519
0.22059
-79.434
0.231851
0.962273
-97.0948
0.149661
1.18147
-102.981
0.660468
1.4066
-64.0766
0.0696785
-0.0157967
-26.5359
-0.435025
-0.252312
-9.94161
-0.133967
0.139381
-4.67648
0.0617423
-0.229378
-61.8831
0.00693406
-6.77119
-10.3008
-0.36944
-0.0956217
0.226228
0.132428
3.85785
-5.96039
-0.665167
-0.184616
-54.1881
-0.046046
-0.0508342
-62.4539
0.0170107
0.901757
-63.6309
0.102495
4.19611
-85.6062
0.398192
8.63747
-52.9457
0.366281
9.58554
-31.2922
-0.0193405
-0.259769
-69.7398
0.147155
-0.390002
-78.3022
0.413378
-0.768565
-63.9655
0.69563
-3.71013
-63.187
0.534866
-7.0337
-52.7777
0.0370597
-8.83897
-30.0028
-0.677853
-0.320985
-96.6369
0.0557509
-0.129981
-78.1153
0.192131
0.254398
-95.9004
0.607188
0.0107175
-81.3315
0.419977
1.16058
-80.8399
0.510109
-0.800215
-45.8476
-0.56458
-0.283264
-81.4628
0.0551486
-0.115159
-94.0933
0.212182
0.648672
-96.4541
0.347474
0.826342
-83.6719
0.770125
1.85585
-80.4116
0.380158
0.609225
-45.0985
-0.238303
5.25034
-15.6681
-0.757816
0.376484
-11.9997
0.0877729
