5.84758
-48.2722
2.16327
-8.02596
-72.3701
2.93994
-0.374985
-0.200128
-0.110153
0.149125
0.034799
0.0507678
5.33477
-48.4587
2.15541
-8.79573
-72.705
2.96607
-0.134393
0.00489497
0.0742645
0.228035
-0.0988802
-0.121639
11.5838
-77.1556
3.4766
11.0818
-57.5782
2.76478
12.3521
-48.2346
2.93229
5.93968
-17.4752
1.42727
5.32925
-11.1843
0.871318
2.90176
-3.52656
0.292237
-10.7168
-77.0174
3.03731
-10.5212
-57.3376
2.10254
-7.1456
-29.3826
0.753
-9.57889
-27.6758
0.85525
-5.54787
-11.0222
0.0122864
-3.15109
-3.55585
-0.762658
10.613
-77.5128
3.41155
10.1926
-57.9814
2.54375
10.3285
-43.654
2.01877
5.46864
-18.0135
0.555646
4.70598
-11.3207
0.220725
2.87229
-2.96741
-0.566423
-11.7223
-77.433
3.09881
-11.4042
-57.8841
2.30177
-7.54678
-29.7419
1.23761
-10.2961
-28.5604
1.81144
-6.41608
-11.1921
0.751694
-2.60174
-3.01866
0.0791127
0.760056
-144.786
6.20999
1.46238
-1.37668
0.0837234
11.1596
-96.7367
4.30541
-1.95824
-1.38899
-0.520138
-22.2465
-193.444
7.87919
0.357121
0.330549
-0.215429
-0.979359
-0.339037
0.251736
0.848636
-0.168985
0.126395
-0.486418
-96.9128
4.14867
1.79854
-1.11685
-1.06081
-1.68927
-1.41816
0.387081
-0.0253465
0.137442
-0.0811147
11.6688
-86.9119
3.89377
11.399
-67.3558
3.09435
10.583
-48.0145
2.48265
9.42931
-30.0622
2.01512
6.50142
-16.5792
1.2973
4.18449
-6.85271
0.481288
-10.7126
-86.8206
3.49706
-10.6731
-67.1735
2.55646
-10.2099
-47.888
1.63408
-8.74793
-30.58
0.657019
-6.55577
-16.2689
0.347853
-4.43924
-6.74186
-0.334604
16.0079
-130.917
5.78172
10.4659
-67.6952
2.96679
9.83017
-48.4378
2.12912
6.89336
-24.8467
1.13032
5.81549
-16.9233
0.551491
3.66772
-6.71035
-0.186066
-11.7361
-87.2418
3.51916
-11.5822
-67.6403
2.68666
-11.0499
-48.327
1.94891
-9.11344
-31.1237
1.50469
-7.37827
-16.6993
1.04703
-5.25198
-6.72432
0.473938
44.1926
-309.383
13.8284
53.2239
-289.237
13.2538
37.3506
-151.198
7.84046
18.8864
-59.9953
3.48204
20.145
-45.3035
2.38126
11.4484
-11.562
-0.274638
-44.2773
-308.89
12.2892
-42.9861
-230.604
8.78721
-31.2295
-128.068
3.94945
-36.7054
-107.491
5.59788
-23.1754
-44.7898
1.60905
-12.5751
-15.0284
-1.45163
-3.05525
-464.717
19.6439
-3.41936
-347.284
14.6958
-4.05352
-261.146
11.8943
-2.93522
-138.965
5.85691
-5.43744
-65.7738
3.03883
-3.86649
-12.6897
0.0686743
2.43271
-462.328
19.598
0.952782
-286.631
12.2598
0.736598
-231.932
11.2217
2.41854
-150.269
7.47044
-0.17226
-64.385
2.86251
-0.222426
-18.2355
-0.0103114
0.231678
-5.1984
-0.151108
-0.267041
-1.41397
0.137421
0.10457
-386.908
16.5056
-9.95439
-6.62097
-0.0173506
0.0699043
1.10584
0.0392218
4.94218
-2.88332
-0.973329
38.9396
-304.881
13.5927
43.5839
-270.173
12.1603
40.7
-193.06
9.32081
48.665
-163.824
9.26635
24.3758
-67.7391
4.10132
16.1726
-27.2496
0.806553
-50.0208
-391.574
15.7943
-54.6174
-337.078
13.1126
-41.4763
-192.785
7.0727
-34.3681
-123.08
4.96519
-27.2402
-66.2441
2.79349
-18.6547
-27.3865
0.311296
-2.93159
-545.369
23.1212
-2.86223
-337.868
14.2702
-3.74426
-289.488
12.4663
-1.80193
-157.498
8.11387
-4.87008
-99.221
4.91458
-6.00542
-37.9939
1.12031
2.41477
-455.977
19.4206
1.97457
-403.286
17.068
0.723147
-286.714
12.6118
1.30414
-158.794
6.9348
0.2849
-96.0259
4.71876
-0.399115
-38.4002
1.29943
6.86194
-8.03008
-1.20477
5.00261
-25.5705
1.28708
