5.81541
-47.6191
2.16529
-8.18103
-71.3869
2.83482
-0.347819
-0.183914
-0.103961
0.140773
0.0343263
0.0486759
5.3415
-47.8759
2.15678
-8.89181
-71.8318
2.86406
-0.127929
0.00447747
0.0723832
0.203156
-0.0852326
-0.11207
11.5081
-75.7097
3.55009
10.9674
-56.0071
2.91335
12.1286
-46.2558
3.19993
5.76784
-16.4838
1.60882
5.08394
-10.2864
1.06222
2.73881
-3.1267
0.38888
-10.9181
-75.5615
2.96805
-10.6791
-55.7611
2.11037
-7.18221
-28.2393
0.809862
-9.46676
-26.0031
1.0368
-5.35701
-10.1687
0.167399
-2.96376
-3.19524
-0.635882
10.6196
-76.2021
3.47957
10.1571
-56.5333
2.6774
10.2039
-41.9963
2.22962
5.31274
-17.0917
0.714004
4.43738
-10.4672
0.418284
2.63647
-2.58685
-0.412548
-11.8435
-76.1138
3.04092
-11.4864
-56.4272
2.33526
-7.53253
-28.6584
1.33062
-10.1499
-26.9693
2.04046
-6.24783
-10.3571
0.91593
-2.50367
-2.73369
0.153401
0.559496
-142.823
6.11057
1.37423
-1.18568
0.132159
11.1321
-95.5014
4.30787
-1.82008
-1.22511
-0.441774
-22.5691
-190.97
7.60456
0.355359
0.324097
-0.198997
-0.917921
-0.314654
0.237655
0.783715
-0.146206
0.119227
-0.54173
-95.7462
4.0833
1.63145
-0.908995
-0.918999
-1.61363
-1.25158
0.420726
-0.0373457
0.135664
-0.067946
11.6016
-85.5404
3.93162
11.3071
-65.8396
3.20521
10.4383
-46.422
2.665
9.23912
-28.5761
2.24564
6.2488
-15.4441
1.51845
3.96965
-6.20837
0.631426
-10.919
-85.4406
3.39204
-10.8594
-65.649
2.52479
-10.3245
-46.3047
1.68109
-8.73034
-29.1329
0.761166
-6.40358
-15.1654
0.505049
-4.23323
-6.14435
-0.191208
16.0279
-129.068
5.83373
10.4568
-66.3071
3.06747
9.76178
-46.9571
2.29049
6.76706
-23.715
1.29951
5.563
-15.8526
0.762321
3.41166
-6.10163
-0.0138642
-11.8633
-86.0045
3.41933
-11.6868
-66.2444
2.67392
-11.0986
-46.8393
2.02823
-9.03538
-29.7421
1.66444
-7.23205
-15.6315
1.22692
-5.07908
-6.13747
0.609785
44.0401
-303.876
14.1178
52.8658
-281.714
13.9687
36.8311
-145.297
8.61723
18.3725
-56.8328
4.04824
19.1638
-41.8059
3.1583
10.749
-10.1596
0.13544
-44.8809
-303.346
12.0404
-43.4173
-224.56
8.87654
-31.2636
-123.25
4.25968
-36.2365
-101.343
6.41099
-22.5153
-41.4239
2.24173
-12.0109
-13.572
-1.02816
-3.40211
-456.811
19.6805
-3.80966
-338.532
15.2044
-4.47613
-251.208
12.9345
-3.24075
-131.401
6.97007
-5.72506
-60.6845
4.09326
-3.93108
-11.173
0.52944
1.59271
-453.599
19.614
0.250266
-278.706
12.6413
0.0558838
-222.527
12.1437
1.9607
-141.192
8.73192
-0.363095
-59.1231
3.87973
-0.171392
-16.0495
0.574739
0.314711
-4.36888
0.0829303
-0.350581
-1.06728
0.269908
-0.270463
-381.963
16.2356
-9.43452
-5.80293
0.191487
0.0598276
1.08386
0.0291565
4.60074
-2.40069
-0.772083
38.831
-300.329
13.7239
43.3773
-264.372
12.59
40.2889
-186.93
10.0199
47.8089
-156.043
10.4695
23.408
-63.3516
4.9798
15.2707
-24.738
1.43377
-50.7386
-385.683
15.3359
-55.2777
-329.79
13.0131
-41.7517
-186.682
7.32991
-34.1539
-117.413
5.53935
-26.6858
-61.9327
3.46973
-17.9693
-25.0063
0.85416
-3.2693
-537.649
22.9258
-3.17812
-330.869
14.489
-4.14635
-280.515
13.1955
-2.04826
-150.327
9.06228
-5.21452
-92.7572
6.06418
-6.18601
-34.4307
1.99972
1.69463
-448.747
19.2468
1.12596
-394.127
17.3102
-0.0678988
-277.108
13.3019
0.840329
-151.061
7.80648
-0.0529566
-89.2461
5.83084
-0.45031
-34.7126
2.1325
6.28457
-6.80036
-0.750594
4.91217
-24.4815
1.43697
