5.74829
-46.7873
2.17379
-8.27828
-70.1364
2.69218
-0.324181
-0.170078
-0.0988628
0.134174
0.0335521
0.0473091
5.32009
-47.146
2.16455
-8.91932
-70.7375
2.72409
-0.122949
0.00362332
0.0709392
0.18194
-0.0743624
-0.103377
11.3639
-74.0361
3.64733
10.7918
-54.3455
3.08997
11.8537
-44.3305
3.49257
5.58637
-15.5797
1.79865
4.8579
-9.52009
1.26151
2.60202
-2.80626
0.488922
-11.0414
-73.88
2.86256
-10.7591
-54.0986
2.09735
-7.17047
-27.1214
0.861433
-9.30991
-24.4954
1.20539
-5.16306
-9.44111
0.313075
-2.79315
-2.90252
-0.519384
10.5698
-74.7253
3.57172
10.068
-55.0481
2.8416
10.0306
-40.4337
2.4713
5.14472
-16.2781
0.892474
4.18454
-9.77045
0.630082
2.42479
-2.30707
-0.257466
-11.8742
-74.6279
2.94613
-11.4848
-54.9319
2.34504
-7.47252
-27.6303
1.41102
-9.96634
-25.5787
2.24108
-6.07988
-9.67333
1.06244
-2.41834
-2.51612
0.218558
0.364414
-140.324
5.98286
1.30429
-1.03742
0.181335
11.0416
-93.9405
4.32334
-1.6983
-1.09407
-0.372682
-22.7262
-187.845
7.22963
0.355428
0.317796
-0.183091
-0.865347
-0.294894
0.223419
0.729213
-0.129637
0.113644
-0.580168
-94.2853
3.99871
1.48375
-0.763813
-0.782052
-1.55308
-1.13325
0.448526
-0.0488808
0.132168
-0.0558357
11.4647
-83.8755
3.98815
11.1493
-64.1634
3.34315
10.2406
-44.8061
2.87353
9.01433
-27.1844
2.49447
6.00298
-14.4445
1.7503
3.78073
-5.67527
0.787426
-11.0479
-83.7684
3.24316
-10.9673
-63.9677
2.46517
-10.3646
-44.701
1.71358
-8.66023
-27.7715
0.859143
-6.23361
-14.1971
0.65259
-4.03649
-5.6488
-0.0578406
15.9632
-126.873
5.91413
10.3919
-64.8181
3.19635
9.64284
-45.5016
2.48261
6.6135
-22.6871
1.49045
5.31448
-14.9462
0.99301
3.17756
-5.624
0.166878
-11.8993
-84.5361
3.27536
-11.7041
-64.7457
2.63147
-11.0699
-45.376
2.08807
-8.9124
-28.4811
1.80515
-7.071
-14.7263
1.38724
-4.91903
-5.67473
0.729817
43.6403
-297.581
14.5025
52.2206
-273.866
14.8326
36.1429
-139.636
9.49232
17.8213
-53.9858
4.65979
18.2439
-38.8815
3.98242
10.1312
-9.07767
0.564461
-45.156
-297.021
11.6463
-43.5364
-218.269
8.87888
-31.1001
-118.61
4.53718
-35.6207
-95.883
7.13936
-21.8413
-38.6145
2.82305
-11.5012
-12.4194
-0.64245
-3.65206
-447.908
19.6759
-4.1147
-329.555
15.7286
-4.81832
-241.833
14.005
-3.4926
-124.774
8.10641
-5.95572
-56.5389
5.13882
-3.9931
-10.0495
0.973426
0.783596
-443.513
19.5907
-0.40372
-270.35
13.0368
-0.550476
-213.372
13.0872
1.55696
-132.996
10.0182
-0.491669
-54.6546
4.89835
-0.0937458
-14.3045
1.15206
0.404285
-3.72331
0.314586
-0.430349
-0.837766
0.401192
-0.605399
-375.716
15.89
-8.98198
-5.1777
0.372704
0.0459625
1.05448
0.0185587
4.30677
-2.04613
-0.569938
38.5032
-294.859
13.9205
42.9294
-258.049
13.1308
39.6737
-180.801
10.8328
46.763
-148.858
11.7923
22.4575
-59.5531
5.91664
14.4533
-22.7103
2.0955
-51.0849
-378.618
14.6803
-55.5368
-321.857
12.772
-41.7363
-180.584
7.52218
-33.7612
-112.163
6.05441
-26.0633
-58.2169
4.0901
-17.3139
-23.0823
1.35018
-3.5047
-528.487
22.6502
-3.41435
-323.368
14.6997
-4.46635
-271.7
13.9536
-2.25715
-143.806
10.0172
-5.48888
-87.2965
7.21481
-6.33356
-31.6459
2.86275
0.997089
-439.981
19.0063
0.316975
-384.021
17.546
-0.789416
-267.384
14.0212
0.431542
-143.804
8.70948
-0.321372
-83.3117
6.95311
-0.454873
-31.6751
2.96053
5.76639
-5.90496
-0.291414
4.80179
-23.4708
1.60124
