5.64311
-45.7657
2.18894
-8.30602
-68.6024
2.51723
-0.304306
-0.158698
-0.0949143
0.129228
0.0325402
0.0465818
5.26679
-46.2548
2.17895
-8.86763
-69.4008
2.55118
-0.119325
0.00242479
0.0698445
0.164645
-0.0663056
-0.0957324
11.1462
-72.1326
3.76765
10.5543
-52.6099
3.29136
11.5325
-42.4907
3.80041
5.39964
-14.7765
1.98831
4.65544
-8.89216
1.45867
2.49174
-2.56421
0.586594
-11.0715
-71.9717
2.72701
-10.7485
-52.3674
2.06804
-7.10529
-26.0454
0.908249
-9.10839
-23.1754
1.35465
-4.96941
-8.84443
0.441942
-2.64192
-2.6767
-0.418488
10.4567
-73.0743
3.68774
9.92114
-53.5362
3.03426
9.80833
-38.9877
2.73674
4.96732
-15.5816
1.08333
3.95244
-9.23302
0.844931
2.24096
-2.12453
-0.108865
-11.801
-72.9677
2.8199
-11.39
-53.4086
2.33399
-7.36505
-26.6701
1.47731
-9.7486
-24.4049
2.40507
-5.91453
-9.14304
1.18393
-2.34567
-2.36416
0.271256
0.18164
-137.257
5.83199
1.25181
-0.930404
0.228561
10.8815
-92.0285
4.35232
-1.5945
-0.994967
-0.315553
-22.6894
-184.019
6.76798
0.356796
0.311829
-0.168188
-0.821798
-0.279597
0.209263
0.685335
-0.119033
0.109569
-0.598626
-92.5018
3.89829
1.35774
-0.678301
-0.655369
-1.50665
-1.0606
0.468614
-0.0594395
0.127213
-0.0451728
11.2523
-81.9044
4.06327
10.9222
-62.3352
3.5065
9.99184
-43.1895
3.10292
8.75979
-25.9103
2.75209
5.76975
-13.5933
1.98147
3.61996
-5.25516
0.940661
-11.0839
-81.792
3.05685
-10.982
-62.1383
2.38334
-10.3199
-43.0986
1.7343
-8.53429
-26.5167
0.949124
-6.04822
-13.3751
0.7837
-3.85245
-5.2561
0.058658
15.8025
-124.304
6.02316
10.2655
-63.2303
3.35254
9.47085
-44.0873
2.70163
6.43411
-21.7769
1.69613
5.07483
-14.2113
1.23221
2.96975
-5.27626
0.346521
-11.8301
-82.8181
3.0934
-11.6226
-63.1464
2.56377
-10.9574
-43.9527
2.12914
-8.74558
-27.3572
1.92211
-6.89794
-13.9911
1.52064
-4.77304
-5.33498
0.827768
42.9703
-290.478
14.9804
51.2727
-265.758
15.8325
35.2903
-134.298
10.4393
17.2426
-51.4907
5.28993
17.4026
-36.5487
4.80965
9.60212
-8.30886
0.987957
-45.0483
-289.896
11.1304
-43.3013
-211.785
8.80939
-30.7244
-114.209
4.78083
-34.8622
-91.1832
7.75381
-21.1635
-36.3756
3.32316
-11.0508
-11.5649
-0.313882
-3.78594
-437.961
19.6451
-4.31677
-320.419
16.2701
-5.06722
-233.151
15.0785
-3.68506
-119.161
9.21838
-6.12379
-53.3511
6.12117
-4.0479
-9.30629
1.37647
0.0377069
-432.061
19.5437
-0.977349
-261.651
13.4492
-1.0514
-204.616
14.0288
1.22564
-125.806
11.2767
-0.554835
-51.0137
5.86519
0.00524545
-12.9928
1.68765
0.495874
-3.2554
0.529266
-0.503089
-0.718523
0.523254
-0.88531
-368.065
15.4833
-8.59897
-4.73827
0.515647
0.0291965
1.01918
0.00724488
4.0624
-1.81467
-0.376576
37.9339
-288.416
14.1822
42.2219
-251.224
13.7775
38.8517
-174.752
11.741
45.5401
-142.378
13.1853
21.5435
-56.383
6.86576
13.7329
-21.1679
2.75466
-50.996
-370.311
13.8556
-55.334
-313.305
12.4151
-41.3986
-174.567
7.65666
-33.1855
-107.406
6.49529
-25.3814
-55.1319
4.62585
-16.697
-21.6134
1.77273
-3.6193
-517.766
22.3135
-3.55391
-315.379
14.9105
-4.68847
-263.145
14.7305
-2.42355
-138.023
10.9447
-5.68671
-82.8839
8.31131
-6.44281
-29.631
3.66274
0.348204
-429.614
18.7152
-0.417529
-373.02
17.7867
-1.40474
-257.68
14.7619
0.0980864
-137.142
9.61463
-0.509587
-78.2951
8.03249
-0.415347
-29.2941
3.73717
5.31617
-5.33069
0.148116
4.67248
-22.5526
1.77435
