5.57554
-45.1815
2.19902
-8.29055
-67.7257
2.42009
-0.29578
-0.153906
-0.0933671
0.127325
0.0319695
0.0464272
5.22702
-45.7449
2.18867
-8.80952
-68.6357
2.45474
-0.117964
0.00172901
0.069398
0.157478
-0.0632987
-0.0923314
11.0088
-71.0956
3.8357
10.4124
-51.7199
3.39963
11.3565
-41.6114
3.95663
5.30564
-14.4154
2.08063
4.56401
-8.62978
1.55376
2.44628
-2.47083
0.633211
-11.0472
-70.9337
2.6504
-10.7059
-51.4815
2.04864
-7.05169
-25.5274
0.92986
-8.99161
-22.5898
1.42014
-4.8738
-8.59451
0.498169
-2.57405
-2.58734
-0.375099
10.3743
-72.1814
3.75412
9.82498
-52.7732
3.13995
9.67924
-38.3135
2.8758
4.87616
-15.2784
1.18107
3.84554
-9.02261
0.950525
2.1602
-2.06716
-0.0388301
-11.7223
-72.0703
2.74719
-11.3057
-52.6394
2.3215
-7.29341
-26.2185
1.50458
-9.62816
-23.9017
2.47109
-5.83344
-8.934
1.23353
-2.31387
-2.31124
0.292235
0.0970081
-135.504
5.75025
1.23166
-0.891148
0.250863
10.7735
-90.9348
4.37195
-1.5495
-0.956521
-0.291985
-22.5908
-181.831
6.51101
0.357811
0.309041
-0.161213
-0.803303
-0.27349
0.202283
0.66728
-0.1158
0.108072
-0.599881
-91.4814
3.84372
1.3032
-0.656081
-0.597081
-1.48824
-1.0399
0.475406
-0.0642274
0.124288
-0.0404662
11.1165
-80.8021
4.10744
10.7822
-61.3676
3.59652
9.84918
-42.3875
3.22322
8.62306
-25.3227
2.88118
5.65941
-13.2248
2.09373
3.55041
-5.08603
1.01414
-11.0626
-80.6881
2.95249
-10.9506
-61.1717
2.33607
-10.2633
-42.3043
1.74091
-8.4501
-25.9342
0.990441
-5.95079
-13.0199
0.841238
-3.76606
-5.09677
0.108918
15.6827
-122.872
6.08803
10.1775
-62.4
3.43998
9.36461
-43.3998
2.81947
6.33553
-21.3688
1.80222
4.95987
-13.9082
1.35183
2.87672
-5.14883
0.433478
-11.7527
-81.8606
2.99091
-11.5421
-62.3099
2.52202
-10.8685
-43.2603
2.14269
-8.64647
-26.8499
1.97025
-6.80784
-13.6872
1.57537
-4.70548
-5.20903
0.867049
42.5279
-286.621
15.2515
50.6824
-261.627
16.376
34.8052
-131.773
10.9302
16.9463
-50.3813
5.60413
17.0156
-35.6007
5.21296
9.37183
-8.03441
1.19176
-44.8369
-286.033
10.8358
-43.041
-208.487
8.75212
-30.4546
-112.115
4.88891
-34.4325
-89.1298
8.01016
-20.8262
-35.4654
3.53534
-10.8482
-11.2425
-0.175389
-3.80591
-432.586
19.6246
-4.37506
-315.809
16.5459
-5.15327
-229.1
15.6065
-3.75736
-116.745
9.75147
-6.18303
-52.1071
6.57475
-4.07127
-9.06752
1.557
-0.301504
-425.829
19.5162
-1.22481
-257.202
13.6609
-1.25426
-200.427
14.4903
1.09129
-122.612
11.8799
-0.562136
-49.5001
6.31549
0.0608649
-12.489
1.9318
0.541161
-3.08275
0.626968
-0.536012
-0.696424
0.578931
-1.00094
-363.688
15.2635
-8.43305
-4.58284
0.570619
0.0200374
0.999867
0.00130817
3.95869
-1.74154
-0.285363
37.5526
-284.817
14.3363
41.7664
-247.631
14.1362
38.3636
-171.778
12.2228
44.8679
-139.427
13.8921
21.1057
-55.0366
7.33229
13.4116
-20.5714
3.07401
-50.7718
-365.676
13.3924
-55.0441
-308.807
12.202
-41.102
-171.609
7.70367
-32.8297
-105.228
6.68311
-25.0216
-53.8276
4.85441
-16.405
-21.0421
1.95016
-3.62846
-511.79
22.1298
-3.58391
-311.207
15.0175
-4.75886
-258.991
15.1208
-2.4893
-135.426
11.3876
-5.75531
-81.0704
8.82439
-6.4818
-28.8983
4.0277
0.0501453
-423.822
18.557
-0.746248
-367.207
17.9111
-1.66242
-252.877
15.1356
-0.0354792
-134.061
10.0585
-0.571796
-76.1385
8.54162
-0.380593
-28.34
4.09484
5.11819
-5.15478
0.354722
4.60126
-22.1315
1.86236
