5.31191
-43.1326
2.23936
-8.11452
-64.6539
2.10588
-0.275559
-0.142838
-0.0903166
0.123601
0.0301133
0.0466529
5.05053
-43.9452
2.2281
-8.49972
-65.9346
2.14114
-0.115377
-0.000591848
0.068322
0.141666
-0.0580478
-0.0838233
10.4816
-67.6557
4.06519
9.89812
-48.9862
3.74298
10.7767
-39.1649
4.4169
5.02646
-13.4979
2.33753
4.33108
-8.038
1.81594
2.34574
-2.28852
0.7605
-10.8019
-67.4977
2.3991
-10.4184
-48.7685
1.97709
-6.8054
-24.0683
0.98627
-8.58319
-21.1347
1.57226
-4.59645
-8.02632
0.627824
-2.40186
-2.40236
-0.276124
10.0155
-69.2259
3.98131
9.44278
-50.4648
3.4843
9.22466
-36.4996
3.30416
4.59811
-14.5468
1.47321
3.56641
-8.60882
1.24927
1.96384
-2.01402
0.148857
-11.3095
-69.1038
2.50338
-10.9001
-50.3125
2.25963
-7.00838
-24.985
1.5597
-9.22644
-22.7225
2.59707
-5.59829
-8.51547
1.3327
-2.23477
-2.23409
0.332273
-0.119544
-129.357
5.49537
1.19264
-0.822565
0.311123
10.3323
-87.0873
4.45173
-1.44127
-0.879731
-0.241908
-21.9507
-174.135
5.67719
0.36155
0.301755
-0.142402
-0.759871
-0.260453
0.182004
0.62756
-0.113325
0.105643
-0.572317
-87.8808
3.67302
1.17319
-0.660337
-0.445469
-1.44928
-1.03126
0.482245
-0.0762289
0.114212
-0.0290278
10.5889
-77.0315
4.26328
10.2578
-58.2708
3.8907
9.35434
-40.033
3.59315
8.18307
-23.7716
3.25534
5.35868
-12.3439
2.40564
3.38429
-4.72831
1.21555
-10.8257
-76.9182
2.61228
-10.6872
-58.0858
2.17862
-9.95005
-39.9735
1.74728
-8.11462
-24.3783
1.09594
-5.64505
-12.1717
0.975034
-3.5321
-4.75313
0.222944
15.1515
-117.959
6.32019
9.80856
-59.7663
3.73176
8.96547
-41.4283
3.19469
6.00933
-20.3364
2.12222
4.64097
-13.2459
1.69824
2.64402
-4.93501
0.674781
-11.3405
-78.5784
2.65459
-11.1347
-59.6568
2.37316
-10.4695
-41.2735
2.15472
-8.29088
-25.5523
2.06712
-6.52692
-13.0195
1.68546
-4.52383
-4.99001
0.942601
40.7555
-273.838
16.1689
48.4453
-249.013
18.1246
33.1329
-124.834
12.4202
16.0439
-47.608
6.50982
16.0026
-33.5773
6.34138
8.81619
-7.5994
1.75393
-43.529
-273.25
9.85839
-41.6623
-198.438
8.50739
-29.3174
-106.301
5.1489
-32.9603
-84.1536
8.54453
-19.8326
-33.5157
3.99734
-10.3279
-10.6471
0.12641
-3.6771
-414.812
19.5641
-4.36893
-301.882
17.3743
-5.24595
-218.189
17.1006
-3.87129
-111.043
11.202
-6.25656
-49.6767
7.73877
-4.11946
-8.81828
1.9993
-1.13795
-405.195
19.4402
-1.77228
-243.59
14.3045
-1.6449
-188.744
15.789
0.824484
-114.661
13.52
-0.493012
-46.1134
7.48766
0.243406
-11.5115
2.54772
0.670251
-2.77541
0.873477
-0.618271
-0.757683
0.719217
-1.23826
-348.298
14.5809
-8.03046
-4.33895
0.666027
-0.00904402
0.937909
-0.017384
3.71765
-1.66985
-0.0391899
36.005
-272.489
14.8808
39.9836
-236.178
15.319
36.6016
-163.138
13.7281
42.6395
-131.784
15.9772
19.8896
-51.923
8.65117
12.6079
-19.4189
3.96113
-49.3264
-349.824
11.8768
-53.3755
-294.49
11.4666
-39.6877
-163.008
7.76495
-31.5022
-99.5337
7.09395
-23.8826
-50.8317
5.35644
-15.5994
-19.9189
2.32989
-3.46711
-491.3
21.5622
-3.50949
-298
15.3461
-4.79536
-247.106
16.2631
-2.61007
-128.843
12.5842
-5.83366
-77.1356
10.1682
-6.53104
-27.6926
4.94787
-0.700019
-404.031
18.0697
-1.5312
-348.643
18.3023
-2.19694
-238.819
16.2362
-0.28871
-125.89
11.3088
-0.629634
-71.0429
9.89245
-0.225846
-26.3367
5.01048
4.63533
-5.0136
0.905613
4.36468
-21.0273
2.12291
