5.08704
-41.5261
2.27474
-7.88289
-62.2475
1.89329
-0.266137
-0.13791
-0.0894508
0.122525
0.0288297
0.0472691
4.88273
-42.5164
2.26315
-8.18058
-63.7896
1.9275
-0.114652
-0.00222564
0.0677252
0.135518
-0.0573623
-0.0794936
10.0385
-65.1055
4.23222
9.4871
-47.1288
3.97518
10.3548
-37.7055
4.70173
4.8457
-13.0208
2.48514
4.20984
-7.79203
1.96666
2.30547
-2.23684
0.833678
-10.487
-64.9563
2.22632
-10.09
-46.9307
1.92191
-6.5713
-23.18
1.015
-8.2683
-20.4075
1.63188
-4.42205
-7.78437
0.67923
-2.31229
-2.33821
-0.236312
9.67916
-67.0225
4.14965
9.10962
-48.9123
3.72535
8.87043
-35.4632
3.58602
4.41281
-14.1989
1.65935
3.41723
-8.49629
1.42739
1.87062
-2.06309
0.253445
-10.8875
-66.8963
2.33131
-10.5043
-48.7489
2.20044
-6.76256
-24.2634
1.57153
-8.9288
-22.197
2.61685
-5.44829
-8.39264
1.35595
-2.19361
-2.24095
0.34017
-0.224387
-124.54
5.33331
1.18189
-0.811133
0.345511
9.93983
-84.0524
4.52265
-1.38985
-0.855577
-0.224942
-21.2292
-168.067
5.11064
0.3642
0.297923
-0.131614
-0.739814
-0.255392
0.169218
0.611937
-0.116778
0.105653
-0.530503
-85.0226
3.56405
1.11327
-0.712716
-0.364297
-1.43434
-1.06236
0.47593
-0.0820897
0.106754
-0.0236387
10.1405
-74.1461
4.38313
9.82609
-56.0633
4.09684
8.9749
-38.5213
3.83452
7.87068
-22.9151
3.48263
5.18523
-11.933
2.58583
3.30673
-4.60009
1.33113
-10.5153
-74.0382
2.38002
-10.3649
-55.8917
2.06849
-9.62095
-38.4766
1.74042
-7.82558
-23.5013
1.14765
-5.43403
-11.7754
1.02842
-3.39788
-4.62229
0.267055
14.647
-114.161
6.50151
9.47251
-57.892
3.9416
8.63463
-40.1917
3.45098
5.77098
-19.803
2.32771
4.45379
-12.9943
1.9107
2.52817
-4.91585
0.815466
-10.9159
-76.0439
2.42314
-10.7258
-57.7708
2.26107
-10.0956
-40.027
2.13785
-8.00918
-24.8685
2.08806
-6.33255
-12.762
1.71115
-4.41852
-4.95983
0.957374
39.2033
-264.334
16.8397
46.5774
-240.47
19.3284
31.8552
-120.755
13.3809
15.441
-46.2018
7.05884
15.454
-32.8486
7.00372
8.55268
-7.58651
2.08108
-42.083
-263.767
9.17655
-40.2427
-191.65
8.29437
-28.2946
-102.827
5.25868
-31.8421
-81.7772
8.68794
-19.1904
-32.8017
4.15179
-10.0481
-10.5161
0.232422
-3.44578
-401.583
19.5412
-4.2148
-292.536
17.9017
-5.16497
-211.948
17.973
-3.85669
-108.46
12.0062
-6.21551
-49.0318
8.32892
-4.12908
-8.98387
2.20753
-1.50955
-389.927
19.4122
-1.9513
-234.383
14.7214
-1.71117
-181.745
16.5399
0.762488
-110.678
14.4264
-0.378744
-44.728
8.09767
0.371834
-11.2383
2.85542
0.747932
-2.71661
0.997945
-0.658009
-0.886056
0.788919
-1.29943
-336.16
14.1495
-7.83276
-4.33161
0.673826
-0.0286468
0.895041
-0.0301591
3.6106
-1.72562
0.100779
34.6354
-263.009
15.3005
38.4527
-228.017
16.1567
35.1933
-157.644
14.731
41.0037
-127.684
17.276
19.1701
-50.5661
9.43261
12.2031
-19.1189
4.47944
-47.7022
-337.654
10.8374
-51.5869
-284.308
10.931
-38.3121
-157.533
7.7364
-30.4141
-96.4255
7.22495
-23.0841
-49.5422
5.52573
-15.1199
-19.6016
2.45228
-3.21829
-475.471
21.2124
-3.32854
-288.627
15.5669
-4.67149
-239.682
16.9628
-2.62242
-125.43
13.235
-5.77609
-75.6703
10.8699
-6.50371
-27.6128
5.4028
-1.04983
-388.902
17.7701
-1.85313
-335.444
18.5723
-2.33305
-229.83
16.9161
-0.329679
-121.343
12.037
-0.565032
-68.7197
10.6139
-0.0888388
-25.6298
5.47649
4.40433
-5.19093
1.21044
4.19086
-20.422
2.28581
