4.96109
-40.6548
2.29499
-7.7322
-60.9427
1.79118
-0.262499
-0.136084
-0.0893096
0.122338
0.0281882
0.0476882
4.78356
-41.7339
2.28335
-7.98887
-62.6148
1.82443
-0.114522
-0.00304309
0.0674387
0.133635
-0.0577613
-0.0776967
9.7919
-63.76
4.31748
9.26347
-46.1937
4.08826
10.1353
-37.0273
4.83311
4.75738
-12.82
2.55014
4.15873
-7.70861
2.03394
2.29227
-2.22865
0.866731
-10.2836
-63.617
2.14223
-9.88528
-46.0069
1.89294
-6.43426
-22.761
1.02602
-8.09975
-20.1116
1.64825
-4.33836
-7.69955
0.694345
-2.27448
-2.32104
-0.223796
9.4816
-65.8512
4.23654
8.92009
-48.131
3.84539
8.67961
-34.9933
3.72173
4.32106
-14.0629
1.74774
3.35381
-8.48291
1.50895
1.83478
-2.10877
0.299549
-10.6346
-65.7241
2.24614
-10.2706
-47.9629
2.16615
-6.624
-23.9306
1.56931
-8.77177
-22.0052
2.60703
-5.37492
-8.37209
1.35493
-2.17583
-2.25901
0.338876
-0.262609
-121.927
5.25983
1.18033
-0.81391
0.361046
9.71512
-82.3987
4.56352
-1.36971
-0.850238
-0.22089
-20.7813
-164.76
4.83773
0.365469
0.296307
-0.126707
-0.732085
-0.253734
0.163089
0.606998
-0.119779
0.106113
-0.503834
-83.4576
3.51449
1.09075
-0.751133
-0.329441
-1.42946
-1.08685
0.4698
-0.084361
0.102882
-0.021585
9.88985
-72.5994
4.44663
9.58805
-54.9223
4.19948
8.77238
-37.785
3.94957
7.71011
-22.5379
3.58648
5.10646
-11.7757
2.66605
3.27688
-4.56457
1.38297
-10.3135
-72.4956
2.26772
-10.1595
-54.7592
2.01409
-9.42129
-37.7472
1.73344
-7.66293
-23.1087
1.16702
-5.32725
-11.6231
1.04392
-3.3371
-4.58218
0.2798
14.349
-112.107
6.59839
9.27756
-56.919
4.04781
8.4509
-39.5949
3.57694
5.6468
-19.579
2.42538
4.36839
-12.9193
2.00947
2.48175
-4.938
0.879194
-10.6609
-74.6737
2.31064
-10.4821
-56.7928
2.20322
-9.87796
-39.4257
2.12167
-7.85602
-24.5766
2.08469
-6.23334
-12.6834
1.70958
-4.3698
-4.97437
0.954556
38.3206
-259.302
17.1831
45.5378
-236.166
19.9211
31.1733
-118.874
13.8369
15.141
-45.6206
7.31065
15.2166
-32.6483
7.30371
8.45032
-7.6499
2.22993
-41.1908
-258.751
8.84142
-39.3874
-188.235
8.1755
-27.7082
-101.204
5.29138
-31.2461
-80.8476
8.69327
-18.8755
-32.5985
4.1832
-9.92582
-10.5176
0.258589
-3.29288
-394.556
19.5393
-4.0954
-287.841
18.1486
-5.0818
-209.118
18.3574
-3.82138
-107.499
12.3503
-6.1673
-48.965
8.56545
-4.12602
-9.14961
2.28636
-1.63058
-381.881
19.4094
-1.98042
-229.76
14.9192
-1.68507
-178.483
16.8679
0.765375
-109.055
14.8125
-0.303807
-44.2666
8.34813
0.436533
-11.1967
2.97928
0.783721
-2.72324
1.04902
-0.673152
-0.971426
0.816768
-1.30027
-329.547
13.9548
-7.75211
-4.36625
0.662664
-0.0382297
0.873507
-0.0364692
3.57145
-1.77918
0.163773
33.8529
-257.905
15.5232
37.5897
-223.789
16.5764
34.4249
-154.977
15.2158
40.1479
-125.916
17.8802
18.8385
-50.0818
9.787
12.0376
-19.09
4.71467
-46.6948
-331.107
10.3332
-50.4945
-279.04
10.6596
-37.4999
-154.873
7.6999
-29.8138
-95.0647
7.24413
-22.6749
-49.0876
5.55958
-14.8958
-19.5538
2.47563
-3.05912
-466.911
21.0593
-3.20285
-283.77
15.6755
-4.56641
-236.111
17.2815
-2.60736
-123.994
13.5066
-5.71386
-75.2472
11.1567
-6.47099
-27.7584
5.5823
-1.17153
-380.797
17.6392
-1.94566
-328.632
18.7069
-2.33169
-225.462
17.2277
-0.312134
-119.328
12.359
-0.50407
-67.8505
10.9147
-0.0124961
-25.4386
5.66556
4.31478
-5.34687
1.34434
4.09998
-20.1559
2.3617
