4.38396
-36.7705
2.39267
-6.90811
-55.1287
1.44958
-0.253894
-0.132323
-0.0901657
0.123441
0.0256336
0.0499099
4.29048
-38.1792
2.38167
-7.03651
-57.2776
1.47615
-0.115127
-0.00619652
0.0662409
0.132968
-0.063525
-0.072621
8.67061
-57.9747
4.64954
8.27201
-42.4268
4.48865
9.21218
-34.6204
5.25379
4.41657
-12.2337
2.74119
4.0068
-7.59672
2.24552
2.27662
-2.29301
0.976255
-9.17978
-57.8665
1.84965
-8.81537
-42.2909
1.77316
-5.76592
-21.233
1.0433
-7.36178
-19.315
1.62427
-4.02471
-7.56201
0.689815
-2.1628
-2.33447
-0.215481
8.50658
-60.7163
4.58146
8.02082
-44.9473
4.28906
7.83793
-33.3725
4.19774
3.96266
-13.7251
2.05574
3.16885
-8.66247
1.78013
1.75572
-2.40429
0.445496
-9.37975
-60.5958
1.93955
-9.12562
-44.7698
2.00405
-5.97678
-22.7489
1.50448
-8.09049
-21.628
2.44215
-5.08529
-8.51183
1.27419
-2.1174
-2.40863
0.304011
-0.307143
-110.285
5.05523
1.19417
-0.871552
0.413036
8.64853
-74.9594
4.76209
-1.32026
-0.866057
-0.228669
-18.4593
-149.89
3.91866
0.369459
0.29121
-0.109853
-0.713635
-0.251605
0.140561
0.6033
-0.13861
0.11058
-0.37184
-76.3488
3.37535
1.04451
-0.969674
-0.224056
-1.42202
-1.23101
0.428727
-0.089172
0.0867912
-0.0172086
8.74347
-65.8074
4.71343
8.51694
-50.1511
4.57896
7.89424
-34.963
4.34142
7.04487
-21.3248
3.91506
4.83632
-11.42
2.91279
3.20587
-4.58114
1.55012
-9.21182
-65.7289
1.88536
-9.06172
-50.0301
1.81641
-8.40871
-34.9455
1.68023
-6.9051
-21.803
1.19692
-4.89383
-11.2727
1.03434
-3.13068
-4.5616
0.276107
12.8683
-102.907
7.01076
8.32987
-52.7818
4.45265
7.60668
-37.3082
4.03292
5.12402
-18.9162
2.76212
4.07845
-12.8958
2.34366
2.36559
-5.19798
1.08929
-9.39337
-68.5433
1.92312
-9.27798
-52.6448
1.97576
-8.8265
-37.1277
2.00569
-7.16855
-23.6829
1.97957
-5.81948
-12.643
1.6131
-4.19223
-5.19166
0.883466
34.1631
-237.459
18.5272
40.767
-218.716
22.0623
28.2018
-112.237
15.3881
13.9546
-43.9773
8.12596
14.4838
-32.7522
8.27754
8.20795
-8.28207
2.73097
-36.5961
-237.014
7.65063
-35.0903
-174.416
7.63712
-24.9161
-95.3546
5.25726
-28.636
-78.5738
8.28442
-17.6423
-32.6296
4.02937
-9.52823
-10.8865
0.211596
-2.50494
-363.799
19.621
-3.38121
-268.773
18.9466
-4.48585
-199.357
19.4505
-3.49698
-105.47
13.293
-5.78987
-50.088
9.12842
-4.05423
-10.2532
2.45081
-1.64018
-347.325
19.5005
-1.68926
-211.202
15.5798
-1.20663
-166.83
17.7752
0.982972
-104.68
15.8525
0.093407
-43.7146
8.98974
0.690679
-11.5529
3.29738
0.904546
-2.94801
1.19094
-0.702332
-1.4232
0.886352
-1.11225
-299.8
13.4203
-7.52532
-4.71026
0.537522
-0.0735451
0.787588
-0.0596249
3.49593
-2.13148
0.3738
30.1488
-235.278
16.461
33.5672
-205.967
18.1467
30.9819
-144.745
16.9125
36.5156
-120.426
19.871
17.6803
-49.2244
10.9233
11.589
-19.6369
5.49242
-41.4774
-302.116
8.60436
-44.925
-256.865
9.62238
-33.5072
-144.648
7.39942
-27.0757
-90.7068
7.00636
-20.9726
-48.3211
5.37334
-14.0805
-19.9648
2.34729
-2.26918
-428.592
20.6864
-2.51977
-263.178
16.0711
-3.8923
-222.51
18.2542
-2.40814
-119.726
14.1804
-5.24704
-75.249
11.8611
-6.20759
-29.3398
6.00113
-1.2601
-345.231
17.3225
-1.82856
-300.201
19.2081
-1.8731
-208.78
18.1914
-0.00778132
-112.766
13.2983
-0.0940928
-66.0307
11.697
0.330507
-25.5715
6.14713
4.11222
-6.32933
1.76723
3.71535
-19.2931
2.61138
