-0.0671166
-9.21473
-0.0293275
-0.0394088
-13.8347
0.0474465
-0.318217
-0.190153
-0.0803705
0.127654
0.00979498
0.0420655
-0.0342469
-9.15835
-0.0248522
0.0107256
-13.7302
0.0394262
-0.114203
-0.00804486
0.0513456
0.244335
-0.139295
-0.091384
-0.0975186
-18.5722
-0.0181357
0.165809
-18.9449
-0.00957402
1.28526
-23.9787
-0.149194
1.68379
-12.3129
-0.115888
3.04624
-11.0513
-0.0252076
2.21014
-4.65805
0.0100115
-0.0216125
-18.6482
0.117494
-0.0405737
-19.1527
0.243717
-0.463789
-14.1123
0.375981
-2.2046
-21.1447
0.181778
-2.68889
-10.59
-0.183526
-2.27565
-4.27826
-0.622007
-0.0440832
-18.4651
0.0148318
0.187131
-18.845
0.129307
0.960315
-21.348
0.293631
1.52554
-12.273
0.298363
2.91687
-11.1787
0.0231903
2.40134
-4.67329
-0.453812
0.0556425
-18.5155
0.112261
-0.0134807
-18.9628
0.166229
-0.646561
-14.0328
0.106664
-2.62941
-21.2465
-0.341122
-2.92656
-10.8831
-0.206915
-1.66217
-3.64098
-0.181059
-0.144245
-27.6506
-0.00146142
1.26446
-2.17993
-0.0323574
-0.0914809
-18.3711
-0.0477353
-1.6016
-1.90108
-0.492716
-0.123917
-36.7532
0.115959
0.161622
0.134066
-0.149535
-0.795945
-0.330969
0.158465
0.764934
-0.262151
0.11399
-0.0514419
-18.3172
-0.00358128
1.65075
-2.45474
-0.787414
-1.30357
-2.18246
0.082622
0.0186976
0.0243665
-0.0809615
-0.126518
-18.472
-0.0367127
-0.0155392
-18.7321
-0.00621604
0.502066
-19.099
-0.024928
1.43485
-18.3787
-0.0762439
2.89369
-14.157
-0.0534846
2.8035
-7.73712
-0.0295323
-0.0428384
-18.5075
0.0795904
-0.00552062
-18.8666
0.180539
-0.19034
-19.2527
0.329958
-1.11533
-18.1471
0.470179
-2.37992
-13.9104
-0.0131756
-2.67915
-7.25465
-0.38578
-0.104917
-27.5388
-0.0263606
0.0283932
-18.6418
0.0642979
0.434006
-19.0233
0.217365
1.08626
-14.8227
0.242562
2.70951
-14.2661
0.231107
2.72127
-7.75084
-0.195478
0.0296827
-18.3765
0.0816873
0.0320634
-18.7039
0.146323
-0.203111
-19.1543
0.169494
-1.52717
-18.117
-0.0301775
-2.60048
-14.1649
-0.226518
-2.91526
-7.50088
-0.201822
-0.182472
-74.0599
-0.0323788
0.878213
-94.3263
0.289308
3.36871
-73.7784
0.423799
5.06168
-40.6509
0.314211
11.3261
-44.3535
0.192528
8.23189
-16.6334
-0.288989
-0.251824
-74.3347
0.442915
-0.623922
-76.0989
0.810425
-2.6234
-61.0996
1.23469
-8.95954
-79.8532
-0.441474
-10.3038
-43.0333
-0.556319
-8.08713
-17.85
-1.50935
-0.19957
-110.967
0.328669
0.284056
-113.58
0.82701
1.07027
-128.15
1.10657
0.469867
-100.964
1.2732
0.0429382
-66.3891
-0.28545
-1.43776
-18.8289
-0.671552
-0.282922
-111.715
0.271025
0.593985
-95.6127
0.47038
1.46766
-114.886
0.345833
1.26771
-114.005
0.615747
0.936034
-64.9296
-0.208212
-0.295353
-25.3333
-0.601694
-0.335149
-9.22906
-0.183571
0.129753
-4.25731
0.0408563
-0.331087
-73.4961
0.0192694
-7.19267
-9.78728
-0.40147
-0.0742131
0.348177
0.134924
4.01418
-5.55161
-0.703048
-0.27503
-64.4352
-0.104908
0.116421
-74.7266
0.0858384
1.93346
-76.1835
0.3054
6.86016
-98.8795
0.618733
10.6815
-56.5056
0.353717
10.5674
-30.9745
-0.0767532
-0.275237
-83.0217
0.357331
-0.515216
-93.8859
0.798203
-1.39855
-76.5488
1.0277
-5.69235
-72.7264
0.476784
-9.29461
-55.956
-0.300154
-10.1367
-29.791
-0.922444
-0.359066
-114.794
0.173901
0.0857283
-93.5814
0.449065
0.778097
-115.102
1.03639
0.157351
-93.9144
0.490639
0.921887
-85.97
0.258104
-1.27363
-45.2098
-0.754279
-0.399602
-97.0898
0.114994
0.0430115
-112.915
0.438176
1.24375
-115.72
0.668076
1.0634
-96.3499
1.01142
1.62529
-85.0589
0.161627
0.158382
-44.2712
-0.459221
5.5806
-14.6983
-0.859844
0.654497
-14.0198
0.131331
