4.06428
-34.6322
2.4504
-6.37862
-51.9287
1.33872
-0.252435
-0.132184
-0.0911176
0.12481
0.0243269
0.0512279
3.99324
-36.1754
2.44024
-6.47312
-54.2693
1.36056
-0.11587
-0.0076606
0.0655486
0.136087
-0.0684527
-0.071144
8.05269
-54.8839
4.7981
7.73436
-40.528
4.64068
8.72918
-33.5608
5.38545
4.25079
-12.0443
2.79043
3.95361
-7.64842
2.31456
2.28517
-2.37384
1.0172
-8.47469
-54.7972
1.74439
-8.15
-40.4186
1.71449
-5.36973
-20.5373
1.03459
-6.9587
-19.1013
1.56266
-3.87677
-7.59103
0.654187
-2.12559
-2.38247
-0.230874
7.92202
-57.8946
4.73969
7.49746
-43.2968
4.46996
7.37732
-32.6628
4.37781
3.78779
-13.6455
2.1745
3.11076
-8.85816
1.87997
1.74886
-2.60467
0.497026
-8.63734
-57.7833
1.82207
-8.45092
-43.1216
1.91349
-5.60563
-22.2152
1.44034
-7.71742
-21.6111
2.29265
-4.93714
-8.68277
1.19442
-2.0921
-2.51876
0.272374
-0.260313
-103.877
5.02538
1.21
-0.924105
0.43299
8.03449
-70.8167
4.88013
-1.31033
-0.893067
-0.24336
-17.03
-141.61
3.61585
0.370347
0.288823
-0.102826
-0.710215
-0.252635
0.130588
0.609204
-0.151258
0.114001
-0.299005
-72.3422
3.35389
1.04379
-1.10945
-0.189242
-1.42268
-1.32407
0.400324
-0.0891419
0.0784886
-0.017025
8.1094
-62.1144
4.84729
7.9308
-47.6631
4.73446
7.42482
-33.6085
4.48017
6.70014
-20.8581
4.0163
4.72042
-11.3737
2.98734
3.1915
-4.66738
1.6088
-8.50475
-62.0523
1.75547
-8.36798
-47.5659
1.73775
-7.79201
-33.5965
1.63885
-6.47057
-21.2745
1.1831
-4.67217
-11.2219
0.991216
-3.04435
-4.62006
0.247516
11.9763
-97.7723
7.2204
7.76802
-50.5607
4.62632
7.12838
-36.1874
4.21334
4.84971
-18.6831
2.88723
3.95897
-13.0074
2.46814
2.34258
-5.40694
1.16712
-8.64308
-65.1251
1.78823
-8.56591
-50.4251
1.87403
-8.21092
-36.0068
1.92011
-6.78397
-23.3513
1.87659
-5.59873
-12.7459
1.51731
-4.1075
-5.37333
0.818245
31.782
-225.629
19.1324
38.0862
-209.797
22.9016
26.5952
-109.298
15.9406
13.3655
-43.4652
8.39704
14.2191
-33.2291
8.61824
8.16601
-8.78116
2.92562
-33.7812
-225.255
7.20436
-32.4998
-167.362
7.34612
-23.2914
-92.6968
5.13989
-27.203
-78.0961
7.84642
-17.0263
-33.0395
3.80877
-9.36689
-11.2447
0.11678
-2.05378
-346.92
19.7252
-2.92003
-258.927
19.1932
-4.05392
-195.092
19.6863
-3.23407
-105.25
13.4887
-5.4945
-51.2841
9.1913
-3.97936
-11.0089
2.45448
-1.35448
-328.882
19.6174
-1.31333
-201.873
15.8013
-0.768411
-161.658
17.9482
1.19912
-103.503
16.0503
0.338553
-44.0676
9.10281
0.811883
-11.995
3.36456
0.950873
-3.16327
1.23111
-0.698649
-1.70022
0.899206
-0.913717
-283.236
13.349
-7.45341
-4.98235
0.439552
-0.0887302
0.744451
-0.0690602
3.49731
-2.37451
0.455544
28.0202
-222.818
16.9327
31.2807
-196.541
18.8012
29.0794
-139.78
17.5444
34.5935
-118.39
20.5449
17.1792
-49.2958
11.3017
11.4654
-20.2255
5.78006
-38.2684
-286.165
8.00787
-41.5343
-245.155
9.17502
-31.1346
-139.677
7.16137
-25.528
-89.0113
6.70985
-20.0754
-48.4237
5.1088
-13.7023
-20.4551
2.17405
-1.83224
-407.217
20.6875
-2.10999
-252.152
16.2314
-3.43473
-215.892
18.5142
-2.23281
-118.219
14.25
-4.89233
-76.0106
11.9487
-5.9951
-30.5918
6.04748
-1.0553
-325.9
17.3263
-1.47988
-285.397
19.4174
-1.3956
-200.799
18.4587
0.266644
-110.192
13.5295
0.193867
-65.9187
11.8333
0.517719
-26.0807
6.23715
4.0908
-6.99064
1.91684
3.51265
-18.9465
2.69518
