3.73469
-32.4012
2.51228
-5.78831
-48.5899
1.27862
-0.252317
-0.132926
-0.0921655
0.12648
0.0229544
0.0525763
3.67018
-34.0496
2.50324
-5.87327
-51.0781
1.29515
-0.116724
-0.0090261
0.0647471
0.14098
-0.074382
-0.0702276
7.41625
-51.6963
4.92674
7.18166
-38.6143
4.75033
8.23527
-32.5573
5.45559
4.08503
-11.9006
2.8057
3.90792
-7.75193
2.35648
2.2998
-2.48077
1.04764
-7.69068
-51.6321
1.67531
-7.41813
-38.5302
1.66021
-4.94126
-19.8669
1.01515
-6.53491
-18.969
1.47396
-3.73056
-7.66726
0.601573
-2.09642
-2.4528
-0.255045
7.28795
-54.9201
4.87939
6.93579
-41.5857
4.61126
6.89531
-31.9697
4.50771
3.61364
-13.5948
2.26414
3.06829
-9.09623
1.95328
1.75836
-2.82869
0.534639
-7.84611
-54.8214
1.73819
-7.72976
-41.4178
1.8224
-5.21013
-21.689
1.35897
-7.32232
-21.6538
2.10804
-4.78199
-8.89474
1.09435
-2.06642
-2.64393
0.233971
-0.168403
-97.1914
5.05254
1.2293
-0.989965
0.448294
7.38525
-66.459
5.0069
-1.30718
-0.930908
-0.262658
-15.4718
-132.901
3.44688
0.370081
0.285896
-0.0965977
-0.709359
-0.254673
0.121523
0.618742
-0.165418
0.117797
-0.227618
-68.0919
3.37038
1.05475
-1.26337
-0.164949
-1.42403
-1.4262
0.368113
-0.0875902
0.0700661
-0.0179547
7.45588
-58.2799
4.97543
7.32782
-45.1212
4.85725
6.94307
-32.2716
4.57127
6.34778
-20.4496
4.06884
4.61009
-11.3879
3.02582
3.18452
-4.79303
1.64907
-7.71691
-58.2351
1.67841
-7.60007
-45.0479
1.67824
-7.11895
-32.2618
1.5899
-6.00592
-20.797
1.15218
-4.44495
-11.2283
0.927711
-2.96439
-4.71344
0.206122
11.0072
-92.338
7.42259
7.16098
-48.234
4.76962
6.62079
-35.0462
4.34984
4.56774
-18.4777
2.9763
3.84994
-13.1646
2.55945
2.3364
-5.64944
1.22567
-7.84385
-61.5092
1.70487
-7.80556
-48.1045
1.78769
-7.5525
-34.8698
1.82128
-6.37571
-23.052
1.74664
-5.3657
-12.8957
1.39655
-4.02024
-5.58601
0.738276
29.2676
-213.298
19.6589
35.2712
-200.685
23.5287
24.9268
-106.466
16.3074
12.7731
-43.0719
8.56249
13.995
-33.8935
8.85021
8.15857
-9.37039
3.07963
-30.7179
-213
6.89441
-29.6943
-160.157
7.0583
-21.5494
-90.107
4.96363
-25.6889
-77.8763
7.28318
-16.3963
-33.6223
3.51411
-9.216
-11.6869
-0.010541
-1.60139
-329.137
19.8752
-2.42347
-248.742
19.32
-3.55869
-190.938
19.6982
-2.91693
-105.301
13.4966
-5.13515
-52.7387
9.11762
-3.87687
-11.855
2.41323
-0.888018
-309.864
19.785
-0.806902
-192.475
15.9352
-0.224538
-156.738
17.9202
1.47254
-102.774
16.0282
0.606281
-44.7253
9.084
0.927449
-12.582
3.37812
0.987276
-3.43848
1.25343
-0.683394
-2.00057
0.899049
-0.658013
-265.814
13.4307
-7.39641
-5.3056
0.327058
-0.101879
0.700622
-0.0765334
3.5169
-2.65097
0.521465
25.7706
-209.76
17.385
28.8712
-186.794
19.3265
27.0899
-134.805
17.9883
32.6118
-116.608
20.9629
16.7059
-49.5751
11.5374
11.3843
-20.9605
5.99321
-34.7712
-269.451
7.64459
-37.8506
-233.051
8.80687
-28.576
-134.691
6.87822
-23.8801
-87.4849
6.31513
-19.14
-48.7278
4.75293
-13.3272
-21.0766
1.94751
-1.40333
-384.598
20.8329
-1.68719
-240.615
16.3591
-2.92773
-209.178
18.6036
-2.01775
-116.894
14.1379
-4.46953
-77.0606
11.8652
-5.73003
-32.0422
5.99587
-0.691583
-305.83
17.4547
-0.95633
-270.277
19.5883
-0.782411
-192.929
18.5626
0.605203
-107.912
13.5895
0.523908
-66.1758
11.8022
0.711131
-26.8162
6.23487
4.11032
-7.73278
2.02626
3.30411
-18.6233
2.74638
