3.56867
-31.2605
2.5441
-5.47548
-46.8826
1.26892
-0.252626
-0.133559
-0.0926664
0.127362
0.022232
0.0532305
3.50128
-32.9488
2.53569
-5.56508
-49.4257
1.28268
-0.117142
-0.00966581
0.0642923
0.143955
-0.0776266
-0.0699478
7.0956
-50.0746
4.98192
6.90259
-37.6498
4.78768
7.98494
-32.0659
5.46626
4.00138
-11.84
2.80002
3.88597
-7.81809
2.36638
2.30815
-2.54245
1.0583
-7.27583
-50.0214
1.65575
-7.03294
-37.5777
1.63584
-4.71729
-19.5358
1.00207
-6.31562
-18.9227
1.42142
-3.65694
-7.71856
0.570215
-2.08376
-2.49505
-0.269509
6.95668
-53.3805
4.94041
6.64356
-40.702
4.66492
6.6474
-31.6163
4.5518
3.52608
-13.5724
2.29686
3.05083
-9.22384
1.97911
1.7678
-2.94657
0.548027
-7.4392
-53.2891
1.71057
-7.35732
-40.5397
1.77841
-5.00522
-21.4208
1.31331
-7.11664
-21.6834
2.00544
-4.70071
-9.0093
1.0382
-2.05271
-2.70995
0.212806
-0.106838
-93.773
5.0879
1.23958
-1.02725
0.45389
7.05217
-64.217
5.07213
-1.30738
-0.953411
-0.2735
-14.6579
-128.42
3.41625
0.369396
0.284061
-0.0937714
-0.709561
-0.255976
0.117336
0.624469
-0.172895
0.119708
-0.193678
-65.891
3.39314
1.06378
-1.34399
-0.156603
-1.42439
-1.47939
0.350861
-0.0862649
0.0658264
-0.0187885
7.12671
-56.3234
5.03582
7.02388
-43.8329
4.90471
6.69934
-31.604
4.59752
6.16882
-20.2582
4.07574
4.55521
-11.4109
3.03064
3.1821
-4.86752
1.66153
-7.29955
-56.2873
1.66131
-7.19469
-43.7712
1.65688
-6.76593
-31.5943
1.56368
-5.76402
-20.5692
1.13133
-4.32856
-11.2465
0.8898
-2.92553
-4.77051
0.181763
10.5007
-89.5244
7.51838
6.8443
-47.0305
4.82782
6.35811
-34.4589
4.3995
4.42391
-18.3758
3.00598
3.79741
-13.2508
2.59146
2.33779
-5.7783
1.24715
-7.43308
-59.6374
1.68427
-7.41365
-46.9057
1.75199
-7.21169
-34.2864
1.76877
-6.16375
-22.903
1.67379
-5.24397
-12.979
1.32868
-3.9744
-5.69941
0.693918
27.9776
-206.971
19.8858
33.829
-196.039
23.7533
24.0738
-105.052
16.4151
12.4737
-42.8971
8.60262
13.8909
-34.2712
8.92174
8.16296
-9.69063
3.13944
-29.1192
-206.713
6.79688
-28.2322
-156.483
6.92127
-20.6435
-88.8087
4.8576
-24.9026
-77.8164
6.96409
-16.0725
-33.9554
3.3444
-9.14089
-11.9313
-0.0832108
-1.3826
-319.935
19.967
-2.17044
-243.488
19.3376
-3.2949
-188.824
19.6206
-2.74242
-105.361
13.4311
-4.93426
-53.5203
9.03129
-3.81512
-12.3001
2.37679
-0.594167
-300.187
19.8874
-0.512621
-187.738
15.9682
0.0793687
-154.323
17.8316
1.62709
-102.519
15.9357
0.746675
-45.1397
9.02617
0.982714
-12.9222
3.36529
1.00157
-3.59645
1.25778
-0.671599
-2.15666
0.894176
-0.512693
-256.85
13.5299
-7.37033
-5.48243
0.267124
-0.107609
0.678306
-0.07946
3.53147
-2.79883
0.54792
24.6166
-203.05
17.5984
27.6356
-181.805
19.5333
26.0709
-132.284
18.1327
31.6008
-115.754
21.0687
16.4733
-49.7605
11.5974
11.3531
-21.3666
6.06886
-32.945
-260.862
7.55806
-35.9287
-226.857
8.65982
-27.2441
-132.165
6.72545
-23.0236
-86.7454
6.0883
-18.6561
-48.9241
4.5472
-13.1366
-21.4215
1.81862
-1.19918
-372.888
20.9602
-1.4783
-234.649
16.41
-2.66398
-205.729
18.5837
-1.89893
-116.238
14.0156
-4.23698
-77.6371
11.761
-5.57877
-32.8136
5.93486
-0.455519
-295.589
17.566
-0.637133
-262.614
19.6583
-0.434101
-188.999
18.5525
0.793914
-106.836
13.5552
0.701522
-66.4014
11.725
0.809211
-27.2518
6.1999
4.13211
-8.1257
2.06508
3.1978
-18.4619
2.75892
