3.23876
-28.9477
2.60767
-4.82571
-43.4203
1.29087
-0.253687
-0.135195
-0.0935048
0.129065
0.0206967
0.0544253
3.15365
-30.688
2.60062
-4.94277
-46.0324
1.29903
-0.117848
-0.010843
0.0632435
0.150662
-0.0844571
-0.0696815
6.45768
-46.7911
5.07124
6.34445
-35.7012
4.82555
7.47905
-31.082
5.43747
3.83106
-11.7284
2.76119
3.83998
-7.96829
2.36204
2.32426
-2.67838
1.0689
-6.41508
-46.7594
1.64841
-6.23617
-35.6513
1.59532
-4.25495
-18.8709
0.971282
-5.86317
-18.8477
1.30458
-3.50641
-7.83755
0.500012
-2.06
-2.5905
-0.301575
6.27492
-50.2075
5.04156
6.04264
-38.8685
4.73536
6.14009
-30.8696
4.59543
3.34836
-13.5171
2.33596
3.01902
-9.48028
2.00706
1.79283
-3.1871
0.563162
-6.61655
-50.132
1.68635
-6.60011
-38.7206
1.69754
-4.58539
-20.8583
1.21581
-6.68999
-21.7294
1.78613
-4.52886
-9.24076
0.916711
-2.02206
-2.84389
0.167584
0.0432987
-86.8415
5.20034
1.25992
-1.10882
0.460143
6.37843
-59.6422
5.20257
-1.30976
-1.00431
-0.296626
-12.9889
-119.277
3.46489
0.366657
0.279319
-0.0886984
-0.710495
-0.258928
0.109652
0.636924
-0.188242
0.12327
-0.131307
-61.3711
3.46649
1.08708
-1.50865
-0.147472
-1.42322
-1.58701
0.314546
-0.0825551
0.0573444
-0.0211002
6.47242
-52.3591
5.14601
6.41814
-41.227
4.9694
6.20959
-30.2586
4.60988
5.80562
-19.8819
4.04939
4.4425
-11.4738
3.00959
3.17591
-5.03266
1.66914
-6.4329
-52.3399
1.67135
-6.35484
-41.1872
1.63318
-6.03683
-30.2474
1.51076
-5.2648
-20.1184
1.0817
-4.08889
-11.299
0.804865
-2.84746
-4.89912
0.127824
9.45818
-83.7374
7.69411
6.19274
-44.543
4.91421
5.81933
-33.2332
4.45878
4.13058
-18.1532
3.0336
3.69226
-13.4183
2.62577
2.34561
-6.04007
1.27293
-6.60337
-55.7883
1.68683
-6.61914
-44.4302
1.6988
-6.51617
-33.0715
1.66214
-5.72686
-22.5823
1.51761
-4.98931
-13.1429
1.182
-3.87587
-5.93017
0.598666
25.3663
-194.047
20.2551
30.9061
-186.533
24.013
22.3391
-102.15
16.4711
11.8651
-42.5442
8.5928
13.6836
-35.0643
8.96731
8.17764
-10.363
3.21922
-25.8419
-193.869
6.72545
-25.2333
-148.962
6.67445
-18.7818
-86.1468
4.62128
-23.2757
-77.699
6.27257
-15.4009
-34.6551
2.97103
-8.98399
-12.4475
-0.240999
-0.973494
-300.972
20.1824
-1.67169
-232.596
19.2848
-2.75162
-184.366
19.3063
-2.37213
-105.409
13.1654
-4.49733
-55.0994
8.76224
-3.67074
-13.207
2.27326
0.0947237
-280.592
20.1264
0.139517
-178.16
15.9679
0.734492
-149.483
17.5128
1.96421
-102.107
15.5933
1.03639
-46.0765
8.81483
1.08718
-13.6766
3.29946
1.02184
-3.94707
1.25148
-0.640075
-2.47387
0.874552
-0.196441
-238.559
13.8393
-7.31624
-5.85673
0.142758
-0.117216
0.632678
-0.0836378
3.56559
-3.1068
0.586026
22.2819
-189.352
17.9882
25.1329
-171.606
19.8248
24.0008
-127.118
18.258
29.5433
-114.004
21.0639
16.0023
-50.1542
11.5939
11.2954
-22.2192
6.15047
-29.2003
-243.327
7.58211
-31.9868
-214.194
8.45403
-24.5109
-126.987
6.41251
-21.2573
-85.2319
5.59373
-17.6534
-49.3385
4.09407
-12.7415
-22.1457
1.5376
-0.823649
-348.805
21.3187
-1.07899
-222.321
16.4864
-2.13306
-198.536
18.4203
-1.64733
-114.814
13.6459
-3.74033
-78.7728
11.4323
-5.24211
-34.3851
5.74392
0.108845
-274.835
17.8781
0.0948209
-247.108
19.7675
0.325308
-181.076
18.4126
1.20039
-104.717
13.3613
1.07527
-66.9584
11.4503
1.00595
-28.2192
6.06198
4.19235
-8.93509
2.10778
2.98134
-18.122
2.75693
