2.76036
-25.4531
2.69624
-3.8253
-38.1872
1.42309
-0.25542
-0.138019
-0.0940085
0.130933
0.0181424
0.0556816
2.62224
-27.1979
2.69131
-4.02364
-40.7949
1.42327
-0.118176
-0.0122881
0.0612131
0.161567
-0.0947896
-0.0698079
5.5296
-41.8114
5.14585
5.52141
-32.7176
4.78902
6.71232
-29.54
5.26958
3.56454
-11.5466
2.63318
3.75464
-8.20143
2.28902
2.33821
-2.89856
1.0527
-5.09121
-41.8082
1.71872
-5.01221
-32.6957
1.56413
-3.54137
-17.8349
0.921604
-5.15421
-18.7101
1.11516
-3.26624
-8.02315
0.383569
-2.02131
-2.74839
-0.353315
5.23186
-45.2494
5.1331
5.11936
-35.9278
4.74484
5.35758
-29.5746
4.54564
3.07055
-13.3579
2.32406
2.96524
-9.81636
1.98348
1.83539
-3.53496
0.553656
-5.39886
-45.1994
1.73138
-5.46633
-35.808
1.60671
-3.94436
-19.9029
1.06693
-6.0175
-21.6759
1.44259
-4.24365
-9.54546
0.720745
-1.96358
-3.03224
0.0953609
0.318821
-76.3669
5.45963
1.28469
-1.24145
0.454437
5.3743
-52.6557
5.38453
-1.31311
-1.08991
-0.332398
-10.4649
-105.312
3.80272
0.358289
0.268669
-0.0826003
-0.710743
-0.263371
0.0997994
0.654984
-0.21077
0.127028
-0.0560712
-54.3937
3.63708
1.12888
-1.74975
-0.152945
-1.41253
-1.74063
0.256849
-0.0744888
0.0448715
-0.0258825
5.5229
-46.3616
5.27467
5.53256
-37.26
4.98728
5.47866
-28.1815
4.52786
5.24956
-19.2783
3.90845
4.25648
-11.5637
2.89681
3.15252
-5.29527
1.63102
-5.09903
-46.3648
1.79502
-5.06436
-37.2484
1.65096
-4.91589
-28.1651
1.44137
-4.48986
-19.4034
0.997953
-3.70934
-11.3733
0.66467
-2.72202
-5.10545
0.0395179
7.86482
-74.7603
7.90182
5.1942
-40.6141
4.96317
4.99095
-31.2181
4.44392
3.67664
-17.7145
2.99229
3.52204
-13.5943
2.59655
2.35735
-6.40526
1.26342
-5.37729
-49.8175
1.79906
-5.43671
-40.5246
1.67323
-5.46609
-31.0798
1.5137
-5.04924
-21.9752
1.27464
-4.57908
-13.3212
0.947315
-3.70435
-6.25166
0.445818
21.4646
-174.155
20.57
26.5118
-171.65
23.9179
19.6928
-97.3877
16.1502
10.9175
-41.8619
8.34329
13.3291
-36.1712
8.7662
8.1812
-11.38
3.22027
-20.8853
-174.087
6.94023
-20.6803
-137.175
6.4169
-15.9259
-81.8224
4.24906
-20.7194
-77.2307
5.17248
-14.318
-35.621
2.35777
-8.71005
-13.2206
-0.494389
-0.463671
-271.337
20.5731
-0.988295
-215.132
19.0125
-1.9493
-176.653
18.4816
-1.79985
-104.881
12.4534
-3.78189
-57.2048
8.12548
-3.4044
-14.5124
2.042
1.30597
-250.856
20.5565
1.21504
-163.465
15.8191
1.78285
-141.905
16.7224
2.51505
-101.355
14.7137
1.47894
-47.5366
8.26176
1.22446
-14.9151
3.09305
1.02964
-4.53213
1.19794
-0.574571
-2.93678
0.818641
0.310536
-210.624
14.5438
-7.20889
-6.43193
-0.0481283
-0.126493
0.561716
-0.0858535
3.61391
-3.57252
0.599743
18.7996
-168.37
18.4446
21.3835
-155.794
19.9398
20.8642
-118.893
18.0317
26.3844
-110.924
20.5034
15.2429
-50.5855
11.2583
11.1777
-23.4718
6.07312
-23.5384
-216.455
8.10505
-26.0128
-194.555
8.40491
-20.3469
-118.748
5.97815
-18.5146
-82.6329
4.81125
-16.0599
-49.8026
3.35396
-12.0917
-23.2004
1.07996
-0.370142
-311.446
22.0801
-0.560302
-202.842
16.5444
-1.37816
-186.703
17.9021
-1.26389
-112.026
12.8146
-2.9545
-80.055
10.6554
-4.66629
-36.5988
5.28697
1.12274
-243.425
18.5384
1.35058
-223.483
19.861
1.555
-168.82
17.9366
1.85173
-101.334
12.7827
1.66038
-67.7746
10.7514
1.29419
-29.7672
5.68092
4.29995
-10.1338
2.07228
2.64788
-17.5186
2.68601
