2.6076
-24.2945
2.72198
-3.49392
-36.4516
1.49139
-0.255754
-0.138891
-0.0938858
0.131219
0.0172258
0.0558862
2.4461
-26.0207
2.71775
-3.72797
-39.0284
1.48914
-0.117974
-0.0126639
0.0603836
0.165115
-0.0980283
-0.0699271
5.2322
-40.1483
5.15345
5.25403
-31.7041
4.75245
6.45615
-28.9927
5.18154
3.47204
-11.4717
2.57209
3.71903
-8.2705
2.24564
2.33771
-2.97135
1.03741
-4.65282
-40.1532
1.76364
-4.60621
-31.6901
1.56405
-3.3025
-17.4712
0.906537
-4.91151
-18.639
1.05244
-3.18101
-8.07693
0.343746
-2.00573
-2.80074
-0.370507
4.88567
-43.5535
5.14586
4.81076
-34.8918
4.7223
5.09309
-29.0782
4.49838
2.97388
-13.2715
2.30051
2.94209
-9.90105
1.95674
1.84799
-3.63999
0.541128
-5.00643
-43.512
1.76833
-5.09717
-34.7825
1.58786
-3.73145
-19.5434
1.02017
-5.78687
-21.602
1.32983
-4.14055
-9.62215
0.654244
-1.9396
-3.08656
0.0708599
0.418739
-72.8935
5.56506
1.28991
-1.28592
0.447835
5.0472
-50.3192
5.43753
-1.31272
-1.11902
-0.343969
-9.63893
-100.642
3.98022
0.354147
0.263994
-0.0809859
-0.709799
-0.264584
0.0969346
0.659923
-0.217696
0.12761
-0.0367782
-52.04
3.70667
1.14279
-1.82413
-0.159901
-1.40541
-1.78641
0.237108
-0.071187
0.0408699
-0.027738
5.21945
-44.3675
5.30508
5.24732
-35.9261
4.97183
5.23832
-27.4652
4.47455
5.06196
-19.0522
3.83494
4.18769
-11.5795
2.8368
3.13811
-5.3789
1.60362
-4.65726
-44.3772
1.86352
-4.63691
-35.9226
1.67237
-4.54301
-27.4467
1.42413
-4.2282
-19.1416
0.970639
-3.57713
-11.3843
0.61721
-2.67613
-5.17073
0.00951451
7.33671
-71.7152
7.95186
4.86189
-39.2539
4.95724
4.71297
-30.4881
4.41138
3.52186
-17.5256
2.95625
3.45892
-13.6161
2.56401
2.35786
-6.5088
1.24611
-4.98274
-47.792
1.8639
-5.05385
-39.1729
1.6811
-5.12147
-30.3591
1.47153
-4.82055
-21.7217
1.19612
-4.43526
-13.3462
0.86863
-3.6393
-6.34226
0.393901
20.1901
-167.431
20.6053
25.0652
-166.504
23.7589
18.8063
-95.6371
15.9372
10.5903
-41.5557
8.19664
13.1876
-36.4679
8.62161
8.16832
-11.6992
3.18415
-19.2622
-167.396
7.09815
-19.1818
-133.095
6.37301
-14.9739
-80.2512
4.13268
-19.8438
-76.918
4.80837
-13.9341
-35.8731
2.14757
-8.60276
-13.4566
-0.579769
-0.32821
-261.199
20.717
-0.788772
-208.977
18.8802
-1.69881
-173.7
18.1282
-1.61485
-104.435
12.141
-3.53591
-57.7515
7.85394
-3.30348
-14.9039
1.94488
1.73497
-240.918
20.7138
1.5825
-158.464
15.7365
2.1355
-139.221
16.3902
2.70351
-100.969
14.333
1.62414
-47.9748
8.01608
1.26363
-15.3302
2.99349
1.02571
-4.73299
1.16647
-0.548448
-3.07975
0.792459
0.479384
-201.281
14.8288
-7.16019
-6.61514
-0.111271
-0.128093
0.537524
-0.0856068
3.62483
-3.72028
0.591113
17.6643
-161.324
18.553
20.1549
-150.399
19.8905
19.8225
-115.987
17.8483
25.3173
-109.687
20.1703
14.9661
-50.6277
11.0547
11.1186
-23.8448
5.98784
-21.6855
-207.426
8.40231
-24.0517
-187.85
8.46659
-18.9702
-115.839
5.85782
-17.5877
-81.617
4.55681
-15.5059
-49.8573
3.10302
-11.8548
-23.5085
0.923378
-0.253865
-298.772
22.3804
-0.416229
-196.094
16.5511
-1.14999
-182.409
17.6695
-1.14246
-110.83
12.4757
-2.69271
-80.268
10.327
-4.46039
-37.2358
5.08996
1.48617
-232.977
18.7982
1.78934
-215.531
19.8763
1.97101
-164.586
17.7192
2.07135
-100.079
12.5225
1.85556
-67.962
10.4472
1.38571
-30.2643
5.50654
4.33341
-10.5063
2.03075
2.53467
-17.2798
2.64478
