2.31446
-22.0033
2.76474
-2.84658
-33.0187
1.65948
-0.255606
-0.140244
-0.0930766
0.131046
0.0153119
0.0558682
2.10011
-23.6622
2.76179
-3.16123
-35.4897
1.65286
-0.116922
-0.0132236
0.0584504
0.171567
-0.103823
-0.0701684
4.65979
-36.8321
5.14109
4.73349
-29.6461
4.64461
5.94532
-27.8273
4.96073
3.28089
-11.2853
2.42356
3.63321
-8.37834
2.12939
2.32532
-3.10714
0.990629
-3.79634
-36.8512
1.8843
-3.81077
-29.6457
1.5827
-2.82981
-16.7058
0.882361
-4.42007
-18.4318
0.933855
-3.00142
-8.15611
0.265473
-1.96781
-2.89751
-0.403299
4.20473
-40.112
5.14287
4.19931
-32.7315
4.63998
4.56201
-27.9654
4.35972
2.77324
-13.0308
2.22398
2.88296
-10.0076
1.87375
1.86629
-3.82145
0.501374
-4.25321
-40.0864
1.87421
-4.38292
-32.6442
1.57164
-3.31243
-18.7487
0.936119
-5.32011
-21.3372
1.11517
-3.9219
-9.71754
0.523278
-1.88331
-3.17429
0.0223985
0.622041
-66.0244
5.79496
1.29342
-1.37064
0.42686
4.41143
-45.6683
5.5258
-1.30745
-1.17458
-0.365585
-8.03752
-91.3449
4.41999
0.343558
0.252779
-0.0783813
-0.705225
-0.266133
0.0917685
0.666714
-0.229919
0.127423
-0.00777978
-47.3247
3.85869
1.16756
-1.95649
-0.1812
-1.38404
-1.86432
0.197462
-0.0637865
0.0332617
-0.0316801
4.63669
-40.4114
5.34324
4.69587
-33.2469
4.90924
4.76559
-25.9868
4.33152
4.68488
-18.5425
3.65032
4.03707
-11.5698
2.6833
3.09528
-5.52696
1.52533
-3.79435
-40.4321
2.03736
-3.80115
-33.2572
1.73967
-3.80997
-25.9639
1.4032
-3.70572
-18.5643
0.921646
-3.30445
-11.3662
0.525168
-2.57578
-5.28396
-0.0492914
6.29933
-65.5827
8.01703
4.20644
-36.4625
4.91198
4.15943
-28.9277
4.30667
3.20782
-17.064
2.85166
3.31914
-13.5797
2.46402
2.34878
-6.67153
1.18904
-4.2263
-43.7123
2.03092
-4.31635
-36.3989
1.72342
-4.45042
-28.8188
1.40412
-4.3642
-21.1142
1.04974
-4.13849
-13.32
0.715742
-3.4955
-6.48281
0.291248
17.7067
-153.904
20.5645
22.2263
-155.918
23.2596
17.0381
-91.8211
15.3607
9.91643
-40.7709
7.81028
12.8533
-36.875
8.2117
8.10765
-12.27
3.05185
-16.1127
-153.93
7.53949
-16.2603
-124.695
6.3643
-13.0948
-76.8607
3.93007
-18.0712
-75.945
4.11259
-13.1299
-36.1982
1.7312
-8.35618
-13.86
-0.746611
-0.116193
-240.617
21.0171
-0.445734
-196.135
18.5703
-1.24209
-167.08
17.3321
-1.26879
-102.982
11.4206
-3.04669
-58.4829
7.22932
-3.08597
-15.5742
1.72203
2.59628
-221.093
21.0399
2.30567
-148.292
15.5333
2.8242
-133.521
15.6483
3.07588
-99.8427
13.4603
1.90334
-48.6758
7.43829
1.3296
-16.1159
2.74662
1.00744
-5.12448
1.08094
-0.490936
-3.33542
0.72843
0.803532
-182.683
15.4487
-7.03446
-6.94741
-0.234314
-0.128907
0.48877
-0.0838466
3.63187
-3.98992
0.552405
15.4559
-147.238
18.6901
17.7539
-139.444
19.6619
17.7621
-109.882
17.3289
23.1708
-106.78
19.2948
14.3643
-50.4715
10.5091
10.9538
-24.4629
5.7218
-18.0929
-189.371
9.16379
-20.2381
-174.231
8.7165
-16.2744
-109.731
5.67569
-15.7349
-79.2767
4.08295
-14.3682
-49.7293
2.6126
-11.3438
-24.0032
0.612605
-0.0794596
-273.247
23.0262
-0.179578
-182.236
16.5497
-0.744954
-173.214
17.1379
-0.920786
-107.912
11.7267
-2.18655
-80.2233
9.57879
-4.03655
-38.2589
4.63237
2.2208
-212.245
19.3558
2.66367
-199.549
19.8875
2.78559
-155.831
17.2177
2.50106
-97.2741
11.9193
2.23553
-68.0875
9.74323
1.55696
-31.1536
5.08772
4.38567
-11.1718
1.90005
2.30584
-16.7291
2.53773
