2.17455
-20.8755
2.78075
-2.53424
-31.3285
1.75742
-0.254965
-0.140622
-0.0923506
0.130511
0.0143242
0.0556132
1.9316
-22.486
2.77839
-2.89246
-33.725
1.74887
-0.116015
-0.0133971
0.0573337
0.174289
-0.106252
-0.0702474
4.38571
-35.1835
5.12074
4.48127
-28.6011
4.5742
5.69145
-27.2034
4.82949
3.18212
-11.1689
2.33687
3.58186
-8.41117
2.05666
2.31224
-3.16688
0.958931
-3.38298
-35.2085
1.95928
-3.42544
-28.6065
1.60233
-2.59809
-16.3009
0.874407
-4.17276
-18.2869
0.879936
-2.90677
-8.17589
0.227989
-1.94459
-2.93914
-0.418371
3.87259
-38.371
5.12666
3.89856
-31.6068
4.58095
4.29663
-27.3429
4.26942
2.66905
-12.871
2.17133
2.84546
-10.0226
1.81753
1.87048
-3.89374
0.474185
-3.89554
-38.3529
1.94253
-4.04099
-31.5306
1.5754
-3.10809
-18.3096
0.900367
-5.08557
-21.1366
1.01585
-3.80641
-9.72955
0.460104
-1.85055
-3.20494
-0.00112742
0.722554
-62.6426
5.91606
1.29093
-1.40917
0.412386
4.10455
-43.3637
5.55907
-1.3018
-1.19971
-0.375271
-7.26999
-86.7376
4.67736
0.337042
0.246215
-0.0773758
-0.701206
-0.266296
0.0894376
0.66807
-0.234955
0.126559
0.00172072
-44.9729
3.93887
1.17735
-2.01194
-0.195275
-1.36924
-1.89457
0.177796
-0.0597439
0.0297121
-0.033703
4.35834
-38.4562
5.34977
4.43061
-31.9036
4.86242
4.53407
-25.222
4.24293
4.49595
-18.2528
3.54035
3.95446
-11.5376
2.59029
3.06557
-5.58664
1.47436
-3.37802
-38.4816
2.14103
-3.39732
-31.9197
1.78573
-3.45339
-25.1969
1.40092
-3.44696
-18.2433
0.901466
-3.1643
-11.3306
0.481869
-2.52064
-5.32759
-0.0773876
5.79408
-62.5064
8.03031
3.88573
-35.0334
4.87289
3.8855
-28.0942
4.23546
3.04895
-16.7857
2.7838
3.24139
-13.5139
2.39679
2.33759
-6.72508
1.14922
-3.86749
-41.6654
2.1315
-3.96488
-34.9786
1.75822
-4.127
-27.9959
1.38058
-4.13833
-20.7536
0.984003
-3.98622
-13.2614
0.643226
-3.41628
-6.5275
0.24144
16.5049
-147.12
20.4868
20.8415
-150.476
22.9237
16.16
-89.7363
15.0017
9.56946
-40.2756
7.57246
12.6557
-36.9595
7.94666
8.0554
-12.5085
2.95487
-14.6017
-147.171
7.82035
-14.851
-120.372
6.40381
-12.1759
-75.0264
3.84955
-17.1798
-75.2498
3.78995
-12.7096
-36.2465
1.52937
-8.21446
-14.0149
-0.82617
-0.0412902
-230.202
21.17
-0.305798
-189.444
18.3985
-1.04137
-163.377
16.8993
-1.1125
-101.93
11.0194
-2.80823
-58.6258
6.88002
-2.97048
-15.837
1.59736
3.01741
-211.232
21.2051
2.65345
-143.118
15.4167
3.1533
-130.477
15.2477
3.25557
-99.0565
12.9763
2.0345
-48.9032
7.10937
1.35554
-16.4687
2.59965
0.992991
-5.30783
1.02661
-0.460034
-3.44354
0.690688
0.954574
-173.467
15.7745
-6.95456
-7.08881
-0.293254
-0.128092
0.464405
-0.082413
3.62564
-4.10663
0.522174
14.389
-140.224
18.7146
16.5882
-133.893
19.4839
16.7483
-106.673
16.9975
22.0947
-105.074
18.7579
14.0358
-50.245
10.1688
10.8428
-24.6871
5.54043
-16.3708
-180.377
9.62074
-18.4039
-167.326
8.90644
-14.9675
-106.521
5.62028
-14.816
-77.9272
3.87138
-13.7867
-49.5188
2.37898
-11.0682
-24.1702
0.461411
-0.0226799
-260.441
23.3631
-0.0889679
-175.135
16.5428
-0.572551
-168.294
16.8469
-0.824077
-106.154
11.3244
-1.94775
-79.9189
9.16464
-3.82186
-38.612
4.3741
2.58201
-201.996
19.646
3.08852
-191.528
19.8849
3.17573
-151.294
16.9412
2.70664
-95.6937
11.5832
2.41654
-67.9848
9.34873
1.63487
-31.5183
4.84479
4.40073
-11.4514
1.81067
2.19047
-16.4125
2.47277
