2.03927
-19.7622
2.79256
-2.23159
-29.6599
1.86331
-0.253842
-0.140732
-0.0913859
0.129629
0.0133235
0.0551752
1.76684
-21.3147
2.79077
-2.63471
-31.9677
1.85304
-0.114818
-0.0134936
0.0561099
0.176552
-0.108282
-0.0702672
4.12015
-33.5438
5.09075
4.23492
-27.5453
4.49343
5.43913
-26.5484
4.68556
3.08116
-11.034
2.24255
3.5242
-8.42601
1.97454
2.29382
-3.21896
0.921728
-2.98233
-33.5741
2.04342
-3.05086
-27.5558
1.62927
-2.37082
-15.8794
0.869894
-3.92543
-18.1091
0.830813
-2.80881
-8.17874
0.192257
-1.91797
-2.97436
-0.432182
3.54749
-36.6197
5.10044
3.60241
-30.4524
4.51063
4.03217
-26.673
4.16604
2.56221
-12.6816
2.10949
2.8018
-10.0075
1.75176
1.87038
-3.95102
0.442302
-3.55224
-36.6087
2.02054
-3.71103
-30.3872
1.58766
-2.90832
-17.8406
0.8697
-4.85132
-20.8845
0.923481
-3.68691
-9.71354
0.399339
-1.81443
-3.22499
-0.0238693
0.820478
-59.3043
6.039
1.28511
-1.44395
0.395267
3.80595
-41.0786
5.58385
-1.29363
-1.22215
-0.383949
-6.52913
-82.169
4.95628
0.329681
0.23901
-0.0765492
-0.69578
-0.265935
0.0872515
0.667746
-0.239103
0.125126
0.00778697
-42.6309
4.02034
1.18471
-2.05857
-0.211357
-1.35134
-1.91779
0.158416
-0.0555184
0.0263694
-0.0357131
4.08906
-36.5204
5.34722
4.17278
-30.5588
4.80555
4.30628
-24.4386
4.14383
4.30712
-17.9361
3.41955
3.86654
-11.483
2.48704
3.02954
-5.63355
1.41565
-2.9746
-36.5498
2.25466
-3.00554
-30.5802
1.84003
-3.10566
-24.4114
1.40489
-3.1912
-17.8971
0.885081
-3.02191
-11.2731
0.441213
-2.46177
-5.35965
-0.104119
5.30006
-59.4303
8.02962
3.57112
-33.5836
4.82307
3.6145
-27.2237
4.15246
2.88915
-16.4725
2.70617
3.15781
-13.4118
2.31848
2.32098
-6.75648
1.10203
-3.52334
-39.6183
2.24228
-3.62673
-33.5373
1.80218
-3.81346
-27.1362
1.36478
-3.91517
-20.3512
0.92451
-3.83187
-13.1677
0.574416
-3.33194
-6.55176
0.193291
15.3335
-140.333
20.3701
19.4839
-144.934
22.5338
15.2882
-87.5227
14.599
9.21565
-39.7015
7.30671
12.4349
-36.9482
7.64276
7.98572
-12.7069
2.83739
-13.1421
-140.408
8.13912
-13.4844
-115.967
6.47478
-11.2757
-73.091
3.78624
-16.2887
-74.3941
3.48977
-12.2773
-36.2028
1.33473
-8.05898
-14.1301
-0.901772
0.0120648
-219.722
21.3225
-0.188833
-182.573
18.219
-0.862239
-159.39
16.4502
-0.970266
-100.632
10.596
-2.57698
-58.5938
6.50934
-2.85131
-16.041
1.46496
3.42515
-201.42
21.3691
2.98708
-137.885
15.2925
3.46778
-127.287
14.8334
3.42806
-98.0917
12.4664
2.15809
-49.025
6.75667
1.37623
-16.7824
2.43781
0.974988
-5.47781
0.96468
-0.428074
-3.53553
0.64934
1.0956
-164.329
16.105
-6.86146
-7.20854
-0.349743
-0.126456
0.440195
-0.0806637
3.61137
-4.2078
0.484829
13.3504
-133.244
18.7071
15.4494
-128.298
19.2646
15.7485
-103.352
16.6217
21.0191
-103.178
18.1598
13.687
-49.9019
9.78567
10.7096
-24.8413
5.32731
-14.7084
-171.424
10.1232
-16.629
-160.364
9.14005
-13.6957
-103.201
5.59226
-13.9067
-76.4434
3.68148
-13.1984
-49.1929
2.15688
-10.7783
-24.271
0.315131
0.0131343
-247.635
23.7032
-0.0178136
-167.929
16.5323
-0.422697
-163.148
16.5442
-0.738873
-104.177
10.9088
-1.72196
-79.3979
8.7282
-3.60755
-38.8383
4.0984
2.93284
-191.846
19.9386
3.49845
-183.496
19.8775
3.54915
-146.642
16.6525
2.90308
-93.9755
11.2289
2.58898
-67.7455
8.93002
1.70638
-31.8112
4.58128
4.40594
-11.6867
1.70568
2.07468
-16.0658
2.40086
