1.90871
-18.6652
2.79977
-1.94001
-28.0154
1.97617
-0.25216
-0.140521
-0.090166
0.128368
0.0123162
0.0545427
1.60631
-20.1503
2.79849
-2.38874
-30.2209
1.96438
-0.113308
-0.0135094
0.0547751
0.178268
-0.109856
-0.0702029
3.86327
-31.9147
5.05101
3.99472
-26.4785
4.40284
5.18867
-25.8602
4.52994
2.978
-10.8784
2.14122
3.45978
-8.42001
1.88347
2.26956
-3.2617
0.879178
-2.59621
-31.9496
2.13618
-2.6887
-26.4935
1.66373
-2.14895
-15.4401
0.869252
-3.6789
-17.8945
0.78731
-2.7075
-8.16197
0.158768
-1.88755
-3.00173
-0.444426
3.23039
-34.8601
5.06409
3.31171
-29.2686
4.42953
3.76924
-25.9537
4.05041
2.45269
-12.4608
2.03893
2.75138
-9.95953
1.67681
1.86531
-3.9914
0.40599
-3.22437
-34.8558
2.10773
-3.39421
-29.2142
1.60867
-2.71386
-17.3404
0.844682
-4.61816
-20.5771
0.839145
-3.56354
-9.66662
0.341639
-1.7748
-3.2332
-0.0455731
0.914543
-56.0145
6.16216
1.27563
-1.4741
0.375582
3.51618
-38.8167
5.59932
-1.28258
-1.24121
-0.39141
-5.81788
-77.6467
5.25413
0.321466
0.231174
-0.0758798
-0.688767
-0.264965
0.08519
0.665512
-0.242241
0.123095
0.0103637
-40.3027
4.10202
1.1891
-2.0952
-0.229162
-1.33013
-1.93311
0.139471
-0.0511498
0.0232595
-0.0376716
3.82902
-34.6064
5.33511
3.92258
-29.2137
4.73887
4.08252
-23.6357
4.0349
4.11867
-17.5898
3.28877
3.77303
-11.4028
2.37417
2.98666
-5.66533
1.3495
-2.58595
-34.6394
2.37728
-2.62757
-29.2395
1.90245
-2.76832
-23.6065
1.41557
-2.93947
-17.5235
0.873099
-2.87759
-11.1907
0.403795
-2.39891
-5.37799
-0.129093
4.8187
-56.3588
8.01425
3.26352
-32.1145
4.76278
3.34716
-26.3155
4.05833
2.72867
-16.1225
2.61935
3.06805
-13.2701
2.22959
2.29827
-6.76324
1.04776
-3.1949
-37.5741
2.36233
-3.30303
-32.0765
1.85521
-3.51098
-26.2388
1.35725
-3.69555
-19.9047
0.872097
-3.67582
-13.0359
0.510095
-3.24235
-6.55325
0.147309
14.1946
-133.551
20.2142
18.1565
-139.292
22.0927
14.4243
-85.1737
14.1558
8.85499
-39.0418
7.01486
12.1889
-36.8294
7.30173
7.89664
-12.8588
2.69997
-11.7397
-133.647
8.49373
-12.166
-111.48
6.57826
-10.3979
-71.0492
3.74226
-15.4009
-73.3635
3.21592
-11.8336
-36.0558
1.14954
-7.88876
-14.1997
-0.972287
0.0434533
-209.191
21.4727
-0.0959219
-175.523
18.0343
-0.706684
-155.11
15.9896
-0.843969
-99.0716
10.1545
-2.35513
-58.3689
6.12032
-2.72914
-16.179
1.32593
3.81465
-191.67
21.53
3.30315
-132.593
15.1625
3.76444
-123.941
14.4097
3.59116
-96.9277
11.9353
2.27264
-49.0242
6.38301
1.39131
-17.0478
2.26222
0.953482
-5.63054
0.895483
-0.395367
-3.60924
0.60466
1.22478
-155.283
16.4358
-6.75391
-7.30282
-0.403156
-0.124004
0.416255
-0.0786369
3.58798
-4.29093
0.44067
12.3419
-126.309
18.6662
14.3397
-122.664
19.005
14.7648
-99.9175
16.2044
19.9455
-101.08
17.5049
13.3167
-49.43
9.36211
10.5519
-24.9156
5.08351
-13.1123
-162.525
10.6669
-14.9204
-153.35
9.41693
-12.464
-99.7679
5.59373
-13.0104
-74.8157
3.51638
-12.6046
-48.7396
1.94906
-10.4735
-24.2966
0.175461
0.0276046
-234.848
24.0423
0.0333803
-160.622
16.5185
-0.296851
-157.772
16.2335
-0.666493
-101.968
10.4842
-1.51157
-78.6412
8.27329
-3.39529
-38.9229
3.80753
3.26893
-181.809
20.2299
3.88887
-175.457
19.8655
3.90215
-141.868
16.3551
3.08818
-92.1067
10.8603
2.75092
-67.3507
8.4907
1.77059
-32.0184
4.29911
4.39955
-11.8713
1.58579
1.95864
-15.6873
2.32259
