1.54534
-15.4851
2.79037
-1.1429
-23.247
2.34684
-0.243041
-0.137484
-0.0848378
0.122056
0.00931869
0.0514003
1.15373
-16.7151
2.79043
-1.72743
-25.0677
2.33168
-0.106719
-0.0130506
0.050087
0.179295
-0.111289
-0.0692478
3.14536
-27.1052
4.87307
3.31284
-23.2133
4.07767
4.45126
-23.5773
4.00407
2.65528
-10.269
1.80262
3.22229
-8.25093
1.56358
2.15749
-3.31824
0.722645
-1.5398
-27.1502
2.45989
-1.69072
-23.2383
1.8125
-1.52433
-14.0051
0.893634
-2.95233
-16.9961
0.697579
-2.38391
-7.96914
0.0767114
-1.77005
-3.0233
-0.468438
2.33445
-29.5528
4.89417
2.47956
-25.5469
4.12716
2.99564
-23.4874
3.63935
2.10873
-11.5927
1.78086
2.555
-9.59309
1.40325
1.81392
-3.99476
0.274693
-2.34146
-29.5655
2.41826
-2.53184
-25.5234
1.72487
-2.16873
-15.6449
0.807578
-3.93227
-19.2935
0.643699
-3.17172
-9.31603
0.19335
-1.63357
-3.17598
-0.101741
1.16257
-46.4765
6.51803
1.2224
-1.52833
0.302732
2.70351
-32.2
5.58316
-1.22879
-1.27147
-0.404258
-3.88474
-64.4166
6.23532
0.291782
0.204087
-0.0745094
-0.656607
-0.257602
0.0795261
0.645344
-0.244529
0.11324
-0.00318009
-33.4339
4.33844
1.17947
-2.13484
-0.289162
-1.24487
-1.92425
0.0869268
-0.0376408
0.0155414
-0.0428224
3.10453
-29.0162
5.23788
3.21899
-25.1827
4.48287
3.43773
-21.1029
3.65675
3.55779
-16.3522
2.84624
3.45671
-10.9818
1.98639
2.81252
-5.64806
1.11152
-1.52343
-29.0566
2.78941
-1.59102
-25.2185
2.13567
-1.83172
-21.0686
1.49052
-2.21781
-16.2178
0.868391
-2.4362
-10.7672
0.316499
-2.18435
-5.3307
-0.189316
3.46159
-47.2127
7.87495
2.39031
-27.6042
4.52198
2.5736
-23.3624
3.71658
2.24606
-14.8362
2.31088
2.75935
-12.5831
1.90684
2.18777
-6.61445
0.847422
-2.31159
-31.4855
2.76842
-2.42721
-27.5895
2.06613
-2.67951
-23.3178
1.3876
-3.06511
-18.2823
0.76395
-3.20137
-12.3858
0.351251
-2.94151
-6.40087
0.0275702
10.9895
-113.304
19.5094
14.3756
-121.79
20.4914
11.8952
-77.2656
12.6171
7.7327
-36.4921
6.00554
11.2848
-35.7272
6.08257
7.49632
-12.9783
2.17974
-7.92064
-113.451
9.74821
-8.54439
-97.5421
7.08636
-7.92898
-64.2478
3.74156
-12.7845
-69.1038
2.58563
-10.4375
-34.8982
0.673218
-7.28165
-14.0807
-1.14093
0.00360131
-177.412
21.8907
0.0317916
-153.333
17.4676
-0.395602
-140.426
14.5852
-0.575291
-92.6747
8.76643
-1.76531
-56.3854
4.88042
-2.35159
-16.1332
0.883841
4.83219
-162.865
21.9739
4.11634
-116.36
14.7504
4.51866
-112.877
13.1243
4.003
-92.0592
10.2664
2.54832
-48.1298
5.1715
1.40021
-17.4666
1.67
0.869308
-5.94803
0.650758
-0.296155
-3.70238
0.454824
1.52571
-128.82
17.3906
-6.33379
-7.39832
-0.537843
-0.111937
0.347153
-0.0712231
3.45345
-4.40942
0.272713
9.51042
-105.848
18.3296
11.2021
-105.567
17.9969
11.9271
-88.9126
14.7342
16.7526
-93.4631
15.25
12.0673
-47.1389
7.88189
9.91343
-24.5736
4.18767
-8.77256
-136.261
12.5018
-10.2499
-132.051
10.4951
-9.05287
-88.7717
5.78771
-10.4295
-68.9931
3.19474
-10.8049
-46.5113
1.43707
-9.46633
-23.8415
-0.185874
-0.0594063
-196.765
25.0122
0.064576
-138.168
16.4574
-0.0730906
-140.248
15.2855
-0.53595
-93.8532
9.1963
-0.992508
-74.8006
6.84115
-2.78636
-38.2001
2.87283
4.1511
-152.484
21.0603
4.90332
-151.344
19.8027
4.80589
-126.776
15.4406
3.55499
-85.4858
9.70648
3.1553
-65.0657
7.09087
1.91116
-31.9987
3.36742
4.29453
-12.0643
1.1495
1.61077
-14.349
2.05606
