1.22356
-12.4894
2.73012
-0.478254
-18.7538
2.74614
-0.22656
-0.129977
-0.0768136
0.111651
0.00647629
0.0463536
0.749672
-13.3941
2.73125
-1.18829
-20.0862
2.72934
-0.0968506
-0.0118383
0.0444002
0.172681
-0.10693
-0.0666252
2.50559
-22.4324
4.60897
2.6905
-19.8521
3.68471
3.73825
-20.9396
3.4151
2.31268
-9.41472
1.43071
2.91341
-7.81129
1.19391
1.98072
-3.24009
0.533543
-0.657842
-22.4822
2.83636
-0.847144
-19.8817
2.02463
-0.975542
-12.379
0.960164
-2.26075
-15.6615
0.679944
-2.03234
-7.5208
0.0323289
-1.60721
-2.93055
-0.465998
1.53201
-24.2399
4.63512
1.71883
-21.5889
3.74899
2.2561
-20.5512
3.15422
1.744
-10.3973
1.46972
2.28486
-8.85837
1.07571
1.69775
-3.79708
0.122557
-1.61968
-24.2658
2.78672
-1.81386
-21.5929
1.91628
-1.69017
-13.6525
0.831353
-3.27803
-17.4302
0.549114
-2.75094
-8.61583
0.0947865
-1.45784
-2.98019
-0.138659
1.34188
-37.4902
6.82724
1.12826
-1.51371
0.214544
1.97997
-25.8822
5.46458
-1.13816
-1.24974
-0.397997
-2.28435
-51.7824
7.29583
0.255219
0.17231
-0.0732362
-0.60521
-0.242231
0.0741104
0.601831
-0.234521
0.0977561
-0.0486857
-26.7927
4.54448
1.12677
-2.05382
-0.34915
-1.12527
-1.82225
0.0445014
-0.0245846
0.0105075
-0.0459952
2.46197
-23.6814
5.04584
2.58595
-21.17
4.15029
2.83517
-18.3744
3.21826
3.00683
-14.7824
2.35177
3.08372
-10.2448
1.54805
2.56414
-5.42441
0.830205
-0.637512
-23.7252
3.247
-0.722161
-21.2107
2.428
-1.02938
-18.3361
1.62979
-1.56298
-14.6031
0.916741
-1.98901
-10.0345
0.276682
-1.92772
-5.09576
-0.218434
2.24994
-38.2378
7.59091
1.60248
-22.9688
4.19901
1.85395
-20.0737
3.30264
1.76779
-13.1806
1.94804
2.38977
-11.4702
1.52124
2.00477
-6.18141
0.606428
-1.59107
-25.5088
3.22254
-1.70542
-22.9746
2.3449
-1.9753
-20.0592
1.49786
-2.48832
-16.2181
0.738182
-2.72418
-11.3192
0.256345
-2.59289
-5.98355
-0.0541151
8.12055
-93.3237
18.4576
10.9269
-103.472
18.5378
9.48353
-68.0125
10.844
6.55338
-33.0064
4.85472
10.1109
-33.3501
4.64953
6.87101
-12.5008
1.53777
-4.74805
-93.5004
11.2272
-5.49015
-82.9282
7.87356
-5.75596
-56.3896
3.95201
-10.2864
-62.9211
2.29482
-8.95453
-32.5152
0.361583
-6.51875
-13.3829
-1.21751
-0.236559
-145.583
22.2196
-0.0699042
-129.697
16.9077
-0.331277
-122.932
13.2313
-0.48891
-83.5338
7.38121
-1.31937
-52.2237
3.6243
-1.97206
-15.303
0.443432
5.55736
-134.854
22.3182
4.67854
-99.6039
14.3228
5.01887
-100.143
11.8917
4.25935
-84.8332
8.5956
2.69856
-45.6337
3.91482
1.35295
-17.1653
1.03074
0.760971
-5.98831
0.371863
-0.202737
-3.57627
0.293547
1.673
-103.551
18.2195
-5.75134
-7.15592
-0.617827
-0.0935817
0.283933
-0.0623446
3.20713
-4.29559
0.0687838
6.98529
-86.0359
17.6606
8.37332
-88.2585
16.6748
9.28518
-76.8516
13.0052
13.6301
-83.7215
12.684
10.6005
-43.3802
6.17885
9.00057
-23.2481
3.10844
-5.17733
-110.811
14.5485
-6.34413
-110.468
11.8963
-6.13345
-76.7238
6.26829
-8.06196
-61.6599
3.16647
-9.00323
-42.8253
1.13928
-8.31664
-22.4626
-0.421657
-0.342588
-159.388
25.8354
-0.0870515
-115.06
16.3604
-0.086865
-120.67
14.3666
-0.544701
-83.4092
7.96731
-0.669227
-68.3953
5.4096
-2.24678
-35.8258
1.92116
4.78454
-124.486
21.7608
5.61929
-127.308
19.6911
5.42181
-110.47
14.5429
3.85201
-77.1707
8.55737
3.40454
-60.8506
5.66722
1.96119
-30.7974
2.38186
4.03322
-11.6295
0.638171
1.26714
-12.6946
1.75687
