1.12521
-11.5338
2.69842
-0.288176
-17.3201
2.88149
-0.219227
-0.126343
-0.0735216
0.107262
0.00558247
0.0442686
0.626387
-12.3168
2.69988
-1.03635
-18.4704
2.86452
-0.0928338
-0.01128
0.0423022
0.168545
-0.104074
-0.0652772
2.30918
-20.9073
4.50284
2.49614
-18.7105
3.54159
3.50622
-19.9777
3.21072
2.19405
-9.07106
1.30389
2.7941
-7.59794
1.06507
1.90691
-3.17989
0.466347
-0.405406
-20.9578
2.96969
-0.603298
-18.7405
2.10726
-0.811685
-11.7923
0.991473
-2.0407
-15.1117
0.691591
-1.90934
-7.30826
0.0279443
-1.54194
-2.87054
-0.4577
1.28666
-22.475
4.53009
1.48288
-20.2225
3.60912
2.01924
-19.4703
2.98135
1.6185
-9.92516
1.3585
2.17787
-8.52836
0.959796
1.64303
-3.68385
0.0706567
-1.41574
-22.5045
2.91847
-1.60779
-20.2347
1.9946
-1.54648
-12.9239
0.852706
-3.06846
-16.6779
0.541998
-2.605
-8.30117
0.0753672
-1.39169
-2.88241
-0.145468
1.38383
-34.6232
6.91534
1.08751
-1.49129
0.183267
1.7589
-23.8491
5.4017
-1.09881
-1.22908
-0.39066
-1.82849
-47.7162
7.65593
0.241757
0.160863
-0.0726086
-0.583456
-0.235133
0.0722349
0.581733
-0.22827
0.0914251
-0.070777
-24.6383
4.60335
1.09814
-1.9983
-0.366681
-1.07778
-1.76643
0.0333925
-0.0205728
0.00943663
-0.0464264
2.26536
-21.9629
4.96095
2.39026
-19.8378
4.02438
2.64375
-17.4201
3.06257
2.82567
-14.1805
2.181
2.9465
-9.92208
1.39669
2.46429
-5.29824
0.731249
-0.384171
-22.0071
3.40493
-0.472701
-19.879
2.53554
-0.794868
-17.3806
1.68929
-1.36226
-13.9916
0.945119
-1.83994
-9.71485
0.275747
-1.83243
-4.97049
-0.219276
1.88026
-35.2963
7.46444
1.3604
-21.4022
4.07517
1.62792
-18.9067
3.15258
1.61059
-12.5467
1.81939
2.25327
-11.0021
1.38447
1.9265
-5.97072
0.521428
-1.38789
-23.5495
3.37987
-1.50003
-21.4143
2.4498
-1.77024
-18.9017
1.55117
-2.30932
-15.4318
0.748683
-2.56554
-10.8681
0.241093
-2.46647
-5.78231
-0.0707191
7.2407
-86.7415
18.0341
9.85484
-97.1977
17.8232
8.7094
-64.6275
10.2197
6.1486
-31.6278
4.45452
9.65782
-32.2548
4.14614
6.6095
-12.1965
1.30838
-3.8417
-86.924
11.7543
-4.60659
-77.9174
8.18938
-5.10419
-53.5338
4.0684
-9.48759
-60.4141
2.28079
-8.44301
-31.4297
0.303454
-6.22872
-13.0099
-1.21653
-0.359633
-135.006
22.301
-0.153044
-121.53
16.7253
-0.364065
-116.489
12.8067
-0.501242
-79.8675
6.94179
-1.20673
-50.3309
3.22454
-1.84809
-14.8415
0.306813
5.72444
-125.707
22.4022
4.80263
-93.9031
14.1786
5.1208
-95.5086
11.5061
4.30333
-81.858
8.06283
2.71731
-44.4057
3.50831
1.32538
-16.8805
0.820936
0.721187
-5.92945
0.277413
-0.174486
-3.4826
0.240499
1.68486
-95.4183
18.4556
-5.51923
-6.99205
-0.628703
-0.0863131
0.264402
-0.0591459
3.09814
-4.20128
-0.00238776
6.21287
-79.5956
17.3644
7.50132
-82.4578
16.1724
8.45163
-72.6017
12.387
12.6096
-79.9898
11.7896
10.0629
-41.7829
5.58554
8.63236
-22.5699
2.72581
-4.15258
-102.534
15.2566
-5.22215
-103.23
12.4198
-5.27831
-72.4789
6.48749
-7.32781
-58.8708
3.22517
-8.4066
-41.2542
1.09598
-7.90175
-21.7811
-0.464027
-0.479437
-147.136
26.0633
-0.176675
-107.244
16.3175
-0.142883
-113.71
14.0751
-0.578218
-79.4102
7.5868
-0.607724
-65.6724
4.95611
-2.08686
-34.647
1.61917
4.93172
-115.465
21.9536
5.78218
-119.321
19.6398
5.55432
-104.757
14.2554
3.90694
-73.998
8.19113
3.44777
-58.9751
5.21061
1.95643
-30.1005
2.06048
3.9071
-11.3343
0.4621
1.15433
-12.073
1.65334
