1.03117
-10.5997
2.66106
-0.11405
-15.9185
3.01655
-0.210936
-0.122114
-0.0699244
0.102429
0.00471891
0.041999
0.508885
-11.2555
2.6628
-0.89819
-16.8786
2.99958
-0.0884697
-0.0106535
0.0401144
0.163401
-0.100506
-0.0636634
2.12092
-19.3986
4.38829
2.30812
-17.5581
3.39352
3.27688
-18.9739
3.0045
2.0732
-8.69723
1.17735
2.66668
-7.35012
0.935556
1.82578
-3.1019
0.398312
-0.174066
-19.4492
3.10539
-0.378576
-17.588
2.19473
-0.657774
-11.1829
1.027
-1.82649
-14.5083
0.712197
-1.78357
-7.06316
0.0293651
-1.47099
-2.79532
-0.445151
1.05259
-20.7153
4.41638
1.25609
-18.8346
3.46351
1.78774
-18.3403
2.80488
1.49131
-9.41712
1.24521
2.06249
-8.15631
0.842611
1.58002
-3.54708
0.0195023
-1.22998
-20.7481
3.05312
-1.41823
-18.8547
2.07903
-1.41071
-12.1644
0.880424
-2.86328
-15.8614
0.547346
-2.45646
-7.94621
0.0633091
-1.32191
-2.76849
-0.149163
1.41643
-31.8206
6.99473
1.04217
-1.45975
0.151662
1.54782
-21.8533
5.32741
-1.05471
-1.20136
-0.3804
-1.41158
-43.7247
8.01554
0.227777
0.149062
-0.0717943
-0.559356
-0.22702
0.070279
0.558811
-0.220564
0.0845624
-0.0961728
-22.5159
4.65651
1.06367
-1.92861
-0.382088
-1.02662
-1.69979
0.0240367
-0.0168113
0.00865434
-0.0464878
2.07726
-20.2743
4.86607
2.202
-18.5082
3.8918
2.45689
-16.4431
2.90356
2.64573
-13.5386
2.00934
2.80286
-9.5598
1.24499
2.35602
-5.14532
0.631466
-0.15211
-20.3184
3.56387
-0.2437
-18.5495
2.64677
-0.577346
-16.4026
1.75449
-1.17087
-13.3427
0.979484
-1.6912
-9.35651
0.281423
-1.73221
-4.82087
-0.215074
1.52794
-32.383
7.32275
1.12884
-19.8272
3.94412
1.40926
-17.7064
2.99794
1.45487
-11.873
1.68854
2.11037
-10.4861
1.24581
1.83948
-5.72712
0.43584
-1.20305
-21.6089
3.53845
-1.3121
-19.8454
2.5593
-1.57995
-17.7106
1.61191
-2.137
-14.598
0.768616
-2.4073
-10.3699
0.234525
-2.33519
-5.55015
-0.0813861
6.39897
-80.2026
17.5768
8.82181
-90.8453
17.0827
7.95081
-61.0949
9.58546
5.7384
-30.1412
4.05164
9.17407
-31.007
3.63849
6.32136
-11.8184
1.07604
-3.01136
-80.389
12.2923
-3.79103
-72.8411
8.52736
-4.4896
-50.5621
4.20644
-8.70699
-57.6846
2.30929
-7.92346
-30.1975
0.270843
-5.92093
-12.5657
-1.20038
-0.503113
-124.458
22.3656
-0.259369
-113.231
16.5449
-0.422556
-109.753
12.3997
-0.533271
-75.8983
6.52078
-1.1125
-48.1876
2.84234
-1.7263
-14.288
0.178854
5.85248
-116.656
22.4682
4.89356
-88.1442
14.0336
5.18854
-90.6772
11.137
4.32498
-78.5932
7.55042
2.71993
-42.9733
3.11617
1.29254
-16.4992
0.618068
0.680322
-5.83243
0.18465
-0.148192
-3.36333
0.189044
1.67782
-87.4354
18.6684
-5.26812
-6.78573
-0.630542
-0.0785803
0.245653
-0.0558506
2.97552
-4.07845
-0.073262
5.47494
-73.2407
17.0332
6.66484
-76.6458
15.6426
7.64212
-68.2406
11.7538
11.6002
-76.0179
10.8868
9.50142
-40.0129
4.98862
8.23224
-21.7721
2.3389
-3.21502
-94.3646
15.9698
-4.19084
-95.9752
12.9646
-4.4831
-68.1232
6.73292
-6.62237
-55.9109
3.31748
-7.81281
-39.5114
1.08271
-7.47128
-20.9877
-0.485714
-0.636511
-135.001
26.2638
-0.284766
-99.3836
16.268
-0.223168
-106.546
13.7929
-0.626092
-75.16
7.22578
-0.569112
-62.6601
4.52266
-1.93788
-33.2755
1.33175
5.04538
-106.599
22.1228
5.90545
-111.347
19.5799
5.64859
-98.9039
13.9755
3.93843
-70.6212
7.83825
3.47003
-56.8579
4.77116
1.94111
-29.2497
1.74984
3.7607
-10.9638
0.28756
1.04261
-11.4171
1.54917
