0.941348
-9.68674
2.61819
0.0441998
-14.5485
3.15048
-0.20168
-0.117287
-0.0660287
0.0971703
0.003886
0.0395588
0.397165
-10.2105
2.62021
-0.773576
-15.3114
3.13368
-0.0837746
-0.00996588
0.037845
0.157241
-0.0962341
-0.0617714
1.94063
-17.9058
4.26583
2.12626
-16.3949
3.24125
3.05009
-17.9283
2.79774
1.95012
-8.29324
1.05207
2.53129
-7.06778
0.806641
1.73752
-3.00606
0.330194
0.0362616
-17.9561
3.24248
-0.17297
-16.4241
2.28625
-0.513869
-10.5508
1.06643
-1.61828
-13.8514
0.741724
-1.65509
-6.78548
0.036867
-1.39434
-2.70484
-0.428107
0.829807
-18.962
4.29451
1.03857
-17.4267
3.31291
1.56182
-17.1629
2.626
1.36261
-8.87418
1.13085
1.93887
-7.74327
0.725434
1.50872
-3.38734
-0.030111
-1.06206
-18.9977
3.18967
-1.24486
-17.4544
2.16877
-1.2827
-11.375
0.914181
-2.66237
-14.9824
0.565102
-2.30544
-7.55186
0.0588748
-1.24865
-2.63878
-0.149579
1.43959
-29.0812
7.06484
0.992419
-1.41906
0.120098
1.34664
-19.8951
5.24206
-1.00583
-1.16655
-0.367084
-1.03324
-39.8082
8.37239
0.213363
0.136952
-0.0707436
-0.532933
-0.217897
0.0682159
0.533102
-0.211438
0.0772084
-0.124724
-20.4261
4.70355
1.02326
-1.84508
-0.394869
-0.971957
-1.62262
0.016543
-0.0133428
0.00814364
-0.0461521
1.89748
-18.6152
4.76162
2.02097
-17.181
3.75316
2.27444
-15.4434
2.74212
2.46691
-12.8568
1.838
2.65288
-9.15792
1.09433
2.23953
-4.96558
0.531927
0.0587706
-18.6588
3.72274
-0.0351039
-17.2219
2.76077
-0.376844
-15.4019
1.82477
-0.988918
-12.6567
1.01962
-1.54289
-8.95946
0.293869
-1.62708
-4.64685
-0.20553
1.19297
-29.4994
7.16651
0.907863
-18.245
3.80649
1.19811
-16.4743
2.83964
1.30081
-11.1607
1.55649
1.9613
-9.92362
1.10665
1.74378
-5.45141
0.350724
-1.03624
-19.6879
3.69722
-1.14129
-18.269
2.67246
-1.40416
-16.4874
1.67945
-1.97122
-13.7181
0.79775
-2.24948
-9.8256
0.236794
-2.19925
-5.28775
-0.0858411
5.59503
-73.7086
17.0876
7.82764
-84.4176
16.3198
7.20786
-57.4178
8.94557
5.32302
-28.5484
3.64943
8.66027
-29.6087
3.13182
6.00697
-11.3675
0.843641
-2.2563
-73.8969
12.8372
-3.04292
-67.7019
8.88429
-3.91198
-47.477
4.36476
-7.94483
-54.7361
2.38026
-7.39613
-28.8207
0.264934
-5.59567
-12.0511
-1.16814
-0.666023
-113.947
22.4119
-0.387665
-104.81
16.3665
-0.50543
-102.733
12.0127
-0.584043
-71.6347
6.12215
-1.03649
-45.7997
2.48225
-1.60711
-13.6447
0.0615583
5.94117
-107.698
22.5147
4.95094
-82.3268
13.8877
5.22157
-85.6487
10.7862
4.32381
-75.0392
7.06287
2.70656
-41.3362
2.74311
1.25495
-16.0208
0.425234
0.638873
-5.69695
0.0950223
-0.124113
-3.21912
0.139901
1.65207
-79.6024
18.8564
-4.99831
-6.53735
-0.622801
-0.0704567
0.227659
-0.052472
2.83941
-3.92752
-0.142704
4.77118
-66.9723
16.6685
5.86361
-70.8245
15.0878
6.8566
-63.7714
11.1091
10.6024
-71.8104
9.98227
8.91668
-38.0728
4.39364
7.80077
-20.8564
1.95211
-2.3638
-86.3048
16.6834
-3.2494
-88.7071
13.526
-3.7474
-63.6596
7.00204
-5.94564
-52.7833
3.44252
-7.22208
-37.5994
1.10023
-7.02548
-20.0836
-0.485486
-0.812866
-122.989
26.4351
-0.410422
-91.4846
16.2113
-0.326465
-99.1867
13.5209
-0.68744
-70.6662
6.88678
-0.552738
-59.3655
4.11379
-1.80007
-31.7157
1.06283
5.12527
-97.8857
22.2666
5.98873
-103.384
19.5106
5.70412
-92.9103
13.7041
3.94605
-67.0408
7.50135
3.47116
-54.4991
4.35345
1.9156
-28.2445
1.45412
3.59392
-10.5194
0.117147
0.932104
-10.7281
1.44509
