0.695992
-7.06864
2.45923
0.426384
-10.6187
3.53693
-0.16823
-0.099279
-0.0526663
0.0790991
0.00155929
0.0313812
0.0962796
-7.17606
2.46199
-0.477203
-10.7607
3.52161
-0.0679221
-0.0076174
0.0306379
0.132807
-0.0794157
-0.0543611
1.44515
-13.5162
3.8574
1.61524
-12.8388
2.76719
2.38295
-14.545
2.18716
1.56761
-6.90467
0.693203
2.07993
-6.01965
0.435599
1.43321
-2.61486
0.132506
0.544612
-13.5622
3.65168
0.331952
-12.8623
2.57636
-0.140958
-8.52062
1.20432
-1.02952
-11.5678
0.881976
-1.25388
-5.76284
0.0975043
-1.13081
-2.34436
-0.348384
0.228452
-13.7496
3.88634
0.441498
-13.0982
2.83923
0.918682
-13.3695
2.0868
0.9689
-7.05134
0.791394
1.52126
-6.27553
0.386198
1.24617
-2.78042
-0.162391
-0.660216
-13.7925
3.60016
-0.816641
-13.1466
2.46083
-0.942145
-8.84274
1.0475
-2.08278
-11.9962
0.690241
-1.83853
-6.14831
0.0924651
-1.0098
-2.16179
-0.130189
1.45341
-21.2245
7.21491
0.818943
-1.24404
0.0291441
0.800968
-14.2419
4.92495
-0.831004
-1.02059
-0.308069
-0.120952
-28.5004
9.40355
0.168371
0.0992073
-0.0657271
-0.440333
-0.18471
0.0611329
0.440139
-0.176174
0.0526593
-0.227169
-14.3574
4.80501
0.866798
-1.51786
-0.413153
-0.789025
-1.33293
0.00587228
-0.00503935
0.00800192
-0.04258
1.4057
-13.8044
4.39675
1.51892
-13.2097
3.30789
1.7513
-12.3091
2.2524
1.93588
-10.5774
1.33778
2.16639
-7.72114
0.661384
1.8439
-4.2704
0.244902
0.567888
-13.8444
4.18819
0.471431
-13.2462
3.10966
0.124878
-12.2654
2.05885
-0.498781
-10.3801
1.1715
-1.10086
-7.5427
0.372253
-1.2828
-3.98291
-0.142869
0.290971
-21.0374
6.61927
0.307905
-13.4676
3.36121
0.610149
-12.6049
2.35212
0.849674
-8.80932
1.16306
1.47988
-7.97697
0.699374
1.40665
-4.44531
0.108293
-0.638848
-14.0498
4.16376
-0.726391
-13.5081
3.02401
-0.958708
-12.6429
1.9153
-1.50995
-10.8219
0.936624
-1.77804
-7.9355
0.296534
-1.76569
-4.33138
-0.0604547
3.40384
-54.5008
15.4547
5.07218
-64.7153
13.9369
5.07107
-45.5651
7.03281
4.04847
-23.1651
2.479
6.94861
-24.5575
1.66726
4.91456
-9.60092
0.173782
-0.426055
-54.6838
14.4705
-1.18798
-51.9342
10.0332
-2.3922
-37.5769
4.94461
-5.76447
-44.6435
2.84009
-5.76908
-23.8682
0.414119
-4.52038
-10.1071
-0.968856
-1.25796
-82.6921
22.4284
-0.888913
-78.9026
15.8401
-0.883229
-80.1066
10.9873
-0.83576
-57.2016
5.09436
-0.911699
-37.2685
1.57423
-1.26865
-11.2147
-0.209238
5.9742
-81.3408
22.5253
4.92328
-64.5155
13.4431
5.11361
-69.4025
9.85775
4.18355
-62.6872
5.78869
2.57558
-35.2334
1.77988
1.12053
-14.0192
-0.0652283
0.516128
-5.06538
-0.141804
-0.0671922
-2.64894
0.0127177
1.46808
-56.9878
19.2588
-4.08251
-5.55249
-0.538723
-0.044518
0.177625
-0.0419925
2.35404
-3.31619
-0.331931
2.85947
-48.6802
15.3939
3.66571
-53.3214
13.3015
4.64048
-49.752
9.14288
7.67784
-57.8451
7.32308
7.03097
-31.2841
2.67299
6.32831
-17.4382
0.834177
-0.308831
-62.7744
18.7774
-0.944046
-66.8417
15.2606
-1.88351
-49.659
7.92225
-4.08072
-42.4453
3.99989
-5.46715
-30.9011
1.33926
-5.59985
-16.7432
-0.345399
-1.44412
-87.7377
26.7578
-0.880921
-67.6189
15.9908
-0.758423
-76.0449
12.7712
-0.941026
-55.8298
6.02237
-0.626155
-47.9052
3.0738
-1.4534
-25.9836
0.401217
5.16531
-72.6141
22.5335
6.00128
-79.5394
19.2376
5.6395
-74.0943
12.9462
3.8264
-55.1056
6.60874
3.35088
-46.0135
3.27111
1.78435
-24.3308
0.693588
2.974
-8.77218
-0.345416
0.608647
-8.47562
1.14041
