-0.0614065
-11.5904
-0.0575358
-0.0412806
-17.4293
0.139584
-0.333052
-0.194934
-0.0860806
0.12972
0.0152741
0.0418053
0.00310316
-11.4618
-0.0459698
0.0429409
-17.1785
0.117858
-0.117157
-0.00601131
0.0543977
0.245369
-0.135632
-0.0948807
0.0172105
-23.4168
-0.0105555
0.646707
-23.7516
0.0341887
2.41485
-28.6296
-0.110922
2.25151
-13.4233
-0.0736348
3.35571
-11.1347
0.0183193
2.27696
-4.47405
0.0342615
-0.0362078
-23.592
0.288323
-0.270199
-24.0145
0.42638
-0.981671
-16.7213
0.404603
-3.35968
-22.7165
-0.0448763
-3.25963
-10.7084
-0.334695
-2.48222
-4.17948
-0.713806
0.0899765
-23.2097
0.0717719
0.628616
-23.655
0.293474
1.86858
-25.558
0.426825
2.10703
-13.4735
0.253627
3.2801
-11.3525
-0.0416805
2.51849
-4.45653
-0.493316
0.0709733
-23.3369
0.23475
-0.306572
-23.8053
0.221674
-1.24186
-16.7578
0.0329774
-3.74168
-23.0582
-0.469614
-3.47517
-11.0658
-0.236748
-1.80707
-3.58171
-0.178898
-0.157687
-34.8081
0.023324
1.27147
-2.04801
-0.0195715
-0.0366468
-23.0458
-0.0898808
-1.69527
-1.83542
-0.526879
-0.17949
-46.129
0.330821
0.173438
0.164964
-0.164951
-0.832012
-0.334525
0.174828
0.781002
-0.24481
0.122971
-0.0133182
-22.9305
0.016146
1.69405
-2.27296
-0.836924
-1.36182
-2.08394
0.112224
0.015122
0.04062
-0.0824438
-0.0887025
-23.2376
-0.063283
0.247653
-23.6272
0.0309268
1.22631
-23.5353
0.0189589
2.36392
-20.8825
-0.0215404
3.41702
-14.7454
-0.00367926
2.96776
-7.61007
-0.00145888
-0.0432327
-23.3483
0.218762
-0.087377
-23.8574
0.377116
-0.640128
-23.6179
0.457969
-1.98677
-20.5862
0.409673
-3.15316
-14.43
-0.197511
-3.05371
-7.20114
-0.499185
0.0117946
-34.4925
-0.0209714
0.284381
-23.4945
0.18561
1.06621
-23.4918
0.392653
1.79597
-16.9574
0.264623
3.28259
-14.9717
0.157373
2.92757
-7.67591
-0.245653
0.0774552
-23.0532
0.206613
-0.0751061
-23.6208
0.249897
-0.746239
-23.5991
0.153187
-2.47869
-20.7724
-0.181688
-3.33889
-14.8188
-0.293625
-3.28335
-7.4627
-0.206879
0.40061
-93.226
0.0543424
2.94838
-118.275
0.840845
6.38921
-88.2077
0.802397
6.78242
-44.5819
0.362165
12.6596
-44.9467
0.157813
8.69898
-15.929
-0.338593
-0.50474
-93.8178
1.00875
-1.83703
-95.3782
1.30217
-4.94001
-72.6364
1.18487
-12.9699
-86.3354
-1.04049
-12.4654
-43.6762
-0.924147
-8.88217
-17.5487
-1.725
0.239209
-139.792
0.838296
1.00832
-142.849
1.51055
1.30908
-153.253
1.32584
0.156503
-110.02
0.888818
-0.718295
-67.1462
-0.535242
-1.74969
-18.0829
-0.725233
0.122934
-141.257
0.735644
1.42179
-120.164
1.00516
1.89954
-136.664
0.591881
0.915001
-122.973
0.222357
0.163155
-65.173
-0.578239
-0.653144
-24.2391
-0.787061
-0.434291
-8.62226
-0.239973
0.0947917
-3.86609
0.0286195
-0.313604
-92.2258
0.146821
-7.68152
-9.38141
-0.425147
-0.0642735
0.461976
0.135591
4.14736
-5.168
-0.742192
0.0186123
-80.8654
-0.175338
1.15163
-94.1964
0.369185
4.44533
-93.9617
0.748363
11.2607
-112.952
0.844565
12.7161
-59.2107
0.350282
11.3925
-30.6105
-0.128752
-0.398268
-104.436
0.932849
-1.35212
-118.554
1.53431
-3.4262
-94.0429
1.28652
-9.10115
-82.827
0.0192584
-12.1652
-58.3482
-0.797143
-11.6031
-29.6465
-1.17791
-0.153999
-143.898
0.539382
0.697206
-118.3
0.980168
1.415
-142.276
1.53695
0.10777
-107.43
0.360859
0.200359
-89.7229
-0.0933664
-1.9305
-44.5921
-0.923186
-0.258102
-122.368
0.362629
0.718856
-142.844
1.06661
2.13548
-142.553
1.21377
1.05947
-109.471
1.02486
0.870447
-87.9661
-0.259922
-0.436333
-43.4522
-0.729954
5.83714
-13.7818
-0.957739
1.12721
-16.3492
0.171008
