0.357078
-3.0423
2.1157
0.788473
-4.57154
4.07657
-0.0957804
-0.0589278
-0.0259415
0.0433809
-0.00192534
0.0160412
-0.297508
-2.4457
2.11935
-0.20165
-3.66811
4.06659
-0.0372759
-0.00329748
0.0178638
0.0748362
-0.0405183
-0.0364335
0.749655
-6.42236
3.08985
0.858045
-6.67997
1.97396
1.29954
-8.15296
1.2744
0.888607
-4.06868
0.198206
1.20248
-3.69301
-0.0720506
0.823116
-1.66929
-0.140461
1.02773
-6.45183
4.26168
0.842538
-6.68441
3.05647
0.308759
-4.72752
1.47272
-0.149364
-6.84319
1.26292
-0.535116
-3.51328
0.322262
-0.591082
-1.48953
-0.121174
-0.563538
-5.26344
3.1144
-0.379555
-5.63531
2.03197
-0.0422932
-6.35259
1.24821
0.295479
-3.49806
0.290744
0.694215
-3.22684
-0.0776067
0.666421
-1.43952
-0.295333
-0.276733
-5.31222
4.22126
-0.356701
-5.71132
2.96665
-0.48929
-4.18802
1.34556
-1.16856
-6.08398
1.10389
-1.02018
-3.22327
0.295405
-0.562719
-1.1382
-0.031462
1.30893
-9.1382
7.24497
0.469058
-0.804375
-0.0936419
0.0675036
-5.48448
4.2381
-0.456318
-0.658562
-0.148878
0.754202
-10.9807
10.8482
0.0926135
0.0340657
-0.0493239
-0.248726
-0.113132
0.0450684
0.241972
-0.0971822
0.00649558
-0.433917
-4.89635
4.82864
0.500845
-0.776902
-0.361034
-0.437516
-0.702086
0.0260872
0.000721665
0.0105137
-0.0279697
0.723708
-6.23983
3.66491
0.797852
-6.58232
2.5198
0.94214
-6.65668
1.47525
1.05914
-6.08102
0.613077
1.2504
-4.65267
0.0663718
1.0609
-2.66654
-0.146319
1.04958
-6.26602
4.85855
0.96198
-6.60178
3.65296
0.667512
-6.61218
2.47926
0.15698
-5.93325
1.50253
-0.368991
-4.52623
0.629474
-0.621027
-2.47128
0.0742348
-0.889143
-7.58299
5.51749
-0.494609
-5.47435
2.56349
-0.226404
-5.70937
1.55633
0.135891
-4.3177
0.57061
0.584847
-4.04568
0.121914
0.701639
-2.3006
-0.204332
-0.266944
-5.08237
4.84004
-0.306859
-5.53812
3.58767
-0.4398
-5.7821
2.36896
-0.83067
-5.30992
1.30561
-0.991646
-4.09828
0.555806
-0.974473
-2.29168
0.105357
0.41993
-23.3396
12.3814
1.16031
-30.705
9.92198
1.78244
-23.4832
4.10286
1.84735
-12.5025
0.813367
3.62344
-13.785
-0.345687
2.68282
-5.53932
-0.718909
1.36587
-23.4783
16.9263
0.787209
-24.674
11.9838
-0.45628
-19.2549
6.13945
-2.40939
-24.3399
4.31618
-2.91385
-13.3581
1.19997
-2.44831
-5.77982
-0.298425
-2.46969
-31.7777
22.0004
-1.98938
-34.1819
14.982
-1.81276
-38.2302
9.79615
-1.48521
-28.7629
4.07437
-0.981339
-19.4282
0.786589
-0.777864
-5.86896
-0.330509
5.32281
-38.6988
22.0691
4.26737
-33.5922
12.678
4.31038
-38.7831
8.77977
3.54339
-37.1297
4.45289
2.11832
-21.6337
0.862425
0.872067
-9.06989
-0.476517
0.345186
-3.37081
-0.373855
-0.0287332
-1.35157
-0.106579
0.869595
-21.952
19.3398
-2.26191
-3.25971
-0.20119
-0.000727258
0.101761
-0.0248435
1.33172
-1.87707
-0.536249
0.279498
-19.7475
12.8357
0.622674
-24.0764
10.1262
1.36466
-24.6511
5.98872
3.01038
-30.7861
3.42011
3.52203
-17.2844
0.281059
3.38268
-9.91231
-0.685054
1.67101
-25.5207
21.8038
1.40249
-30.2702
18.0087
0.247944
-24.5982
9.63886
-1.42476
-22.5253
5.40988
-2.57178
-17.0735
2.31143
-2.9646
-9.46619
0.346862
-2.71279
-31.6776
26.5924
-1.87648
-27.6401
15.4304
-1.76172
-34.7138
11.7662
-1.51241
-27.4783
5.16317
-1.06032
-24.6074
2.1126
-1.07141
-13.6645
-0.0891705
4.62913
-32.8473
22.378
5.30035
-39.6872
18.537
4.82859
-40.0939
11.8975
3.20199
-31.6469
5.60634
2.80014
-27.7755
2.19915
1.44239
-15.2432
-0.00121367
1.5916
-4.77766
-0.84817
0.0979131
-4.21772
0.695732
