0.183779
-0.757821
1.88267
0.879546
-1.13861
4.29783
-0.0450553
-0.0302399
-0.00836574
0.0202972
-0.00394457
0.00665581
-0.478042
0.220541
1.88653
-0.123476
0.329036
4.2924
-0.0176969
-0.000846989
0.0101136
0.0328112
-0.013163
-0.0229494
0.387087
-2.22497
2.62154
0.440157
-2.84436
1.53993
0.655143
-3.95452
0.835596
0.461407
-2.13337
-0.0139192
0.627006
-2.05164
-0.283759
0.421762
-0.982976
-0.255339
1.15107
-2.23959
4.53757
1.00075
-2.83377
3.30405
0.505235
-2.25403
1.63656
0.341673
-3.60119
1.55074
-0.076906
-1.93377
0.516504
-0.221708
-0.87182
0.0610565
-0.930502
-0.309787
2.64062
-0.784172
-1.09185
1.58177
-0.563647
-1.88865
0.826668
-0.113618
-1.17939
0.0594408
0.143969
-1.18541
-0.266267
0.256934
-0.526434
-0.311637
-0.160574
-0.357887
4.50844
-0.179171
-1.17899
3.24074
-0.257496
-1.23773
1.5444
-0.629371
-2.19079
1.43535
-0.510824
-1.25822
0.484536
-0.27771
-0.446859
0.0587226
1.14254
-2.27865
7.1213
0.240038
-0.482196
-0.143196
-0.287729
-0.533647
3.7714
-0.194969
-0.392181
-0.0251085
1.00058
-1.07464
11.444
0.0498544
-0.00464833
-0.0342257
-0.118797
-0.0636914
0.0321947
0.106652
-0.0432781
-0.0221161
-0.559439
0.436743
4.74869
0.234522
-0.270041
-0.278716
-0.21242
-0.276529
0.0555333
-0.000547923
0.0121605
-0.0147669
0.373246
-1.86407
3.19441
0.412294
-2.56206
2.06391
0.478349
-3.04315
1.07395
0.531452
-3.06354
0.279785
0.656535
-2.5188
-0.184991
0.545888
-1.52016
-0.307403
1.17031
-1.87799
5.14716
1.09586
-2.56688
3.91324
0.86432
-3.00114
2.71593
0.484444
-2.96474
1.72367
0.073748
-2.43352
0.841119
-0.181957
-1.3966
0.259585
-1.43012
0.124207
4.80689
-0.875347
-0.710832
2.09654
-0.656754
-1.41944
1.13276
-0.27256
-1.41181
0.286192
0.0113535
-1.44051
-0.129324
0.218211
-0.853051
-0.316017
-0.159831
0.0567237
5.13423
-0.162428
-0.784326
3.86815
-0.213037
-1.50777
2.63996
-0.449002
-1.74966
1.57666
-0.513491
-1.54517
0.781536
-0.473807
-0.911963
0.262094
-1.05111
-5.03961
10.5036
-0.869429
-9.7961
7.70838
-0.0675689
-9.25272
2.65425
0.49704
-5.42096
0.071966
1.44015
-6.41115
-1.18374
1.18402
-2.69171
-1.06276
1.89995
-5.13325
18.0512
1.50391
-7.89838
13.018
0.470035
-7.49703
6.89835
-0.484582
-10.7527
5.49342
-1.12355
-6.18345
1.92638
-1.08994
-2.77702
0.267077
-3.21477
-2.03799
21.4583
-2.69806
-6.9224
14.4859
-2.44083
-11.572
9.41268
-1.92957
-10.0906
3.90716
-1.12513
-7.43476
0.77275
-0.526687
-2.22993
-0.204663
4.59392
-13.4419
21.5028
3.58639
-14.3021
12.2168
3.54993
-18.7069
8.43233
2.98684
-19.5857
4.16729
1.76684
-12.0281
0.762854
0.743311
-5.43903
-0.4559
0.278483
-2.09131
-0.400888
-0.0376513
-0.466155
-0.117885
0.403035
-2.14296
19.0082
-1.05338
-1.64154
0.0924658
0.0227928
0.0559952
-0.0163897
0.634782
-0.866255
-0.574823
-0.977157
-3.1017
11.19
-0.909953
-6.51024
8.2814
-0.408882
-8.84945
4.34021
0.303524
-12.9849
1.59988
1.26889
-7.82156
-0.741142
1.42242
-4.70622
-1.29919
2.23474
-4.06828
23.114
2.1736
-8.28275
19.3549
1.12756
-8.8267
10.638
0.00338068
-9.46056
6.42472
-0.824191
-7.72726
3.15382
-1.26594
-4.45598
0.983856
-3.48011
0.443189
26.0451
-2.5043
-3.78668
14.9783
-2.42633
-8.95303
11.3255
-1.87892
-9.12514
5.00547
-1.42203
-9.10658
2.02446
-0.925982
-5.31293
-0.000690821
4.01961
-9.82891
21.9049
4.53515
-15.4835
17.9721
4.01679
-18.3329
11.4172
2.6438
-15.9303
5.32581
2.33395
-15.0624
2.0338
1.2156
-8.73012
-0.0414518
0.61167
-2.01317
-0.953073
-0.192886
-1.46958
0.489206
