0.0197499
1.49678
1.6458
0.915646
2.25004
4.41524
0.00845631
0.000195462
0.00936796
-0.00277322
-0.0060021
-0.00231634
-0.627721
2.79202
1.64954
-0.0671139
4.18404
4.41487
0.00181865
0.00127031
0.0025063
-0.011748
0.0150839
-0.00816424
0.0404937
1.99392
2.1829
0.0306638
1.08611
1.16961
0.00829686
0.418091
0.503487
0.026196
-0.100879
-0.155446
0.0386827
-0.319835
-0.420297
0.0152355
-0.256673
-0.330861
1.20273
1.99617
4.71547
1.09899
1.11174
3.49719
0.67561
0.314715
1.78809
0.825665
-0.193636
1.85383
0.396427
-0.269997
0.734822
0.166631
-0.216771
0.262325
-1.23809
4.53861
2.19473
-1.14194
3.43077
1.19128
-1.05686
2.62198
0.493832
-0.522221
1.17492
-0.106551
-0.424255
0.891991
-0.380518
-0.176041
0.397519
-0.282658
-0.07318
4.49494
4.70006
-0.0256223
3.33815
3.46567
-0.0315765
1.7407
1.73813
-0.0829693
1.77656
1.78979
0.00573489
0.74684
0.698876
0.00975116
0.254284
0.160574
0.936064
4.49199
6.8884
0.00988622
-0.141605
-0.173757
-0.603401
4.29226
3.29644
0.0805372
-0.10793
0.109419
1.14636
8.58238
11.7643
0.0107778
-0.0418129
-0.0156077
0.0159185
-0.0121334
0.0166419
-0.0329395
0.011104
-0.0498584
-0.668416
5.58066
4.59581
-0.0506965
0.240537
-0.16464
0.0130487
0.151875
0.0909259
-0.00461758
0.0129065
0.000641167
0.0406155
2.4918
2.73488
0.0393553
1.51898
1.65555
0.0178479
0.691301
0.749024
-0.000219813
0.0927725
0.039237
0.048509
-0.270759
-0.349597
0.0216577
-0.309325
-0.409436
1.2179
2.49196
5.31685
1.1623
1.53009
4.09746
1.0118
0.727814
2.91888
0.791243
0.135862
1.9415
0.523409
-0.231787
1.07353
0.276545
-0.262564
0.467836
-1.87884
7.60811
4.11121
-1.20156
3.99123
1.67413
-1.05017
2.88405
0.780255
-0.670242
1.53657
0.0723655
-0.572386
1.2102
-0.297366
-0.286774
0.617854
-0.367681
-0.0820808
5.04901
5.31053
-0.045047
3.91305
4.07646
-0.0056022
2.78558
2.88347
-0.065949
1.86295
1.85549
-0.0283879
1.05957
1.03143
0.0330725
0.493629
0.44036
-2.37476
13.0909
8.74256
-2.75775
11.2938
5.80838
-1.86314
5.31752
1.52879
-0.859054
1.87523
-0.442951
-0.797611
1.21334
-1.7179
-0.358686
0.250245
-1.25387
2.24131
13.0515
18.7916
2.06404
9.02713
13.8491
1.3316
4.52407
7.61817
1.43588
3.27138
6.75433
0.708813
1.22735
2.75449
0.306553
0.326966
0.898353
-3.87122
27.0854
20.713
-3.35086
20.239
14.0199
-3.03688
15.3825
9.26861
-2.35353
8.91283
4.03858
-1.2927
4.79412
1.04963
-0.30267
1.45735
0.037153
3.69731
11.9551
20.7307
2.77425
5.47305
11.773
2.6813
2.18403
8.3016
2.37294
-1.13792
4.23797
1.41258
-1.89281
0.959733
0.650451
-1.57744
-0.26491
0.244424
-0.719267
-0.35426
-0.0651586
0.421437
-0.0914231
-0.0833053
17.1673
18.3833
0.189664
0.0368894
0.417843
0.0424503
0.00707864
-0.0109066
-0.0863959
0.17083
-0.551498
-2.09856
13.2475
9.58174
-2.30927
11.052
6.62338
-2.09708
7.21612
2.99108
-2.35955
5.33625
0.269654
-1.02755
1.95538
-1.41662
-0.591918
0.675489
-1.6724
2.57321
17.0114
23.8928
2.72307
13.7117
20.3364
1.88284
7.20498
11.5189
1.39781
3.97487
7.46063
0.94751
1.92486
4.09081
0.481669
0.717168
1.71082
-4.14438
31.6397
25.1619
-3.07112
19.7787
14.4538
-3.051
16.921
11.0153
-2.21649
9.50851
5.08569
-1.79249
6.69593
2.25251
-0.812664
3.19017
0.323678
3.26601
13.0909
21.1485
3.60276
9.09781
17.3198
3.06526
4.16181
11.0624
2.0216
0.507254
5.27594
1.83455
-1.66589
2.18849
1.0106
-1.84391
0.162137
-0.424727
0.802669
-0.917904
-0.474337
1.32639
0.33892
