-0.0247834
-12.4673
-0.0583891
-0.063237
-18.7583
0.187337
-0.33736
-0.196613
-0.0878046
0.130254
0.0165619
0.0416486
0.044813
-12.3143
-0.0440515
0.0227227
-18.455
0.158556
-0.118221
-0.00576736
0.0553562
0.245536
-0.134877
-0.0955997
0.135622
-25.1259
0.00444534
0.890349
-25.2906
0.0562388
2.79859
-29.8236
-0.083419
2.40248
-13.6536
-0.0505759
3.41782
-11.1461
0.0345986
2.29012
-4.44171
0.0389964
-0.0830074
-25.3324
0.358484
-0.424077
-25.5418
0.473674
-1.18708
-17.4007
0.38072
-3.69739
-23.0053
-0.124851
-3.40224
-10.7387
-0.373245
-2.53503
-4.1688
-0.736996
0.199877
-24.8905
0.105381
0.847354
-25.2074
0.34937
2.19318
-26.6633
0.449436
2.2672
-13.7467
0.234858
3.35353
-11.3949
-0.0525934
2.53925
-4.41956
-0.500733
0.0173195
-25.0434
0.277833
-0.49379
-25.3506
0.223601
-1.46047
-17.4903
-0.00440584
-4.04793
-23.4273
-0.496387
-3.61417
-11.1144
-0.242684
-1.84585
-3.57785
-0.178238
-0.133028
-37.4535
0.0578065
1.27318
-2.02391
-0.0184602
0.04661
-24.773
-0.086221
-1.72098
-1.82684
-0.537475
-0.270785
-49.5951
0.4421
0.175897
0.171943
-0.169312
-0.842626
-0.336969
0.178459
0.784933
-0.241094
0.12504
0.00893282
-24.6392
0.0400744
1.70198
-2.23956
-0.847762
-1.37996
-2.07046
0.119048
0.0135038
0.0439766
-0.0824386
-0.00348144
-24.9583
-0.05801
0.423079
-25.2921
0.0539273
1.52387
-24.835
0.0390513
2.65028
-21.444
0.0020137
3.53282
-14.8485
0.0195769
2.99971
-7.58605
0.00707542
-0.0746928
-25.0997
0.283732
-0.175129
-25.5383
0.444682
-0.866982
-24.87
0.469631
-2.28147
-21.143
0.352431
-3.35503
-14.5301
-0.249103
-3.14695
-7.19905
-0.527416
0.139805
-37.0118
0.00431209
0.442242
-25.1539
0.237201
1.33228
-24.8143
0.438198
2.0207
-17.457
0.260385
3.4138
-15.1197
0.139094
2.96625
-7.66902
-0.253926
0.0482029
-24.7494
0.26081
-0.186979
-25.2942
0.275882
-1.00693
-24.8979
0.127851
-2.7698
-21.4082
-0.23131
-3.52992
-14.9577
-0.307625
-3.37747
-7.46603
-0.207337
0.883967
-99.9975
0.135215
3.9991
-125.974
1.05299
7.46431
-91.9874
0.898272
7.26234
-45.4567
0.378319
12.9388
-45.0777
0.169574
8.79488
-15.8074
-0.348968
-0.783306
-100.689
1.22814
-2.53986
-101.49
1.40816
-5.81809
-75.6809
1.05646
-14.124
-87.6335
-1.2163
-13.024
-43.8468
-1.017
-9.09089
-17.5291
-1.77767
0.442849
-150.017
1.05864
1.22886
-152.251
1.69625
1.26438
-159.819
1.28826
0.0306732
-111.925
0.726202
-0.945517
-67.3421
-0.585436
-1.84488
-17.9627
-0.733852
0.385538
-151.687
0.967318
1.70306
-127.944
1.18854
1.93153
-142.246
0.622368
0.756164
-124.644
0.0750477
-0.0598892
-65.2076
-0.665366
-0.752755
-24.0542
-0.835297
-0.464631
-8.51592
-0.261584
0.0799098
-3.79534
0.0282393
-0.248613
-99.1499
0.263684
-7.81611
-9.32641
-0.435736
-0.0661947
0.485787
0.134977
4.17593
-5.09728
-0.75324
0.354353
-86.806
-0.150703
1.80221
-100.831
0.508811
5.48449
-99.1977
0.88959
12.6686
-116.179
0.897143
13.1862
-59.7604
0.373084
11.5601
-30.5589
-0.131554
-0.611546
-112.19
1.19262
-1.94502
-126.902
1.7651
-4.37162
-99.1265
1.27039
-10.188
-85.1818
-0.181929
-12.9328
-58.8456
-0.932745
-11.9801
-29.6608
-1.24008
-0.029909
-154.452
0.743476
0.925921
-126.741
1.16803
1.53123
-150.238
1.61254
0.0574988
-110.606
0.283698
-0.0385649
-90.4861
-0.180581
-2.12131
-44.5153
-0.955874
-0.0986892
-131.511
0.525045
1.03445
-152.99
1.32714
2.35036
-150.296
1.3482
0.991461
-112.416
0.944593
0.61737
-88.4389
-0.373007
-0.600229
-43.3104
-0.794388
5.88023
-13.6183
-0.979119
1.28177
-16.9241
0.176137
