-0.0910755
3.01374
1.49213
0.928093
4.52989
4.42808
0.0445522
0.0207933
0.0208711
-0.0177027
-0.00740621
-0.00789397
-0.716529
4.47254
1.4956
-0.0219271
6.70354
4.43114
0.0144632
0.00243668
-0.00243006
-0.0416638
0.0335854
0.00207441
-0.193914
4.84462
1.92008
-0.246072
3.74937
0.968836
-0.426002
3.38105
0.34686
-0.264741
1.27328
-0.211207
-0.350466
0.846413
-0.471388
-0.250532
0.230923
-0.360468
1.22262
4.85822
4.77072
1.15475
3.7838
3.58825
0.787152
2.05397
1.87688
1.15179
2.10825
2.05086
0.716945
0.850026
0.883312
0.429117
0.224808
0.399324
-1.42224
7.71572
1.9264
-1.36433
6.40449
0.975973
-1.37619
5.59299
0.328764
-0.792226
2.72136
-0.178717
-0.803079
2.24874
-0.416647
-0.467879
0.993519
-0.241754
-0.00536391
7.67707
4.7652
0.0850199
6.31187
3.57913
0.125154
3.70336
1.85622
0.289157
4.38608
2.02088
0.350553
2.05969
0.843592
0.198784
0.70915
0.229425
0.785011
9.04749
6.67398
-0.139429
0.0863016
-0.184249
-0.804553
7.48947
2.98805
0.266315
0.0843026
0.200116
1.23778
14.9805
11.8039
-0.0128225
-0.0652006
-0.00160012
0.105805
0.022369
0.00478027
-0.125225
0.0460307
-0.0673012
-0.725134
8.94254
4.45427
-0.244386
0.567422
-0.0753035
0.159859
0.427334
0.114523
-0.00844242
0.0126022
0.0115839
-0.184237
5.42875
2.44774
-0.212949
4.28148
1.42208
-0.292493
3.22275
0.583001
-0.356984
2.22729
-0.0670943
-0.355959
1.24625
-0.412573
-0.32301
0.504528
-0.446393
1.23431
5.43851
5.35408
1.194
4.3028
4.17012
1.10391
3.25384
3.02798
0.996005
2.2331
2.07642
0.827445
1.25288
1.22909
0.586937
0.500198
0.609953
-2.1453
12.5046
3.6757
-1.40006
7.07776
1.43031
-1.30017
5.71688
0.594642
-0.93105
3.47684
-0.0271354
-0.959492
2.94672
-0.362874
-0.62505
1.57441
-0.371025
-0.0204405
8.31648
5.35246
0.0418754
6.99985
4.16611
0.140427
5.61523
3.02067
0.197296
4.2423
2.03274
0.298439
2.7698
1.19803
0.368751
1.41027
0.560853
-3.22288
25.1427
7.68626
-3.98524
25.3582
4.773
-3.04611
15.0392
0.981684
-1.75823
6.73168
-0.658105
-2.28227
6.26279
-1.91119
-1.38055
2.18371
-1.3018
2.45979
25.1418
19.035
2.43715
20.3134
14.2578
1.91609
12.5439
8.04877
2.73399
12.6015
7.57934
1.94306
6.13381
3.31843
1.238
2.37526
1.32745
-4.22009
46.1774
20.1138
-3.71893
38.1131
13.7322
-3.38436
33.1481
9.29108
-2.60251
21.4044
4.26115
-1.39737
12.7912
1.35609
-0.165349
3.84024
0.241887
3.0465
29.1167
20.1136
2.20004
18.8693
11.4942
2.08767
16.3345
8.32193
1.96218
11.3288
4.45107
1.19485
4.9314
1.22026
0.613457
1.02401
-0.0667146
0.239947
0.207911
-0.291557
-0.0907834
0.9865
-0.0583346
-0.393642
29.9608
17.8081
1.01607
1.14416
0.634762
0.0529116
-0.0279655
-0.00953735
-0.565334
0.845908
-0.505455
-2.81457
24.0961
8.57636
-3.21177
22.746
5.67271
-3.20221
17.9357
2.29401
-4.12034
17.5507
-0.327037
-2.55219
8.44853
-1.67745
-1.92696
4.22806
-1.79397
2.78602
31.0007
24.072
3.08227
28.3615
20.7463
2.39296
17.901
12.0066
2.34291
12.934
8.11703
2.14391
8.33198
4.71976
1.655
4.13263
2.20711
-4.48914
52.0539
24.3957
-3.38201
35.2563
14.0725
-3.41134
33.9681
10.8795
-2.40902
21.7794
5.24676
-2.01889
17.0609
2.54111
-0.74265
8.7266
0.635148
2.71654
28.5446
20.4952
2.93143
25.7376
16.8485
2.40202
19.4074
10.8965
1.60336
11.6289
5.35525
1.51047
7.3706
2.43496
0.898052
2.78758
0.40176
-1.12288
2.62604
-0.828121
-0.65791
3.17491
0.271957
