-0.207937
4.56268
1.346
0.945198
6.8573
4.38592
0.0802359
0.041205
0.0318561
-0.0320051
-0.00882985
-0.0130519
-0.801665
6.14088
1.34905
0.0429554
9.20501
4.39224
0.0266185
0.00338068
-0.00722948
-0.0709666
0.0513041
0.0123888
-0.439853
7.74185
1.68846
-0.531617
6.43722
0.8101
-0.863531
6.34553
0.243042
-0.553587
2.63849
-0.237969
-0.730313
1.9968
-0.493025
-0.507023
0.709651
-0.374767
1.24943
7.76608
4.77156
1.21948
6.47865
3.64515
0.90538
3.79504
1.95228
1.48461
4.39149
2.23418
1.03836
1.95528
1.02661
0.689585
0.660469
0.533107
-1.59953
10.8529
1.68906
-1.58155
9.32478
0.802853
-1.6922
8.49234
0.21202
-1.0586
4.22075
-0.220019
-1.17486
3.55215
-0.422978
-0.755553
1.55777
-0.186616
0.0876962
10.8207
4.77595
0.216924
9.23523
3.658
0.292689
5.62108
1.95972
0.669183
6.91614
2.2351
0.692939
3.32398
0.981206
0.383155
1.1429
0.295255
0.629772
13.6986
6.41554
-0.282596
0.309268
-0.187508
-1.00814
10.7063
2.69459
0.44988
0.274325
0.288236
1.36027
21.4179
11.697
-0.034292
-0.0871109
0.013391
0.194078
0.0563297
-0.00822936
-0.214886
0.0789483
-0.0835339
-0.765329
12.2802
4.28314
-0.436253
0.874231
0.0213897
0.301602
0.68768
0.135919
-0.0128278
0.0115084
0.0226773
-0.421074
8.42136
2.18398
-0.475807
7.08026
1.22621
-0.608885
5.76722
0.460759
-0.715295
4.35248
-0.130642
-0.753608
2.74745
-0.440725
-0.657389
1.30515
-0.460567
1.25712
8.44026
5.32682
1.23363
7.11068
4.19898
1.20574
5.79158
3.11155
1.20831
4.32347
2.19721
1.13428
2.72166
1.37722
0.896511
1.25172
0.747944
-2.40096
17.3527
3.27512
-1.59247
10.117
1.22396
-1.54651
8.49057
0.453253
-1.18936
5.36368
-0.0912629
-1.33934
4.62224
-0.39261
-0.957461
2.48862
-0.351996
0.0670817
11.5525
5.32989
0.151981
10.0422
4.21168
0.304935
8.3888
3.13134
0.470834
6.55881
2.19392
0.627073
4.42306
1.35512
0.698701
2.2888
0.67552
-4.0802
37.2069
6.75453
-5.22272
39.3526
3.95118
-4.22888
24.6385
0.604897
-2.64748
11.4957
-0.773936
-3.7355
11.1737
-1.98358
-2.37679
4.0458
-1.29199
2.74038
37.2437
19.0622
2.86995
31.5406
14.5316
2.53865
20.4684
8.4211
4.05653
21.7389
8.34759
3.17802
10.9066
3.86003
2.15561
4.35899
1.74339
-4.47524
65.0339
19.4427
-4.01126
55.6769
13.4639
-3.67192
50.4955
9.39143
-2.81084
33.513
4.56423
-1.48348
20.481
1.72836
-0.035361
6.10071
0.465929
2.38303
46.5547
19.4253
1.62866
32.3813
11.2317
1.51354
30.4913
8.41295
1.56947
23.6979
4.76724
1.00314
11.6615
1.55497
0.597948
3.58505
0.169689
0.249184
1.12173
-0.210771
-0.12
1.51381
-0.0170823
-0.676939
42.8328
17.1151
1.82653
2.21473
0.839755
0.0610209
-0.0651386
-0.0103455
-1.03294
1.48941
-0.43838
-3.5391
34.9854
7.65243
-4.12315
34.4173
4.87332
-4.31067
28.5619
1.77461
-5.87532
29.5646
-0.690894
-4.05032
14.7897
-1.79541
-3.23038
7.66881
-1.82208
3.06849
45.0412
23.9618
3.51718
42.9841
20.9398
2.95951
28.5041
12.3932
3.32089
21.7532
8.71354
3.35098
14.5865
5.31753
2.8209
7.44359
2.68565
-4.73263
72.2684
23.5
-3.61955
50.5016
13.6713
-3.70564
50.6689
10.7945
-2.56575
33.7199
5.47137
-2.21271
27.0693
2.90649
-0.669121
14.0222
0.99515
2.15384
44.2885
19.7334
2.25219
42.5919
16.3557
1.7502
34.7252
10.7828
1.20352
22.7106
5.5081
1.21015
16.307
2.7664
0.810687
7.34623
0.699293
-1.81055
4.35678
-0.694845
-0.838999
4.98206
0.231546
