-0.269884
5.35427
1.27676
0.959211
8.04646
4.3442
0.097738
0.0512353
0.0370918
-0.0388591
-0.00954504
-0.0154524
-0.844338
6.97457
1.27955
0.0861469
10.4551
4.35204
0.032467
0.00376493
-0.00957129
-0.0851987
0.059747
0.0175181
-0.569413
9.21143
1.58588
-0.679154
7.78725
0.747256
-1.08366
7.81843
0.210561
-0.696522
3.31152
-0.241215
-0.915065
2.55986
-0.493592
-0.630592
0.942975
-0.37654
1.27033
9.24049
4.75118
1.25954
7.83132
3.65996
0.969033
4.66097
1.98404
1.65427
5.51519
2.31817
1.19848
2.49663
1.09439
0.817802
0.873762
0.597436
-1.68846
12.4079
1.58364
-1.69037
10.7598
0.733153
-1.85006
9.90432
0.171966
-1.18994
4.94574
-0.229349
-1.35628
4.17645
-0.415712
-0.89614
1.82434
-0.154512
0.148054
12.3793
4.76037
0.29446
10.6729
3.68325
0.381899
6.55635
2.00451
0.862401
8.13867
2.33261
0.862458
3.93083
1.0452
0.472962
1.34927
0.326122
0.552372
16.0754
6.27124
-0.351216
0.41761
-0.186605
-1.11355
12.3314
2.55548
0.539859
0.367478
0.330507
1.44234
24.6697
11.5885
-0.0442008
-0.0974197
0.0211764
0.237201
0.0729542
-0.0151421
-0.258251
0.0944394
-0.0911046
-0.778514
13.948
4.18741
-0.53035
1.01799
0.0716645
0.37004
0.810588
0.145274
-0.0151466
0.0106377
0.0281849
-0.546431
9.94552
2.06266
-0.613125
8.49334
1.14356
-0.770178
7.03855
0.416339
-0.894915
5.4028
-0.146936
-0.948343
3.48449
-0.442648
-0.819173
1.69607
-0.459725
1.27587
9.96864
5.28878
1.26115
8.52768
4.19639
1.26401
7.05912
3.14265
1.31898
5.35796
2.25077
1.28841
3.44277
1.44645
1.04974
1.61928
0.813696
-2.52918
19.7659
3.0907
-1.68898
11.6169
1.13621
-1.66995
9.84758
0.399817
-1.31778
6.27873
-0.110182
-1.52505
5.42821
-0.394691
-1.11964
2.92437
-0.33483
0.125016
13.1635
5.29411
0.219754
11.5447
4.21706
0.397119
9.74691
3.17512
0.612318
7.68358
2.2661
0.791732
5.21955
1.42768
0.860525
2.70863
0.728909
-4.52232
43.2537
6.34162
-5.8546
46.3037
3.62483
-4.82302
29.3587
0.480395
-3.08681
13.8214
-0.796294
-4.44387
13.5501
-1.9775
-2.86032
4.93865
-1.26707
2.92172
43.3083
18.9928
3.12379
37.1153
14.6138
2.87137
24.3689
8.5805
4.72882
26.1907
8.69898
3.79301
13.217
4.1144
2.60562
5.31542
1.94157
-4.56318
74.3818
19.0832
-4.12418
64.3113
13.3362
-3.78859
58.9477
9.46481
-2.89655
39.3639
4.7379
-1.51645
24.1667
1.93072
0.0274869
7.17064
0.581294
2.05464
55.3974
19.0577
1.35162
39.1636
11.1064
1.24148
37.5257
8.47949
1.38429
29.7867
4.955
0.919358
14.9551
1.7422
0.598296
4.83592
0.297499
0.258568
1.56825
-0.165397
-0.135377
1.7596
0.00555839
-0.804719
49.3351
16.7283
2.2223
2.72994
0.934941
0.0641497
-0.0845216
-0.0116257
-1.26011
1.79509
-0.397832
-3.91379
40.4663
7.22731
-4.59116
40.2406
4.53542
-4.87132
33.8134
1.58335
-6.75203
35.4449
-0.787745
-4.78398
17.8707
-1.80406
-3.86393
9.32733
-1.80358
3.25637
52.1067
23.7969
3.78371
50.2799
20.9517
3.27657
33.7445
12.5432
3.82679
26.074
8.98086
3.95758
17.6244
5.59583
3.39733
9.04135
2.91153
-4.81211
82.3311
23.0083
-3.70668
58.0261
13.4645
-3.82323
58.8425
10.7681
-2.62847
39.5138
5.60061
-2.29352
31.8858
3.10896
-0.629101
16.5477
1.1862
1.87421
52.3053
19.3159
1.91819
51.0987
16.1029
1.43738
42.3754
10.7429
1.01551
28.1918
5.60667
1.07261
20.6916
2.95556
0.777456
9.57304
0.863151
-2.1464
5.17604
-0.614382
-0.928803
5.86276
0.220987
