-0.334791
6.15971
1.21055
0.978769
9.25622
4.28902
0.114923
0.0610967
0.0421268
-0.0454854
-0.0102599
-0.0177243
-0.887891
7.81008
1.21306
0.138114
11.7081
4.29826
0.0381406
0.00408915
-0.0118712
-0.0990594
0.0678537
0.0226018
-0.704478
10.6965
1.49271
-0.830577
9.13951
0.695558
-1.30478
9.27993
0.190579
-0.838119
3.97504
-0.238178
-1.09556
3.1118
-0.487769
-0.750475
1.17098
-0.374911
1.29873
10.7299
4.71695
1.3069
9.18558
3.66533
1.03669
5.52109
2.01135
1.82637
6.62147
2.39576
1.3577
3.02766
1.15864
0.944038
1.08291
0.659407
-1.77911
13.9547
1.48772
-1.80049
12.1757
0.674976
-2.00837
11.2858
0.14399
-1.3198
5.6508
-0.231362
-1.5338
4.7789
-0.401916
-1.03372
2.07882
-0.119783
0.219722
13.93
4.73076
0.381457
12.0921
3.6985
0.475388
7.47257
2.0439
1.05782
9.32666
2.42208
1.03047
4.51738
1.10495
0.560875
1.54742
0.355192
0.476071
18.4936
6.11787
-0.41755
0.523248
-0.184102
-1.22278
13.9721
2.42244
0.628155
0.458897
0.371196
1.54284
27.9528
11.444
-0.0535507
-0.107253
0.0291146
0.279448
0.0892676
-0.0223108
-0.300407
0.109186
-0.0982656
-0.786847
15.6196
4.08557
-0.622656
1.15434
0.122821
0.436598
0.927905
0.153494
-0.017508
0.00954018
0.0336202
-0.677615
11.4915
1.94917
-0.755312
9.91533
1.07148
-0.933939
8.30618
0.382949
-1.07479
6.44049
-0.153378
-1.13961
4.2087
-0.43701
-0.976613
2.07856
-0.453921
1.30207
11.5185
5.23466
1.2962
9.95307
4.18231
1.329
8.32273
3.16611
1.43346
6.3812
2.29901
1.44277
4.15139
1.51143
1.20129
1.97944
0.876465
-2.6601
22.1759
2.91812
-1.78709
13.1027
1.05922
-1.79445
11.1809
0.357987
-1.4458
7.17079
-0.120547
-1.70721
6.20866
-0.388653
-1.27823
3.34328
-0.31295
0.194539
14.7724
5.24218
0.297944
13.0337
4.21052
0.497362
11.0821
3.21042
0.757321
8.7811
2.33146
0.956425
5.99165
1.49505
1.01975
3.11305
0.778828
-4.97859
49.3149
5.96644
-6.50007
53.2135
3.35582
-5.42045
34.009
0.397652
-3.52183
16.0988
-0.796132
-5.13689
15.8607
-1.94496
-3.3317
5.80064
-1.22962
3.13921
49.3863
18.8679
3.40997
42.6555
14.6578
3.22179
28.2152
8.71952
5.40913
30.5427
9.02278
4.40483
15.4644
4.3539
3.04798
6.24287
2.13091
-4.62307
83.6809
18.7094
-4.2129
72.8322
13.212
-3.88509
67.2202
9.54991
-2.96845
45.0499
4.92191
-1.54118
27.7251
2.13961
0.0892147
8.19359
0.697022
1.73276
64.3309
18.6764
1.08421
45.9535
10.9847
0.983119
44.5067
8.55661
1.20854
35.7817
5.15753
0.844561
18.1834
1.93861
0.603944
6.06008
0.429438
0.270885
2.00531
-0.117548
-0.15098
1.99177
0.0290476
-0.921537
55.8999
16.3174
2.61005
3.22876
1.02395
0.0666443
-0.104421
-0.0135054
-1.4817
2.08806
-0.35304
-4.30157
45.9815
6.82954
-5.07204
46.0535
4.24036
-5.43891
39.0101
1.43763
-7.62893
41.215
-0.829998
-5.50464
20.8758
-1.78115
-4.48232
10.9351
-1.76472
3.48555
59.2152
23.5597
4.09315
57.5621
20.9057
3.62227
38.9305
12.6618
4.34601
30.3175
9.22321
4.5656
20.5869
5.856
3.96748
10.5917
3.12527
-4.86196
92.3803
22.4904
-3.77109
65.4802
13.2539
-3.91895
66.8749
10.7503
-2.67977
45.1641
5.73722
-2.36173
36.551
3.3199
-0.585964
18.9766
1.38109
1.59925
60.4354
18.8766
1.59239
59.6566
15.8465
1.13766
50.0006
10.7124
0.837772
33.6106
5.71673
0.945114
24.9977
3.15587
0.751514
11.7527
1.03378
-2.47494
5.95924
-0.525909
-1.01821
6.72458
0.216574
