-0.403072
6.98062
1.1477
1.00522
10.489
4.22078
0.131726
0.0707531
0.0469418
-0.0518641
-0.0109724
-0.0198615
-0.932925
8.64895
1.14992
0.199917
12.9662
4.2313
0.0436243
0.00435257
-0.0141266
-0.112486
0.0755847
0.0276211
-0.845794
12.1978
1.40926
-0.986366
10.4926
0.654928
-1.52695
10.7263
0.182603
-0.97815
4.62684
-0.229251
-1.27125
3.65054
-0.475894
-0.866293
1.39277
-0.37001
1.33641
12.2352
4.66904
1.36305
10.54
3.66105
1.109
6.37343
2.03388
2.00105
7.7065
2.46605
1.51563
3.54643
1.21873
1.06784
1.28716
0.718588
-1.87266
15.494
1.40164
-1.91276
13.5707
0.628351
-2.16751
12.6332
0.12784
-1.44797
6.33357
-0.226288
-1.70677
5.35711
-0.381912
-1.16772
2.32009
-0.082701
0.304085
15.4733
4.68721
0.479071
13.491
3.70339
0.573581
8.36743
2.07735
1.25548
10.4758
2.50238
1.19669
5.08133
1.15975
0.646683
1.73653
0.382186
0.401574
20.9579
5.95632
-0.481394
0.625768
-0.180057
-1.33683
15.6316
2.29613
0.714434
0.548241
0.410051
1.6649
31.2733
11.2645
-0.062339
-0.116581
0.0371767
0.320679
0.105219
-0.0297212
-0.341195
0.123124
-0.104985
-0.790237
17.2978
3.97817
-0.712779
1.28264
0.174585
0.501102
1.03914
0.16043
-0.0198834
0.00820987
0.0389517
-0.815434
13.0613
1.844
-0.903
11.3459
1.01006
-1.10044
9.56781
0.360352
-1.25488
7.46238
-0.150418
-1.3269
4.91744
-0.424243
-1.12921
2.45117
-0.443394
1.33751
13.0918
5.16483
1.34044
11.3864
4.15671
1.40197
9.58014
3.18154
1.55223
7.39025
2.34136
1.59716
4.84498
1.57146
1.35068
2.33087
0.935702
-2.7955
24.5854
2.75812
-1.88784
14.5738
0.993189
-1.92061
12.4881
0.327671
-1.57347
8.03704
-0.122602
-1.88527
6.96064
-0.374832
-1.43258
3.74359
-0.286637
0.277065
16.3812
5.17441
0.387838
14.5087
4.19196
0.606625
12.3917
3.23668
0.906077
9.84802
2.38915
1.121
6.73646
1.55641
1.17602
3.5004
0.824722
-5.45274
55.3935
5.63025
-7.16256
60.0745
3.14397
-6.02219
38.5775
0.355516
-3.95199
18.3204
-0.774498
-5.81239
18.0965
-1.88729
-3.78929
6.6281
-1.18023
3.39888
55.4804
18.6881
3.73349
48.1547
14.6624
3.59215
31.9979
8.83636
6.09779
34.7796
9.31497
5.01237
17.64
4.57587
3.48143
7.13769
2.30992
-4.65417
92.9347
18.3227
-4.27626
81.2291
13.0902
-3.96006
75.291
9.64361
-3.02556
50.551
5.11295
-1.55663
31.1418
2.35203
0.150046
9.16504
0.811871
1.4205
73.36
18.2826
0.829104
52.7435
10.8658
0.74092
51.4169
8.64147
1.04345
41.6622
5.371
0.779271
21.3341
2.14131
0.614747
7.2528
0.563988
0.285935
2.43116
-0.0677681
-0.166606
2.20919
0.0530635
-1.0263
62.5398
15.8846
2.9886
3.70917
1.10594
0.0684957
-0.124819
-0.015985
-1.69693
2.36701
-0.30429
-4.70587
51.538
6.46083
-5.56908
51.8542
3.98869
-6.01535
44.1424
1.33672
-8.50652
46.8572
-0.819796
-6.21044
23.7942
-1.7283
-5.08342
12.4855
-1.70645
3.76301
66.3753
23.2516
4.45247
64.8283
20.8016
4.0007
44.0527
12.747
4.87982
34.4709
9.43754
5.17448
23.4632
6.095
4.52997
12.0886
3.32471
-4.88163
102.428
21.9488
-3.81194
72.8607
13.0398
-3.99154
74.7502
10.739
-2.71901
50.6532
5.87817
-2.41606
41.047
3.53589
-0.539052
21.2986
1.57743
1.33159
68.6892
18.4176
1.278
68.2632
15.5866
0.854041
57.5867
10.6894
0.671812
38.9507
5.83571
0.82865
29.2091
3.36403
0.732981
13.8767
1.20893
-2.79478
6.70284
-0.43023
-1.1073
7.56499
0.218024
