-0.551182
8.67413
1.03321
1.08375
13.0312
4.04737
0.163961
0.089318
0.0558455
-0.0638076
-0.0123823
-0.0237111
-1.02976
10.3424
1.03481
0.356581
15.5062
4.06
0.0539671
0.00469523
-0.018494
-0.137813
0.0897802
0.0374009
-1.14974
15.2515
1.27211
-1.31271
13.1954
0.605887
-1.97471
13.5599
0.200125
-1.25272
5.88721
-0.195455
-1.60636
4.68074
-0.435365
-1.08441
1.81451
-0.350881
1.44605
15.2949
4.53349
1.50714
13.2431
3.62304
1.26985
8.0473
2.06331
2.35844
9.79863
2.58152
1.82616
4.54004
1.32414
1.30651
1.67807
0.82711
-2.07282
18.5526
1.25976
-2.14696
16.2923
0.569178
-2.48976
15.2125
0.129433
-1.69864
7.62384
-0.196012
-2.03671
6.43218
-0.324608
-1.42283
2.75893
-0.00246724
0.515554
18.5401
4.55937
0.710101
16.2221
3.68107
0.785516
10.0849
2.12442
1.65752
12.6426
2.63139
1.52275
6.13314
1.25203
0.811221
2.08473
0.429005
0.260718
26.0411
5.61254
-0.600881
0.819943
-0.167569
-1.5831
19.018
2.06599
0.879721
0.719432
0.481393
1.98477
38.0487
10.8067
-0.0782334
-0.133628
0.0535637
0.399589
0.135847
-0.0452006
-0.4181
0.148348
-0.116985
-0.782182
20.6857
3.74935
-0.885054
1.51278
0.278962
0.623314
1.2416
0.169963
-0.0245742
0.00483374
0.049193
-1.11375
16.2791
1.66006
-1.21706
14.2305
0.918993
-1.44266
12.0642
0.34598
-1.61564
9.44708
-0.118454
-1.68785
6.27888
-0.379149
-1.41818
3.16134
-0.4091
1.44269
16.3152
4.9802
1.46262
14.2748
4.07132
1.57623
12.0677
3.18705
1.80431
9.35489
2.40639
1.90519
6.17781
1.67415
1.64123
3.00264
1.0417
-3.08675
29.4139
2.47824
-2.10119
17.4706
0.894032
-2.1803
15.0147
0.300557
-1.82796
9.68217
-0.103103
-2.22719
8.36875
-0.325334
-1.72626
4.48222
-0.221796
0.485866
19.605
4.99344
0.607111
17.4145
4.11867
0.855495
14.9251
3.26017
1.2156
11.878
2.47844
1.44927
8.13381
1.65818
1.47846
4.21801
0.902535
-6.4683
67.6131
5.07742
-8.55125
73.6215
2.88748
-7.24255
47.4258
0.386438
-4.79596
22.5696
-0.67161
-7.10302
22.3111
-1.70196
-4.65719
8.16646
-1.04772
4.06599
67.726
18.1679
4.51004
59.0072
14.55
4.40027
39.3392
8.99678
7.50088
42.8529
9.79007
6.21034
21.7456
4.95794
4.31697
8.81638
2.63181
-4.62926
111.322
17.5157
-4.32387
97.6147
12.849
-4.04124
90.7488
9.84343
-3.09215
60.9272
5.50303
-1.55595
37.4992
2.77646
0.269872
10.9375
1.03467
0.83667
91.7161
17.4636
0.365635
66.2928
10.6332
0.31349
64.9598
8.82205
0.749169
53.0026
5.81547
0.678608
27.3581
2.55496
0.651013
9.52648
0.835679
0.323365
3.24281
0.0357553
-0.197198
2.59587
0.101592
-1.19609
76.0884
14.9642
3.71379
4.60746
1.24621
0.0702448
-0.167039
-0.0227005
-2.10546
2.87815
-0.195962
-5.57665
62.799
5.81577
-6.62392
63.4116
3.61498
-7.20182
54.1785
1.26386
-10.2659
57.6924
-0.652689
-7.57086
29.3309
-1.53967
-6.22631
15.3913
-1.53548
4.48754
80.8803
22.4323
5.34527
79.3023
20.4191
4.86999
54.0707
12.811
5.99537
42.462
9.77094
6.39255
28.9182
6.49869
5.62682
14.9004
3.67339
-4.83049
122.561
20.8058
-3.82126
87.3903
12.6008
-4.06342
89.9727
10.7275
-2.75937
61.0842
6.16079
-2.47868
49.4678
3.97012
-0.431518
25.5857
1.96596
0.828077
85.6017
17.4502
0.695535
85.6084
15.0568
0.34574
72.5873
10.6577
0.380168
49.3351
6.08948
0.631891
37.2903
3.79132
0.718167
17.9275
1.5647
-3.4034
8.0587
-0.220104
-1.28477
9.17258
0.237115
