-0.631589
9.54879
0.982036
1.13803
14.3439
3.94366
0.179288
0.0981655
0.0599072
-0.0693411
-0.0130764
-0.0254154
-1.08266
11.1995
0.983321
0.452842
16.792
3.95708
0.0588014
0.00477407
-0.0206006
-0.149614
0.0961842
0.0421318
-1.31341
16.8044
1.21841
-1.48395
14.5421
0.596661
-2.20043
14.9407
0.224089
-1.38696
6.4921
-0.171517
-1.76498
5.16876
-0.407418
-1.18614
2.01298
-0.336893
1.52087
16.8498
4.44675
1.59742
14.5889
3.58917
1.35934
8.86538
2.06965
2.54118
10.7994
2.62528
1.97804
5.01167
1.36851
1.42063
1.86344
0.875847
-2.18152
20.0733
1.20406
-2.27042
17.6166
0.55599
-2.65354
16.4388
0.146101
-1.82082
8.22773
-0.171482
-2.19264
6.92534
-0.287986
-1.54301
2.95478
0.0402367
0.644513
20.0647
4.47586
0.845119
17.5517
3.65349
0.899834
10.9041
2.13717
1.86187
13.6535
2.67832
1.68214
6.61742
1.28849
0.889616
2.24257
0.448454
0.195645
28.6661
5.43247
-0.656213
0.910907
-0.159233
-1.71697
20.7495
1.96314
0.958183
0.800688
0.513529
2.18727
41.5128
10.532
-0.085348
-0.14131
0.0618369
0.437037
0.150437
-0.0532317
-0.453966
0.159538
-0.122215
-0.770909
22.4004
3.62934
-0.966566
1.61365
0.331145
0.680743
1.33209
0.172375
-0.0268438
0.0027826
0.0540545
-1.27536
17.9293
1.58178
-1.38431
15.6833
0.888905
-1.6188
13.2948
0.353142
-1.79631
10.4046
-0.090703
-1.86079
6.92721
-0.347787
-1.55382
3.49647
-0.385796
1.51535
17.9675
4.86684
1.54321
15.7285
4.01188
1.67941
13.2939
3.17659
1.93827
10.3055
2.42817
2.05837
6.81286
1.71572
1.78157
3.32077
1.08767
-3.24585
31.8377
2.35915
-2.21567
18.8955
0.860604
-2.31493
16.2303
0.302927
-1.95489
10.4568
-0.0823705
-2.3902
9.02036
-0.290467
-1.86455
4.81784
-0.183791
0.614018
21.2232
4.88163
0.738246
18.8445
4.06413
0.996446
16.1449
3.25658
1.37665
12.8359
2.50867
1.61269
8.78182
1.69735
1.62407
4.54573
0.933677
-7.01582
73.7577
4.86089
-9.28312
80.2946
2.83898
-7.86299
51.6864
0.455228
-5.20901
24.5852
-0.59304
-7.71482
24.2757
-1.57707
-5.06494
8.87159
-0.965605
4.48241
73.8807
17.8309
4.97043
64.3497
14.4319
4.84115
42.8828
9.03735
8.21541
46.6651
9.96663
6.79878
23.6619
5.11416
4.71701
9.59439
2.77264
-4.57384
120.462
17.0981
-4.30742
105.588
12.7264
-4.04595
98.1021
9.94255
-3.10034
65.7715
5.69572
-1.53821
40.4178
2.98351
0.329271
11.7317
1.14081
0.57058
101.046
17.0411
0.161577
73.0369
10.5173
0.131749
71.5626
8.91133
0.621396
58.4277
6.03892
0.64361
30.2112
2.761
0.675974
10.5994
0.970587
0.345285
3.62562
0.0887506
-0.21183
2.76346
0.12566
-1.25979
83.0156
14.4824
4.0585
5.02207
1.30346
0.070137
-0.18882
-0.0268932
-2.29751
3.10829
-0.136861
-6.04875
68.5133
5.54113
-7.18717
69.1646
3.49133
-7.81509
59.0664
1.28795
-11.1486
62.8568
-0.502099
-8.22266
31.9316
-1.40758
-6.76485
16.7363
-1.42465
4.9451
88.2375
21.9275
5.88909
86.5049
20.1418
5.36676
58.9507
12.787
6.5787
46.2791
9.88507
7.00059
31.4797
6.65874
6.15883
16.2056
3.81963
-4.76076
132.668
20.2104
-3.7897
94.5356
12.3758
-4.06152
97.2958
10.7223
-2.7598
65.9988
6.29635
-2.4851
53.3652
4.18232
-0.369826
27.535
2.15444
0.596908
94.2722
16.9468
0.432942
94.3384
14.7866
0.12562
79.9761
10.6442
0.256411
54.3521
6.21868
0.552681
41.1337
4.00447
0.7217
19.8404
1.74174
-3.68995
8.66555
-0.106911
-1.37331
9.93585
0.253933
