-0.806115
11.3571
0.892706
1.2811
17.0568
3.7066
0.208134
0.114854
0.0672007
-0.0794682
-0.0144362
-0.0283691
-1.19985
12.9397
0.893388
0.68352
19.4028
3.72104
0.0677434
0.0047474
-0.0246469
-0.171279
0.107481
0.051212
-1.66598
19.9613
1.13996
-1.84383
17.2191
0.60589
-2.65598
17.6162
0.297885
-1.64876
7.64337
-0.112077
-2.0629
6.08318
-0.33803
-1.37383
2.38187
-0.300713
1.71631
20.0088
4.23833
1.81908
17.2619
3.49186
1.55822
10.4562
2.06441
2.91461
12.6963
2.68197
2.27346
5.89753
1.43878
1.63678
2.21102
0.961155
-2.4208
23.1004
1.12245
-2.53344
20.1879
0.559862
-2.98791
18.754
0.207715
-2.05834
9.34582
-0.105639
-2.48425
7.81548
-0.200601
-1.76659
3.29586
0.129787
0.951981
23.0993
4.27243
1.15696
20.1341
3.56517
1.14617
12.4561
2.13933
2.27714
15.5176
2.73355
1.9927
7.49547
1.34006
1.03797
2.52322
0.478761
0.0791018
34.0921
5.06158
-0.757424
1.07903
-0.138663
-2.00956
24.2975
1.78362
1.10556
0.953147
0.570088
2.68631
48.6103
9.903
-0.0979576
-0.154948
0.0784197
0.50742
0.177967
-0.0697692
-0.519998
0.178891
-0.131042
-0.73478
25.8817
3.38192
-1.11897
1.78509
0.434561
0.78766
1.49003
0.172192
-0.0311334
-0.00204997
0.063159
-1.62549
21.3154
1.45304
-1.74084
18.6057
0.857616
-1.98196
15.7113
0.392736
-2.15832
12.2384
-0.0152564
-2.19032
8.14972
-0.270016
-1.80603
4.12151
-0.328096
1.70682
21.356
4.60253
1.74881
18.6504
3.861
1.92157
15.7014
3.1283
2.2232
12.1326
2.44844
2.36201
8.01111
1.77717
2.05059
3.91658
1.16412
-3.5983
36.7148
2.1635
-2.46437
21.6977
0.824334
-2.59619
18.5587
0.336566
-2.20835
11.9016
-0.0214529
-2.69861
10.2097
-0.20276
-2.12191
5.41629
-0.0979302
0.920935
24.479
4.61972
1.04653
21.6575
3.92037
1.31378
18.4827
3.21728
1.71178
14.6273
2.5376
1.93758
9.96747
1.7498
1.90294
5.13381
0.979008
-8.20297
86.1213
4.54441
-10.8337
93.4113
2.88719
-9.12847
59.8406
0.686201
-6.01597
28.3738
-0.3892
-8.86481
27.8897
-1.27025
-5.82284
10.1416
-0.77221
5.49801
86.2577
17.0142
6.04921
74.8438
14.0712
5.80208
49.6847
9.0331
9.67002
53.7904
10.1851
7.95013
27.1931
5.3495
5.4772
11.0153
3.01039
-4.38138
138.654
16.2408
-4.19473
121.068
12.469
-3.98177
111.991
10.1213
-3.06448
74.711
6.0613
-1.46467
45.6899
3.3764
0.447981
13.1222
1.33902
0.102038
120.001
16.1768
-0.182442
86.4271
10.2803
-0.161403
84.3648
9.07129
0.40667
68.7128
6.46995
0.604334
35.5555
3.16058
0.738052
12.5996
1.23396
0.394315
4.33832
0.195725
-0.239036
3.04378
0.172538
-1.3428
97.2092
13.4907
4.70805
5.77508
1.39056
0.0679638
-0.233638
-0.0367811
-2.6546
3.51346
-0.00993824
-7.07797
80.1267
5.08933
-8.39669
80.6092
3.36269
-9.08865
68.5485
1.44396
-12.923
72.6199
-0.0853464
-9.46404
36.7614
-1.07792
-7.76963
19.1892
-1.15714
6.07075
103.182
20.747
7.19113
100.828
19.4209
6.4955
68.4198
12.6217
7.79894
53.5142
9.99809
8.21188
36.2345
6.88606
7.18496
18.5942
4.05039
-4.53855
153.002
18.9866
-3.65639
108.581
11.9138
-3.98122
111.319
10.6996
-2.72039
75.1722
6.54114
-2.44462
60.4784
4.5831
-0.228325
31.0137
2.51206
0.186112
112.057
15.9139
-0.0232216
111.887
14.2345
-0.237678
94.473
10.6088
0.0562086
63.9768
6.46766
0.434052
48.3692
4.41583
0.749658
23.4105
2.08648
-4.22287
9.72593
0.132919
-1.55035
11.3735
0.299741
