-0.999566
13.2451
0.821309
1.47443
19.8881
3.43675
0.234322
0.130046
0.0733506
-0.0882814
-0.0157536
-0.0307107
-1.33487
14.7195
0.821456
0.966236
22.0733
3.4514
0.0756622
0.00447861
-0.0284542
-0.190145
0.116645
0.0597128
-2.05334
23.1825
1.09772
-2.22784
19.865
0.647017
-3.11753
20.1615
0.39923
-1.90136
8.7081
-0.0408596
-2.33385
6.90731
-0.253414
-1.53953
2.70958
-0.254623
1.97825
23.2292
3.98831
2.09972
19.9008
3.35609
1.78509
11.9782
2.03427
3.29808
14.4394
2.69503
2.55595
6.69909
1.48282
1.83507
2.52426
1.02933
-2.69425
26.1119
1.0784
-2.82167
22.6527
0.599367
-3.33307
20.8766
0.301354
-2.28627
10.3379
-0.0205661
-2.74683
8.57048
-0.0970099
-1.96577
3.56617
0.223516
1.3272
26.1173
4.02522
1.52632
22.6104
3.43322
1.4167
13.8871
2.10883
2.70082
17.1591
2.73414
2.29138
8.24594
1.36153
1.17438
2.75476
0.497122
-0.016141
39.7562
4.68403
-0.845453
1.22691
-0.113369
-2.33852
27.9648
1.64025
1.23896
1.09055
0.615835
3.31793
55.9456
9.18533
-0.108512
-0.166297
0.0948907
0.571243
0.203066
-0.0867777
-0.5779
0.194037
-0.137614
-0.682381
29.442
3.1297
-1.25573
1.9143
0.535601
0.883402
1.61585
0.165171
-0.0349788
-0.00784675
0.071334
-2.0127
24.8147
1.36081
-2.12776
21.5436
0.860942
-2.36037
18.0572
0.460484
-2.5215
13.9519
0.0813645
-2.49703
9.26325
-0.175958
-2.03163
4.68033
-0.257444
1.9654
24.8554
4.29519
2.01854
21.585
3.67027
2.2146
18.0387
3.04301
2.53152
13.849
2.43606
2.6607
9.10374
1.80778
2.30212
4.4529
1.2187
-4.00425
41.6414
2.0238
-2.74391
24.4364
0.825219
-2.89611
20.7442
0.403611
-2.46168
13.1998
0.0614019
-2.98203
11.239
-0.094524
-2.35146
5.91261
-0.000818345
1.29695
27.7671
4.31378
1.41795
24.4072
3.73288
1.67996
20.6784
3.13419
2.06442
16.2435
2.52204
2.25926
10.9975
1.76557
2.16421
5.62713
1.00061
-9.52505
98.5835
4.37411
-12.5118
106.192
3.1038
-10.4314
67.4667
1.02057
-6.79661
31.8144
-0.134441
-9.91079
31.0536
-0.898281
-6.49899
11.212
-0.543797
6.77085
98.7236
16.0264
7.34941
85.0583
13.5469
6.87244
56.0751
8.90959
11.1572
60.2007
10.2127
9.06255
30.2933
5.47567
6.1796
12.2428
3.18678
-4.0897
156.745
15.3621
-3.98032
135.903
12.1828
-3.82019
124.733
10.2505
-2.95831
82.5962
6.38182
-1.33747
50.1667
3.7285
0.567726
14.2358
1.5148
-0.26905
139.33
15.2948
-0.432845
99.64
10.027
-0.355986
96.5572
9.18482
0.246999
78.1647
6.85687
0.604876
40.3693
3.53056
0.814004
14.3842
1.48377
0.448525
4.97207
0.302389
-0.26266
3.24792
0.216852
-1.36609
111.879
12.482
5.3001
6.41874
1.44025
0.0632267
-0.280025
-0.0483716
-2.973
3.84079
0.126973
-8.23161
91.997
4.76551
-9.7279
91.9589
3.37685
-10.4322
77.6057
1.72182
-14.7127
81.5706
0.457123
-10.6179
41.0594
-0.675763
-8.67201
21.3036
-0.8358
7.49312
118.447
19.3706
8.79458
115.024
18.4908
7.81276
77.4673
12.2969
9.09177
60.1752
9.94838
9.41336
40.4627
6.9815
8.15508
20.6661
4.19446
-4.21726
173.54
17.7394
-3.43583
122.299
11.4335
-3.80128
124.472
10.6427
-2.62789
83.4231
6.73233
-2.33037
66.632
4.93604
-0.0603444
33.9018
2.83536
-0.14482
130.427
14.8632
-0.375422
129.513
13.6637
-0.490705
108.529
10.5446
-0.0791384
72.9921
6.68577
0.368608
54.9419
4.79034
0.803461
26.6053
2.41
-4.69742
10.571
0.387046
-1.72786
12.6856
0.35819
