-1.21189
15.2102
0.767804
1.72078
22.8341
3.14281
0.25762
0.143587
0.078346
-0.095742
-0.017028
-0.0324502
-1.48999
16.5422
0.767525
1.30016
24.8084
3.15685
0.0825163
0.00397652
-0.032006
-0.206025
0.123591
0.0675636
-2.47543
26.46
1.08754
-2.63617
22.4696
0.712987
-3.58567
22.5627
0.519002
-2.14473
9.67872
0.0374582
-2.57734
7.6337
-0.157356
-1.68266
2.99241
-0.200199
2.31016
26.503
3.70361
2.44174
22.4957
3.1841
2.04053
13.4234
1.97886
3.69063
16.0155
2.66298
2.82383
7.40915
1.49977
2.01391
2.79959
1.07988
-3.00623
29.111
1.06787
-3.13843
25.0104
0.667638
-3.69069
22.8018
0.419172
-2.50448
11.2
0.0793843
-2.97895
9.18593
0.0191478
-2.13882
3.76359
0.319691
1.76929
29.1213
3.74101
1.95298
24.9789
3.25965
1.71123
15.1938
2.04498
3.13229
18.5708
2.67838
2.57746
8.86418
1.35198
1.29837
2.93558
0.503366
-0.0873412
45.6506
4.30851
-0.919938
1.3527
-0.0840932
-2.70603
31.7522
1.53299
1.35724
1.21112
0.650496
4.08484
63.52
8.40207
-0.117196
-0.175466
0.111055
0.628013
0.225494
-0.104042
-0.627249
0.204882
-0.141915
-0.616494
33.0877
2.87851
-1.37553
2.00019
0.633001
0.967534
1.70855
0.151356
-0.0382649
-0.0145755
0.0784828
-2.43691
28.4205
1.30296
-2.54509
24.4878
0.893006
-2.7544
20.3215
0.548866
-2.88625
15.5341
0.192058
-2.7806
10.2588
-0.0706133
-2.23006
5.16731
-0.176468
2.29473
28.459
3.95424
2.35543
24.5232
3.44407
2.56015
20.2951
2.92127
2.86325
15.4443
2.39019
2.95308
10.0818
1.80644
2.53438
4.92437
1.2508
-4.4705
46.6247
1.93695
-3.05825
27.1128
0.857574
-3.21713
22.7841
0.496791
-2.71538
14.3473
0.160729
-3.23957
12.1032
0.0295288
-2.55158
6.30346
0.104967
1.74106
31.0921
3.97313
1.85201
27.0941
3.50588
2.09498
22.7285
3.00764
2.43418
17.6792
2.46072
2.57715
11.8663
1.74345
2.40708
6.02226
0.997987
-10.9905
111.134
4.33346
-14.3259
118.608
3.45298
-11.7759
74.535
1.42978
-7.55106
34.8885
0.15616
-10.8493
33.7436
-0.476206
-7.08989
12.0722
-0.286123
8.30586
111.268
14.8943
8.87454
94.9709
12.8669
8.05257
62.0298
8.66437
12.6742
65.8587
10.0426
10.1315
32.9397
5.48917
6.82032
13.2655
3.30069
-3.71396
174.754
14.4704
-3.6738
150.085
11.8537
-3.56591
136.296
10.3041
-2.78363
89.3935
6.63704
-1.15499
53.8203
4.02678
0.689751
15.0639
1.66467
-0.532434
158.981
14.404
-0.584362
112.625
9.74646
-0.450587
108.073
9.22777
0.140874
86.7127
7.17431
0.642606
44.6079
3.85693
0.900694
15.9317
1.71471
0.505679
5.51792
0.406853
-0.281838
3.37402
0.257685
-1.33151
127.028
11.4796
5.83101
6.94595
1.45278
0.0560349
-0.327873
-0.0612359
-3.2506
4.08684
0.271539
-9.5172
104.121
4.56231
-11.1886
103.198
3.51029
-11.8515
86.2113
2.09129
-16.5215
89.6657
1.0876
-11.682
44.7978
-0.221008
-9.46808
23.0617
-0.47098
9.21825
134.028
17.84
10.705
129.071
17.3719
9.3207
86.0666
11.8137
10.4559
66.2301
9.73086
10.6014
44.1365
6.94021
9.06436
22.4041
4.2498
-3.81386
194.31
16.4915
-3.13902
135.693
10.9322
-3.52851
136.735
10.531
-2.48507
90.7238
6.85005
-2.14179
71.7935
5.22376
0.135956
36.179
3.11564
-0.386498
149.349
13.814
-0.614487
147.16
13.0703
-0.629376
122.079
10.431
-0.150248
81.3411
6.85244
0.354591
60.7971
5.10948
0.879985
29.3917
2.70286
-5.10965
11.1928
0.650705
-1.90647
13.8677
0.424614
