-1.32488
16.2197
0.747503
1.86394
24.3472
2.98959
0.268136
0.149702
0.0804179
-0.0989645
-0.0176502
-0.0331031
-1.5755
17.4697
0.747059
1.4854
26.2003
3.00301
0.0855397
0.00364251
-0.0336826
-0.212812
0.126225
0.0712274
-2.69905
28.1163
1.09281
-2.84924
23.7533
0.752854
-3.82234
23.7062
0.582785
-2.26306
10.1272
0.0777335
-2.68889
7.95868
-0.106394
-1.74579
3.11612
-0.170492
2.50245
28.1564
3.55065
2.6357
23.7738
3.08557
2.17881
14.1153
1.94183
3.88991
16.7384
2.6301
2.95193
7.7283
1.4981
2.09572
2.92215
1.09857
-3.17746
30.6065
1.07353
-3.30816
26.1498
0.710124
-3.87457
23.6908
0.484455
-2.61003
11.5825
0.133412
-3.08346
9.4412
0.0806285
-2.21526
3.8349
0.368081
2.0143
30.6185
3.58741
2.187
26.1232
3.15831
1.86716
15.8006
2.00073
3.35067
19.1903
2.62948
2.71566
9.12343
1.33564
1.35565
3.00688
0.502005
-0.113449
48.6782
4.12394
-0.952102
1.40687
-0.068264
-2.9044
33.689
1.49239
1.41048
1.26465
0.663679
4.51806
67.3932
7.99326
-0.120915
-0.179294
0.118957
0.653654
0.235648
-0.112697
-0.648656
0.208696
-0.143235
-0.57949
34.9428
2.75493
-1.42879
2.02689
0.679938
1.0052
1.74245
0.141977
-0.0396664
-0.0182717
0.0816501
-2.66239
30.2596
1.28583
-2.7648
25.9589
0.917685
-2.95722
21.4205
0.598265
-3.06934
16.2739
0.250324
-2.91385
10.7105
-0.0154286
-2.31915
5.38262
-0.133096
2.48607
30.2961
3.77426
2.54908
25.9903
3.31933
2.75246
21.3905
2.84729
3.03763
16.1943
2.35482
3.09657
10.5261
1.79379
2.64291
5.13455
1.25847
-4.72745
49.1384
1.9117
-3.22921
28.4283
0.883437
-3.38604
23.75
0.550652
-2.84255
14.8647
0.214691
-3.35866
12.4734
0.0958165
-2.64037
6.4592
0.16017
1.98745
32.7688
3.79288
2.09157
28.4144
3.37923
2.32021
23.6992
2.92866
2.62515
18.3295
2.41304
2.73452
12.24
1.71821
2.52151
6.18277
0.987684
-11.7777
117.437
4.35511
-15.2849
124.673
3.66481
-12.4647
77.8563
1.65282
-7.91881
36.2856
0.309776
-11.2784
34.9076
-0.251798
-7.35307
12.4217
-0.148587
9.16973
117.564
14.2836
9.71966
99.8094
12.4726
8.68256
64.8404
8.49676
13.4427
68.4009
9.88365
10.6486
34.0892
5.45376
7.11685
13.698
3.33446
-3.50017
183.73
14.022
-3.49011
156.935
11.6691
-3.40662
141.637
10.2953
-2.67201
92.3842
6.73457
-1.04314
55.337
4.1521
0.751964
15.3705
1.72897
-0.622216
168.907
13.9575
-0.622824
119.017
9.59276
-0.461244
113.563
9.21615
0.106802
90.6339
7.29983
0.674248
46.5021
3.99972
0.946985
16.6113
1.82148
0.534613
5.75554
0.457596
-0.289529
3.40784
0.276511
-1.29385
134.775
10.9873
6.07288
7.16449
1.44554
0.0515721
-0.352311
-0.0679978
-3.37379
4.1789
0.345797
-10.21
110.272
4.50212
-11.9683
108.77
3.61316
-12.5906
90.3407
2.30011
-17.4341
93.3871
1.42316
-12.1807
46.4534
0.0191886
-9.82607
23.8045
-0.276171
10.1922
141.929
17.0307
11.773
136.033
16.7497
10.1445
90.1939
11.5147
11.1634
69.0261
9.55957
11.1893
45.7617
6.8683
9.4952
23.1451
4.24447
-3.58746
204.786
15.8735
-2.9663
142.272
10.6727
-3.3606
142.537
10.4489
-2.3963
94.0185
6.87605
-2.02032
74.0012
5.3384
0.244975
37.0873
3.23722
-0.472338
158.997
13.2953
-0.690456
155.971
12.7639
-0.656127
128.648
10.35
-0.162688
85.2543
6.91068
0.365785
63.4446
5.24305
0.925596
30.6243
2.835
-5.29172
11.4191
0.784361
-1.99638
14.4098
0.459284
