-1.44219
17.2456
0.731248
2.02016
25.8846
2.83366
0.277879
0.155366
0.0822141
-0.101854
-0.0182635
-0.0336191
-1.66638
18.4076
0.730675
1.68209
27.6079
2.84629
0.0882959
0.00325655
-0.0352922
-0.218825
0.128305
0.074709
-2.93064
29.7819
1.10395
-3.068
25.0233
0.795949
-4.06078
24.8107
0.647523
-2.37926
10.5507
0.117899
-2.79384
8.25774
-0.0542858
-1.80339
3.22771
-0.139526
2.71191
29.8185
3.39195
2.84455
25.0375
2.9794
2.32387
14.7862
1.89883
4.09097
17.4171
2.58626
3.076
8.02304
1.48981
2.17235
3.03431
1.11294
-3.359
32.0993
1.08544
-3.48561
27.2634
0.756791
-4.06196
24.5318
0.552475
-2.71331
11.9331
0.18926
-3.18038
9.66203
0.143591
-2.28493
3.88821
0.4163
2.27432
32.1125
3.4275
2.43408
27.2414
3.04803
2.02854
16.3772
1.94855
3.57059
19.7533
2.56692
2.85062
9.34983
1.31174
1.40981
3.0656
0.497734
-0.133165
51.7547
3.94259
-0.980936
1.45504
-0.0518379
-3.11236
35.6527
1.45997
1.45972
1.31347
0.674141
4.98314
71.32
7.5769
-0.124269
-0.182663
0.126706
0.67744
0.245072
-0.121326
-0.667888
0.211458
-0.144023
-0.540342
36.8188
2.63344
-1.47754
2.04293
0.725476
1.03996
1.76816
0.131015
-0.0408911
-0.0221756
0.0845373
-2.89634
32.1201
1.27579
-2.99153
27.4275
0.946896
-3.16381
22.4962
0.649741
-3.25296
16.9789
0.309236
-3.0416
11.131
0.0404436
-2.40164
5.57875
-0.0884123
2.69481
32.1541
3.58961
2.75914
27.4544
3.18784
2.95741
22.4627
2.76506
3.21742
16.9119
2.31142
3.23811
10.94
1.77333
2.74625
5.32727
1.26065
-5.0005
51.6662
1.8974
-3.4095
29.7292
0.914512
-3.56067
24.6808
0.607933
-2.97003
15.3453
0.27046
-3.47144
12.803
0.163965
-2.72168
6.58885
0.216334
2.24908
34.4548
3.60769
2.34531
29.7197
3.24485
2.55665
24.6346
2.83976
2.81991
18.9356
2.35433
2.89077
12.5739
1.68372
2.6313
6.31886
0.971536
-12.6007
123.753
4.40062
-16.2781
130.642
3.89448
-13.1646
81.0361
1.88282
-8.28053
37.5898
0.466043
-11.6811
35.9511
-0.021722
-7.59493
12.7175
-0.00671834
10.0953
123.871
13.6485
10.6176
104.568
12.0448
9.33792
67.5399
8.30019
14.2169
70.7526
9.67655
11.1538
35.123
5.39082
7.39736
14.0776
3.35315
-3.27234
192.689
13.573
-3.28873
163.627
11.4694
-3.22781
146.692
10.2596
-2.54534
95.1077
6.80943
-0.917939
56.6497
4.25975
0.815138
15.6065
1.78571
-0.684054
178.885
13.5113
-0.636949
125.336
9.42863
-0.44847
118.87
9.17947
0.0845668
94.3162
7.39985
0.713645
48.2433
4.12686
0.994622
17.2259
1.92152
0.563366
5.96863
0.506926
-0.295846
3.42252
0.294109
-1.24362
142.628
10.5038
6.29891
7.35265
1.42964
0.0465701
-0.377071
-0.0748978
-3.48656
4.2504
0.420804
-10.9357
116.478
4.46683
-12.7805
114.309
3.73512
-13.3492
94.3542
2.51926
-18.3526
96.8922
1.76525
-12.6577
47.9671
0.263939
-10.1577
24.4563
-0.0755237
11.2374
149.898
16.1997
12.9133
142.949
16.0907
11.0128
94.2059
11.1795
11.8869
71.6682
9.34771
11.7726
47.246
6.76288
9.90991
23.8005
4.21763
-3.34805
215.32
15.2623
-2.77993
148.774
10.407
-3.17387
148.122
10.3467
-2.29704
97.0809
6.87779
-1.88153
75.9642
5.43128
0.361212
37.8438
3.34521
-0.534721
168.755
12.783
-0.737585
164.764
12.4504
-0.655336
135.074
10.2501
-0.160557
88.9898
6.9495
0.388324
65.9022
5.35673
0.9754
31.7472
2.95611
-5.45768
11.5897
0.918142
-2.08679
14.92
0.494095
