-1.56358
18.2863
0.718777
2.18901
27.4442
2.6761
0.286845
0.160573
0.0837438
-0.104418
-0.0188686
-0.0340059
-1.76261
19.3555
0.718112
1.8895
29.0306
2.68774
0.0907895
0.00282183
-0.0368349
-0.224065
0.12984
0.0780037
-3.16979
31.4548
1.12013
-3.29221
26.2785
0.841231
-4.30096
25.8759
0.711983
-2.4934
10.9492
0.157302
-2.89237
8.53077
-0.00168917
-1.85561
3.32705
-0.107651
2.93798
31.4874
3.22856
3.06778
26.286
2.86624
2.47544
15.4358
1.8501
4.29359
18.0517
2.53182
3.19599
8.29324
1.47506
2.24378
3.13587
1.12308
-3.55079
33.5894
1.10274
-3.67077
28.3523
0.806566
-4.2529
25.3263
0.622074
-2.81441
12.2526
0.246233
-3.26984
9.84921
0.207393
-2.34787
3.9239
0.464038
2.54845
33.6034
3.26234
2.6935
28.3342
2.92951
2.19506
16.9241
1.88875
3.79186
20.2611
2.49114
2.98236
9.54406
1.28051
1.46089
3.11199
0.490635
-0.146562
54.8757
3.76515
-1.00652
1.49716
-0.0349856
-3.32964
37.6414
1.43521
1.50494
1.35748
0.681936
5.47865
75.2963
7.15583
-0.127304
-0.185612
0.134271
0.699368
0.253756
-0.129899
-0.684967
0.213194
-0.144304
-0.499486
38.7147
2.51449
-1.52177
2.04858
0.769442
1.07186
1.78586
0.118531
-0.0419283
-0.0262744
0.0871397
-3.13831
33.9994
1.27214
-3.22493
28.892
0.979669
-3.37403
23.5481
0.702245
-3.43713
17.6489
0.367811
-3.16401
11.5202
0.0962244
-2.47772
5.75557
-0.0429285
2.9204
34.0305
3.40153
2.98504
28.9139
3.05041
3.17452
23.5114
2.67506
3.40236
17.5969
2.26029
3.37761
11.3234
1.74527
2.84438
5.50235
1.2575
-5.28957
54.2074
1.89301
-3.5991
31.0157
0.949811
-3.74104
25.5775
0.667541
-3.09788
15.7901
0.327216
-3.57811
13.093
0.233187
-2.79561
6.69299
0.272982
2.52501
36.1493
3.41881
2.6124
31.0103
3.10361
2.80372
25.5355
2.7415
3.0182
19.4986
2.285
3.04583
12.8687
1.64026
2.7365
6.43099
0.949711
-13.4586
130.08
4.46659
-17.305
136.513
4.13664
-13.8757
84.0762
2.11573
-8.63652
38.8021
0.622718
-12.0581
36.8754
0.211374
-7.81586
12.9599
0.138219
11.0797
130.186
12.9932
11.5659
109.246
11.5862
10.0173
70.1294
8.07586
14.9962
72.9166
9.4228
11.6469
36.0423
5.30106
7.66192
14.4046
3.35714
-3.03299
201.629
13.1239
-3.07182
170.167
11.2534
-3.03118
151.467
10.195
-2.40471
97.5706
6.85991
-0.779849
57.7629
4.34849
0.879377
15.7733
1.83456
-0.718453
188.905
13.0661
-0.627513
131.577
9.25316
-0.413323
123.992
9.11592
0.0734219
97.7593
7.4721
0.760145
49.8309
4.23685
1.04312
17.7746
2.01409
0.59161
6.15665
0.554479
-0.300718
3.4185
0.310337
-1.18178
150.582
10.031
6.50919
7.51048
1.40542
0.0410646
-0.402131
-0.0818742
-3.58901
4.30157
0.496072
-11.6934
122.732
4.45402
-13.6243
119.811
3.87226
-14.1272
98.2526
2.74444
-19.2772
100.184
2.10851
-13.1137
49.3404
0.510078
-10.4636
25.0181
0.128922
12.3507
157.927
15.3526
14.1225
149.818
15.3991
11.9236
98.1033
10.8101
12.6253
74.1582
9.09671
12.351
48.5912
6.62488
10.3084
24.3713
4.16986
-3.09826
225.908
14.6597
-2.58197
155.201
10.1348
-2.97025
153.499
10.2229
-2.18827
99.9169
6.85383
-1.72625
77.6879
5.50087
0.484539
38.4517
3.4387
-0.573988
178.61
12.2784
-0.756525
173.529
12.1296
-0.628037
141.353
10.1298
-0.144659
92.547
6.96712
0.421492
68.1696
5.44874
1.02882
32.7595
3.06506
-5.60762
11.7053
1.05112
-2.17776
15.3988
0.528424
