-1.81757
20.4058
0.703859
2.56218
30.6197
2.36007
0.302454
0.169605
0.0860504
-0.108619
-0.0200587
-0.034429
-1.97063
21.2785
0.703121
2.33313
31.9166
2.36925
0.0950189
0.00182177
-0.039723
-0.232271
0.13134
0.0840183
-3.66881
34.8141
1.16394
-3.75567
28.7407
0.934193
-4.78639
27.8881
0.835198
-2.71593
11.6716
0.231205
-3.07125
8.99937
0.102168
-1.94466
3.48896
-0.042727
3.43675
34.837
2.89187
3.55445
28.7336
2.62187
2.79665
16.6705
1.73687
4.70256
19.1896
2.39308
3.42367
8.76041
1.42713
2.37115
3.307
1.13121
-3.96426
36.5607
1.14981
-4.06372
30.4588
0.911097
-4.64547
26.7827
0.761354
-3.01061
12.8031
0.360673
-3.42739
10.1272
0.334755
-2.45402
3.94484
0.556722
3.13471
36.5747
2.92059
3.24581
30.4471
2.67094
2.54195
17.9338
1.74811
4.23748
21.1189
2.30236
3.23627
9.84
1.19713
1.55415
3.16939
0.46838
-0.155172
61.231
3.42412
-1.04839
1.56316
-0.000765179
-3.79066
41.6837
1.40597
1.58345
1.43087
0.689824
6.55348
83.3787
6.3104
-0.132612
-0.19043
0.148741
0.73772
0.268887
-0.146748
-0.712862
0.213742
-0.143473
-0.414371
42.5604
2.28567
-1.59676
2.03015
0.851935
1.1274
1.79824
0.0892877
-0.043399
-0.0349936
0.0914797
-3.64421
37.8034
1.28086
-3.71006
31.8028
1.05193
-3.80462
25.5786
0.806168
-3.80713
18.8852
0.480029
-3.3938
12.2057
0.204284
-2.61164
6.05153
0.0482113
3.41887
37.8273
3.01993
3.48129
31.8131
2.76128
3.6427
25.5361
2.47417
3.7863
18.8695
2.13648
3.6502
11.9996
1.66758
3.02505
5.79968
1.2359
-5.91431
59.3251
1.90911
-4.00548
33.5475
1.02898
-4.1187
27.2738
0.789339
-3.35494
16.5778
0.440366
-3.7741
13.5597
0.371541
-2.92202
6.8281
0.385632
3.11531
39.5611
3.03487
3.18268
33.5487
2.80429
3.32675
27.2391
2.51961
3.42402
20.5018
2.11663
3.35211
13.3466
1.52787
2.93355
6.58632
0.889908
-15.2735
142.742
4.6453
-19.4546
147.962
4.63696
-15.3306
89.7495
2.57419
-9.33255
40.9598
0.928152
-12.739
38.3771
0.675293
-8.19725
13.2888
0.431644
13.2107
142.818
11.6387
13.6012
118.36
10.5888
11.4418
74.987
7.55044
16.5664
76.6987
8.78365
12.5965
37.5469
5.04497
8.144
14.9044
3.32311
-2.52995
219.449
12.2279
-2.60069
182.809
10.7698
-2.59219
160.222
9.97289
-2.08672
101.752
6.88194
-0.467669
59.4161
4.46447
1.0114
15.9086
1.90722
-0.708886
209.017
12.1804
-0.542469
143.805
8.86524
-0.281262
133.678
8.90259
0.0809669
103.936
7.52556
0.871547
52.5482
4.39969
1.14065
18.6729
2.17367
0.645235
6.45632
0.642594
-0.305883
3.35714
0.338057
-1.02766
166.748
9.1229
6.88336
7.73663
1.33354
0.0287129
-0.45305
-0.0958144
-3.76383
4.3449
0.645238
-13.2994
135.362
4.48473
-15.4023
130.698
4.17589
-15.7391
105.711
3.19568
-21.1451
106.147
2.77702
-13.9662
51.6792
0.993332
-11.0015
25.8792
0.540274
14.7647
174.136
13.6316
16.7308
163.401
13.9356
13.862
105.561
9.97861
14.1417
78.6955
8.48516
13.4916
50.8767
6.25622
11.0571
25.265
4.01456
-2.57813
247.229
13.4857
-2.15971
167.839
9.57041
-2.52072
163.655
9.90572
-1.94669
104.943
6.72454
-1.37057
80.4502
5.56483
0.751532
39.2404
3.57865
-0.586242
198.555
11.2971
-0.714328
190.939
11.4646
-0.499503
153.461
9.82262
-0.0754003
99.1298
6.93295
0.516427
72.1393
5.56141
1.14403
34.453
3.24185
-5.86049
11.7781
1.31053
-2.36162
16.2667
0.593193
