0.140957
-14.4143
-0.0299526
-0.19647
-21.7046
0.307328
-0.344844
-0.199744
-0.0909537
0.131446
0.0184739
0.0415627
0.202464
-14.2258
-0.0106945
-0.134258
-21.3199
0.264149
-0.120282
-0.0056157
0.0570068
0.246286
-0.134277
-0.0968087
0.55318
-28.656
0.061462
1.49183
-28.133
0.103554
3.52936
-31.6873
-0.0126867
2.66029
-13.9913
0.00451701
3.51707
-11.165
0.0720906
2.31481
-4.40673
0.0494603
-0.308931
-28.9047
0.496196
-0.860442
-28.3236
0.522092
-1.61145
-18.4956
0.297934
-4.26627
-23.4014
-0.264425
-3.62649
-10.7923
-0.435981
-2.61926
-4.16637
-0.776307
0.567507
-28.387
0.19503
1.38721
-28.0901
0.43672
2.83584
-28.4271
0.463124
2.54322
-14.1771
0.202245
3.46599
-11.4761
-0.0608691
2.57004
-4.38606
-0.509005
-0.257581
-28.5786
0.359571
-1.00054
-28.2008
0.203698
-1.89032
-18.6908
-0.0793526
-4.55486
-23.9731
-0.527787
-3.837
-11.2061
-0.252456
-1.91015
-3.58759
-0.179363
-0.0340836
-43.3246
0.196899
1.27955
-1.99643
-0.0164646
0.378252
-28.6274
-0.020386
-1.76413
-1.82104
-0.557577
-0.712952
-57.3269
0.728628
0.180635
0.18294
-0.176315
-0.861506
-0.34219
0.183621
0.792991
-0.236953
0.128565
0.0556131
-28.4705
0.134441
1.71515
-2.20553
-0.864305
-1.41263
-2.06379
0.127423
0.0106335
0.0484582
-0.0824045
0.351921
-28.6566
-0.0029607
0.935159
-28.5646
0.111336
2.16214
-27.0641
0.0814329
3.16821
-22.2692
0.0556537
3.71939
-14.9939
0.0726312
3.0525
-7.56029
0.0281429
-0.26033
-28.8528
0.431684
-0.490408
-28.8077
0.551821
-1.40809
-26.9991
0.440284
-2.82731
-21.9843
0.214028
-3.67828
-14.6799
-0.333916
-3.29281
-7.20922
-0.573441
0.620119
-42.4757
0.118186
0.893448
-28.4317
0.338696
1.91924
-27.1025
0.491251
2.43339
-18.2185
0.245767
3.62269
-15.3546
0.116738
3.024
-7.67972
-0.260152
-0.17051
-28.4226
0.383543
-0.56979
-28.5826
0.308234
-1.60347
-27.134
0.060854
-3.27722
-22.3917
-0.310695
-3.83867
-15.18
-0.327209
-3.52935
-7.4923
-0.20995
2.4855
-114.031
0.40179
6.65724
-140.246
1.41977
9.61002
-98.0032
1.02975
8.11626
-46.8081
0.425105
13.3915
-45.3153
0.228667
8.95477
-15.688
-0.353242
-1.8834
-114.859
1.65493
-4.40237
-112.715
1.47715
-7.58968
-80.6252
0.702814
-16.0772
-89.5324
-1.49116
-13.9262
-44.163
-1.16933
-9.43294
-17.5674
-1.87101
0.83631
-171.238
1.55964
1.55614
-169.613
1.92395
1.09563
-170.288
1.09907
-0.166184
-114.786
0.421374
-1.30873
-67.7334
-0.649272
-2.00304
-17.8669
-0.746409
1.04288
-173.149
1.5205
2.18072
-142.149
1.47562
1.89048
-151.013
0.60587
0.514664
-126.922
-0.161432
-0.391013
-65.28
-0.774185
-0.897211
-23.8552
-0.908403
-0.507041
-8.39465
-0.300136
0.0537423
-3.72011
0.0276756
-0.0404044
-114.599
0.679477
-8.04505
-9.29212
-0.465113
-0.0715633
0.519301
0.132226
4.22767
-5.02062
-0.76885
1.59982
-99.634
0.050709
3.67745
-113.901
0.815133
7.77392
-108.225
1.10286
15.3183
-120.991
1.00047
13.9641
-60.6062
0.457933
11.8326
-30.5444
-0.108236
-1.62997
-128.888
1.78535
-3.78007
-143.238
2.10852
-6.54058
-107.858
1.09069
-12.1436
-88.7831
-0.567613
-14.1907
-59.6311
-1.15275
-12.5882
-29.7543
-1.34547
0.237934
-177.327
1.32857
1.31124
-143.327
1.50427
1.61819
-163.89
1.60538
-0.0218525
-115.454
0.135416
-0.425425
-91.6901
-0.308409
-2.42793
-44.5205
-0.9961
0.373093
-151.125
1.01784
1.70883
-172.8
1.82761
2.61792
-163.424
1.47922
0.850109
-116.758
0.729457
0.226232
-89.0823
-0.525906
-0.839419
-43.1646
-0.877268
5.94934
-13.449
-1.00726
1.57578
-17.8166
0.178479
