-2.08438
22.5625
0.699582
2.97728
33.8506
2.04906
0.315037
0.176819
0.0874506
-0.11169
-0.0212274
-0.0344607
-2.19798
23.2311
0.698919
2.80873
34.8472
2.05521
0.0983128
0.000679304
-0.0423609
-0.23758
0.1309
0.0892541
-4.19161
38.1748
1.21656
-4.23659
31.1329
1.02352
-5.27785
29.7454
0.942982
-2.93149
12.2976
0.294279
-3.22807
9.36784
0.199346
-2.01494
3.60284
0.0209264
3.99058
38.1862
2.54898
4.08846
31.1096
2.35895
3.13883
17.8198
1.60559
5.1147
20.1583
2.21879
3.63511
9.13258
1.35668
2.47844
3.43591
1.12417
-4.4149
39.5176
1.20695
-4.48506
32.4778
1.01507
-5.05176
28.0776
0.893095
-3.19974
13.2454
0.470874
-3.55861
10.2872
0.456928
-2.5351
3.90409
0.643261
3.76329
39.5297
2.57084
3.83573
32.47
2.38975
2.90411
18.8403
1.58312
4.68518
21.7835
2.06926
3.4778
10.0221
1.08834
1.63626
3.1833
0.436256
-0.141716
67.6973
3.10375
-1.07891
1.60532
0.0327451
-4.28346
45.7931
1.39833
1.64652
1.48476
0.688085
7.72476
91.5945
5.47725
-0.137272
-0.194142
0.162139
0.768993
0.281074
-0.162992
-0.732903
0.21074
-0.141047
-0.327525
46.4654
2.07046
-1.65431
1.97555
0.925951
1.1727
1.78244
0.0549143
-0.0440053
-0.0442794
0.0946642
-4.17526
41.6461
1.30493
-4.21631
34.6783
1.12641
-4.24711
27.5097
0.901909
-4.17906
19.987
0.579302
-3.60538
12.7712
0.302191
-2.72336
6.27262
0.135588
3.97322
41.6615
2.63877
4.02994
34.6755
2.45936
4.15068
27.4623
2.25025
4.18618
20.0152
1.98752
3.91383
12.5585
1.56381
3.1854
6.02807
1.19546
-6.59694
64.4781
1.94926
-4.44575
36.0268
1.11261
-4.51769
28.8516
0.907354
-3.61407
17.2411
0.54752
-3.94914
13.8881
0.504039
-3.02166
6.87357
0.49367
3.74833
42.9954
2.65052
3.79336
36.0328
2.48918
3.88235
28.822
2.26949
3.83947
21.3549
1.91331
3.65274
13.6871
1.38477
3.11375
6.65672
0.810421
-17.2078
155.379
4.86045
-21.7206
159.021
5.12347
-16.8261
94.9102
2.99667
-10.0096
42.7823
1.20778
-13.3304
39.4434
1.11626
-8.50366
13.4214
0.719395
15.5282
155.419
10.2543
15.796
127.154
9.50747
12.9405
79.4376
6.93657
18.1452
79.7976
7.98723
13.4972
38.6319
4.69531
8.56593
15.2087
3.23723
-2.01127
237.174
11.3368
-2.09597
194.913
10.2145
-2.10674
168.006
9.62066
-1.72983
105.023
6.79132
-0.113346
60.3657
4.49143
1.14855
15.8008
1.94433
-0.604965
229.128
11.3027
-0.379173
155.669
8.42488
-0.0776831
142.634
8.56852
0.121801
109.197
7.44746
1.0021
54.6729
4.47748
1.23536
19.3092
2.2936
0.692778
6.65447
0.718305
-0.304625
3.23098
0.358313
-0.841319
183.182
8.27069
7.19842
7.84862
1.23339
0.0149098
-0.504794
-0.109351
-3.90076
4.31459
0.788642
-15.0145
148.102
4.56956
-17.2893
141.41
4.49127
-17.4194
112.736
3.62018
-23.0366
111.334
3.38639
-14.7466
53.5068
1.44201
-11.4483
26.4103
0.938792
17.3946
190.478
11.9099
19.5576
176.757
12.3977
15.9339
112.586
9.04396
15.7008
82.6762
7.74464
14.608
52.6542
5.77534
11.7431
25.8467
3.78591
-2.0478
268.695
12.3588
-1.71661
180.203
8.97874
-2.03001
173.082
9.49106
-1.68148
109.181
6.4824
-0.963726
82.3731
5.52112
1.04324
39.504
3.65029
-0.518361
218.698
10.3574
-0.576244
208.127
10.7674
-0.284227
164.961
9.42131
0.0363506
105.022
6.79909
0.643227
75.3802
5.56979
1.26593
35.7156
3.35618
-6.05374
11.6551
1.55368
-2.54827
17.0242
0.648871
