-2.50233
25.8275
0.704481
3.66055
38.7411
1.60614
0.328644
0.184422
0.08817
-0.114561
-0.02295
-0.0340122
-2.56961
26.1942
0.704179
3.56307
39.2944
1.60698
0.101777
-0.00119967
-0.0459043
-0.240676
0.127163
0.0956588
-5.00874
43.1721
1.29423
-4.98227
34.5762
1.13354
-6.02314
32.2555
1.05676
-3.24352
13.0699
0.35803
-3.42888
9.74832
0.319602
-2.09114
3.69016
0.10615
4.90089
43.1639
2.04089
4.95745
34.5268
1.94597
3.68118
19.3896
1.38448
5.73312
21.3201
1.90487
3.92302
9.52668
1.21555
2.60448
3.55475
1.08876
-5.14979
43.9157
1.29324
-5.1626
35.3631
1.1517
-5.68382
29.7664
1.0575
-3.47285
13.7392
0.615531
-3.71359
10.3427
0.617356
-2.61483
3.74729
0.754999
4.76068
43.9217
2.0499
4.76961
35.3565
1.94351
3.466
20.0372
1.30209
5.35413
22.4772
1.65399
3.81811
10.1154
0.885677
1.74124
3.136
0.372416
-0.0884842
77.4858
2.66341
-1.10715
1.62715
0.0777983
-5.07047
52.0214
1.40998
1.71442
1.53079
0.669642
9.61437
104.046
4.28885
-0.144084
-0.19857
0.179758
0.803842
0.294166
-0.185696
-0.750158
0.200811
-0.135255
-0.20088
52.3906
1.77428
-1.71059
1.83813
1.01803
1.22431
1.71497
-0.00447977
-0.043178
-0.0588549
0.0973326
-5.00664
47.4195
1.35209
-5.00498
38.8956
1.22472
-4.92742
30.2203
1.01365
-4.73892
21.4063
0.688346
-3.89416
13.4134
0.415931
-2.8564
6.47499
0.248741
4.88556
47.4199
2.08631
4.92848
38.8708
1.99958
4.96926
30.1668
1.88621
4.80662
21.511
1.72865
4.29159
13.1948
1.36825
3.39029
6.25077
1.10459
-7.71247
72.2332
2.02763
-5.16012
39.6538
1.22801
-5.15062
31.0297
1.0592
-4.00667
18.0416
0.683095
-4.17929
14.1646
0.67667
-3.12748
6.8018
0.636831
4.7527
48.1619
2.0921
4.76178
39.663
2.00537
4.75816
31.0037
1.8586
4.47201
22.3985
1.55819
4.09128
13.9814
1.12335
3.35593
6.62831
0.660374
-20.2895
174.176
5.17986
-25.296
174.897
5.73919
-19.132
101.796
3.49869
-10.9954
44.9648
1.54034
-14.0766
40.3316
1.68139
-8.8427
13.2993
1.11126
19.2609
174.148
8.19502
19.3062
139.763
7.79604
15.2846
85.4287
5.8953
20.5074
83.3278
6.55863
14.758
39.5711
4.02383
9.09658
15.3417
3.02487
-1.24579
263.525
10.0119
-1.31906
212.185
9.24762
-1.33278
178.155
8.8449
-1.15162
108.502
6.43335
0.477493
60.6841
4.3506
1.36434
15.2607
1.92851
-0.308952
259.021
10.0019
-0.0205798
172.721
7.66326
0.327956
154.761
7.83814
0.226288
115.514
7.06716
1.21809
56.839
4.41528
1.36265
19.8025
2.38478
0.746895
6.77078
0.800069
-0.290242
2.94275
0.371611
-0.52589
208.088
7.10085
7.57149
7.82588
1.03927
-0.00746876
-0.583091
-0.127971
-4.04379
4.15087
0.982092
-17.7514
167.259
4.73622
-20.2849
157.105
4.91479
-20.0449
122.53
4.13803
-25.9105
117.836
4.1027
-15.8041
55.4119
1.99175
-11.9736
26.6672
1.4683
21.6362
215.043
9.41033
24.098
196.311
10.04
19.2222
122.381
7.51242
18.0864
87.7256
6.44859
16.2297
54.4885
4.88166
12.6617
26.2067
3.32622
-1.2753
300.993
10.7608
-1.04934
198.271
8.04069
-1.25874
186.06
8.68474
-1.26356
114.302
5.90614
-0.286101
83.94
5.24093
1.51811
39.0745
3.61713
-0.297004
248.955
9.02804
-0.227576
233.316
9.6609
0.163233
181.075
8.63896
0.261129
112.655
6.40179
0.874387
78.9897
5.36937
1.44874
36.8619
3.3921
-6.24403
11.1613
1.86715
-2.83349
17.9845
0.706005
