-2.6448
26.9138
0.706901
3.8997
40.3682
1.46755
0.331914
0.186174
0.0881263
-0.11516
-0.0235164
-0.0337909
-2.69999
27.1851
0.706779
3.82076
40.7816
1.46649
0.102617
-0.00184344
-0.0469921
-0.240586
0.125258
0.0974209
-5.28696
44.8149
1.31561
-5.23508
35.6825
1.16015
-6.27268
33.0236
1.07806
-3.34488
13.2873
0.368904
-3.48844
9.83437
0.350064
-2.11037
3.69939
0.130049
5.21927
44.7996
1.87707
5.25971
35.6241
1.80728
3.86698
19.874
1.30683
5.93779
21.6379
1.79001
4.0116
9.61899
1.16091
2.6381
3.57634
1.07133
-5.40729
45.3686
1.31789
-5.39821
36.2918
1.18814
-5.89939
30.2745
1.09945
-3.56163
13.8676
0.655504
-3.7561
10.3223
0.661849
-2.63176
3.67516
0.785995
5.10156
45.3718
1.88133
5.08856
36.2844
1.7926
3.65568
20.4005
1.20262
5.57469
22.6434
1.50273
3.92604
10.108
0.809815
1.77214
3.10585
0.34774
-0.0642768
80.7426
2.52681
-1.11292
1.6246
0.0905533
-5.34235
54.0988
1.41555
1.7307
1.53762
0.659899
10.2673
108.199
3.91654
-0.14655
-0.199958
0.184876
0.81263
0.297275
-0.19271
-0.753058
0.1964
-0.132964
-0.161056
54.372
1.68233
-1.7222
1.781
1.04307
1.23797
1.68339
-0.0258909
-0.0424254
-0.0637762
0.0976893
-5.28995
49.3307
1.36641
-5.27305
40.2688
1.25
-5.15699
31.075
1.03895
-4.92545
21.8229
0.710881
-3.98418
13.5785
0.442036
-2.89341
6.51181
0.279276
5.20485
49.3258
1.9111
5.24213
40.2363
1.84842
5.25242
31.0196
1.76114
5.01646
21.9551
1.636
4.41259
13.3588
1.29483
3.44987
6.29637
1.06764
-8.10378
74.8136
2.05197
-5.40975
40.8395
1.25968
-5.36899
31.7141
1.09927
-4.1384
18.2667
0.718637
-4.24911
14.2109
0.723948
-3.15298
6.74844
0.677229
5.09591
49.8807
1.91468
5.09274
40.8487
1.8454
5.05665
31.688
1.71647
4.68307
22.6955
1.43047
4.23367
14.0332
1.02665
3.43012
6.59026
0.603796
-21.3528
180.37
5.26869
-26.5231
180.004
5.89517
-19.9129
103.892
3.61763
-11.3173
45.5672
1.61996
-14.2947
40.4686
1.83241
-8.92916
13.1873
1.22466
20.5496
180.317
7.52921
20.5136
143.815
7.21831
16.0804
87.265
5.52789
21.2874
84.2525
6.03632
15.155
39.7299
3.76856
9.24939
15.3131
2.93552
-1.00278
272.227
9.57299
-1.06441
217.738
8.89126
-1.07232
181.206
8.52226
-0.954793
109.357
6.2544
0.685011
60.5548
4.25335
1.4389
15.0016
1.90351
-0.18302
268.844
9.57161
0.120574
178.195
7.38287
0.481277
158.478
7.5354
0.267895
117.245
6.86896
1.29156
57.319
4.3437
1.39898
19.8559
2.38867
0.759125
6.76551
0.816994
-0.282115
2.82663
0.370847
-0.417072
216.396
6.73834
7.67276
7.77491
0.96528
-0.0151054
-0.609115
-0.133536
-4.07741
4.07066
1.03838
-18.6965
173.616
4.78703
-21.3164
162.226
5.02679
-20.9411
125.615
4.26456
-26.875
119.712
4.27078
-16.1322
55.859
2.12963
-12.117
26.6325
1.61669
23.1017
223.192
8.61658
25.6633
202.686
9.26134
20.3483
125.465
6.9835
18.8855
89.1973
5.98212
16.7544
54.9129
4.5481
12.9408
26.2119
3.14754
-1.03269
311.739
10.2513
-0.834074
204.173
7.71491
-1.00189
190.129
8.36855
-1.12458
115.743
5.65908
-0.0495993
84.1814
5.08918
1.68376
38.7565
3.5666
-0.199896
258.97
8.6048
-0.0839546
241.514
9.27607
0.335735
186.15
8.33123
0.345653
114.907
6.21684
0.957638
79.8961
5.24355
1.50666
37.0662
3.36452
-6.28456
10.9309
1.95337
-2.92982
18.266
0.716147
