-2.78815
27.9949
0.708732
4.14241
41.9874
1.33447
0.334625
0.187575
0.0879797
-0.115629
-0.0240784
-0.0335601
-2.83283
28.1749
0.708816
4.07958
42.2672
1.33146
0.103337
-0.00248403
-0.0480414
-0.240025
0.123101
0.0990068
-5.56679
46.4412
1.33301
-5.48899
36.767
1.18031
-6.52222
33.7599
1.08964
-3.44506
13.4869
0.373833
-3.54512
9.90269
0.374662
-2.12727
3.69999
0.15101
5.5423
46.4188
1.71754
5.56579
36.6994
1.66971
4.05406
20.3401
1.22833
6.141
21.9252
1.67174
4.09672
9.69424
1.10332
2.66799
3.58994
1.05156
-5.66954
46.8133
1.3387
-5.63753
37.2062
1.21848
-6.11677
30.7608
1.13347
-3.64951
13.982
0.690314
-3.79494
10.2871
0.700747
-2.64461
3.59578
0.813339
5.44402
46.8134
1.71688
5.40898
37.1974
1.64244
3.84541
20.7497
1.10162
5.79325
22.7845
1.34716
4.03136
10.0858
0.730834
1.80136
3.07031
0.321735
-0.0379142
83.9834
2.39483
-1.11734
1.6178
0.101842
-5.61752
56.1699
1.41998
1.74418
1.54066
0.648664
10.9264
112.339
3.5588
-0.149212
-0.20139
0.189587
0.820201
0.29983
-0.199405
-0.754805
0.1916
-0.130587
-0.122959
56.3513
1.59345
-1.73068
1.71984
1.06511
1.25025
1.64847
-0.0478854
-0.0414346
-0.0686794
0.0977984
-5.57498
51.2284
1.37816
-5.54251
41.6228
1.26997
-5.38721
31.9059
1.057
-5.11161
22.2143
0.725363
-4.07168
13.7222
0.461149
-2.92762
6.53533
0.305305
5.52888
51.2181
1.74175
5.56013
41.5824
1.69991
5.53857
31.8488
1.63585
5.22666
22.3747
1.54156
4.53104
13.5018
1.2184
3.50551
6.32944
1.02802
-8.50245
77.3866
2.07258
-5.66375
42.0138
1.2863
-5.59016
32.3813
1.1326
-4.27041
18.4756
0.748253
-4.31622
14.2397
0.764842
-3.17446
6.68406
0.713094
5.44066
51.5943
1.74306
5.42527
42.0227
1.68782
5.35632
32.3547
1.57363
4.89322
22.9725
1.29989
4.37394
14.067
0.926519
3.50148
6.54131
0.544713
-22.4285
186.514
5.34175
-27.7623
185.021
6.01924
-20.6978
105.903
3.70745
-11.6363
46.1175
1.68101
-14.5007
40.5409
1.96033
-9.00497
13.0467
1.32689
21.8501
186.437
6.88
21.7304
147.795
6.64394
16.8785
89.0312
5.15554
22.0609
85.073
5.49837
15.5406
39.8256
3.5012
9.39174
15.2547
2.83866
-0.769171
280.88
9.13497
-0.81569
223.203
8.5189
-0.814599
184.125
8.16926
-0.758999
110.094
6.04625
0.895449
60.3357
4.13074
1.5147
14.7133
1.86859
-0.0480327
278.569
9.1424
0.268683
183.558
7.08969
0.63985
162.044
7.20458
0.310825
118.81
6.63544
1.36408
57.6938
4.24602
1.43142
19.8606
2.37843
0.768003
6.74071
0.828104
-0.272363
2.7035
0.367277
-0.308884
224.677
6.38825
7.76418
7.70606
0.887766
-0.0227111
-0.634978
-0.138709
-4.10523
3.98051
1.08966
-19.6529
179.942
4.82893
-22.3593
167.285
5.11782
-21.8444
128.618
4.36264
-27.841
121.465
4.39696
-16.4504
56.229
2.24019
-12.2479
26.5492
1.74724
24.5809
231.3
7.849
27.242
208.985
8.49469
21.4813
128.468
6.45236
19.6826
90.5796
5.50511
17.2702
55.2604
4.20147
13.2076
26.1704
2.9588
-0.800784
322.453
9.752
-0.625387
210.016
7.38279
-0.74902
194.092
8.02998
-0.988067
117.081
5.38604
0.189008
84.3151
4.90852
1.85186
38.3724
3.49598
-0.0950234
268.914
8.19028
0.068712
249.596
8.88341
0.515549
191.08
8.00113
0.432509
117.026
6.00628
1.04191
80.6731
5.08807
1.56179
37.1929
3.31624
-6.31543
10.6758
2.02874
-3.02664
18.5318
0.721177
