0.28267
-15.5019
0.003758
-0.328435
-23.3449
0.376692
-0.347852
-0.201019
-0.0923165
0.13217
0.0191296
0.0417194
0.328391
-15.3067
0.0246314
-0.294418
-22.9413
0.327976
-0.121188
-0.00558355
0.0576378
0.246982
-0.134392
-0.0974365
0.867271
-30.4571
0.105243
1.84247
-29.4025
0.127569
3.87394
-32.3896
0.0287893
2.77408
-14.1168
0.0352065
3.56276
-11.1738
0.0931789
2.3293
-4.39825
0.0566665
-0.509731
-30.7116
0.555173
-1.1403
-29.5525
0.519321
-1.82154
-18.9304
0.245901
-4.49707
-23.54
-0.32048
-3.71123
-10.8155
-0.461166
-2.65089
-4.16889
-0.792921
0.839222
-30.1873
0.249199
1.70334
-29.385
0.462422
3.14847
-29.11
0.457837
2.6644
-14.3487
0.189006
3.51369
-11.5151
-0.0596809
2.58474
-4.38282
-0.510601
-0.501231
-30.3879
0.396526
-1.31393
-29.4762
0.185055
-2.0948
-19.1725
-0.11173
-4.76025
-24.1785
-0.53296
-3.92412
-11.2493
-0.256741
-1.93579
-3.59736
-0.181353
0.040069
-46.599
0.308149
1.28507
-1.98942
-0.0143134
0.648155
-30.7943
0.0496164
-1.781
-1.82048
-0.566454
-1.11566
-61.6695
0.90023
0.183701
0.187574
-0.178681
-0.869462
-0.344378
0.185427
0.797561
-0.236386
0.130134
0.0752879
-30.6359
0.20925
1.72233
-2.19985
-0.871003
-1.42632
-2.0661
0.129174
0.00970818
0.0499644
-0.0826001
0.644544
-30.6435
0.052529
1.27511
-30.1341
0.144565
2.49298
-27.9856
0.103237
3.40363
-22.5686
0.0854169
3.8012
-15.0473
0.101376
3.07909
-7.55464
0.0412571
-0.441074
-30.8573
0.508879
-0.728972
-30.3594
0.582801
-1.70997
-27.8791
0.402825
-3.07096
-22.3028
0.141849
-3.80327
-14.7374
-0.367461
-3.34723
-7.21699
-0.592306
1.0016
-45.4448
0.211971
1.19121
-30.0129
0.382358
2.23184
-28.0586
0.497522
2.62209
-18.5064
0.238086
3.71047
-15.45
0.111581
3.04953
-7.6934
-0.259147
-0.389805
-30.4124
0.449438
-0.849163
-30.1608
0.314886
-1.92542
-28.0678
0.0250369
-3.49258
-22.769
-0.337534
-3.96081
-15.2712
-0.33324
-3.58891
-7.51117
-0.212634
3.65757
-121.225
0.590382
8.2578
-146.651
1.55098
10.6748
-100.324
1.07001
8.50946
-47.3387
0.456192
13.599
-45.4251
0.272993
9.03455
-15.6672
-0.346015
-2.78121
-122.073
1.84245
-5.54722
-117.72
1.43637
-8.45395
-82.5982
0.503974
-16.8828
-90.2409
-1.5854
-14.2804
-44.308
-1.23147
-9.56747
-17.6053
-1.91404
0.986945
-182.114
1.83169
1.64344
-177.361
1.95666
1.00622
-174.343
0.97558
-0.219741
-115.875
0.291055
-1.43266
-67.9275
-0.666522
-2.06007
-17.8651
-0.752672
1.40611
-184.027
1.8254
2.35861
-148.411
1.56034
1.85148
-154.362
0.572077
0.465024
-127.705
-0.240747
-0.48423
-65.3172
-0.798205
-0.932647
-23.8021
-0.929369
-0.513162
-8.35972
-0.312205
0.0451514
-3.70364
0.0260024
0.094993
-123.279
0.991063
-8.13832
-9.29397
-0.482983
-0.0727542
0.531591
0.130111
4.25558
-5.004
-0.772492
2.57498
-106.568
0.246885
4.92397
-120.19
0.967473
9.00502
-111.982
1.16788
16.5787
-122.762
1.05797
14.3121
-60.9405
0.515852
11.9629
-30.5657
-0.083008
-2.54828
-137.868
2.10102
-5.06089
-151.045
2.19922
-7.72152
-111.502
0.943752
-13
-90.1568
-0.731782
-14.6936
-59.949
-1.23784
-12.8255
-29.8172
-1.39187
0.355804
-189.737
1.7167
1.43219
-151.267
1.63905
1.60065
-169.539
1.53476
-0.0331872
-117.286
0.0782738
-0.558463
-92.1787
-0.350272
-2.53387
-44.5754
-1.00846
0.670075
-161.622
1.35295
2.03432
-182.217
2.03647
2.68164
-168.794
1.47424
0.807216
-118.346
0.617014
0.110249
-89.3103
-0.566365
-0.902924
-43.1317
-0.895914
5.98862
-13.4151
-1.01507
1.7161
-18.1557
0.177466
