-3.36155
32.2129
0.69827
5.1221
48.3047
0.866389
0.340973
0.190314
0.0868632
-0.116828
-0.0262673
-0.0328526
-3.37825
32.0884
0.69941
5.10199
48.1408
0.855588
0.105501
-0.00486898
-0.051962
-0.234302
0.112966
0.103777
-6.68554
52.7244
1.34299
-6.50225
40.8764
1.18146
-7.51257
36.4235
1.02574
-3.8351
14.14
0.32766
-3.75298
10.0372
0.404798
-2.1812
3.63536
0.198978
6.8457
52.6728
1.1382
6.79686
40.772
1.14937
4.79904
22.0392
0.918877
6.92993
22.8273
1.18584
4.40543
9.86057
0.854939
2.75704
3.5805
0.955801
-6.74549
52.4889
1.36324
-6.6154
40.7441
1.26251
-6.99458
32.5588
1.17543
-3.99376
14.3515
0.767787
-3.92502
10.0605
0.789915
-2.6654
3.24079
0.881679
6.79783
52.474
1.1173
6.67651
40.7247
1.0702
4.59064
22.0474
0.699134
6.63802
23.1904
0.708297
4.42889
9.90692
0.397422
1.90608
2.89793
0.20949
0.075931
96.6282
1.90459
-1.12772
1.55814
0.129187
-6.73202
64.3022
1.40247
1.77586
1.52201
0.593141
13.5574
128.595
2.29872
-0.162853
-0.208496
0.204159
0.841123
0.305593
-0.222611
-0.753927
0.170625
-0.121319
0.00682279
64.1766
1.26332
-1.73988
1.45649
1.12235
1.29054
1.49172
-0.138657
-0.0351982
-0.0874966
0.0960868
-6.71489
58.6021
1.37743
-6.61902
46.8121
1.27941
-6.30412
35.001
1.04366
-5.84749
23.5675
0.692375
-4.40357
14.1268
0.458014
-3.04722
6.52613
0.355852
6.83679
58.5696
1.13723
6.8418
46.7398
1.14993
6.68538
34.9376
1.15152
6.05632
23.8424
1.16266
4.97822
13.9057
0.896926
3.69438
6.36297
0.851806
-10.139
87.5331
2.08418
-6.7043
46.5998
1.32383
-6.48956
34.9241
1.18349
-4.79803
19.2067
0.796746
-4.56643
14.2502
0.852584
-3.23162
6.36478
0.803057
6.80303
58.3505
1.1293
6.74055
46.6031
1.10061
6.54102
34.8896
1.01712
5.71207
23.9499
0.771024
4.91123
14.0909
0.508886
3.76463
6.28116
0.293777
-26.7826
210.443
5.39656
-32.7645
204.219
6.11944
-23.8432
113.26
3.72818
-12.886
47.9337
1.71246
-15.2426
40.3828
2.1999
-9.23596
12.2954
1.59945
27.0399
210.26
4.51525
26.5762
163.012
4.45958
20.0304
95.5264
3.67905
25.0576
87.6017
3.28316
16.9762
39.7699
2.35923
9.87823
14.8141
2.40055
0.0377477
314.858
7.3825
0.0801103
244.326
6.88493
0.145484
194.903
6.4829
-0.0207323
112.303
4.94055
1.73739
58.9248
3.39614
1.82861
13.405
1.63423
0.526809
316.13
7.42436
0.883822
203.864
5.79698
1.28026
174.963
5.62824
0.470717
123.738
5.36739
1.62435
58.368
3.59838
1.51331
19.4928
2.19305
0.766088
6.48517
0.809893
-0.218313
2.18028
0.323969
0.0897087
257.196
5.08948
8.05499
7.30551
0.557872
-0.051359
-0.735132
-0.154728
-4.1754
3.55973
1.23629
-23.5257
204.694
4.83026
-26.5764
186.849
5.20142
-25.4809
139.925
4.41572
-31.6906
127.557
4.42168
-17.6539
57.1621
2.36686
-12.687
25.8864
2.05486
30.4861
263.023
5.10526
33.5377
233.327
5.64151
25.981
139.769
4.38737
22.8016
95.4244
3.57389
19.2362
56.106
2.7458
14.1684
25.6837
2.1398
-0.0129774
364.701
7.83456
0.112558
232.823
5.99279
0.181155
209.162
6.47375
-0.491444
121.756
4.06121
1.12648
84.193
3.91268
2.53306
36.4558
3.01825
0.354618
307.548
6.59862
0.713255
280.559
7.23589
1.25478
209.426
6.476
0.773311
124.387
4.92532
1.36366
82.7563
4.18045
1.74006
37.0943
2.91512
-6.36666
9.51529
2.20692
-3.41642
19.486
0.68428
