-3.50263
33.2278
0.688362
5.36264
49.8247
0.767304
0.341738
0.190462
0.0865785
-0.117113
-0.0267949
-0.0328021
-3.51536
33.0463
0.689815
5.34852
49.5785
0.754627
0.105986
-0.00538579
-0.0528997
-0.232335
0.11032
0.104635
-6.96077
54.2254
1.32595
-6.75146
41.8443
1.15859
-7.75604
37.0289
0.979752
-3.93018
14.2755
0.298632
-3.80271
10.0465
0.393601
-2.19368
3.60779
0.200811
7.16566
54.1665
1.01153
7.09847
41.7309
1.03101
4.98042
22.4277
0.845772
7.11876
23.0069
1.06645
4.47551
9.87828
0.791329
2.77353
3.56662
0.929524
-7.01584
53.8758
1.34995
-6.86062
41.6044
1.25053
-7.21329
32.9887
1.15938
-4.07829
14.4349
0.769733
-3.95401
9.99812
0.793675
-2.66562
3.15164
0.887828
7.12454
53.8568
0.985641
6.98281
41.5812
0.939003
4.77007
22.3579
0.602857
6.83955
23.2757
0.551036
4.52292
9.85449
0.313264
1.93044
2.85334
0.180736
0.103364
99.6706
1.78909
-1.13004
1.53785
0.131002
-7.0091
66.2753
1.38356
1.77977
1.51168
0.577804
14.1975
132.539
2.03154
-0.167228
-0.210825
0.206724
0.844763
0.306226
-0.227442
-0.752692
0.165473
-0.119324
0.0325001
66.0921
1.18558
-1.73777
1.39145
1.12903
1.29969
1.45238
-0.161232
-0.03312
-0.0918522
0.0952222
-6.99535
60.3709
1.3601
-6.88384
48.0447
1.26023
-6.52961
35.7208
1.01626
-6.02788
23.8638
0.659539
-4.48376
14.1972
0.435711
-3.07553
6.50612
0.35358
7.15791
60.333
1.00729
7.15621
47.9644
1.02736
6.96571
35.656
1.03907
6.25717
24.1667
1.07171
5.08308
13.9763
0.816252
3.73477
6.35397
0.805725
-10.5504
90.0152
2.06144
-6.96556
47.7185
1.31179
-6.71449
35.539
1.17239
-4.92882
19.3777
0.789264
-4.62647
14.2442
0.853311
-3.24161
6.28184
0.81071
7.13166
60.003
0.997117
7.05822
47.7194
0.968881
6.82738
35.5013
0.886832
5.90827
24.1786
0.642578
5.03901
14.0863
0.404609
3.82636
6.21148
0.230157
-27.8649
216.222
5.33233
-34.0065
208.808
6.0285
-24.6219
114.972
3.63932
-13.1924
48.3269
1.66229
-15.4172
40.2835
2.18437
-9.28437
12.0858
1.62895
28.3025
216.012
3.99652
27.754
166.649
3.9599
20.7926
97.0416
3.32796
25.774
88.12
2.73676
17.3102
39.6962
2.06831
9.98491
14.6765
2.28501
0.200549
323.16
6.94132
0.270765
249.458
6.44419
0.358283
197.476
6.00135
0.144888
112.78
4.60273
1.94093
58.531
3.15625
1.90924
13.074
1.55417
0.665972
325.102
6.99107
1.03198
208.644
5.44589
1.43056
177.903
5.17902
0.501648
124.721
4.97425
1.6771
58.3924
3.37589
1.52
19.3328
2.11156
0.755623
6.39328
0.789372
-0.20147
2.05183
0.306005
0.174506
265.086
4.78384
8.11521
7.18843
0.474589
-0.0577194
-0.758918
-0.157399
-4.18701
3.44969
1.25691
-24.4884
210.688
4.77076
-27.6242
191.555
5.13609
-26.383
142.603
4.33267
-32.6411
128.927
4.29648
-17.9443
57.3168
2.31215
-12.786
25.6793
2.07153
31.9229
270.704
4.51465
35.0689
239.18
5.00234
27.0728
142.445
3.90504
23.5517
96.5188
3.10531
19.7011
56.2392
2.38035
14.3866
25.5203
1.9288
0.142205
375.036
7.36847
0.266246
238.384
5.63011
0.384329
212.801
6.04021
-0.384887
122.847
3.6801
1.34768
84.1047
3.60184
2.70162
35.9533
2.85352
0.463265
316.815
6.21138
0.86931
287.912
6.80485
1.43166
213.689
6.04891
0.849556
126.003
4.60125
1.43401
83.0938
3.88746
1.77075
36.9647
2.76493
-6.36781
9.21805
2.21835
-3.51367
19.7091
0.659754
