-3.77882
35.1924
0.656191
5.82965
52.7672
0.592555
0.342735
0.190384
0.0861774
-0.117868
-0.0278197
-0.0329409
-3.78653
34.9251
0.658319
5.8229
52.3981
0.576317
0.107052
-0.00627968
-0.0547595
-0.228236
0.105258
0.106048
-7.49971
57.1246
1.26276
-7.2399
43.7066
1.0813
-8.23482
38.1817
0.849642
-4.11765
14.526
0.219167
-3.90281
10.0514
0.347687
-2.2207
3.54688
0.191407
7.7868
57.0517
0.783842
7.68369
43.5758
0.813363
5.33181
23.1683
0.708532
7.48303
23.334
0.837191
4.60842
9.89945
0.666567
2.80235
3.53173
0.876914
-7.55048
56.6022
1.29417
-7.34551
43.3029
1.19473
-7.64545
33.8479
1.0924
-4.24567
14.6086
0.750925
-4.01146
9.88758
0.777505
-2.66385
2.98506
0.886842
7.75358
56.5744
0.748364
7.5734
43.271
0.696545
5.11615
22.9763
0.420541
7.22814
23.4587
0.248322
4.70552
9.76068
0.149041
1.97864
2.77069
0.124404
0.153127
105.56
1.56314
-1.13642
1.49488
0.128206
-7.55427
70.1193
1.32107
1.78508
1.48731
0.547173
15.4349
140.223
1.55978
-0.177355
-0.216388
0.210615
0.851219
0.306983
-0.235874
-0.750327
0.156005
-0.116049
0.074543
69.8487
1.03364
-1.73088
1.26979
1.13388
1.31863
1.37916
-0.205044
-0.0284418
-0.0999522
0.0931336
-7.5444
63.7918
1.29834
-7.4026
50.4215
1.19126
-6.97214
37.1005
0.92979
-6.38231
24.422
0.562997
-4.64305
14.3184
0.364369
-3.13385
6.45677
0.330117
7.78135
63.7433
0.776047
7.76645
50.3258
0.804599
7.50928
37.033
0.829859
6.64579
24.7784
0.899557
5.28414
14.0977
0.659565
3.80971
6.32592
0.714677
-11.3639
94.888
1.97524
-7.48217
49.9216
1.25693
-7.15905
36.7582
1.11802
-5.18729
19.7248
0.7488
-4.7461
14.246
0.827481
-3.26041
6.12905
0.807204
7.76419
63.2468
0.761622
7.67034
49.9168
0.728488
7.37995
36.7127
0.643146
6.28652
24.6403
0.397252
5.28608
14.088
0.202296
3.9471
6.08229
0.105849
-29.9946
227.479
5.08736
-36.4512
217.747
5.68782
-26.1564
118.306
3.33977
-13.7977
49.0897
1.48882
-15.7662
40.086
2.05762
-9.38193
11.6764
1.63816
30.7435
227.218
3.0622
30.0311
173.732
3.03771
22.2652
99.9887
2.66589
27.1567
89.1241
1.68406
17.9511
39.5474
1.49815
10.1887
14.4028
2.05664
0.471883
339.478
6.05042
0.60273
259.586
5.52903
0.740528
202.611
4.97958
0.444568
113.796
3.86602
2.33086
57.8209
2.61957
2.07222
12.4551
1.37308
0.922222
342.432
6.11451
1.307
217.841
4.71301
1.70457
183.503
4.22699
0.544798
126.514
4.11057
1.76167
58.3589
2.86745
1.51509
18.974
1.91068
0.722451
6.19263
0.730157
-0.164572
1.81141
0.262297
0.31887
280.457
4.18619
8.22959
6.95444
0.313205
-0.0690112
-0.804408
-0.160948
-4.20923
3.23805
1.27811
-26.3827
222.364
4.55703
-29.6863
200.722
4.88248
-28.16
147.817
4.03866
-34.5148
131.591
3.87905
-18.5209
57.613
2.09402
-12.985
25.2733
2.02772
34.7007
285.669
3.46264
38.0294
250.58
3.83692
29.183
147.654
3.00425
24.9998
98.6434
2.21127
20.5961
56.493
1.66948
14.8036
25.1974
1.51367
0.395247
395.323
6.44224
0.52944
249.335
4.88634
0.745304
220.012
5.1284
-0.198416
125.056
2.87127
1.76332
84.0039
2.91856
3.03149
35.0188
2.47804
0.661985
334.737
5.44097
1.15818
302.088
5.9193
1.75913
221.858
5.14769
0.981796
129.047
3.89867
1.55445
83.6551
3.23356
1.81163
36.6483
2.4114
-6.36519
8.65353
2.20084
-3.7065
20.1525
0.591575
