-3.913
36.1375
0.633054
6.05379
54.1828
0.517221
0.343097
0.190237
0.0861079
-0.11839
-0.0283152
-0.0331505
-3.91947
35.8423
0.635542
6.04871
53.7746
0.499325
0.107677
-0.00664598
-0.0556906
-0.226238
0.10294
0.106634
-7.76164
58.518
1.21525
-7.47768
44.6005
1.02609
-8.46919
38.7333
0.765319
-4.21009
14.6446
0.168892
-3.95405
10.0514
0.313046
-2.23608
3.51579
0.180148
8.08489
58.4384
0.683624
7.96446
44.4614
0.715179
5.50034
23.5228
0.645309
7.65758
23.4881
0.729163
4.67163
9.90702
0.606622
2.81547
3.51263
0.851391
-7.81257
57.9389
1.25029
-7.58332
44.1428
1.14998
-7.85756
34.2831
1.04096
-4.32847
14.7035
0.72995
-4.04089
9.84513
0.757524
-2.66291
2.91088
0.879884
8.05321
57.9066
0.643607
7.85525
44.1059
0.586566
5.28163
23.288
0.335728
7.41454
23.5649
0.105197
4.79437
9.72475
0.070385
2.00293
2.73485
0.0974057
0.174548
108.393
1.45172
-1.14101
1.47336
0.123595
-7.82032
71.9819
1.27573
1.78714
1.47417
0.532405
16.0264
143.946
1.35613
-0.183145
-0.219674
0.211973
0.85434
0.307239
-0.239468
-0.749556
0.151878
-0.114846
0.0906843
71.6827
0.9588
-1.72684
1.21513
1.13237
1.32889
1.34678
-0.225938
-0.0258785
-0.103649
0.0919613
-7.81116
65.4366
1.25233
-7.65489
51.563
1.1404
-7.18803
37.7621
0.87021
-6.55575
24.6886
0.499259
-4.72276
14.3741
0.315464
-3.16482
6.43083
0.308949
8.08055
65.3831
0.675364
8.05926
51.4601
0.705368
7.77
37.6933
0.734333
6.83217
25.0701
0.819639
5.38027
14.1535
0.584919
3.84496
6.30996
0.670734
-11.7627
97.2712
1.9094
-7.73544
51.0056
1.21293
-7.3771
37.366
1.07405
-5.3144
19.906
0.715546
-4.8063
14.26
0.800793
-3.2703
6.06367
0.796064
8.06537
64.8331
0.65896
7.9622
50.9974
0.620907
7.64399
37.3159
0.531224
6.46759
24.8794
0.282162
5.40524
14.1006
0.105906
4.0067
6.02699
0.0462939
-31.0341
232.942
4.9012
-37.6456
222.099
5.43384
-26.9081
119.943
3.12775
-14.0966
49.4726
1.36548
-15.9438
40.0079
1.94642
-9.43428
11.4864
1.61775
31.9107
232.656
2.64995
31.1203
177.181
2.62
22.97
101.433
2.35935
27.8203
89.6382
1.18598
18.2591
39.4916
1.22404
10.2881
14.2761
1.94671
0.578971
347.477
5.5992
0.742159
264.592
5.05585
0.907779
205.21
4.44332
0.576781
114.374
3.47139
2.5151
57.5384
2.32676
2.15431
12.1799
1.27387
1.03532
350.76
5.66959
1.43023
222.257
4.33191
1.82451
186.183
3.72793
0.555067
127.359
3.64489
1.79203
58.3271
2.58521
1.50326
18.7874
1.79328
0.699854
6.08874
0.692139
-0.144781
1.70303
0.236943
0.376818
287.905
3.8916
8.28626
6.84323
0.236892
-0.0738238
-0.825966
-0.161782
-4.22148
3.1403
1.2788
-27.3072
228.025
4.39732
-30.6931
205.177
4.68974
-29.0293
150.364
3.82535
-35.434
132.914
3.58608
-18.8094
57.7768
1.93074
-13.0888
25.0901
1.96714
36.0288
292.924
3.00411
39.4452
256.12
3.31581
30.1926
150.198
2.59118
25.6937
99.6941
1.79239
21.0258
56.636
1.33003
15.0043
25.0529
1.31367
0.491775
405.245
5.97925
0.637501
254.722
4.50503
0.90102
223.606
4.65252
-0.119492
126.207
2.44768
1.9552
84.03
2.55063
3.1915
34.6131
2.27055
0.748725
343.356
5.0553
1.28683
308.898
5.46448
1.90545
225.776
4.6758
1.03539
130.498
3.52345
1.6025
83.9093
2.87686
1.821
36.4811
2.21098
-6.36393
8.39658
2.17244
-3.80164
20.3771
0.547903
