-4.29437
38.7984
0.531233
6.67614
58.1685
0.340146
0.344399
0.189829
0.0866792
-0.120804
-0.0297264
-0.0344305
-4.30114
38.4846
0.534875
6.66959
57.7398
0.317905
0.110138
-0.00737078
-0.0585351
-0.221209
0.0973672
0.108099
-8.50681
62.4468
1.00288
-8.15676
47.1325
0.79111
-9.14668
40.3152
0.436187
-4.48223
14.9947
-0.0217657
-4.11709
10.0658
0.164636
-2.29418
3.43277
0.121129
8.91244
62.3488
0.440381
8.74398
46.9709
0.467872
5.96918
24.5359
0.481525
8.14629
23.9505
0.441124
4.85074
9.9412
0.443349
2.85442
3.4598
0.782702
-8.56503
61.8265
1.04823
-8.26714
46.6325
0.944426
-8.46997
35.6431
0.813837
-4.57277
15.0457
0.620929
-4.13702
9.79937
0.651508
-2.66576
2.74199
0.835251
8.87809
61.7803
0.388137
8.63408
46.579
0.307294
5.74188
24.2524
0.112709
7.93911
23.9876
-0.278877
5.05296
9.69011
-0.143885
2.0791
2.66114
0.0244052
0.220758
116.371
1.11826
-1.16315
1.41507
0.0974608
-8.58029
77.2859
1.07486
1.79483
1.4361
0.493365
17.6616
154.549
0.876362
-0.203495
-0.231772
0.213977
0.865006
0.30828
-0.247777
-0.750844
0.142921
-0.113353
0.118916
76.9661
0.735253
-1.71662
1.08621
1.11461
1.36525
1.27451
-0.282616
-0.0175371
-0.113098
0.0882503
-8.56949
70.0701
1.04642
-8.37374
54.7872
0.917602
-7.80748
39.6439
0.624757
-7.05739
25.465
0.247826
-4.96517
14.5501
0.118492
-3.27
6.36733
0.209381
8.91124
70.0029
0.43508
8.87208
54.664
0.460056
8.49406
39.5716
0.489594
7.35204
25.9133
0.610923
5.65103
14.3287
0.383245
3.94597
6.27202
0.551157
-12.9074
104.164
1.6095
-8.46287
54.1831
1.00939
-8.00479
39.201
0.872385
-5.68361
20.5075
0.563612
-4.99146
14.3888
0.666787
-3.30767
5.93546
0.726684
8.89391
69.4209
0.413487
8.76721
54.1629
0.353098
8.37565
39.1349
0.24204
6.97368
25.6617
-0.0236201
5.74505
14.2192
-0.155204
4.18584
5.92097
-0.11555
-34.0056
248.584
4.06291
-41.0676
234.699
4.32025
-29.0766
124.833
2.2416
-14.9761
50.7026
0.853518
-16.5068
39.9657
1.42896
-9.6228
11.0292
1.46001
35.1386
248.228
1.64537
34.1367
187.172
1.56122
24.9295
105.723
1.55896
29.686
91.3863
-0.151593
19.1397
39.5042
0.474561
10.5902
13.9891
1.65087
0.781329
370.742
4.21339
1.04742
279.43
3.58019
1.30573
213.32
2.75685
0.895743
116.599
2.21031
3.01472
57.1626
1.37795
2.40152
11.5591
0.954071
1.29542
374.247
4.29863
1.72449
234.769
3.13376
2.09681
193.865
2.16117
0.531204
129.893
2.14464
1.82872
58.3194
1.65291
1.43031
18.2692
1.38846
0.609612
5.79069
0.550188
-0.0817226
1.44421
0.149887
0.487005
309.115
3.01013
8.46818
6.56418
0.0357974
-0.0843197
-0.885157
-0.160331
-4.27193
2.90014
1.24354
-29.9483
244.182
3.68075
-33.5735
217.991
3.82801
-31.5282
157.821
2.91285
-38.097
137.01
2.37558
-19.6861
58.4537
1.23255
-13.4365
24.7065
1.63635
39.7009
313.634
1.90789
43.3635
272.054
2.01986
32.9912
157.643
1.52597
27.6321
102.915
0.681865
22.2417
57.2516
0.408271
15.5879
24.7683
0.76778
0.657599
433.94
4.57439
0.862397
270.516
3.32165
1.26111
234.459
3.15872
0.0573027
130.015
1.12546
2.45537
84.6216
1.37182
3.64536
33.7828
1.59181
0.94276
367.634
3.88237
1.58912
328.132
4.0495
2.25307
236.924
3.18797
1.1341
134.705
2.32311
1.68791
84.7396
1.71681
1.80182
36.0555
1.53674
-6.37417
7.78231
2.01513
-4.07894
21.0851
0.379472
