-4.41296
39.621
0.485646
6.86384
59.4008
0.29727
0.345102
0.189823
0.0871904
-0.121951
-0.030171
-0.0350907
-4.4209
39.3235
0.489693
6.85507
58.9985
0.273824
0.111207
-0.00747732
-0.0595109
-0.220041
0.0960959
0.108542
-8.73886
63.6665
0.907671
-8.36945
47.9267
0.689335
-9.36249
40.8249
0.301926
-4.57121
15.1149
-0.0976048
-4.17561
10.0818
0.101397
-2.31854
3.41173
0.0935815
9.16199
63.5631
0.378706
8.97914
47.7586
0.401933
6.11127
24.8605
0.436401
8.29651
24.1145
0.359359
4.90762
9.9624
0.396155
2.86849
3.4465
0.763667
-8.80118
63.0768
0.956187
-8.48229
47.4539
0.851584
-8.66394
36.1219
0.714112
-4.65259
15.1846
0.569668
-4.17286
9.81844
0.601673
-2.67004
2.70757
0.813268
9.1249
63.0259
0.322937
8.86838
47.3944
0.232083
5.88187
24.5883
0.05012
8.10187
24.174
-0.388902
5.13704
9.7099
-0.206126
2.10619
2.65062
0.00358036
0.229328
118.837
1.00599
-1.17395
1.39936
0.0849318
-8.8177
78.9477
0.984583
1.7989
1.42518
0.482903
18.1528
157.871
0.759786
-0.211256
-0.23659
0.214049
0.869427
0.308914
-0.249745
-0.752942
0.141303
-0.113638
0.12161
78.6434
0.660149
-1.71493
1.05732
1.10507
1.37982
1.26056
-0.299017
-0.0146108
-0.115654
0.0870345
-8.80538
71.5048
0.95371
-8.59812
55.7921
0.819167
-8.00279
40.2399
0.520829
-7.21746
25.7231
0.144886
-5.04779
14.6189
0.0372917
-3.3103
6.35581
0.165003
9.16175
71.4337
0.375615
9.11716
55.663
0.396238
8.71271
40.1665
0.422966
7.51045
26.1902
0.553066
5.73547
14.3968
0.325255
3.97917
6.26717
0.516903
-13.2665
106.364
1.47321
-8.69132
55.216
0.916793
-8.20267
39.8206
0.781717
-5.80162
20.7337
0.495972
-5.05534
14.4686
0.604953
-3.32411
5.92096
0.692369
9.14157
70.8852
0.352578
9.00873
55.1911
0.282802
8.59669
39.7485
0.162517
7.12899
25.9519
-0.110317
5.85248
14.2937
-0.230714
4.24652
5.91095
-0.162281
-34.9347
253.526
3.6856
-42.1415
238.751
3.82968
-29.7641
126.478
1.86442
-15.2629
51.1579
0.63801
-16.7085
40.0424
1.19906
-9.70021
10.9273
1.37725
36.1089
253.15
1.38918
35.0455
190.387
1.27657
25.5242
107.156
1.33623
30.2635
92.0764
-0.534996
19.4208
39.5944
0.256258
10.6956
13.9372
1.56793
0.809074
378.224
3.73832
1.11087
284.325
3.07114
1.40282
216.173
2.17528
0.975266
117.555
1.77226
3.1615
57.2376
1.04645
2.48385
11.4363
0.843768
1.35181
381.54
3.82704
1.79342
238.698
2.71709
2.15415
196.338
1.62192
0.503144
130.789
1.6196
1.82162
58.3837
1.32175
1.39396
18.1281
1.24082
0.57272
5.70299
0.495513
-0.0599502
1.3844
0.118166
0.501525
315.76
2.71332
8.53633
6.49705
-0.0193263
-0.0863678
-0.902907
-0.158504
-4.29549
2.84273
1.22035
-30.7736
249.262
3.35771
-34.4753
222.07
3.44297
-32.3162
160.26
2.51781
-38.9464
138.458
1.86571
-19.9844
58.7713
0.934635
-13.5692
24.655
1.47948
40.8042
320.147
1.63588
44.5425
277.127
1.67994
33.8361
160.078
1.23357
28.2256
104.04
0.367879
22.6227
57.5492
0.141178
15.7794
24.7431
0.609921
0.671819
443.1
4.09653
0.903855
275.65
2.91352
1.3445
238.127
2.64235
0.0963532
131.444
0.674579
2.59473
85.0392
0.962739
3.78655
33.6683
1.35369
0.982247
375.153
3.48245
1.65769
334.128
3.56033
2.33367
240.457
2.6715
1.14376
136.094
1.90413
1.69474
85.0833
1.30882
1.77936
35.9672
1.29445
-6.38567
7.64278
1.94122
-4.16783
21.3379
0.311385
