-3.28579e-05
-2.10005
-3.6137e-05
-0.000154362
-3.15009
1.18981e-05
-0.151665
-0.0893973
-0.0274756
0.0689379
-0.0134995
0.022071
2.59973e-05
-2.10001
-3.47251e-05
3.71889e-05
-3.14998
-5.22155e-05
-0.0686405
-0.0124733
0.0249331
0.124798
-0.0790372
-0.0279031
-6.02796e-05
-4.20015
-3.81532e-05
9.81883e-05
-4.20059
-0.000162197
0.0038262
-5.25502
-0.00188629
0.0248104
-3.14439
-0.00287891
0.139715
-4.15497
0.00223501
0.507348
-3.80363
-0.07093
-0.000375179
-4.20014
0.000142008
-0.00128468
-4.20086
0.000632905
-0.00523635
-3.15034
0.00369958
-0.0350668
-5.27997
0.0134151
-0.0975732
-4.21351
0.0314702
-0.372742
-3.68828
0.0256077
7.53759e-05
-4.20004
-2.54227e-05
0.000427653
-4.20026
9.48365e-06
0.00303912
-4.69878
0.000721199
0.0162162
-3.14639
0.00959445
0.0884415
-4.18191
0.0286937
0.275639
-4.24391
0.0226107
2.12798e-05
-4.2
-0.000106143
-0.000218838
-4.20023
-0.000319379
-0.00504713
-3.14978
-0.000906367
-0.0351096
-5.26187
-0.00800977
-0.110907
-4.20704
-0.0136869
-0.366439
-2.76988
-0.0375755
-0.000233598
-6.30018
-4.19266e-05
0.610639
-2.69838
-0.171945
2.71487e-05
-4.20005
-5.94013e-05
-0.492729
-2.36448
-0.14386
-0.000367172
-8.40009
-4.72332e-05
0.0367402
-0.0899433
-0.0395848
-0.398489
-0.223811
0.0142278
0.389074
-0.214517
-0.00249971
-1.07486e-05
-4.20001
-6.92236e-05
0.396743
-3.39709
-0.0633507
-0.639881
-2.60665
-0.151724
0.00233341
-0.089192
-0.0141597
-6.44841e-05
-4.20009
-3.84553e-05
-2.02815e-05
-4.20026
-8.03123e-05
0.000756672
-4.20114
-0.00037363
0.00425869
-4.2112
-0.00152749
0.0698906
-4.18647
0.00221492
0.272882
-4.06335
-0.00533831
-0.000243281
-4.2001
6.67555e-05
-0.000665348
-4.20027
0.000299898
-0.002573
-4.20151
0.00148989
-0.0133525
-4.20345
0.00795
-0.052589
-4.225
0.0195755
-0.194236
-4.10642
0.0476782
6.97111e-05
-6.3
-3.79179e-05
0.000163105
-4.20013
-2.41187e-05
0.00099351
-4.20089
0.000288651
0.00519927
-3.40213
0.00182806
0.0486336
-4.19937
0.0150783
0.157474
-4.10617
0.0450909
2.90677e-05
-4.19998
-5.75733e-05
-0.000105715
-4.19999
-0.000204204
-0.000865159
-4.20113
-0.000509467
-0.0137935
-4.19831
-0.00209288
-0.055302
-4.21075
-0.00908485
-0.254168
-4.10344
-0.0288309
0.000350326
-16.8002
-0.000183176
0.00225107
-21.001
-0.000709225
0.0125728
-16.2958
-0.00130168
0.0804612
-10.4728
0.00143277
0.455645
-16.6987
0.0422352
1.23668
-14.3825
0.0848675
-0.00193047
-16.8004
9.96578e-06
-0.00664929
-16.8021
0.000609114
-0.0292315
-13.6492
0.0104411
-0.16942
-20.033
-0.00571552
-0.438278
-16.822
0.0207575
-1.34981
-14.4414
0.135513
-0.000541277
-25.2003
-0.00053247
-0.00213755
-25.2019
-0.00179995
-0.00820251
-28.1272
-0.00605981
-0.0429495
-25.2485
0.00796043
0.0638037
-25.2827
0.0547387
-0.0339862
-16.6451
0.0592997
-0.0012517
-25.2011
0.000366674
-0.00240095
-21.0051
0.00149514
-0.00710604
-25.2246
-0.00102547
-0.0513619
-28.4844
0.0198756
0.092059
-25.2871
0.0226816
0.245397
-22.9223
0.170895
0.14536
-13.0462
0.0282591
0.047024
-6.53122
-0.137798
-0.000313958
-16.8003
-0.000165301
-2.25507
-12.098
-0.316376
-0.070522
-0.658898
0.00657473
1.32878
-7.03711
-0.251465
0.000167349
-14.7001
-0.000149515
0.000764489
-16.8006
-0.000281971
0.00562854
-16.803
-0.000857315
0.0386964
-22.6459
-0.000336831
0.256557
-16.7766
0.0137627
0.807236
-16.3828
0.0846414
-0.00118033
-18.9003
2.65111e-05
-0.00480309
-21.0008
1.92124e-05
-0.0136748
-16.8039
0.00265143
-0.0770485
-16.8095
0.00772427
-0.247918
-16.8706
0.00924727
-0.803611
-16.4237
0.0695836
-0.000297212
-26.25
-0.00036461
-0.000730381
-21.0011
-0.000559382
-0.00370061
-25.2078
-0.00228161
-0.032885
-21.541
-0.015634
-0.00743839
-25.2871
0.00970047
0.192492
-24.9355
0.138207
-0.000867729
-22.0506
0.000159701
-0.00183419
-25.2021
0.000507341
-0.00442784
-25.2115
0.00182932
-0.018822
-22.0892
0.0147288
0.00680169
-25.3374
0.0234844
0.226657
-24.8291
0.0260666
1.05588
-16.3707
-0.0912209
0.00211941
-3.15424
-0.000221206
