0.469272
-16.6716
0.0518835
-0.514885
-25.1037
0.449343
-0.35026
-0.20199
-0.0934926
0.132984
0.0196109
0.0420324
0.49051
-16.4792
0.0734675
-0.520382
-24.7012
0.397357
-0.121953
-0.00551134
0.0581116
0.247893
-0.134709
-0.0981405
1.25602
-32.2676
0.159974
2.22109
-30.5599
0.152383
4.20741
-32.9644
0.0735177
2.88206
-14.2204
0.0672428
3.60945
-11.1814
0.115302
2.34631
-4.39225
0.0655471
-0.779224
-32.5158
0.602776
-1.45756
-30.6685
0.498748
-2.02682
-19.3035
0.190522
-4.69483
-23.6493
-0.366813
-3.77953
-10.8352
-0.482587
-2.67566
-4.17053
-0.807515
1.17496
-32.01
0.307958
2.04616
-30.5711
0.475209
3.45477
-29.68
0.447148
2.77798
-14.4963
0.177268
3.55945
-11.5516
-0.0561807
2.6009
-4.3838
-0.511137
-0.824781
-32.2109
0.430221
-1.66249
-30.6443
0.163497
-2.29072
-19.5865
-0.138523
-4.93773
-24.3478
-0.531153
-3.99693
-11.2891
-0.260527
-1.95712
-3.60755
-0.184136
0.129534
-50.1149
0.448274
1.2923
-1.98452
-0.0109719
0.99741
-33.1356
0.146591
-1.79441
-1.81935
-0.574094
-1.66546
-66.3572
1.08549
0.187552
0.191942
-0.180191
-0.876194
-0.345945
0.186882
0.802538
-0.236619
0.131592
0.0898838
-32.9836
0.303076
1.73064
-2.198
-0.877269
-1.43772
-2.0691
0.129661
0.00925793
0.0512247
-0.0830263
1.02308
-32.7215
0.128432
1.6693
-31.6396
0.181058
2.8279
-28.7841
0.125983
3.62814
-22.8102
0.116762
3.88039
-15.0906
0.130873
3.10818
-7.55095
0.0559017
-0.694179
-32.9422
0.583834
-1.02487
-31.8388
0.595474
-2.02572
-28.6472
0.353863
-3.29398
-22.5695
0.0714123
-3.90636
-14.7852
-0.395369
-3.39034
-7.22355
-0.608714
1.49095
-48.5756
0.330569
1.53702
-31.5367
0.418835
2.55313
-28.8943
0.491803
2.80142
-18.7452
0.230994
3.79196
-15.5321
0.109099
3.07561
-7.70917
-0.256353
-0.696409
-32.5048
0.516051
-1.18871
-31.6774
0.316485
-2.25681
-28.8868
-0.00885072
-3.68467
-23.0851
-0.355162
-4.0642
-15.3501
-0.336648
-3.63856
-7.53033
-0.216118
5.09633
-128.483
0.815469
10.029
-152.518
1.64352
11.7397
-102.257
1.09826
8.89208
-47.7933
0.491057
13.8083
-45.5247
0.323685
9.12058
-15.6576
-0.333257
-3.94511
-129.316
2.00212
-6.82106
-122.295
1.3504
-9.29488
-84.2926
0.303963
-17.5855
-90.8232
-1.65
-14.5765
-44.4389
-1.28484
-9.67828
-17.642
-1.95476
1.08471
-193.077
2.11228
1.67246
-184.425
1.94044
0.929463
-177.731
0.849771
-0.236616
-116.782
0.17785
-1.51386
-68.1097
-0.676604
-2.10015
-17.8754
-0.759769
1.76987
-194.898
2.13803
2.48993
-154.068
1.60296
1.82038
-157.142
0.531376
0.476502
-128.314
-0.294027
-0.523645
-65.3477
-0.80505
-0.939763
-23.7572
-0.938525
-0.506869
-8.32932
-0.317606
0.040654
-3.69316
0.0229098
0.245517
-132.652
1.37137
-8.21654
-9.29611
-0.501579
-0.0718901
0.542454
0.127583
4.28646
-4.9945
-0.773453
3.81328
-113.854
0.512273
6.37829
-126.241
1.11453
10.2866
-115.256
1.20778
17.8171
-124.202
1.12023
14.6517
-61.225
0.580063
12.1
-30.5935
-0.0510978
-3.79571
-147.26
2.41549
-6.59487
-158.528
2.23034
-8.94589
-114.701
0.772364
-13.7782
-91.308
-0.869715
-15.1216
-60.2224
-1.3066
-13.0218
-29.8782
-1.43449
0.448172
-202.804
2.16477
1.48771
-158.87
1.74885
1.55125
-174.444
1.43367
-0.0181413
-118.804
0.0374577
-0.646584
-92.5983
-0.379092
-2.60468
-44.6426
-1.0184
0.994639
-172.559
1.7431
2.33253
-191.189
2.20584
2.71092
-173.422
1.43015
0.797692
-119.637
0.510562
0.0548742
-89.4883
-0.585943
-0.924368
-43.1061
-0.90057
6.03632
-13.3963
-1.01994
1.85362
-18.4362
0.175886
