-4.63491
41.1602
0.376107
7.20506
61.7072
0.234719
0.347223
0.190198
0.0887819
-0.124837
-0.0310222
-0.0367747
-4.64631
40.9292
0.38098
7.18993
61.4078
0.209282
0.113787
-0.00747652
-0.061519
-0.218753
0.0946128
0.109446
-9.17382
65.9621
0.679764
-8.77061
49.4415
0.451035
-9.77659
41.8294
-0.000891835
-4.74644
15.3693
-0.265413
-4.30039
10.1406
-0.0432021
-2.37616
3.38463
0.0280234
9.61549
65.8494
0.28394
9.40683
49.2621
0.295153
6.37134
25.4962
0.361243
8.57657
24.4727
0.220305
5.01838
10.0289
0.315227
2.90025
3.43079
0.733344
-9.24572
65.5007
0.73408
-8.88845
49.0854
0.629461
-9.03289
37.1282
0.480098
-4.80927
15.5085
0.446208
-4.2519
9.91826
0.482456
-2.68581
2.67717
0.760401
9.57122
65.4407
0.22208
9.29459
49.013
0.109213
6.13986
25.2881
-0.0558706
8.40875
24.6309
-0.57785
5.30293
9.80654
-0.31391
2.16385
2.65465
-0.0315112
0.235367
123.452
0.777464
-1.20149
1.37599
0.0548366
-9.2633
82.0933
0.767236
1.81085
1.40812
0.467055
19.0435
164.159
0.589016
-0.228158
-0.247429
0.213492
0.880241
0.310921
-0.252544
-0.760325
0.140421
-0.115473
0.117331
81.8541
0.507536
-1.71583
1.02396
1.08209
1.41346
1.25047
-0.327345
-0.00866643
-0.119821
0.0847773
-9.24699
74.1959
0.730825
-9.01973
57.6932
0.585774
-8.37369
41.3901
0.280974
-7.5253
26.2493
-0.0871922
-5.21666
14.7832
-0.145568
-3.40038
6.35488
0.0614857
9.61706
74.1178
0.286711
9.56257
57.5537
0.29541
9.11099
41.3149
0.312997
7.80241
26.7483
0.456603
5.89589
14.5587
0.225792
4.04669
6.27619
0.459171
-13.9424
110.598
1.14395
-9.12172
57.2388
0.693962
-8.57712
41.0777
0.565832
-6.02826
21.2337
0.336625
-5.18711
14.6952
0.457754
-3.36503
5.94227
0.608889
9.58898
73.703
0.261261
9.44677
57.204
0.170812
9.00068
40.9926
0.030164
7.41828
26.5873
-0.258092
6.0589
14.5069
-0.361259
4.37066
5.93658
-0.242471
-36.6806
262.971
2.78052
-44.1669
246.638
2.6707
-31.0748
129.826
0.993573
-15.8254
52.1644
0.146041
-17.1384
40.3723
0.662652
-9.88274
10.8182
1.17143
37.8694
262.557
0.992983
36.6989
196.651
0.811877
26.616
110.053
0.961739
31.3486
93.6761
-1.19366
19.9678
39.9424
-0.122032
10.9189
13.9177
1.43239
0.80712
392.729
2.76446
1.18145
294.046
2.02994
1.54421
222.164
0.994414
1.09436
119.862
0.884029
3.42319
57.7497
0.375614
2.64784
11.3392
0.624231
1.41455
395.269
2.85785
1.88234
246.198
1.85971
2.21327
201.206
0.528798
0.414987
132.745
0.549278
1.77753
58.6715
0.64396
1.30467
17.9216
0.935665
0.490279
5.55622
0.378952
-0.0160954
1.31048
0.0524852
0.497052
328.34
2.10899
8.68929
6.41315
-0.107685
-0.0881074
-0.935263
-0.152839
-4.35594
2.76897
1.15913
-32.3231
258.915
2.58054
-36.1722
229.924
2.52471
-33.8099
165.088
1.59514
-40.5766
141.538
0.698321
-20.593
59.5895
0.251578
-13.8663
24.6977
1.10354
42.8054
332.526
1.22792
46.6845
286.897
1.1383
35.3775
164.897
0.747228
29.327
106.411
-0.165933
23.349
58.3285
-0.321035
16.1634
24.8265
0.339768
0.641393
460.726
3.11942
0.93766
285.708
2.07592
1.45687
245.571
1.58826
0.146267
134.599
-0.230209
2.83036
86.276
0.136348
4.05215
33.7301
0.872176
1.01999
389.258
2.66324
1.74125
345.477
2.5547
2.43563
247.283
1.61402
1.12523
138.91
1.04869
1.67371
85.9413
0.476917
1.71085
35.9156
0.796253
-6.42593
7.48013
1.76671
-4.3388
21.8767
0.158712
