-4.83415
42.5506
0.241889
7.49684
63.791
0.200984
0.350584
0.191266
0.0911977
-0.128563
-0.0318257
-0.0389397
-4.84998
42.43
0.247598
7.47365
63.6594
0.174156
0.117011
-0.00718715
-0.0636143
-0.219102
0.0946783
0.110456
-9.56542
68.0592
0.402466
-9.13588
50.8601
0.168239
-10.1648
42.8251
-0.345393
-4.91776
15.6503
-0.451657
-4.43649
10.2438
-0.208593
-2.44659
3.3818
-0.0496599
10.0031
67.9392
0.225419
9.77299
50.672
0.221031
6.59697
26.1197
0.306405
8.82868
24.8855
0.116058
5.12646
10.1359
0.254395
2.9387
3.43355
0.715044
-9.64757
67.8133
0.461736
-9.25757
50.7014
0.360214
-9.37283
38.2071
0.202847
-4.96132
15.8998
0.29714
-4.34199
10.108
0.340232
-2.71305
2.70205
0.697815
9.95049
67.7444
0.158859
9.66091
50.6154
0.0226034
6.36729
26.0298
-0.135484
8.69088
25.212
-0.722333
5.46678
9.98694
-0.397073
2.22688
2.69503
-0.0567908
0.226383
127.621
0.541279
-1.23753
1.36548
0.0189442
-9.66468
84.9851
0.500408
1.82936
1.39929
0.459059
19.8029
169.941
0.495843
-0.246734
-0.259842
0.212224
0.894264
0.314193
-0.253936
-0.772497
0.142883
-0.119032
0.101115
84.855
0.350154
-1.72393
1.02545
1.05562
1.45374
1.26599
-0.349126
-0.0027287
-0.122714
0.082887
-9.64367
76.6376
0.458069
-9.40101
59.4472
0.304862
-8.71546
42.4904
0.000960457
-7.8152
26.7996
-0.350529
-5.39102
14.9935
-0.351895
-3.50418
6.39009
-0.0590154
10.0063
76.5543
0.235505
9.94327
59.2996
0.228944
9.45316
42.4138
0.233885
8.05929
27.3221
0.38666
6.04559
14.7652
0.150426
4.11753
6.31639
0.417823
-14.5529
114.59
0.739145
-9.51143
59.1999
0.421878
-8.91894
42.3617
0.305853
-6.24053
21.8042
0.147609
-5.32463
15.0198
0.282408
-3.41834
6.03652
0.508196
9.96847
76.3598
0.208317
9.82108
59.1543
0.0958065
9.351
42.2628
-0.0663336
7.67851
27.3044
-0.369902
6.25462
14.8146
-0.462035
4.49971
6.02893
-0.302974
-38.2564
271.795
1.67706
-46.008
254.239
1.28289
-32.2889
133.28
-0.0215255
-16.3711
53.3216
-0.418177
-17.6074
40.9698
0.0371186
-10.1067
10.8507
0.918673
39.3725
271.351
0.744531
38.1185
202.696
0.48415
27.5707
113.015
0.683712
32.3392
95.6177
-1.69756
20.4989
40.5457
-0.413524
11.1637
14.0262
1.34306
0.73382
406.569
1.75527
1.18095
303.677
0.961072
1.61856
228.584
-0.19801
1.16262
122.752
-0.0051766
3.64166
58.7915
-0.289892
2.81042
11.4564
0.412873
1.40853
407.818
1.8503
1.90294
253.234
0.972832
2.19535
206.023
-0.5722
0.284061
134.993
-0.529449
1.6943
59.224
-0.0381089
1.19571
17.8404
0.627293
0.398348
5.45754
0.257055
0.0273591
1.30167
-0.0142287
0.449612
339.904
1.48398
8.8692
6.4058
-0.163581
-0.0865897
-0.963359
-0.144575
-4.43672
2.75537
1.08107
-33.7195
267.849
1.62881
-37.7078
237.361
1.41316
-35.1797
169.869
0.504842
-42.1037
144.917
-0.647648
-21.2189
60.6892
-0.533326
-14.2105
24.9597
0.655154
44.5124
343.987
0.991003
48.5179
296.15
0.774703
36.7083
169.668
0.392339
30.31
108.979
-0.567981
24.0294
59.3906
-0.678082
16.5539
25.1123
0.138246
0.53854
477.346
2.10676
0.909653
295.464
1.20944
1.49995
253.185
0.512606
0.161993
138.195
-1.12644
3.00854
88.1024
-0.684208
4.29455
34.2151
0.396777
1.00148
402.06
1.81238
1.75061
355.955
1.51224
2.45483
253.824
0.530902
1.0551
141.83
0.181659
1.60594
87.0896
-0.359038
1.61266
36.0693
0.293729
-6.49341
7.48643
1.56332
-4.49911
22.4659
-0.0138504
