-4.92449
43.1878
0.165679
7.62311
64.7462
0.193843
0.352815
0.192114
0.0927295
-0.130749
-0.0322112
-0.0401963
-4.94269
43.1381
0.171802
7.59559
64.7216
0.166555
0.118876
-0.00693542
-0.0646978
-0.219956
0.0953237
0.111028
-9.74351
69.0318
0.245969
-9.30389
51.5342
0.0112335
-10.3484
43.3233
-0.531442
-5.00182
15.8032
-0.550437
-4.50899
10.3146
-0.297723
-2.4868
3.39075
-0.0923102
10.1707
68.909
0.208697
9.93174
51.3429
0.195602
6.6963
26.4289
0.286474
8.94415
25.1167
0.0774276
5.17995
10.2071
0.232078
2.961
3.44304
0.710875
-9.8306
68.9246
0.30735
-9.42663
51.5029
0.208872
-9.53068
38.7754
0.0494068
-5.03532
16.1222
0.214033
-4.39146
10.2383
0.261752
-2.73148
2.73609
0.663695
10.114
68.8513
0.140345
9.82077
51.41
-0.00762235
6.46928
26.4174
-0.16536
8.82284
25.552
-0.777241
5.54827
10.1104
-0.428827
2.26062
2.72951
-0.0654743
0.21635
129.533
0.419483
-1.25883
1.36565
-0.000807969
-9.84707
86.3308
0.34873
1.8415
1.39854
0.458304
20.1311
172.631
0.475504
-0.256573
-0.266613
0.211407
0.902647
0.316387
-0.254152
-0.780515
0.145405
-0.121456
0.0890229
86.2709
0.269118
-1.73111
1.03973
1.04167
1.47653
1.28377
-0.357422
0.000194551
-0.123688
0.082121
-9.82366
77.7621
0.303478
-9.57521
60.2687
0.147457
-8.87448
43.0238
-0.152831
-7.95289
27.0871
-0.492327
-5.48033
15.1188
-0.462311
-3.56144
6.42318
-0.124548
10.1747
77.6768
0.222795
10.108
60.118
0.20775
9.60213
42.9467
0.205527
8.17413
27.618
0.36167
6.11667
14.8881
0.122281
4.15477
6.35001
0.403839
-14.8308
116.488
0.509106
-9.68924
60.1555
0.268153
-9.07622
43.0143
0.16043
-6.34065
22.1175
0.0430931
-5.39557
15.2208
0.185548
-3.45007
6.11233
0.452435
10.1317
77.6231
0.195002
9.98342
60.1041
0.071393
9.50535
42.9082
-0.101379
7.79768
27.6955
-0.412005
6.34872
15.0061
-0.500665
4.56642
6.10151
-0.325333
-38.9739
275.964
1.05358
-46.8523
257.934
0.508285
-32.856
135.055
-0.577918
-16.6368
53.963
-0.723556
-17.8574
41.3776
-0.303769
-10.2352
10.9238
0.777429
40.0229
275.508
0.671595
38.7367
205.637
0.369412
27.9949
114.527
0.580583
32.7992
96.73
-1.88917
20.7599
40.9515
-0.524374
11.2957
14.1325
1.31729
0.67317
413.22
1.23629
1.15627
308.455
0.417581
1.63252
231.964
-0.794186
1.17911
124.428
-0.444871
3.73488
59.5224
-0.615244
2.89103
11.599
0.312491
1.37973
413.64
1.33103
1.88721
256.583
0.519466
2.15726
208.429
-1.12145
0.203112
136.251
-1.06538
1.6387
59.615
-0.375045
1.13493
17.854
0.475348
0.349652
5.42919
0.195624
0.0486691
1.32252
-0.0473059
0.410925
345.286
1.16144
8.97059
6.43336
-0.178528
-0.0845912
-0.975817
-0.139523
-4.48539
2.77242
1.03688
-34.3544
272.033
1.08917
-38.4089
240.918
0.788248
-35.8134
172.246
-0.0983584
-42.8246
146.732
-1.37951
-21.5385
61.3547
-0.958003
-14.4013
25.1795
0.408051
45.2504
349.356
0.931123
49.3136
300.578
0.655653
37.2915
172.04
0.262983
30.7563
110.347
-0.718612
24.3534
60.0378
-0.814918
16.7533
25.3376
0.0653148
0.463055
485.249
1.58471
0.874497
300.219
0.765404
1.4974
257.059
-0.0306779
0.158667
140.168
-1.56698
3.07668
89.2498
-1.08652
4.407
34.6247
0.165817
0.971302
407.958
1.37313
1.72722
360.866
0.977287
2.43287
257.001
-0.0175415
1.00089
143.346
-0.252002
1.55491
87.7914
-0.772497
1.55342
36.2346
0.0456414
-6.5385
7.55613
1.45333
-4.57471
22.7809
-0.106665
