-5.08545
44.344
-0.00413519
7.83521
66.4801
0.196214
0.358496
0.194513
0.0964469
-0.135765
-0.0329535
-0.0430349
-5.10827
44.4648
0.00279405
7.79911
66.7115
0.16849
0.123118
-0.00622544
-0.0669403
-0.223097
0.0978601
0.112345
-10.0621
70.8238
-0.100349
-9.6089
52.8145
-0.330948
-10.693
44.3259
-0.926813
-5.16636
16.1372
-0.756631
-4.66282
10.4983
-0.486017
-2.57718
3.431
-0.183695
10.4521
70.6973
0.197462
10.1992
52.6189
0.166109
6.86747
27.0452
0.260874
9.15418
25.6349
0.0271356
5.28665
10.3881
0.204142
3.01258
3.47986
0.713014
-10.1577
71.0507
-0.0355575
-9.73111
53.0905
-0.124405
-9.82015
39.97
-0.283596
-5.17869
16.6215
0.0330548
-4.4994
10.571
0.0927251
-2.77855
2.84767
0.591383
10.3881
70.9696
0.126685
10.0934
52.9837
-0.0436876
6.64984
27.2261
-0.20575
9.06918
26.333
-0.852186
5.71085
10.4251
-0.472204
2.33273
2.82743
-0.0746877
0.185738
133.001
0.166919
-1.30795
1.37761
-0.0431674
-10.1725
88.8142
0.0104384
1.87215
1.40518
0.463605
20.6821
177.597
0.47989
-0.277172
-0.281198
0.209563
0.922368
0.322009
-0.253738
-0.800529
0.153019
-0.127552
0.0581512
88.9237
0.101299
-1.75229
1.09542
1.01341
1.52749
1.33949
-0.368738
0.00587911
-0.124723
0.0810069
-10.1447
79.8155
-0.0401326
-9.88867
61.8016
-0.198535
-9.1673
44.0608
-0.484696
-8.21282
27.6914
-0.792574
-5.66305
15.4144
-0.694379
-3.68668
6.5229
-0.263925
10.4574
79.7277
0.219848
10.3846
61.6465
0.187038
9.85474
43.9829
0.169822
8.37633
28.2324
0.331083
6.25186
15.1774
0.0853867
4.23379
6.44676
0.389799
-15.327
120.077
-0.00332083
-10.0078
62.012
-0.0720837
-9.36124
44.3398
-0.158258
-6.52778
22.8009
-0.183285
-5.54154
15.7016
-0.0235411
-3.52408
6.32201
0.332228
10.4046
80.0117
0.191378
10.2578
61.9491
0.0464305
9.77203
44.2191
-0.146293
8.01449
28.5438
-0.46882
6.52991
15.4658
-0.554023
4.70464
6.30037
-0.353846
-40.2577
283.804
-0.327542
-48.3773
265.109
-1.18757
-33.9043
138.71
-1.77552
-17.152
55.3783
-1.37243
-18.388
42.4202
-1.03061
-10.5261
11.1875
0.470871
41.1172
283.33
0.616976
39.7865
211.358
0.230951
28.7361
117.618
0.443392
33.6502
99.2523
-2.15099
21.2753
41.9803
-0.674226
11.5806
14.4535
1.30506
0.511079
425.947
0.167936
1.06405
317.922
-0.684394
1.61915
239.07
-1.97819
1.18073
128.252
-1.30518
3.89067
61.411
-1.24201
3.05067
12.0538
0.125855
1.27216
424.374
0.260004
1.80454
262.956
-0.404327
2.02433
213.264
-2.20948
0.0126004
139.064
-2.11845
1.50191
60.6471
-1.03077
1.00325
17.9998
0.181843
0.248519
5.41854
0.0744605
0.0900246
1.41479
-0.111784
0.306944
355.219
0.492052
9.19788
6.5537
-0.181803
-0.0781369
-0.997642
-0.127743
-4.59988
2.85519
0.94048
-35.4881
279.815
-0.110716
-39.6678
247.702
-0.589172
-36.9708
176.98
-1.40812
-44.1743
150.629
-2.94232
-22.1897
62.9274
-1.85905
-14.8208
25.8032
-0.123087
46.4902
359.35
0.913676
50.658
309.028
0.5314
38.291
176.763
0.0953108
31.5589
113.262
-0.920237
24.9708
61.5754
-1.00366
17.163
25.9589
-0.0229128
0.271954
500.191
0.504995
0.767344
309.463
-0.143631
1.44939
264.936
-1.12278
0.13356
144.472
-2.42525
3.17346
92.0218
-1.8653
4.61491
35.7829
-0.275244
0.870761
418.731
0.463554
1.62566
370.037
-0.119135
2.32691
263.186
-1.1225
0.855964
146.517
-1.11179
1.42054
89.476
-1.57971
1.4172
36.7572
-0.435887
-6.65258
7.83043
1.22161
-4.71585
23.4526
-0.303239
