-5.21913
45.3423
-0.19544
7.99292
67.9779
0.216279
0.365886
0.197913
0.101012
-0.141602
-0.0336622
-0.0462657
-5.24573
45.667
-0.187757
7.94939
68.5145
0.188764
0.128028
-0.00525641
-0.0692852
-0.228172
0.102027
0.113926
-10.3286
72.4133
-0.486657
-9.87092
54.0072
-0.705548
-11.0059
45.3419
-1.34671
-5.32553
16.5113
-0.970647
-4.82779
10.7402
-0.683877
-2.68032
3.50209
-0.281146
10.661
72.2855
0.211095
10.3996
53.8104
0.1618
7.00216
27.6616
0.252792
9.33717
26.2317
0.0116044
5.39382
10.623
0.198283
3.0741
3.5417
0.729206
-10.4298
73.0408
-0.419627
-9.98808
54.6523
-0.493515
-10.0726
41.2383
-0.645907
-5.31508
17.1914
-0.164108
-4.61897
10.9978
-0.0887407
-2.83944
3.01581
0.515605
10.5922
72.9526
0.139464
10.3037
54.5318
-0.0504833
6.79978
28.0772
-0.221719
9.29319
27.2462
-0.881829
5.87339
10.8288
-0.489077
2.41105
2.96315
-0.0731373
0.142161
135.996
-0.0995582
-1.36543
1.4055
-0.0883339
-10.4428
91.0153
-0.371064
1.91167
1.42333
0.478035
21.0929
181.999
0.532379
-0.298733
-0.297012
0.207634
0.946148
0.329366
-0.252362
-0.825804
0.163932
-0.13521
0.0204039
91.3277
-0.0755094
-1.78292
1.18624
0.985882
1.58555
1.42147
-0.37317
0.0112761
-0.124614
0.0804966
-10.4117
81.6084
-0.425698
-10.1538
63.1899
-0.581262
-9.42506
45.0617
-0.843663
-8.45114
28.3385
-1.10979
-5.85056
15.7726
-0.936996
-3.82557
6.66896
-0.411385
10.6674
81.52
0.241456
10.5903
63.0333
0.191204
10.0468
44.9834
0.159517
8.54234
28.8807
0.324791
6.37857
15.5277
0.073858
4.31967
6.58454
0.3943
-15.7387
123.375
-0.579705
-10.2741
63.7896
-0.451325
-9.6046
45.688
-0.509032
-6.69625
23.558
-0.428747
-5.69225
16.2853
-0.248898
-3.6121
6.60744
0.203287
10.6067
82.2073
0.21302
10.4658
63.7149
0.0493026
9.98334
45.5527
-0.160193
8.20352
29.478
-0.4905
6.70247
16.0263
-0.576086
4.84945
6.56959
-0.361004
-41.3299
290.966
-1.86987
-49.6733
271.994
-3.05353
-34.8317
142.507
-3.06628
-17.6432
56.9714
-2.06016
-18.9575
43.7659
-1.80243
-10.8612
11.6071
0.139735
41.9365
290.483
0.665226
40.5886
216.857
0.200919
29.3363
120.802
0.392062
34.4123
102.174
-2.2552
21.7846
43.2995
-0.729148
11.8947
14.9195
1.3451
0.306147
437.864
-0.942111
0.924348
327.24
-1.8015
1.55905
246.614
-3.14077
1.14674
132.693
-2.12973
4.00844
63.859
-1.82729
3.20799
12.7295
-0.0386371
1.10195
433.905
-0.85526
1.65678
268.91
-1.34641
1.82028
218.152
-3.27366
-0.211448
142.301
-3.13267
1.3352
62.0263
-1.65143
0.861591
18.3105
-0.0916032
0.144681
5.47241
-0.0415276
0.129266
1.57254
-0.172889
0.173064
364.023
-0.215095
9.45863
6.76159
-0.150174
-0.0685135
-1.01554
-0.114017
-4.7371
3.00194
0.836329
-36.4313
286.803
-1.45767
-40.7263
254.038
-2.11751
-37.9738
181.686
-2.83492
-45.3938
154.886
-4.60975
-22.8541
64.8242
-2.81144
-15.2891
26.6721
-0.691553
47.4156
368.329
1.00837
51.6739
316.926
0.539155
39.0696
181.458
0.0388901
32.2442
116.42
-0.994565
25.5506
63.4388
-1.08105
17.5893
26.8084
-0.034717
0.0399885
513.927
-0.626967
0.619973
318.321
-1.07894
1.35272
272.962
-2.2149
0.0896599
149.237
-3.24441
3.22214
95.4186
-2.59898
4.80137
37.3847
-0.681035
0.720296
428.143
-0.491259
1.45485
378.356
-1.2486
2.14222
269.172
-2.23031
0.666493
149.891
-1.9521
1.24717
91.553
-2.34874
1.2614
37.5459
-0.888999
-6.79872
8.28126
0.980211
-4.84248
24.1789
-0.511278
