-5.36771
46.5506
-0.516562
8.13
69.7926
0.265854
0.380183
0.204928
0.109297
-0.151732
-0.0346707
-0.0517093
-5.39667
47.2289
-0.507904
8.0803
70.8562
0.2398
0.136546
-0.00337617
-0.0729891
-0.239256
0.111101
0.116838
-10.6292
74.4296
-1.12609
-10.1816
55.6411
-1.31197
-11.4128
46.8967
-2.00386
-5.55226
17.1487
-1.29658
-5.09281
11.2114
-0.988798
-2.85625
3.66607
-0.433468
10.842
74.3046
0.263496
10.5784
55.4477
0.191919
7.13851
28.5903
0.268127
9.56436
27.2754
0.0469757
5.55688
11.076
0.227882
3.18529
3.68185
0.778287
-10.7298
75.753
-1.05804
-10.2803
56.9281
-1.09831
-10.3785
43.2579
-1.22778
-5.50444
18.1659
-0.480303
-4.81754
11.7999
-0.374716
-2.9555
3.36525
0.400043
10.774
75.6564
0.193481
10.5084
56.7884
-0.0166124
6.97056
29.42
-0.205563
9.59074
28.8428
-0.848684
6.11747
11.5886
-0.468368
2.53937
3.23198
-0.0521372
0.0562119
139.623
-0.529915
-1.46559
1.47682
-0.158815
-10.7416
93.7863
-1.01215
1.98755
1.47262
0.515813
21.4563
187.542
0.664805
-0.332131
-0.322486
0.205013
0.989254
0.343697
-0.248971
-0.87291
0.185869
-0.149234
-0.0430394
94.4511
-0.360712
-1.84624
1.38253
0.948378
1.68494
1.58966
-0.368048
0.0187109
-0.122568
0.0808912
-10.7095
83.8226
-1.06897
-10.4591
65.0122
-1.20838
-9.74392
46.5019
-1.41694
-8.76599
29.3914
-1.6028
-6.13773
16.4271
-1.30913
-4.05626
6.97411
-0.640073
10.8494
83.7369
0.303303
10.7696
64.8582
0.2315
10.2255
46.4237
0.182844
8.72678
29.9196
0.35458
6.55472
16.1675
0.100154
4.46216
6.86804
0.433518
-16.1906
127.754
-1.54371
-10.5708
66.2895
-1.07764
-9.88807
47.7345
-1.07956
-6.91174
24.8165
-0.820989
-5.9242
17.3373
-0.606001
-3.76847
7.16608
0.000715463
10.784
85.1221
0.276191
10.6595
66.1979
0.0930665
10.2016
47.5782
-0.132053
8.43854
31.0222
-0.463866
6.94667
17.0409
-0.555106
5.07835
7.09541
-0.334693
-42.5284
300.426
-4.42579
-51.1733
281.755
-6.09017
-35.9857
148.438
-5.1183
-18.3277
59.6741
-3.13202
-19.8729
46.3226
-3.00515
-11.4386
12.5125
-0.383963
42.67
299.945
0.872028
41.3465
224.673
0.316884
29.9855
125.729
0.452606
35.4009
107.265
-2.142
22.5417
45.7943
-0.646288
12.4194
15.8772
1.49635
-0.0470667
454.111
-2.68541
0.654977
340.831
-3.491
1.40611
258.63
-4.82034
1.04754
140.406
-3.27905
4.1239
68.499
-2.61069
3.43911
14.1239
-0.23947
0.744212
446.015
-2.61038
1.32705
277.102
-2.78029
1.39918
225.611
-4.80207
-0.594924
147.953
-4.55207
1.04235
64.7427
-2.49606
0.639814
19.0871
-0.453169
-0.0104432
5.67589
-0.20027
0.183456
1.92128
-0.256318
-0.0667293
375.107
-1.35902
9.91033
7.23089
-0.0428991
-0.0486434
-1.03568
-0.0907203
-4.98263
3.33401
0.672786
-37.4774
295.787
-3.70596
-41.9258
262.687
-4.62962
-39.1773
188.665
-5.13061
-46.9648
161.901
-7.22917
-23.8639
68.2439
-4.28985
-16.0727
28.4102
-1.58365
48.2367
379.889
1.28604
52.6066
327.721
0.735722
39.8421
188.421
0.127569
33.0657
121.582
-0.893224
26.3567
66.8124
-1.00483
18.2618
28.4884
0.0808755
-0.347185
532.16
-2.43247
0.350555
330.795
-2.52444
1.14252
285.172
-3.83381
0.00473211
157.161
-4.38221
3.2201
101.591
-3.59533
5.04539
40.555
-1.21145
0.414078
439.78
-2.01585
1.08424
389.299
-2.99566
1.73504
277.817
-3.87641
0.313789
155.348
-3.15485
0.928147
95.4027
-3.40713
1.00275
39.2255
-1.49905
-7.07458
9.26405
0.613666
-5.00307
25.3589
-0.835994
