-5.40363
46.8796
-0.630981
8.15054
70.2872
0.284141
0.38576
0.207759
0.112388
-0.155422
-0.0349929
-0.0536464
-5.43209
47.6844
-0.622052
8.10075
71.539
0.258856
0.139657
-0.00265238
-0.0742697
-0.243797
0.114794
0.11795
-10.7034
75.008
-1.35117
-10.2634
56.1461
-1.52178
-11.5314
47.4226
-2.22568
-5.62413
17.3803
-1.40434
-5.18474
11.3958
-1.09044
-2.91966
3.73525
-0.484726
10.8689
74.8852
0.285744
10.6073
55.9553
0.208911
7.16756
28.9007
0.279036
9.62845
27.6606
0.0722166
5.61195
11.2524
0.24677
3.22714
3.74076
0.800531
-10.8007
76.5808
-1.2834
-10.3527
57.6637
-1.30931
-10.4607
43.9549
-1.42784
-5.56303
18.518
-0.588782
-4.88793
12.1053
-0.471567
-3.00016
3.50461
0.361942
10.804
76.4821
0.217
10.5493
57.5182
0.00350759
7.01414
29.8805
-0.191201
9.68049
29.4274
-0.8195
6.19878
11.8782
-0.450612
2.58468
3.33699
-0.0407528
0.0230729
140.611
-0.6824
-1.50214
1.50805
-0.182482
-10.8129
94.571
-1.24074
2.017
1.49479
0.532251
21.5144
189.112
0.714108
-0.343366
-0.331291
0.204292
1.00546
0.349321
-0.2476
-0.890794
0.194469
-0.154468
-0.0645288
95.3621
-0.461711
-1.87167
1.46205
0.937288
1.72097
1.6564
-0.363608
0.0209985
-0.121456
0.0813188
-10.7819
84.4395
-1.29691
-10.5366
65.5534
-1.42735
-9.83209
46.9664
-1.61329
-8.85926
29.7629
-1.76828
-6.23406
16.6748
-1.43278
-4.13804
7.09753
-0.716619
10.8765
84.3557
0.327571
10.7967
65.4015
0.250765
10.2576
46.8883
0.198549
8.77221
30.2826
0.373071
6.61011
16.4096
0.119072
4.51317
6.98203
0.454255
-16.2966
129.057
-1.88587
-10.6421
67.074
-1.29751
-9.9606
48.4171
-1.27749
-6.97334
25.2634
-0.955286
-6.00216
17.729
-0.727476
-3.82628
7.38298
-0.0676735
10.8121
85.9903
0.301215
10.6949
66.9771
0.114843
10.25
48.2543
-0.1122
8.50497
31.5687
-0.441403
7.02442
17.4198
-0.535398
5.15734
7.29953
-0.317209
-42.8189
303.239
-5.32617
-51.5549
284.849
-7.14454
-36.3062
150.464
-5.81869
-18.5404
60.6488
-3.49247
-20.1904
47.3046
-3.40929
-11.6482
12.8812
-0.561537
42.791
302.763
0.961857
41.4883
227.157
0.387191
30.1396
127.401
0.502646
35.6922
109.131
-2.04147
22.7926
46.7504
-0.579707
12.6074
16.2595
1.56821
-0.168572
459.073
-3.2867
0.556481
345.227
-4.05427
1.34451
262.779
-5.35835
1.00614
143.22
-3.63567
4.14879
70.2736
-2.84459
3.51473
14.6786
-0.294069
0.601949
449.496
-3.21647
1.19256
279.644
-3.26041
1.23355
228.128
-5.28898
-0.731334
150.037
-4.99307
0.936691
65.8115
-2.75161
0.565505
19.4255
-0.559362
-0.0607848
5.77548
-0.248307
0.200193
2.06389
-0.28172
-0.152798
378.247
-1.76486
10.0756
7.42606
0.00670342
-0.0407368
-1.04079
-0.0824818
-5.07385
3.47156
0.617842
-37.7281
298.387
-4.50289
-42.2223
265.34
-5.50865
-39.4977
190.96
-5.92104
-47.4177
164.385
-8.11525
-24.2004
69.5216
-4.78542
-16.3518
29.0947
-1.88474
48.369
383.24
1.39587
52.7701
331.036
0.834301
40.0013
190.711
0.193533
33.2885
123.401
-0.810963
26.61
68.0759
-0.934308
18.4943
29.1467
0.150821
-0.477641
537.591
-3.06441
0.254574
334.714
-3.01561
1.06158
289.252
-4.36406
-0.0249304
159.975
-4.73445
3.20341
103.901
-3.89702
5.11847
41.7931
-1.36619
0.294148
443.026
-2.54976
0.934764
392.556
-3.58945
1.56995
280.612
-4.41626
0.182131
157.267
-3.53644
0.809868
96.8708
-3.73092
0.912673
39.9112
-1.68163
-7.18003
9.66462
0.49301
-5.04845
25.7721
-0.9455
