-5.45607
47.4341
-0.867888
8.15703
71.1217
0.31801
0.398
0.214099
0.118957
-0.16317
-0.0356147
-0.0576429
-5.48105
48.4984
-0.858513
8.1109
72.7589
0.294628
0.146215
-0.00108854
-0.0768902
-0.25397
0.123012
0.120373
-10.8146
76.0332
-1.81242
-10.3956
57.0996
-1.94614
-11.7428
48.4822
-2.66658
-5.7615
17.8686
-1.61534
-5.37193
11.801
-1.2906
-3.05193
3.89334
-0.58629
10.8767
75.9162
0.331455
10.6233
56.9155
0.248699
7.20332
29.5214
0.306884
9.74079
28.4805
0.138664
5.72295
11.6393
0.295584
3.3172
3.8754
0.852282
-10.8997
78.1178
-1.74615
-10.4604
59.091
-1.73851
-10.5961
45.3704
-1.83059
-5.67269
19.2536
-0.806723
-5.03315
12.7626
-0.664411
-3.09699
3.8118
0.287598
10.8233
78.0161
0.266247
10.5943
58.9351
0.0520724
7.08328
30.8121
-0.152146
9.84705
30.6591
-0.738916
6.36081
12.5024
-0.40168
2.67834
3.56614
-0.0126064
-0.0482907
142.277
-1.00184
-1.57899
1.58066
-0.229277
-10.9144
95.9399
-1.7143
2.0814
1.5472
0.569912
21.5454
191.851
0.806147
-0.365718
-0.349107
0.203176
1.04028
0.361733
-0.244672
-0.92928
0.213232
-0.165563
-0.105802
96.9902
-0.673263
-1.92822
1.63857
0.917628
1.79658
1.8032
-0.351415
0.0252812
-0.118712
0.0825741
-10.8883
85.5033
-1.76661
-10.6568
66.5423
-1.8733
-9.98184
47.8718
-2.00757
-9.02807
30.532
-2.09577
-6.42589
17.2093
-1.67576
-4.30687
7.37362
-0.867759
10.8844
85.4244
0.374967
10.8064
66.3962
0.292802
10.2843
47.7941
0.237749
8.84118
31.0297
0.419457
6.7163
16.9321
0.169207
4.61986
7.23646
0.505145
-16.4429
131.429
-2.59171
-10.744
68.5629
-1.74695
-10.0733
49.7717
-1.67841
-7.08102
26.1871
-1.22476
-6.15738
18.5618
-0.970128
-3.94871
7.85475
-0.203485
10.8274
87.5705
0.350543
10.7268
68.4566
0.163718
10.3138
49.5969
-0.061311
8.62168
32.6963
-0.380238
7.17467
18.2271
-0.480296
5.31832
7.74372
-0.271513
-43.2418
308.364
-7.17239
-52.1451
290.782
-9.28213
-36.8515
154.561
-7.2214
-18.9401
62.6875
-4.20686
-20.8366
49.4336
-4.20962
-12.0873
13.7047
-0.915129
42.8658
307.904
1.14894
41.6221
231.926
0.556443
30.3636
130.767
0.635395
36.2226
113.071
-1.7639
23.2913
48.8215
-0.398525
12.9998
17.1059
1.73809
-0.404452
468.29
-4.51761
0.357595
353.766
-5.17564
1.21478
271.206
-6.39602
0.917841
149.133
-4.30661
4.1827
74.1044
-3.27087
3.66356
15.8998
-0.385687
0.29031
455.674
-4.45791
0.894369
284.456
-4.21874
0.873791
233.194
-6.22373
-1.01062
154.472
-5.82203
0.718544
68.1684
-3.22157
0.419225
20.2119
-0.749642
-0.157827
6.01913
-0.3364
0.231651
2.38193
-0.328852
-0.327592
383.725
-2.61581
10.425
7.86738
0.122513
-0.0233184
-1.0489
-0.0656994
-5.26784
3.78097
0.509435
-38.0875
303.016
-6.14548
-42.665
270.297
-7.30134
-40.0195
195.48
-7.5138
-48.2165
169.525
-9.8785
-24.8669
72.2499
-5.76529
-16.9297
30.5983
-2.48271
48.4424
389.21
1.61164
52.898
337.238
1.05456
40.1869
195.221
0.363146
33.6648
127.152
-0.589227
27.0947
70.7777
-0.737928
18.9693
30.5895
0.329339
-0.7271
547.473
-4.37429
0.063688
342.159
-4.00849
0.893477
297.36
-5.40468
-0.0808606
165.793
-5.39611
3.15258
108.826
-4.45328
5.25423
44.4953
-1.64278
0.0336051
448.63
-3.65664
0.604926
398.519
-4.7896
1.20521
286.073
-5.47624
-0.0953783
161.231
-4.26622
0.561515
100.053
-4.33196
0.73083
41.4528
-2.0143
-7.40767
10.558
0.257543
-5.12679
26.6196
-1.16321
