-5.47309
47.6626
-0.989287
8.14433
71.4661
0.331817
0.404601
0.217576
0.122395
-0.167191
-0.035913
-0.0596803
-5.49493
48.8577
-0.979741
8.10221
73.2972
0.309547
0.149633
-0.000259316
-0.0782254
-0.259529
0.127471
0.121675
-10.8526
76.4833
-2.04621
-10.4465
57.5486
-2.15838
-11.8358
49.0141
-2.88339
-5.82674
18.1235
-1.71757
-5.4664
12.0199
-1.38811
-3.12014
3.98136
-0.636046
10.8595
76.37
0.352894
10.612
57.3687
0.269863
7.21094
29.8306
0.322846
9.78958
28.912
0.178247
5.77871
11.848
0.324522
3.365
3.95045
0.881161
-10.9285
78.826
-1.98112
-10.4963
59.7793
-1.95431
-10.6495
46.083
-2.03107
-5.72354
19.6333
-0.914965
-5.10725
13.1104
-0.759373
-3.14859
3.97735
0.251731
10.8147
78.7235
0.289904
10.6001
59.619
0.0787587
7.10963
31.2796
-0.128633
9.92425
31.2997
-0.689456
6.44129
12.8331
-0.371624
2.72636
3.68874
0.00368917
-0.0859382
142.964
-1.16895
-1.61889
1.62159
-0.252143
-10.9455
96.5278
-1.95708
2.11602
1.57716
0.590743
21.5221
193.028
0.844132
-0.376744
-0.358021
0.202805
1.05873
0.36847
-0.24317
-0.949661
0.223257
-0.171344
-0.124881
97.7088
-0.783943
-1.95898
1.73417
0.90915
1.83585
1.88223
-0.343959
0.0272773
-0.117124
0.0833817
-10.9233
85.955
-2.00606
-10.7003
66.992
-2.09789
-10.0438
48.3122
-2.20336
-9.10362
30.9273
-2.25609
-6.52072
17.4939
-1.79389
-4.39314
7.52482
-0.941568
10.8671
85.879
0.395878
10.7906
66.8496
0.313763
10.2805
48.2347
0.259764
8.86559
31.4119
0.446071
6.76717
17.2104
0.199274
4.67519
7.37562
0.53447
-16.4843
132.498
-2.95192
-10.7753
69.265
-1.97406
-10.1139
50.4393
-1.87915
-7.12713
26.6597
-1.35845
-6.23399
18.9982
-1.09
-4.01264
8.10645
-0.270175
10.8167
88.2827
0.372604
10.7251
69.1545
0.188914
10.3308
50.2593
-0.0319339
8.67258
33.2723
-0.343124
7.24717
18.651
-0.446229
5.39986
7.98088
-0.244214
-43.3774
310.681
-8.10864
-52.3568
293.615
-10.3535
-37.0773
156.618
-7.91615
-19.1264
63.7427
-4.55711
-21.1625
50.5685
-4.60166
-12.3146
14.154
-1.08916
42.8272
310.231
1.23803
41.6207
234.207
0.648689
30.4371
132.451
0.713604
36.4631
115.127
-1.59374
23.5386
49.9247
-0.288031
13.2029
17.5647
1.83376
-0.514734
472.539
-5.14633
0.260868
357.888
-5.73205
1.14977
275.451
-6.89433
0.87323
152.201
-4.62064
4.19328
76.1365
-3.46356
3.73665
16.5575
-0.423254
0.12361
458.392
-5.09224
0.733461
286.729
-4.69531
0.683031
235.734
-6.67035
-1.15138
156.805
-6.20906
0.607762
69.4449
-3.43584
0.348129
20.6554
-0.833838
-0.204065
6.16168
-0.37635
0.246382
2.5548
-0.35061
-0.414176
386.078
-3.06136
10.6076
8.11059
0.187119
-0.0139322
-1.052
-0.0572936
-5.36961
3.95048
0.45665
-38.1991
305.053
-6.98307
-42.8141
272.601
-8.20532
-40.2226
197.695
-8.30735
-48.5628
172.16
-10.7463
-25.1946
73.6865
-6.24459
-17.2257
31.4082
-2.77636
48.392
391.841
1.70755
52.8711
340.124
1.16704
40.2192
197.432
0.460628
33.821
129.07
-0.45568
27.3265
72.2021
-0.616913
19.2108
31.3653
0.434562
-0.841814
551.927
-5.05205
-0.0278505
345.673
-4.50898
0.809683
301.362
-5.91342
-0.105425
168.771
-5.70532
3.12072
111.413
-4.70798
5.31759
45.9411
-1.76514
-0.104837
451.013
-4.2294
0.427502
401.236
-5.39436
1.00905
288.735
-5.99452
-0.238834
163.266
-4.6134
0.433502
101.754
-4.60882
0.640356
42.3006
-2.16439
-7.52845
11.044
0.143817
-5.15975
27.0503
-1.27037
