-5.48439
47.8609
-1.11189
8.122
71.7653
0.342391
0.411476
0.221235
0.125905
-0.171281
-0.0362016
-0.0617286
-5.50206
49.1858
-1.10221
8.0855
73.7888
0.321322
0.153122
0.000593786
-0.0795735
-0.265349
0.132117
0.123029
-10.8795
76.8943
-2.28048
-10.488
57.9797
-2.36911
-11.9203
49.5456
-3.0963
-5.8895
18.3843
-1.81697
-5.56089
12.2482
-1.48326
-3.18928
4.07466
-0.684758
10.8295
76.785
0.372049
10.5892
57.8044
0.29076
7.21235
30.1384
0.339481
9.83382
29.3553
0.220903
5.83448
12.0655
0.355767
3.41434
4.03013
0.911585
-10.944
79.4935
-2.21685
-10.5208
60.4485
-2.16931
-10.6936
46.7949
-2.22949
-5.77159
20.0184
-1.02192
-5.18182
13.4681
-0.852686
-3.20187
4.14922
0.216974
10.7954
79.3905
0.311538
10.5962
60.2842
0.105836
7.13103
31.7455
-0.103302
9.99766
31.952
-0.635282
6.52118
13.1735
-0.338647
2.77493
3.81556
0.0211336
-0.124505
143.561
-1.34104
-1.6595
1.66528
-0.274484
-10.9641
97.0543
-2.20235
2.15199
1.60941
0.612621
21.4757
194.083
0.873676
-0.387608
-0.366872
0.20257
1.07776
0.37552
-0.241682
-0.970637
0.233612
-0.177224
-0.142483
98.3651
-0.897925
-1.99114
1.83365
0.901618
1.87586
1.96424
-0.335804
0.0291779
-0.115424
0.084294
-10.9469
86.3567
-2.247
-10.7333
67.4133
-2.32195
-10.0974
48.7439
-2.39684
-9.17331
31.3281
-2.41303
-6.61437
17.7882
-1.90901
-4.48008
7.68367
-1.01369
10.8369
86.284
0.413478
10.7625
67.275
0.33347
10.2664
48.6667
0.28236
8.88386
31.7983
0.474058
6.81656
17.4982
0.231847
4.73157
7.52177
0.565783
-16.5055
133.489
-3.3146
-10.7941
69.9374
-2.20112
-10.1444
51.0974
-2.07857
-7.16814
27.1363
-1.49045
-6.3095
19.4444
-1.20803
-4.07788
8.36639
-0.335575
10.7952
88.9434
0.391461
10.7132
69.8232
0.213326
10.3389
50.9126
-0.00109755
8.71894
33.8526
-0.302794
7.31791
19.0849
-0.408774
5.48176
8.22596
-0.214602
-43.465
312.838
-9.04715
-52.5156
296.354
-11.4188
-37.2726
158.672
-8.6015
-19.3032
64.815
-4.90031
-21.4882
51.7413
-4.98557
-12.5454
14.624
-1.26004
42.7433
312.4
1.31875
41.5786
236.415
0.741416
30.4874
134.128
0.796527
36.6884
117.226
-1.4076
23.784
51.0645
-0.167228
13.4094
18.0434
1.9349
-0.617341
476.546
-5.78318
0.168306
361.897
-6.28459
1.08668
279.692
-7.37833
0.829812
155.322
-4.92042
4.20067
78.229
-3.64303
3.80877
17.2403
-0.455761
-0.0484981
460.877
-5.73485
0.566624
288.914
-5.16912
0.487302
238.27
-7.10257
-1.29154
159.201
-6.57748
0.496934
70.7779
-3.63641
0.278927
21.1291
-0.910917
-0.248505
6.31684
-0.413534
0.260458
2.73504
-0.371194
-0.49885
388.185
-3.52038
10.7944
8.36662
0.25506
-0.00418657
-1.05454
-0.0489694
-5.47382
4.12815
0.405252
-38.2677
306.911
-7.82599
-42.9174
274.788
-9.10787
-40.3885
199.874
-9.0932
-48.8741
174.822
-11.5988
-25.5168
75.1609
-6.71353
-17.5243
32.2498
-3.06436
48.2899
394.245
1.78893
52.7902
342.867
1.27487
40.2153
199.605
0.562257
33.9578
131.005
-0.311253
27.5514
73.6652
-0.48417
19.4539
32.171
0.548024
-0.947187
556.057
-5.74469
-0.11464
349.042
-5.01133
0.728241
305.312
-6.41353
-0.126658
171.774
-6.0002
3.08607
114.063
-4.94737
5.37839
47.4368
-1.87735
-0.247241
453.134
-4.81473
0.243777
403.785
-6.00116
0.806097
291.347
-6.50393
-0.383838
165.327
-4.94829
0.304278
103.516
-4.86991
0.550986
43.1936
-2.30382
-7.65281
11.5514
0.0334595
-5.18861
27.4831
-1.37571
