-5.46853
48.4646
-1.72254
7.89684
72.6805
0.319627
0.448453
0.241445
0.143685
-0.191973
-0.0374558
-0.0717208
-5.44867
50.3866
-1.71274
7.91448
75.5869
0.305392
0.170993
0.00500035
-0.0863742
-0.296754
0.156764
0.130376
-10.8737
78.4325
-3.41728
-10.57
59.871
-3.36209
-12.2241
52.1435
-4.06682
-6.16207
19.7328
-2.25622
-6.0183
13.4812
-1.90726
-3.53561
4.59861
-0.90329
10.5292
78.3478
0.400292
10.3386
59.7231
0.361804
7.14515
31.627
0.413805
9.9953
31.6713
0.447388
6.10694
13.2398
0.52649
3.67387
4.48029
1.074
-10.8477
82.2136
-3.3642
-10.49
63.4421
-3.1918
-10.7866
50.2221
-3.15436
-5.96652
21.9434
-1.51696
-5.54612
15.316
-1.27729
-3.48029
5.05602
0.0658554
10.5812
82.1142
0.35494
10.4653
63.2669
0.214661
7.17916
33.978
0.0269981
10.3134
35.2484
-0.333391
6.90489
14.9377
-0.152517
3.01845
4.48036
0.116422
-0.320952
145.381
-2.27288
-1.86508
1.9142
-0.373875
-10.8969
98.8591
-3.42491
2.34396
1.79744
0.729606
20.9801
197.7
0.821822
-0.437967
-0.408346
0.203661
1.17779
0.41413
-0.235304
-1.07964
0.287576
-0.206473
-0.198961
100.768
-1.51559
-2.16481
2.36053
0.878944
2.0798
2.39735
-0.290161
0.0372978
-0.106067
0.0899751
-10.9215
87.7175
-3.43214
-10.7643
69.1323
-3.3936
-10.2538
50.7513
-3.29527
-9.4374
33.3546
-3.12075
-7.05251
19.3486
-2.42066
-4.90928
8.5571
-1.33595
10.5346
87.6645
0.416734
10.4764
69.0191
0.382044
10.0737
50.6756
0.376121
8.89975
33.7412
0.609416
7.04004
19.0255
0.408873
5.01954
8.32575
0.735335
-16.3446
137.318
-5.10148
-10.7216
72.817
-3.29345
-10.1609
54.1575
-3.0183
-7.2998
29.4873
-2.10074
-6.65783
21.7202
-1.74896
-4.40857
9.72285
-0.630949
10.5702
91.499
0.402037
10.5379
72.6915
0.290267
10.2764
53.9573
0.142969
8.8939
36.7106
-0.0851781
7.64356
21.3072
-0.197689
5.88568
9.50849
-0.0499783
-43.2796
321.35
-13.6052
-52.61
308.5
-16.4558
-37.8287
168.601
-11.7651
-20.0359
70.2338
-6.45206
-23.0569
57.9033
-6.71469
-13.7053
17.1632
-2.03293
41.8054
320.993
1.46134
40.8974
246.235
1.08951
30.4628
142.193
1.19337
37.6089
127.95
-0.378157
24.9621
57.0515
0.508295
14.4595
20.6165
2.47556
-0.959252
492.899
-9.06684
-0.177662
379.872
-8.96928
0.848083
300.132
-9.57955
0.666712
171.041
-6.21585
4.21687
89.0849
-4.35836
4.15122
20.843
-0.555312
-0.941017
470.221
-9.04728
-0.304749
298.556
-7.47523
-0.507333
250.641
-9.04601
-1.95266
171.713
-8.14501
-0.0326522
78.0065
-4.44318
-0.0276327
23.8376
-1.19659
-0.438168
7.24252
-0.557716
0.321394
3.69409
-0.457316
-0.862112
395.413
-6.00906
11.7564
9.77288
0.613959
0.0472084
-1.06055
-0.0107957
-6.00962
5.08901
0.180372
-38.0544
313.754
-11.974
-42.8361
283.982
-13.4336
-40.7181
209.995
-12.7633
-49.9326
188.095
-15.4831
-27.0023
82.7871
-8.82241
-18.9993
36.7284
-4.36532
47.1862
403.128
1.81871
51.7633
354.425
1.5836
39.7738
209.712
1.01451
34.3987
140.624
0.45421
28.5698
81.2466
0.256721
20.6631
36.4545
1.17187
-1.27729
572.027
-9.41195
-0.428929
363.504
-7.53091
0.408072
323.728
-8.77012
-0.159173
186.603
-7.27283
2.91052
127.634
-5.93108
5.6545
55.2777
-2.30257
-0.979538
460.351
-7.91245
-0.714894
414.232
-9.03978
-0.247539
303.536
-8.9002
-1.09341
175.736
-6.43646
-0.327988
112.903
-5.94763
0.138447
48.1336
-2.84936
-8.29765
14.2669
-0.449982
-5.27424
29.602
-1.85873
