-5.41711
48.5885
-2.06636
7.70505
72.8724
0.222617
0.470959
0.254144
0.153635
-0.203704
-0.0380045
-0.0770917
-5.36133
50.7912
-2.05689
7.77623
76.1919
0.212588
0.181327
0.00752356
-0.0903276
-0.315662
0.171208
0.134981
-10.7877
79.0156
-4.03169
-10.5414
60.7973
-3.87462
-12.3215
53.5868
-4.54276
-6.28944
20.5262
-2.46019
-6.26468
14.2385
-2.10499
-3.72983
4.93329
-1.00521
10.2743
78.947
0.333004
10.12
60.6669
0.348712
7.06506
32.4457
0.431864
10.052
33.0472
0.559579
6.25683
13.9614
0.619809
3.82783
4.77063
1.16639
-10.6814
83.3539
-3.98659
-10.3736
64.892
-3.72586
-10.7556
52.0449
-3.62219
-6.04457
23.0122
-1.76311
-5.74139
16.3777
-1.48188
-3.64246
5.58676
-0.000804556
10.4034
83.2607
0.297616
10.3358
64.7174
0.226412
7.17682
35.1594
0.0834437
10.4669
37.1016
-0.169021
7.11389
15.9566
-0.04705
3.15652
4.86821
0.170825
-0.431974
145.759
-2.88155
-1.98184
2.07539
-0.419317
-10.7599
99.3874
-4.11393
2.45943
1.92252
0.797445
20.5604
198.762
0.569325
-0.463518
-0.429166
0.206192
1.23733
0.438337
-0.233094
-1.14306
0.318765
-0.22217
-0.201054
101.578
-1.91959
-2.27018
2.66928
0.877846
2.19717
2.65181
-0.264355
0.0411005
-0.100629
0.0938001
-10.8229
88.1255
-4.08651
-10.7022
69.8911
-3.9599
-10.2738
51.8072
-3.74842
-9.53415
34.5195
-3.46063
-7.27898
20.2893
-2.65937
-5.14583
9.10309
-1.48609
10.2777
88.0854
0.320273
10.2323
69.7945
0.341716
9.89594
51.7325
0.388674
8.86556
34.8536
0.661058
7.15235
19.9477
0.502135
5.18552
8.82954
0.830203
-16.0826
138.771
-6.08994
-10.5736
74.1256
-3.8748
-10.0818
55.7171
-3.50164
-7.32499
30.7731
-2.40461
-6.8305
23.0107
-2.01343
-4.59421
10.5095
-0.770864
10.3868
92.4715
0.310177
10.3822
73.9997
0.268362
10.189
55.5151
0.188544
8.96461
38.2717
0.024374
7.81381
22.5744
-0.0800663
6.11102
10.2561
0.0436353
-42.7891
324.792
-16.0714
-52.2268
314.399
-19.0667
-37.8746
173.962
-13.3429
-20.3477
73.3063
-7.19824
-23.8907
61.5372
-7.53448
-14.3552
18.7006
-2.39732
41.0003
324.491
1.21442
40.2618
251.024
1.08398
30.3016
146.525
1.32566
38.0178
134.099
0.171196
25.6028
60.5838
0.88547
15.0633
22.1719
2.7803
-0.986764
499.775
-11.0904
-0.247819
388.609
-10.5062
0.807431
311.021
-10.735
0.643664
179.844
-6.84841
4.23571
95.354
-4.66159
4.33757
22.9544
-0.577539
-1.45409
473.795
-11.0859
-0.807094
303.307
-8.79391
-1.0626
257.502
-10.05
-2.29384
179.141
-8.88222
-0.310041
82.4635
-4.7844
-0.172116
25.6013
-1.296
-0.522107
7.86978
-0.610537
0.350723
4.25878
-0.495944
-1.00683
397.532
-7.63636
12.3165
10.6421
0.814068
0.0771493
-1.06068
0.00740985
-6.31896
5.6688
0.0822516
-37.5901
316.159
-14.2657
-42.4188
288.113
-15.7249
-40.5886
215.214
-14.6283
-50.2091
195.509
-17.3775
-27.748
87.2153
-9.82434
-19.8084
39.4025
-4.98168
46.2483
406.276
1.39569
50.8521
359.643
1.43073
39.2997
214.927
1.12048
34.5179
145.985
0.822773
29.0885
85.6582
0.660553
21.3451
39.0123
1.52332
-1.27861
578.096
-11.7448
-0.484276
370.105
-9.03096
0.329349
333.155
-10.0659
-0.101508
194.724
-7.89795
2.84059
135.37
-6.37306
5.80706
59.8512
-2.46643
-1.39722
462.539
-9.8809
-1.26875
418.876
-10.844
-0.850406
309.971
-10.2117
-1.47317
181.721
-7.18814
-0.668998
118.587
-6.42842
-0.0678796
51.2428
-3.06613
-8.66948
15.8841
-0.667341
-5.28316
30.7545
-2.09909
