-5.37328
48.6048
-2.27741
7.56945
72.9004
0.115708
0.48522
0.262358
0.159562
-0.21083
-0.038261
-0.0802255
-5.28855
50.9482
-2.26831
7.68422
76.4265
0.108275
0.187699
0.00904734
-0.0928141
-0.327455
0.180013
0.138004
-10.7108
79.2952
-4.39724
-10.5013
61.3267
-4.16871
-12.3574
54.4664
-4.80475
-6.35843
21.0231
-2.56668
-6.41028
14.7226
-2.20723
-3.84724
5.15194
-1.05721
10.0942
79.237
0.24187
9.96444
61.2076
0.304873
7.00386
32.9426
0.424481
10.0758
33.9124
0.609589
6.34657
14.4233
0.669329
3.92374
4.96165
1.22015
-10.5417
83.9141
-4.35764
-10.2684
65.687
-4.03455
-10.707
53.1048
-3.88528
-6.07966
23.6493
-1.89853
-5.85442
17.0218
-1.59064
-3.74172
5.91128
-0.0328135
10.2839
83.8262
0.212858
10.2452
65.5156
0.19851
7.16921
35.8447
0.101239
10.5561
38.2143
-0.0846757
7.24003
16.5776
0.0107007
3.24103
5.10559
0.202058
-0.499343
145.811
-3.30258
-2.05294
2.18142
-0.441918
-10.6445
99.5605
-4.53712
2.53189
2.00615
0.838001
20.2696
199.111
0.288338
-0.478003
-0.440584
0.20862
1.27467
0.454052
-0.232555
-1.18202
0.337728
-0.231081
-0.187857
101.893
-2.19934
-2.33654
2.85779
0.882414
2.26942
2.80809
-0.250037
0.0431984
-0.097454
0.0963074
-10.738
88.277
-4.48225
-10.6406
70.2989
-4.29099
-10.265
52.4339
-4.00357
-9.57664
35.2405
-3.64367
-7.40972
20.8853
-2.78367
-5.28738
9.45552
-1.56312
10.0963
88.2449
0.204288
10.0597
70.2129
0.274321
9.76764
52.3598
0.366805
8.83174
35.5417
0.67202
7.21613
20.5326
0.548396
5.2874
9.15549
0.88321
-15.8644
139.421
-6.68831
-10.4467
74.8114
-4.21609
-10.0029
56.601
-3.77728
-7.32238
31.5328
-2.57272
-6.92491
23.7884
-2.15647
-4.70509
10.9889
-0.843639
10.2643
92.9076
0.197058
10.2757
74.6875
0.212696
10.1244
56.4007
0.187849
9.00222
39.194
0.0738254
7.91522
23.3414
-0.0176282
6.24802
10.7138
0.0960839
-42.3656
326.468
-17.5395
-51.8506
317.684
-20.5685
-37.8124
177.137
-14.2211
-20.5013
75.1739
-7.59875
-24.3757
63.79
-7.96422
-14.7462
19.666
-2.58449
40.4405
326.205
0.865065
39.8108
253.699
0.94034
30.1658
149.085
1.33005
38.238
137.857
0.444356
25.988
62.775
1.08862
15.435
23.1497
2.95514
-0.921741
503.162
-12.4488
-0.224294
393.413
-11.4991
0.836591
317.362
-11.4468
0.670426
185.116
-7.22075
4.26218
99.1713
-4.82073
4.45132
24.2475
-0.582012
-1.7676
475.522
-12.4525
-1.11349
306.032
-9.64305
-1.39502
261.68
-10.6633
-2.4916
183.811
-9.30112
-0.471536
85.3195
-4.96012
-0.250143
26.7663
-1.33568
-0.564844
8.29263
-0.631502
0.36736
4.60445
-0.516165
-1.06548
398.229
-8.7624
12.6633
11.1954
0.928479
0.0953005
-1.06013
0.0169213
-6.50886
6.03089
0.036751
-37.1965
317.178
-15.6522
-42.0441
290.296
-17.0663
-40.4051
218.227
-15.6834
-50.2683
199.979
-18.4099
-28.1659
89.9394
-10.3538
-20.2883
41.0704
-5.30234
45.5977
407.623
0.881199
50.2131
362.411
1.1269
38.9537
217.939
1.07055
34.5571
149.216
0.975763
29.3906
88.3755
0.868376
21.7621
40.6089
1.71926
-1.18973
580.813
-13.3366
-0.455541
373.575
-10.0196
0.338264
338.513
-10.8845
-0.0260218
199.529
-8.27118
2.82333
140.048
-6.6178
5.90643
62.6495
-2.54525
-1.65165
463.363
-11.2228
-1.60764
421.381
-12.0309
-1.21645
313.797
-11.0366
-1.69566
185.428
-7.6383
-0.871192
122.196
-6.68995
-0.18432
53.2578
-3.16986
-8.89557
16.885
-0.774202
-5.27423
31.4352
-2.23356
