-5.3262
48.5846
-2.46991
7.43584
72.8734
-0.027173
0.498392
0.270082
0.164718
-0.217183
-0.0384184
-0.0829114
-5.20912
51.0264
-2.46125
7.59957
76.5429
-0.0322971
0.19346
0.0103883
-0.0951219
-0.338152
0.187807
0.140911
-10.6265
79.5033
-4.72085
-10.451
61.7839
-4.41982
-12.3741
55.2602
-5.01876
-6.4146
21.48
-2.64807
-6.53758
15.1745
-2.28345
-3.9517
5.35948
-1.09485
9.91692
79.4547
0.109558
9.81057
61.6751
0.22777
6.94078
33.3901
0.3977
10.0894
34.71
0.632725
6.42548
14.8548
0.704516
4.01091
5.14414
1.2649
-10.3886
84.3188
-4.68659
-10.149
66.3321
-4.29971
-10.6412
54.0113
-4.10453
-6.10116
24.2055
-2.00797
-5.95
17.5921
-1.67444
-3.83029
6.19992
-0.0538753
10.1734
84.2369
0.086391
10.1595
66.1657
0.136074
7.16018
36.4299
0.0980664
10.6354
39.1922
-0.0292742
7.35316
17.1298
0.0536996
3.31723
5.31732
0.227466
-0.559938
145.754
-3.73204
-2.11654
2.28257
-0.457622
-10.5191
99.6182
-4.92325
2.59816
2.08702
0.873013
19.9899
199.23
-0.0888097
-0.490187
-0.449689
0.21157
1.3089
0.468918
-0.232839
-1.217
0.354545
-0.238363
-0.16324
102.05
-2.48494
-2.39739
3.02503
0.891118
2.3347
2.94782
-0.239015
0.0449491
-0.094823
0.0986681
-10.6463
88.3567
-4.83813
-10.5703
70.6348
-4.57911
-10.2435
52.9896
-4.21711
-9.60409
35.8976
-3.78908
-7.522
21.4377
-2.87774
-5.41233
9.78689
-1.61961
9.91751
88.3321
0.0434117
9.88959
70.5587
0.169806
9.63962
52.916
0.315281
8.79256
36.1691
0.659051
7.26967
21.0751
0.576965
5.37888
9.46265
0.924557
-15.6263
139.836
-7.22676
-10.3061
75.3436
-4.51402
-9.90924
57.3402
-4.01056
-7.30629
32.1915
-2.70992
-7.00018
24.4734
-2.2695
-4.80177
11.4146
-0.897888
10.1514
93.1875
0.0387432
10.1762
75.2234
0.118901
10.0619
57.1438
0.155811
9.03443
39.9937
0.0973373
8.0059
24.02
0.0262087
6.37105
11.1224
0.136925
-41.9004
327.69
-18.8399
-51.4146
320.417
-21.8533
-37.693
179.913
-14.9456
-20.6121
76.8402
-7.91426
-24.7912
65.8296
-8.28982
-15.0913
20.5482
-2.72073
39.901
327.462
0.350445
39.3716
255.928
0.662392
30.0232
151.321
1.24886
38.4189
141.223
0.612129
26.3312
64.7603
1.23596
15.7709
24.045
3.09795
-0.790558
505.619
-13.8075
-0.142072
397.322
-12.4683
0.914473
322.793
-12.1201
0.734288
189.74
-7.56064
4.3039
102.563
-4.95079
4.55514
25.4
-0.580727
-2.05045
476.816
-13.8176
-1.38884
308.388
-10.4685
-1.68936
265.449
-11.2406
-2.66465
188.115
-9.67073
-0.612442
87.9895
-5.09938
-0.313566
27.8823
-1.35604
-0.597187
8.70397
-0.641072
0.381703
4.91176
-0.531819
-1.09265
398.463
-9.91116
12.9782
11.7073
1.02196
0.111241
-1.05951
0.0241186
-6.6797
6.35961
0.00908156
-36.7677
317.799
-16.8994
-41.6251
292.029
-18.2346
-40.1673
220.807
-16.57
-50.2431
203.941
-19.2402
-28.5119
92.3915
-10.7614
-20.7068
42.5872
-5.54149
44.9716
408.455
0.164336
49.5945
364.615
0.63621
38.6121
220.522
0.900431
34.5738
152.08
1.02846
29.6538
90.8241
1.00601
22.1378
42.0623
1.87108
-1.03085
582.552
-14.9458
-0.373207
376.278
-10.9966
0.399982
343.008
-11.6715
0.0794469
203.699
-8.61866
2.83552
144.182
-6.82969
6.00488
65.1443
-2.60367
-1.88089
463.807
-12.5782
-1.91339
423.451
-13.2021
-1.54418
317.193
-11.8266
-1.88993
188.812
-8.05394
-1.05038
125.545
-6.91101
-0.283127
55.1584
-3.2442
-9.09614
17.7855
-0.847236
-5.25531
32.0262
-2.34559
