-5.27938
48.5404
-2.64119
7.31025
72.8097
-0.206611
0.51007
0.277076
0.168952
-0.222597
-0.0384693
-0.0850859
-5.12716
51.0348
-2.63302
7.52739
76.5549
-0.209803
0.198455
0.0115043
-0.0972004
-0.3474
0.194322
0.143636
-10.5416
79.651
-4.99846
-10.3958
62.1666
-4.62537
-12.3753
55.9521
-5.18325
-6.45813
21.8852
-2.70388
-6.6442
15.5812
-2.33253
-4.04072
5.54967
-1.11726
9.75039
79.6108
-0.0659681
9.66542
62.0668
0.114273
6.879
33.7796
0.34903
10.0934
35.4188
0.624211
6.49136
15.2437
0.7225
4.08661
5.31257
1.29868
-10.2301
84.573
-4.96916
-10.0218
66.8187
-4.5182
-10.5625
54.7432
-4.27743
-6.10928
24.6656
-2.08972
-6.02545
18.0711
-1.7317
-3.90538
6.44324
-0.0635077
10.0785
84.4974
-0.0840469
10.0848
66.659
0.0354171
7.15212
36.9015
0.0705084
10.7051
40.0075
-0.00887245
7.45127
17.5967
0.0786989
3.38329
5.49671
0.245807
-0.613066
145.624
-4.1666
-2.17107
2.37574
-0.46604
-10.3915
99.5821
-5.26695
2.65616
2.16258
0.901163
19.7359
199.16
-0.563842
-0.499911
-0.456266
0.214948
1.33905
0.482504
-0.233964
-1.24698
0.368703
-0.243741
-0.127976
102.067
-2.77419
-2.45081
3.16539
0.903705
2.39131
3.06649
-0.231938
0.0463579
-0.0928661
0.100793
-10.5549
88.3828
-5.14941
-10.4977
70.9033
-4.82098
-10.2136
53.4662
-4.38709
-9.6188
36.4752
-3.89574
-7.61433
21.9314
-2.94057
-5.51795
10.0874
-1.65449
9.74959
88.3647
-0.163763
9.72974
70.836
0.0255429
9.51786
53.3932
0.230629
8.75048
36.7214
0.618775
7.31177
21.5605
0.584451
5.45721
9.74196
0.951839
-15.3808
140.033
-7.69797
-10.1594
75.72
-4.76488
-9.80644
57.9207
-4.19874
-7.2786
32.7319
-2.81449
-7.05458
25.0456
-2.35062
-4.88132
11.7732
-0.932423
10.0548
93.3228
-0.166275
10.0901
75.605
-0.0160585
10.0067
57.73
0.0882222
9.06272
40.6502
0.0900876
8.08491
24.5901
0.0474185
6.47741
11.469
0.163656
-41.4222
328.491
-19.9559
-50.9489
322.571
-22.9072
-37.5308
182.229
-15.5092
-20.6815
78.2612
-8.14129
-25.1281
67.5954
-8.5056
-15.3817
21.3192
-2.80242
39.4099
328.295
-0.338215
38.9684
257.69
0.236369
29.8854
153.185
1.06994
38.5619
144.104
0.653209
26.6253
66.4809
1.31568
16.0624
24.83
3.20222
-0.596948
507.172
-15.1608
-0.00210247
400.284
-13.4157
1.04159
327.186
-12.7624
0.836181
193.584
-7.87428
4.36321
105.424
-5.05649
4.64776
26.3745
-0.575696
-2.29843
477.741
-15.1752
-1.62843
310.363
-11.2714
-1.94145
268.732
-11.7901
-2.81371
191.939
-9.9993
-0.732313
90.3963
-5.20692
-0.363063
28.9148
-1.35905
-0.619694
9.09062
-0.639528
0.393801
5.17031
-0.542833
-1.08913
398.321
-11.0736
13.2525
12.1612
1.09063
0.12439
-1.05911
0.0289243
-6.82682
6.6442
0.000203047
-36.3298
318.072
-17.9907
-41.1888
293.314
-19.2161
-39.895
222.913
-17.2792
-50.1479
207.297
-19.8603
-28.7806
94.5022
-11.0415
-21.0536
43.9065
-5.69389
44.4025
408.836
-0.761543
49.0293
366.259
-0.0558341
38.2956
222.631
0.594811
34.5742
154.506
0.96317
29.8746
92.9342
1.05897
22.4632
43.3281
1.96957
-0.806908
583.388
-16.5621
-0.239067
378.202
-11.9603
0.514834
346.552
-12.4316
0.213621
207.125
-8.94823
2.88044
147.649
-7.01496
6.10267
67.2567
-2.64512
-2.08191
463.967
-13.9382
-2.18101
425.111
-14.3558
-1.82811
320.109
-12.5863
-2.05459
191.791
-8.441
-1.20546
128.541
-7.09793
-0.364541
56.8882
-3.29236
-9.26497
18.5563
-0.884647
-5.22814
32.513
-2.43442
