1.28972
-20.6385
0.273662
-1.42171
-31.0316
0.65892
-0.353381
-0.202598
-0.0956333
0.135601
0.0201956
0.0437347
1.19291
-20.5169
0.290746
-1.59848
-30.7661
0.615154
-0.123058
-0.00479191
0.058539
0.25124
-0.13604
-0.100779
2.82749
-37.6712
0.390967
3.48709
-33.4031
0.247457
5.17735
-34.0829
0.225654
3.19159
-14.4108
0.16717
3.76225
-11.1769
0.181167
2.41046
-4.36876
0.0983589
-2.00491
-37.8345
0.662191
-2.59829
-33.4127
0.354024
-2.61221
-20.13
0.0188481
-5.12413
-23.8045
-0.454178
-3.89751
-10.8551
-0.524737
-2.70997
-4.15297
-0.837555
2.54745
-37.5366
0.504392
3.20355
-33.5247
0.459452
4.34948
-30.8448
0.399388
3.09258
-14.8006
0.143436
3.69355
-11.6156
-0.0427589
2.65867
-4.3797
-0.512429
-2.25658
-37.6879
0.510529
-2.8841
-33.5675
0.102298
-2.83689
-20.4994
-0.181653
-5.33546
-24.639
-0.483941
-4.14085
-11.36
-0.265576
-1.99534
-3.62081
-0.194319
0.462166
-61.9978
1.00753
1.32084
-1.96895
0.00470692
2.51109
-41.1426
0.579528
-1.81239
-1.80234
-0.587071
-4.22554
-82.3553
1.65892
0.203787
0.204136
-0.179948
-0.887621
-0.345624
0.189987
0.818006
-0.240096
0.13483
0.0957063
-41.0572
0.674898
1.76122
-2.19183
-0.896981
-1.45518
-2.06451
0.126828
0.0108375
0.054751
-0.0856861
2.64793
-39.4212
0.467689
3.12506
-35.7327
0.322135
3.85311
-30.5559
0.21002
4.27175
-23.2503
0.21717
4.1174
-15.1478
0.217876
3.21198
-7.52919
0.102989
-1.9105
-39.5877
0.7663
-2.23617
-35.8293
0.530136
-3.02903
-30.4037
0.166327
-3.85796
-23.1148
-0.122931
-4.10356
-14.8566
-0.447953
-3.45789
-7.21574
-0.6421
3.59864
-58.8274
0.808756
2.83022
-35.7324
0.493132
3.55556
-30.791
0.430128
3.30521
-19.214
0.212817
4.01546
-15.6789
0.105697
3.16075
-7.73701
-0.246271
-2.14083
-39.3172
0.70014
-2.534
-35.8361
0.306135
-3.29258
-30.7719
-0.0831349
-4.15246
-23.7257
-0.356881
-4.28037
-15.4933
-0.329054
-3.73317
-7.55887
-0.227007
10.9012
-150.346
1.69751
16.2213
-167.116
1.78665
15
-106.18
1.15148
10.0318
-48.7345
0.601121
14.4764
-45.6686
0.478445
9.41698
-15.6034
-0.282602
-9.01907
-150.912
2.28216
-11.3044
-133.71
0.91093
-11.6949
-88.0398
-0.256135
-19.1868
-91.8236
-1.67693
-15.1597
-44.6523
-1.38837
-9.87246
-17.6611
-2.05503
1.00179
-226.012
2.98167
1.42409
-201.857
1.72994
0.806696
-184.679
0.535919
-0.0669997
-118.424
-0.0817678
-1.51621
-68.4036
-0.684126
-2.12205
-17.8531
-0.788645
2.71365
-226.952
3.071
2.61007
-167.726
1.55172
1.84649
-162.786
0.427762
0.890541
-129.134
-0.330827
-0.329355
-65.2708
-0.75116
-0.796378
-23.5521
-0.905994
-0.415052
-8.20368
-0.298473
0.0520798
-3.6505
0.00393326
0.737798
-164.662
2.82186
-8.3551
-9.23841
-0.550158
-0.0544113
0.573092
0.118142
4.39217
-4.96438
-0.768052
9.04559
-137.554
1.68166
11.8456
-142.836
1.55951
14.4102
-122.628
1.25278
21.5432
-126.877
1.32285
15.6752
-61.7259
0.775478
12.5637
-30.6098
0.0533486
-9.56651
-177.52
3.24463
-12.6137
-178.943
2.02043
-12.8144
-122.096
0.203084
-15.7314
-93.6499
-1.12662
-16.0249
-60.7057
-1.4178
-13.3879
-29.9456
-1.53068
0.526146
-245.45
3.76208
1.24014
-179.518
1.97946
1.26323
-185.43
1.07332
0.19139
-121.768
0.012465
-0.657663
-93.3087
-0.410697
-2.61842
-44.7212
-1.04701
2.01026
-207.546
3.14633
2.96717
-215.262
2.50823
2.67014
-183.617
1.17319
1.00293
-122.057
0.241841
0.241863
-89.6243
-0.552999
-0.744285
-42.9366
-0.849726
6.22938
-13.3169
-1.03312
2.26229
-18.9906
0.171191
