-5.25707
48.5125
-2.71826
7.25207
72.769
-0.309924
0.51523
0.280227
0.170683
-0.224907
-0.0384531
-0.0859659
-5.08644
51.0155
-2.71036
7.49726
76.5258
-0.312313
0.200623
0.0119669
-0.0981386
-0.351382
0.197028
0.144911
-10.5007
79.705
-5.11919
-10.368
62.3291
-4.71066
-12.3713
56.2551
-5.24686
-6.47526
22.065
-2.72225
-6.68913
15.7638
-2.34677
-4.07878
5.63639
-1.12262
9.67328
79.6685
-0.170185
9.59796
62.2332
0.043265
6.84944
33.9501
0.315947
10.0919
35.7338
0.606958
6.51877
15.4185
0.72434
4.11938
5.38985
1.31095
-10.1512
84.6454
-5.09217
-9.95726
67.0007
-4.60938
-10.5198
55.0381
-4.34611
-6.10846
24.8556
-2.11992
-6.05493
18.2717
-1.75012
-3.9371
6.54535
-0.0640021
10.0386
84.5729
-0.186061
10.053
66.8447
-0.0299988
7.14907
37.0912
0.0467974
10.7363
40.3469
-0.0132684
7.49412
17.7936
0.0836502
3.41202
5.57246
0.25202
-0.636764
145.542
-4.38478
-2.19449
2.4184
-0.467466
-10.329
99.5347
-5.42166
2.68146
2.1976
0.912316
19.6222
199.067
-0.837803
-0.50382
-0.45856
0.216761
1.3523
0.488687
-0.234834
-1.2598
0.374649
-0.245647
-0.106703
102.029
-2.91951
-2.47419
3.22398
0.911326
2.41589
3.11671
-0.230032
0.0469376
-0.0921726
0.101741
-10.5113
88.3804
-5.28728
-10.4622
71.0132
-4.92396
-10.1969
53.6725
-4.45551
-9.6221
36.7296
-3.93451
-7.65266
22.1518
-2.96022
-5.56279
10.2233
-1.66369
9.67183
88.3651
-0.284759
9.65568
70.9497
-0.0619374
9.46091
53.5997
0.175146
8.72899
36.9651
0.587645
7.32817
21.7773
0.579473
5.49065
9.86849
0.959606
-15.2588
140.056
-7.90676
-10.0858
75.8496
-4.87195
-9.7532
58.1477
-4.27545
-7.26102
32.9533
-2.85428
-7.07355
25.2839
-2.37891
-4.91389
11.9237
-0.942112
10.0144
93.3398
-0.286367
10.0537
75.7377
-0.0995209
9.98319
57.9605
0.0401713
9.07575
40.9193
0.0737834
8.11972
24.8291
0.0485533
6.52358
11.6157
0.171114
-41.1866
328.742
-20.4414
-50.7137
323.424
-23.3453
-37.4381
183.198
-15.7299
-20.7013
78.8675
-8.22129
-25.2648
68.3588
-8.57151
-15.504
21.6551
-2.82219
39.1899
328.56
-0.748971
38.7867
258.389
-0.034952
29.8211
153.964
0.941114
38.6192
145.338
0.621089
26.7518
67.2255
1.32729
16.1888
25.1732
3.23827
-0.478569
507.619
-15.8337
0.088556
401.397
-13.882
1.12313
328.96
-13.0743
0.901182
195.18
-8.0232
4.39987
106.628
-5.10174
4.68948
26.7848
-0.572401
-2.40869
478.083
-15.8495
-1.73393
311.203
-11.6648
-2.05096
270.169
-12.057
-2.87979
193.638
-10.1509
-0.784473
91.4785
-5.25045
-0.382949
29.3896
-1.35481
-0.627527
9.27068
-0.634779
0.399031
5.27849
-0.546608
-1.07653
398.133
-11.6572
13.372
12.3617
1.11471
0.12976
-1.05908
0.030431
-6.8902
6.76694
0.00291119
-36.115
318.093
-18.4742
-40.9721
293.791
-19.6342
-39.7517
223.775
-17.5659
-50.0786
208.72
-20.0907
-28.8848
95.4102
-11.1331
-21.1974
44.4791
-5.73674
44.1476
408.876
-1.30315
48.7754
366.872
-0.47994
38.152
223.496
0.387871
34.5699
155.536
0.882118
29.968
93.8427
1.05017
22.6044
43.8781
1.99655
-0.672766
583.488
-17.3699
-0.153711
378.869
-12.4366
0.591626
347.944
-12.803
0.290705
208.531
-9.10864
2.91572
149.1
-7.09958
6.15126
68.148
-2.6606
-2.17144
463.964
-14.6174
-2.29966
425.792
-14.9256
-1.95263
321.371
-12.9564
-2.1258
193.106
-8.62571
-1.27394
129.88
-7.18068
-0.398998
57.6723
-3.30778
-9.33579
18.8848
-0.889784
-5.21202
32.7134
-2.47008
