-5.23597
48.4821
-2.78941
7.19766
72.7243
-0.422111
0.519881
0.283113
0.172139
-0.226932
-0.0384085
-0.0867016
-5.04645
50.9819
-2.78177
7.47165
76.4752
-0.423814
0.20255
0.0123611
-0.0990019
-0.35489
0.199334
0.146115
-10.4619
79.7469
-5.22764
-10.3408
62.472
-4.78426
-12.3648
56.5271
-5.2982
-6.48936
22.228
-2.73439
-6.72823
15.9307
-2.3542
-4.11224
5.71662
-1.12408
9.6012
79.7137
-0.285323
9.53473
62.3795
-0.0373965
6.82111
34.1031
0.276862
10.0882
36.0196
0.580622
6.54218
15.5784
0.721134
4.14837
5.46168
1.31994
-10.0736
84.6822
-5.20274
-9.89302
67.1409
-4.6884
-10.4754
55.2832
-4.40292
-6.10448
25.017
-2.14299
-6.07863
18.4442
-1.76171
-3.96459
6.63327
-0.0616546
10.0045
84.6129
-0.299248
10.0257
66.989
-0.105681
7.14692
37.2487
0.0161865
10.7651
40.6373
-0.0279697
7.53253
17.964
0.0832493
3.43762
5.63809
0.256135
-0.658584
145.451
-4.60306
-2.21517
2.45799
-0.467046
-10.2684
99.4706
-5.56449
2.704
2.23037
0.921368
19.519
198.939
-1.13557
-0.507087
-0.460176
0.218633
1.36421
0.494399
-0.2359
-1.27105
0.379779
-0.247005
-0.0832321
101.962
-3.06496
-2.49508
3.27417
0.919738
2.43777
3.16028
-0.229274
0.047437
-0.0916819
0.1026
-10.4699
88.3696
-5.41299
-10.4281
71.1072
-5.01485
-10.1795
53.8562
-4.51293
-9.62307
36.959
-3.96371
-7.68565
22.3525
-2.97213
-5.60201
10.3481
-1.66741
9.59913
88.3569
-0.417208
9.58641
71.047
-0.159706
9.40726
53.7836
0.110674
8.70747
37.1851
0.548935
7.34129
21.9749
0.568367
5.51989
9.98496
0.963211
-15.139
140.031
-8.09714
-10.0132
75.9402
-4.96659
-9.69953
58.3312
-4.34051
-7.24125
33.14
-2.88573
-7.0869
25.4881
-2.399
-4.9413
12.0534
-0.946747
9.97992
93.3247
-0.41804
10.0224
75.8315
-0.193738
9.96293
58.1478
-0.0176831
9.08816
41.1464
0.0485987
8.15126
25.035
0.042985
6.56472
11.7429
0.174386
-40.9574
328.898
-20.8776
-50.4814
324.125
-23.7237
-37.3399
184.033
-15.9099
-20.7114
79.3989
-8.27911
-25.3794
69.0346
-8.6095
-15.6099
21.9543
-2.82787
38.99
328.729
-1.2039
38.6209
258.965
-0.34588
29.7613
154.635
0.785152
38.6671
146.421
0.551873
26.8635
67.8852
1.31892
16.3012
25.4797
3.26293
-0.34704
507.853
-16.5032
0.192192
402.26
-14.3436
1.21613
330.437
-13.3813
0.975221
196.542
-8.16787
4.44124
107.668
-5.14278
4.72796
27.1393
-0.568928
-2.50975
478.35
-16.5199
-1.82971
311.941
-12.0532
-2.14934
271.46
-12.3199
-2.94065
195.18
-10.2954
-0.831616
92.4689
-5.28809
-0.399845
29.8315
-1.34719
-0.633265
9.43988
-0.627537
0.403732
5.37134
-0.549255
-1.05721
397.878
-12.241
13.4786
12.5424
1.13159
0.134259
-1.0592
0.0313511
-6.94619
6.87527
0.010338
-35.9066
318.044
-18.9151
-40.7601
294.159
-20.0032
-39.6067
224.506
-17.8074
-49.997
209.96
-20.2684
-28.9683
96.2109
-11.1927
-21.3203
44.9875
-5.75732
43.9162
408.824
-1.89656
48.5442
367.348
-0.95654
38.0205
224.229
0.143808
34.5632
156.434
0.767268
30.0494
94.6446
1.01648
22.7299
44.3671
2.00775
-0.525275
583.389
-18.1759
-0.0570036
379.341
-12.9092
0.680751
349.075
-13.1694
0.373889
209.719
-9.2673
2.95962
150.347
-7.17991
6.19955
68.9198
-2.67325
-2.25369
463.916
-15.2948
-2.40805
426.375
-15.4905
-2.06529
322.496
-13.3208
-2.18976
194.293
-8.80554
-1.33649
131.1
-7.25745
-0.429516
58.3944
-3.31814
-9.39677
19.1718
-0.885945
-5.19451
32.8835
-2.49995
