-5.2164
48.4501
-2.85454
7.14744
72.6772
-0.542952
0.523983
0.285709
0.17331
-0.228659
-0.0383353
-0.0872899
-5.00761
50.9349
-2.84717
7.45086
76.4046
-0.544091
0.204224
0.012684
-0.0997854
-0.357895
0.201221
0.147241
-10.4257
79.7774
-5.32376
-10.3148
62.5946
-4.84625
-12.3562
56.7665
-5.33749
-6.50052
22.3731
-2.74046
-6.76133
16.0808
-2.35493
-4.14092
5.78971
-1.12171
9.5347
79.7471
-0.411238
9.47622
62.5051
-0.127705
6.79425
34.2377
0.231729
10.0822
36.2741
0.545009
6.56138
15.7223
0.712734
4.17335
5.52747
1.32551
-9.99807
84.6841
-5.30079
-9.82972
67.2392
-4.75531
-10.4298
55.4771
-4.44797
-6.09742
25.1488
-2.15896
-6.09637
18.5873
-1.76655
-3.98761
6.7063
-0.0565329
9.97667
84.6179
-0.423475
10.0032
67.0914
-0.191659
7.14581
37.373
-0.0214403
10.7915
40.8768
-0.0532687
7.56633
18.1066
0.0773252
3.45996
5.69309
0.258082
-0.678595
145.356
-4.82107
-2.23297
2.49418
-0.464809
-10.2105
99.3914
-5.69527
2.72359
2.26064
0.928224
19.4273
198.782
-1.45658
-0.509712
-0.461111
0.220545
1.37468
0.499594
-0.237152
-1.28065
0.384056
-0.2478
-0.0577542
101.868
-3.21031
-2.5133
3.31556
0.928855
2.45679
3.19687
-0.229692
0.047859
-0.0914006
0.10336
-10.4316
88.3518
-5.5264
-10.396
71.1852
-5.09366
-10.162
54.0165
-4.55948
-9.62196
37.1617
-3.98353
-7.71321
22.532
-2.97646
-5.63542
10.4609
-1.66574
9.53205
88.3412
-0.56089
9.52249
71.1281
-0.267689
9.35734
53.944
0.0371664
8.68608
37.38
0.502557
7.35099
22.1516
0.550975
5.54466
10.0905
0.962518
-15.0227
139.96
-8.26893
-9.94233
75.9919
-5.0488
-9.64598
58.4702
-4.39399
-7.21954
33.2909
-2.90893
-7.09456
25.6565
-2.41096
-4.96334
12.1613
-0.946383
9.95183
93.2789
-0.561078
9.99668
75.8868
-0.298661
9.94627
58.2909
-0.0854381
9.10001
41.3302
0.0143328
8.1794
25.2062
0.0305101
6.60059
11.8498
0.173338
-40.7374
328.961
-21.2644
-50.2548
324.671
-24.0429
-37.2377
184.73
-16.0499
-20.7121
79.8515
-8.31512
-25.4713
69.6178
-8.61994
-15.6987
22.2144
-2.81959
38.812
328.804
-1.70246
38.4727
259.415
-0.696482
29.7064
155.195
0.60174
38.7054
147.348
0.444565
26.9598
68.455
1.28994
16.3988
25.7472
3.27581
-0.203413
507.877
-17.1689
0.308046
402.871
-14.8008
1.32002
331.609
-13.684
1.05792
197.661
-8.30903
4.48728
108.536
-5.18029
4.76308
27.435
-0.56554
-2.60177
478.546
-17.1859
-1.91579
312.575
-12.4366
-2.2367
272.595
-12.5797
-2.99668
196.552
-10.434
-0.873928
93.3601
-5.3206
-0.413978
30.237
-1.33663
-0.637069
9.59677
-0.617959
0.407922
5.44811
-0.550806
-1.03167
397.562
-12.8241
13.5714
12.7016
1.14105
0.137843
-1.05948
0.0316993
-6.9944
6.9683
0.0223839
-35.7071
317.929
-19.313
-40.5555
294.416
-20.3234
-39.4618
225.1
-18.0041
-49.9047
211.01
-20.3942
-29.0311
96.8985
-11.2208
-21.4215
45.4278
-5.75588
43.7104
408.686
-2.54079
48.338
367.685
-1.48536
37.9025
224.826
-0.137674
34.5544
157.195
0.617928
30.1185
95.3339
0.957184
22.839
44.7911
2.00269
-0.365634
583.097
-18.979
0.0503063
379.617
-13.3777
0.781613
349.938
-13.5313
0.462662
210.681
-9.42501
3.01205
151.382
-7.25675
6.24744
69.566
-2.68356
-2.32885
463.83
-15.9694
-2.50628
426.861
-16.0504
-2.1661
323.477
-13.68
-2.24667
195.345
-8.98121
-1.39327
132.191
-7.32913
-0.456314
59.0488
-3.32403
-9.44741
19.4148
-0.873303
-5.17581
33.022
-2.52414
