-5.16957
48.3503
-3.01381
7.0249
72.5288
-0.954345
0.532665
0.29154
0.175042
-0.231968
-0.0379435
-0.0881586
-4.90126
50.7212
-3.00725
7.41938
76.084
-0.954557
0.207624
0.0132081
-0.101613
-0.363643
0.204216
0.150076
-10.338
79.8035
-5.5393
-10.2478
62.8373
-4.96477
-12.3214
57.2756
-5.38662
-6.51694
22.6913
-2.7245
-6.82374
16.4189
-2.31905
-4.19699
5.96069
-1.09259
9.37266
79.779
-0.850863
9.33244
62.7535
-0.45505
6.72391
34.524
0.0605144
10.0502
36.8329
0.382003
6.59189
16.0473
0.655657
4.22201
5.68356
1.32086
-9.79062
84.4882
-5.52087
-9.65109
67.2803
-4.88514
-10.2904
55.7423
-4.51487
-6.05874
25.3583
-2.16568
-6.11276
18.8311
-1.74211
-4.02808
6.83092
-0.0256542
9.93297
84.4306
-0.859703
9.96681
67.1461
-0.51014
7.14951
37.5411
-0.176439
10.855
41.2751
-0.193964
7.63837
18.3584
0.0255504
3.50608
5.79052
0.250512
-0.728901
145.058
-5.47054
-2.26826
2.57964
-0.447761
-10.0585
99.0773
-6.01522
2.76305
2.33389
0.934944
19.2272
198.156
-2.55094
-0.513812
-0.459857
0.226306
1.39667
0.511692
-0.241878
-1.29885
0.391524
-0.246737
0.0286364
101.441
-3.64368
-2.55053
3.38394
0.959387
2.49562
3.26221
-0.238115
0.048699
-0.091841
0.10497
-10.3395
88.2631
-5.79343
-10.3167
71.3237
-5.25934
-10.1124
54.3483
-4.63644
-9.60857
37.5976
-3.98963
-7.76314
22.9309
-2.94641
-5.69947
10.7193
-1.62997
9.36853
88.2569
-1.05589
9.36652
71.2727
-0.650827
9.23283
54.2758
-0.236664
8.62368
37.8016
0.317726
7.35845
22.545
0.460474
5.59002
10.3333
0.933865
-14.7043
139.487
-8.67339
-9.74582
75.9171
-5.22224
-9.49088
58.6155
-4.4869
-7.14493
33.5205
-2.9307
-7.0832
25.937
-2.3998
-4.99567
12.3464
-0.916623
9.90849
92.9684
-1.05496
9.95536
75.8233
-0.67572
9.92003
58.45
-0.347529
9.13231
41.6113
-0.143487
8.24225
25.5011
-0.0492979
6.67462
12.0409
0.143562
-40.155
328.618
-22.132
-49.6347
325.371
-24.6552
-36.9211
185.951
-16.2388
-20.6617
80.7093
-8.29831
-25.6076
70.7716
-8.4932
-15.8581
22.7407
-2.71445
38.4225
328.485
-3.44911
38.144
260.003
-1.98111
29.5768
156.175
-0.111908
38.7613
149.123
-0.109748
27.1497
69.5859
1.07637
16.5958
26.2953
3.24144
0.288394
506.735
-19.1373
0.719799
403.179
-16.1476
1.68976
333.239
-14.5747
1.35267
199.494
-8.71846
4.65182
110.051
-5.27851
4.8472
27.9494
-0.558576
-2.82718
478.731
-19.1523
-2.11779
313.829
-13.5588
-2.43523
275.007
-13.3485
-3.14001
199.567
-10.8245
-0.974377
95.374
-5.39543
-0.442404
31.2039
-1.29179
-0.638736
9.98092
-0.577208
0.417641
5.57638
-0.549418
-0.923483
396.308
-14.5606
13.7613
13.0386
1.12389
0.142823
-1.06142
0.0295286
-7.0894
7.14879
0.0844751
-35.1824
317.219
-20.2504
-40.0073
294.538
-20.9962
-39.0455
226.045
-18.3347
-49.5793
212.954
-20.4744
-29.0944
98.2379
-11.1243
-21.5907
46.3091
-5.62496
43.2604
407.795
-4.76308
47.8837
367.874
-3.37531
37.6376
225.78
-1.20375
34.5169
158.609
-0.038373
30.2469
96.6805
0.622571
23.0599
45.6433
1.88714
0.173196
581.142
-21.3624
0.427211
379.288
-14.7579
1.14703
350.889
-14.5942
0.756529
212.162
-9.89958
3.21797
153.146
-7.47411
6.38729
70.706
-2.706
-2.51537
463.378
-17.9695
-2.74301
427.728
-17.6987
-2.3996
325.511
-14.7318
-2.37832
197.621
-9.49003
-1.53137
134.619
-7.52257
-0.517051
60.5574
-3.32139
-9.53348
19.8627
-0.785728
-5.11455
33.2415
-2.56416
