-5.14453
48.2492
-3.12123
6.94713
72.3768
-1.43037
0.535401
0.294091
0.174052
-0.232377
-0.0372976
-0.0877086
-4.81527
50.4109
-3.11543
7.435
75.619
-1.43081
0.20847
0.0130587
-0.102589
-0.364176
0.203077
0.151952
-10.2893
79.7308
-5.65216
-10.2045
62.8814
-4.99009
-12.2794
57.4479
-5.34338
-6.50937
22.8189
-2.66366
-6.83028
16.5726
-2.23261
-4.20688
6.05055
-1.03413
9.2703
79.7078
-1.374
9.23942
62.7982
-0.860162
6.67014
34.6205
-0.160823
9.99638
37.0585
0.13774
6.5789
16.1961
0.551385
4.22806
5.76931
1.28365
-9.62177
84.0045
-5.63614
-9.4981
66.9452
-4.91606
-10.1541
55.5264
-4.48784
-5.99606
25.2823
-2.11586
-6.07333
18.7871
-1.66502
-4.02342
6.809
0.0249574
9.95038
83.9543
-1.38197
9.97852
66.8252
-0.912754
7.16373
37.398
-0.391554
10.8929
41.1789
-0.429654
7.66374
18.3361
-0.0766577
3.51922
5.78276
0.22284
-0.768043
144.755
-6.10798
-2.27552
2.62607
-0.417083
-9.94821
98.6654
-6.23114
2.77112
2.37667
0.920269
19.144
197.332
-3.81928
-0.512595
-0.4528
0.231621
1.40345
0.517919
-0.247669
-1.30039
0.390753
-0.240578
0.125315
100.821
-4.06956
-2.5594
3.36616
0.992077
2.50571
3.25833
-0.257032
0.0490045
-0.0941577
0.10543
-10.2899
88.1258
-5.95628
-10.27
71.3126
-5.32622
-10.0731
54.4424
-4.62778
-9.58399
37.7552
-3.92448
-7.76436
23.1017
-2.85946
-5.70823
10.8446
-1.55332
9.26507
88.1204
-1.63637
9.26766
71.2632
-1.11465
9.14879
54.369
-0.584762
8.5645
37.9591
0.0682773
7.33141
22.7139
0.313871
5.58861
10.4531
0.865376
-14.447
138.657
-8.91978
-9.58315
75.5066
-5.29288
-9.35185
58.3525
-4.48613
-7.06009
33.4085
-2.88699
-7.02132
25.8699
-2.32463
-4.97569
12.3168
-0.84854
9.92769
92.4182
-1.6355
9.96913
75.425
-1.13821
9.93048
58.2019
-0.692443
9.15866
41.4784
-0.380904
8.27051
25.4567
-0.191607
6.69559
12.0301
0.0741535
-39.7243
327.502
-22.5865
-49.1432
324.645
-24.7884
-36.612
185.824
-16.1127
-20.5389
80.7817
-8.11376
-25.5337
70.9809
-8.15437
-15.8517
22.8621
-2.50162
38.258
327.38
-5.53524
37.9968
259.43
-3.58817
29.501
156.069
-1.056
38.7225
149.317
-1.00371
27.1805
69.7982
0.675079
16.6397
26.4356
3.0971
0.845138
503.859
-21.054
1.20547
401.223
-17.4589
2.12753
331.999
-15.4508
1.70303
198.974
-9.12003
4.84975
109.872
-5.37
4.89798
27.8842
-0.562071
-2.98908
478.302
-21.063
-2.24411
314.056
-14.6419
-2.5483
275.819
-14.1143
-3.25628
200.785
-11.1975
-1.04185
96.2993
-5.45368
-0.45612
31.7447
-1.23813
-0.630201
10.2139
-0.523668
0.423667
5.54686
-0.540552
-0.781947
394.661
-16.2641
13.8093
13.1476
1.03896
0.13893
-1.06497
0.0231663
-7.10617
7.17338
0.179839
-34.7997
316.008
-20.8229
-39.5915
293.691
-21.2668
-38.6846
225.7
-18.3084
-49.2064
213.013
-20.1529
-28.9734
98.4343
-10.7859
-21.5539
46.4912
-5.32397
43.0717
406.243
-7.37271
47.6862
366.838
-5.68064
37.5123
225.444
-2.58034
34.4603
158.663
-0.994589
30.2493
96.8867
0.0575234
23.11
45.8264
1.6218
0.77298
577.689
-23.6909
0.866203
377.266
-16.0974
1.5871
349.374
-15.6295
1.07742
211.488
-10.388
3.48749
152.831
-7.68732
6.51746
70.6028
-2.72768
-2.65495
462.658
-19.921
-2.90438
427.674
-19.2974
-2.53938
326.09
-15.7529
-2.46019
198.472
-9.98394
-1.62799
135.664
-7.70212
-0.555034
61.3075
-3.30315
-9.51612
19.8702
-0.634028
-5.04912
33.1598
-2.56017
