-5.1435
48.1403
-3.18329
6.91204
72.2117
-1.95656
0.53187
0.293105
0.170434
-0.229942
-0.0364106
-0.0860507
-4.75303
50.0138
-3.17813
7.49377
75.0242
-1.95829
0.206753
0.0122773
-0.102672
-0.359401
0.197897
0.152724
-10.2842
79.5454
-5.67691
-10.1891
62.7127
-4.93751
-12.2352
57.2656
-5.22622
-6.47972
22.7462
-2.56846
-6.78265
16.5311
-2.10705
-4.17148
6.05318
-0.952881
9.22489
79.5195
-1.96359
9.19472
62.6249
-1.32873
6.63141
34.5162
-0.423885
9.91853
36.9336
-0.177897
6.5204
16.1579
0.404024
4.18964
5.77828
1.21522
-9.49815
83.2509
-5.66112
-9.37696
66.2495
-4.86308
-10.0266
54.8432
-4.38279
-5.91232
24.9267
-2.01955
-5.97999
18.4609
-1.54607
-3.9732
6.64406
0.0892667
10.0239
83.2063
-1.97304
10.0341
66.1433
-1.38492
7.18583
36.9523
-0.658267
10.9014
40.5969
-0.750286
7.64068
18.0435
-0.224841
3.49889
5.6716
0.176464
-0.801469
144.427
-6.7286
-2.25526
2.63041
-0.376081
-9.88528
98.1588
-6.35594
2.74646
2.38561
0.884736
19.1696
196.318
-5.22295
-0.506761
-0.440598
0.235855
1.39441
0.517804
-0.253896
-1.28525
0.382035
-0.229743
0.226212
100.027
-4.48466
-2.53868
3.26486
1.02315
2.48686
3.18658
-0.285311
0.0489393
-0.0981162
0.10462
-10.2873
87.9263
-6.02887
-10.2604
71.1379
-5.30932
-10.0482
54.2843
-4.54872
-9.55137
37.6211
-3.80301
-7.71894
23.0321
-2.72855
-5.66304
10.8283
-1.44507
9.21886
87.9184
-2.28407
9.22329
71.0853
-1.6434
9.10294
54.2091
-0.994324
8.50671
37.838
-0.235924
7.26803
22.6459
0.117029
5.53836
10.4412
0.759736
-14.261
137.495
-9.02883
-9.46078
74.7772
-5.2756
-9.23464
57.695
-4.40655
-6.96879
32.9632
-2.78941
-6.91204
25.4621
-2.19771
-4.9041
12.0768
-0.750748
10.0043
91.6467
-2.28433
10.0334
74.7079
-1.67012
9.97386
57.5597
-1.10708
9.17576
40.9411
-0.688088
8.26174
25.0779
-0.390337
6.66239
11.8199
-0.0316358
-39.4673
325.622
-22.6862
-48.8065
322.497
-24.5181
-36.3282
184.347
-15.7287
-20.352
80.0627
-7.7956
-25.2569
70.2359
-7.64854
-15.6819
22.5737
-2.20492
38.3033
325.495
-7.89244
38.0173
257.698
-5.46023
29.4698
154.873
-2.1942
38.5784
147.92
-2.20004
27.0442
69.0807
0.102529
16.526
26.1598
2.84919
1.43172
499.353
-22.9104
1.73329
397.093
-18.7352
2.60496
327.965
-16.3224
2.08672
196.148
-9.52764
5.06942
108.027
-5.47256
4.91479
27.2517
-0.582617
-3.10876
477.177
-22.9106
-2.31127
313.187
-15.6883
-2.59395
274.943
-14.8884
-3.35898
200.115
-11.5758
-1.08681
96.071
-5.51725
-0.46387
31.8209
-1.19021
-0.617562
10.2783
-0.465058
0.426917
5.36436
-0.526795
-0.626495
392.633
-17.9216
13.7116
13.0216
0.891457
0.126549
-1.06965
0.0136716
-7.04416
7.04238
0.298677
-34.5786
314.304
-21.0789
-39.3297
291.88
-21.1949
-38.3989
224.064
-17.9857
-48.8081
211.177
-19.5079
-28.6782
97.4774
-10.2567
-21.3162
45.966
-4.88948
43.1266
404.042
-10.2875
47.7271
364.581
-8.32224
37.5138
223.817
-4.21613
34.3745
157.347
-2.21182
30.1171
95.9408
-0.714857
22.9819
45.3307
1.21802
1.39613
572.856
-25.9503
1.33925
373.634
-17.3932
2.07288
345.474
-16.6424
1.4057
208.709
-10.9001
3.80325
150.474
-7.91392
6.63195
69.2763
-2.76359
-2.76652
461.6
-21.8127
-3.01115
426.614
-20.844
-2.60422
325.127
-16.7508
-2.50632
197.824
-10.4756
-1.69415
135.249
-7.88949
-0.58013
61.2466
-3.28878
-9.39491
19.4425
-0.436269
-4.98285
32.782
-2.52053
