-5.14835
48.0992
-3.19554
6.9086
72.149
-2.14009
0.529306
0.291981
0.168688
-0.228535
-0.0360648
-0.0852605
-4.73759
49.8626
-3.19056
7.52145
74.7978
-2.14247
0.205635
0.0118917
-0.1025
-0.356668
0.195333
0.152718
-10.2919
79.4541
-5.66904
-10.1901
62.6067
-4.90607
-12.2203
57.125
-5.17458
-6.46523
22.6774
-2.53119
-6.75541
16.474
-2.05886
-4.15018
6.03456
-0.922109
9.22079
79.4262
-2.17118
9.18911
62.5162
-1.49574
6.62109
34.436
-0.518848
9.88671
36.8141
-0.296337
6.49074
16.1036
0.346574
4.16703
5.76392
1.18605
-9.46706
82.9425
-5.65284
-9.34381
65.9417
-4.83021
-9.98646
54.5174
-4.33393
-5.88021
24.7497
-1.97933
-5.93764
18.2933
-1.49942
-3.94668
6.55952
0.112532
10.059
82.8993
-2.1816
10.0607
65.8399
-1.55437
7.1941
36.7402
-0.756488
10.8969
40.301
-0.873181
7.6222
17.8893
-0.283079
3.48487
5.613
0.157324
-0.81234
144.303
-6.93117
-2.24274
2.62246
-0.360798
-9.8747
97.9664
-6.38056
2.73106
2.38085
0.868582
19.1988
195.933
-5.71285
-0.503947
-0.435546
0.236923
1.38793
0.51634
-0.255945
-1.27665
0.377503
-0.225215
0.259767
99.7249
-4.62024
-2.52527
3.21398
1.03247
2.47439
3.14858
-0.29649
0.0488664
-0.0997331
0.104059
-10.2965
87.8407
-6.03639
-10.2653
71.0398
-5.28851
-10.0432
54.1739
-4.51002
-9.53889
37.5114
-3.75307
-7.69402
22.9555
-2.67777
-5.63667
10.7914
-1.40389
9.21456
87.8312
-2.51104
9.21904
70.9851
-1.83058
9.09485
54.0978
-1.14149
8.48704
37.7352
-0.347076
7.23866
22.5706
0.041906
5.5108
10.4078
0.717174
-14.2149
137.038
-9.03976
-9.42903
74.4669
-5.25377
-9.20064
57.393
-4.36584
-6.9373
32.7449
-2.74745
-6.86588
25.2549
-2.14655
-4.86933
11.953
-0.713371
10.0406
91.3422
-2.51187
10.0643
74.4016
-1.85925
9.99416
57.2627
-1.25762
9.17856
40.6771
-0.803368
8.25027
24.8815
-0.467324
6.6395
11.7082
-0.0739527
-39.42
324.823
-22.6544
-48.7289
321.468
-24.3554
-36.2401
183.563
-15.5556
-20.2767
79.6529
-7.667
-25.1223
69.7833
-7.45229
-15.5908
22.3902
-2.09244
38.3581
324.69
-8.72348
38.0553
256.868
-6.12985
29.4658
154.238
-2.60791
38.5049
147.113
-2.65558
26.9611
68.6423
-0.121333
16.4536
25.9784
2.74584
1.62793
497.506
-23.5148
1.91296
395.259
-19.1526
2.76773
326.034
-16.613
2.21785
194.722
-9.66662
5.14502
107.063
-5.51182
4.91296
26.9233
-0.594142
-3.1434
476.621
-23.5117
-2.32398
312.641
-16.0294
-2.59796
274.271
-15.1493
-3.39245
199.472
-11.7062
-1.09879
95.7386
-5.54299
-0.466659
31.7414
-1.17787
-0.613492
10.2613
-0.445758
0.427561
5.27219
-0.521612
-0.574928
391.863
-18.4624
13.6473
12.9289
0.830046
0.120712
-1.0713
0.0100294
-7.00662
6.96598
0.341516
-34.5404
313.62
-21.1058
-39.2765
291.062
-21.1086
-38.3209
223.239
-17.8254
-48.6713
210.157
-19.2375
-28.5437
96.9112
-10.0486
-21.1947
45.6399
-4.72273
43.1912
403.157
-11.3093
47.7856
363.558
-9.25976
37.537
222.994
-4.80676
34.3365
156.612
-2.66541
30.042
95.3785
-1.01169
22.8997
45.0202
1.05634
1.60278
570.951
-26.6863
1.4996
372.084
-17.815
2.23967
343.672
-16.9754
1.51343
207.341
-11.0768
3.91514
149.26
-7.99483
6.66554
68.5789
-2.78096
-2.80105
461.145
-22.4288
-3.03878
426.016
-21.3476
-2.61319
324.454
-17.079
-2.51643
197.272
-10.6406
-1.7116
134.786
-7.95684
-0.587436
61.0453
-3.28795
-9.3323
19.2092
-0.363788
-4.96088
32.5935
-2.50115
