-5.21973
47.722
-3.21166
6.94329
71.5748
-3.27378
0.500596
0.27745
0.153642
-0.214841
-0.0335353
-0.078652
-4.69069
48.745
-3.20741
7.73718
73.1245
-3.28169
0.193981
0.00861978
-0.0995294
-0.329844
0.172819
0.149846
-10.4145
78.4982
-5.51707
-10.2429
61.4136
-4.63266
-12.1216
55.4666
-4.79765
-6.33342
21.8254
-2.28312
-6.48885
15.7128
-1.74133
-3.93757
5.73411
-0.721044
9.27015
78.4505
-3.46694
9.21484
61.297
-2.55241
6.56718
33.4865
-1.12832
9.62472
35.336
-1.09328
6.21138
15.3737
-0.0583654
3.93742
5.50651
0.959117
-9.36746
80.5242
-5.49407
-9.20597
63.3864
-4.53648
-9.76218
51.6796
-3.95773
-5.64913
23.1681
-1.69145
-5.58283
16.7756
-1.18498
-3.69727
5.8022
0.252368
10.334
80.4851
-3.48682
10.265
63.3078
-2.63566
7.23447
34.8927
-1.40242
10.782
37.6215
-1.71937
7.40364
16.4665
-0.695241
3.33304
5.07583
0.0148772
-0.887362
143.163
-8.09499
-2.11657
2.48394
-0.263002
-9.89837
96.4708
-6.41265
2.5704
2.27512
0.735488
19.5044
192.936
-8.74172
-0.480649
-0.397834
0.238479
1.31619
0.493586
-0.265983
-1.19303
0.336766
-0.190997
0.446831
97.4895
-5.39969
-2.38268
2.76643
1.06867
2.34306
2.80067
-0.374871
0.048352
-0.111156
0.0977537
-10.4344
86.9955
-5.97079
-10.3589
69.9661
-5.06774
-10.0354
52.8998
-4.20602
-9.44244
36.2073
-3.40557
-7.45401
21.9774
-2.34089
-5.3769
10.266
-1.13458
9.26308
86.9703
-3.92047
9.26342
69.8897
-3.00559
9.08818
52.8159
-2.08128
8.34777
36.4926
-1.07093
6.97633
21.6064
-0.474219
5.24001
9.92149
0.405703
-14.0754
133.555
-8.93531
-9.31584
71.9609
-5.01897
-9.03826
54.8228
-4.03348
-6.73666
30.8128
-2.44103
-6.50229
23.3874
-1.79208
-4.56182
10.8332
-0.469115
10.3248
89.0214
-3.92621
10.3051
71.917
-3.05325
10.1425
54.7203
-2.23127
9.14882
38.3341
-1.5783
8.09019
23.084
-1.00382
6.38901
10.6747
-0.378781
-39.4547
318.074
-22.0394
-48.5439
312.152
-22.9272
-35.7512
176.084
-14.2574
-19.7013
75.6135
-6.77847
-23.933
65.2092
-6.14164
-14.7326
20.5071
-1.35859
38.936
317.883
-13.9193
38.4614
249.328
-10.3851
29.4299
148.166
-5.28578
37.761
139.112
-5.77033
26.082
64.1935
-1.70032
15.6908
24.0757
1.96375
2.73261
482.995
-26.9818
2.95127
379.972
-21.5714
3.70961
309.159
-18.3606
2.97842
181.88
-10.546
5.5843
98.2365
-5.82478
4.83076
23.9517
-0.717561
-3.35307
470.796
-26.9579
-2.35324
306.521
-18.0003
-2.56557
266.354
-16.7471
-3.61341
191.512
-12.563
-1.16918
91.2666
-5.77986
-0.506101
30.2363
-1.16725
-0.604447
9.77703
-0.349582
0.429572
4.45992
-0.490908
-0.311122
385.874
-21.5659
12.963
11.908
0.370932
0.0722363
-1.07885
-0.0131043
-6.62618
6.22238
0.600982
-34.6081
308.081
-20.8777
-39.2386
283.9
-20.1939
-37.9868
215.551
-16.5482
-47.7911
200.228
-17.3139
-27.4071
91.2426
-8.64248
-20.0862
42.3177
-3.62031
43.8705
395.969
-17.6589
48.4074
354.567
-15.1643
37.7836
215.315
-8.60095
33.9509
149.43
-5.68982
29.2602
89.7357
-3.06463
22.0176
41.8367
-0.114243
2.74927
556.436
-30.9072
2.42204
359.532
-20.2388
3.21606
328.268
-18.9277
2.10015
195.19
-12.1965
4.59718
138.214
-8.55602
6.80461
62.1866
-2.96262
-3.02725
456.649
-25.9609
-3.18186
419.471
-24.2443
-2.59963
316.69
-19.0097
-2.56191
190.615
-11.6552
-1.80111
128.875
-8.44258
-0.645791
58.0857
-3.35792
-8.75218
17.0299
0.0824333
-4.82978
30.8934
-2.35023
