-5.23596
47.6239
-3.20934
6.95303
71.4259
-3.46057
0.49387
0.273872
0.15056
-0.211854
-0.03305
-0.0773337
-4.68816
48.5198
-3.20515
7.77556
72.7873
-3.46958
0.191358
0.00797265
-0.098743
-0.323933
0.168164
0.148906
-10.4425
78.2551
-5.4837
-10.2556
61.1179
-4.5818
-12.1016
55.0619
-4.73265
-6.30428
21.6174
-2.24215
-6.42992
15.5246
-1.68869
-3.89058
5.65644
-0.687713
9.28367
78.203
-3.68184
9.22261
60.9957
-2.72921
6.55635
33.2537
-1.23128
9.5679
34.976
-1.23258
6.14923
15.1926
-0.131578
3.88543
5.43812
0.915178
-9.3608
80.0297
-5.45897
-9.18947
62.8563
-4.48067
-9.72523
51.0839
-3.89008
-5.60473
22.8344
-1.64116
-5.50973
16.4556
-1.13208
-3.64296
5.64461
0.273323
10.383
79.9906
-3.70374
10.3
62.7808
-2.81774
7.23673
34.5044
-1.51348
10.7468
37.053
-1.86943
7.35063
16.1637
-0.769612
3.29803
4.96242
-0.0116523
-0.902647
142.867
-8.27954
-2.08867
2.44766
-0.247085
-9.91182
96.1474
-6.40785
2.53379
2.24591
0.708877
19.5627
192.288
-9.2411
-0.476072
-0.390748
0.237817
1.29949
0.487724
-0.267024
-1.1747
0.328308
-0.184515
0.474128
97.0389
-5.52333
-2.34989
2.67447
1.07045
2.31332
2.72754
-0.388694
0.0483099
-0.113132
0.0962573
-10.4658
86.7779
-5.95075
-10.3807
69.6964
-5.02417
-10.0349
52.5867
-4.15162
-9.42143
35.8915
-3.34667
-7.40083
21.7375
-2.285
-5.3196
10.1341
-1.09007
9.27651
86.7493
-4.15349
9.27559
69.6153
-3.20117
9.08837
52.5012
-2.23952
8.31827
36.1891
-1.19447
6.91868
21.3697
-0.565825
5.17916
9.79831
0.347889
-14.0679
132.848
-8.90372
-9.3056
71.4447
-4.97201
-9.01507
54.2864
-3.9722
-6.70053
30.4058
-2.38714
-6.42952
22.9932
-1.73132
-4.49681
10.598
-0.429084
10.3755
88.55
-4.16019
10.3474
71.4039
-3.25284
10.1659
54.1877
-2.39675
9.13382
37.8395
-1.71354
8.0485
22.7017
-1.0997
6.33061
10.4551
-0.434355
-39.4946
316.599
-21.9039
-48.5404
310.099
-22.6589
-35.668
174.429
-14.028
-19.5858
74.715
-6.62724
-23.6812
64.1904
-5.92197
-14.5464
20.0881
-1.2375
39.0458
316.394
-14.7822
38.534
247.666
-11.0995
29.4091
146.818
-5.741
37.5824
137.333
-6.32027
25.876
63.2006
-1.98518
15.5158
23.6468
1.81561
2.89563
480.025
-27.5324
3.1086
376.794
-21.9603
3.85249
305.61
-18.6523
3.09386
179.162
-10.7005
5.65017
96.3654
-5.89107
4.80659
23.33
-0.746821
-3.39429
469.318
-27.5053
-2.35703
305.01
-18.3173
-2.55867
264.422
-17.018
-3.6563
189.573
-12.72
-1.18429
90.1577
-5.83554
-0.518674
29.8335
-1.1779
-0.606972
9.63932
-0.338476
0.42996
4.29317
-0.48657
-0.27913
384.579
-22.0575
12.8061
11.6741
0.285497
0.0626784
-1.07919
-0.0166548
-6.54097
6.06143
0.640628
-34.6516
306.876
-20.8075
-39.2615
282.329
-20.0126
-37.9414
213.853
-16.3166
-47.6274
198.025
-16.9821
-27.1702
89.9802
-8.4057
-19.8487
41.5778
-3.43664
44.0002
394.406
-18.7092
48.523
352.592
-16.1495
37.8209
213.617
-9.24265
33.8516
147.832
-6.21473
29.0753
88.4784
-3.43012
21.812
41.1252
-0.329134
2.91571
553.489
-31.5763
2.56128
356.942
-20.6251
3.36589
325.045
-19.2458
2.18386
192.626
-12.3912
4.7051
135.872
-8.66278
6.81595
60.8354
-3.00676
-3.07271
455.494
-26.521
-3.20879
417.83
-24.7066
-2.59453
314.785
-19.3259
-2.57178
188.991
-11.8293
-1.81761
127.427
-8.53905
-0.66088
57.3357
-3.38456
-8.62668
16.5673
0.151432
-4.80735
30.5304
-2.3235
