1.98979
-23.5518
0.460715
-2.26571
-35.3624
0.764542
-0.351787
-0.20091
-0.0957571
0.136906
0.0200091
0.045112
1.79865
-23.525
0.47023
-2.57002
-35.2857
0.739448
-0.122565
-0.00385879
0.0580417
0.252875
-0.136359
-0.102762
4.10202
-41.2143
0.595686
4.40448
-34.9089
0.346529
5.82849
-34.4384
0.346203
3.39435
-14.4252
0.23452
3.86555
-11.1164
0.217524
2.45407
-4.33269
0.117744
-3.10138
-41.2863
0.639816
-3.4802
-34.8797
0.22253
-2.99199
-20.4873
-0.094765
-5.31665
-23.7288
-0.481861
-3.91597
-10.8064
-0.535601
-2.70023
-4.1122
-0.844769
3.68934
-41.234
0.654386
4.05459
-35.1339
0.444639
4.94347
-31.2707
0.368833
3.29024
-14.8755
0.115776
3.77372
-11.5785
-0.0414422
2.69486
-4.34439
-0.518799
-3.49439
-41.3225
0.546622
-3.81101
-35.1724
0.0782083
-3.18776
-20.895
-0.183313
-5.52461
-24.6189
-0.419974
-4.18513
-11.3266
-0.259855
-1.99932
-3.59881
-0.199643
0.689462
-70.6977
1.4267
1.33922
-1.94953
0.0154317
3.80417
-47.069
0.938138
-1.80481
-1.77559
-0.586451
-6.53529
-94.175
1.97988
0.216946
0.210928
-0.176826
-0.886915
-0.341072
0.191377
0.82556
-0.242647
0.135214
0.0742996
-47.0645
0.952167
1.77992
-2.17029
-0.912878
-1.45113
-2.03919
0.123701
0.0138048
0.0574064
-0.088173
4.01427
-44.1363
0.757184
4.24321
-38.1744
0.456671
4.55913
-31.3584
0.291841
4.69932
-23.325
0.289278
4.27285
-15.0901
0.269301
3.28364
-7.47996
0.128907
-3.03427
-44.2179
0.834998
-3.25383
-38.2014
0.430041
-3.73989
-31.2441
0.0306154
-4.18052
-23.2788
-0.243084
-4.16371
-14.8102
-0.462117
-3.45641
-7.16766
-0.649987
5.40892
-66.1608
1.19073
3.84767
-38.2904
0.542343
4.25326
-31.6919
0.385428
3.62955
-19.3372
0.202095
4.14861
-15.6555
0.0962959
3.21335
-7.70379
-0.246716
-3.43241
-44.1661
0.790945
-3.63023
-38.3638
0.299601
-4.02255
-31.6864
-0.104389
-4.41142
-23.9214
-0.323917
-4.36551
-15.4707
-0.307853
-3.7545
-7.52176
-0.22962
15.6531
-164.85
2.44495
20.8742
-175.026
1.93787
17.2665
-107.589
1.20539
10.8005
-48.9709
0.665609
14.9226
-45.4865
0.548944
9.61248
-15.4727
-0.266468
-13.4274
-165.117
2.31848
-14.7247
-139.943
0.571343
-13.2586
-89.6635
-0.584751
-19.9638
-91.7494
-1.58008
-15.3395
-44.5052
-1.40704
-9.88984
-17.5345
-2.09508
0.700571
-247.853
3.58488
1.05238
-211.251
1.61909
0.77384
-187.233
0.422079
0.177978
-118.483
-0.223752
-1.37549
-68.1301
-0.688159
-2.07218
-17.6931
-0.816921
3.11735
-247.734
3.67837
2.49601
-174.82
1.49242
1.94579
-164.794
0.420043
1.41006
-128.67
-0.29333
-0.000884087
-64.8749
-0.684857
-0.593791
-23.2785
-0.859833
-0.306744
-8.06321
-0.27265
0.0755097
-3.5831
-0.0182566
1.04131
-188.325
3.87194
-8.36254
-9.11171
-0.570034
-0.0316216
0.593292
0.110445
4.45709
-4.91233
-0.768691
13.4483
-154.389
2.67045
16.1342
-152.876
1.94311
17.3604
-126.068
1.32181
24.1062
-127.411
1.46826
16.3509
-61.6253
0.87798
12.8766
-30.4452
0.0949086
-14.7519
-198.835
3.61867
-17.5355
-191.26
1.74152
-15.5529
-125.706
-0.15503
-16.8382
-94.3541
-1.19516
-16.3871
-60.6034
-1.42152
-13.4668
-29.7872
-1.55884
0.442302
-275.867
4.8936
0.820572
-191.929
2.14211
0.984648
-190.538
0.899461
0.426321
-122.534
0.0632215
-0.519726
-93.0743
-0.412605
-2.50544
-44.4625
-1.07524
2.589
-232.001
4.14092
3.13557
-229.445
2.6557
2.5668
-188.191
1.01967
1.29198
-122.548
0.0969378
0.586767
-89.1549
-0.490886
-0.466383
-42.6038
-0.789686
6.37075
-13.1629
-1.06053
2.53891
-19.1592
0.171158
