-5.25246
47.5114
-3.20692
6.96224
71.2553
-3.64453
0.48669
0.270018
0.147373
-0.20872
-0.0325503
-0.0759814
-4.68628
48.2819
-3.20276
7.8128
72.431
-3.65466
0.188588
0.00731446
-0.0978854
-0.317709
0.163342
0.147841
-10.4709
77.9832
-5.45075
-10.268
60.7937
-4.53198
-12.0797
54.6235
-4.66957
-6.27315
21.393
-2.2025
-6.36769
15.3218
-1.63748
-3.84111
5.57233
-0.655215
9.29647
77.9266
-3.89374
9.22932
60.6657
-2.9038
6.54399
33.0011
-1.33314
9.50695
34.5883
-1.37138
6.08313
14.9973
-0.205101
3.83022
5.36363
0.870307
-9.3553
79.5099
-5.42418
-9.17343
62.3006
-4.4256
-9.68747
50.4609
-3.82359
-5.55872
22.4858
-1.59176
-5.43352
16.1225
-1.08048
-3.58579
5.48137
0.292985
10.4305
79.4705
-3.9177
10.3331
62.228
-2.99779
7.23685
34.0981
-1.62374
10.7068
36.459
-2.01933
7.29342
15.8476
-0.844139
3.26078
4.84447
-0.0384109
-0.918896
142.528
-8.46112
-2.05933
2.40831
-0.231647
-9.92616
95.7969
-6.40279
2.49492
2.2139
0.681523
19.6186
191.585
-9.73301
-0.4714
-0.383559
0.236872
1.28169
0.481371
-0.267815
-1.15542
0.319558
-0.177928
0.499971
96.563
-5.64498
-2.31498
2.57958
1.07081
2.28187
2.65164
-0.402389
0.0482949
-0.115064
0.0946516
-10.4977
86.5315
-5.93082
-10.4024
69.398
-4.98133
-10.0335
52.2457
-4.09851
-9.39849
35.551
-3.28943
-7.34445
21.4793
-2.2307
-5.25923
9.9917
-1.04677
9.28925
86.4994
-4.38312
9.28693
69.3119
-3.39411
9.08713
52.1585
-2.39598
8.28613
35.861
-1.31695
6.85726
21.1149
-0.657425
5.1145
9.66516
0.289469
-14.0624
132.103
-8.87218
-9.29625
70.903
-4.92558
-8.99183
53.7247
-3.91181
-6.66329
29.9806
-2.33424
-6.35395
22.5822
-1.67184
-4.42875
10.3535
-0.390335
10.4247
88.0532
-4.39079
10.388
70.8649
-3.44992
10.1872
53.6298
-2.56068
9.11529
37.3224
-1.84821
8.00267
22.3024
-1.19563
6.26824
10.2263
-0.49014
-39.5374
315.016
-21.7701
-48.5376
307.91
-22.3951
-35.581
172.674
-13.8034
-19.4647
73.7652
-6.47964
-23.4173
63.1162
-5.70766
-14.3508
19.6474
-1.11974
39.1504
314.797
-15.6332
38.6001
245.895
-11.8054
29.3802
145.388
-6.19197
37.3873
135.454
-6.86921
25.6546
62.1533
-2.27084
15.3297
23.1941
1.66532
3.05053
476.902
-28.0752
3.25927
373.461
-22.3453
3.9894
301.897
-18.9441
3.20443
176.322
-10.857
5.7127
94.4149
-5.9613
4.77994
22.6851
-0.778236
-3.43846
467.666
-28.0451
-2.36218
303.354
-18.6314
-2.55339
262.329
-17.2899
-3.70141
187.484
-12.8811
-1.20124
88.963
-5.89604
-0.533436
29.3946
-1.19225
-0.61096
9.48796
-0.329082
0.430461
4.12122
-0.482608
-0.251419
383.175
-22.541
12.6393
11.4266
0.199449
0.0529429
-1.0791
-0.0199721
-6.45089
5.89334
0.678199
-34.698
305.577
-20.7376
-39.2862
280.648
-19.834
-37.8942
212.048
-16.0895
-47.4559
195.694
-16.6581
-26.9219
88.6476
-8.17473
-19.5996
40.7985
-3.25762
44.1245
392.72
-19.7442
48.6314
350.48
-17.1221
37.8504
211.814
-9.87771
33.7398
146.138
-6.73689
28.8753
87.1511
-3.79564
21.5919
40.375
-0.545439
3.07306
550.383
-32.235
2.69448
354.224
-21.0065
3.5099
321.669
-19.5619
2.26276
189.946
-12.5874
4.80942
133.428
-8.77309
6.82366
59.4291
-3.05475
-3.12118
454.187
-27.0725
-3.23812
416.015
-25.1633
-2.59079
312.711
-19.6407
-2.58346
187.238
-12.0048
-1.83558
125.867
-8.64002
-0.678177
56.5255
-3.41571
-8.49469
16.0862
0.217016
-4.78442
30.1496
-2.29749
