-5.28449
47.2363
-3.20359
6.97645
70.839
-4.00075
0.471151
0.261581
0.140781
-0.202098
-0.0315145
-0.0732164
-4.6829
47.7654
-3.19945
7.88088
71.6574
-4.01314
0.182685
0.00599297
-0.0959783
-0.304495
0.153345
0.145357
-10.5253
77.3457
-5.39009
-10.289
60.0588
-4.43914
-12.0288
53.6515
-4.55268
-6.20495
20.9001
-2.12877
-6.23466
14.8782
-1.54114
-3.73606
5.3873
-0.593758
9.3164
77.2796
-4.30453
9.23637
59.9188
-3.24294
6.51312
32.4395
-1.53146
9.37228
33.7387
-1.64406
5.94002
14.5695
-0.351052
3.71139
5.19844
0.779063
-9.34473
78.3946
-5.35955
-9.14021
61.1191
-4.32161
-9.60772
49.1457
-3.69776
-5.46196
21.7529
-1.49784
-5.27312
15.426
-0.983214
-3.4641
5.14319
0.32764
10.5171
78.3542
-4.33273
10.3906
61.0514
-3.34813
7.22926
33.2392
-1.83937
10.6118
35.2096
-2.31455
7.1673
15.185
-0.99143
3.18054
4.59862
-0.0917358
-0.95425
141.699
-8.81494
-1.99719
2.3217
-0.202693
-9.95417
95.0051
-6.39563
2.41137
2.1424
0.625427
19.7159
189.999
-10.6857
-0.46192
-0.369059
0.234129
1.24326
0.467366
-0.268561
-1.11455
0.301478
-0.164626
0.546939
95.5296
-5.88198
-2.23963
2.38417
1.06705
2.21468
2.49404
-0.428875
0.0483654
-0.118703
0.0911449
-10.5594
85.9419
-5.89515
-10.4432
68.7107
-4.90173
-10.0261
51.4818
-3.99953
-9.34579
34.802
-3.18263
-7.22301
20.9138
-2.12893
-5.13077
9.67985
-0.965241
9.3091
85.9026
-4.82805
9.30372
68.6143
-3.76845
9.07752
51.3912
-2.70035
8.21264
35.137
-1.55596
6.72355
20.5566
-0.838209
4.97494
9.37265
0.172489
-14.0525
130.496
-8.81515
-9.27735
69.7466
-4.83837
-8.94301
52.535
-3.79739
-6.58474
29.0851
-2.23395
-6.19536
21.7207
-1.55913
-4.28488
9.84409
-0.318159
10.5146
86.9809
-4.83767
10.4609
69.7133
-3.83271
10.2206
52.4467
-2.88035
9.0668
36.2323
-2.11246
7.89902
21.4637
-1.38488
6.13292
9.74772
-0.600582
-39.6186
311.511
-21.5229
-48.5206
303.142
-21.9001
-35.39
168.898
-13.3814
-19.2059
71.7327
-6.20167
-22.858
60.8317
-5.30294
-13.9359
18.7153
-0.898247
39.3308
311.262
-17.2837
38.7007
242.04
-13.178
29.2917
142.306
-7.07139
36.946
131.442
-7.94944
25.1688
59.9242
-2.83628
14.9279
22.2309
1.3628
3.33377
470.199
-29.1368
3.53824
366.371
-23.1038
4.2433
294.053
-19.5274
3.40922
170.351
-11.1757
5.8262
90.3319
-6.11286
4.72013
21.3466
-0.846759
-3.53647
463.798
-29.1015
-2.37848
299.609
-19.2516
-2.55023
257.687
-17.8356
-3.7984
182.906
-13.2155
-1.24165
86.3484
-6.03109
-0.569938
28.4223
-1.23176
-0.6236
9.14922
-0.315626
0.431952
3.76771
-0.475981
-0.209409
380.005
-23.4828
12.2804
10.8988
0.0285181
0.0333321
-1.07743
-0.0257038
-6.25834
5.54136
0.745767
-34.788
302.672
-20.6124
-39.3296
276.961
-19.5003
-37.7867
208.143
-15.6629
-47.0838
190.699
-16.0488
-26.3944
85.8059
-7.73919
-19.0718
39.145
-2.91982
44.3409
388.954
-21.7501
48.8107
345.845
-19.0102
37.8754
207.909
-11.1146
33.4747
142.504
-7.76018
28.4315
84.3211
-4.51673
21.1124
38.781
-0.97574
3.35837
543.682
-33.5202
2.94064
348.421
-21.7549
3.77807
314.515
-20.1886
2.40567
184.299
-12.9831
5.00484
128.301
-9.0034
6.82812
56.4943
-3.16149
-3.22741
451.066
-28.1491
-3.30537
411.841
-26.0601
-2.59002
308.07
-20.2664
-2.61355
183.373
-12.3601
-1.87707
122.456
-8.85493
-0.720071
54.7472
-3.49126
-8.21406
15.0844
0.335515
-4.73642
29.3426
-2.24938
