-5.2991
47.0703
-3.20358
6.98013
70.5882
-4.17145
0.462886
0.25705
0.137423
-0.198655
-0.0309817
-0.071824
-4.68058
47.4852
-3.19941
7.91028
71.2377
-4.18496
0.179593
0.0053436
-0.0949403
-0.297589
0.148243
0.143948
-10.5497
76.9764
-5.36425
-10.2964
59.6478
-4.39788
-11.9989
53.121
-4.50054
-6.16787
20.6341
-2.09544
-6.16453
14.6401
-1.49686
-3.68114
5.28772
-0.565282
9.32177
76.9056
-4.50156
9.23508
59.5018
-3.40585
6.49385
32.132
-1.62691
9.29836
33.2813
-1.77625
5.8635
14.3397
-0.422493
3.6484
5.10889
0.733335
-9.33806
77.7993
-5.33163
-9.12169
60.4965
-4.27456
-9.5648
48.4597
-3.64019
-5.4112
21.3728
-1.45437
-5.18962
15.0675
-0.938481
-3.40025
4.9709
0.34227
10.5542
77.7581
-4.53188
10.4133
60.4309
-3.51665
7.22091
32.7906
-1.9435
10.5567
34.5618
-2.45788
7.09893
14.843
-1.0631
3.13801
4.47257
-0.117869
-0.97327
141.199
-8.98693
-1.9648
2.27509
-0.1894
-9.96613
94.5589
-6.39531
2.36718
2.10342
0.597108
19.7538
189.105
-11.1424
-0.45718
-0.361838
0.232332
1.22286
0.459809
-0.268475
-1.09322
0.292292
-0.157998
0.567927
94.9691
-5.99716
-2.19961
2.28525
1.06285
2.1794
2.41361
-0.441412
0.0484603
-0.120363
0.0892615
-10.5874
85.5934
-5.88127
-10.4605
68.3199
-4.8668
-10.0191
51.0602
-3.95526
-9.31551
34.3969
-3.13433
-7.15839
20.6099
-2.08242
-5.06342
9.51247
-0.927688
9.31445
85.5504
-5.04135
9.30743
68.2182
-3.94809
9.06773
50.9678
-2.84674
8.17067
34.7439
-1.6712
6.65152
20.2565
-0.926225
4.90069
9.21523
0.114756
-14.0456
129.631
-8.79247
-9.2663
69.1337
-4.79951
-8.9163
51.9115
-3.74516
-6.54304
28.6198
-2.18779
-6.11283
21.2758
-1.50706
-4.20978
9.58282
-0.285419
10.5535
86.4039
-5.05193
10.4913
69.1024
-4.01658
10.2313
51.8261
-3.03439
9.0364
35.6652
-2.24039
7.84143
21.0297
-1.47688
6.06067
9.50146
-0.654374
-39.6506
309.582
-21.4171
-48.4997
300.569
-21.6779
-35.2826
166.893
-13.1897
-19.0679
70.6612
-6.07427
-22.565
59.6366
-5.11617
-13.7188
18.2308
-0.796379
39.3994
309.318
-18.0756
38.7291
239.962
-13.8378
29.2292
140.666
-7.49521
36.6996
129.332
-8.47364
24.9061
58.7573
-3.11204
14.7146
21.7272
1.21283
3.46123
466.621
-29.6556
3.66556
362.634
-23.4775
4.35947
289.96
-19.8187
3.50275
167.255
-11.3375
5.87655
88.2277
-6.19374
4.68747
20.6635
-0.88344
-3.59042
461.561
-29.618
-2.39043
297.518
-19.5578
-2.55345
255.153
-18.109
-3.85021
180.44
-13.3884
-1.26549
84.9453
-6.1053
-0.591809
27.8959
-1.25667
-0.63234
8.96444
-0.311613
0.433013
3.58912
-0.473382
-0.195216
378.218
-23.9404
12.0904
10.6225
-0.0548919
0.023654
-1.07573
-0.0280233
-6.157
5.3603
0.775148
-34.8257
301.054
-20.5635
-39.342
274.954
-19.3528
-37.7219
206.054
-15.4701
-46.8802
188.059
-15.7709
-26.1167
84.3143
-7.5388
-18.7958
38.2825
-2.76396
44.4249
386.859
-22.7118
48.8732
343.323
-19.9169
37.8655
205.82
-11.7101
33.3198
140.581
-8.25517
28.1884
82.8361
-4.86743
20.8552
37.9482
-1.18652
3.48559
540.076
-34.1463
3.05272
345.344
-22.122
3.90124
310.764
-20.4993
2.4696
181.363
-13.1818
5.09486
125.652
-9.12288
6.8249
54.9874
-3.21981
-3.28505
449.223
-28.6737
-3.34373
409.47
-26.5004
-2.59415
305.511
-20.5775
-2.63245
181.277
-12.5397
-1.90107
120.624
-8.96847
-0.744915
53.7914
-3.53539
-8.06686
14.5717
0.387328
-4.71099
28.9204
-2.22806
