-5.33161
46.4384
-3.21492
6.96987
69.6351
-4.64533
0.436681
0.242528
0.127384
-0.188055
-0.0293442
-0.0677215
-4.66598
46.5476
-3.21058
7.97131
69.8329
-4.66202
0.169994
0.00352184
-0.0915613
-0.276185
0.132948
0.13912
-10.6003
75.646
-5.31478
-10.2971
58.2402
-4.30415
-11.8862
51.3716
-4.37822
-6.04462
19.7733
-2.01352
-5.94358
13.8785
-1.38396
-3.51075
4.96897
-0.491396
9.30923
75.5611
-5.04882
9.20262
58.0768
-3.85905
6.41623
31.1137
-1.89298
9.04944
31.8074
-2.14703
5.6173
13.6029
-0.625109
3.44914
4.8195
0.599453
-9.30255
75.8629
-5.27587
-9.05018
58.5206
-4.16355
-9.41801
46.3255
-3.49849
-5.24927
20.2033
-1.34368
-4.9299
13.9793
-0.82495
-3.20052
4.45669
0.373513
10.6303
75.8186
-5.08526
10.4482
58.4595
-3.98599
7.17394
31.3915
-2.23441
10.361
32.5713
-2.85954
6.87584
13.8011
-1.2641
3.00372
4.09282
-0.191708
-1.03467
139.299
-9.48157
-1.86488
2.12613
-0.15541
-9.98298
92.9893
-6.41698
2.22802
1.97673
0.513522
19.8036
185.962
-12.4103
-0.443332
-0.340791
0.225289
1.15834
0.435516
-0.266186
-1.02716
0.264987
-0.138713
0.620479
93.0932
-6.32827
-2.07268
1.99288
1.04073
2.0695
2.17311
-0.474788
0.0490354
-0.124446
0.0831974
-10.6488
84.3024
-5.86532
-10.4907
66.9484
-4.79149
-9.97784
49.6448
-3.85191
-9.20564
33.0793
-3.01662
-6.9514
19.6337
-1.96537
-4.85325
8.97767
-0.831436
9.302
84.2486
-5.63363
9.28979
66.8313
-4.44732
9.01025
49.5475
-3.25445
8.02044
33.4598
-1.99276
6.41648
19.2924
-1.17426
4.66405
8.71038
-0.050718
-14.002
126.779
-8.76292
-9.21737
67.1661
-4.71242
-8.81991
49.9529
-3.61815
-6.40575
27.1824
-2.07193
-5.85501
19.9174
-1.37426
-3.97606
8.79471
-0.204269
10.634
84.5002
-5.6469
10.5482
67.1391
-4.52798
10.2316
49.8746
-3.46396
8.91845
33.9104
-2.59831
7.64727
19.7014
-1.73487
5.82994
8.7554
-0.805165
-39.6707
303.05
-21.2118
-48.3437
292.142
-21.1622
-34.8931
160.499
-12.7238
-18.6188
67.2922
-5.75435
-21.6469
55.9311
-4.6377
-13.043
16.746
-0.536248
39.4786
302.74
-20.276
38.6913
233.161
-15.675
28.952
135.422
-8.67783
35.856
122.726
-9.94284
24.0494
55.136
-3.88881
14.0381
20.1701
0.780976
3.78402
454.981
-31.1625
3.99498
350.767
-24.5772
4.66187
277.216
-20.69
3.74526
157.741
-11.8303
5.99911
81.8325
-6.45357
4.5815
18.6198
-1.00049
-3.77087
453.515
-31.1198
-2.44472
290.376
-20.4627
-2.58728
246.791
-18.9285
-4.0172
172.493
-13.9271
-1.35295
80.4563
-6.35197
-0.672057
26.1998
-1.35004
-0.668383
8.36482
-0.310399
0.437869
3.06343
-0.468792
-0.179059
371.935
-25.256
11.4911
9.76833
-0.28858
-0.0037087
-1.0666
-0.0323026
-5.83958
4.81358
0.842504
-34.8721
295.47
-20.5065
-39.3039
268.277
-19.0288
-37.4557
199.31
-15.0103
-46.1796
179.727
-15.0833
-25.2372
79.6617
-7.0296
-17.9352
35.6217
-2.36419
44.5339
379.633
-25.3827
48.9044
334.935
-22.4383
37.7167
199.076
-13.3702
32.7564
134.495
-9.63953
27.3801
78.2067
-5.85288
20.0275
35.3741
-1.78322
3.8032
528.182
-35.9545
3.34141
335.468
-23.1955
4.22287
298.978
-21.4214
2.63217
172.287
-13.7767
5.32903
117.555
-9.495
6.79431
50.4356
-3.41147
-3.47366
442.406
-30.1902
-3.47868
401.165
-27.7894
-2.62978
296.933
-21.5042
-2.70633
174.443
-13.0854
-1.98787
114.749
-9.33041
-0.835724
50.7326
-3.69086
-7.60628
13.034
0.507289
-4.62664
27.6035
-2.17941
