-5.33708
46.1779
-3.22362
6.95733
69.2427
-4.78844
0.427637
0.23747
0.124122
-0.1845
-0.0287909
-0.0664082
-4.65712
46.2
-3.21919
7.98037
69.3119
-4.80608
0.166753
0.0029778
-0.0903676
-0.268958
0.127966
0.137331
-10.6067
75.1232
-5.31007
-10.2878
57.713
-4.2852
-11.8394
50.7417
-4.35092
-5.99948
19.4698
-1.99315
-5.86743
13.6137
-1.35402
-3.45311
4.85836
-0.471218
9.29279
75.0338
-5.21409
9.1798
57.5443
-3.9961
6.38263
30.7453
-1.9736
8.95728
31.2902
-2.25972
5.5306
13.3463
-0.687351
3.38039
4.71813
0.55688
-9.28274
75.1672
-5.26912
-9.0187
57.8308
-4.13908
-9.36141
45.5986
-3.46394
-5.192
19.8105
-1.31478
-4.84131
13.6198
-0.795225
-3.13227
4.29026
0.379279
10.6408
75.1217
-5.25243
10.4462
57.7706
-4.12799
7.15003
30.9136
-2.32254
10.2856
31.9042
-2.98118
6.79643
13.4558
-1.32488
2.95752
3.96858
-0.214184
-1.05618
138.516
-9.63889
-1.83131
2.07456
-0.146315
-9.97923
92.3812
-6.43402
2.18027
1.93216
0.486756
19.7935
184.744
-12.7933
-0.438931
-0.334106
0.222413
1.13612
0.427045
-0.264703
-1.00488
0.256189
-0.132615
0.63451
92.3978
-6.43351
-2.02879
1.89934
1.03014
2.03225
2.09518
-0.484156
0.0493378
-0.125444
0.0810672
-10.6586
83.7824
-5.87095
-10.4907
66.4224
-4.7786
-9.95554
49.1254
-3.82934
-9.16173
32.612
-2.98802
-6.87868
19.2925
-1.93502
-4.78165
8.79216
-0.805665
9.28564
83.7251
-5.81248
9.27167
66.3005
-4.59818
8.97957
49.0266
-3.37785
7.96139
33.0021
-2.09018
6.33235
18.9554
-1.24998
4.58166
8.53462
-0.102112
-13.9754
125.737
-8.76954
-9.19317
66.4699
-4.69576
-8.78038
49.2778
-3.58809
-6.35521
26.6972
-2.04248
-5.76637
19.4655
-1.33934
-3.89647
8.53636
-0.183791
10.6459
83.8053
-5.82655
10.5529
66.4437
-4.68257
10.219
49.2012
-3.59401
8.86969
33.3169
-2.70672
7.57593
19.2585
-1.813
5.74958
8.50974
-0.85068
-39.6407
300.614
-21.1905
-48.2487
289.109
-21.0526
-34.7351
158.267
-12.6125
-18.4569
66.1359
-5.67229
-21.3315
54.6806
-4.51016
-12.8132
16.2521
-0.467086
39.4521
300.289
-20.9408
38.6284
230.717
-16.2308
28.8255
133.586
-9.03626
35.54
120.47
-10.3882
23.7442
53.9129
-4.12523
13.8043
19.6469
0.646299
3.8715
450.799
-31.6478
4.08671
346.622
-24.9367
4.74692
272.873
-20.9791
3.81307
154.551
-11.9964
6.02993
79.7178
-6.54501
4.5444
17.9566
-1.04114
-3.83639
450.357
-31.6041
-2.46948
287.708
-20.7599
-2.60753
243.779
-19.2004
-4.07593
169.702
-14.1125
-1.38754
78.8959
-6.44134
-0.703567
25.6079
-1.38675
-0.683616
8.15449
-0.313539
0.440158
2.89612
-0.46842
-0.181878
369.501
-25.6742
11.2852
9.48176
-0.358875
-0.0119645
-1.06205
-0.0327239
-5.73114
4.63462
0.857295
-34.855
293.346
-20.5257
-39.2554
265.833
-18.9701
-37.3352
196.922
-14.9054
-45.9106
176.852
-14.9123
-24.9307
78.0803
-6.89588
-17.6417
34.7295
-2.2573
44.5103
376.888
-26.1893
48.8502
331.866
-23.2005
37.6195
196.688
-13.8728
32.5335
132.39
-10.059
27.0861
76.6344
-6.15235
19.7368
34.5089
-1.96567
3.88776
523.841
-36.5328
3.42127
331.974
-23.5441
4.31345
294.915
-21.7255
2.67716
169.221
-13.9734
5.39405
114.86
-9.6226
6.77751
48.9419
-3.48008
-3.54066
439.663
-30.6756
-3.53002
397.986
-28.2083
-2.65037
293.79
-21.8108
-2.7368
172.013
-13.2693
-2.02195
112.7
-9.45722
-0.871399
49.6704
-3.74965
-7.44872
12.5341
0.534098
-4.59516
27.1541
-2.16933
