-5.33908
45.8901
-3.23526
6.9393
68.8094
-4.9232
0.418518
0.232347
0.120935
-0.180969
-0.0282364
-0.0651352
-4.64556
45.8335
-3.23072
7.98275
68.7627
-4.94174
0.163522
0.00247515
-0.0891507
-0.26175
0.123094
0.135461
-10.6064
74.5583
-5.31226
-10.2726
57.1572
-4.27335
-11.7872
50.0913
-4.33121
-5.95228
19.1602
-1.97662
-5.79052
13.3458
-1.32837
-3.39555
4.74671
-0.45352
9.26896
74.4648
-5.3697
9.14983
56.9834
-4.1252
6.34464
30.364
-2.04962
8.86051
30.7639
-2.36596
5.44205
13.0863
-0.746331
3.31101
4.61531
0.515766
-9.25756
74.4463
-5.26935
-8.98224
57.1277
-4.12195
-9.30017
44.8685
-3.43675
-5.13304
19.4194
-1.29048
-4.7522
13.2656
-0.770091
-3.06368
4.12823
0.382542
10.6426
74.3994
-5.40982
10.4362
57.0682
-4.26173
7.12159
30.4329
-2.40553
10.2051
31.2409
-3.09545
6.71496
13.1148
-1.38188
2.91099
3.84688
-0.23532
-1.07796
137.651
-9.7922
-1.79793
2.0226
-0.138449
-9.96933
91.7269
-6.45693
2.13225
1.88686
0.460829
19.7674
183.434
-13.154
-0.434677
-0.327642
0.219288
1.11374
0.41847
-0.262845
-0.982657
0.247644
-0.12674
0.646833
91.6647
-6.53602
-1.98444
1.80889
1.01795
1.99505
2.01929
-0.492498
0.0497021
-0.126231
0.0788963
-10.6616
83.2138
-5.88304
-10.4843
65.861
-4.77282
-9.92804
48.5836
-3.81357
-9.1137
32.1336
-2.96541
-6.80439
18.9463
-1.90951
-4.70982
8.60482
-0.783406
9.26192
83.1533
-5.98086
9.24619
65.7346
-4.74023
8.94216
48.4835
-3.49413
7.89747
32.5323
-2.18199
6.24561
18.6133
-1.3215
4.49807
8.35677
-0.151095
-13.9407
124.649
-8.78591
-9.16372
65.7546
-4.68638
-8.73616
48.5949
-3.56519
-6.30192
26.2126
-2.0183
-5.67669
19.0182
-1.30975
-3.81657
8.28288
-0.166979
10.649
83.0789
-5.99568
10.5493
65.729
-4.82813
10.1991
48.5198
-3.71648
8.816
32.7235
-2.80867
7.50156
18.8196
-1.88637
5.66808
8.26819
-0.893284
-39.5867
298.043
-21.197
-48.1262
285.97
-20.9791
-34.5602
155.998
-12.5265
-18.2886
64.9717
-5.60416
-21.0132
53.4343
-4.40061
-12.5828
15.764
-0.407726
39.3941
297.705
-21.5668
38.5361
228.189
-16.7545
28.6799
131.717
-9.37413
35.2067
118.206
-10.807
23.4307
52.6933
-4.3479
13.568
19.1271
0.51771
3.94906
446.466
-32.1244
4.16935
342.398
-25.2927
4.8241
268.509
-21.2673
3.87437
151.379
-12.1632
6.05559
77.6327
-6.63845
4.50686
17.31
-1.08228
-3.90401
446.949
-32.0799
-2.49764
284.899
-21.0548
-2.63251
240.667
-19.4713
-4.13566
166.863
-14.3003
-1.42482
77.3177
-6.53386
-0.737336
25.0089
-1.42595
-0.700393
7.94124
-0.318409
0.442837
2.7349
-0.468674
-0.188356
366.883
-26.0818
11.078
9.19744
-0.424451
-0.0196437
-1.05668
-0.032599
-5.62226
4.45939
0.867954
-34.8165
291.082
-20.5675
-39.1836
263.28
-18.9402
-37.1951
194.474
-14.8285
-45.6211
173.95
-14.7744
-24.6187
76.4971
-6.78246
-17.3467
33.8435
-2.1652
44.4509
373.964
-26.9487
48.7579
328.662
-23.9184
37.4948
194.239
-14.3464
32.2922
130.261
-10.4539
26.7808
75.0612
-6.43431
19.4406
33.6488
-2.13789
3.96194
519.303
-37.0983
3.49289
328.385
-23.8879
4.39557
290.805
-22.0279
2.71792
166.158
-14.1687
5.45217
112.192
-9.75151
6.75766
47.4758
-3.55066
-3.60901
436.667
-31.1504
-3.58422
394.595
-28.6219
-2.67561
290.514
-22.1161
-2.77013
169.521
-13.4538
-2.05858
110.623
-9.58663
-0.909683
48.5971
-3.81155
-7.29022
12.0463
0.553742
-4.56167
26.7027
-2.16276
