-5.33718
45.5736
-3.25004
6.91526
68.3333
-5.04917
0.409367
0.227187
0.117843
-0.177478
-0.0276823
-0.0639096
-4.63088
45.4474
-3.24539
7.97788
68.1839
-5.06852
0.16032
0.00201916
-0.0879169
-0.254598
0.118362
0.133519
-10.5986
73.9503
-5.32185
-10.2508
56.5729
-4.26905
-11.7293
49.4222
-4.31951
-5.90297
18.8457
-1.96411
-5.71311
13.0762
-1.30722
-3.33832
4.63466
-0.438427
9.23707
73.8529
-5.5151
9.11211
56.3945
-4.2459
6.30201
29.9708
-2.12076
8.75913
30.2309
-2.46525
5.35192
12.8245
-0.801737
3.24132
4.5116
0.476336
-9.22621
73.7
-5.27706
-8.94014
56.4126
-4.11267
-9.2338
44.1379
-3.41741
-5.07236
19.0318
-1.2711
-4.66284
12.9185
-0.749812
-2.99504
3.97164
0.383214
10.6349
73.6517
-5.55688
10.4177
56.3535
-4.38669
7.08837
29.9509
-2.483
10.1197
30.5848
-3.20171
6.63172
12.7801
-1.43475
2.86435
3.72846
-0.254977
-1.09984
136.7
-9.94136
-1.76491
1.97056
-0.131867
-9.95242
91.0244
-6.48614
2.0842
1.84111
0.435896
19.7241
182.028
-13.4911
-0.43059
-0.321428
0.215924
1.09131
0.40984
-0.260607
-0.960608
0.239408
-0.121121
0.657496
90.8923
-6.63573
-1.93982
1.72214
1.00416
1.95809
1.94593
-0.499741
0.0501321
-0.126792
0.0766924
-10.6567
82.5949
-5.90207
-10.4708
65.2639
-4.77462
-9.89481
48.0203
-3.80501
-9.06128
31.6457
-2.94909
-6.7287
18.5966
-1.88906
-4.63806
8.41668
-0.764834
9.23015
82.5314
-6.1382
9.21271
65.1332
-4.873
8.89747
47.9189
-3.60286
7.82851
32.0521
-2.26781
6.15645
18.2679
-1.38848
4.4136
8.1778
-0.197399
-13.8966
123.512
-8.81276
-9.12829
65.0208
-4.68477
-8.6867
47.906
-3.54996
-6.24567
25.7307
-1.99974
-5.58615
18.5777
-1.28583
-3.73664
8.03579
-0.154022
10.6424
82.3201
-6.1537
10.5367
64.9955
-4.96414
10.1713
47.832
-3.83087
8.75726
32.1326
-2.90367
7.42432
18.387
-1.95456
5.58577
8.03216
-0.932703
-39.5054
295.334
-21.2331
-47.9729
282.729
-20.9442
-34.3667
153.699
-12.4673
-18.1137
63.8046
-5.55073
-20.6929
52.1989
-4.31004
-12.3529
15.2849
-0.35868
39.3021
294.984
-22.1518
38.4121
225.581
-17.2441
28.5142
129.818
-9.69014
34.8564
115.943
-11.197
23.1099
51.4838
-4.55557
13.3305
18.6137
0.395951
4.01692
441.98
-32.5921
4.24299
338.1
-25.6451
4.89351
264.141
-21.5543
3.92923
148.239
-12.3304
6.07605
75.5889
-6.73367
4.46913
16.6842
-1.12375
-3.97328
443.283
-32.5472
-2.52917
281.95
-21.3475
-2.66227
237.466
-19.7406
-4.19603
163.986
-14.4903
-1.4647
75.7299
-6.62927
-0.773259
24.4063
-1.46748
-0.718656
7.7264
-0.32498
0.445937
2.58093
-0.469583
-0.198157
364.071
-26.4782
10.8704
8.91716
-0.484847
-0.0266676
-1.05047
-0.0319097
-5.51342
4.28907
0.874338
-34.7536
288.673
-20.6336
-39.0856
260.619
-18.9411
-37.0331
191.971
-14.7814
-45.3095
171.03
-14.6715
-24.3015
74.9202
-6.69045
-17.0515
32.969
-2.0887
44.3529
370.855
-27.6584
48.6244
325.323
-24.5894
37.3408
191.736
-14.7892
32.0319
128.117
-10.8222
26.4649
73.495
-6.69726
19.14
32.7988
-2.29886
4.02606
514.562
-37.6507
3.55635
324.704
-24.227
4.46927
286.659
-22.3286
2.75475
163.11
-14.3622
5.50324
109.565
-9.88148
6.73492
46.0462
-3.623
-3.67823
433.407
-31.6145
-3.64101
390.991
-29.0298
-2.70552
287.111
-22.4201
-2.80616
166.976
-13.639
-2.0977
108.527
-9.71838
-0.950471
47.5189
-3.87637
-7.13138
11.574
0.565936
-4.52596
26.2509
-2.15992
