2.35547
-25.0396
0.556083
-2.72839
-37.5721
0.800823
-0.349855
-0.199426
-0.0954263
0.137214
0.0197851
0.0457234
2.12112
-25.0716
0.561262
-3.0895
-37.6093
0.786923
-0.121893
-0.00328823
0.0575856
0.253106
-0.136084
-0.103691
4.76237
-42.9688
0.709833
4.87467
-35.5992
0.410893
6.1607
-34.5272
0.41507
3.49462
-14.3919
0.268558
3.9119
-11.0551
0.231853
2.47161
-4.30366
0.124305
-3.69711
-42.9931
0.616836
-3.94659
-35.5552
0.156829
-3.1857
-20.6192
-0.150418
-5.40031
-23.6216
-0.490923
-3.91168
-10.752
-0.537087
-2.6859
-4.08054
-0.84465
4.29345
-43.0853
0.737652
4.496
-35.8875
0.44882
5.24428
-31.4058
0.358497
3.38622
-14.8691
0.0996947
3.80627
-11.5214
-0.0451325
2.70741
-4.3101
-0.524728
-4.15194
-43.1392
0.559062
-4.29719
-35.9239
0.0727465
-3.36698
-21.0448
-0.178034
-5.60925
-24.5317
-0.379469
-4.19548
-11.2722
-0.25347
-1.99499
-3.57448
-0.201215
0.7878
-75.138
1.6247
1.34576
-1.93509
0.0193474
4.48512
-50.1063
1.12018
-1.79494
-1.75711
-0.583563
-7.78432
-100.23
2.10043
0.223537
0.213625
-0.174745
-0.883818
-0.337616
0.191844
0.827355
-0.243364
0.134627
0.0608989
-50.152
1.08311
1.78588
-2.15055
-0.921635
-1.44411
-2.01789
0.122118
0.0155938
0.0588409
-0.0894216
4.72615
-46.5169
0.909299
4.81862
-39.3489
0.538654
4.9202
-31.6908
0.344134
4.91621
-23.2975
0.328324
4.34598
-15.0178
0.292289
3.31438
-7.43541
0.138021
-3.64915
-46.5512
0.851876
-3.80003
-39.3433
0.374902
-4.10994
-31.6011
-0.0347631
-4.33871
-23.3
-0.30232
-4.18065
-14.745
-0.465261
-3.4435
-7.12395
-0.650038
6.37182
-69.8941
1.38909
4.38112
-39.5389
0.577654
4.61111
-32.0798
0.371835
3.79156
-19.3443
0.197715
4.20807
-15.5934
0.0874867
3.23301
-7.66045
-0.250856
-4.12192
-46.6318
0.822285
-4.20905
-39.5958
0.298399
-4.40261
-32.0817
-0.106961
-4.53776
-23.954
-0.300096
-4.3974
-15.4098
-0.292385
-3.75385
-7.47688
-0.228451
18.1393
-172.076
2.86127
23.2818
-178.702
2.08165
18.4276
-108.024
1.25397
11.1836
-48.9516
0.694493
15.1244
-45.2563
0.566919
9.69343
-15.3584
-0.271175
-15.793
-172.185
2.30447
-16.5241
-142.847
0.415893
-14.0559
-90.2706
-0.735444
-20.313
-91.4395
-1.50632
-15.3831
-44.2953
-1.40274
-9.86632
-17.4139
-2.10601
0.523264
-258.767
3.89626
0.836847
-215.629
1.61643
0.747132
-188.043
0.404486
0.311234
-118.145
-0.292836
-1.29045
-67.7642
-0.693762
-2.03592
-17.5446
-0.834511
3.23916
-258.002
3.98168
2.39519
-178.052
1.49406
1.99518
-165.387
0.448685
1.7003
-128.057
-0.265337
0.19154
-64.4942
-0.652793
-0.474508
-23.0796
-0.838946
-0.244544
-7.97136
-0.261978
0.0895106
-3.53216
-0.0326623
1.16852
-200.449
4.36215
-8.33971
-9.0163
-0.576231
-0.0179775
0.602866
0.106057
4.481
-4.86954
-0.773212
15.7611
-162.928
3.1893
18.3647
-157.745
2.18774
18.8793
-127.527
1.39848
25.4124
-127.317
1.55126
16.6707
-61.3891
0.916049
13.0125
-30.2694
0.09857
-17.5523
-209.628
3.73689
-20.1527
-197.236
1.59822
-16.976
-127.268
-0.313118
-17.3772
-94.4534
-1.20849
-16.5248
-60.3701
-1.40709
-13.4638
-29.6138
-1.56165
0.385368
-291.341
5.43545
0.582919
-197.963
2.25306
0.824023
-192.705
0.860672
0.548963
-122.572
0.107289
-0.439577
-92.6542
-0.413526
-2.43209
-44.1762
-1.09452
2.81422
-244.332
4.61389
3.14782
-236.249
2.7558
2.48941
-190.068
0.982725
1.4522
-122.457
0.0342612
0.786806
-88.66
-0.457922
-0.302686
-42.3212
-0.761939
6.43181
-13.0363
-1.08472
2.67893
-19.1921
0.173609
