-5.33095
45.2273
-3.26816
6.88474
67.8126
-5.16596
0.400228
0.222015
0.114863
-0.174046
-0.0271299
-0.0627378
-4.61269
45.041
-3.26339
7.96526
67.5747
-5.18604
0.157163
0.00161467
-0.0866724
-0.247535
0.113794
0.131508
-10.5824
73.2981
-5.33921
-10.2218
55.9605
-4.27265
-11.665
48.7362
-4.31613
-5.85154
18.5276
-1.95575
-5.63543
12.8061
-1.29075
-3.28169
4.52284
-0.426044
9.19647
73.1971
-5.64982
9.06606
55.7779
-4.35778
6.25448
29.5666
-2.1868
8.65317
29.6933
-2.55714
5.26048
12.562
-0.8533
3.17161
4.40758
0.438788
-9.18793
72.9282
-5.29266
-8.89178
55.6867
-4.11167
-9.16188
43.4091
-3.40632
-5.00991
18.6493
-1.2569
-4.57348
12.5803
-0.734617
-2.92661
3.82146
0.381225
10.617
72.8785
-5.69311
10.39
55.6277
-4.50243
7.05019
29.4693
-2.55462
10.0294
29.9387
-3.29941
6.54696
12.4533
-1.4832
2.81781
3.61401
-0.273037
-1.12166
135.66
-10.0863
-1.73242
1.91875
-0.126615
-9.92769
90.2717
-6.52203
2.03633
1.79516
0.412095
19.6623
180.521
-13.8036
-0.426688
-0.315488
0.212332
1.06893
0.401201
-0.257986
-0.938836
0.23153
-0.115786
0.666559
90.0793
-6.73253
-1.89513
1.63967
0.988784
1.92157
1.87557
-0.505823
0.0506313
-0.127115
0.0744626
-10.6433
81.9239
-5.92841
-10.4494
64.6305
-4.78439
-9.85534
47.4364
-3.80398
-9.00421
31.15
-2.93932
-6.65174
18.2451
-1.87387
-4.56665
8.22873
-0.750093
9.18971
81.8577
-6.284
9.17059
64.496
-4.99605
8.84504
47.3339
-3.70366
7.75433
31.5628
-2.34735
6.06503
17.9206
-1.45059
4.32856
7.99864
-0.240787
-13.842
122.325
-8.85068
-9.08616
64.2691
-4.69138
-8.63147
47.2128
-3.54279
-6.18627
25.2531
-1.9871
-5.49491
18.1462
-1.26787
-3.65698
7.79647
-0.145081
10.6255
81.528
-6.30011
10.5143
64.2439
-5.09012
10.1353
47.1397
-3.93673
8.69342
31.5465
-2.99125
7.34437
17.9627
-2.0172
5.503
7.80296
-0.968705
-39.3938
292.487
-21.3004
-47.7855
279.39
-20.9499
-34.1531
151.377
-12.4361
-17.9322
62.6391
-5.51265
-20.3716
50.9805
-4.23927
-12.1242
14.8175
-0.320384
39.1735
292.124
-22.6938
38.2542
222.896
-17.6978
28.3277
127.897
-9.98314
34.4892
113.692
-11.5563
22.7828
50.2904
-4.74713
13.0927
18.1097
0.281668
4.07536
437.342
-33.0505
4.30779
333.738
-25.9937
4.95531
259.783
-21.8401
3.97778
145.146
-12.4981
6.09132
73.5971
-6.83047
4.43145
16.083
-1.16541
-4.04371
439.354
-33.0055
-2.56396
278.863
-21.6378
-2.69674
234.182
-20.0081
-4.25662
161.084
-14.6821
-1.50707
74.1403
-6.72736
-0.811211
23.8036
-1.51116
-0.738335
7.51129
-0.333227
0.449486
2.43526
-0.471178
-0.210903
361.059
-26.8633
10.6634
8.64261
-0.539665
-0.032964
-1.04338
-0.0306436
-5.4051
4.12474
0.876331
-34.6636
286.115
-20.7253
-38.9584
257.85
-18.9744
-36.847
189.417
-14.7654
-44.9743
168.103
-14.6053
-23.9799
73.3565
-6.62079
-16.7571
32.1107
-2.02848
44.2133
367.554
-28.316
48.4467
321.849
-25.2113
37.1558
189.182
-15.1995
31.7524
125.964
-11.1623
26.1388
71.9431
-6.93988
18.8361
31.9633
-2.44769
4.08052
509.614
-38.1896
3.6118
320.934
-24.5612
4.53464
282.488
-22.6274
2.78794
160.089
-14.5536
5.54718
106.991
-10.0123
6.70948
44.6612
-3.69694
-3.74778
429.875
-32.0673
-3.70002
387.171
-29.4321
-2.74007
283.586
-22.7226
-2.84472
164.386
-13.8246
-2.13917
106.423
-9.85219
-0.993636
46.4413
-3.94391
-6.97277
11.1202
0.570437
-4.48784
25.8003
-2.16097
