-5.31999
44.8502
-3.28974
6.84733
67.2457
-5.27324
0.391141
0.216854
0.112008
-0.170687
-0.0265804
-0.0616256
-4.59062
44.6136
-3.28484
7.94443
66.9338
-5.29397
0.154068
0.00126603
-0.085423
-0.240592
0.109416
0.129437
-10.5571
72.6009
-5.36465
-10.1849
55.3204
-4.28444
-11.5941
48.0349
-4.3213
-5.79795
18.2069
-1.95164
-5.55771
12.537
-1.27909
-3.22589
4.41186
-0.416456
9.14661
72.4967
-5.77349
9.01119
55.1341
-4.46053
6.20184
29.1523
-2.24754
8.54268
29.1533
-2.64128
5.16797
12.3
-0.900797
3.10215
4.30377
0.403293
-9.14201
72.1307
-5.31647
-8.83656
54.9509
-4.11927
-9.08399
42.6844
-3.40381
-4.94568
18.2734
-1.24809
-4.48436
12.2528
-0.724692
-2.85863
3.67856
0.376519
10.5884
72.0796
-5.81812
10.3527
54.8918
-4.60857
7.00687
28.9893
-2.62014
9.93429
29.3053
-3.38808
6.46095
12.1362
-1.52697
2.77158
3.50417
-0.289401
-1.14323
134.527
-10.2267
-1.70059
1.86746
-0.122727
-9.89437
89.4672
-6.56486
1.98884
1.74926
0.389548
19.5808
178.911
-14.0908
-0.422985
-0.309844
0.208524
1.0467
0.392598
-0.254982
-0.917437
0.224057
-0.110761
0.674096
89.2242
-6.82634
-1.85052
1.56199
0.971839
1.88567
1.80865
-0.510698
0.0512031
-0.127189
0.0722134
-10.6205
81.1994
-5.96234
-10.4194
63.9608
-4.80242
-9.80916
46.8327
-3.81073
-8.94224
30.6481
-2.93626
-6.57365
17.8932
-1.86408
-4.49584
8.04191
-0.739299
9.14003
81.1307
-6.41785
9.11929
63.8227
-5.10903
8.78444
46.7294
-3.79625
7.67481
31.0662
-2.42035
5.97153
17.5729
-1.50759
4.24324
7.82018
-0.281062
-13.7757
121.087
-8.90012
-9.03666
63.5
-4.70653
-8.56997
46.5168
-3.54402
-6.12353
24.7818
-1.9806
-5.40311
17.7256
-1.25609
-3.57783
7.56617
-0.140288
10.5978
80.702
-6.43449
10.4818
63.4745
-5.20569
10.0905
46.4443
-4.03371
8.62439
30.9671
-3.07106
7.26189
17.5487
-2.07399
5.42005
7.58182
-1.00109
-39.249
289.498
-21.4002
-47.5611
275.956
-20.9976
-33.9179
149.036
-12.434
-17.7438
61.4797
-5.49045
-20.0499
49.7851
-4.18899
-11.8977
14.3645
-0.293199
39.0062
289.125
-23.1914
38.0607
220.137
-18.1144
28.1194
125.958
-10.2522
34.1054
111.462
-11.8832
22.4502
49.1189
-4.9217
12.8556
17.6176
0.175405
4.12479
432.549
-33.4995
4.36397
329.316
-26.3384
5.0097
255.447
-22.1242
4.0202
142.111
-12.6659
6.10142
71.6673
-6.9287
4.39406
15.5099
-1.20717
-4.11479
435.156
-33.4546
-2.60184
275.64
-21.9256
-2.73582
230.825
-20.2735
-4.31699
158.168
-14.8755
-1.55177
72.5566
-6.82792
-0.851053
23.2041
-1.55689
-0.759351
7.29717
-0.343125
0.453511
2.29886
-0.473492
-0.226186
357.84
-27.2367
10.458
8.37537
-0.588579
-0.0384673
-1.03539
-0.0287939
-5.29772
3.96738
0.873843
-34.5439
283.404
-20.8435
-38.7994
254.972
-19.0412
-36.635
186.819
-14.7817
-44.614
165.18
-14.5769
-23.6541
71.8131
-6.57422
-16.4642
31.273
-1.98511
44.0296
364.058
-28.9198
48.2223
318.242
-25.7822
36.9381
186.584
-15.5761
31.4534
123.811
-11.473
25.8032
70.4124
-7.16107
18.5299
31.1467
-2.58366
4.12582
504.454
-38.7146
3.65946
317.077
-24.8903
4.59182
278.3
-22.9241
2.81783
157.107
-14.7425
5.58396
104.483
-10.1437
6.68152
43.3281
-3.77234
-3.81713
426.062
-32.5087
-3.76088
383.135
-29.8283
-2.77917
279.945
-23.0233
-2.88558
161.761
-14.0105
-2.18284
104.319
-9.98782
-1.03902
45.37
-4.01402
-6.81492
10.6875
0.567043
-4.44714
25.3524
-2.16605
