-5.30394
44.4413
-3.31488
6.80264
66.6314
-5.37079
0.382144
0.211726
0.109293
-0.167417
-0.0260349
-0.0605778
-4.56432
44.1645
-3.30985
7.91498
66.2604
-5.39206
0.151049
0.000977054
-0.0841746
-0.233799
0.105248
0.127309
-10.522
71.858
-5.39834
-10.1397
54.653
-4.3046
-11.5162
47.32
-4.33518
-5.74217
17.8849
-1.95184
-5.48014
12.2699
-1.27234
-3.17113
4.30227
-0.409727
9.08698
71.7509
-5.88581
8.94704
54.4636
-4.55389
6.14392
28.7289
-2.30284
8.42772
28.6129
-2.71739
5.07465
12.0398
-0.944052
3.03321
4.2007
0.369993
-9.08776
71.3075
-5.3487
-8.77393
54.2062
-4.13571
-8.99974
41.9656
-3.41012
-4.87963
17.9055
-1.24485
-4.39568
11.9374
-0.720185
-2.79132
3.54374
0.369055
10.5484
71.2549
-5.93162
10.3052
54.1467
-4.70483
6.95825
28.5123
-2.67933
9.83439
28.687
-3.46733
6.37393
11.8302
-1.56586
2.72582
3.39949
-0.303989
-1.16437
133.3
-10.3627
-1.66958
1.81698
-0.120228
-9.85176
88.6093
-6.61481
1.94194
1.70365
0.368356
19.4787
177.195
-14.3518
-0.419493
-0.304512
0.204511
1.02471
0.384073
-0.251596
-0.896498
0.217028
-0.106067
0.680194
88.3258
-6.91709
-1.80615
1.48955
0.95335
1.85055
1.74555
-0.514331
0.0518503
-0.127003
0.0699506
-10.5877
80.4202
-6.00406
-10.3801
63.2545
-4.8289
-9.75581
46.2102
-3.82541
-8.87514
30.1415
-2.94006
-6.49453
17.5423
-1.8598
-4.42586
7.85711
-0.732538
9.08061
80.3492
-6.53945
9.05833
63.1135
-5.21167
8.71528
46.1062
-3.88037
7.58983
30.5635
-2.48664
5.87613
17.2263
-1.55926
4.15792
7.64323
-0.318066
-13.6967
119.798
-8.96136
-8.97915
62.7138
-4.73045
-8.50172
45.8194
-3.55389
-6.05728
24.3182
-1.98042
-5.31088
17.3177
-1.25068
-3.49943
7.34604
-0.139746
10.5585
79.8414
-6.55654
10.4384
62.6879
-5.31057
10.0367
45.7473
-4.12152
8.55013
30.3965
-3.14279
7.17704
17.1467
-2.12467
5.33723
7.36983
-1.02971
-39.0682
286.366
-21.5332
-47.2966
272.431
-21.0885
-33.6598
146.685
-12.4617
-17.5483
60.3304
-5.4845
-19.7286
48.618
-4.15972
-11.6739
13.9283
-0.277408
38.7981
285.983
-23.6433
37.8298
217.307
-18.4926
27.8888
124.005
-10.4967
33.7053
109.26
-12.1764
22.1129
47.9745
-5.07856
12.62
17.1399
0.0775987
4.16564
427.602
-33.9386
4.41183
324.84
-26.679
5.05695
251.146
-22.4066
4.05669
139.147
-12.8338
6.10644
69.8084
-7.02822
4.35718
14.9681
-1.24892
-4.18595
430.685
-33.8943
-2.64262
272.284
-22.2107
-2.77932
227.401
-20.5362
-4.3767
155.249
-15.0701
-1.59863
70.9857
-6.93076
-0.892632
22.6109
-1.60453
-0.781615
7.08522
-0.354654
0.458036
2.17259
-0.47656
-0.243573
354.408
-27.5981
10.2548
8.11689
-0.631334
-0.0431199
-1.02648
-0.0263596
-5.19169
3.81791
0.866816
-34.3919
280.536
-20.989
-38.606
251.988
-19.1426
-36.3952
184.18
-14.8311
-44.2272
162.27
-14.5872
-23.3247
70.2961
-6.55131
-16.1739
30.4599
-1.95903
43.7996
360.362
-29.4682
47.949
314.502
-26.3008
36.6865
183.945
-15.9178
31.1347
121.664
-11.7531
25.4586
68.909
-7.35999
18.2224
30.3528
-2.70618
4.16251
499.077
-39.2253
3.69959
313.136
-25.2141
4.64104
274.105
-23.2187
2.84476
154.173
-14.9287
5.61359
102.05
-10.2755
6.65126
42.0538
-3.84908
-3.88571
421.964
-32.9383
-3.82315
378.882
-30.2184
-2.82262
276.195
-23.322
-2.92847
159.108
-14.1964
-2.22852
102.224
-10.125
-1.08646
44.31
-4.08654
-6.65829
10.2786
0.555598
-4.40369
24.9086
-2.17527
