-5.28246
44
-3.3436
6.75037
65.9687
-5.45843
0.373271
0.206654
0.106728
-0.164248
-0.0254942
-0.0595987
-4.53348
43.6931
-3.33844
7.87658
65.5536
-5.48014
0.14812
0.00075099
-0.0829325
-0.227181
0.101308
0.125133
-10.4765
71.0689
-5.4404
-10.0855
53.9589
-4.3332
-11.4308
46.5931
-4.3578
-5.68416
17.5625
-1.95637
-5.4029
12.0059
-1.27057
-3.1176
4.19461
-0.405898
9.01715
70.9595
-5.98659
8.87325
53.7669
-4.63769
6.08056
28.2972
-2.35261
8.30836
28.0739
-2.78526
4.98073
11.7822
-0.982934
2.96502
4.09884
0.339
-9.02458
70.4582
-5.38947
-8.70338
53.4533
-4.16113
-8.90879
41.2545
-3.4254
-4.81171
17.5468
-1.24729
-4.30764
11.6354
-0.721199
-2.7249
3.41767
0.35881
10.4967
70.4042
-6.03337
10.2473
53.3934
-4.79098
6.90423
28.0392
-2.73204
9.72982
28.0861
-3.53686
6.28612
11.5365
-1.59974
2.68071
3.30049
-0.316743
-1.18491
131.975
-10.4941
-1.6395
1.76756
-0.119134
-9.79921
87.6967
-6.67196
1.8958
1.65854
0.348605
19.3551
175.369
-14.5863
-0.416223
-0.299506
0.200308
1.00305
0.375666
-0.247835
-0.876097
0.210478
-0.101723
0.684951
87.383
-7.00469
-1.76218
1.42274
0.933342
1.81635
1.68659
-0.516699
0.0525757
-0.126552
0.0676797
-10.544
79.5852
-6.05365
-10.3311
62.5119
-4.86392
-9.69489
45.5698
-3.84811
-8.80269
29.6316
-2.95074
-6.41449
17.1937
-1.86107
-4.35691
7.67514
-0.729864
9.011
79.5124
-6.64857
8.98729
62.3683
-5.30379
8.63728
45.4653
-3.95588
7.49932
30.0562
-2.5461
5.77899
16.8819
-1.60547
4.07285
7.46859
-0.35168
-13.6041
118.455
-9.03457
-8.91307
61.9109
-4.76326
-8.42632
45.1218
-3.57253
-5.98736
23.8638
-1.98666
-5.21833
16.924
-1.25178
-3.42198
7.13707
-0.143526
10.5074
78.9454
-6.66603
10.384
61.8843
-5.40452
9.97344
45.0499
-4.19994
8.47063
29.8362
-3.20622
7.08997
16.7583
-2.16907
5.25478
7.16794
-1.05446
-38.8491
283.09
-21.6998
-46.9896
268.817
-21.223
-33.3775
144.327
-12.5195
-17.3457
59.1948
-5.49501
-19.4084
47.4838
-4.15181
-11.4537
13.5111
-0.273208
38.5477
282.699
-24.0487
37.5601
214.408
-18.8319
27.6352
122.044
-10.716
33.2891
107.095
-12.4349
21.7719
46.8619
-5.21719
12.3867
16.6789
-0.0114199
4.19843
422.5
-34.3677
4.45172
320.316
-27.0153
5.09734
246.889
-22.6868
4.08752
136.265
-13.0018
6.10646
68.0283
-7.12892
4.32101
14.4602
-1.29061
-4.25665
425.94
-34.3242
-2.68603
268.797
-22.4929
-2.82698
223.918
-20.796
-4.43527
152.336
-15.2658
-1.64745
69.4341
-7.0357
-0.935782
22.0269
-1.654
-0.805031
6.87659
-0.367794
0.463082
2.05718
-0.480414
-0.262613
350.756
-27.9472
10.0547
7.8685
-0.667747
-0.0468724
-1.01664
-0.0233456
-5.08735
3.67712
0.855216
-34.2055
277.509
-21.162
-38.3759
248.897
-19.2788
-36.1258
181.504
-14.9141
-43.8127
159.381
-14.6367
-22.9918
68.8111
-6.5524
-15.8867
29.6751
-1.95052
43.5213
356.462
-29.9604
47.6249
310.631
-26.7659
36.3997
181.27
-16.2241
30.7962
119.528
-12.0019
25.1058
67.4388
-7.53597
17.9145
29.5853
-2.81485
4.19121
493.479
-39.7213
3.73254
309.112
-25.5325
4.68255
269.909
-23.5109
2.86906
151.295
-15.1119
5.63614
99.7036
-10.4077
6.61887
40.8441
-3.9271
-3.95295
417.573
-33.3557
-3.88637
374.413
-30.602
-2.87021
272.339
-23.6184
-2.97307
156.433
-14.3823
-2.27599
100.147
-10.2636
-1.13575
43.2661
-4.16136
-6.50333
9.89545
0.535992
-4.35733
24.4699
-2.18866
