-5.25527
43.5257
-3.37592
6.69022
65.2565
-5.53607
0.364554
0.201656
0.104324
-0.161192
-0.0249592
-0.0586916
-4.49781
43.1991
-3.37062
7.82895
64.8126
-5.55811
0.145292
0.000590492
-0.0817019
-0.220761
0.0976132
0.122911
-10.42
70.2334
-5.49081
-10.0219
53.2385
-4.37024
-11.3377
45.8557
-4.38915
-5.62389
17.2407
-1.96521
-5.32613
11.746
-1.2738
-3.06545
4.08936
-0.404988
8.93676
70.122
-6.0757
8.7895
53.0446
-4.71182
6.01164
27.8579
-2.3968
8.18467
27.538
-2.84476
4.88644
11.5284
-1.01736
2.8978
3.99864
0.310395
-8.95191
69.5828
-5.43879
-8.62447
52.6931
-4.19556
-8.81082
40.5526
-3.44971
-4.74192
17.1983
-1.25549
-4.22038
11.348
-0.727792
-2.65953
3.30093
0.345778
10.4328
69.5275
-6.12327
10.1786
52.6325
-4.86691
6.84471
27.5711
-2.77817
9.62069
27.5044
-3.59648
6.19772
11.2562
-1.6285
2.6364
3.2076
-0.327626
-1.20466
130.552
-10.6207
-1.61045
1.71943
-0.119449
-9.73616
86.7284
-6.73631
1.85057
1.61416
0.330359
19.2093
173.431
-14.794
-0.413179
-0.294835
0.195928
0.981802
0.367412
-0.243705
-0.856303
0.204436
-0.0977426
0.688471
86.3947
-7.08908
-1.71874
1.36191
0.911849
1.78321
1.63206
-0.517794
0.0533812
-0.12583
0.0654054
-10.4891
78.6937
-6.1111
-10.2717
61.7328
-4.90747
-9.62604
44.9124
-3.8788
-8.7247
29.1198
-2.96831
-6.33361
16.8486
-1.86792
-4.28917
7.49676
-0.7313
8.93086
78.6194
-6.74512
8.90583
61.5873
-5.38528
8.55016
44.8076
-4.02268
7.40322
29.5455
-2.59865
5.68026
16.541
-1.64612
3.98827
7.29696
-0.381825
-13.4969
117.058
-9.11975
-8.83792
61.0916
-4.80498
-8.34338
44.4251
-3.60001
-5.91363
23.4195
-1.99938
-5.12555
16.5458
-1.25945
-3.34566
6.94011
-0.151666
10.444
78.0136
-6.76285
10.318
61.0641
-5.48744
9.90053
44.3531
-4.26885
8.38587
29.2877
-3.26119
7.00083
16.3847
-2.20705
5.17294
6.97698
-1.07525
-38.5894
279.668
-21.9001
-46.6379
265.117
-21.4012
-33.0698
141.968
-12.6075
-17.1356
58.0761
-5.52207
-19.0897
46.387
-4.16544
-11.2376
13.1146
-0.28071
38.2536
279.271
-24.4071
37.2506
211.443
-19.1316
27.3584
120.076
-10.9099
32.8573
104.973
-12.6582
21.4277
45.7852
-5.33726
12.1564
16.2366
-0.0914306
4.22372
417.242
-34.7863
4.48403
315.747
-27.3469
5.1312
242.687
-22.9646
4.11294
133.471
-13.1696
6.10161
66.3338
-7.23073
4.28573
13.9887
-1.3322
-4.32629
420.918
-34.7439
-2.73178
265.183
-22.7719
-2.8785
220.383
-21.0525
-4.49224
149.439
-15.4622
-1.69802
67.908
-7.14262
-0.98033
21.4549
-1.70521
-0.829498
6.67232
-0.382526
0.468665
1.95326
-0.485088
-0.282846
346.882
-28.2837
9.8583
7.63136
-0.697709
-0.0496843
-1.00586
-0.0197621
-4.98503
3.54571
0.839043
-33.9827
274.32
-21.3626
-38.1072
245.701
-19.4499
-35.8255
178.796
-15.0306
-43.3693
156.521
-14.7255
-22.6559
67.3631
-6.57764
-15.6034
28.9218
-1.95977
43.1933
352.356
-30.3959
47.2483
306.629
-27.177
36.077
178.563
-16.4944
30.4379
117.409
-12.2188
24.7451
66.0066
-7.68863
17.607
28.8472
-2.90939
4.21257
487.657
-40.2023
3.75867
305.007
-25.845
4.71667
265.72
-23.8003
2.8911
148.481
-15.2918
5.6517
97.4502
-10.54
6.58457
39.7041
-4.00633
-4.01829
412.888
-33.7606
-3.95007
369.728
-30.9787
-2.92163
268.385
-23.9122
-3.01906
153.744
-14.568
-2.325
98.0938
-10.4033
-1.1867
42.2427
-4.23837
-6.3504
9.54006
0.508168
-4.30792
24.0375
-2.20625
