-5.22212
43.018
-3.41176
6.62201
64.4945
-5.60371
0.356021
0.196751
0.102086
-0.158259
-0.0244303
-0.057859
-4.45707
42.6818
-3.40633
7.77188
64.0368
-5.62597
0.142575
0.000497589
-0.0804873
-0.214558
0.094175
0.120651
-10.352
69.3514
-5.54947
-9.94864
52.4924
-4.41561
-11.2366
45.1091
-4.4291
-5.56134
16.9204
-1.9783
-5.24996
11.4912
-1.28201
-3.01484
3.98695
-0.406994
8.84554
69.2385
-6.15313
8.69556
52.2973
-4.77627
5.9371
27.412
-2.43541
8.05676
27.0067
-2.89586
4.79197
11.2792
-1.0473
2.83173
3.90051
0.28423
-8.86929
68.6811
-5.49657
-8.53681
51.926
-4.23894
-8.70557
39.8611
-3.483
-4.6702
16.8608
-1.26944
-4.13404
11.0761
-0.739978
-2.59537
3.19401
0.32997
10.3565
68.6246
-6.20128
10.0988
51.8646
-4.93256
6.77962
27.1087
-2.81766
9.50709
26.9435
-3.64607
6.10893
10.9903
-1.65211
2.59302
3.12115
-0.336622
-1.22346
129.028
-10.7424
-1.58254
1.67283
-0.121166
-9.6621
85.7035
-6.80776
1.80639
1.57069
0.313664
19.0408
171.381
-14.9749
-0.410365
-0.290503
0.191383
0.961024
0.359346
-0.239217
-0.837175
0.198926
-0.0941368
0.690865
85.3601
-7.17019
-1.67594
1.30731
0.888908
1.75125
1.58221
-0.517619
0.0542685
-0.124835
0.0631317
-10.4224
77.7454
-6.17631
-10.2016
60.9178
-4.95946
-9.54892
44.2389
-3.91739
-8.64099
28.6072
-2.99269
-6.25194
16.508
-1.8803
-4.22278
7.32264
-0.736836
8.83991
77.67
-6.82905
8.81367
60.7707
-5.45611
8.45374
44.134
-4.08075
7.30152
29.0325
-2.64431
5.58011
16.2047
-1.68118
3.90439
7.12899
-0.408461
-13.3746
115.607
-9.21675
-8.75323
60.2561
-4.85556
-8.25258
43.7301
-3.63626
-5.83597
22.9865
-2.01856
-5.03262
16.1843
-1.27371
-3.27063
6.75586
-0.164173
10.3681
77.0453
-6.84697
10.2403
60.2275
-5.55928
9.81778
43.6579
-4.32818
8.29585
28.7521
-3.30763
6.90976
16.0272
-2.23856
5.09193
6.79765
-1.09206
-38.2872
276.101
-22.1337
-46.2393
261.336
-21.6227
-32.7359
139.611
-12.7255
-16.9181
56.9771
-5.5656
-18.773
45.3312
-4.2006
-11.0261
12.7407
-0.299937
37.9148
275.699
-24.7185
36.9004
208.414
-19.3917
27.0579
118.107
-11.0783
32.4102
102.901
-12.8458
21.0811
44.7481
-5.43865
11.9299
15.8145
-0.16232
4.24211
411.826
-35.1941
4.5092
311.138
-27.6735
5.15889
238.545
-23.2397
4.13328
130.775
-13.3374
6.09203
64.7305
-7.33359
4.25148
13.5554
-1.37367
-4.39433
415.618
-35.153
-2.77955
261.444
-23.0473
-2.93353
216.803
-21.3051
-4.54714
146.566
-15.659
-1.75009
66.4126
-7.25136
-1.0261
20.8972
-1.75811
-0.854906
6.47338
-0.398832
0.474799
1.86132
-0.490613
-0.303812
342.782
-28.6075
9.66625
7.40651
-0.721182
-0.0515241
-0.99414
-0.0156251
-4.885
3.42424
0.818326
-33.7218
270.967
-21.5904
-37.7979
242.4
-19.6556
-35.4928
176.059
-15.1803
-42.8962
153.695
-14.8535
-22.3171
65.9564
-6.62697
-15.3245
28.2028
-1.9868
42.8143
348.041
-30.7744
46.8181
302.497
-27.534
35.7177
175.827
-16.7286
30.0597
115.313
-12.4037
24.3773
64.6169
-7.81779
17.3007
28.1412
-2.9897
4.22732
481.608
-40.6678
3.77839
300.823
-26.1516
4.74374
261.543
-24.0867
2.91122
145.737
-15.4681
5.66042
95.2971
-10.6725
6.54852
38.6378
-4.08674
-4.08117
407.905
-34.1528
-4.01375
364.829
-31.3482
-2.97655
264.337
-24.203
-3.06608
151.048
-14.7531
-2.37531
96.072
-10.544
-1.2391
41.2438
-4.31747
-6.19984
9.21392
0.472121
-4.25534
23.6123
-2.22799
