-5.02642
40.6516
-3.58782
6.26628
60.9447
-5.77645
0.324149
0.178328
0.0948697
-0.147882
-0.0223793
-0.0552944
-4.23984
40.3756
-3.58193
7.44726
60.5771
-5.79843
0.132971
0.000819612
-0.075867
-0.192188
0.0831347
0.111319
-9.95917
65.3632
-5.86121
-9.55247
49.2652
-4.67536
-10.7477
42.055
-4.66935
-5.28767
15.6674
-2.07067
-4.95278
10.5366
-1.36265
-2.82949
3.61276
-0.443231
8.36949
65.2497
-6.34863
8.21566
49.072
-4.93938
5.58227
25.5751
-2.53571
7.50503
24.9526
-3.01792
4.41532
10.3423
-1.12313
2.58185
3.53533
0.203959
-8.43243
64.809
-5.80709
-8.09313
48.7954
-4.49737
-8.20816
37.2142
-3.70224
-4.36375
15.6322
-1.38133
-3.7997
10.1549
-0.843235
-2.35311
2.86983
0.239925
9.92461
64.7487
-6.3969
9.66709
48.7299
-5.09429
6.46329
25.3261
-2.9104
9.01016
24.9269
-3.74529
5.75272
10.082
-1.69587
2.43065
2.84409
-0.354088
-1.28604
121.928
-11.1794
-1.48339
1.50505
-0.141537
-9.24896
81.0312
-7.15932
1.64225
1.40915
0.262631
18.1344
162.036
-15.4362
-0.401371
-0.276503
0.171839
0.883669
0.329482
-0.217953
-0.768136
0.182451
-0.0835264
0.69152
80.7474
-7.46072
-1.51298
1.15417
0.783667
1.63673
1.43225
-0.504694
0.05864
-0.118133
0.0541074
-10.0305
73.3842
-6.50938
-9.80729
57.3066
-5.24647
-9.1534
41.3998
-4.14597
-8.24668
26.5691
-3.15431
-5.91823
15.2088
-1.98255
-3.97266
6.67955
-0.798552
8.36507
73.308
-7.04152
8.33555
57.1595
-5.63533
7.97356
41.2972
-4.22774
6.8392
26.9777
-2.76011
5.16785
14.9222
-1.76669
3.57899
6.50407
-0.480475
-12.7222
109.244
-9.71516
-8.31298
56.7541
-5.14132
-7.80629
40.9773
-3.86508
-5.48433
21.3789
-2.15748
-4.66028
14.9184
-1.39493
-2.98553
6.15444
-0.25673
9.93602
72.8013
-7.05924
9.80931
56.72
-5.738
9.38651
40.9028
-4.47143
7.88417
26.7536
-3.40928
6.52859
14.7712
-2.30079
4.77919
6.20504
-1.1203
-36.628
260.38
-23.379
-44.1492
245.433
-22.9175
-31.1233
130.276
-13.4822
-15.9709
52.8188
-5.89754
-17.5322
41.5682
-4.55007
-10.2323
11.4917
-0.491194
36.1021
259.976
-25.5027
35.0849
195.703
-20.0433
25.6194
110.261
-11.5035
30.4765
95.1828
-13.2449
19.682
41.046
-5.66126
11.0701
14.354
-0.356028
4.2594
388.578
-36.7091
4.5481
292.334
-28.9222
5.21556
222.684
-24.3057
4.17023
121.048
-14.0049
6.00984
59.2992
-7.75448
4.12712
12.2266
-1.53855
-4.63953
391.685
-36.6755
-2.9836
245.314
-24.1064
-3.18053
202.146
-22.2697
-4.7375
135.447
-16.4446
-1.9685
60.8241
-7.70208
-1.21765
18.8509
-1.98546
-0.963657
5.74719
-0.479263
0.504873
1.61886
-0.521648
-0.386095
324.092
-29.7701
8.95005
6.64465
-0.751837
-0.0488779
-0.937978
0.00596544
-4.51177
3.04539
0.691756
-32.2735
255.912
-22.7549
-36.1316
228.174
-20.803
-33.8206
164.872
-16.0943
-40.6917
142.837
-15.7373
-20.936
60.8037
-7.05643
-14.2598
25.7072
-2.26794
40.7767
328.682
-31.7318
44.5503
284.711
-28.4316
33.9089
164.647
-17.3116
28.3531
107.213
-12.8285
22.8425
59.5438
-8.10382
16.0982
25.6757
-3.17162
4.23457
455.09
-42.3679
3.80239
283.299
-27.3102
4.78937
245.013
-25.195
2.97897
135.54
-16.1335
5.63101
87.7715
-11.201
6.39027
35.1621
-4.41987
-4.29803
385.007
-35.5862
-4.25831
343.158
-32.745
-3.22312
247.312
-25.3277
-3.25702
140.287
-15.4845
-2.58385
88.3992
-11.1129
-1.45863
37.5563
-4.65316
-5.62597
8.22098
0.24768
-4.01159
21.9938
-2.35452
