2.71728
-26.5245
0.648543
-3.20146
-39.7783
0.824521
-0.347159
-0.197505
-0.0948551
0.137192
0.0195058
0.0462129
2.44587
-26.6212
0.649454
-3.61053
-39.9372
0.821834
-0.12092
-0.00267003
0.0570066
0.252741
-0.135402
-0.104499
5.41786
-44.7139
0.829599
5.34755
-36.2726
0.485786
6.49826
-34.5702
0.49134
3.59375
-14.3289
0.303434
3.95181
-10.9663
0.24349
2.48404
-4.26441
0.128104
-4.30571
-44.6926
0.589499
-4.42466
-36.214
0.0951359
-3.38512
-20.7253
-0.204573
-5.48344
-23.4619
-0.498527
-3.90113
-10.6719
-0.536931
-2.66564
-4.0397
-0.842464
4.90279
-44.9389
0.827363
4.94416
-36.6321
0.465066
5.54899
-31.5022
0.353793
3.4803
-14.8318
0.082479
3.83134
-11.4322
-0.051964
2.71388
-4.26171
-0.532482
-4.81299
-44.9582
0.567307
-4.79293
-36.6641
0.0714389
-3.552
-21.1699
-0.169485
-5.69398
-24.3888
-0.333856
-4.20026
-11.1872
-0.244654
-1.98667
-3.53961
-0.201922
0.869709
-79.5703
1.80485
1.3493
-1.9162
0.0218263
5.16449
-53.1438
1.29659
-1.78102
-1.73474
-0.579248
-9.05132
-106.287
2.18745
0.229807
0.21579
-0.172476
-0.878793
-0.333422
0.192102
0.827274
-0.243396
0.133464
0.0482868
-53.2456
1.20242
1.78809
-2.12321
-0.930573
-1.43375
-1.99006
0.120589
0.0174287
0.0603375
-0.0905566
5.43103
-48.8894
1.06128
5.39268
-40.5118
0.630269
5.28624
-31.9973
0.405221
5.13586
-23.2282
0.370689
4.414
-14.9099
0.313815
3.33879
-7.37244
0.144082
-4.27757
-48.8781
0.857612
-4.35844
-40.4751
0.321216
-4.49057
-31.9316
-0.0962128
-4.50097
-23.2812
-0.361243
-4.19337
-14.6454
-0.467018
-3.42374
-7.06343
-0.648175
7.3416
-73.6332
1.58806
4.92075
-40.7862
0.623849
4.97461
-32.4464
0.367707
3.95442
-19.3174
0.194856
4.26141
-15.492
0.0758549
3.24554
-7.59436
-0.257801
-4.81363
-49.1016
0.842938
-4.7945
-40.8256
0.298459
-4.79346
-32.4537
-0.10474
-4.66806
-23.9461
-0.27248
-4.42613
-15.31
-0.273794
-3.74663
-7.41045
-0.225463
20.6266
-179.29
3.30173
25.7072
-182.311
2.28693
19.6036
-108.325
1.32525
11.5626
-48.8333
0.722931
15.3009
-44.9078
0.572576
9.75517
-15.2009
-0.286133
-18.1928
-179.245
2.27498
-18.3625
-145.698
0.27923
-14.875
-90.7686
-0.876049
-20.6608
-90.9289
-1.41921
-15.4059
-43.9721
-1.39141
-9.82288
-17.2476
-2.11149
0.352098
-269.698
4.21346
0.616366
-219.948
1.66171
0.701261
-188.618
0.419382
0.435394
-117.545
-0.360302
-1.21105
-67.2078
-0.702294
-1.99664
-17.3398
-0.854356
3.30984
-268.223
4.28627
2.27223
-181.201
1.52989
2.02998
-165.763
0.506654
1.98697
-127.158
-0.232164
0.384908
-63.9523
-0.625522
-0.35112
-22.8262
-0.823672
-0.180207
-7.86132
-0.255331
0.103636
-3.46746
-0.0492489
1.27414
-212.575
4.80636
-8.29918
-8.89655
-0.580666
-0.00351794
0.611883
0.101206
4.49577
-4.81197
-0.781084
18.0704
-171.459
3.70812
20.6033
-162.59
2.47477
20.4169
-128.892
1.51421
26.7309
-126.997
1.64849
16.9697
-61.0049
0.946147
13.1239
-30.0115
0.089088
-20.3915
-220.416
3.80654
-22.8164
-203.182
1.46541
-18.4362
-128.733
-0.452093
-17.928
-94.3904
-1.21078
-16.6495
-59.9918
-1.38456
-13.4374
-29.3621
-1.55829
0.332245
-306.841
5.94484
0.34977
-203.994
2.39104
0.650764
-194.736
0.86368
0.662454
-122.394
0.165955
-0.36992
-91.9957
-0.414756
-2.35844
-43.7577
-1.11766
2.98751
-256.626
5.05503
3.11909
-242.991
2.88792
2.39141
-191.786
0.985342
1.60597
-122.148
-0.0188109
0.983715
-87.9493
-0.426639
-0.135327
-41.9341
-0.740165
6.47972
-12.8676
-1.11667
2.81982
-19.1954
0.178792
