-4.88968
39.2709
-3.69244
6.03889
58.8747
-5.80762
0.309756
0.169971
0.092289
-0.143545
-0.0213897
-0.0544611
-4.09743
39.0787
-3.68639
7.22769
58.6312
-5.82878
0.12898
0.00139032
-0.0737375
-0.182562
0.0792574
0.10654
-9.68804
63.1024
-6.0571
-9.29084
47.5161
-4.84626
-10.451
40.5007
-4.83164
-5.13653
15.0647
-2.138
-4.80903
10.1047
-1.42911
-2.74759
3.45034
-0.476925
8.06505
62.9918
-6.38202
7.91374
47.3281
-4.96767
5.37153
24.6326
-2.55575
7.20677
23.9801
-3.03287
4.22924
9.9164
-1.13653
2.46676
3.37255
0.177684
-8.14781
62.7125
-6.00384
-7.81364
47.1938
-4.67181
-7.91251
35.9652
-3.8584
-4.19856
15.0928
-1.46835
-3.63962
9.79622
-0.92522
-2.24144
2.77048
0.180049
9.63317
62.6513
-6.42901
9.38413
47.126
-5.11814
6.27214
24.4769
-2.9199
8.73775
24.0593
-3.7386
5.57535
9.72357
-1.68928
2.35687
2.74753
-0.352462
-1.30798
117.787
-11.3669
-1.44167
1.43404
-0.159129
-8.96998
78.3537
-7.36856
1.56855
1.33747
0.246226
17.5428
156.682
-15.5187
-0.398115
-0.271338
0.161445
0.848887
0.316246
-0.205586
-0.738369
0.17756
-0.0804425
0.688117
78.1535
-7.585
-1.43726
1.11686
0.723849
1.58805
1.38736
-0.491522
0.0612985
-0.113221
0.04967
-9.75748
70.8713
-6.71307
-9.53995
55.3003
-5.43126
-8.90183
39.904
-4.2993
-8.01301
25.5673
-3.26912
-5.74724
14.6049
-2.06218
-3.85732
6.39508
-0.851176
8.0613
70.7971
-7.07825
8.03117
55.1568
-5.66632
7.67745
39.804
-4.25339
6.57583
25.9588
-2.781
4.95617
14.3267
-1.77887
3.42381
6.22478
-0.497142
-12.2946
105.725
-10.0214
-8.02978
54.907
-5.32827
-7.53184
39.6191
-4.02453
-5.28338
20.652
-2.26088
-4.4739
14.3963
-1.49119
-2.8527
5.93646
-0.326715
9.64373
70.4548
-7.09531
9.5222
54.8696
-5.76603
9.11124
39.5431
-4.48988
7.64841
25.8438
-3.41249
6.3292
14.2507
-2.29588
4.63085
5.98529
-1.11259
-35.5192
251.665
-24.1635
-42.7976
237.044
-23.7808
-30.1464
125.689
-14.0129
-15.4501
50.8971
-6.14921
-16.9286
39.9806
-4.84024
-9.86872
11.0224
-0.650667
34.9234
251.27
-25.6347
33.9308
189.013
-20.1499
24.7611
106.378
-11.577
29.4283
91.6966
-13.2459
18.9802
39.4801
-5.67035
10.672
13.7689
-0.402569
4.24325
375.997
-37.3909
4.5376
282.719
-29.5057
5.21698
215.195
-24.8127
4.16693
116.841
-14.3353
5.94512
57.1871
-7.96975
4.0732
11.8078
-1.62067
-4.73916
378.132
-37.3621
-3.08807
236.596
-24.6044
-3.31381
194.679
-22.7187
-4.81003
130.174
-16.8322
-2.08032
58.3057
-7.93486
-1.31593
17.9585
-2.10777
-1.0206
5.43426
-0.528012
0.523085
1.57296
-0.542619
-0.420644
313.383
-30.2695
8.62658
6.35179
-0.732127
-0.0416329
-0.904559
0.0193186
-4.34279
2.92205
0.604414
-31.2987
247.408
-23.4675
-35.0327
220.467
-21.547
-32.7735
159.16
-16.7186
-39.3975
137.709
-16.3796
-20.2302
58.5332
-7.39832
-13.7599
24.7006
-2.50477
39.4472
317.758
-31.8965
43.0909
275.085
-28.5812
32.7846
158.942
-17.4039
27.3878
103.362
-12.8636
22.0425
57.3201
-8.11744
15.516
24.6711
-3.18491
4.21718
440.426
-43.1155
3.78818
274.067
-27.8436
4.78058
236.87
-25.721
3.00927
130.924
-16.4395
5.5814
84.6789
-11.4633
6.30458
33.9073
-4.59302
-4.37956
371.822
-36.2174
-4.36787
331.136
-33.3879
-3.35629
238.364
-25.8604
-3.34904
134.975
-15.8411
-2.68866
84.8608
-11.3982
-1.57129
35.9275
-4.83118
-5.35783
7.91507
0.0904852
-3.86901
21.2372
-2.43894
