-4.72739
37.7656
-3.80493
5.78001
56.6186
-5.80615
0.296437
0.162233
0.0903331
-0.139759
-0.0204172
-0.0538983
-3.93263
37.6871
-3.79877
6.97188
56.543
-5.82606
0.125523
0.00221312
-0.0717427
-0.173968
0.0764149
0.101727
-9.36781
60.6753
-6.27303
-8.98729
45.6852
-5.03825
-10.1194
38.9353
-5.01563
-4.97582
14.4807
-2.21641
-4.66818
9.70531
-1.51001
-2.6726
3.30561
-0.519378
7.71845
60.5696
-6.37748
7.57259
45.5051
-4.96478
5.13985
23.6786
-2.55851
6.89493
23.0481
-3.02121
4.04523
9.52118
-1.13588
2.35845
3.2244
0.159481
-7.81938
60.5089
-6.22163
-7.49605
45.5657
-4.87011
-7.58596
34.7616
-4.03979
-4.02538
14.6008
-1.5729
-3.48404
9.50222
-1.0245
-2.13614
2.71072
0.111725
9.29388
60.4477
-6.42236
9.0585
45.4959
-5.10843
6.06011
23.6533
-2.90776
8.45059
23.2808
-3.69871
5.39888
9.42607
-1.66616
2.28804
2.67758
-0.344875
-1.32272
113.273
-11.533
-1.40503
1.37226
-0.180857
-8.64327
75.4569
-7.59371
1.50055
1.27263
0.235249
16.8634
150.889
-15.5135
-0.395525
-0.267182
0.150784
0.81679
0.304231
-0.192295
-0.711715
0.174763
-0.0786937
0.683369
75.3702
-7.69489
-1.36564
1.10417
0.660096
1.54501
1.36152
-0.474562
0.0642327
-0.107372
0.0452988
-9.4339
68.1499
-6.93494
-9.22639
53.1704
-5.63704
-8.61463
38.3644
-4.47284
-7.75517
24.5813
-3.40181
-5.57326
14.0344
-2.15731
-3.74812
6.13704
-0.915972
7.71537
68.0793
-7.07394
7.68535
53.0328
-5.66286
7.34597
38.2681
-4.25117
6.29239
24.9502
-2.78081
4.74156
13.7646
-1.77345
3.27404
5.96941
-0.502702
-11.7999
101.983
-10.3558
-7.70488
52.9945
-5.53805
-7.22357
38.27
-4.20815
-5.06585
19.9732
-2.38296
-4.28713
13.9443
-1.60767
-2.72622
5.7709
-0.410249
9.30313
67.9598
-7.08999
9.18963
52.954
-5.75789
8.79806
38.1924
-4.47709
7.39388
24.9899
-3.38774
6.12464
13.7987
-2.2699
4.48803
5.81429
-1.09228
-34.2265
242.403
-25.0293
-41.2436
228.381
-24.7567
-29.0564
121.158
-14.6246
-14.8977
49.0803
-6.44777
-16.3352
38.5864
-5.19542
-9.52669
10.655
-0.846715
33.5719
242.024
-25.6132
32.6207
182.112
-20.1277
23.8152
102.525
-11.57
28.3302
88.4571
-13.1307
18.2791
38.1023
-5.62062
10.2955
13.2801
-0.42027
4.21702
362.778
-38.0177
4.51252
272.95
-30.0569
5.20461
207.976
-25.298
4.15284
113.049
-14.6616
5.86684
55.4589
-8.18708
4.02455
11.5442
-1.70275
-4.81929
363.59
-37.9941
-3.19016
227.484
-25.0766
-3.44866
187.153
-23.1414
-4.86463
125.116
-17.2125
-2.1914
55.9846
-8.17056
-1.41397
17.1614
-2.2349
-1.07793
5.15857
-0.581708
0.543127
1.5743
-0.567048
-0.447262
301.797
-30.7125
8.32654
6.11769
-0.692554
-0.0307407
-0.867876
0.0339352
-4.18559
2.84133
0.503492
-30.1586
238.279
-24.2442
-33.7585
212.382
-22.3783
-31.5868
153.379
-17.4311
-37.9761
132.783
-17.13
-19.5136
56.465
-7.81077
-13.2806
23.8523
-2.79637
37.9206
306.036
-31.8757
41.4251
264.995
-28.5545
31.5214
153.168
-17.3797
26.3528
99.6455
-12.7953
21.2236
55.3033
-8.05611
14.948
23.8168
-3.15373
4.19274
424.834
-43.7911
3.76156
264.514
-28.3422
4.75539
228.79
-26.2235
3.03967
126.611
-16.7258
5.51183
82.0119
-11.7228
6.21546
32.9594
-4.76991
-4.43964
357.548
-36.7882
-4.46451
318.383
-33.9885
-3.49112
229.167
-26.3679
-3.43517
129.734
-16.1888
-2.79112
81.5376
-11.6815
-1.68363
34.4527
-5.01446
-5.10235
7.73071
-0.0926649
-3.71268
20.514
-2.53461
