-4.21975
33.5192
-4.0999
5.01167
50.2561
-5.68834
0.26739
0.145452
0.0875721
-0.132313
-0.0180021
-0.0533972
-3.43095
33.8154
-4.0938
6.193
50.7327
-5.70359
0.118886
0.0051635
-0.0673013
-0.156428
0.0730791
0.0896964
-8.37096
53.9655
-6.85783
-8.05978
40.7948
-5.57003
-9.14728
34.9858
-5.52918
-4.53322
13.0973
-2.44091
-4.32338
8.83955
-1.75447
-2.50969
3.01764
-0.652059
6.68977
53.8797
-6.23523
6.56892
40.645
-4.85162
4.48003
21.253
-2.50887
6.06255
20.884
-2.90459
3.59283
8.65918
-1.08881
2.1139
2.91656
0.140371
-6.82281
54.5382
-6.81493
-6.54934
41.3519
-5.42858
-6.64521
31.8907
-4.56418
-3.55833
13.5358
-1.88803
-3.1097
9.00124
-1.32652
-1.89707
2.70576
-0.0854803
8.26118
54.4804
-6.27167
8.07906
41.279
-4.96923
5.44837
21.6685
-2.80418
7.67413
21.6507
-3.48615
4.95946
8.9042
-1.55337
2.13398
2.5998
-0.306418
-1.3265
100.54
-11.8529
-1.33199
1.25648
-0.247567
-7.6357
67.339
-8.18502
1.35261
1.14035
0.226129
14.8273
134.659
-15.1939
-0.390726
-0.259584
0.123669
0.747032
0.279239
-0.156375
-0.656724
0.175328
-0.078848
0.669969
67.6273
-7.90566
-1.20319
1.16197
0.488995
1.45835
1.36666
-0.419982
0.0724011
-0.0894519
0.0347035
-8.42304
60.5389
-7.52686
-8.25724
47.3694
-6.20135
-7.75212
34.3503
-4.95748
-7.01157
22.1827
-3.78026
-5.12231
12.7442
-2.43859
-3.49568
5.60073
-1.1144
6.68836
60.4827
-6.92053
6.66157
47.2556
-5.53627
6.3814
34.267
-4.15208
5.50625
22.4755
-2.71243
4.19324
12.4957
-1.70259
2.92036
5.43042
-0.480719
-10.294
91.6869
-11.2511
-6.72557
47.9158
-6.11951
-6.31718
34.8948
-4.73359
-4.45431
18.4387
-2.74254
-3.81491
13.0657
-1.96118
-2.43302
5.54771
-0.661628
8.26564
61.0979
-6.93285
8.1824
47.8684
-5.61316
7.86749
34.8145
-4.3388
6.68368
23.0431
-3.23127
5.59176
12.9151
-2.13412
4.15039
5.56512
-1.00006
-30.2584
217.038
-27.3785
-36.5461
205.564
-27.4834
-25.8733
109.994
-16.3733
-13.3829
44.9218
-7.32821
-14.8776
35.8309
-6.28076
-8.74805
10.1244
-1.45211
29.5278
216.727
-25.029
28.744
163.97
-19.6329
21.1116
92.9703
-11.2856
25.387
81.2688
-12.4521
16.5259
35.3684
-5.30395
9.4352
12.4274
-0.371804
4.13268
326.977
-39.3226
4.4097
247.688
-31.268
5.13137
190.754
-26.3928
4.08722
105.033
-15.4463
5.62248
52.5348
-8.72737
3.91959
11.4521
-1.90667
-4.92309
323.418
-39.3126
-3.41824
203.199
-26.1191
-3.77076
168.146
-24.0634
-4.91802
113.349
-18.1085
-2.45584
50.9894
-8.75666
-1.64968
15.5742
-2.56536
-1.21633
4.63155
-0.731263
0.598555
1.74979
-0.640236
-0.468916
269.332
-31.5689
7.665
5.76122
-0.5306
0.00940916
-0.764063
0.0734429
-3.83698
2.79983
0.209051
-26.6479
212.943
-26.3176
-29.871
190.618
-24.669
-28.0572
138.585
-19.4438
-33.9029
121.187
-19.3054
-17.6641
52.0506
-9.04968
-12.1514
22.3328
-3.6954
33.3451
273.526
-31.1789
36.4655
237.86
-27.8824
27.8272
138.4
-16.9252
23.493
90.8325
-12.2787
19.1
51.0352
-7.65495
13.5805
22.2525
-2.93183
4.12684
381.944
-45.149
3.66239
239.174
-29.4143
4.64231
208.615
-27.3516
3.12332
116.849
-17.3464
5.26909
76.8768
-12.3463
5.97835
31.7123
-5.21969
-4.48851
317.642
-37.9369
-4.63468
283.687
-35.2783
-3.81338
205.24
-27.5003
-3.61168
116.939
-17.0008
-3.02678
74.1058
-12.3638
-1.95381
31.4027
-5.48251
-4.51158
7.72047
-0.633314
-3.26577
18.8157
-2.80376
