-4.10309
32.5991
-4.15776
4.84061
48.8776
-5.65031
0.262172
0.142472
0.0872635
-0.131078
-0.017511
-0.0533968
-3.31728
32.9788
-4.15172
6.01718
49.4772
-5.66442
0.117819
0.00586433
-0.0664874
-0.153457
0.072898
0.0873087
-8.14237
52.529
-6.97522
-7.84894
39.7699
-5.67837
-8.9307
34.1892
-5.63397
-4.43803
12.8312
-2.48722
-4.25452
8.68555
-1.80681
-2.48002
2.9711
-0.681006
6.46078
52.4483
-6.19054
6.34654
39.6277
-4.81625
4.33637
20.7612
-2.49258
5.88803
20.4742
-2.87136
3.50303
8.50504
-1.0744
2.06848
2.86453
0.139468
-6.5974
53.2669
-6.93458
-6.33719
40.4788
-5.54383
-6.4383
31.3271
-4.67425
-3.45935
13.3418
-1.95608
-3.03621
8.93052
-1.39214
-1.85244
2.72338
-0.127515
8.02805
53.2103
-6.22486
7.85912
40.4057
-4.92742
5.31391
21.2761
-2.77474
7.50968
21.3625
-3.4301
4.8711
8.82794
-1.52443
2.10533
2.5967
-0.296533
-1.32177
97.7812
-11.9005
-1.31971
1.23917
-0.262009
-7.40585
65.5822
-8.30114
1.32601
1.11855
0.226431
14.3714
131.147
-15.091
-0.38982
-0.25825
0.118266
0.734506
0.274977
-0.148946
-0.647244
0.176402
-0.0793988
0.667508
65.9543
-7.93682
-1.17309
1.18506
0.453719
1.44367
1.37672
-0.407714
0.0741017
-0.0854533
0.0326451
-8.19086
58.8981
-7.64442
-8.03571
46.1389
-6.31559
-7.55767
33.5222
-5.05667
-6.84754
21.7115
-3.8585
-5.02879
12.5054
-2.49799
-3.44731
5.50942
-1.15728
6.45969
58.8456
-6.87194
6.43399
46.031
-5.49653
6.16892
33.4421
-4.12126
5.3376
21.9864
-2.69133
4.08144
12.2613
-1.682
2.85224
5.3373
-0.472393
-9.95281
89.4759
-11.4294
-6.50484
46.8469
-6.23821
-6.11557
34.2103
-4.84319
-4.32158
18.1491
-2.81891
-3.71883
12.9208
-2.03779
-2.37718
5.52742
-0.716116
8.03137
59.6246
-6.88336
7.95549
46.7984
-5.56892
7.65977
34.1299
-4.29836
6.53045
22.6735
-3.18873
5.48144
12.7689
-2.09862
4.08491
5.53819
-0.976877
-29.3552
211.622
-27.8508
-35.485
200.805
-28.0427
-25.1669
107.766
-16.7369
-13.0583
44.1367
-7.51462
-14.5864
35.3764
-6.5158
-8.6013
10.071
-1.58471
28.6232
211.328
-24.8462
27.8817
160.191
-19.4807
20.5211
91.0551
-11.198
24.7674
79.9451
-12.2704
16.1732
34.9158
-5.21891
9.2732
12.3073
-0.35207
4.11552
319.356
-39.5357
4.38531
242.457
-31.4778
5.11178
187.373
-26.5876
4.07113
103.604
-15.5949
5.56677
52.1271
-8.83218
3.89991
11.5068
-1.94675
-4.92687
314.822
-39.5285
-3.45724
198.116
-26.3004
-3.82981
164.309
-24.222
-4.91488
111.118
-18.2742
-2.50527
50.1073
-8.87011
-1.69409
15.3186
-2.63178
-1.2422
4.5516
-0.762523
0.610012
1.80714
-0.656239
-0.464947
262.306
-31.6969
7.54412
5.72183
-0.491524
0.0190396
-0.741626
0.0814431
-3.77301
2.81308
0.146042
-25.8477
207.491
-26.7296
-28.9888
186.018
-25.1344
-27.2664
135.556
-19.8595
-33.0082
118.948
-19.7615
-17.2822
51.2654
-9.31489
-11.9327
22.1097
-3.89156
32.3208
266.532
-30.9585
35.3589
232.128
-27.6737
27.0106
135.378
-16.7874
22.8802
89.1224
-12.135
18.6622
50.2819
-7.54626
13.3128
22.0164
-2.87153
4.11563
372.735
-45.3619
3.63971
233.844
-29.5957
4.61402
204.529
-27.5513
3.1418
115.006
-17.4528
5.21161
76.0396
-12.464
5.92811
31.6072
-5.30883
-4.48107
309.041
-38.1173
-4.65524
276.332
-35.4963
-3.87247
200.311
-27.6993
-3.63905
114.419
-17.1503
-3.0693
72.744
-12.4924
-2.00483
30.8868
-5.57507
-4.39971
7.77785
-0.749873
-3.16781
18.4868
-2.85934
