-3.59907
28.7411
-4.37025
4.11553
43.0983
-5.47313
0.242422
0.131374
0.0862381
-0.126471
-0.0154702
-0.0534499
-2.82975
29.4532
-4.36466
5.26645
44.1862
-5.48234
0.11394
0.00882262
-0.0633448
-0.142579
0.072963
0.0778602
-7.15538
46.5419
-7.41448
-6.94132
35.5426
-6.08802
-8.00473
30.9672
-6.0287
-4.0372
11.7832
-2.66149
-3.97326
8.10923
-2.01022
-2.36396
2.81051
-0.794915
5.49032
46.4838
-5.98592
5.40599
35.4337
-4.65676
3.73312
18.7674
-2.42085
5.16713
18.8754
-2.72799
3.14178
7.92653
-1.01226
1.89238
2.67917
0.138285
-5.63137
47.9371
-7.38414
-5.43171
36.8564
-5.98465
-5.56247
29.0391
-5.10032
-3.04665
12.5812
-2.22561
-2.74078
8.68964
-1.65311
-1.67916
2.82393
-0.295268
7.03229
47.8874
-6.01088
6.9211
36.7844
-4.7396
4.74506
19.679
-2.64525
6.82487
20.2488
-3.18721
4.51112
8.56384
-1.40084
1.99257
2.60372
-0.254754
-1.28721
86.2143
-12.0369
-1.27358
1.18382
-0.318729
-6.41652
58.1986
-8.72815
1.22484
1.04306
0.229946
12.4329
116.386
-14.6122
-0.385265
-0.2522
0.0970706
0.686878
0.259505
-0.119319
-0.61173
0.182168
-0.0820899
0.659499
58.9039
-8.02552
-1.05759
1.29616
0.313364
1.38858
1.43158
-0.357272
0.0807409
-0.0687929
0.024616
-7.18793
52.0363
-8.0806
-7.08023
41.0329
-6.74581
-6.72289
30.1337
-5.43249
-6.14995
19.8319
-4.15549
-4.64078
11.5874
-2.72631
-3.25335
5.1791
-1.32537
5.49041
52.0001
-6.64774
5.47009
40.9519
-5.31588
5.27251
30.0677
-3.98375
4.63381
20.0311
-2.60058
3.62556
11.3615
-1.59337
2.58264
4.9973
-0.435832
-8.48966
80.1784
-12.0928
-5.56035
42.3854
-6.68846
-5.25796
31.3946
-5.26569
-3.76268
16.9939
-3.11692
-3.32536
12.38
-2.34151
-2.15679
5.4835
-0.933621
7.03079
53.4299
-6.65528
6.98673
42.3342
-5.36847
6.77569
31.3151
-4.11873
5.88718
21.1954
-3.00352
5.02635
12.2233
-1.94573
3.82231
5.46598
-0.878845
-25.4711
188.984
-29.6202
-30.9348
181.122
-30.1704
-22.1592
98.7343
-18.1317
-11.696
41.0415
-8.23672
-13.4018
33.72
-7.44185
-8.02168
9.95684
-2.11481
24.7775
188.767
-24.0093
24.2242
144.564
-18.7952
18.035
83.2778
-10.8119
22.1974
74.7925
-11.4846
14.7414
33.2621
-4.8559
8.63612
11.921
-0.265633
4.05337
287.415
-40.2196
4.28448
220.765
-32.1939
5.02391
173.654
-27.2693
4.00396
98.0581
-16.1453
5.3263
50.7562
-9.22522
3.81693
11.843
-2.1011
-4.89034
278.999
-40.2221
-3.58667
177.164
-26.9196
-4.03999
148.786
-24.7586
-4.86304
102.403
-18.8716
-2.68812
46.8239
-9.29442
-1.85879
14.4451
-2.88878
-1.33602
4.2969
-0.88558
0.654339
2.07322
-0.720824
-0.423515
232.779
-32.0662
7.07668
5.62813
-0.331028
0.0598036
-0.648209
0.11209
-3.52565
2.90572
-0.105483
-22.4041
184.63
-28.2593
-25.1993
166.878
-26.8928
-23.8859
123.131
-21.4474
-29.2145
110.018
-21.518
-15.7054
48.2698
-10.3497
-11.0561
21.3607
-4.6708
27.9646
237.212
-29.9416
30.6593
208.287
-26.7254
23.5558
122.981
-16.1733
20.3198
82.2875
-11.5105
16.8636
47.4195
-7.07884
12.2408
21.2087
-2.61562
4.08328
334.01
-46.0146
3.54792
211.608
-30.1997
4.49185
187.737
-28.2468
3.22032
107.655
-17.812
4.96333
72.9381
-12.8956
5.71409
31.4131
-5.65048
-4.40102
273.075
-38.6703
-4.69333
245.823
-36.2211
-4.08288
180.155
-28.387
-3.72031
104.365
-17.6901
-3.22169
67.5404
-12.9637
-2.19519
29.0325
-5.92728
-3.96207
8.1107
-1.21679
-2.75335
17.1641
-3.07217
