-3.19475
25.7155
-4.49769
3.54459
38.5659
-5.33382
0.227898
0.123431
0.0851423
-0.122872
-0.0138199
-0.0532944
-2.44109
26.6495
-4.4926
4.6716
39.9785
-5.33925
0.110967
0.0110077
-0.060958
-0.134702
0.0730663
0.0708845
-6.36356
41.8641
-7.68637
-6.21341
32.2601
-6.34541
-7.26224
28.4956
-6.27308
-3.71782
10.9936
-2.76766
-3.75049
7.69245
-2.14171
-2.2728
2.70433
-0.869955
4.72643
41.8241
-5.82906
4.66645
32.1778
-4.53847
3.26014
17.2362
-2.3719
4.60573
17.678
-2.62768
2.86418
7.50762
-0.970791
1.76002
2.55352
0.133845
-4.86164
43.6988
-7.66446
-4.71184
33.9785
-6.26748
-4.86934
27.2251
-5.37829
-2.72156
11.981
-2.40812
-2.51212
8.50012
-1.83098
-1.54925
2.90079
-0.412958
6.24277
43.6556
-5.84658
6.17682
33.9093
-4.59879
4.29452
18.413
-2.55005
6.28563
19.373
-3.00728
4.22905
8.35864
-1.31094
1.90458
2.60851
-0.225216
-1.24883
77.1427
-12.0847
-1.23754
1.1506
-0.356215
-5.62546
52.3691
-8.98484
1.14969
0.99413
0.230864
10.9017
104.732
-14.2355
-0.379899
-0.245787
0.081834
0.651413
0.248582
-0.0978792
-0.585009
0.186426
-0.0835208
0.655691
53.2972
-8.05582
-0.972952
1.3808
0.212374
1.34582
1.47353
-0.320494
0.0851936
-0.0562259
0.0188002
-6.38341
46.6637
-8.34681
-6.31363
37.0543
-7.01476
-6.05341
27.5153
-5.66883
-5.59296
18.4021
-4.34109
-4.33263
10.9081
-2.87113
-3.10016
4.94806
-1.43583
4.72728
46.6405
-6.47358
4.71171
36.9949
-5.17955
4.5685
27.4606
-3.88411
4.08326
18.543
-2.54048
3.27261
10.6966
-1.53239
2.37746
4.7581
-0.412977
-7.32335
72.7842
-12.4996
-4.80849
38.8384
-6.97362
-4.57745
29.1592
-5.54002
-3.321
16.0796
-3.31362
-3.01754
11.9541
-2.54712
-1.9886
5.44824
-1.08381
6.23769
48.5039
-6.47814
6.21815
38.787
-5.21646
6.07428
29.0823
-3.98562
5.37906
20.0261
-2.86734
4.66883
11.7964
-1.83359
3.61703
5.41047
-0.808268
-22.3662
171.147
-30.718
-27.3008
165.676
-31.5225
-19.7629
91.6993
-19.0259
-10.6159
38.6597
-8.70432
-12.4726
32.4889
-8.05809
-7.57301
9.89964
-2.47886
21.7398
170.993
-23.3667
21.3375
132.301
-18.2833
16.0774
77.2202
-10.5386
20.1827
70.8434
-10.9109
13.6302
32.0323
-4.59952
8.147
11.6568
-0.214169
4.01624
262.019
-40.5504
4.21064
203.539
-32.5892
4.95155
162.784
-27.6617
3.95436
93.692
-16.4945
5.13058
49.6885
-9.477
3.74175
12.1
-2.20661
-4.81855
251.012
-40.5591
-3.65553
160.898
-27.2617
-4.16675
136.876
-25.0483
-4.79202
95.8735
-19.2317
-2.80813
44.4616
-9.56536
-1.9663
13.8802
-3.06309
-1.39364
4.15045
-0.969924
0.683489
2.27637
-0.765996
-0.37092
209.466
-32.1988
6.72079
5.58203
-0.220979
0.0899111
-0.575981
0.132371
-3.33836
2.98575
-0.281632
-19.651
166.596
-29.1939
-22.1711
151.822
-27.9984
-21.1887
113.409
-22.4613
-26.1968
103.108
-22.648
-14.4623
45.9974
-11.0267
-10.3726
20.8265
-5.19806
24.5232
214.084
-29.1514
26.9484
189.536
-26.0073
20.8318
113.282
-15.7228
18.3087
76.999
-11.0592
15.4599
45.2508
-6.7443
11.4142
20.628
-2.43918
4.07297
303.214
-46.2958
3.48249
193.933
-30.5167
4.39671
174.415
-28.6451
3.28054
101.84
-18.0042
4.76614
70.5069
-13.1627
5.53532
31.2646
-5.8787
-4.29955
244.914
-38.9089
-4.68124
222.054
-36.6008
-4.21019
164.586
-28.7749
-3.75306
96.7214
-18.0195
-3.31713
63.707
-13.2551
-2.32145
27.7467
-6.1586
-3.63318
8.37861
-1.54391
-2.42491
16.124
-3.20877
