-2.78243
22.6343
-4.58653
2.9672
33.9499
-5.20908
0.21261
0.115247
0.083199
-0.118608
-0.0120312
-0.0527066
-2.04549
23.7421
-4.58205
4.06897
35.6154
-5.21094
0.107414
0.0129573
-0.0583714
-0.126209
0.072391
0.0639799
-5.55525
37.0947
-7.88428
-5.46789
28.9031
-6.53579
-6.49533
25.9537
-6.44772
-3.38516
10.1762
-2.83998
-3.51145
7.25827
-2.24048
-2.1706
2.59539
-0.927795
3.95425
37.0724
-5.69288
3.91848
28.8471
-4.4408
2.77974
15.6636
-2.33794
4.02995
16.4349
-2.55068
2.57579
7.07223
-0.942951
1.62052
2.42662
0.120379
-4.0781
39.274
-7.87075
-3.97821
30.9382
-6.48318
-4.16125
25.2605
-5.59401
-2.38569
11.3066
-2.55681
-2.27149
8.24614
-1.97716
-1.41342
2.94674
-0.516031
5.44232
39.2382
-5.70313
5.41977
30.8735
-4.47905
3.83284
17.0473
-2.47009
5.72711
18.3749
-2.85042
3.93073
8.0934
-1.23394
1.80775
2.59048
-0.201222
-1.20499
67.9043
-12.0893
-1.19519
1.11698
-0.385509
-4.81955
46.3802
-9.16446
1.06982
0.946091
0.226127
9.35084
92.7588
-13.8978
-0.371875
-0.236671
0.0673188
0.613508
0.237095
-0.0777372
-0.555347
0.188905
-0.0833301
0.653696
47.483
-8.05757
-0.886299
1.44702
0.11837
1.29608
1.50052
-0.286964
0.0888242
-0.0442374
0.0131405
-5.56277
41.1901
-8.537
-5.52993
32.9932
-7.21286
-5.36535
24.8315
-5.84308
-5.01807
16.9242
-4.47476
-4.00726
10.2019
-2.97682
-2.93255
4.70785
-1.52105
3.95572
41.1796
-6.31968
3.94512
32.955
-5.06398
3.85568
24.788
-3.80495
3.52178
17.0093
-2.50067
2.90798
10.0055
-1.48748
2.16298
4.51083
-0.401657
-6.1363
65.0946
-12.7924
-4.0429
35.1163
-7.18774
-3.88338
26.7747
-5.75218
-2.86792
15.0698
-3.46833
-2.69573
11.4458
-2.71423
-1.81139
5.3666
-1.21042
5.43397
43.3813
-6.32142
5.43758
35.0664
-5.0856
5.35901
26.7024
-3.87355
4.85551
18.7401
-2.75126
4.29534
11.2908
-1.73699
3.39619
5.31213
-0.74838
-19.2011
152.755
-31.5198
-23.5888
149.641
-32.5392
-17.3039
84.2928
-19.7015
-9.49638
36.1068
-9.05935
-11.4878
31.0928
-8.54377
-7.08879
9.78316
-2.78114
18.6623
152.662
-22.8067
18.4088
119.564
-17.854
14.0807
70.8573
-10.3297
18.1023
66.5644
-10.4247
12.4694
30.6407
-4.39439
7.6228
11.3324
-0.194641
3.98807
235.507
-40.723
4.14196
185.345
-32.8497
4.87559
151.02
-27.9337
3.90735
88.7366
-16.7691
4.92385
48.2507
-9.67463
3.64621
12.2341
-2.29873
-4.72327
222.474
-40.7364
-3.7026
144.258
-27.4872
-4.2658
124.628
-25.2296
-4.70466
89.0973
-19.4946
-2.91257
42.0011
-9.778
-2.05816
13.313
-3.21176
-1.43812
4.01282
-1.04147
0.706498
2.44538
-0.804201
-0.307721
185.516
-32.2167
6.33559
5.50854
-0.133961
0.116671
-0.503644
0.149161
-3.13761
3.04087
-0.435403
-16.8458
148.041
-29.8628
-19.082
136.25
-28.8199
-18.4273
103.259
-23.2263
-23.0916
95.7533
-23.5017
-13.1596
43.5064
-11.547
-9.641
20.1795
-5.62495
21.0372
190.284
-28.4524
23.1864
170.14
-25.3931
18.0642
103.155
-15.3541
16.2452
71.3859
-10.6884
14.003
42.8638
-6.4711
10.5442
19.9379
-2.30541
4.07324
271.187
-46.4042
3.42326
175.386
-30.7096
4.30321
160.204
-28.9211
3.33672
95.4259
-18.1207
4.56682
67.5943
-13.3632
5.33532
30.8545
-6.0693
-4.17834
216.222
-39.0012
-4.64422
197.789
-36.8316
-4.31073
148.623
-29.0378
-3.76496
88.8374
-18.2673
-3.39704
59.7157
-13.4745
-2.43203
26.4152
-6.34692
-3.29155
8.56467
-1.82747
-2.08839
14.9992
-3.31256
