3.39545
-29.4243
0.815816
-4.13411
-44.0946
0.832996
-0.339471
-0.192282
-0.093115
0.135873
0.0189374
0.0466303
3.07479
-29.6635
0.809374
-4.60519
-44.5064
0.849723
-0.118019
-0.00135
0.0555362
0.249582
-0.132442
-0.10547
6.66505
-48.1764
1.07838
6.28562
-37.6306
0.665877
7.18996
-34.5681
0.67075
3.78815
-14.1118
0.378865
4.00561
-10.6873
0.260599
2.48729
-4.14376
0.127266
-5.51115
-48.0776
0.529673
-5.39875
-37.5386
-0.0075847
-3.80838
-20.8816
-0.304911
-5.67222
-22.9766
-0.512713
-3.87153
-10.4186
-0.535204
-2.60972
-3.92293
-0.834061
6.09314
-48.6471
1.02567
5.84776
-38.1564
0.540744
6.17245
-31.6254
0.368606
3.66345
-14.6661
0.0475994
3.85355
-11.1426
-0.0736193
2.70222
-4.11277
-0.551973
-6.08913
-48.6034
0.569386
-5.79466
-38.1679
0.0792384
-3.94701
-21.3726
-0.144241
-5.88512
-23.9352
-0.228743
-4.20238
-10.9114
-0.220058
-1.95967
-3.43322
-0.200618
0.974547
-88.2344
2.09176
1.34369
-1.85888
0.0221547
6.45847
-59.0914
1.61646
-1.74147
-1.67513
-0.567564
-11.5226
-118.151
2.25108
0.240499
0.218731
-0.167813
-0.862719
-0.322829
0.191781
0.819821
-0.240327
0.129451
0.0315074
-59.321
1.39321
1.77676
-2.03969
-0.947004
-1.40323
-1.9119
0.117924
0.0206768
0.0635676
-0.0920936
6.75754
-53.5471
1.35268
6.50505
-42.8475
0.838548
6.02889
-32.5894
0.55557
5.58503
-22.9784
0.470446
4.53072
-14.5722
0.355846
3.36123
-7.17462
0.147702
-5.51697
-53.4613
0.838492
-5.47638
-42.7534
0.228192
-5.2824
-32.5605
-0.201025
-4.8546
-23.1347
-0.476277
-4.22143
-14.328
-0.469715
-3.36937
-6.87929
-0.641744
9.22117
-81.024
1.97706
5.99
-43.32
0.753806
5.71501
-33.1734
0.395636
4.28526
-19.1765
0.197687
4.3475
-15.1615
0.0463679
3.2426
-7.38042
-0.278875
-6.13655
-53.9886
0.850263
-5.94782
-43.3201
0.300294
-5.60552
-33.1792
-0.0877466
-4.95785
-23.8274
-0.208244
-4.48791
-14.9835
-0.227778
-3.71736
-7.202
-0.214192
25.4227
-193.661
4.23505
30.5068
-189.631
2.90256
21.9848
-108.677
1.56022
12.3008
-48.2983
0.789497
15.5518
-43.7891
0.553607
9.79984
-14.7189
-0.345801
-22.9022
-193.35
2.18051
-22.0918
-151.46
0.0787439
-16.6061
-91.5396
-1.11972
-21.4304
-89.2882
-1.21165
-15.4267
-42.9275
-1.35582
-9.68536
-16.7508
-2.11064
0.0827939
-291.616
4.85353
0.197211
-228.787
1.91248
0.523772
-189.33
0.568488
0.608981
-115.562
-0.477869
-1.11731
-65.4328
-0.724704
-1.92464
-16.7269
-0.89868
3.31664
-288.579
4.89561
1.98014
-187.581
1.72666
2.01931
-166.073
0.735132
2.48123
-124.468
-0.141372
0.719325
-62.2732
-0.591747
-0.11803
-22.0984
-0.819458
-0.0553649
-7.56428
-0.259606
0.127465
-3.28772
-0.0877449
1.41551
-236.325
5.51297
-8.16725
-8.56876
-0.587395
0.0255383
0.628509
0.0897456
4.48778
-4.638
-0.80573
22.4868
-188.263
4.70614
24.975
-172.371
3.17754
23.5111
-131.569
1.88414
29.3905
-125.772
1.9152
17.4867
-59.7441
0.99445
13.2453
-29.1898
0.0336385
-25.9281
-241.719
3.79986
-28.1241
-215.196
1.25226
-21.4601
-131.567
-0.659892
-19.1265
-93.834
-1.18484
-16.9141
-58.7496
-1.32281
-13.3359
-28.5771
-1.54017
0.269813
-337.498
6.82934
-0.0499687
-216.285
2.75233
0.273524
-198.739
1.0153
0.827605
-121.489
0.340337
-0.315672
-89.8943
-0.411362
-2.24607
-42.4473
-1.17317
3.17183
-280.818
5.80968
2.96442
-256.587
3.26705
2.12754
-195.075
1.13837
1.84769
-120.946
-0.0771279
1.30451
-85.7819
-0.369385
0.169091
-40.7552
-0.723873
6.51688
-12.3707
-1.20096
3.10326
-19.1348
0.2013
