-2.50942
20.5734
-4.62047
2.58567
30.862
-5.1418
0.201555
0.109406
0.0812081
-0.115167
-0.0107505
-0.051969
-1.78338
21.7611
-4.61644
3.67111
32.6427
-5.1415
0.104502
0.0140435
-0.0564586
-0.119843
0.0711725
0.0593939
-5.01927
33.8929
-7.96632
-4.97108
26.6322
-6.61652
-5.97792
24.2093
-6.51594
-3.15729
9.60484
-2.86464
-3.34053
6.94547
-2.28267
-2.0932
2.51443
-0.953735
3.44423
33.8816
-5.62243
3.4238
26.5925
-4.39413
2.45961
14.5872
-2.32729
3.63956
15.5599
-2.51819
2.37541
6.75969
-0.935158
1.52064
2.33546
0.104188
-3.55875
36.2311
-7.95806
-3.4906
28.8127
-6.57995
-3.68786
23.8408
-5.69316
-2.15701
10.796
-2.63064
-2.10208
8.01774
-2.05079
-1.31706
2.94703
-0.573783
4.91345
36.2004
-5.62813
4.91734
28.752
-4.41852
3.52281
16.0652
-2.43006
5.34516
17.6057
-2.76628
3.72033
7.86105
-1.19351
1.73579
2.55658
-0.189756
-1.17533
61.7247
-12.0705
-1.16132
1.09091
-0.399077
-4.28577
42.3381
-9.23365
1.01168
0.911907
0.218227
8.32553
84.6776
-13.7152
-0.364666
-0.228693
0.0580718
0.585736
0.228612
-0.0652405
-0.532735
0.188865
-0.0818729
0.653259
43.5215
-8.04434
-0.825779
1.47297
0.0607484
1.25661
1.50378
-0.267241
0.0906415
-0.0368147
0.0094399
-5.01921
37.5235
-8.61323
-5.00919
30.2583
-7.29655
-4.90447
23.0053
-5.91619
-4.6297
15.8984
-4.52753
-3.77981
9.70074
-3.01938
-2.80954
4.53208
-1.55944
3.44599
37.5208
-6.23806
3.43871
30.2334
-5.00633
3.38324
22.9691
-3.76966
3.14499
15.9492
-2.48989
2.65751
9.51485
-1.47038
2.01201
4.33174
-0.403215
-5.34984
59.8346
-12.9114
-3.53499
32.5382
-7.28147
-3.42109
25.0857
-5.84939
-2.56302
14.3217
-3.5409
-2.4723
11.0347
-2.79679
-1.68556
5.26822
-1.27702
4.90323
39.8772
-6.23808
4.92072
32.4902
-5.01843
4.88252
25.0174
-3.81751
4.50069
17.7917
-2.69133
4.03654
10.8841
-1.68598
3.23675
5.20563
-0.717309
-17.1025
140.263
-31.8544
-21.1192
138.624
-32.984
-15.6547
79.0875
-19.9973
-8.73305
34.2598
-9.21491
-10.792
29.9968
-8.7711
-6.73644
9.63716
-2.93599
16.6268
140.208
-22.515
16.4669
110.807
-17.6424
12.7448
66.3989
-10.2434
16.6829
63.4205
-10.1754
11.6606
29.5508
-4.29925
7.2431
11.0479
-0.20675
3.97413
217.274
-40.7505
4.09998
172.626
-32.9431
4.82319
142.524
-28.0395
3.87745
84.9377
-16.9014
4.78035
46.9485
-9.76889
3.56735
12.2032
-2.35074
-4.65436
203.311
-40.7663
-3.72389
132.993
-27.5682
-4.31683
116.225
-25.2847
-4.64237
84.3309
-19.6062
-2.97336
40.2241
-9.8799
-2.11013
12.8971
-3.29271
-1.45981
3.91219
-1.07976
0.717386
2.52393
-0.824104
-0.263699
169.351
-32.1706
6.05198
5.42371
-0.0938651
0.13148
-0.456051
0.158024
-2.99123
3.0496
-0.521237
-14.9873
135.485
-30.1318
-17.0311
125.62
-29.1726
-16.5831
96.2195
-23.5617
-20.9996
90.4927
-23.8737
-12.255
41.6416
-11.7796
-9.11582
19.6277
-5.83447
18.7323
174.175
-28.0809
20.6954
156.898
-25.0817
16.2242
96.1303
-15.1793
14.851
67.3862
-10.5088
12.9994
41.0674
-6.33965
9.92988
19.3617
-2.25028
4.07819
249.28
-46.3848
3.38821
162.537
-30.7666
4.24318
150.136
-29.0296
3.36928
90.6784
-18.1516
4.43513
65.225
-13.4518
5.18763
30.3293
-6.16973
-4.0946
197
-38.9851
-4.61134
181.443
-36.8997
-4.3637
137.755
-29.1369
-3.76329
83.3786
-18.3794
-3.44219
56.8705
-13.5729
-2.4966
25.4411
-6.44248
-3.05157
8.6029
-1.98335
-1.86263
14.1848
-3.35854
