-2.24195
18.5221
-4.63231
2.21117
27.7882
-5.09166
0.189533
0.103092
0.0785315
-0.11111
-0.00939473
-0.0508926
-1.52602
19.7563
-4.62875
3.28158
29.6343
-5.08946
0.101017
0.01491
-0.0543453
-0.112688
0.0691388
0.0548011
-4.49333
30.6908
-8.00385
-4.48083
24.34
-6.65547
-5.46043
22.418
-6.54048
-2.9254
9.0052
-2.86787
-3.15885
6.60513
-2.30296
-2.00646
2.42233
-0.96793
2.94383
30.6895
-5.57308
2.93771
24.3153
-4.36579
2.14228
13.4847
-2.3279
3.24496
14.6342
-2.50363
2.16727
6.42084
-0.937541
1.41346
2.23518
0.0810589
-3.04856
33.1218
-8.00045
-3.00993
26.6042
-6.63377
-3.2179
22.318
-5.75094
-1.92539
10.225
-2.68052
-1.92411
7.72811
-2.10189
-1.2145
2.91516
-0.62122
4.39525
33.0962
-5.57459
4.42266
26.5483
-4.37739
3.2135
15.0163
-2.40304
4.95622
16.7323
-2.70242
3.49917
7.57095
-1.16371
1.65637
2.49965
-0.182673
-1.14715
55.5735
-12.0361
-1.12164
1.05965
-0.40713
-3.76225
38.2817
-9.25863
0.948202
0.874211
0.205641
7.31932
76.5673
-13.5786
-0.355753
-0.218984
0.0491676
0.555243
0.219136
-0.0535882
-0.507111
0.187047
-0.079111
0.653458
39.5122
-8.02078
-0.762007
1.47961
0.0077548
1.21062
1.49138
-0.25004
0.0918922
-0.0299895
0.00578568
-4.48648
33.867
-8.64481
-4.49703
27.5127
-7.33674
-4.44713
21.1491
-5.95019
-4.24039
14.8313
-4.54713
-3.54339
9.1653
-3.03623
-2.67555
4.33694
-1.58069
2.94578
33.8713
-6.17865
2.94175
27.5
-4.96836
2.91781
21.1194
-3.75136
2.76852
14.8508
-2.49377
2.40064
8.99025
-1.46544
1.8529
4.1349
-0.413421
-4.57767
54.4893
-12.9632
-3.03544
29.8846
-7.33087
-2.9642
23.308
-5.90586
-2.25811
13.5009
-3.58497
-2.24119
10.5499
-2.85208
-1.55195
5.12375
-1.32677
4.38348
36.3163
-6.17713
4.41308
29.8393
-4.97174
4.41139
23.2446
-3.77998
4.143
16.7552
-2.64857
3.76936
10.406
-1.64811
3.06538
5.05605
-0.694824
-15.0419
127.638
-32.0104
-18.6845
127.35
-33.2167
-14.014
73.6314
-20.1508
-7.95943
32.2662
-9.29522
-10.0598
28.7229
-8.90801
-6.3545
9.41455
-3.04675
14.6285
127.618
-22.3083
14.5548
101.838
-17.5055
11.416
61.7395
-10.2078
15.2402
59.9775
-9.99927
10.8194
28.2869
-4.2439
6.83262
10.6872
-0.242796
3.96394
198.642
-40.709
4.06151
159.411
-32.9686
4.7694
133.414
-28.079
3.84835
80.6424
-16.9867
4.6324
45.2884
-9.82845
3.47403
12.0449
-2.39398
-4.58661
184.143
-40.7267
-3.73882
121.614
-27.5907
-4.35647
107.598
-25.2831
-4.57999
79.2931
-19.6605
-3.027
38.2845
-9.94523
-2.15444
12.4266
-3.35678
-1.47482
3.79517
-1.10924
0.724114
2.56611
-0.838539
-0.220922
153.129
-32.0825
5.74043
5.29727
-0.0707736
0.143184
-0.409372
0.164834
-2.83164
3.0272
-0.591478
-13.1639
122.847
-30.2445
-15.0142
114.818
-29.3495
-14.7571
88.9428
-23.7374
-18.9073
84.8794
-24.0638
-11.3202
39.5626
-11.9058
-8.55431
18.944
-5.9733
16.4702
157.957
-27.8096
18.2465
143.437
-24.87
14.4068
88.8678
-15.0742
13.4489
63.133
-10.3946
11.9686
39.0553
-6.25696
9.28176
18.6584
-2.22762
4.08623
227.016
-46.2961
3.35727
149.308
-30.7651
4.18573
139.534
-29.0729
3.39611
85.4728
-18.1415
4.30553
62.4175
-13.499
5.02683
29.5387
-6.24531
-4.01411
177.827
-38.9102
-4.57605
165.027
-36.8979
-4.40636
126.7
-29.1706
-3.75538
77.7125
-18.4439
-3.48113
53.8155
-13.6277
-2.55364
24.358
-6.51037
-2.79862
8.54802
-2.1078
-1.63773
13.3083
-3.38312
