-1.98303
16.4915
-4.62117
1.84683
24.7447
-5.06148
0.176346
0.0961858
0.0750851
-0.106338
-0.00796295
-0.0494358
-1.27595
17.7357
-4.61809
2.90419
26.6025
-5.05766
0.0968645
0.0155246
-0.0519945
-0.104586
0.0661537
0.0501817
-3.98319
27.5015
-7.99437
-4.00193
22.03
-6.64981
-4.9465
20.5745
-6.51828
-2.6902
8.372
-2.84813
-2.96537
6.23067
-2.29953
-1.90901
2.31572
-0.969398
2.45728
27.5088
-5.54773
2.46413
22.0186
-4.35772
1.82974
12.3537
-2.34052
2.84695
13.6478
-2.50836
1.95053
6.04932
-0.950859
1.29773
2.12281
0.050331
-2.55248
29.9533
-7.99529
-2.54046
24.3114
-6.64145
-2.7547
20.6821
-5.76386
-1.69155
9.58561
-2.70413
-1.73669
7.36771
-2.12829
-1.10465
2.84573
-0.657412
3.89277
29.9329
-5.54552
3.9401
24.2609
-4.35786
2.90679
13.8947
-2.3903
4.56089
15.7403
-2.66101
3.26623
7.21394
-1.14555
1.56843
2.41589
-0.180396
-1.12184
49.4837
-11.9874
-1.0752
1.02148
-0.409234
-3.25451
34.2301
-9.23759
0.878398
0.831624
0.187822
6.3412
68.4662
-13.4955
-0.344997
-0.207427
0.0405916
0.521513
0.20842
-0.0428267
-0.477955
0.183163
-0.0748944
0.654245
35.4713
-7.98793
-0.694212
1.4637
-0.0402916
1.15705
1.46068
-0.23558
0.0925216
-0.0238527
0.0021673
-3.97052
30.238
-8.62957
-3.99883
24.7646
-7.33069
-3.99727
19.2622
-5.94232
-3.85248
13.7163
-4.53108
-3.29768
8.58818
-3.02536
-2.5292
4.1173
-1.58338
2.45929
30.2483
-6.14482
2.45839
24.7626
-4.95246
2.4629
19.2385
-3.75158
2.39413
13.7081
-2.51317
2.13712
8.42431
-1.47356
1.68449
3.91551
-0.432979
-3.82743
49.0766
-12.9442
-2.54896
27.1581
-7.33298
-2.51644
21.4361
-5.9183
-1.95493
12.5987
-3.598
-2.00208
9.98055
-2.87747
-1.40945
4.92572
-1.35808
3.87982
32.7103
-6.14198
3.91942
27.1163
-4.94811
3.94942
21.3786
-3.76287
3.78381
15.6205
-2.62467
3.49346
9.84595
-1.6247
2.88057
4.85629
-0.681734
-13.0403
114.919
-31.9778
-16.3078
115.823
-33.2222
-12.3937
67.9002
-20.1509
-7.17818
30.1046
-9.2939
-9.28822
27.2391
-8.94638
-5.93885
9.09975
-3.10933
12.6848
114.931
-22.1983
12.6882
92.6613
-17.4515
10.1022
56.8604
-10.2266
13.7767
56.1894
-9.90328
9.94272
26.8174
-4.23162
6.38677
10.2349
-0.304868
3.95748
179.655
-40.5997
4.02688
145.689
-32.9236
4.71419
123.631
-28.0474
3.81959
75.7833
-17.02
4.47994
43.2136
-9.84981
3.36466
11.7377
-2.42751
-4.52436
165.046
-40.6187
-3.74886
110.136
-27.5527
-4.38535
98.7236
-25.2218
-4.51974
73.9307
-19.6527
-3.07338
36.1428
-9.97056
-2.19095
11.883
-3.40236
-1.48304
3.65453
-1.12904
0.726295
2.56576
-0.846807
-0.181497
136.925
-31.9564
5.39636
5.11992
-0.066158
0.151341
-0.363879
0.169507
-2.65659
2.96757
-0.644825
-11.3947
110.178
-30.1933
-13.0514
103.865
-29.3393
-12.9647
81.4169
-23.7413
-16.8278
78.8675
-24.057
-10.3543
37.2334
-11.9164
-7.95213
18.1032
-6.03494
14.271
141.696
-27.6538
15.8605
129.784
-24.7705
12.6255
81.3553
-15.0454
12.0443
58.594
-10.3517
10.9099
36.7911
-6.22715
8.5955
17.8037
-2.24011
4.09687
204.472
-46.1417
3.33092
135.713
-30.7043
4.13138
128.367
-29.0471
3.4159
79.7553
-18.0877
4.17869
59.1064
-13.5009
4.85175
28.4387
-6.29343
-3.94132
158.796
-38.7799
-4.54174
148.59
-36.8254
-4.43963
115.453
-29.1354
-3.74233
71.8057
-18.4566
-3.51405
50.5045
-13.635
-2.603
23.1359
-6.54795
-2.53046
8.38307
-2.19777
-1.41518
12.363
-3.38455
