-1.61591
13.5032
-4.56094
1.32478
20.2651
-5.05727
0.154055
0.0845065
0.0683581
-0.0976847
-0.0056774
-0.0464759
-0.918911
14.6914
-4.5586
2.3676
22.035
-5.05167
0.0892277
0.0159265
-0.0479607
-0.0904019
0.0596868
0.043158
-3.25764
22.7638
-7.8898
-3.31326
18.5382
-6.55464
-4.18887
17.7025
-6.3939
-2.33248
7.35034
-2.77372
-2.65151
5.59359
-2.24779
-1.74064
2.12256
-0.946611
1.76069
22.7812
-5.55799
1.78406
18.5427
-4.38519
1.37345
10.5994
-2.38197
2.24535
12.0377
-2.55222
1.60817
5.41985
-0.991663
1.10611
1.92626
-0.0106299
-1.84338
25.1065
-7.89597
-1.86465
20.7148
-6.56278
-2.07845
18.0036
-5.69477
-1.33802
8.4868
-2.68717
-1.43657
6.67996
-2.11882
-0.924469
2.66293
-0.689501
3.17737
25.0934
-5.55119
3.2467
20.6737
-4.3711
2.455
12.0684
-2.39884
3.95719
14.0082
-2.64294
2.89318
6.53902
-1.14094
1.41884
2.23418
-0.186371
-1.09178
40.5212
-11.891
-0.991402
0.948186
-0.400764
-2.53206
28.197
-9.11886
0.760244
0.756068
0.150632
4.94224
56.4024
-13.4812
-0.325221
-0.186514
0.0282876
0.464005
0.189597
-0.0283699
-0.426772
0.173014
-0.0656507
0.656493
29.3832
-7.92333
-0.583665
1.39265
-0.102795
1.06083
1.37625
-0.219183
0.0922252
-0.0160641
-0.00321463
-3.23842
24.8766
-8.51738
-3.28712
20.6521
-7.2322
-3.34349
16.3738
-5.84888
-3.27747
11.9428
-4.43731
-2.91137
7.63165
-2.95462
-2.28437
3.73291
-1.55091
1.76254
24.8938
-6.14623
1.76604
20.6628
-4.97235
1.80638
16.3575
-3.78751
1.83964
11.901
-2.57124
1.72922
7.48522
-1.51058
1.41262
3.53579
-0.480312
-2.7563
40.868
-12.7806
-1.85185
22.9404
-7.24435
-1.86846
18.4463
-5.8504
-1.50654
11.0809
-3.55612
-1.62824
8.95188
-2.85604
-1.17738
4.51686
-1.36843
3.16347
27.2414
-6.14184
3.21347
22.9051
-4.95858
3.28027
18.399
-3.77704
3.24474
13.7199
-2.62553
3.06291
8.83614
-1.61772
2.57583
4.45168
-0.680371
-10.1853
95.7467
-31.5659
-12.8914
98.0796
-32.7874
-10.0233
58.7522
-19.8496
-5.99708
26.5141
-9.13089
-8.05217
24.5685
-8.80899
-5.2458
8.42946
-3.10786
9.90269
95.7948
-22.2279
10.0008
78.5198
-17.5326
8.17401
49.1034
-10.3581
11.5477
49.7878
-9.91471
8.55712
24.1774
-4.29575
5.64451
9.35946
-0.448497
3.955
150.606
-40.312
3.9829
124.163
-32.7194
4.62897
107.62
-27.8584
3.77596
67.3369
-16.9631
4.24265
39.2369
-9.80408
3.16822
10.9652
-2.45788
-4.44917
136.665
-40.3322
-3.75755
92.7636
-27.3792
-4.40985
84.9045
-25.0115
-4.43671
65.1876
-19.5155
-3.12901
32.4825
-9.92758
-2.23092
10.8972
-3.43332
-1.48258
3.38606
-1.13935
0.720512
2.47612
-0.846536
-0.132299
112.796
-31.7042
4.81203
4.74309
-0.0951477
0.156304
-0.298278
0.172492
-2.36136
2.79857
-0.691757
-8.87565
91.2157
-29.8037
-10.2433
87.1986
-28.9614
-10.3662
69.6488
-23.4108
-13.7558
69.0321
-23.6592
-8.84731
33.214
-11.7038
-6.96601
16.5064
-5.97463
11.1252
117.346
-27.6554
12.4362
109
-24.8438
10.0454
69.605
-15.1497
9.94248
51.2
-10.4242
9.26899
32.8648
-6.28397
7.48797
16.1987
-2.3265
4.1172
170.28
-45.7952
3.30098
114.674
-30.5013
4.05674
110.517
-28.8717
3.43019
70.1429
-17.919
3.99438
53.0968
-13.4113
4.56062
26.141
-6.30963
-3.85448
130.672
-38.4874
-4.49832
123.977
-36.5831
-4.47378
98.2155
-28.9473
-3.71511
62.4377
-18.3705
-3.5522
44.9789
-13.5497
-2.66231
20.9898
-6.54299
-2.09608
7.90282
-2.26429
-1.08842
10.8061
-3.34099
