3.70047
-30.8157
0.887917
-4.57656
-46.1709
0.81851
-0.334491
-0.188929
-0.0920294
0.134455
0.0187501
0.0464767
3.3688
-31.1303
0.878666
-5.06041
-46.7088
0.842444
-0.116081
-0.000669525
0.0546778
0.246477
-0.129976
-0.105493
7.23897
-49.89
1.20361
6.74297
-38.3389
0.76935
7.54361
-34.551
0.77561
3.88393
-13.96
0.421408
4.01781
-10.4895
0.268068
2.47568
-4.05575
0.123446
-6.08804
-49.7613
0.499525
-5.88596
-38.2267
-0.0459365
-4.03428
-20.9447
-0.349077
-5.78899
-22.6529
-0.520008
-3.85835
-10.2385
-0.535265
-2.57574
-3.84224
-0.82915
6.657
-50.4944
1.13245
6.29615
-38.9584
0.601118
6.49148
-31.6779
0.391533
3.75347
-14.542
0.0320895
3.84952
-10.9376
-0.0868033
2.68167
-4.00703
-0.562412
-6.68316
-50.4241
0.562401
-6.29125
-38.9531
0.0870322
-4.15927
-21.4649
-0.128147
-6.00177
-23.631
-0.169906
-4.20517
-10.7165
-0.204513
-1.94215
-3.35921
-0.198596
0.99668
-92.3973
2.19384
1.33288
-1.81654
0.0203636
7.05208
-61.9518
1.75502
-1.71625
-1.63557
-0.560859
-12.6831
-123.862
2.22756
0.244587
0.219806
-0.165604
-0.851605
-0.316367
0.191104
0.811697
-0.236649
0.126716
0.0290898
-62.2514
1.46155
1.76119
-1.97997
-0.953232
-1.38334
-1.85975
0.116978
0.0217912
0.0653796
-0.0922982
7.35797
-55.8061
1.48765
7.0305
-44.0339
0.95232
6.40214
-32.9008
0.644853
5.8153
-22.8098
0.530466
4.5791
-14.3385
0.378948
3.35681
-7.03168
0.146613
-6.10561
-55.6944
0.815217
-6.02081
-43.9136
0.191552
-5.69105
-32.8815
-0.241783
-5.05273
-23.0171
-0.53053
-4.24463
-14.1058
-0.471877
-3.33839
-6.74912
-0.638821
10.101
-84.6302
2.16241
6.50719
-44.6179
0.83723
6.08898
-33.5596
0.430102
4.45444
-19.074
0.205729
4.38058
-14.9317
0.030682
3.22502
-7.22691
-0.291646
-6.74382
-56.3771
0.836891
-6.50014
-44.5969
0.300712
-6.0236
-33.5569
-0.0739086
-5.12469
-23.7303
-0.172507
-4.52827
-14.7556
-0.200608
-3.69868
-7.05533
-0.206094
27.6635
-200.796
4.7152
32.8349
-193.453
3.31189
23.1824
-108.816
1.73435
12.6588
-47.8925
0.835019
15.6192
-42.9951
0.536401
9.77488
-14.3733
-0.387261
-25.1373
-200.378
2.11773
-23.9499
-154.456
0.0182566
-17.5261
-91.8717
-1.21822
-21.8888
-88.1733
-1.09276
-15.4462
-42.1844
-1.33534
-9.59782
-16.4049
-2.10717
0.000270719
-302.57
5.16698
0.011861
-233.448
2.11754
0.384289
-189.619
0.712792
0.638783
-114.212
-0.517583
-1.12515
-64.1844
-0.734158
-1.90022
-16.3007
-0.921093
3.26405
-298.705
5.19478
1.82003
-190.936
1.89106
1.96181
-166.13
0.916424
2.66072
-122.694
-0.0744531
0.835327
-61.0902
-0.584436
-0.0211543
-21.5888
-0.833023
0.000256937
-7.36153
-0.271982
0.13467
-3.16688
-0.108538
1.45262
-247.753
5.76518
-8.07818
-8.35026
-0.591279
0.0389973
0.63676
0.0829481
4.46066
-4.51279
-0.82079
24.5255
-196.435
5.1704
27.0555
-177.357
3.58606
25.0487
-132.984
2.1434
30.7268
-124.942
2.10073
17.7017
-58.8592
1.02256
13.2464
-28.5987
-0.00713827
-28.5287
-252.118
3.72607
-30.7009
-221.325
1.17476
-23.0136
-133.028
-0.724195
-19.8002
-93.3872
-1.15594
-17.0821
-57.875
-1.28626
-13.2747
-28.0218
-1.5293
0.269659
-352.472
7.192
-0.200208
-222.615
2.97108
0.0746383
-200.87
1.16935
0.866128
-120.833
0.464104
-0.354182
-88.4432
-0.399965
-2.22521
-41.5221
-1.20238
3.18718
-292.589
6.11389
2.85071
-263.532
3.513
1.96209
-196.801
1.29768
1.91764
-120.115
-0.0701791
1.4012
-84.2982
-0.338962
0.286384
-39.9174
-0.730863
6.49804
-12.023
-1.24972
3.24544
-19.0841
0.220626
