-0.974941
7.79687
-4.29364
0.386362
11.7068
-5.19517
0.099657
0.0558026
0.0492576
-0.0746509
-0.000689872
-0.0376798
-0.283675
8.62781
-4.29267
1.4223
12.939
-5.18842
0.0685417
0.0147994
-0.0378879
-0.0541366
0.0392582
0.028545
-1.98163
13.53
-7.3696
-2.07032
11.4837
-6.06137
-2.7447
11.5534
-5.82538
-1.6051
5.02354
-2.46722
-1.93658
4.01412
-1.97925
-1.31935
1.59705
-0.812941
0.510599
13.556
-5.74516
0.55512
11.5041
-4.57045
0.518358
6.87255
-2.53403
1.035
8.29988
-2.7566
0.861222
3.86827
-1.1396
0.654443
1.41467
-0.182735
-0.578331
15.1695
-7.38125
-0.6388
13
-6.08816
-0.812229
11.8388
-5.24139
-0.627484
5.77235
-2.46453
-0.76723
4.75087
-1.92387
-0.504919
1.99987
-0.674899
1.91341
15.1692
-5.73316
1.99527
12.9817
-4.53978
1.59366
7.90104
-2.50611
2.71868
9.63629
-2.75393
2.06069
4.66348
-1.20611
1.05299
1.65884
-0.229832
-1.06769
23.4029
-11.6272
-0.769431
0.733515
-0.343132
-1.25851
16.426
-8.58692
0.472229
0.554144
0.0395683
2.441
32.8616
-13.8457
-0.272494
-0.132391
0.00527917
0.322088
0.140804
-0.00495776
-0.2958
0.136335
-0.0367302
0.66509
17.2567
-7.74793
-0.327016
1.07242
-0.194822
0.807886
1.06194
-0.203741
0.0871203
-0.00567031
-0.0139044
-1.95792
14.5499
-7.98841
-2.0223
12.5114
-6.72467
-2.13517
10.3915
-5.37544
-2.16689
8.00404
-4.00395
-2.07634
5.35496
-2.6205
-1.69961
2.73861
-1.35686
0.511225
14.5722
-6.33235
0.522156
12.5343
-5.15954
0.606644
10.3835
-3.97358
0.768783
7.92438
-2.776
0.871068
5.24581
-1.66326
0.797122
2.568
-0.633625
-0.850818
24.3107
-11.9922
-0.600781
14.1139
-6.74699
-0.678802
11.8333
-5.40777
-0.643985
7.44298
-3.25288
-0.828478
6.24119
-2.59915
-0.644507
3.27715
-1.25839
1.90077
16.209
-6.32648
1.95349
14.096
-5.13562
2.05055
11.8115
-3.93663
2.17629
9.19346
-2.74809
2.14372
6.18021
-1.69666
1.86369
3.24524
-0.738138
-5.12371
57.3983
-29.4917
-6.72357
61.1385
-30.3632
-5.57135
38.4468
-18.1789
-3.62338
18.0196
-8.23108
-5.29429
17.5109
-7.8388
-3.59752
6.31554
-2.76613
4.91896
57.4828
-22.9602
5.12251
49.0195
-18.2326
4.52285
31.9967
-10.9449
7.00029
34.2557
-10.4469
5.53124
17.2181
-4.68931
3.88275
6.83944
-0.903916
3.9794
91.0336
-39.3123
3.92828
77.9749
-31.8078
4.45412
70.7858
-26.9408
3.68191
46.1427
-16.4293
3.7371
28.0236
-9.41226
2.65599
8.24135
-2.44
-4.38827
81.301
-39.3328
-3.76101
57.5763
-26.6067
-4.39615
55.3453
-24.1433
-4.30216
44.9302
-18.7589
-3.18682
23.3452
-9.53083
-2.25757
8.19947
-3.35216
-1.43739
2.59457
-1.08767
0.676178
1.96015
-0.797783
-0.079798
65.7135
-31.0081
3.383
3.55118
-0.273561
0.139638
-0.177361
0.165205
-1.64475
2.15252
-0.669954
-4.42757
53.822
-27.9572
-5.22911
53.2536
-26.9443
-5.58367
44.4382
-21.5637
-7.86544
46.3067
-21.486
-5.6333
23.1635
-10.4638
-4.68574
12.0118
-5.30967
5.49925
69.2938
-28.4863
6.26398
66.6293
-25.7434
5.29649
44.422
-15.8366
5.79986
34.2271
-11.0114
5.80959
22.9836
-6.724
4.98208
11.7367
-2.71927
4.17445
101.307
-44.7274
3.28097
70.6121
-29.6972
3.93814
70.9899
-28.0084
3.39936
47.1241
-17.2424
3.64785
37.1668
-12.8732
3.87388
19.0944
-6.12585
-3.78525
76.4718
-37.5867
-4.46002
75.1943
-35.6235
-4.49164
62.4305
-28.0661
-3.63832
41.7215
-17.7921
-3.58505
31.6871
-13.0091
-2.72604
15.4066
-6.29857
-1.10359
6.05131
-2.15219
-0.469366
7.18535
-3.09015
