-0.789741
5.97965
-4.16701
0.106146
8.9802
-5.27742
0.0787167
0.0446597
0.0413838
-0.0653421
0.00105818
-0.0339473
-0.0960266
6.6295
-4.16645
1.14646
9.94166
-5.27097
0.0601048
0.0138952
-0.0339412
-0.0398012
0.0303763
0.0234561
-1.60989
10.5306
-7.11548
-1.69763
9.11629
-5.81736
-2.28688
9.38767
-5.55137
-1.36029
4.16508
-2.32329
-1.6739
3.39698
-1.84588
-1.15486
1.37954
-0.745148
0.137926
10.5562
-5.8474
0.185961
9.13729
-4.6615
0.251728
5.56784
-2.59864
0.632036
6.90247
-2.84984
0.595728
3.26417
-1.20328
0.484843
1.20783
-0.252103
-0.203477
11.8131
-7.12748
-0.26888
10.2984
-5.84612
-0.417292
9.56751
-5.00599
-0.390994
4.72582
-2.3394
-0.525304
3.9542
-1.81168
-0.348317
1.6961
-0.649111
1.54341
11.8162
-5.83485
1.62026
10.2885
-4.62879
1.32064
6.3747
-2.56204
2.29898
7.92891
-2.82522
1.75951
3.89209
-1.24478
0.912314
1.40809
-0.251776
-1.07025
17.9504
-11.5202
-0.679871
0.641042
-0.313268
-0.8863
12.61
-8.33429
0.36168
0.470989
-0.00671071
1.69878
25.2293
-14.0649
-0.251293
-0.111218
-0.00205262
0.267078
0.121239
0.00155008
-0.244031
0.119519
-0.024351
0.669313
13.2602
-7.67698
-0.231039
0.916231
-0.21698
0.706458
0.916624
-0.202547
0.0841813
-0.00358943
-0.0174602
-1.58718
11.2333
-7.73365
-1.64948
9.82878
-6.47433
-1.7637
8.34051
-5.14199
-1.80997
6.57759
-3.79433
-1.78103
4.48891
-2.45788
-1.47785
2.33959
-1.25797
0.137924
11.2548
-6.43919
0.150842
9.85187
-5.25615
0.241946
8.33352
-4.06034
0.425124
6.49352
-2.86207
0.574586
4.3929
-1.731
0.572329
2.18287
-0.697972
-0.288001
18.7943
-11.6104
-0.227593
11.0822
-6.49727
-0.315156
9.46391
-5.17861
-0.367954
6.06653
-3.09301
-0.548373
5.15698
-2.45589
-0.447771
2.74656
-1.1868
1.53209
12.5329
-6.4333
1.58052
11.0711
-5.23139
1.6749
9.45166
-4.01957
1.82504
7.48774
-2.81645
1.822
5.11866
-1.74422
1.59776
2.73238
-0.771363
-3.63476
44.6847
-28.4756
-4.87282
48.4672
-29.1451
-4.17946
31.1293
-17.3375
-2.83295
14.82
-7.77765
-4.29652
14.6706
-7.32957
-2.97446
5.38938
-2.56232
3.43696
44.7705
-23.3657
3.65064
38.8848
-18.588
3.37283
25.8604
-11.2083
5.46808
28.3117
-10.7395
4.45416
14.4213
-4.8787
3.21814
5.77899
-1.09516
3.99738
70.9064
-38.8589
3.92119
61.7956
-31.3565
4.39666
57.2189
-26.4736
3.64772
37.8944
-16.1234
3.55994
23.3792
-9.19164
2.45233
7.00537
-2.40976
-4.39438
63.3031
-38.8791
-3.75809
45.7418
-26.2255
-4.37336
44.942
-23.72
-4.26392
37.3665
-18.3623
-3.18895
19.7596
-9.30577
-2.25085
7.07685
-3.28245
-1.41019
2.25042
-1.04966
0.652473
1.6947
-0.767612
-0.0754477
50.4494
-30.7241
2.83325
3.02711
-0.361756
0.126976
-0.139896
0.159566
-1.36972
1.84964
-0.632574
-3.12506
41.5811
-27.0669
-3.74241
41.8218
-25.9418
-4.11896
35.5919
-20.6337
-5.98632
37.882
-20.394
-4.50912
19.2443
-9.83255
-3.83985
10.1424
-4.94296
3.82942
53.5535
-28.9657
4.41603
52.3491
-26.219
3.84251
35.5827
-16.171
4.44522
27.9622
-11.3047
4.61166
19.1163
-6.94227
4.06647
9.89236
-2.89963
4.19942
78.326
-44.2674
3.28719
55.4683
-29.3146
3.90921
56.8141
-27.5689
3.37282
38.4195
-16.9135
3.53824
30.7736
-12.5854
3.6161
16.0625
-5.99981
-3.79292
59.0556
-37.1991
-4.46173
59.1009
-35.1668
-4.48277
50.1386
-27.6235
-3.6057
34.2405
-17.4766
-3.58132
26.5961
-12.7179
-2.73043
13.1576
-6.14736
-0.737576
5.18368
-2.04903
-0.274045
5.84055
-2.96232
