-0.702029
5.08587
-4.09792
-0.0281882
7.63891
-5.3234
0.0677812
0.0388202
0.0372128
-0.060415
0.00194083
-0.0319494
-0.00637733
5.6361
-4.09756
1.0154
8.45171
-5.31721
0.0556294
0.0133587
-0.0318664
-0.0322625
0.025602
0.0208661
-1.43324
9.04476
-6.97592
-1.51849
7.93008
-5.68291
-2.06216
8.28509
-5.40109
-1.23755
3.7217
-2.24475
-1.53851
3.07278
-1.77228
-1.06858
1.26335
-0.707631
-0.0406307
9.06952
-5.9036
0.00854378
7.95064
-4.71041
0.121759
4.90488
-2.63222
0.431021
6.17792
-2.89918
0.460444
2.94714
-1.2367
0.396972
1.098
-0.288374
-0.0241632
10.1307
-6.98784
-0.0906417
8.9284
-5.71194
-0.224588
8.39783
-4.87494
-0.272959
4.17981
-2.26872
-0.401327
3.53098
-1.7481
-0.267254
1.5308
-0.632935
1.36738
10.1355
-5.89098
1.44019
8.92276
-4.67727
1.18673
5.59002
-2.59234
2.08822
7.03494
-2.86518
1.60509
3.48267
-1.26616
0.838895
1.27315
-0.263718
-1.07318
15.2684
-11.463
-0.63247
0.591103
-0.296688
-0.709209
10.7226
-8.19638
0.304035
0.42658
-0.0311769
1.34381
21.4541
-14.1876
-0.240095
-0.100166
-0.00567624
0.238288
0.11089
0.00463071
-0.216803
0.11036
-0.0177439
0.671697
11.2734
-7.63911
-0.181278
0.830144
-0.226757
0.65291
0.83738
-0.202434
0.0825104
-0.00276275
-0.0192374
-1.41145
9.59701
-7.59417
-1.47148
8.49306
-6.33653
-1.58343
7.30551
-5.01341
-1.63386
5.84508
-3.67926
-1.63058
4.0375
-2.36849
-1.36249
2.12833
-1.20315
-0.0409744
9.61768
-6.4985
-0.0271668
8.51558
-5.30862
0.0658592
7.29866
-4.10639
0.255858
5.76014
-2.90675
0.424874
3.94819
-1.76668
0.456821
1.97944
-0.73173
-0.0191244
16.0419
-11.4011
-0.0485991
9.55435
-6.35931
-0.139065
8.25382
-5.05115
-0.23203
5.3522
-3.00376
-0.406232
4.5857
-2.3751
-0.346294
2.46225
-1.14549
1.35688
10.6986
-6.49267
1.40229
9.5467
-5.28386
1.49318
8.24655
-4.06456
1.65049
6.60355
-2.85395
1.65874
4.55937
-1.77058
1.46013
2.45797
-0.789713
-2.9245
38.3474
-27.9172
-3.98301
42.0786
-28.4718
-3.49972
27.382
-16.8719
-2.43823
13.1598
-7.52661
-3.78483
13.1696
-7.04559
-2.65078
4.8894
-2.44635
2.72756
38.432
-23.5891
2.94199
33.7726
-18.78
2.81008
22.7223
-11.3467
4.7005
25.2137
-10.8996
3.90484
12.9439
-4.97995
2.87323
5.21202
-1.19585
4.00833
60.8172
-38.6103
3.91985
53.5901
-31.1041
4.36847
50.2325
-26.2108
3.63006
33.5796
-15.947
3.46991
20.9099
-9.06509
2.34515
6.33421
-2.39013
-4.40131
54.3846
-38.6303
-3.75547
39.8079
-26.0127
-4.35842
39.6471
-23.4838
-4.24507
33.446
-18.1378
-3.18658
17.8737
-9.17652
-2.24463
6.476
-3.23992
-1.39453
2.06387
-1.02705
0.639179
1.54688
-0.750135
-0.0752019
42.8995
-30.5721
2.54629
2.74379
-0.409665
0.119546
-0.121609
0.156295
-1.22613
1.68374
-0.609272
-2.50487
35.506
-26.5792
-3.03098
36.093
-25.389
-3.40918
31.0991
-20.1192
-5.06188
33.531
-19.7898
-3.9386
17.1907
-9.48242
-3.40281
9.14598
-4.73678
3.03072
45.7398
-29.2321
3.52903
45.1911
-26.4785
3.13849
31.0931
-16.35
3.77346
24.7307
-11.4625
4.00608
17.0881
-7.05945
3.59571
8.91096
-2.99567
4.21319
66.8591
-44.0181
3.29276
47.8345
-29.1027
3.89688
49.5722
-27.3217
3.35703
33.9027
-16.73
3.48435
27.4018
-12.4218
3.48249
14.4356
-5.9251
-3.80143
50.4614
-36.9891
-4.46448
51.0846
-34.9137
-4.4753
43.9317
-27.3752
-3.58774
30.4019
-17.2964
-3.57631
23.9374
-12.5522
-2.72938
11.9655
-6.05924
-0.548726
4.70889
-1.987
-0.178329
5.14614
-2.8913
