-0.617315
4.20123
-4.02543
-0.158894
6.31124
-5.37186
0.0565636
0.0328161
0.0329048
-0.055321
0.00282674
-0.0298715
0.0806912
4.64676
-4.02524
0.888598
6.96789
-5.36599
0.0509973
0.0127719
-0.0297286
-0.0244992
0.020629
0.0182452
-1.26225
7.56743
-6.82896
-1.34377
6.74233
-5.5411
-1.84005
7.17034
-5.24293
-1.1146
3.26958
-2.16231
-1.40063
2.73889
-1.6946
-0.979835
1.14251
-0.667981
-0.214305
7.59104
-5.96229
-0.164376
6.76197
-4.76081
-0.00608151
4.23538
-2.66618
0.23042
5.43739
-2.94964
0.323693
2.62082
-1.27079
0.307272
0.984152
-0.325465
0.150134
8.4468
-6.84066
0.0834375
7.54747
-5.56996
-0.0348412
7.20802
-4.73593
-0.155091
3.62022
-2.19319
-0.275551
3.09283
-1.68008
-0.18452
1.35746
-0.614817
1.19694
8.45307
-5.94971
1.26476
7.54616
-4.72762
1.05446
4.79264
-2.62369
1.87697
6.11688
-2.90725
1.44837
3.05901
-1.28852
0.763607
1.13248
-0.276155
-1.07702
12.6138
-11.4032
-0.583459
0.538838
-0.279142
-0.537667
8.84845
-8.05162
0.244967
0.380388
-0.056375
0.998917
17.7052
-14.3169
-0.228532
-0.0888469
-0.00927776
0.208716
0.100191
0.00761968
-0.188759
0.100746
-0.0108958
0.674262
9.29478
-7.59956
-0.130429
0.739274
-0.235774
0.59764
0.754183
-0.202553
0.0807175
-0.00206047
-0.0210138
-1.24163
7.97423
-7.44754
-1.29866
7.16077
-6.19125
-1.40652
6.26461
-4.8778
-1.4592
5.10068
-3.55811
-1.47841
3.57472
-2.27429
-1.24438
1.90978
-1.14517
-0.215004
7.99383
-6.56077
-0.200378
7.18232
-5.36304
-0.106287
6.25773
-4.15351
0.0882688
5.01567
-2.95194
0.274359
3.49219
-1.8031
0.339476
1.76925
-0.766233
0.242007
13.2946
-11.1809
0.125697
8.01996
-6.21358
0.033476
7.02893
-4.91603
-0.0974237
4.62234
-2.90895
-0.262866
3.99695
-2.28884
-0.242946
2.16652
-1.10093
1.18735
8.86767
-6.55506
1.22921
8.01586
-5.33855
1.31527
7.02672
-4.11116
1.47667
5.70073
-2.893
1.49405
3.983
-1.79817
1.31968
2.17275
-0.808912
-2.2353
32.024
-27.329
-3.11511
35.6595
-27.7604
-2.83002
23.5817
-16.3796
-2.04387
11.463
-7.26109
-3.2654
11.6195
-6.74418
-2.31971
4.36694
-2.32209
2.03792
32.1063
-23.8227
2.25045
28.6345
-18.9786
2.25514
19.5424
-11.4877
3.93243
22.0396
-11.0661
3.34916
11.4185
-5.08406
2.52073
4.62268
-1.2991
4.02059
50.7179
-38.3472
3.91995
45.3185
-30.8344
4.34075
43.1261
-25.929
3.61202
29.151
-15.7554
3.37898
18.3523
-8.92812
2.23473
5.63118
-2.36756
-4.41028
45.5156
-38.367
-3.75189
33.8636
-25.7854
-4.34103
34.2945
-23.2316
-4.226
29.44
-17.8965
-3.18184
15.9301
-9.03655
-2.23653
5.85031
-3.19246
-1.37757
1.86815
-1.0022
0.625017
1.39002
-0.731168
-0.0759856
35.4024
-30.4133
2.25203
2.44747
-0.45956
0.111476
-0.103584
0.152775
-1.07883
1.50906
-0.583285
-1.9038
29.4605
-26.0665
-2.33919
30.3582
-24.8059
-2.71334
26.5651
-19.5754
-4.14686
29.0963
-19.151
-3.36299
15.0802
-9.11176
-2.95722
8.1121
-4.51708
2.25467
37.9633
-29.5119
2.66519
38.0244
-26.7482
2.44889
26.562
-16.534
3.10546
21.4394
-11.6251
3.39673
15.0025
-7.18014
3.11718
7.89356
-3.09443
4.22783
55.413
-43.7558
3.29992
40.1673
-28.8772
3.88597
42.2402
-27.0568
3.33977
29.288
-16.534
3.43098
23.9249
-12.2456
3.34602
12.7421
-5.84291
-3.8125
41.9375
-36.7683
-4.46807
43.087
-34.6444
-4.46566
37.6871
-27.1095
-3.56851
26.5025
-17.1017
-3.56908
21.2086
-12.3735
-2.72615
10.7315
-5.96311
-0.356325
4.2094
-1.91875
-0.0838197
4.43862
-2.816
