3.97907
-32.1576
0.951609
-4.99576
-48.1768
0.792769
-0.328772
-0.185044
-0.0908635
0.132478
0.0187053
0.0460447
3.64501
-32.5489
0.940168
-5.48083
-48.8383
0.821986
-0.113817
1.82968e-05
0.0537623
0.242178
-0.126739
-0.105127
7.77268
-51.5865
1.32706
7.18754
-39.0764
0.8801
7.90154
-34.5425
0.891133
3.97954
-13.7836
0.468602
4.02045
-10.25
0.276778
2.45428
-3.94475
0.118476
-6.63865
-51.4345
0.469757
-6.3675
-38.9422
-0.0749984
-4.26983
-21.0069
-0.387955
-5.92676
-22.2816
-0.527299
-3.85037
-10.02
-0.536745
-2.53914
-3.74324
-0.824635
7.19214
-52.3295
1.24221
6.73745
-39.796
0.675655
6.81487
-31.742
0.426678
3.84346
-14.3959
0.0196504
3.83595
-10.6917
-0.0998923
2.65044
-3.87707
-0.572166
-7.2391
-52.2363
0.549754
-6.7789
-39.7698
0.0964469
-4.38168
-21.5613
-0.110079
-6.13829
-23.2847
-0.107379
-4.2131
-10.4828
-0.1869
-1.92297
-3.26982
-0.195637
1.00028
-96.4159
2.26847
1.31591
-1.76216
0.0178397
7.60238
-64.714
1.87798
-1.68779
-1.58765
-0.553983
-13.7753
-129.379
2.16996
0.247717
0.220934
-0.163568
-0.83845
-0.309049
0.190038
0.80025
-0.231167
0.123623
0.0308419
-65.0864
1.5118
1.73799
-1.90571
-0.957206
-1.36068
-1.79752
0.116496
0.0223719
0.0674131
-0.0920079
7.90914
-58.0053
1.61355
7.52909
-45.2355
1.07022
6.77377
-33.2366
0.742985
6.0497
-22.6232
0.598828
4.62184
-14.0626
0.405637
3.34144
-6.85478
0.145145
-6.66391
-57.8756
0.783884
-6.54771
-45.0911
0.161835
-6.10518
-33.2203
-0.27366
-5.26798
-22.8799
-0.581007
-4.27893
-13.8416
-0.474981
-3.30768
-6.58956
-0.637069
10.9283
-88.1525
2.339
7.00605
-45.9376
0.931168
6.46279
-33.9748
0.478823
4.6268
-18.9601
0.219841
4.40842
-14.6619
0.0164387
3.19638
-7.03977
-0.304563
-7.30602
-58.713
0.81277
-7.02848
-45.895
0.299885
-6.44632
-33.9585
-0.0572041
-5.30963
-23.6198
-0.134839
-4.57969
-14.4872
-0.1708
-3.68002
-6.87816
-0.196425
29.7705
-207.869
5.19495
35.0892
-197.428
3.78185
24.3792
-108.989
1.95123
13.0104
-47.4102
0.894402
15.6485
-42.0378
0.521543
9.71575
-13.9438
-0.432595
-27.2598
-207.366
2.04438
-25.7828
-157.566
-0.016688
-18.4834
-92.2109
-1.29829
-22.4169
-86.8911
-0.963969
-15.487
-41.2873
-1.31475
-9.50325
-15.9835
-2.10358
-0.0453463
-313.479
5.46861
-0.152166
-238.329
2.37052
0.210616
-189.969
0.908437
0.621928
-112.669
-0.535719
-1.18138
-62.6895
-0.737519
-1.88887
-15.783
-0.94159
3.18127
-308.768
5.48472
1.6553
-194.455
2.09689
1.86639
-166.208
1.14721
2.78234
-120.672
0.0154588
0.903925
-59.6591
-0.57978
0.0550708
-20.9567
-0.856678
0.048616
-7.11012
-0.291067
0.137158
-3.02095
-0.129314
1.46991
-258.793
5.95038
-7.97608
-8.08715
-0.596306
0.0510914
0.645735
0.0753322
4.41605
-4.35572
-0.8359
26.4246
-204.402
5.60476
29.0397
-182.413
4.0238
26.5671
-134.505
2.45186
32.0652
-124.031
2.33131
17.8904
-57.8123
1.06205
13.206
-27.8734
-0.0507757
-30.9778
-262.282
3.60874
-33.1919
-227.547
1.11428
-24.5839
-134.571
-0.761
-20.5359
-92.8715
-1.1153
-17.2918
-56.8369
-1.24666
-13.2171
-27.346
-1.51937
0.29098
-367.11
7.49745
-0.313574
-229.077
3.20891
-0.126803
-203.177
1.37566
0.87027
-120.106
0.617518
-0.447418
-86.7411
-0.375538
-2.23862
-40.4006
-1.22891
3.15751
-304.074
6.36734
2.71935
-270.596
3.79003
1.77689
-198.669
1.51367
1.94632
-119.188
-0.0305527
1.44233
-82.5499
-0.301312
0.369155
-38.8863
-0.74618
6.45054
-11.5955
-1.29926
3.38775
-19.0302
0.246524
