-0.378635
1.59513
-3.79093
-0.531417
2.3993
-5.52563
0.0214741
0.0139462
0.0193215
-0.0391734
0.00548477
-0.0232264
0.328359
1.70374
-3.79125
0.530715
2.55412
-5.52108
0.0362921
0.0107627
-0.0229805
-6.72396e-05
0.00472183
0.0101978
-0.778486
3.17963
-6.35137
-0.842464
3.17071
-5.0791
-1.18716
3.76208
-4.72926
-0.744626
1.8672
-1.89562
-0.974036
1.68598
-1.44128
-0.700694
0.755065
-0.538618
-0.709017
3.19802
-6.14576
-0.6589
3.18519
-4.91483
-0.377895
2.19234
-2.76685
-0.368147
3.13197
-3.10239
-0.0934511
1.59276
-1.37411
0.0291033
0.621038
-0.439766
0.646714
3.39393
-6.36164
0.583835
3.35404
-5.10515
0.518793
3.53993
-4.27913
0.197352
1.8738
-1.94238
0.110735
1.70358
-1.45391
0.0721815
0.797116
-0.550927
0.715118
3.40413
-6.13401
0.763096
3.36586
-4.88338
0.666586
2.33848
-2.71996
1.24116
3.24235
-3.04005
0.966585
1.7165
-1.35828
0.528198
0.681658
-0.315228
-1.09238
4.79278
-11.2073
-0.428012
0.369513
-0.221824
-0.0518731
3.29874
-7.58316
0.0606279
0.232166
-0.135111
0.0181851
6.60382
-14.7279
-0.191946
-0.0536561
-0.0199942
0.115977
0.066255
0.0162248
-0.100445
0.0695937
0.01078
0.683011
3.40874
-7.46992
0.0277862
0.442729
-0.259182
0.422997
0.484727
-0.203604
0.0747161
-0.000546101
-0.0263372
-0.762681
3.17652
-6.97209
-0.806883
3.18146
-5.7183
-0.893183
3.11079
-4.43602
-0.942553
2.80507
-3.16442
-1.01288
2.12642
-1.96787
-0.875757
1.21533
-0.95561
-0.710825
3.1916
-6.75723
-0.694181
3.19805
-5.53117
-0.601407
3.10287
-4.29588
-0.404911
2.72385
-3.08617
-0.18052
2.06472
-1.91319
-0.0214992
1.10277
-0.87175
0.98477
5.09016
-10.4665
0.623939
3.38976
-5.73786
0.53244
3.28306
-4.47252
0.299304
2.35582
-2.59687
0.173159
2.14324
-2.00278
0.0765182
1.22208
-0.951142
0.708743
3.39956
-6.75211
0.737242
3.39645
-5.50889
0.801904
3.29636
-4.25467
0.959418
2.9001
-3.01428
0.992927
2.16825
-1.88441
0.884014
1.26279
-0.869153
-0.277199
13.1401
-25.4168
-0.625552
16.2582
-25.4368
-0.873384
11.914
-14.7695
-0.86305
6.18708
-6.39227
-1.66749
6.71792
-5.75353
-1.2886
2.68413
-1.90872
0.0746167
13.21
-24.5544
0.267416
13.0976
-19.5885
0.63307
9.79249
-11.9097
1.62884
12.1297
-11.5818
1.65102
6.59737
-5.40187
1.42503
2.73974
-1.61765
4.06489
20.4101
-37.4713
3.92859
20.1971
-29.9253
4.26103
21.2183
-24.9756
3.55568
15.2966
-15.0945
3.10137
10.2362
-8.45894
1.88703
3.36227
-2.28307
-4.44423
19.1661
-37.4905
-3.73345
15.9756
-25.0205
-4.27349
17.9338
-22.3837
-4.16396
16.972
-17.0777
-3.15301
9.79391
-8.55661
-2.20134
3.83963
-3.02262
-1.31959
1.23111
-0.915455
0.578122
0.874283
-0.66632
-0.0822263
13.2017
-29.8917
1.33207
1.4914
-0.616717
0.0842236
-0.0507562
0.141126
-0.617636
0.940287
-0.492482
-0.199937
11.4921
-24.4037
-0.366089
13.135
-22.9052
-0.698532
12.7589
-17.7979
-1.45132
15.3685
-17.0622
-1.61032
8.45737
-7.89766
-1.57664
4.81815
-3.79136
0.0476373
14.8441
-30.3952
0.197519
16.4952
-27.5844
0.457723
12.764
-17.0937
1.12368
11.2629
-12.1223
1.55152
8.45294
-7.54862
1.64279
4.65695
-3.39777
4.277
21.2301
-42.8884
3.33032
17.0249
-28.1219
3.86147
19.8106
-26.1605
3.2809
14.9594
-15.8743
3.27321
12.9681
-11.6451
2.92188
7.32674
-5.55451
-3.85583
16.7318
-36.0382
-4.47981
19.1898
-33.7418
-4.42256
18.7544
-26.2125
-3.50188
14.4855
-16.4354
-3.53301
12.6533
-11.7648
-2.70334
6.80592
-5.63009
0.239076
2.58604
-1.68311
0.193366
2.2509
-2.56841
