-0.229429
-0.110876
-3.62397
-0.766062
-0.161954
-5.62817
-0.00282579
0.000804338
0.00989285
-0.027842
0.00723766
-0.0185308
0.484475
-0.23767
-3.62458
0.307212
-0.357363
-5.6247
0.0259651
0.00927376
-0.0182543
0.0169396
-0.00647878
0.00468368
-0.474722
0.283019
-6.01041
-0.522921
0.783509
-4.74873
-0.760524
1.44694
-4.36283
-0.497063
0.901479
-1.70606
-0.681023
0.949491
-1.26025
-0.506076
0.479612
-0.446292
-1.02049
0.296822
-6.26626
-0.971678
0.793048
-5.01343
-0.617342
0.807068
-2.82931
-0.763793
1.53905
-3.1999
-0.375189
0.874321
-1.44085
-0.161761
0.364059
-0.516531
0.96028
0.0324411
-6.01922
0.902888
0.532164
-4.77145
0.877402
1.03646
-3.95006
0.431222
0.668487
-1.76027
0.373673
0.731452
-1.28977
0.24866
0.398799
-0.502692
0.413696
0.0448276
-6.25552
0.445312
0.5527
-4.98441
0.41425
0.666089
-2.78178
0.816419
1.25262
-3.12779
0.638142
0.777414
-1.40384
0.365175
0.363396
-0.341509
-1.10393
-0.327398
-11.0611
-0.318804
0.247922
-0.180922
0.253202
-0.349052
-7.24947
-0.0666327
0.126618
-0.188908
-0.598645
-0.693378
-15.0022
-0.166299
-0.0295556
-0.0271087
0.0515671
0.0424028
0.0218515
-0.0388968
0.0473676
0.0258328
0.689623
-0.474136
-7.37313
0.136981
0.230402
-0.272737
0.300903
0.292841
-0.204176
0.0703165
0.000136616
-0.0298789
-0.462938
0.0241731
-6.63313
-0.496177
0.539551
-5.38024
-0.562121
0.987113
-4.12013
-0.602674
1.23306
-2.88353
-0.696453
1.12066
-1.74915
-0.620561
0.725994
-0.819975
-1.02303
0.0354161
-6.88751
-1.0054
0.551538
-5.64014
-0.916529
0.977959
-4.38587
-0.726384
1.15684
-3.17
-0.484969
1.07321
-1.98362
-0.267292
0.634056
-0.941275
1.45295
-0.342668
-9.95672
0.939715
0.292654
-5.39703
0.852631
0.745603
-4.15338
0.558866
0.798638
-2.37186
0.467222
0.853925
-1.7954
0.295316
0.557239
-0.841673
0.409775
-0.221557
-6.88296
0.427647
0.30652
-5.62026
0.473537
0.769344
-4.34723
0.617819
0.977824
-3.09316
0.654594
0.905871
-1.94076
0.584541
0.62264
-0.909014
0.956807
0.622412
-24.051
0.959561
3.24518
-23.7717
0.396535
3.97091
-13.6142
-0.0775709
2.5525
-5.76886
-0.576913
3.28982
-5.04102
-0.576855
1.48813
-1.60936
-1.16183
0.680335
-25.0357
-0.991552
2.67226
-19.9808
-0.417886
3.16289
-12.1739
0.0971539
5.27863
-11.9168
0.500813
3.22709
-5.60639
0.670855
1.41068
-1.83072
4.09999
0.245053
-36.8149
3.94051
3.28941
-29.2404
4.21105
6.26627
-24.2569
3.51619
5.71386
-14.5887
2.91283
4.55244
-8.10296
1.64478
1.75153
-2.21404
-4.46685
1.76614
-36.8336
-3.71263
4.01125
-24.4454
-4.21481
6.82356
-21.7471
-4.11486
8.35939
-16.4601
-3.12126
5.49738
-8.19213
-2.16921
2.40648
-2.88919
-1.27576
0.77123
-0.849126
0.54407
0.502892
-0.617637
-0.0871136
-1.39115
-29.5019
0.695304
0.810568
-0.723181
0.0643796
-0.0162323
0.132869
-0.297528
0.532723
-0.42479
0.871234
-0.362994
-23.218
0.882612
1.65438
-21.5453
0.597022
3.43257
-16.5233
0.312868
5.95085
-15.564
-0.425445
3.85708
-7.02619
-0.628194
2.49913
-3.26788
-1.34066
-0.412739
-30.9814
-1.36251
2.14049
-28.1283
-0.815975
3.44267
-17.4498
-0.179888
4.28875
-12.441
0.312802
3.90084
-7.78477
0.636189
2.38145
-3.59648
4.31383
-1.40606
-42.2394
3.35701
1.54135
-27.5548
3.85128
4.61156
-25.4845
3.2375
5.11587
-15.3787
3.16902
5.34062
-11.1911
2.62956
3.51008
-5.33139
-3.88719
0.167228
-35.4923
-4.48387
3.31778
-33.0636
-4.38059
5.9982
-25.5371
-3.44842
6.26033
-15.9281
-3.49602
6.70257
-11.3043
-2.67727
4.03684
-5.37524
0.647623
1.42589
-1.50736
0.37393
0.753116
-2.38956
