-0.0137283
-2.64197
-3.36458
-1.10358
-3.96223
-5.76727
-0.0399913
-0.0194056
-0.00443721
-0.0103425
0.00980087
-0.01126
0.710316
-3.12115
-3.36556
-0.0139601
-4.68154
-5.76559
0.0100245
0.00694038
-0.0109418
0.0430126
-0.0236793
-0.00379068
-0.0344423
-4.03757
-5.48136
-0.0555766
-2.80427
-4.23635
-0.127474
-2.06636
-3.79536
-0.124377
-0.576063
-1.41336
-0.233449
-0.188362
-0.980551
-0.206344
0.0491376
-0.304238
-1.46849
-4.03153
-6.42762
-1.42312
-2.80331
-5.14208
-0.967017
-1.29296
-2.9089
-1.35088
-0.902522
-3.32895
-0.79876
-0.234948
-1.53197
-0.45152
-0.0365271
-0.628655
1.41442
-4.98431
-5.48756
1.36788
-3.70683
-4.25283
1.40526
-2.75392
-3.43787
0.78017
-1.16772
-1.47611
0.771681
-0.759886
-1.03439
0.517521
-0.216528
-0.426845
-0.0199084
-4.96919
-6.41883
-0.0154749
-3.67356
-5.1179
0.0421413
-1.86384
-2.86251
0.179605
-1.78346
-3.24557
0.139877
-0.663388
-1.46451
0.115646
-0.126875
-0.378848
-1.11908
-7.92415
-10.8138
-0.149855
0.0565737
-0.118122
0.694509
-5.76414
-6.7309
-0.260618
-0.0386867
-0.268903
-1.48695
-11.5262
-15.3748
-0.126662
0.00675069
-0.0378201
-0.0472082
0.00547911
0.0305012
0.0556266
0.0128663
0.0485943
0.70033
-6.24122
-7.20934
0.304059
-0.098468
-0.292095
0.113023
-0.0039682
-0.20348
0.0633821
0.0010228
-0.0351758
-0.0293271
-4.66393
-6.10695
-0.0441866
-3.41501
-4.85577
-0.0746066
-2.21892
-3.63036
-0.0960403
-1.16363
-2.44891
-0.215841
-0.426083
-1.41098
-0.229108
-0.0337753
-0.610655
-1.47204
-4.65908
-7.06357
-1.45347
-3.41096
-5.78412
-1.3733
-2.2303
-4.50201
-1.19938
-1.23052
-3.27851
-0.940119
-0.451624
-2.07771
-0.638697
-0.0928131
-1.03949
2.13024
-8.42929
-9.16508
1.39817
-4.34387
-4.86765
1.32121
-3.08033
-3.65697
0.943078
-1.56758
-2.02188
0.90997
-1.11811
-1.47236
0.627751
-0.465513
-0.671236
-0.0198793
-5.61176
-7.06002
-0.0193484
-4.31957
-5.76867
-0.00555365
-3.0411
-4.46887
0.109328
-1.94165
-3.19773
0.144153
-1.02545
-2.01561
0.128144
-0.362198
-0.963464
2.74574
-18.0544
-21.9315
3.27196
-16.3059
-21.1862
2.27074
-8.06504
-11.82
1.09854
-2.99226
-4.80163
1.07986
-1.98389
-3.93704
0.511161
-0.367901
-1.14621
-2.94423
-18.0172
-25.6812
-2.81648
-12.994
-20.4943
-1.96124
-6.87638
-12.5121
-2.18765
-5.1917
-12.361
-1.23489
-1.95571
-5.87919
-0.478128
-0.644506
-2.13832
4.15838
-29.8523
-35.7201
3.96481
-22.1125
-28.105
4.1404
-16.3726
-23.0711
3.45354
-8.90216
-13.7483
2.62582
-4.17216
-7.5177
1.27276
-0.735401
-2.09489
-4.48788
-24.1919
-35.7379
-3.66409
-13.9771
-23.4935
-4.10465
-10.0335
-20.6978
-4.02193
-4.84076
-15.4452
-3.05452
-1.14439
-7.59243
-2.10922
0.161824
-2.66563
-1.20395
0.0440036
-0.740861
0.490716
-0.0736432
-0.539197
-0.0903347
-23.0542
-28.8422
-0.278447
-0.247907
-0.876519
0.033915
0.0352446
0.120559
0.19386
-0.1015
-0.320047
2.4218
-18.0015
-21.3772
2.69755
-15.5313
-19.4346
2.49834
-10.637
-14.5444
2.92936
-8.38145
-13.2391
1.36529
-3.19342
-5.67528
0.817811
-1.08132
-2.45726
-3.34015
-23.1154
-31.7739
-3.61724
-19.3507
-28.8485
-2.67155
-10.6192
-17.9112
-2.11191
-6.31928
-12.8594
-1.54611
-3.07698
-8.09585
-0.890363
-1.12868
-3.87111
4.37337
-35.1004
-41.1501
3.40349
-21.6421
-26.6131
3.84256
-18.3109
-24.3665
3.16939
-9.84149
-14.5621
3.01177
-6.33229
-10.4444
2.18252
-2.36605
-4.96056
-3.92489
-24.4696
-34.5764
-4.47427
-20.4457
-31.9365
-4.29489
-13.2657
-24.4209
-3.35149
-6.27844
-15.0871
-3.41952
-2.45667
-10.5471
-2.62237
-0.265741
-4.95467
1.26988
-0.37378
-1.23114
0.640803
-1.52009
-2.10978
