0.128873
-4.32254
-3.18953
-1.32285
-6.48553
-5.84148
-0.0648482
-0.0329928
-0.013896
0.00144144
0.0114459
-0.00636698
0.858499
-5.0265
-3.19073
-0.224143
-7.53885
-5.84101
-0.000694011
0.00539259
-0.0059934
0.0604515
-0.0351139
-0.00955737
0.256775
-6.91295
-5.12609
0.254256
-5.19906
-3.89321
0.293755
-4.42034
-3.41584
0.124947
-1.56945
-1.21818
0.0672559
-0.957086
-0.794733
-0.00444018
-0.24392
-0.210495
-1.75966
-6.9122
-6.51259
-1.7171
-5.20392
-5.2076
-1.19584
-2.69953
-2.9487
-1.73735
-2.5449
-3.39775
-1.07909
-0.984063
-1.58364
-0.644175
-0.308967
-0.699283
1.71254
-8.30387
-5.13048
1.67385
-6.51743
-3.9053
1.75389
-5.27306
-3.09475
1.01141
-2.39045
-1.28614
1.03662
-1.75444
-0.864566
0.697117
-0.626939
-0.376947
-0.30376
-8.2872
-6.50525
-0.317928
-6.47603
-5.18695
-0.203649
-3.54484
-2.90363
-0.243896
-3.80627
-3.3079
-0.192832
-1.62472
-1.49647
-0.0514999
-0.453992
-0.401042
-1.12523
-12.9682
-10.6273
-0.0358249
-0.0742973
-0.0768394
0.985196
-9.35037
-6.38087
-0.389899
-0.151501
-0.320279
-2.06638
-18.7004
-15.5739
-0.0999031
0.0305926
-0.0450348
-0.113435
-0.0194605
0.0366103
0.118991
-0.0102818
0.0634646
0.707634
-10.052
-7.08566
0.416186
-0.317631
-0.305609
-0.0130678
-0.202123
-0.201265
0.0586958
0.0017285
-0.0386942
0.257373
-7.77998
-5.75286
0.255021
-6.05054
-4.50408
0.249141
-4.36266
-3.30261
0.241849
-2.77213
-2.15876
0.106567
-1.46848
-1.18577
0.0341896
-0.548641
-0.472024
-1.76377
-7.77947
-7.15728
-1.74487
-6.05193
-5.85861
-1.67135
-4.37547
-4.56047
-1.50976
-2.83272
-3.33468
-1.24059
-1.47913
-2.12898
-0.885095
-0.585059
-1.09835
2.57464
-13.7761
-8.63228
1.69941
-7.41472
-4.51259
1.63004
-5.61991
-3.32446
1.19716
-3.1419
-1.78795
1.20412
-2.43252
-1.25685
0.849416
-1.14774
-0.55838
-0.301045
-9.17581
-7.15445
-0.312278
-7.38385
-5.84635
-0.320737
-5.57068
-4.53142
-0.227803
-3.88377
-3.2523
-0.196063
-2.31319
-2.05474
-0.177027
-1.01955
-0.993577
3.92484
-30.4455
-20.5082
4.79889
-29.3088
-19.4541
3.51277
-16.0927
-10.6192
1.88148
-6.69957
-4.15583
2.18771
-5.52007
-3.20338
1.24011
-1.6162
-0.841029
-4.10754
-30.4226
-26.0215
-4.01065
-23.4132
-20.7563
-2.97633
-13.5715
-12.6812
-3.69887
-12.1944
-12.594
-2.38888
-5.42987
-6.02624
-1.24504
-2.02533
-2.32838
4.19875
-49.7688
-34.9147
3.98277
-38.9567
-27.2823
4.09508
-31.4197
-22.2197
3.40879
-18.639
-13.1449
2.43208
-9.993
-7.10267
1.02321
-2.3942
-2.00766
-4.48565
-41.4679
-34.9321
-3.61764
-25.9849
-22.8047
-4.01566
-21.3267
-19.9435
-3.94286
-13.7207
-14.7223
-2.99744
-5.63243
-7.16691
-2.06226
-1.36924
-2.5059
-1.15312
-0.455582
-0.665529
0.454771
-0.457717
-0.485096
-0.0868963
-37.401
-28.3444
-0.92982
-0.960996
-0.969708
0.0142008
0.0697843
0.112844
0.52408
-0.527454
-0.25257
3.44339
-29.6924
-20.1383
3.89473
-26.9462
-18.0193
3.75611
-20.0073
-13.2197
4.6658
-17.9551
-11.6853
2.56101
-7.91505
-4.77518
1.78573
-3.48512
-1.92044
-4.64447
-38.1632
-32.196
-5.09061
-33.6261
-29.222
-3.88846
-19.9839
-18.1438
-3.38684
-13.4045
-13.0764
-2.77892
-7.74918
-8.25896
-1.90769
-3.48405
-4.02895
4.41403
-57.3789
-40.3396
3.43613
-36.9983
-25.9268
3.83872
-33.5287
-23.5607
3.1234
-19.7934
-13.9761
2.90451
-14.1152
-9.91314
1.88214
-6.28779
-4.69633
-3.93598
-40.8453
-33.8951
-4.45152
-36.2839
-31.1144
-4.22109
-26.1477
-23.6165
-3.27395
-14.6954
-14.4825
-3.35389
-8.63081
-10.0085
-2.57584
-3.18274
-4.65643
1.686
-1.57813
-1.048
0.817495
-3.03358
-1.92106
