0.200893
-5.16377
-3.10227
-1.43179
-7.74855
-5.87087
-0.0771984
-0.0397639
-0.0185425
0.00731197
0.0122447
-0.00393418
0.932683
-5.97471
-3.10357
-0.329492
-8.96083
-5.87097
-0.00602664
0.00463975
-0.00351718
0.069106
-0.0407455
-0.0124699
0.403732
-8.3519
-4.94989
0.410257
-6.39678
-3.72354
0.5051
-5.59679
-3.22836
0.249851
-2.06575
-1.12197
0.217505
-1.34135
-0.703558
0.0963203
-0.390817
-0.164758
-1.90437
-8.3537
-6.54591
-1.86327
-6.4044
-5.23249
-1.30949
-3.40259
-2.96372
-1.92896
-3.36518
-3.42565
-1.21797
-1.35847
-1.60607
-0.739628
-0.445546
-0.732871
1.86177
-9.95428
-4.95341
1.82691
-7.91321
-3.73352
1.92807
-6.52235
-2.92537
1.12656
-2.99624
-1.19272
1.16823
-2.24626
-0.781441
0.786393
-0.829218
-0.352959
-0.446
-9.93688
-6.5393
-0.469282
-7.86789
-5.21359
-0.326394
-4.37861
-2.91927
-0.455141
-4.80822
-3.33256
-0.358531
-2.10035
-1.50913
-0.134659
-0.615511
-0.411029
-1.12651
-15.493
-10.5267
0.021078
-0.140009
-0.0567658
1.13136
-11.14
-6.20638
-0.453989
-0.208143
-0.345027
-2.35539
-22.2804
-15.6528
-0.0865397
0.0422901
-0.0486757
-0.146385
-0.0319122
0.0398143
0.150487
-0.0217387
0.0707024
0.711211
-11.9485
-7.01891
0.472089
-0.425404
-0.312865
-0.0757659
-0.299831
-0.199472
0.0563743
0.00216704
-0.0404489
0.40214
-9.33962
-5.57684
0.405853
-7.36914
-4.32995
0.411866
-5.43445
-3.14069
0.411403
-3.57561
-2.01569
0.267846
-1.98932
-1.07499
0.165635
-0.806242
-0.404207
-1.90873
-9.34121
-7.19438
-1.88975
-7.37314
-5.88735
-1.81952
-5.44788
-4.58248
-1.66379
-3.6333
-3.35683
-1.38946
-1.99245
-2.15031
-1.00717
-0.83131
-1.12521
2.79713
-16.4357
-8.36745
1.85017
-8.94061
-4.33685
1.78445
-6.88027
-3.16026
1.32391
-3.92213
-1.67274
1.35033
-3.08309
-1.15103
0.959535
-1.48474
-0.503432
-0.441957
-10.9487
-7.1919
-0.458947
-8.9066
-5.87665
-0.478329
-6.82617
-4.55544
-0.396028
-4.84639
-3.27362
-0.365636
-2.95074
-2.07007
-0.328888
-1.34449
-1.00618
4.51745
-36.6249
-19.8023
5.5653
-35.7876
-18.5978
4.13484
-20.0878
-10.0265
2.27264
-8.54325
-3.83778
2.73986
-7.27688
-2.84379
1.60307
-2.23577
-0.692801
-4.68783
-36.6088
-26.1551
-4.60622
-28.604
-20.856
-3.48194
-16.9039
-12.7447
-4.45007
-15.6751
-12.6857
-2.96239
-7.15561
-6.08658
-1.62598
-2.7111
-2.4173
4.21856
-59.671
-34.4889
3.99144
-47.3222
-26.8528
4.07248
-38.8824
-21.7788
3.38525
-23.4622
-12.8334
2.33453
-12.872
-6.89032
0.899049
-3.21204
-1.96247
-4.47779
-50.1131
-34.5059
-3.5896
-31.9898
-22.4453
-3.96637
-26.9705
-19.5523
-3.8972
-18.1562
-14.3505
-2.96525
-7.87573
-6.94913
-2.03698
-2.1375
-2.42422
-1.12712
-0.707057
-0.627663
0.436974
-0.646303
-0.457991
-0.0828664
-44.5603
-28.0759
-1.25355
-1.31527
-1.01249
0.00478378
0.0872255
0.109237
0.688706
-0.738256
-0.220666
3.95701
-35.5247
-19.5224
4.49611
-32.6362
-17.3187
4.38669
-24.6734
-12.5654
5.53467
-22.717
-10.9192
3.15758
-10.2619
-4.33279
2.26782
-4.67885
-1.65831
-5.29504
-45.6699
-32.3632
-5.82547
-40.7418
-29.3662
-4.49521
-24.6469
-18.2314
-4.02111
-16.9292
-13.161
-3.39164
-10.0709
-8.32371
-2.41332
-4.6536
-4.09813
4.43397
-68.4611
-39.907
3.45211
-44.6288
-25.5667
3.83659
-41.0814
-23.1421
3.10048
-24.7258
-13.6727
2.84962
-17.9676
-9.6404
1.73208
-8.22534
-4.56111
-3.9354
-49.0413
-33.5315
-4.4338
-44.2077
-30.6829
-4.17889
-32.5877
-23.1985
-3.23093
-18.901
-14.1698
-3.31662
-11.7152
-9.73205
-2.54982
-4.6424
-4.50411
1.89313
-2.17271
-0.959132
0.905822
-3.78471
-1.8274
