0.273855
-6.00687
-3.01554
-1.5407
-9.01434
-5.8942
-0.0894521
-0.0464951
-0.0231109
0.0131434
0.0130262
-0.00152249
1.00727
-6.92023
-3.01693
-0.435642
-10.3788
-5.89486
-0.011318
0.00390883
-0.00104844
0.0776815
-0.0462873
-0.0153989
0.552458
-9.79281
-4.77554
0.567666
-7.5944
-3.55611
0.717344
-6.77104
-3.04351
0.374902
-2.56052
-1.02727
0.367332
-1.72415
-0.614196
0.196594
-0.537312
-0.120139
-2.0491
-9.79705
-6.57214
-2.00944
-7.60462
-5.25141
-1.42288
-4.1045
-2.97514
-2.11943
-4.18251
-3.4487
-1.3557
-1.73145
-1.62597
-0.83419
-0.581805
-0.765119
2.01177
-11.5976
-4.77824
1.98054
-9.30054
-3.5641
2.10253
-7.76139
-2.75857
1.24137
-3.5961
-1.10106
1.29896
-2.73205
-0.700215
0.875048
-1.02827
-0.329936
-0.589274
-11.5795
-6.56624
-0.621402
-9.25141
-5.23419
-0.449279
-5.20573
-2.93118
-0.665975
-5.79997
-3.35224
-0.523441
-2.57035
-1.51928
-0.217259
-0.774762
-0.420158
-1.12634
-18.0234
-10.4208
0.0776724
-0.205586
-0.0372378
1.27887
-12.9287
-6.03295
-0.51748
-0.264694
-0.369007
-2.64529
-25.8587
-15.7156
-0.0732377
0.0537911
-0.0523438
-0.179107
-0.0443012
0.0431361
0.181734
-0.033048
0.0777639
0.714669
-13.8396
-6.94861
0.527717
-0.531211
-0.320587
-0.137973
-0.396003
-0.197161
0.0540848
0.00268405
-0.0422003
0.548762
-10.9022
-5.40231
0.558301
-8.68871
-4.15792
0.575682
-6.50526
-2.98103
0.5816
-4.37681
-1.87485
0.42894
-2.50827
-0.966178
0.296549
-1.06292
-0.337914
-2.05367
-10.9058
-7.22386
-2.03466
-8.69518
-5.90955
-1.9676
-6.51923
-4.59908
-1.81719
-4.43189
-3.37461
-1.5372
-2.50383
-2.16846
-1.12817
-1.07668
-1.15013
3.02083
-19.0861
-8.1049
2.00164
-10.4586
-4.16328
1.93931
-8.13171
-2.9985
1.45061
-4.69519
-1.5595
1.49571
-3.72642
-1.04736
1.06886
-1.81716
-0.450003
-0.583928
-12.7154
-7.22173
-0.606509
-10.4216
-5.90036
-0.636481
-8.07287
-4.57394
-0.564128
-5.80031
-3.29042
-0.534635
-3.58134
-2.08218
-0.479836
-1.66521
-1.01691
5.11511
-42.794
-19.1039
6.3368
-42.2453
-17.753
4.759
-24.0617
-9.44258
2.66359
-10.3746
-3.52517
3.28958
-9.01861
-2.49183
1.96387
-2.84888
-0.548885
-5.26988
-42.7844
-26.2603
-5.2031
-33.7773
-20.9317
-3.98723
-20.2195
-12.7925
-5.19803
-19.13
-12.7588
-3.53249
-8.8664
-6.13708
-2.00405
-3.39037
-2.50152
4.23768
-69.5309
-34.0472
3.99947
-55.6372
-26.412
4.04961
-46.2841
-21.329
3.36077
-28.2368
-12.5168
2.23652
-15.716
-6.67597
0.775741
-4.01713
-1.91659
-4.46465
-58.7696
-34.064
-3.55814
-37.9933
-22.0767
-3.91386
-32.6038
-19.1527
-3.8471
-22.5762
-13.9734
-2.93072
-10.1103
-6.72927
-2.01064
-2.90414
-2.34201
-1.10087
-0.958418
-0.590006
0.419416
-0.83115
-0.431067
-0.0770679
-51.7162
-27.7933
-1.57484
-1.66607
-1.0523
-0.00423177
0.104824
0.105836
0.852452
-0.946263
-0.190465
4.47526
-41.3512
-18.9118
5.10215
-38.3124
-16.6266
5.02035
-29.3197
-11.9205
6.40521
-27.4489
-10.1656
3.75243
-12.5906
-3.89872
2.74734
-5.86142
-1.40261
-5.94762
-53.1687
-32.4961
-6.56226
-47.8399
-29.4777
-5.10275
-29.29
-18.2973
-4.65358
-20.4324
-13.2278
-4.00117
-12.374
-8.37588
-2.91566
-5.8122
-4.15999
4.45326
-79.5045
-39.4552
3.46743
-52.22
-25.1954
3.83388
-48.5807
-22.7141
3.07764
-29.6131
-13.3633
2.79363
-21.7773
-9.36427
1.58244
-10.1368
-4.42474
-3.92994
-57.2524
-33.1519
-4.41127
-52.1367
-30.2378
-4.13304
-39.0211
-22.7709
-3.18495
-23.0957
-13.8513
-3.27641
-14.7877
-9.45221
-2.52208
-6.09687
-4.35067
2.09905
-2.75836
-0.873108
0.994279
-4.52993
-1.73481
