0.423898
-7.70215
-2.84462
-1.75974
-11.5593
-5.92016
-0.113544
-0.0597661
-0.0319501
0.0246168
0.0145328
0.00320298
1.15859
-8.80399
-2.84619
-0.652165
-13.2038
-5.92183
-0.0217091
0.00253481
0.00384093
0.0944933
-0.05701
-0.0212961
0.857669
-12.6835
-4.43481
0.888624
-9.98829
-3.23067
1.14566
-9.10754
-2.68479
0.625384
-3.5417
-0.844063
0.664682
-2.48132
-0.442768
0.394639
-0.8272
-0.035271
-2.34037
-12.6921
-6.60061
-2.30334
-10.003
-5.26939
-1.64953
-5.50195
-2.98628
-2.49679
-5.8015
-3.47896
-1.62689
-2.46918
-1.65751
-1.01977
-0.85172
-0.825098
2.31591
-14.861
-4.43607
2.291
-12.0439
-3.23523
2.45317
-10.1991
-2.43587
1.46987
-4.7717
-0.925124
1.55681
-3.67877
-0.545457
1.0497
-1.41307
-0.287702
-0.881305
-14.8415
-6.59604
-0.929911
-11.9876
-5.25515
-0.696166
-6.83391
-2.94266
-1.08621
-7.74181
-3.37493
-0.849902
-3.48706
-1.5313
-0.37998
-1.08389
-0.435546
-1.12095
-23.1112
-10.192
0.189257
-0.335392
-0.000289095
1.58015
-16.508
-5.69117
-0.642015
-0.376801
-0.414283
-3.23172
-33.0188
-15.7858
-0.0469647
0.0760719
-0.0597744
-0.24352
-0.0687453
0.0501789
0.243113
-0.055025
0.0912345
0.720991
-17.6072
-6.7966
0.637651
-0.73477
-0.337804
-0.260172
-0.581981
-0.190839
0.0496502
0.0040121
-0.0456918
0.850128
-14.041
-5.05993
0.870282
-11.3316
-3.82272
0.908046
-8.64112
-2.67117
0.924559
-5.96719
-1.60236
0.749867
-3.53569
-0.756571
0.555625
-1.57049
-0.211369
-2.34527
-14.0483
-7.2569
-2.32631
-11.3425
-5.93204
-2.26481
-8.65582
-4.61442
-2.12254
-6.01826
-3.39604
-1.82878
-3.51602
-2.19435
-1.36601
-1.562
-1.1936
3.47468
-24.3585
-7.58998
2.30836
-13.467
-3.82542
2.25159
-10.6004
-2.68519
1.70419
-6.21248
-1.34126
1.78328
-4.98337
-0.848807
1.28421
-2.46317
-0.349203
-0.873468
-16.23
-7.25543
-0.906505
-13.4243
-5.92562
-0.956077
-10.5325
-4.59253
-0.90027
-7.67326
-3.30896
-0.870303
-4.8139
-2.09574
-0.77777
-2.28919
-1.03217
6.33403
-55.1033
-17.7392
7.90369
-55.0805
-16.1121
6.01734
-31.9211
-8.31201
3.44473
-13.9836
-2.92236
4.37819
-12.4352
-1.81867
2.67572
-4.04594
-0.277945
-6.44699
-55.1051
-26.3746
-6.40732
-44.0572
-21.0034
-4.9997
-26.7801
-12.837
-6.68336
-25.9285
-12.8432
-4.65938
-12.222
-6.206
-2.74817
-4.71962
-2.65432
4.27234
-89.1104
-33.1155
4.01206
-72.0804
-25.4981
4.00205
-60.8474
-20.4073
3.30838
-37.5877
-11.873
2.03908
-21.259
-6.24492
0.532954
-5.57471
-1.8239
-4.42056
-76.1337
-33.1317
-3.48442
-49.99
-21.313
-3.79925
-43.813
-18.3316
-3.73268
-31.333
-13.2085
-2.85501
-14.5289
-6.28707
-1.95524
-4.42253
-2.17796
-1.048
-1.45714
-0.516349
0.385352
-1.18558
-0.378402
-0.0596551
-66.035
-27.1826
-2.20687
-2.35163
-1.12193
-0.0207633
0.140607
0.099757
1.17567
-1.35005
-0.136501
5.5333
-52.9952
-17.7139
6.33606
-49.6168
-15.2789
6.30233
-38.5325
-10.6701
8.15463
-36.785
-8.7094
4.93451
-17.1683
-3.06452
3.69476
-8.17663
-0.916714
-7.26765
-68.1534
-32.6453
-8.05056
-61.9749
-29.5909
-6.32565
-38.4958
-18.3571
-5.91419
-27.3473
-13.3022
-5.20864
-16.8993
-8.43909
-3.90693
-8.08079
-4.2597
4.4885
-101.473
-38.4913
3.49461
-67.2631
-24.4201
3.82531
-63.3744
-21.8328
3.03222
-39.2064
-12.7295
2.67753
-29.2203
-8.80593
1.28535
-13.8514
-4.15137
-3.90226
-73.7451
-32.342
-4.35031
-68.0151
-29.3078
-4.03032
-51.8504
-21.89
-3.08384
-31.426
-13.2007
-3.18728
-20.8672
-8.88659
-2.46191
-8.9729
-4.04348
2.50557
-3.89196
-0.71251
1.17195
-5.99649
-1.55444
