0.663563
-10.2787
-2.59742
-2.09573
-15.4266
-5.89901
-0.148209
-0.0789452
-0.0442566
0.041103
0.0166403
0.00992666
1.39397
-11.6139
-2.59924
-0.993795
-17.418
-5.90184
-0.036584
0.000766211
0.0109646
0.118509
-0.0718797
-0.0301981
1.343
-17.0504
-3.9513
1.39174
-13.571
-2.77474
1.80134
-12.5627
-2.18435
1.00169
-4.97932
-0.59031
1.10126
-3.58173
-0.210111
0.68179
-1.24756
0.0776876
-2.78767
-17.064
-6.57455
-2.75351
-13.59
-5.24052
-1.9915
-7.57146
-2.97107
-3.05344
-8.16674
-3.48094
-2.02034
-3.54155
-1.68242
-1.28633
-1.24425
-0.902309
2.78834
-19.6895
-3.9511
2.76935
-16.0604
-2.77617
2.9864
-13.7216
-1.98941
1.80927
-6.45338
-0.686516
1.93127
-5.01369
-0.339257
1.30222
-1.94476
-0.236938
-1.34128
-19.668
-6.57153
-1.41016
-15.9942
-5.22937
-1.07173
-9.19009
-2.92541
-1.71232
-10.5126
-3.36211
-1.32779
-4.782
-1.52642
-0.615101
-1.51544
-0.450575
-1.09812
-30.8432
-9.80195
0.350249
-0.523392
0.0482882
2.05502
-21.8948
-5.19693
-0.820469
-0.539888
-0.47432
-4.14152
-43.794
-15.7306
-0.00889773
0.107261
-0.0711971
-0.336378
-0.104068
0.0618733
0.331138
-0.0857061
0.1094
0.727957
-23.2271
-6.53722
0.797499
-1.0127
-0.369281
-0.435384
-0.839074
-0.176691
0.0435223
0.00692956
-0.0508946
1.33096
-18.7991
-4.56975
1.36337
-15.3075
-3.35043
1.4232
-11.82
-2.23875
1.44739
-8.3043
-1.22491
1.22554
-5.03368
-0.469303
0.933292
-2.30671
-0.0416237
-2.7928
-18.8106
-7.2316
-2.7741
-15.323
-5.9036
-2.7179
-11.8346
-4.58783
-2.57839
-8.3535
-3.3898
-2.25445
-4.991
-2.2049
-1.70929
-2.26647
-1.24131
4.18072
-32.1943
-6.85332
2.78339
-17.8956
-3.3505
2.73022
-14.1927
-2.2504
2.086
-8.39157
-1.04207
2.20396
-6.7673
-0.580993
1.59577
-3.36755
-0.218176
-1.33013
-21.4532
-7.23093
-1.37625
-17.8456
-5.90027
-1.4493
-14.1123
-4.56873
-1.40546
-10.3657
-3.29468
-1.3659
-6.56467
-2.08646
-1.21057
-3.16501
-1.03787
8.24895
-73.496
-15.8034
10.342
-74.0703
-13.8177
7.94184
-43.4027
-6.74407
4.61374
-19.2061
-2.09486
5.97118
-17.3186
-0.912408
3.70754
-5.73505
0.0729912
-8.27174
-73.5095
-26.2707
-8.26261
-59.2581
-20.8862
-6.53292
-36.376
-12.7632
-8.8823
-35.7301
-12.7978
-6.30607
-17.0177
-6.22195
-3.82267
-6.6067
-2.83976
4.30896
-118.08
-31.5933
4.01598
-96.1546
-24.0545
3.92129
-81.8956
-18.9837
3.2186
-50.9393
-10.8966
1.73872
-29.0755
-5.60594
0.182536
-7.73122
-1.68667
-4.30366
-102.358
-31.6088
-3.34572
-67.9314
-20.1076
-3.60418
-60.3902
-17.0573
-3.52331
-44.1315
-12.0524
-2.72663
-20.9456
-5.63165
-1.86726
-6.62722
-1.9403
-0.969351
-2.18217
-0.413725
0.338
-1.66538
-0.304623
-0.0179516
-87.584
-26.1422
-3.11746
-3.32057
-1.19819
-0.0408646
0.196109
0.092755
1.64413
-1.91204
-0.0760837
7.19937
-70.4637
-15.999
8.26704
-66.4285
-13.3823
8.27933
-52.0802
-8.92978
10.8099
-50.3375
-6.70067
6.6793
-23.7482
-1.92846
5.0732
-11.4681
-0.272753
-9.31539
-90.6282
-32.532
-10.3508
-82.9913
-29.4484
-8.19854
-52.0311
-18.2466
-7.79797
-37.3959
-13.2503
-6.98398
-23.397
-8.42128
-5.34812
-11.3078
-4.3435
4.52699
-134.122
-36.8841
3.52077
-89.4052
-23.1767
3.7985
-84.898
-20.4592
2.96382
-52.9869
-11.7522
2.48973
-39.781
-7.9683
0.848107
-19.0508
-3.75003
-3.81234
-98.7412
-30.9916
-4.21466
-91.8925
-27.8155
-3.84883
-70.9336
-20.5153
-2.90904
-43.6795
-12.2048
-3.03312
-29.7188
-8.03875
-2.36188
-13.1434
-3.59318
3.09602
-5.46088
-0.510141
1.44146
-8.11554
-1.30142
