0.74831
-11.1488
-2.51804
-2.21072
-16.7323
-5.87406
-0.159269
-0.0850846
-0.0480581
0.0463453
0.0173003
0.0120421
1.47534
-12.5468
-2.51994
-1.11365
-18.8173
-5.87716
-0.0412973
0.000271011
0.0132612
0.12611
-0.0764401
-0.0331685
1.51393
-18.5159
-3.79912
1.56663
-14.7615
-2.63328
2.02419
-13.6962
-2.02986
1.12714
-5.44617
-0.512612
1.24336
-3.93564
-0.140522
0.773976
-1.38217
0.110733
-2.94092
-18.5305
-6.5456
-2.9073
-14.7812
-5.21473
-2.10657
-8.25148
-2.95699
-3.23638
-8.93243
-3.46933
-2.14731
-3.88654
-1.68445
-1.37136
-1.37038
-0.924359
2.95141
-21.2792
-3.79867
2.93317
-17.368
-2.63435
3.16666
-14.8522
-1.85297
1.92135
-6.98711
-0.615299
2.05199
-5.43058
-0.278973
1.3832
-2.10701
-0.224068
-1.5024
-21.257
-6.54295
-1.57653
-17.2988
-5.2041
-1.1989
-9.94761
-2.90976
-1.91976
-11.3896
-3.34433
-1.48313
-5.18717
-1.51828
-0.690435
-1.64869
-0.453272
-1.08614
-33.4541
-9.65843
0.401637
-0.583449
0.0622952
2.22104
-23.6979
-5.03825
-0.877207
-0.592263
-0.491991
-4.45603
-47.4006
-15.6643
0.00330924
0.116967
-0.0750869
-0.366044
-0.115363
0.0660965
0.359101
-0.095164
0.114819
0.729302
-25.093
-6.44169
0.849005
-1.09635
-0.381549
-0.491032
-0.917561
-0.170662
0.0416562
0.00819037
-0.0526172
1.50082
-20.4015
-4.41399
1.53609
-16.6358
-3.20295
1.6004
-12.8701
-2.1052
1.62429
-9.06588
-1.10933
1.38192
-5.51738
-0.382417
1.05527
-2.54282
0.00846808
-2.94605
-20.414
-7.20097
-2.92747
-16.6522
-5.87595
-2.87195
-12.8843
-4.56473
-2.7301
-9.11582
-3.37694
-2.39279
-5.46702
-2.20047
-1.8194
-2.49263
-1.25227
4.42478
-34.786
-6.61943
2.94688
-19.3459
-3.20259
2.8933
-15.3545
-2.117
2.21382
-9.08628
-0.95157
2.34068
-7.32852
-0.501558
1.69577
-3.64769
-0.181025
-1.4903
-23.1807
-7.2005
-1.53989
-19.2937
-5.87328
-1.61872
-15.2704
-4.54584
-1.57439
-11.225
-3.27782
-1.5285
-7.11592
-2.0749
-1.35009
-3.43708
-1.03487
8.91641
-79.6071
-15.1944
11.1843
-80.3145
-13.1074
8.5957
-47.127
-6.26341
5.00233
-20.8824
-1.8442
6.48836
-18.8643
-0.643997
4.03911
-6.26175
0.172156
-8.90199
-79.6227
-26.1548
-8.89943
-64.2537
-20.7819
-7.05017
-39.4927
-12.6986
-9.60696
-38.8638
-12.7336
-6.8409
-18.5357
-6.20271
-4.167
-7.19931
-2.88904
4.31519
-127.617
-31.0516
4.01147
-103.993
-23.5556
3.89042
-88.653
-18.5021
3.18489
-55.168
-10.5724
1.63724
-31.5166
-5.39834
0.0703464
-8.39089
-1.64248
-4.24994
-111.156
-31.0669
-3.29189
-73.8892
-19.6913
-3.53338
-65.8294
-16.6241
-3.44319
-48.2764
-11.6693
-2.68049
-23.0075
-5.41882
-1.83716
-7.33393
-1.86521
-0.943694
-2.41447
-0.382537
0.32346
-1.80834
-0.281965
0.000136692
-94.7969
-25.7595
-3.4084
-3.62313
-1.2155
-0.0461091
0.215171
0.0910452
1.79453
-2.08463
-0.0624116
7.78133
-76.2918
-15.4541
8.93769
-71.9868
-12.7909
8.95647
-56.5062
-8.39397
11.7052
-54.7031
-6.08867
7.25098
-25.8443
-1.58746
5.51798
-12.5036
-0.0855566
-10.0232
-98.1248
-32.3943
-11.1429
-89.938
-29.3095
-8.83755
-56.4524
-18.1522
-8.4249
-40.6365
-13.1863
-7.56462
-25.4646
-8.38354
-5.81347
-12.3238
-4.3529
4.53416
-144.921
-36.3026
3.52388
-96.6553
-22.7413
3.78411
-91.8583
-19.9904
2.94052
-57.3813
-11.4222
2.4226
-43.1022
-7.69285
0.705212
-20.661
-3.62114
-3.76813
-107.158
-30.5031
-4.15684
-99.8672
-27.2926
-3.78128
-77.2342
-20.0455
-2.84472
-47.6763
-11.871
-2.97676
-32.5727
-7.76021
-2.32651
-14.4804
-3.44872
3.28619
-5.94012
-0.455233
1.5323
-8.79537
-1.223
