0.8358
-12.0252
-2.44032
-2.32756
-18.0474
-5.83955
-0.170045
-0.0910756
-0.0516939
0.0514393
0.0179387
0.0140844
1.55835
-13.478
-2.44231
-1.23702
-20.2139
-5.84285
-0.0458683
-0.000171662
0.0155111
0.133479
-0.0807775
-0.0361353
1.69003
-19.9867
-3.65192
1.74556
-15.9496
-2.49769
2.24941
-14.8188
-1.88231
1.25254
-5.90565
-0.438787
1.3834
-4.28183
-0.0753989
0.864073
-1.51343
0.141213
-3.09671
-20.002
-6.50591
-3.06339
-15.9694
-5.18047
-2.22235
-8.92553
-2.93829
-3.41799
-9.68459
-3.45143
-2.27196
-4.22407
-1.68327
-1.45422
-1.49362
-0.944494
3.11766
-22.8583
-3.65136
3.09947
-18.6583
-2.49878
3.34833
-15.9585
-1.72349
2.03282
-7.50567
-0.548773
2.17037
-5.83156
-0.223432
1.46234
-2.2608
-0.213454
-1.6681
-22.8353
-6.50352
-1.74659
-18.5863
-5.17007
-1.32726
-10.6895
-2.88896
-2.1265
-12.2401
-3.31952
-1.63622
-5.57734
-1.5068
-0.764019
-1.77595
-0.454773
-1.07185
-36.0838
-9.50776
0.451677
-0.641897
0.0750889
2.39144
-25.5055
-4.88292
-0.93239
-0.643409
-0.50842
-4.77726
-51.0162
-15.5724
0.0152302
0.126296
-0.0790202
-0.394967
-0.126373
0.0704871
0.386266
-0.104181
0.11989
0.73002
-26.9553
-6.34137
0.899463
-1.17493
-0.394789
-0.54509
-0.991969
-0.163964
0.0398903
0.00960839
-0.0543325
1.67609
-22.013
-4.26246
1.71351
-17.9656
-3.061
1.78066
-13.9144
-1.97757
1.80261
-9.81704
-0.999494
1.53695
-5.99175
-0.300517
1.17492
-2.77334
0.0549307
-3.10181
-22.0263
-7.15851
-3.08335
-17.9824
-5.83873
-3.02786
-13.928
-4.53426
-2.88183
-9.86849
-3.35858
-2.52921
-5.93372
-2.19199
-1.92711
-2.71356
-1.2607
4.6738
-37.3672
-6.392
3.11329
-20.782
-3.06048
3.05837
-16.4964
-1.99007
2.34195
-9.76314
-0.866265
2.47539
-7.87082
-0.427661
1.79357
-3.91578
-0.147521
-1.65513
-24.9012
-7.15821
-1.70769
-20.7278
-5.8365
-1.79112
-16.4087
-4.51513
-1.74369
-12.0628
-3.25467
-1.68963
-7.64883
-2.05897
-1.48689
-3.69789
-1.02936
9.60036
-85.7073
-14.6056
12.0434
-86.5098
-12.4277
9.25644
-50.7923
-5.80636
5.39019
-22.5216
-1.60772
6.99745
-20.3627
-0.394482
4.36346
-6.76749
0.261404
-9.54541
-85.724
-25.9958
-9.5473
-69.2087
-20.6434
-7.57133
-42.5623
-12.6136
-10.3273
-41.9207
-12.644
-7.36785
-20.0073
-6.17096
-4.50345
-7.77091
-2.93184
4.31759
-137.09
-30.4925
4.00325
-111.726
-23.0486
3.85689
-95.2648
-18.0183
3.14892
-59.2711
-10.2505
1.53496
-33.8643
-5.19472
-0.0392204
-9.01711
-1.59946
-4.18853
-119.984
-30.5076
-3.23432
-79.832
-19.2683
-3.45993
-71.2165
-16.1879
-3.35796
-52.349
-11.2891
-2.63295
-25.0234
-5.21015
-1.80689
-8.02331
-1.7929
-0.918467
-2.64088
-0.353203
0.30962
-1.94175
-0.260471
0.0202262
-102.028
-25.3577
-3.69211
-3.91387
-1.2286
-0.0505631
0.234534
0.0896627
1.94155
-2.24879
-0.0522971
8.37836
-82.1235
-14.924
9.62358
-77.5192
-12.2221
9.64381
-60.8806
-7.88298
12.6063
-58.9812
-5.50907
7.81677
-27.8844
-1.26766
5.95417
-13.5035
0.0862874
-10.7461
-105.625
-32.2033
-11.9502
-96.8515
-29.1225
-9.48547
-60.8219
-18.0277
-9.05166
-43.8145
-13.0982
-8.13914
-27.4758
-8.32955
-6.27031
-13.3054
-4.35283
4.53768
-155.676
-35.6973
3.52344
-103.833
-22.2955
3.76622
-98.6985
-19.5171
2.91671
-61.6633
-11.0912
2.35282
-46.3105
-7.42075
0.563927
-22.2015
-3.49567
-3.71644
-115.621
-29.9946
-4.09255
-107.848
-26.7572
-3.71038
-83.4976
-19.571
-2.77749
-51.6204
-11.5375
-2.91817
-35.3689
-7.48522
-2.2904
-15.7854
-3.30816
3.47248
-6.3945
-0.407365
1.62369
-9.46017
-1.14798
