1.01953
-13.7976
-2.29007
-2.56744
-20.7066
-5.74081
-0.190676
-0.102571
-0.0584421
0.0611402
0.0191511
0.0179297
1.72961
-15.3348
-2.29222
-1.49527
-22.999
-5.7443
-0.0545467
-0.000890409
0.0198548
0.147459
-0.0887372
-0.0420451
2.05869
-22.9437
-3.37322
2.11625
-18.3162
-2.24515
2.70722
-17.027
-1.60927
1.50295
-6.80001
-0.30352
1.65659
-4.94848
0.0405828
1.03735
-1.76465
0.194008
-3.41678
-22.9595
-6.39334
-3.38322
-18.3348
-5.08605
-2.45641
-10.2535
-2.88696
-3.77711
-11.144
-3.39673
-2.51394
-4.87433
-1.67139
-1.61304
-1.73037
-0.978945
3.46026
-25.9825
-3.37287
3.43989
-21.1833
-2.24752
3.71603
-18.0923
-1.48679
2.25373
-8.49393
-0.430726
2.39946
-6.58233
-0.127483
1.61457
-2.5412
-0.199389
-2.01452
-25.9579
-6.39117
-2.0989
-21.1063
-5.07517
-1.58795
-12.1228
-2.83173
-2.53783
-13.8561
-3.24855
-1.93507
-6.30934
-1.47376
-0.9055
-2.01121
-0.454156
-1.0362
-41.4017
-9.18417
0.547303
-0.753349
0.0968254
2.74617
-29.135
-4.58267
-1.03775
-0.74153
-0.537459
-5.44201
-58.2754
-15.3092
0.0381254
0.143774
-0.0870194
-0.450386
-0.147459
0.0797693
0.437993
-0.120787
0.128936
0.729229
-30.669
-6.12578
0.996907
-1.31583
-0.42431
-0.648035
-1.12769
-0.14857
0.0366797
0.0129362
-0.0577374
2.04386
-25.2639
-3.97261
2.08337
-20.628
-2.79462
2.15086
-15.9828
-1.74118
2.16354
-11.2846
-0.79818
1.84239
-6.90945
-0.152662
1.40653
-3.21566
0.136289
-3.4217
-25.2779
-7.03694
-3.40348
-20.6447
-5.73484
-3.34597
-15.9945
-4.45084
-3.18549
-11.3415
-3.30537
-2.79601
-6.83611
-2.1629
-2.13483
-3.138
-1.26996
5.18758
-42.4963
-5.95735
3.45539
-23.6085
-2.79459
3.39478
-18.7162
-1.75682
2.59909
-11.0594
-0.712241
2.73823
-8.89448
-0.297575
1.98195
-4.41315
-0.0921226
-2.00009
-28.3201
-7.03684
-2.05695
-23.5509
-5.73279
-2.14569
-18.622
-4.42988
-2.08354
-13.6691
-3.18928
-2.00716
-8.65565
-2.01391
-1.75164
-4.18326
-1.01075
11.0207
-97.8709
-13.4911
13.8145
-98.74
-11.165
10.5994
-57.9305
-4.96762
6.16305
-25.6791
-1.18011
7.98887
-23.2055
0.0442106
4.9885
-7.71074
0.408384
-10.8758
-97.8865
-25.5447
-10.8796
-78.9856
-20.2617
-8.62683
-48.5482
-12.3813
-11.7545
-47.7851
-12.3881
-8.39652
-22.7996
-6.07006
-5.15092
-8.84569
-2.99791
4.30879
-155.831
-29.321
3.97373
-126.861
-22.0116
3.78024
-108.021
-17.0474
3.06927
-67.073
-9.61661
1.32762
-38.2597
-4.80205
-0.249943
-10.1622
-1.51781
-4.04242
-137.73
-29.3358
-3.10833
-91.6622
-18.4033
-3.30579
-81.8145
-15.3092
-3.17256
-60.2541
-10.5413
-2.53446
-28.902
-4.80815
-1.7464
-9.34351
-1.65812
-0.869627
-3.07358
-0.300791
0.284169
-2.17797
-0.221349
0.0659395
-116.546
-24.4951
-4.23614
-4.45679
-1.24213
-0.0570075
0.274184
0.0878931
2.22442
-2.54974
-0.0432794
9.62031
-93.7972
-13.9103
11.0438
-88.499
-11.1564
11.0506
-69.4611
-6.94003
14.4255
-67.2533
-4.4534
8.92861
-31.7823
-0.695843
6.7983
-15.3874
0.381059
-12.2419
-120.635
-31.6561
-13.6151
-110.569
-28.6001
-10.8109
-69.3918
-17.6875
-10.3052
-49.9666
-12.8492
-9.26881
-31.3143
-8.17276
-7.15649
-15.1568
-4.32438
4.53165
-177.046
-34.4132
3.51011
-117.96
-21.3732
3.71814
-111.993
-18.5595
2.86679
-69.8658
-10.4286
2.20445
-52.364
-6.8896
0.286442
-25.0584
-3.25696
-3.59027
-132.692
-28.9158
-3.94453
-123.823
-25.6492
-3.55924
-95.8961
-18.6099
-2.63483
-59.3328
-10.8747
-2.79508
-40.7697
-6.94903
-2.21662
-18.2881
-3.04097
3.83227
-7.22313
-0.334103
1.8081
-10.7413
-1.00886
