1.21541
-15.5963
-2.14672
-2.81631
-23.4047
-5.60135
-0.209992
-0.11336
-0.0644646
0.0701354
0.0202796
0.0214304
1.90805
-17.1839
-2.14904
-1.77009
-25.7727
-5.60474
-0.062559
-0.0013778
0.0239698
0.160355
-0.095688
-0.0479015
2.45024
-25.92
-3.116
2.50467
-20.6667
-2.01842
3.17492
-19.1799
-1.36708
1.75244
-7.65814
-0.18562
1.9196
-5.57737
0.136573
1.20052
-1.99913
0.235406
-3.74915
-25.9347
-6.23567
-3.71414
-20.6821
-4.95686
-2.69416
-11.5511
-2.81727
-4.13069
-12.5374
-3.31721
-2.74566
-5.48815
-1.64708
-1.7621
-1.95268
-1.00568
3.81667
-29.0583
-3.11645
3.79092
-23.6294
-2.02383
4.08941
-20.1145
-1.28119
2.47151
-9.41289
-0.333732
2.61747
-7.2606
-0.0527246
1.75808
-2.78323
-0.195289
-2.38252
-29.032
-6.23327
-2.46871
-23.548
-4.9441
-1.85438
-13.4848
-2.7537
-2.94608
-15.3516
-3.14924
-2.22346
-6.97287
-1.42749
-1.03885
-2.21926
-0.448765
-0.9911
-46.7981
-8.82984
0.636436
-0.856694
0.113197
3.12014
-32.7829
-4.29632
-1.13601
-0.83343
-0.561358
-6.13893
-65.571
-14.9371
0.0596401
0.159624
-0.0951935
-0.502317
-0.167184
0.0897008
0.485975
-0.135357
0.136469
0.724889
-34.367
-5.88957
1.08926
-1.43382
-0.457986
-0.743579
-1.24492
-0.130584
0.0339175
0.0169365
-0.0610992
2.43559
-28.5513
-3.70067
2.47404
-23.292
-2.55238
2.53433
-18.0201
-1.53103
2.53006
-12.7008
-0.622553
2.14081
-7.78154
-0.0271815
1.62684
-3.63043
0.201464
-3.75373
-28.5649
-6.86534
-3.73572
-23.3067
-5.59117
-3.67319
-18.0289
-4.33748
-3.48967
-12.7666
-3.23052
-3.05442
-7.69303
-2.11797
-2.33173
-3.53678
-1.26928
5.72294
-47.5781
-5.55012
3.81012
-26.3703
-2.55399
3.7396
-20.8452
-1.55226
2.85718
-12.2742
-0.581428
2.99148
-9.83178
-0.192327
2.15991
-4.85562
-0.0529284
-2.36706
-31.7072
-6.86525
-2.42586
-26.3099
-5.58828
-2.51433
-20.7454
-4.31268
-2.42529
-15.1772
-3.09854
-2.3179
-9.57879
-1.95144
-2.00377
-4.61732
-0.982178
12.5135
-109.976
-12.4633
15.6585
-110.736
-10.0366
11.9711
-64.7915
-4.2342
6.93088
-28.6629
-0.816146
8.94105
-25.8277
0.398356
5.5792
-8.55627
0.511432
-12.2691
-109.986
-24.9125
-12.2647
-88.5684
-19.7394
-9.7016
-54.3129
-12.0669
-13.1634
-53.2918
-12.0309
-9.38947
-25.3758
-5.92042
-5.76221
-9.82246
-3.03819
4.27839
-174.281
-28.0775
3.92356
-141.522
-20.946
3.68796
-120.113
-16.0764
2.9778
-74.3014
-9.00089
1.11593
-42.2298
-4.43246
-0.448862
-11.1557
-1.44317
-3.86554
-155.584
-28.0922
-2.96881
-103.401
-17.5149
-3.14343
-92.1493
-14.4257
-2.96844
-67.8063
-9.81548
-2.43277
-32.5556
-4.43055
-1.68681
-10.5766
-1.53856
-0.82341
-3.47601
-0.257655
0.261804
-2.37116
-0.187862
0.117923
-131.137
-23.5508
-4.74672
-4.9444
-1.23893
-0.060098
0.315063
0.0874398
2.49102
-2.81173
-0.0497425
10.9284
-105.48
-12.9593
12.5308
-99.3522
-10.1896
12.5012
-77.7981
-6.10711
16.2669
-75.1167
-3.54279
10.011
-35.4186
-0.219124
7.60132
-17.1055
0.607445
-13.8099
-135.652
-30.8836
-15.3527
-124.124
-27.8772
-12.1789
-77.7172
-17.2254
-11.5595
-55.8255
-12.5037
-10.3713
-34.8895
-7.95208
-8.00361
-16.8481
-4.25897
4.50464
-198.218
-33.0281
3.47723
-131.759
-20.4103
3.65063
-124.741
-17.5904
2.81231
-77.5558
-9.7686
2.043
-57.9026
-6.38014
0.0159084
-27.598
-3.03727
-3.43379
-149.95
-27.7523
-3.77118
-139.799
-24.4923
-3.39698
-108.098
-17.636
-2.48233
-66.7848
-10.2214
-2.66552
-45.8898
-6.43573
-2.14187
-20.6331
-2.79548
4.17338
-7.9382
-0.292292
1.99454
-11.9535
-0.885174
