1.31796
-16.5051
-2.07753
-2.94426
-24.7677
-5.51622
-0.219134
-0.118476
-0.0671992
0.0743535
0.0208136
0.0230448
1.99993
-18.105
-2.07995
-1.91398
-27.1545
-5.51943
-0.0663033
-0.0015335
0.025936
0.166376
-0.0987724
-0.0508015
2.65467
-27.4142
-2.9954
2.70554
-21.8345
-1.91484
3.41235
-20.2336
-1.25777
1.87667
-8.0726
-0.133346
2.04696
-5.87666
0.176885
1.27808
-2.10961
0.251739
-3.92013
-27.4278
-6.13988
-3.88392
-21.8475
-4.87935
-2.8145
-12.1874
-2.77573
-4.30537
-13.2076
-3.26844
-2.85755
-5.78046
-1.63046
-1.83284
-2.05799
-1.01622
3.99998
-30.5769
-2.99648
3.9703
-24.8214
-1.92244
4.27805
-21.0821
-1.1903
2.57906
-9.84535
-0.293324
2.72205
-7.57154
-0.0234748
1.82637
-2.88938
-0.197037
-2.57497
-30.5497
-6.13719
-2.66046
-24.7381
-4.86512
-1.98985
-14.138
-2.70703
-3.14899
-16.0523
-3.08919
-2.36354
-7.278
-1.39957
-1.10233
-2.31273
-0.444332
-0.965086
-49.5244
-8.64086
0.678415
-0.905082
0.119332
3.31436
-34.6129
-4.15817
-1.18238
-0.876854
-0.571399
-6.49999
-69.2308
-14.7098
0.0698477
0.166931
-0.0993434
-0.526908
-0.176507
0.0948965
0.508489
-0.141846
0.139659
0.721173
-36.2093
-5.76352
1.13339
-1.48396
-0.476374
-0.78845
-1.29638
-0.120665
0.0327073
0.0191888
-0.0627601
2.64054
-30.2078
-3.57129
2.67723
-24.6232
-2.44034
2.731
-19.0255
-1.43595
2.71527
-13.3882
-0.544588
2.28709
-8.19927
0.0269541
1.73245
-3.82675
0.227842
-3.9245
-30.2207
-6.76065
-3.90657
-24.6363
-5.50447
-3.84036
-19.0326
-4.26977
-3.642
-13.4597
-3.18525
-3.1804
-8.10324
-2.0898
-2.42599
-3.72586
-1.26536
5.9986
-50.0996
-5.35661
3.99213
-27.7256
-2.44322
3.91504
-21.8742
-1.46092
2.98643
-12.8499
-0.524918
3.11426
-10.2668
-0.149246
2.24476
-5.05554
-0.0395307
-2.55915
-33.3878
-6.76049
-2.618
-27.6642
-5.50076
-2.70416
-21.7719
-4.24226
-2.5969
-15.893
-3.04388
-2.47061
-10.0078
-1.91386
-2.12487
-4.81443
-0.964284
13.287
-116.003
-11.9817
16.6075
-116.639
-9.52336
12.6672
-68.1121
-3.9078
7.31238
-30.0863
-0.658627
9.40134
-27.052
0.542956
5.86088
-8.94071
0.54616
-12.9904
-116.008
-24.5284
-12.978
-93.2815
-19.4259
-10.2466
-57.1074
-11.8796
-13.8608
-55.9044
-11.8154
-9.87203
-26.579
-5.82808
-6.05372
-10.2724
-3.04894
4.25381
-183.389
-27.4285
3.88957
-148.666
-20.4032
3.63491
-125.899
-15.5923
2.92705
-77.6921
-8.70126
1.00819
-44.0495
-4.25739
-0.543793
-11.5938
-1.40883
-3.76595
-164.545
-27.4432
-2.89443
-109.229
-17.0623
-3.05977
-97.2088
-13.9834
-2.85998
-71.4406
-9.46246
-2.38124
-34.2922
-4.25208
-1.65765
-11.1579
-1.48509
-0.801429
-3.66487
-0.239825
0.251786
-2.45115
-0.173351
0.14574
-138.457
-23.0473
-4.9889
-5.16649
-1.23125
-0.0603915
0.335946
0.0876905
2.61783
-2.92752
-0.0588391
11.6073
-111.321
-12.507
13.2993
-104.726
-9.74345
13.2426
-81.8693
-5.73258
17.195
-78.8871
-3.14312
10.54
-37.1338
-0.0173271
7.9864
-17.8994
0.694423
-14.6222
-143.159
-30.4122
-16.2499
-130.835
-27.4408
-12.8797
-81.7823
-16.9494
-12.187
-58.639
-12.2958
-10.912
-36.5736
-7.81865
-8.4119
-17.6309
-4.21296
4.48195
-208.723
-32.297
3.4524
-138.53
-19.9139
3.60851
-130.901
-17.1026
2.78276
-81.201
-9.44075
1.95691
-60.4714
-6.13482
-0.116782
-28.7447
-2.93534
-3.34449
-158.644
-27.1381
-3.67543
-147.78
-23.8957
-3.31229
-114.117
-17.1452
-2.40289
-70.4052
-9.89964
-2.59889
-48.3372
-6.18903
-2.10455
-21.7422
-2.6818
4.33644
-8.25164
-0.283443
2.0884
-12.5325
-0.829282
