1.42353
-17.4198
-2.00991
-3.07456
-26.1393
-5.42087
-0.227924
-0.1234
-0.0697502
0.0783804
0.0213284
0.0245668
2.0935
-19.0235
-2.01242
-2.06224
-28.5324
-5.42384
-0.0698697
-0.00163106
0.0278393
0.172106
-0.101594
-0.0536786
2.86478
-28.9115
-2.87999
2.91074
-22.9966
-1.81769
3.65202
-21.2714
-1.15629
2.00045
-8.47692
-0.0855241
2.17145
-6.16548
0.212074
1.35285
-2.21541
0.265166
-4.09432
-28.9237
-6.03294
-4.0566
-23.0067
-4.79341
-2.93579
-12.8149
-2.72989
-4.47861
-13.8596
-3.21392
-2.96676
-6.06269
-1.61101
-1.90102
-2.15926
-1.02494
4.18653
-32.0821
-2.88185
4.15211
-25.9923
-1.82793
4.46783
-22.0202
-1.10731
2.68563
-10.2595
-0.258306
2.8236
-7.86349
0.000363236
1.89227
-2.98555
-0.201298
-2.77312
-32.0539
-6.02982
-2.85683
-25.9073
-4.77734
-2.12682
-14.7722
-2.65541
-3.35106
-16.7213
-3.02244
-2.50082
-7.56518
-1.36858
-1.16364
-2.39912
-0.438786
-0.936846
-52.268
-8.4439
0.718618
-0.951191
0.124103
3.51326
-36.4461
-4.02316
-1.22687
-0.918523
-0.5802
-6.86953
-72.8969
-14.4551
0.0796784
0.173829
-0.103533
-0.550564
-0.18546
0.100235
0.529994
-0.147797
0.142468
0.716318
-38.0463
-5.63213
1.17611
-1.52816
-0.49577
-0.831355
-1.34305
-0.110161
0.0316095
0.0216059
-0.0644056
2.85143
-31.8717
-3.44614
2.88556
-25.9532
-2.33424
2.93085
-20.0215
-1.34748
2.90165
-14.0611
-0.473174
2.43129
-8.60434
0.0753483
1.83494
-4.01542
0.250084
-4.09845
-31.8838
-6.64349
-4.08057
-25.9642
-5.40801
-4.00991
-20.0266
-4.19491
-3.79446
-14.1392
-3.13497
-3.3042
-8.50086
-2.05799
-2.51741
-3.90783
-1.25915
6.27934
-52.6074
-5.16956
4.17709
-29.0634
-2.33867
4.09234
-22.879
-1.37681
3.1157
-13.4041
-0.474322
3.23435
-10.6792
-0.112525
2.32676
-5.24113
-0.0302509
-2.75706
-35.0592
-6.64321
-2.81533
-29.001
-5.40321
-2.89769
-22.7745
-4.16416
-2.769
-16.5829
-2.98321
-2.62149
-10.4148
-1.87222
-2.24261
-4.99813
-0.944089
14.0781
-122.008
-11.5211
17.574
-122.476
-9.04365
13.3697
-71.3573
-3.60815
7.69195
-31.4629
-0.517416
9.85065
-28.2175
0.665912
6.13317
-9.29916
0.569731
-13.7282
-122.008
-24.0994
-13.705
-97.9397
-19.0783
-10.7966
-59.8416
-11.6731
-14.5533
-58.4213
-11.5762
-10.3452
-27.7246
-5.72461
-6.33565
-10.6962
-3.05368
4.22235
-192.417
-26.7613
3.84908
-155.684
-19.8539
3.57674
-131.511
-15.1096
2.87268
-80.9318
-8.40769
0.899063
-45.7577
-4.08919
-0.635714
-11.9926
-1.37658
-3.65926
-173.523
-26.776
-2.81728
-115.025
-16.6045
-2.9748
-102.192
-13.5413
-2.74766
-74.9768
-9.11668
-2.32953
-35.9667
-4.08094
-1.62906
-11.7148
-1.43606
-0.78026
-3.84513
-0.224573
0.24253
-2.52004
-0.160359
0.174444
-145.79
-22.5226
-5.22219
-5.37383
-1.2197
-0.0598701
0.357108
0.0882448
2.74016
-3.03304
-0.0718025
12.3023
-117.159
-12.0694
14.0838
-110.063
-9.32168
13.9941
-85.8732
-5.38578
18.1275
-82.5471
-2.7805
11.0605
-38.779
0.160084
8.36015
-18.6491
0.763954
-15.4535
-150.661
-29.8846
-17.1662
-137.497
-26.9553
-13.5916
-85.7799
-16.6442
-12.8147
-61.3733
-12.0652
-11.4455
-38.1873
-7.6705
-8.80983
-18.3712
-4.15851
4.45246
-219.171
-31.5399
3.42147
-145.212
-19.4075
3.56029
-136.915
-16.6129
2.75131
-84.711
-9.11481
1.86702
-62.905
-5.89628
-0.247818
-29.8085
-2.83897
-3.24811
-167.377
-26.5021
-3.57399
-155.751
-23.2872
-3.22557
-120.075
-16.6524
-2.32162
-73.952
-9.58162
-2.53136
-50.7069
-5.94949
-2.06747
-22.8076
-2.57449
4.4943
-8.53539
-0.282611
2.1826
-13.0933
-0.777366
