1.64336
-19.2642
-1.87889
-3.34203
-28.9049
-5.20014
-0.24445
-0.132669
-0.0743129
0.0858565
0.0223034
0.027332
2.28531
-20.8515
-1.88159
-2.37174
-31.2749
-5.20239
-0.0764687
-0.00165675
0.0314557
0.182685
-0.106455
-0.0593518
3.30129
-31.9123
-2.66392
3.33349
-25.3011
-1.64204
4.13738
-23.297
-0.976198
2.24637
-9.25443
-0.00298311
2.41153
-6.71121
0.267364
1.49395
-2.41269
0.283477
-4.45207
-31.9204
-5.78641
-4.41034
-25.3037
-4.59714
-3.18114
-14.042
-2.62592
-4.82071
-15.1074
-3.08855
-3.17718
-6.59639
-1.56414
-2.02972
-2.34938
-1.03719
4.56859
-35.0505
-2.66781
4.52226
-28.2695
-1.65887
4.85009
-23.8075
-0.964466
2.89553
-11.0332
-0.204109
3.01735
-8.39072
0.0321402
2.01679
-3.14826
-0.217158
-3.18629
-35.0202
-5.78208
-3.26319
-28.1816
-4.57628
-2.40517
-15.9837
-2.53798
-3.75253
-17.9642
-2.8698
-2.76693
-8.08596
-1.29797
-1.27977
-2.55081
-0.424536
-0.874063
-57.8006
-8.02599
0.793633
-1.03643
0.129642
3.92436
-40.1187
-3.76165
-1.31026
-0.996473
-0.594225
-7.6336
-80.2412
-13.8655
0.0981978
0.186424
-0.112018
-0.595052
-0.20225
0.1113
0.569961
-0.158092
0.146966
0.702892
-41.7022
-5.35324
1.25719
-1.59898
-0.537434
-0.911272
-1.42214
-0.0875263
0.0297395
0.0269142
-0.0676423
3.29034
-35.2184
-3.20761
3.31693
-28.6061
-2.13914
3.33947
-21.9828
-1.18978
3.27736
-15.3624
-0.349575
2.71312
-9.3758
0.155224
2.03033
-4.36944
0.282397
-4.45561
-35.228
-6.37254
-4.43777
-28.6118
-5.18672
-4.35586
-21.9832
-4.02459
-4.0997
-15.4562
-3.02017
-3.54527
-9.25761
-1.98413
-2.69179
-4.25005
-1.2403
6.85489
-57.5782
-4.81355
4.55506
-31.6847
-2.14752
4.45186
-24.8155
-1.2297
3.37393
-14.4479
-0.390477
3.4662
-11.436
-0.0577847
2.4821
-5.56959
-0.0237614
-3.17009
-38.3721
-6.37187
-3.22534
-31.6211
-5.17892
-3.29566
-24.7073
-3.9858
-3.11452
-17.885
-2.84472
-2.91769
-11.1631
-1.77741
-2.46796
-5.32558
-0.897193
15.7099
-133.948
-10.6595
19.5556
-133.941
-8.18148
14.7915
-77.6177
-3.08715
8.44426
-34.0747
-0.28297
10.7154
-30.3711
0.848137
6.64915
-9.93818
0.58415
-15.2526
-133.932
-23.1105
-15.1998
-107.085
-18.2842
-11.9113
-65.1256
-11.2046
-15.9239
-63.1661
-11.0303
-11.263
-29.8427
-5.48641
-6.87082
-11.4656
-3.04609
4.13702
-210.218
-25.3722
3.74704
-169.331
-18.7369
3.44353
-142.204
-14.1496
2.75225
-86.9589
-7.83978
0.676213
-48.8417
-3.77405
-0.810733
-12.6731
-1.31861
-3.42599
-191.511
-25.3872
-2.65567
-126.511
-15.6734
-2.80205
-111.921
-12.6587
-2.51283
-81.7488
-8.44806
-2.22636
-39.1258
-3.76144
-1.57395
-12.7536
-1.35167
-0.740473
-4.17917
-0.201905
0.226204
-2.62497
-0.138924
0.233398
-160.479
-21.4094
-5.66206
-5.74435
-1.18564
-0.0564896
0.400194
0.0902027
2.9712
-3.21341
-0.108982
13.7379
-128.816
-11.2357
15.6984
-120.613
-8.54825
15.5252
-93.6736
-4.77302
20.0024
-89.5331
-2.16397
12.0746
-41.8582
0.443118
9.07298
-20.0157
0.851748
-17.1722
-165.636
-28.6644
-19.0549
-150.665
-25.8411
-15.0481
-93.5672
-15.9497
-14.0703
-66.6017
-11.5395
-12.491
-41.2027
-7.33265
-9.57453
-19.724
-4.02584
4.37122
-239.88
-29.9478
3.3399
-158.302
-18.3652
3.44411
-148.502
-15.6291
2.68172
-91.3254
-8.46966
1.67536
-67.3679
-5.44036
-0.505247
-31.6893
-2.66327
-3.03539
-184.939
-25.1646
-3.35528
-171.645
-22.0348
-3.04724
-131.802
-15.6612
-2.15461
-80.8181
-8.9579
-2.39457
-55.2091
-5.49286
-1.99466
-24.8048
-2.37956
4.79407
-9.01462
-0.304465
2.37166
-14.1595
-0.685225
