1.99251
-22.0579
-1.69069
-3.75877
-33.0928
-4.79791
-0.26666
-0.145145
-0.0798893
0.0956523
0.0236437
0.0308013
2.58256
-23.5645
-1.69369
-2.86652
-35.3454
-4.79854
-0.0850711
-0.00130469
0.0364115
0.196395
-0.11187
-0.0676166
3.99233
-36.4122
-2.3722
3.99456
-28.6986
-1.42101
4.87699
-26.2051
-0.759103
2.60981
-10.342
0.0900798
2.74899
-7.45024
0.314843
1.6846
-2.67294
0.290896
-5.00982
-36.4117
-5.34004
-4.95981
-28.6863
-4.24632
-3.55497
-15.8098
-2.44223
-5.32255
-16.8385
-2.86414
-3.4732
-7.32034
-1.47634
-2.20417
-2.60357
-1.04384
5.15981
-39.3909
-2.38012
5.09002
-31.5229
-1.45078
5.42695
-26.2706
-0.803838
3.20113
-12.0607
-0.159858
3.28442
-9.04517
0.0426234
2.18539
-3.32163
-0.257909
-3.84575
-39.3572
-5.33298
-3.90463
-31.432
-4.21567
-2.83276
-17.6613
-2.32956
-4.34753
-19.5985
-2.59776
-3.14523
-8.73814
-1.17288
-1.43814
-2.72795
-0.396133
-0.766003
-66.1793
-7.33978
0.89285
-1.14686
0.128569
4.56977
-45.6254
-3.38625
-1.42174
-1.0999
-0.607093
-8.8377
-91.2524
-12.7908
0.12317
0.202492
-0.124956
-0.654871
-0.224698
0.128678
0.622439
-0.169657
0.151083
0.672527
-47.1279
-4.8951
1.36782
-1.66339
-0.606275
-1.01687
-1.50689
-0.0500796
0.0276719
0.0359471
-0.0723317
3.9869
-40.2659
-2.87473
3.99655
-32.5551
-1.88479
3.9713
-24.8412
-0.997503
3.84571
-17.2008
-0.20906
3.11844
-10.4361
0.235295
2.29939
-4.84239
0.302297
-5.0123
-40.2696
-5.87976
-4.99431
-32.5495
-4.78866
-4.89005
-24.8331
-3.72199
-4.5574
-17.3242
-2.81616
-3.8907
-10.2965
-1.85071
-2.9327
-4.70933
-1.19779
7.74687
-64.9078
-4.31784
5.13808
-35.4776
-1.90105
4.99997
-27.539
-1.05759
3.75854
-15.8567
-0.305116
3.79253
-12.4076
-0.0194587
2.69339
-5.95985
-0.0421482
-3.8302
-43.2569
-5.87814
-3.87638
-35.4134
-4.77442
-3.91797
-27.4271
-3.66736
-3.63537
-19.6488
-2.5982
-3.34806
-12.1268
-1.60944
-2.78122
-5.72091
-0.812466
18.2646
-151.631
-9.49777
22.6305
-150.59
-7.11003
16.9545
-86.4322
-2.48739
9.55146
-37.6435
-0.0437217
11.9263
-33.1696
0.972052
7.35188
-10.7081
0.529376
-17.6521
-151.585
-21.3195
-17.5356
-120.353
-16.8644
-13.6158
-72.5889
-10.3768
-17.9419
-69.5744
-10.0604
-12.5696
-32.598
-5.06049
-7.60364
-12.4298
-2.99653
3.94758
-236.245
-23.1537
3.53671
-188.828
-17.0162
3.19691
-156.948
-12.7249
2.53985
-94.9027
-7.03711
0.329129
-52.6676
-3.35433
-1.05271
-13.4149
-1.2479
-3.03304
-218.474
-23.1694
-2.39928
-143.424
-14.2392
-2.53997
-125.893
-11.3413
-2.14109
-91.1519
-7.50388
-2.075
-43.3924
-3.33946
-1.4975
-14.1247
-1.25925
-0.687336
-4.61378
-0.187152
0.206589
-2.70457
-0.117684
0.321223
-182.503
-19.5821
-6.25677
-6.1931
-1.11036
-0.0461628
0.466348
0.0949644
3.2838
-3.41027
-0.190669
15.9899
-146.203
-10.0724
18.2171
-136.1
-7.54548
17.8779
-104.845
-4.03999
22.8261
-99.1846
-1.49296
13.5248
-45.9598
0.699166
10.0552
-21.743
0.863395
-19.8802
-187.964
-26.4449
-22.0177
-169.986
-23.8363
-17.3075
-104.718
-14.7154
-15.9516
-73.8485
-10.6056
-14.0053
-45.2078
-6.7339
-10.6452
-21.443
-3.77466
4.18777
-270.414
-27.3666
3.16419
-177.237
-16.729
3.21629
-164.791
-14.1432
2.55671
-100.259
-7.52081
1.35687
-73.0862
-4.81002
-0.881452
-33.9189
-2.44191
-2.67264
-211.418
-22.9963
-2.99374
-195.289
-20.0692
-2.77202
-148.873
-14.1624
-1.89688
-90.5363
-8.0547
-2.18865
-61.3702
-4.86496
-1.89067
-27.4683
-2.13641
5.20329
-9.52232
-0.392073
2.65525
-15.6231
-0.574332
