2.48451
-25.7905
-1.44742
-4.33534
-38.6867
-4.14633
-0.291878
-0.159317
-0.0853143
0.106297
0.0252462
0.0342883
2.98836
-27.1046
-1.45085
-3.57302
-40.6575
-4.14396
-0.0943745
-0.000247927
0.042218
0.21096
-0.116011
-0.0780764
4.96271
-42.352
-2.02607
4.91034
-33.0887
-1.188
5.87162
-29.8334
-0.549995
3.08047
-11.6504
0.166262
3.15755
-8.29621
0.322653
1.90224
-2.95767
0.269427
-5.78197
-42.336
-4.62263
-5.71734
-33.0509
-3.69066
-4.0592
-18.0256
-2.15571
-5.96895
-18.896
-2.51193
-3.83376
-8.1514
-1.33445
-2.40525
-2.88811
-1.03527
5.96562
-44.9502
-2.04089
5.85618
-35.5644
-1.23965
6.19066
-29.1786
-0.670942
3.58818
-13.2062
-0.158053
3.59773
-9.69237
-0.000935539
2.37783
-3.4382
-0.33783
-4.78563
-44.9116
-4.61045
-4.8077
-35.4721
-3.64275
-3.4166
-19.6559
-2.00291
-5.12545
-21.3911
-2.17137
-3.61324
-9.39441
-0.978694
-1.62256
-2.88207
-0.348146
-0.60275
-77.373
-6.31993
1.00227
-1.26373
0.112502
5.46594
-52.8983
-2.90131
-1.54741
-1.2141
-0.611882
-10.5281
-105.794
-11.0494
0.151693
0.21941
-0.142379
-0.722823
-0.249968
0.152663
0.679618
-0.17869
0.152408
0.611308
-54.2078
-4.21393
1.4955
-1.68202
-0.706598
-1.13385
-1.56525
0.00447329
0.0259659
0.0495261
-0.0781846
4.96762
-46.9753
-2.46052
4.94593
-37.7199
-1.59941
4.83552
-28.4799
-0.807068
4.60319
-19.4443
-0.0907792
3.62496
-11.6786
0.279912
2.6156
-5.37174
0.284163
-5.78281
-46.9683
-5.08368
-5.7642
-37.6948
-4.15348
-5.62159
-28.4581
-3.24633
-5.16317
-19.6161
-2.49726
-4.32229
-11.512
-1.6404
-3.21856
-5.22739
-1.12073
8.96471
-74.3956
-3.70275
5.92987
-40.2695
-1.62907
5.73445
-30.8498
-0.900544
4.25989
-17.468
-0.253179
4.18711
-13.4299
-0.0362004
2.93632
-6.31226
-0.109866
-4.77241
-49.5798
-5.08018
-4.79906
-40.2067
-4.12752
-4.78494
-30.7361
-3.16453
-4.33083
-21.6781
-2.21166
-3.89642
-13.1472
-1.34808
-3.15654
-6.09082
-0.679039
21.8007
-174.631
-8.12197
26.8452
-171.707
-6.00492
19.8523
-97.1523
-1.96354
10.9756
-41.7974
0.100826
13.3824
-36.1711
0.904299
8.1634
-11.4212
0.338157
-21.0161
-174.533
-18.4405
-20.7833
-137.161
-14.615
-15.928
-81.7059
-9.08482
-20.5572
-76.9028
-8.54642
-14.1888
-35.5605
-4.39576
-8.4621
-13.398
-2.87476
3.57118
-269.574
-19.9532
3.142
-213.047
-14.638
2.77208
-174.368
-10.8486
2.1929
-103.65
-6.05037
-0.160251
-56.4475
-2.88372
-1.34372
-13.9522
-1.18077
-2.45182
-254.046
-19.971
-2.04414
-165.243
-12.2568
-2.19588
-143.336
-9.59605
-1.6269
-102.342
-6.34555
-1.88564
-48.2561
-2.87461
-1.40854
-15.6257
-1.1943
-0.62798
-5.07653
-0.199776
0.187137
-2.68664
-0.10688
0.424446
-211.591
-16.8668
-6.93945
-6.61357
-0.975929
-0.0248641
0.55601
0.10366
3.64096
-3.55188
-0.338581
19.1138
-169.017
-8.62545
21.69
-156.017
-6.4296
21.067
-118.754
-3.34026
26.5639
-110.606
-0.98869
15.3204
-50.5462
0.777879
11.2091
-23.5055
0.692321
-23.6813
-217.25
-22.859
-26.1553
-194.823
-20.6367
-20.423
-118.6
-12.7744
-18.4428
-82.4655
-9.14497
-15.9262
-49.6669
-5.80366
-11.9408
-23.2155
-3.36618
3.81745
-309.937
-23.5815
2.82417
-201.148
-14.4145
2.806
-184.581
-12.1398
2.34215
-110.491
-6.28896
0.873681
-79.0853
-4.06039
-1.37054
-35.9227
-2.21692
-2.12956
-246.605
-19.8165
-2.46916
-226.19
-17.2905
-2.40316
-170.574
-12.1395
-1.55089
-102.424
-6.90563
-1.92172
-68.5422
-4.12567
-1.76538
-30.4413
-1.89599
5.67545
-9.85606
-0.593067
3.02771
-17.3406
-0.468325
