2.61025
-26.7168
-1.38654
-4.48145
-40.0748
-3.9665
-0.297498
-0.162472
-0.086385
0.108585
0.0256209
0.0349881
3.0899
-27.9716
-1.39008
-3.75566
-41.9585
-3.96327
-0.0963735
9.22108e-05
0.0435457
0.214019
-0.116591
-0.0805782
5.21027
-43.8155
-1.94378
5.14224
-34.1564
-1.13721
6.1193
-30.6964
-0.508161
3.19504
-11.954
0.178787
3.25276
-8.48545
0.316981
1.95086
-3.01901
0.259741
-5.9777
-43.7951
-4.42562
-5.90891
-34.1115
-3.53938
-4.18518
-18.5541
-2.07847
-6.12614
-19.3695
-2.41705
-3.91835
-8.33775
-1.29591
-2.45062
-2.95059
-1.03082
6.16708
-46.2962
-1.96051
6.04664
-36.5241
-1.19492
6.37843
-29.8459
-0.648275
3.68081
-13.458
-0.165269
3.66888
-9.82052
-0.0195841
2.42064
-3.45072
-0.361123
-5.02833
-46.2564
-4.41193
-5.03936
-36.4319
-3.48655
-3.56388
-20.1159
-1.91465
-5.31677
-21.7803
-2.05648
-3.72437
-9.52661
-0.926742
-1.66457
-2.9086
-0.334884
-0.559752
-80.1508
-6.04777
1.02606
-1.28816
0.106476
5.69278
-54.6916
-2.77998
-1.57528
-1.23887
-0.611412
-10.9606
-109.38
-10.5688
0.158093
0.222991
-0.146723
-0.737973
-0.255567
0.158689
0.691919
-0.180004
0.152148
0.59223
-55.9416
-4.03212
1.52413
-1.67703
-0.732553
-1.1595
-1.57197
0.0186024
0.0256613
0.0531033
-0.079562
5.21816
-48.6353
-2.35908
5.18744
-38.9854
-1.53413
5.05283
-29.3566
-0.76778
4.79079
-19.9701
-0.0704267
3.74551
-11.9615
0.282553
2.68777
-5.48804
0.273495
-5.97811
-48.6252
-4.86439
-5.95927
-38.9548
-3.97977
-5.80591
-29.3311
-3.11744
-5.31289
-20.1551
-2.41137
-4.42527
-11.7885
-1.58374
-3.28442
-5.34195
-1.0989
9.26947
-76.7078
-3.55233
6.12742
-41.4199
-1.5675
5.91632
-31.6249
-0.870447
4.38204
-17.8293
-0.248384
4.27866
-13.6443
-0.0495407
2.99067
-6.37558
-0.132561
-5.01592
-51.1206
-4.86032
-5.03661
-41.3577
-3.95043
-5.00604
-31.5113
-3.02801
-4.50404
-22.1352
-2.10736
-4.02914
-13.3623
-1.27798
-3.24374
-6.16009
-0.643168
22.6943
-180.251
-7.7952
27.9044
-176.786
-5.76799
20.5711
-99.661
-1.86852
11.3204
-42.7398
0.113377
13.7197
-36.8097
0.855552
8.34605
-11.5526
0.274367
-21.8761
-180.138
-17.6498
-21.6097
-141.202
-14.0025
-16.5084
-83.8458
-8.7364
-21.1965
-78.5443
-8.13943
-14.5735
-36.1923
-4.21773
-8.6583
-13.5922
-2.83715
3.45465
-277.644
-19.1122
3.02279
-218.798
-14.0278
2.64821
-178.367
-10.3813
2.09456
-105.555
-5.81555
-0.287541
-57.1954
-2.77899
-1.41219
-14.021
-1.16789
-2.30039
-262.808
-19.1306
-1.95498
-170.544
-11.7482
-2.11227
-147.486
-9.1603
-1.49787
-104.92
-6.07053
-1.84116
-49.3406
-2.77291
-1.38855
-15.9492
-1.18679
-0.614894
-5.17369
-0.207731
0.182999
-2.66458
-0.106637
0.445885
-218.763
-16.1423
-7.09308
-6.69208
-0.938232
-0.0186342
0.578422
0.106058
3.72068
-3.56952
-0.380612
19.9042
-174.621
-8.27115
22.5657
-160.85
-6.17568
21.8634
-122.06
-3.20048
27.4848
-113.229
-0.914649
15.7446
-51.5556
0.761746
11.472
-23.8642
0.624161
-24.6537
-224.441
-21.8711
-27.2108
-200.847
-19.7617
-21.2122
-121.9
-12.2484
-19.0596
-84.451
-8.75142
-16.3896
-50.6453
-5.55455
-12.2436
-23.5799
-3.25508
3.70185
-319.569
-22.5782
2.7203
-206.887
-13.8128
2.68435
-189.212
-11.6334
2.27882
-112.787
-5.98546
0.742849
-80.3398
-3.88618
-1.49166
-36.2809
-2.17078
-1.98718
-255.309
-18.9737
-2.33387
-233.758
-16.5685
-2.31239
-175.798
-11.628
-1.4656
-105.215
-6.62592
-1.85747
-70.1675
-3.9553
-1.73669
-31.093
-1.84836
5.78119
-9.88958
-0.654521
3.1188
-17.7328
-0.447326
