3.11368
-30.3525
-1.13589
-5.06381
-45.5218
-3.19945
-0.317818
-0.173849
-0.0899145
0.1166
0.0270451
0.0372877
3.48835
-31.3448
-1.13986
-4.49653
-47.0207
-3.1925
-0.10341
0.00160338
0.0484765
0.224409
-0.117616
-0.0900925
6.20021
-49.5296
-1.61425
6.06499
-38.2862
-0.945009
7.09357
-33.9789
-0.361372
3.63839
-13.0867
0.214038
3.60931
-9.17023
0.276395
2.12686
-3.23327
0.210728
-6.75783
-49.4904
-3.58904
-6.67126
-38.2112
-2.90166
-4.68244
-20.5692
-1.75569
-6.73507
-21.1244
-2.02256
-4.2375
-9.01355
-1.13563
-2.61648
-3.17273
-1.00755
6.95714
-51.4913
-1.63897
6.79063
-40.1763
-1.02817
7.10625
-32.3188
-0.578334
4.03282
-14.3589
-0.210801
3.928
-10.2359
-0.111442
2.57383
-3.45576
-0.460781
-6.01206
-51.4467
-3.56877
-5.97403
-40.0855
-2.82771
-4.15155
-21.8278
-1.54566
-6.06693
-23.1577
-1.57868
-4.14897
-9.96308
-0.71235
-1.82
-2.98156
-0.279371
-0.384942
-91.0523
-4.90038
1.11023
-1.37088
0.0776223
6.59275
-61.7005
-2.2805
-1.67568
-1.32584
-0.605544
-12.6998
-123.393
-8.51867
0.181526
0.235545
-0.163821
-0.792812
-0.275759
0.182351
0.734899
-0.182619
0.149553
0.501691
-62.6875
-3.26556
1.62726
-1.63164
-0.83649
-1.25156
-1.57788
0.075504
0.0245871
0.0676631
-0.0846673
6.22095
-55.1364
-1.94613
6.15145
-43.9068
-1.27884
5.91334
-32.7243
-0.625369
5.52574
-21.9473
-0.00880407
4.20427
-13.0008
0.27335
2.95364
-5.90205
0.216395
-6.75655
-55.113
-3.93074
-6.73649
-43.8527
-3.24469
-6.53757
-32.6834
-2.57648
-5.89946
-22.1878
-2.05345
-4.81875
-12.8034
-1.34868
-3.52937
-5.75224
-1.00638
10.4654
-85.6734
-2.94019
6.90105
-45.8324
-1.32776
6.62484
-34.5427
-0.766438
4.85254
-19.1436
-0.246332
4.618
-14.3792
-0.123252
3.18613
-6.55903
-0.235812
-6.00356
-57.0953
-3.92418
-5.99748
-45.7739
-3.20072
-5.89468
-34.431
-2.45449
-5.18927
-23.8046
-1.6725
-4.54352
-14.1042
-0.987719
-3.57142
-6.37159
-0.49503
26.2353
-202.072
-6.48706
32.0869
-196.285
-4.8799
23.3838
-109.094
-1.55982
12.6456
-46.1972
0.110946
14.9726
-39.0248
0.587185
9.00964
-11.9428
-0.0169235
-25.3325
-201.897
-14.2923
-24.9205
-156.705
-11.4208
-18.8125
-91.9114
-7.28046
-23.6883
-84.5051
-6.45005
-16.0415
-38.3901
-3.48331
-9.38505
-14.2285
-2.6712
2.90441
-308.785
-15.5994
2.46962
-240.683
-11.52
2.08511
-193.196
-8.50163
1.65703
-112.312
-4.90204
-0.815745
-59.6186
-2.39207
-1.67616
-14.1186
-1.12579
-1.68923
-297.011
-15.6212
-1.60476
-191.036
-9.65735
-1.79166
-163.276
-7.40702
-0.991151
-114.478
-5.0042
-1.67526
-53.2552
-2.40403
-1.31576
-17.079
-1.18046
-0.567266
-5.50359
-0.25265
0.166926
-2.53121
-0.111599
0.507476
-246.793
-13.0877
-7.65478
-6.92954
-0.780617
0.00769249
0.666721
0.115583
4.00818
-3.59088
-0.558778
23.0387
-196.462
-6.82869
26.0311
-179.521
-5.18494
24.9943
-134.641
-2.70427
31.0703
-122.944
-0.729582
17.3448
-55.1651
0.615183
12.4363
-25.0563
0.29331
-28.5637
-252.465
-17.6651
-31.4465
-224.12
-16.059
-24.3637
-134.456
-10.0407
-21.4855
-91.8274
-7.11216
-18.1781
-54.1357
-4.52454
-13.3853
-24.8048
-2.794
3.15203
-356.916
-18.3652
2.23526
-228.894
-11.3167
2.12698
-206.641
-9.57311
1.98425
-121.15
-4.77699
0.184223
-84.632
-3.22128
-1.97638
-37.3131
-2.01089
-1.41015
-289.392
-15.4347
-1.79157
-263.18
-13.5751
-1.96116
-195.851
-9.54788
-1.1349
-115.72
-5.5201
-1.61321
-76.116
-3.31031
-1.63162
-33.4089
-1.69104
6.16095
-9.88806
-0.924291
3.47034
-19.1808
-0.374441
