3.23778
-31.2364
-1.07033
-5.20701
-46.8462
-2.9994
-0.322465
-0.176442
-0.0906772
0.118388
0.0273865
0.0377734
3.58466
-32.1605
-1.07441
-4.68172
-48.2449
-2.99149
-0.104994
0.00199178
0.0496359
0.226638
-0.117647
-0.0923437
6.44407
-50.9139
-1.52879
6.29153
-39.2798
-0.896361
7.33087
-34.7589
-0.325986
3.74512
-13.352
0.221185
3.6931
-9.32665
0.264069
2.16716
-3.28066
0.197178
-6.94965
-50.8698
-3.37172
-6.85848
-39.1972
-2.737
-4.80389
-21.0488
-1.67298
-6.88188
-21.5333
-1.92221
-4.31298
-9.16823
-1.09503
-2.65476
-3.22265
-1.00099
7.14801
-52.7405
-1.55552
6.96987
-41.0455
-0.985965
7.28061
-32.896
-0.562154
4.11593
-14.5634
-0.223809
3.98708
-10.3223
-0.136226
2.60823
-3.44968
-0.486102
-6.25781
-52.6947
-3.34971
-6.20679
-40.9553
-2.65758
-4.29684
-22.2287
-1.45117
-6.2502
-23.4677
-1.45717
-4.25079
-10.0556
-0.658258
-1.85642
-2.99422
-0.265307
-0.341497
-93.7029
-4.60084
1.12915
-1.38863
0.0698184
6.81267
-63.4002
-2.14983
-1.69859
-1.34514
-0.60353
-13.1313
-126.791
-7.984
0.186988
0.238387
-0.167983
-0.805378
-0.280382
0.188062
0.744419
-0.182824
0.148658
0.475812
-64.3188
-3.06545
1.65056
-1.61632
-0.861908
-1.27263
-1.57602
0.0895671
0.0242945
0.0712817
-0.0858333
6.46811
-56.7146
-1.83845
6.38863
-45.0955
-1.21325
6.1239
-33.5304
-0.590131
5.70419
-22.4132
0.00475336
4.31337
-13.2412
0.268712
3.01535
-5.99527
0.200351
-6.94797
-56.6878
-3.68766
-6.92754
-45.0354
-3.05428
-6.71696
-33.4857
-2.43733
-6.04201
-22.6677
-1.96205
-4.9127
-13.0381
-1.28908
-3.58668
-5.84513
-0.98274
10.7545
-87.8363
-2.78051
7.08777
-46.8888
-1.26609
6.79521
-35.2318
-0.740902
4.96476
-19.4461
-0.247274
4.6965
-14.5401
-0.143811
3.23022
-6.59281
-0.262831
-6.2504
-58.5366
-3.68042
-6.23719
-46.8314
-3.00649
-6.11538
-35.1208
-2.30695
-5.35771
-24.1899
-1.56155
-4.66815
-14.2676
-0.914202
-3.64904
-6.41308
-0.457718
27.0998
-207.34
-6.14773
33.1056
-200.954
-4.65543
24.0645
-111.319
-1.48743
12.9622
-46.997
0.104769
15.2643
-39.514
0.511539
9.1615
-12.0164
-0.09376
-26.1894
-207.149
-13.4202
-25.7394
-160.416
-10.7543
-19.3789
-93.8166
-6.90745
-24.2935
-85.8734
-6.02102
-16.3926
-38.8769
-3.29817
-9.55509
-14.3619
-2.62799
2.74775
-316.273
-14.687
2.3141
-245.892
-10.8752
1.92872
-196.659
-8.02535
1.53744
-113.835
-4.67565
-0.952181
-60.1227
-2.29941
-1.74091
-14.114
-1.11637
-1.53807
-305.295
-14.7099
-1.51983
-195.964
-9.11965
-1.71528
-167.03
-6.96338
-0.868355
-116.706
-4.74096
-1.63654
-54.1475
-2.31718
-1.29883
-17.3287
-1.18252
-0.556043
-5.57442
-0.265957
0.162612
-2.49117
-0.113592
0.516085
-253.59
-12.2903
-7.78481
-6.97529
-0.741075
0.0142485
0.688228
0.117784
4.07356
-3.58795
-0.604014
23.8044
-201.749
-6.45249
26.8764
-184.012
-4.93033
25.7545
-137.634
-2.58204
31.935
-125.209
-0.693491
17.7216
-55.983
0.56918
12.6586
-25.3094
0.203902
-29.5335
-259.247
-16.57
-32.4955
-229.717
-15.1
-25.1416
-137.444
-9.47292
-22.0782
-93.5509
-6.69412
-18.6095
-54.9255
-4.26395
-13.6559
-25.068
-2.67766
2.99454
-365.925
-17.2676
2.09843
-234.162
-10.671
1.9717
-210.756
-9.04683
1.90034
-123.076
-4.47358
0.0369584
-85.5706
-3.05878
-2.09834
-37.5021
-1.974
-1.26704
-297.666
-14.5128
-1.65805
-270.285
-12.8013
-1.87693
-200.648
-9.01691
-1.05547
-118.197
-5.24326
-1.55543
-77.4878
-3.15378
-1.60734
-33.9296
-1.65664
6.24631
-9.86549
-0.993946
3.55423
-19.5176
-0.357008
