3.36043
-32.1074
-1.00318
-5.34848
-48.151
-2.79753
-0.326982
-0.178958
-0.0914194
0.120117
0.0277234
0.0382385
3.67909
-32.9636
-1.00736
-4.86581
-49.4501
-2.78866
-0.106535
0.00237358
0.0507751
0.228756
-0.117627
-0.0945428
6.68503
-52.2766
-1.44094
6.51523
-40.2565
-0.84613
7.56481
-35.5234
-0.289569
3.85005
-13.6111
0.228504
3.77506
-9.47852
0.251812
2.20636
-3.32625
0.183629
-7.13913
-52.2277
-3.15273
-7.04338
-40.1662
-2.57142
-4.9237
-21.5192
-1.59001
-7.02632
-21.9324
-1.82194
-4.38695
-9.3185
-1.05458
-2.69207
-3.27089
-0.994378
7.33517
-53.9689
-1.46965
7.1455
-41.8985
-0.942119
7.45124
-33.4601
-0.544919
4.19697
-14.762
-0.236428
4.04417
-10.4046
-0.160719
2.64134
-3.44225
-0.511092
-6.50205
-53.922
-3.12897
-6.43796
-41.809
-2.48652
-4.44094
-22.6207
-1.35646
-6.43155
-23.7684
-1.33582
-4.35115
-10.1441
-0.604409
-1.89216
-3.00575
-0.251333
-0.298515
-96.3144
-4.2971
1.14748
-1.40555
0.062022
7.02926
-65.0743
-2.01599
-1.72084
-1.36371
-0.601471
-13.5589
-130.138
-7.44449
0.192353
0.241168
-0.172083
-0.817607
-0.284887
0.193654
0.753587
-0.182936
0.147724
0.448808
-65.9249
-2.86253
1.673
-1.60039
-0.88686
-1.29322
-1.57361
0.103466
0.0239683
0.0748581
-0.0869517
6.71236
-58.269
-1.72796
6.62295
-46.265
-1.14569
6.33169
-34.3219
-0.553696
5.87998
-22.8689
0.0188371
4.42036
-13.4753
0.264208
3.07556
-6.08545
0.184351
-7.13706
-58.2388
-3.44252
-7.11624
-46.1989
-2.86258
-6.89405
-34.2734
-2.29759
-6.18249
-23.1373
-1.87053
-5.00495
-13.2667
-1.22961
-3.64269
-5.93513
-0.959199
11.038
-89.9646
-2.6166
7.27081
-47.9266
-1.2024
6.96209
-35.9068
-0.714084
5.07448
-19.7407
-0.247646
4.77266
-14.6952
-0.164015
3.27271
-6.62394
-0.289553
-6.49576
-59.955
-3.43461
-6.47536
-47.8703
-2.81097
-6.33443
-35.7967
-2.15882
-5.5246
-24.5657
-1.45054
-4.79126
-14.4253
-0.840887
-3.72533
-6.45205
-0.420634
27.9512
-212.523
-5.79875
34.1083
-205.539
-4.423
24.7334
-113.496
-1.41163
13.2725
-47.7766
0.0994717
15.5484
-39.9857
0.436477
9.30891
-12.0843
-0.170156
-27.0387
-212.316
-12.5413
-26.5506
-164.061
-10.0842
-19.9394
-95.6824
-6.53337
-24.8908
-87.2052
-5.59266
-16.7381
-39.3469
-3.11392
-9.72162
-14.489
-2.5849
2.5845
-323.636
-13.7624
2.15266
-251.004
-10.2227
1.7668
-200.043
-7.5449
1.41422
-115.313
-4.44809
-1.09014
-60.6027
-2.20666
-1.80565
-14.1041
-1.10686
-1.38866
-313.45
-13.7863
-1.43626
-200.808
-8.57556
-1.6404
-170.709
-6.51635
-0.747604
-118.881
-4.47683
-1.59874
-55.0135
-2.23068
-1.28214
-17.569
-1.18506
-0.544869
-5.64187
-0.27958
0.158017
-2.45031
-0.115583
0.521805
-260.285
-11.4816
-7.91183
-7.01788
-0.70208
0.0206468
0.709414
0.119851
4.13691
-3.58337
-0.64879
24.5586
-206.953
-6.06648
27.7087
-188.428
-4.6677
26.5022
-140.569
-2.45492
32.7843
-127.421
-0.654284
18.0897
-56.7765
0.523998
12.8746
-25.5512
0.115026
-30.4948
-265.924
-15.4657
-33.5349
-235.22
-14.1346
-25.9117
-140.374
-8.90281
-22.664
-95.2347
-6.27589
-19.0346
-55.6917
-4.00412
-13.9215
-25.3202
-2.56205
2.83003
-374.791
-16.1549
1.9563
-239.337
-10.017
1.81097
-214.787
-8.51497
1.81246
-124.952
-4.16845
-0.112757
-86.4747
-2.89593
-2.22087
-37.6763
-1.937
-1.12552
-305.815
-13.5781
-1.52618
-277.275
-12.0176
-1.79425
-205.359
-8.48051
-0.977486
-120.621
-4.96466
-1.4989
-78.8232
-2.99719
-1.58361
-34.4331
-1.62274
6.32839
-9.83886
-1.06294
3.63623
-19.8465
-0.339075
