3.5999
-33.8044
-0.863354
-5.62465
-50.6933
-2.39132
-0.335713
-0.183807
-0.0928951
0.123458
0.0283855
0.0391372
3.86134
-34.5287
-0.867738
-5.22843
-51.7991
-2.38056
-0.109539
0.00309641
0.0530105
0.232742
-0.117514
-0.0987844
7.15552
-54.9302
-1.25578
6.95184
-42.1565
-0.738308
8.021
-37.0079
-0.210573
4.05432
-14.1132
0.24533
3.93418
-9.77143
0.229376
2.28228
-3.41345
0.157567
-7.50896
-54.8719
-2.7129
-7.40417
-42.0513
-2.23972
-5.15737
-22.4326
-1.42431
-7.30762
-22.705
-1.62303
-4.53066
-9.60851
-0.974806
-2.76431
-3.36345
-0.981406
7.69634
-56.3615
-1.28833
7.48427
-43.5581
-0.846725
7.78005
-34.5555
-0.504184
4.35275
-15.1462
-0.258436
4.15299
-10.5621
-0.206809
2.7042
-3.42653
-0.5591
-6.98305
-56.3124
-2.68566
-6.89297
-43.4701
-2.14399
-4.72444
-23.3825
-1.16768
-6.78796
-24.3499
-1.09539
-4.54794
-10.3142
-0.498247
-1.96213
-3.0276
-0.22396
-0.214576
-101.403
-3.67889
1.18293
-1.43761
0.046936
7.45
-68.3365
-1.73724
-1.76385
-1.39916
-0.597543
-14.3979
-136.66
-6.35891
0.202922
0.246661
-0.180058
-0.8413
-0.293643
0.204414
0.771144
-0.183062
0.145846
0.391858
-69.0549
-2.44956
1.71567
-1.56864
-0.934897
-1.33349
-1.56863
0.130591
0.0231694
0.0818182
-0.0890403
7.18927
-61.297
-1.49667
7.08041
-48.5414
-1.00212
6.73709
-35.8604
-0.474601
6.22251
-23.7527
0.0510897
4.62832
-13.9281
0.257726
3.19231
-6.25878
0.153982
-7.50618
-61.2602
-2.94969
-7.48452
-48.4636
-2.47801
-7.23953
-35.8045
-2.01814
-6.4563
-24.0483
-1.68826
-5.18441
-13.7086
-1.11197
-3.75136
-6.10837
-0.912941
11.585
-94.1115
-2.27321
7.62397
-49.947
-1.06633
7.28389
-37.2191
-0.653726
5.28582
-20.3118
-0.244401
4.91829
-14.994
-0.20096
3.35349
-6.68264
-0.340566
-6.97904
-62.7185
-2.94043
-6.9443
-49.8931
-2.41883
-6.76546
-37.111
-1.86281
-5.85283
-25.2946
-1.22997
-5.03296
-14.7296
-0.695938
-3.87474
-6.52649
-0.34777
29.6049
-222.616
-5.06286
36.0553
-214.459
-3.92064
26.0312
-117.724
-1.23933
13.8732
-49.2866
0.097683
16.0961
-40.8934
0.296068
9.59271
-12.2115
-0.317574
-28.7048
-222.38
-10.7762
-28.1412
-171.152
-8.742
-21.0378
-99.3063
-5.78672
-26.0605
-89.7834
-4.74411
-17.4133
-40.2525
-2.75083
-10.0464
-14.7318
-2.50056
2.24083
-337.978
-11.8791
1.8145
-260.95
-8.8939
1.42833
-206.616
-6.56802
1.15816
-118.17
-3.98537
-1.37003
-61.5227
-2.01738
-1.93598
-14.0808
-1.08644
-1.09695
-329.331
-11.9054
-1.27356
-210.229
-7.46743
-1.49486
-177.853
-5.60948
-0.51289
-123.091
-3.9411
-1.52528
-56.6833
-2.05496
-1.24884
-18.0281
-1.18944
-0.522172
-5.76929
-0.306695
0.147672
-2.36981
-0.118942
0.524529
-273.331
-9.83567
-8.15909
-7.0981
-0.626826
0.0326926
0.750652
0.123456
4.25871
-3.57255
-0.735518
26.0235
-217.092
-5.25831
29.325
-197.023
-4.10827
27.9533
-146.275
-2.17495
34.4313
-131.71
-0.552291
18.8004
-58.3088
0.445169
13.2906
-26.0137
-0.0547622
-32.3808
-278.932
-13.2455
-35.5734
-245.933
-12.1982
-27.4215
-146.07
-7.7631
-23.8115
-98.501
-5.44463
-19.8665
-57.172
-3.49042
-14.4401
-25.8042
-2.33512
2.48261
-392.065
-13.8891
1.65853
-249.413
-8.6846
1.47545
-222.624
-7.43215
1.62546
-128.592
-3.55046
-0.418136
-88.2173
-2.56524
-2.46796
-38.0052
-1.85991
-0.849184
-321.688
-11.675
-1.26873
-290.88
-10.4216
-1.63348
-214.514
-7.38923
-0.825884
-125.321
-4.39875
-1.38917
-81.4041
-2.67976
-1.53711
-35.4007
-1.55334
6.48377
-9.7829
-1.1959
3.79403
-20.4847
-0.300097
