3.82927
-35.432
-0.715008
-5.88918
-53.1316
-1.98665
-0.344174
-0.188488
-0.0944419
0.126735
0.0290342
0.040044
4.03316
-36.0339
-0.719586
-5.57993
-54.0582
-1.9741
-0.112525
0.00373174
0.0552176
0.236516
-0.117431
-0.102818
7.60629
-57.4762
-1.05458
7.37045
-43.9811
-0.616535
8.45905
-38.4357
-0.118453
4.25079
-14.5972
0.267763
4.08802
-10.0544
0.212737
2.35619
-3.49757
0.134552
-7.86311
-57.409
-2.27569
-7.74968
-43.8618
-1.91085
-5.38138
-23.311
-1.26051
-7.57799
-23.4505
-1.42842
-4.66929
-9.88874
-0.897491
-2.83425
-3.45267
-0.969409
8.03689
-58.6655
-1.09071
7.80375
-45.1597
-0.736656
8.09029
-35.6173
-0.450127
4.49992
-15.5209
-0.272826
4.25567
-10.7193
-0.245783
2.76349
-3.41472
-0.60291
-7.44921
-58.6144
-2.24507
-7.33406
-45.0732
-1.80471
-4.99981
-24.1207
-0.981766
-7.13515
-24.9187
-0.860797
-4.74025
-10.4836
-0.395353
-2.03102
-3.05133
-0.197815
-0.134257
-106.283
-3.04957
1.21764
-1.46845
0.0333085
7.85025
-71.4694
-1.44141
-1.80556
-1.43317
-0.594356
-15.2073
-142.924
-5.27756
0.213485
0.252241
-0.18767
-0.864355
-0.302226
0.2145
0.788115
-0.183338
0.144134
0.331822
-72.0652
-2.0292
1.7559
-1.54012
-0.97969
-1.37347
-1.56593
0.156542
0.0221034
0.0884176
-0.0909223
7.64611
-64.2015
-1.24873
7.51885
-50.7262
-0.843439
7.12602
-37.3388
-0.383013
6.55136
-24.604
0.0928193
4.82883
-14.365
0.25805
3.30554
-6.42628
0.128203
-7.85971
-64.1584
-2.45927
-7.83714
-50.6373
-2.09616
-7.57047
-37.2758
-1.74159
-6.71908
-24.9253
-1.50882
-5.35727
-14.1354
-0.997326
-3.85633
-6.2758
-0.868572
12.1008
-98.1019
-1.9046
7.95698
-51.8945
-0.914653
7.58748
-38.4878
-0.579823
5.48544
-20.8674
-0.232185
5.05571
-15.2879
-0.229424
3.42972
-6.74353
-0.385855
-7.44745
-65.3777
-2.44869
-7.39886
-51.8428
-2.0297
-7.18342
-38.3818
-1.57036
-6.17216
-26.0034
-1.01377
-5.26871
-15.029
-0.55487
-4.02114
-6.60272
-0.277584
31.1783
-232.317
-4.26243
37.9088
-223.045
-3.34679
27.2676
-121.805
-1.02267
14.4463
-50.7489
0.117577
16.6203
-41.7801
0.181458
9.86569
-12.34
-0.451301
-30.3116
-232.052
-9.02185
-29.6753
-177.978
-7.4118
-22.0986
-102.803
-5.04938
-27.194
-92.2865
-3.91592
-18.0694
-41.1382
-2.39899
-10.3637
-14.972
-2.4209
1.87927
-351.788
-9.95554
1.46058
-270.548
-7.53191
1.07406
-212.988
-5.56407
0.891601
-120.962
-3.50551
-1.65398
-62.442
-1.81703
-2.06886
-14.0726
-1.06223
-0.817313
-344.568
-9.98428
-1.11701
-219.278
-6.33147
-1.35407
-184.724
-4.68093
-0.287885
-127.152
-3.38735
-1.45345
-58.2972
-1.86915
-1.21448
-18.4704
-1.18933
-0.498146
-5.89106
-0.331822
0.135311
-2.29681
-0.120465
0.515959
-285.86
-8.15992
-8.4009
-7.17897
-0.556883
0.0433108
0.790092
0.126172
4.37587
-3.56484
-0.816148
27.417
-226.833
-4.39174
30.8631
-205.29
-3.48742
29.3352
-151.773
-1.8431
36.0013
-135.858
-0.395989
19.4794
-59.7984
0.396367
13.6897
-26.469
-0.203664
-34.1998
-291.429
-11.0362
-37.5395
-256.236
-10.276
-28.8779
-151.56
-6.6359
-24.9217
-101.66
-4.62918
-20.6736
-58.6132
-2.99014
-14.9447
-26.2808
-2.117
2.11564
-408.687
-11.5788
1.34707
-259.125
-7.32103
1.12549
-230.202
-6.32005
1.42485
-132.132
-2.91774
-0.728876
-89.9335
-2.22131
-2.71822
-38.3486
-1.77402
-0.584589
-336.914
-9.73445
-1.02143
-303.938
-8.78883
-1.47834
-223.313
-6.26961
-0.679852
-129.846
-3.81542
-1.28298
-83.8967
-2.34968
-1.49063
-36.336
-1.47656
6.62936
-9.73859
-1.31721
3.94276
-21.1034
-0.254367
