4.04598
-36.9794
-0.556988
-6.1391
-55.45
-1.58902
-0.352513
-0.193086
-0.0961491
0.130056
0.0296706
0.0410163
4.19287
-37.4734
-0.56175
-5.91597
-56.2186
-1.57482
-0.115587
0.00424344
0.0574283
0.24022
-0.11752
-0.106644
8.03248
-59.9014
-0.833652
7.76708
-45.7255
-0.476281
8.87622
-39.81
-0.00774804
4.43913
-15.067
0.298829
4.23787
-10.3325
0.205303
2.42959
-3.58117
0.116462
-8.19755
-59.8262
-1.84679
-8.07609
-45.5933
-1.58872
-5.59376
-24.1556
-1.10027
-7.83639
-24.1764
-1.24031
-4.80334
-10.164
-0.823596
-2.90282
-3.54062
-0.95903
8.35349
-60.8772
-0.872998
8.10118
-46.7075
-0.607083
8.37992
-36.6572
-0.377229
4.63834
-15.8944
-0.275884
4.35339
-10.886
-0.273989
2.8202
-3.41246
-0.640758
-7.8949
-60.8242
-1.81299
-7.75637
-46.6225
-1.47285
-5.26483
-24.8424
-0.800869
-7.47197
-25.4898
-0.635026
-4.92888
-10.6616
-0.296992
-2.09979
-3.08079
-0.173376
-0.0584363
-110.923
-2.41294
1.25263
-1.49939
0.0220223
8.22576
-74.4564
-1.12618
-1.84674
-1.46668
-0.592415
-15.9774
-148.896
-4.21516
0.224285
0.258102
-0.194845
-0.887198
-0.310816
0.223793
0.805007
-0.184086
0.142783
0.269812
-74.944
-1.60404
1.79429
-1.51826
-1.0204
-1.41416
-1.56819
0.181032
0.0206923
0.0945412
-0.092589
8.07781
-66.9651
-0.981093
7.93376
-52.8106
-0.665437
7.49532
-38.7562
-0.2743
6.86481
-25.4274
0.148533
5.02254
-14.7919
0.26905
3.41685
-6.59187
0.109738
-8.19364
-66.9163
-1.97785
-8.17014
-52.7116
-1.72179
-7.88343
-38.6868
-1.47104
-6.96902
-25.7723
-1.33402
-5.52351
-14.5525
-0.886967
-3.95847
-6.44099
-0.826874
12.5802
-101.924
-1.50614
8.26674
-53.7694
-0.742978
7.87045
-39.7204
-0.487317
5.67239
-21.4167
-0.206924
5.18574
-15.5882
-0.245077
3.50259
-6.81436
-0.422638
-7.89528
-67.925
-1.96601
-7.83376
-53.7198
-1.64852
-7.58414
-39.6164
-1.28497
-6.48079
-26.7033
-0.804549
-5.49851
-15.3345
-0.419405
-4.16584
-6.68789
-0.211045
32.6552
-241.592
-3.38261
39.6514
-231.294
-2.67783
28.4342
-125.764
-0.742975
14.9908
-52.1838
0.170305
17.1254
-42.6758
0.107092
10.1323
-12.4843
-0.564007
-31.8407
-241.301
-7.30104
-31.1364
-184.539
-6.10952
-23.1131
-106.191
-4.32913
-28.2875
-94.7581
-3.118
-18.708
-42.033
-2.06249
-10.6773
-15.2233
-2.34816
1.5065
-365.046
-7.99802
1.09701
-279.825
-6.13518
0.709022
-219.228
-4.52633
0.61774
-123.759
-3.00033
-1.94024
-63.4187
-1.59857
-2.2057
-14.1015
-1.03198
-0.552054
-359.084
-8.02931
-0.966409
-227.932
-5.16639
-1.21654
-191.337
-3.7253
-0.0727685
-131.104
-2.80602
-1.38151
-59.8856
-1.66563
-1.17752
-18.9093
-1.18046
-0.471729
-6.01209
-0.352816
0.120428
-2.23782
-0.119003
0.497027
-297.805
-6.46452
-8.64117
-7.26862
-0.493959
0.0520509
0.827423
0.1278
4.49059
-3.56617
-0.888071
28.7247
-236.13
-3.45613
32.3078
-213.21
-2.78796
30.6365
-157.077
-1.43995
37.486
-139.91
-0.15981
20.1289
-61.2786
0.394053
14.0768
-26.9405
-0.320139
-35.9309
-303.359
-8.86751
-39.4112
-266.109
-8.39218
-30.2667
-156.856
-5.53409
-25.9883
-104.741
-3.8389
-21.4555
-60.049
-2.5089
-15.4386
-26.7725
-1.91079
1.73584
-424.608
-9.23516
1.02765
-268.476
-5.92807
0.766808
-237.566
-5.17432
1.21281
-135.632
-2.26507
-1.04165
-91.6911
-1.85638
-2.97186
-38.7513
-1.67384
-0.334329
-351.403
-7.76597
-0.785669
-316.399
-7.12139
-1.32772
-231.75
-5.11742
-0.538654
-134.219
-3.20782
-1.17883
-86.3366
-1.99865
-1.44244
-37.2615
-1.38614
6.76735
-9.72294
-1.42129
4.08159
-21.71
-0.198976
