4.14888
-37.72
-0.474068
-6.2577
-56.5596
-1.39441
-0.356676
-0.195377
-0.0970869
0.131763
0.029984
0.0415436
4.26772
-38.1668
-0.478918
-6.07694
-57.2591
-1.37946
-0.117173
0.00444301
0.0585439
0.242085
-0.117668
-0.108481
8.235
-61.065
-0.714808
7.95606
-46.5663
-0.397979
9.07622
-40.4779
0.0561012
4.53018
-15.2976
0.318458
4.3117
-10.4712
0.206008
2.46653
-3.6235
0.109799
-8.3562
-60.986
-1.63708
-8.23104
-46.4281
-1.43126
-5.695
-24.5656
-1.02192
-7.96078
-24.5342
-1.14925
-4.86877
-10.3012
-0.788165
-2.93684
-3.58472
-0.954604
8.50194
-61.9473
-0.755605
8.24089
-47.4622
-0.533657
8.51648
-37.1721
-0.332173
4.70423
-16.0831
-0.272116
4.40075
-10.9757
-0.283019
2.84789
-3.41648
-0.656948
-8.10841
-61.8934
-1.60178
-7.95904
-47.378
-1.31088
-5.3928
-25.199
-0.712886
-7.63615
-25.7805
-0.526242
-5.022
-10.7563
-0.249836
-2.1344
-3.09875
-0.161918
-0.0224105
-113.144
-2.09306
1.27051
-1.51528
0.0175088
8.40309
-75.8904
-0.960717
-1.86733
-1.48351
-0.592042
-16.3451
-151.763
-3.69527
0.229845
0.26119
-0.198246
-0.898657
-0.315162
0.228111
0.813567
-0.184728
0.142297
0.238442
-76.3307
-1.39045
1.81295
-1.5108
-1.03898
-1.43505
-1.57195
0.192655
0.0198365
0.0973927
-0.0933395
8.28283
-68.2892
-0.839109
8.13113
-53.8126
-0.568053
7.67173
-39.4417
-0.212235
7.01528
-25.83
0.182904
5.11706
-15.0031
0.279652
3.47224
-6.67508
0.104023
-8.35209
-68.2377
-1.74238
-8.32811
-53.7089
-1.53875
-8.03217
-39.3693
-1.33887
-7.08863
-26.1858
-1.24884
-5.60413
-14.7591
-0.83372
-4.00868
-6.52376
-0.807216
12.805
-103.769
-1.29452
8.41206
-54.6796
-0.648454
8.00356
-40.3252
-0.432683
5.76087
-21.6917
-0.188257
5.24825
-15.744
-0.246874
3.53811
-6.85567
-0.437051
-8.10978
-69.1543
-1.72996
-8.04229
-54.6311
-1.46231
-7.77679
-40.2221
-1.14588
-6.63055
-27.053
-0.703261
-5.61115
-15.4926
-0.354221
-4.23791
-6.73582
-0.179393
33.353
-246.06
-2.90898
40.4766
-235.292
-2.3012
28.989
-127.703
-0.574271
15.2521
-52.8965
0.212136
17.3721
-43.1354
0.0891007
10.2645
-12.5665
-0.610399
-32.5707
-245.757
-6.45973
-31.8348
-187.719
-5.4733
-23.6003
-107.85
-3.97749
-28.8181
-95.9941
-2.733
-19.0212
-42.492
-1.901
-10.8337
-15.3571
-2.31493
1.31813
-371.461
-7.0085
0.913663
-284.349
-5.42342
0.524193
-222.317
-3.99284
0.479167
-125.18
-2.73582
-2.08364
-63.9448
-1.48046
-2.27597
-14.136
-1.01392
-0.425272
-366.049
-7.04107
-0.89312
-232.104
-4.57261
-1.14841
-194.551
-3.23573
0.0312112
-133.051
-2.50218
-1.34488
-60.6788
-1.55494
-1.15756
-19.1313
-1.17145
-0.457294
-6.07373
-0.361118
0.111908
-2.2154
-0.116821
0.484126
-303.54
-5.61255
-8.76179
-7.319
-0.465561
0.0555985
0.84521
0.128153
4.54766
-3.5719
-0.920029
29.3423
-240.6
-2.9597
32.991
-217.035
-2.40409
31.2539
-159.659
-1.20624
38.194
-141.912
-0.00456758
20.4435
-62.0247
0.414998
14.2675
-27.189
-0.36294
-36.7572
-309.095
-7.80681
-40.3052
-270.879
-7.47139
-30.9314
-159.436
-4.99623
-26.5032
-106.262
-3.45569
-21.8367
-60.7744
-2.27685
-15.6823
-27.0302
-1.81292
1.5434
-432.292
-8.05428
0.866844
-273.017
-5.22119
0.586107
-241.18
-4.58761
1.10332
-137.383
-1.92971
-1.19771
-92.6044
-1.66374
-3.09993
-38.9874
-1.61677
-0.215133
-358.345
-6.77414
-0.67232
-322.389
-6.27535
-1.25361
-235.833
-4.52789
-0.469514
-136.355
-2.89288
-1.12697
-87.5467
-1.81281
-1.41712
-37.7269
-1.33394
6.83414
-9.73061
-1.46528
4.14709
-22.0109
-0.166839
