4.24781
-38.437
-0.388432
-6.37163
-57.634
-1.20337
-0.360853
-0.197672
-0.0980917
0.133515
0.0302938
0.0421064
4.33904
-38.8418
-0.393365
-6.23258
-58.2721
-1.18771
-0.118809
0.00460055
0.0596704
0.243977
-0.117904
-0.110267
8.42984
-62.194
-0.589947
8.13831
-47.3855
-0.313656
9.27016
-41.1333
0.12633
4.6191
-15.526
0.341223
4.38497
-10.6103
0.210123
2.50383
-3.66654
0.104979
-8.50857
-62.1117
-1.43129
-8.37993
-47.2418
-1.27672
-5.79266
-24.9676
-0.944961
-8.08177
-24.8894
-1.06044
-4.93317
-10.4386
-0.753836
-2.97079
-3.62918
-0.950751
8.64342
-62.993
-0.632076
8.37427
-48.2048
-0.453862
8.6473
-37.685
-0.280657
4.76792
-16.2742
-0.264322
4.44727
-11.0709
-0.288178
2.87526
-3.42468
-0.671076
-8.31488
-62.9383
-1.39458
-8.15537
-48.1212
-1.15207
-5.51741
-25.5537
-0.626812
-7.79729
-26.0766
-0.420548
-5.1144
-10.8561
-0.204169
-2.16929
-3.11936
-0.151021
0.0122908
-115.294
-1.77274
1.28879
-1.53163
0.0138689
8.57293
-77.2824
-0.789801
-1.88802
-1.50051
-0.59212
-16.6997
-154.546
-3.18495
0.235545
0.264408
-0.201511
-0.910195
-0.319565
0.232196
0.822272
-0.185593
0.141962
0.207036
-77.6805
-1.17659
1.83136
-1.50611
-1.05627
-1.45643
-1.5778
0.203831
0.0188709
0.100089
-0.0940336
8.47998
-69.5723
-0.691352
8.32121
-54.7865
-0.464566
7.84225
-40.1116
-0.144435
7.16138
-26.2271
0.222216
5.21012
-15.2136
0.29418
3.52768
-6.75908
0.101024
-8.50428
-69.5184
-1.51131
-8.47984
-54.6785
-1.35909
-8.17525
-40.0364
-1.20915
-7.20439
-26.5931
-1.16536
-5.68304
-14.9651
-0.781895
-4.0584
-6.60711
-0.788425
13.0191
-105.567
-1.07413
8.55066
-55.5717
-0.547602
8.13082
-40.9232
-0.371813
5.84592
-21.968
-0.165027
5.3092
-15.905
-0.24407
3.57318
-6.90191
-0.44844
-8.31719
-70.3529
-1.49833
-8.2441
-55.5241
-1.27968
-7.96369
-40.821
-1.00965
-6.77697
-27.4039
-0.604502
-5.72225
-15.6556
-0.290932
-4.30995
-6.78825
-0.148923
34.0218
-250.41
-2.41113
41.2687
-239.204
-1.89349
29.5239
-129.62
-0.383886
15.506
-53.6087
0.265773
17.6156
-43.6068
0.0858552
10.3965
-12.6572
-0.649161
-33.275
-250.096
-5.63424
-32.5092
-190.833
-4.84909
-24.0729
-109.487
-3.63245
-29.3373
-97.2358
-2.35844
-19.3304
-42.9625
-1.74442
-10.9904
-15.4981
-2.28403
1.12967
-377.73
-6.01288
0.730391
-288.799
-4.7026
0.338784
-225.394
-3.44866
0.340113
-126.624
-2.46214
-2.22687
-64.5037
-1.35538
-2.34762
-14.1869
-0.993549
-0.302506
-372.808
-6.04671
-0.820992
-236.171
-3.97122
-1.08033
-197.705
-2.73754
0.132955
-134.984
-2.18812
-1.30746
-61.4754
-1.43713
-1.13636
-19.3567
-1.15873
-0.44187
-6.13678
-0.367635
0.10261
-2.19854
-0.11351
0.469242
-309.107
-4.75934
-8.88323
-7.37415
-0.439388
0.0585462
0.862371
0.128174
4.60483
-3.58178
-0.948966
29.934
-244.945
-2.44303
33.6462
-220.768
-1.99536
31.8479
-162.196
-0.948617
38.8782
-143.904
0.178835
20.7516
-62.779
0.452895
14.4568
-27.449
-0.393894
-37.5543
-314.671
-6.76593
-41.1682
-275.534
-6.56791
-31.5742
-161.97
-4.46869
-27.0049
-107.773
-3.08153
-22.2114
-61.5091
-2.05112
-15.9243
-27.2986
-1.71884
1.35052
-439.784
-6.86916
0.706353
-277.467
-4.50773
0.405546
-244.754
-3.99111
0.991999
-139.142
-1.58755
-1.35295
-93.5494
-1.46317
-3.22877
-39.2525
-1.55423
-0.100069
-365.073
-5.77875
-0.561991
-328.213
-5.42151
-1.17997
-239.824
-3.92885
-0.401107
-138.461
-2.56951
-1.07492
-88.755
-1.61884
-1.39066
-38.1972
-1.27614
6.89976
-9.75085
-1.50315
4.20991
-22.311
-0.131355
