4.34256
-39.1296
-0.30002
-6.48061
-58.6718
-1.01641
-0.365056
-0.199978
-0.0991702
0.135322
0.0305999
0.04271
4.4067
-39.4977
-0.305034
-6.38245
-59.2565
-1.0001
-0.120501
0.00471316
0.0608104
0.245909
-0.11824
-0.112003
8.61659
-63.2873
-0.458805
8.3135
-48.1827
-0.222949
9.45781
-41.7767
0.203402
4.7059
-15.7523
0.367395
4.45782
-10.7502
0.217955
2.54163
-3.7105
0.102172
-8.65426
-63.2018
-1.22994
-8.5224
-48.0338
-1.12542
-5.88652
-25.3616
-0.8695
-8.19924
-25.2428
-0.974012
-4.99656
-10.5768
-0.720658
-3.00472
-3.67418
-0.947503
8.7777
-64.0138
-0.502143
8.50112
-48.9353
-0.367313
8.77224
-38.1969
-0.222215
4.82941
-16.4684
-0.252175
4.49306
-11.1725
-0.28914
2.90241
-3.43752
-0.682985
-8.51374
-63.9584
-1.19191
-8.34485
-48.8523
-0.996811
-5.63843
-25.907
-0.542814
-7.95526
-26.3792
-0.318161
-5.20614
-10.9618
-0.160071
-2.20453
-3.14295
-0.140715
0.0456398
-117.371
-1.4524
1.30756
-1.54855
0.0111828
8.73496
-78.631
-0.613314
-1.90886
-1.51776
-0.59268
-17.0405
-157.243
-2.68557
0.24141
0.267772
-0.204631
-0.921845
-0.32404
0.236037
0.831165
-0.186709
0.141794
0.17575
-78.9924
-0.962735
1.84955
-1.50447
-1.07219
-1.47839
-1.58598
0.214542
0.0177897
0.102621
-0.094671
8.66883
-70.8129
-0.537628
8.50361
-55.7315
-0.354656
8.00662
-40.7657
-0.0705155
7.30297
-26.6193
0.266862
5.30181
-15.4239
0.31298
3.58331
-6.84422
0.100985
-8.64983
-70.7568
-1.28523
-8.62492
-55.6196
-1.18325
-8.31234
-40.688
-1.08213
-7.31611
-26.9946
-1.08369
-5.76022
-15.1709
-0.731566
-4.1077
-6.69136
-0.770541
13.2222
-107.318
-0.844683
8.68229
-56.4456
-0.440087
8.25205
-41.515
-0.304286
5.92748
-22.2466
-0.136883
5.3687
-16.0721
-0.236283
3.60792
-6.95374
-0.456556
-8.51692
-71.5201
-1.27173
-8.43867
-56.3988
-1.10107
-8.14442
-41.4136
-0.876558
-6.91987
-27.757
-0.50847
-5.83178
-15.8245
-0.229656
-4.38206
-6.84578
-0.119698
34.6602
-254.638
-1.888
42.0266
-243.03
-1.4528
30.0382
-131.515
-0.170232
15.7524
-54.322
0.332199
17.8562
-44.0925
0.0986473
10.5289
-12.7577
-0.679638
-33.9517
-254.315
-4.82664
-33.1582
-193.88
-4.23825
-24.5299
-111.103
-3.29459
-29.8445
-98.4869
-1.99502
-19.6357
-43.4469
-1.59299
-11.1475
-15.6475
-2.25558
0.942044
-383.85
-5.01192
0.548046
-293.178
-3.97266
0.153535
-228.464
-2.89315
0.201051
-128.099
-2.17849
-2.36965
-65.1002
-1.22262
-2.42073
-14.2558
-0.970646
-0.183767
-379.354
-5.04699
-0.749852
-240.13
-3.36216
-1.012
-200.799
-2.23019
0.232621
-136.905
-1.86287
-1.26899
-62.2779
-1.31143
-1.1137
-19.5867
-1.14186
-0.425334
-6.20169
-0.372139
0.0925006
-2.18781
-0.108964
0.452643
-314.501
-3.90602
-9.00579
-7.43474
-0.415542
0.0608631
0.878879
0.127849
4.66231
-3.59634
-0.974649
30.4985
-249.16
-1.90545
34.2722
-224.406
-1.56045
32.4175
-164.69
-0.665462
39.5378
-145.889
0.392622
21.0535
-63.5444
0.509212
14.6453
-27.7226
-0.411965
-38.3202
-320.081
-5.7476
-41.9979
-280.071
-5.68383
-32.1936
-164.461
-3.95252
-27.4927
-109.277
-2.71711
-22.5791
-62.256
-1.83204
-16.1646
-27.5798
-1.62872
1.15816
-447.08
-5.68109
0.546954
-281.827
-3.78797
0.225917
-248.292
-3.38444
0.879247
-140.915
-1.23807
-1.50693
-94.5318
-1.25387
-3.35832
-39.5504
-1.48566
0.0108064
-371.578
-4.78088
-0.454619
-333.865
-4.56019
-1.10653
-243.722
-3.31991
-0.333228
-140.539
-2.23702
-1.02241
-89.9644
-1.41587
-1.36281
-38.6743
-1.21207
6.96444
-9.78511
-1.5344
4.26998
-22.6111
-0.0922704
