4.43295
-39.7967
-0.208797
-6.58435
-59.6716
-0.833974
-0.369293
-0.202301
-0.100328
0.137192
0.0309016
0.0433592
4.4706
-40.1342
-0.213888
-6.52617
-60.2115
-0.817085
-0.122257
0.00477841
0.0619662
0.247891
-0.118687
-0.11369
8.79492
-64.3438
-0.321175
8.48134
-48.9574
-0.125551
9.639
-42.408
0.287721
4.79055
-15.977
0.397209
4.53036
-10.8914
0.229775
2.58007
-3.75559
0.101527
-8.79292
-64.2555
-1.03347
-8.65811
-48.8038
-0.977661
-5.97641
-25.7478
-0.795645
-8.31305
-25.5949
-0.890087
-5.05895
-10.716
-0.688665
-3.03871
-3.71989
-0.944884
8.90457
-65.0094
-0.36559
8.62129
-49.6541
-0.273681
8.8912
-38.7086
-0.15644
4.8887
-16.6663
-0.23539
4.53824
-11.2812
-0.285621
2.92943
-3.45544
-0.692537
-8.70449
-64.9533
-0.994229
-8.52704
-49.5715
-0.845395
-5.75564
-26.2593
-0.461035
-8.10991
-26.6895
-0.219263
-5.29722
-11.0739
-0.117607
-2.24018
-3.16979
-0.131022
0.0776275
-119.371
-1.13245
1.32691
-1.56615
0.00952175
8.88888
-79.9346
-0.43118
-1.9299
-1.53533
-0.593746
-17.3665
-159.849
-2.19834
0.247461
0.271293
-0.207599
-0.933637
-0.328597
0.239627
0.840286
-0.188102
0.141807
0.144739
-80.2652
-0.749176
1.86757
-1.50614
-1.08667
-1.50098
-1.59669
0.224773
0.016588
0.104979
-0.0952512
8.84902
-72.0095
-0.377795
8.67801
-56.6469
-0.238057
8.16462
-41.4041
0.00985241
7.43993
-27.0067
0.317186
5.39219
-15.6344
0.336358
3.63927
-6.93081
0.104126
-8.78836
-71.9515
-1.06469
-8.76301
-56.5313
-1.01159
-8.44313
-41.324
-0.958039
-7.4236
-27.3906
-1.00393
-5.83563
-15.3771
-0.68279
-4.1566
-6.77677
-0.753587
13.414
-109.021
-0.605954
8.80678
-57.3012
-0.325631
8.36711
-42.1012
-0.229745
6.00551
-22.5279
-0.103519
5.42682
-16.2462
-0.223175
3.64242
-7.01174
-0.461182
-8.70846
-72.655
-1.05071
-8.62551
-57.255
-0.926863
-8.31857
-42.0004
-0.746853
-7.05904
-28.113
-0.415327
-5.93968
-16
-0.170488
-4.45431
-6.90892
-0.0917642
35.2672
-258.743
-1.33875
42.7491
-246.77
-0.977536
30.5313
-133.391
0.0680705
15.9914
-55.038
0.41228
18.0944
-44.5947
0.128619
10.6618
-12.8692
-0.70125
-34.5992
-258.411
-4.03876
-33.7801
-196.859
-3.64196
-24.9705
-112.701
-2.96441
-30.3392
-99.7505
-1.64329
-19.9371
-43.9473
-1.44686
-11.3054
-15.8063
-2.22966
0.756181
-389.818
-4.0064
0.367472
-297.487
-3.23358
-0.0308151
-231.532
-2.32577
0.062456
-129.608
-1.88411
-2.51171
-65.7385
-1.08153
-2.49537
-14.3444
-0.944989
-0.0690044
-385.68
-4.04267
-0.679503
-243.978
-2.74543
-0.943106
-203.836
-1.71321
0.330401
-138.819
-1.52553
-1.22918
-63.0887
-1.17707
-1.08939
-19.8225
-1.12039
-0.407569
-6.26885
-0.374421
0.0815509
-2.18367
-0.103084
0.434618
-319.714
-3.05367
-9.12971
-7.50139
-0.394101
0.0625249
0.894711
0.127165
4.72026
-3.61603
-0.996873
31.0349
-253.241
-1.34645
34.868
-227.949
-1.09827
32.9619
-167.14
-0.355393
40.1725
-147.871
0.638735
21.3496
-64.3235
0.585242
14.8335
-28.0114
-0.416242
-39.0528
-325.32
-4.75424
-42.7923
-284.49
-4.82104
-32.7884
-166.91
-3.4486
-27.9657
-110.776
-2.36298
-22.9399
-63.0174
-1.6199
-16.4035
-27.8753
-1.54267
0.96728
-454.174
-4.49131
0.389416
-286.097
-3.06222
0.0480063
-251.797
-2.76729
0.765466
-142.705
-0.880787
-1.65921
-95.5565
-1.03512
-3.48848
-39.8843
-1.41055
0.117495
-377.854
-3.78158
-0.35009
-339.341
-3.69171
-1.033
-247.528
-2.70077
-0.265652
-142.59
-1.89477
-0.969162
-91.1776
-1.20312
-1.33332
-39.1598
-1.14112
7.02837
-9.83463
-1.55858
4.32729
-22.9115
-0.0493661
