5.00092
-38.0473
1.15803
-6.71116
-57.0154
0.54686
-0.290756
-0.157311
-0.0852965
0.114894
0.0223384
0.040025
4.74159
-38.8094
1.14247
-7.08345
-58.2307
0.580725
-0.0984942
0.00377358
0.0491
0.201602
-0.0978519
-0.0968326
9.82107
-59.6208
1.8748
9.11501
-43.1985
1.48903
9.69059
-35.0501
1.61233
4.48104
-12.7496
0.803001
3.95684
-8.50505
0.40505
2.22019
-2.9783
0.123866
-8.93325
-59.431
0.314825
-8.56947
-42.958
-0.112242
-5.53923
-21.5294
-0.489008
-6.98433
-20.1003
-0.54403
-3.97651
-8.40359
-0.563808
-2.35809
-2.91676
-0.818371
9.37088
-61.0664
1.7716
8.72415
-44.4812
1.19573
8.44607
-32.6219
0.803698
4.32528
-13.5801
0.0546851
3.69932
-8.98382
-0.102709
2.35851
-2.82591
-0.574883
-9.42615
-60.9148
0.410239
-8.95838
-44.3312
0.141723
-5.59342
-22.3363
-0.00230422
-7.17444
-21.3737
0.239345
-4.41669
-8.84695
-0.0631794
-1.83435
-2.58483
-0.161979
0.821341
-114.092
2.32372
1.14066
-1.25579
0.0197914
9.71089
-76.8677
2.28254
-1.51276
-1.18447
-0.519887
-18.1661
-153.686
1.52443
0.252131
0.237718
-0.156334
-0.746735
-0.257727
0.179782
0.693829
-0.171554
0.107575
0.0713883
-77.6064
1.55098
1.50779
-1.27261
-0.922621
-1.22022
-1.31206
0.130763
0.0140783
0.0841085
-0.0816832
9.95617
-67.9306
2.09619
9.54827
-51.3287
1.66277
8.50997
-35.455
1.3312
7.26527
-21.7833
1.08495
4.82108
-12.2475
0.653486
3.1455
-5.44166
0.192089
-8.95465
-67.793
0.537722
-8.82369
-51.1102
0.0815781
-8.14108
-35.3828
-0.310952
-6.58402
-22.2392
-0.741995
-4.69863
-12.0623
-0.495134
-3.22967
-5.32385
-0.652221
14.2195
-104.144
3.05014
9.12613
-52.6698
1.47847
8.23801
-36.6552
0.910021
5.53364
-18.539
0.416085
4.54672
-12.9646
0.0372547
2.9377
-5.63078
-0.323123
-9.46014
-69.3513
0.571353
-9.22901
-52.5372
0.261627
-8.50012
-36.5236
0.0447132
-6.50073
-23.2396
0.067758
-5.07957
-12.7735
0.0153076
-3.66107
-5.55857
-0.117841
38.139
-241.439
7.37609
44.8192
-219.539
6.69326
30.1611
-111.628
3.68423
14.7472
-44.6029
1.53778
15.4742
-35.2202
0.749062
8.99724
-10.3508
-0.560892
-36.001
-240.76
1.49933
-34.1423
-174.869
0.0526323
-23.636
-95.0036
-1.40796
-26.2908
-79.5152
-0.174967
-16.3194
-34.8384
-1.18502
-9.08504
-12.6228
-2.09697
0.0628325
-365.719
6.64889
-0.674751
-265.911
4.08262
-0.987452
-194.976
2.63373
-0.124871
-104.2
-0.0650973
-2.25951
-52.2483
-0.457882
-2.11434
-11.6958
-0.929638
2.41887
-356.84
6.65071
0.80482
-214.549
3.52299
0.916936
-168.905
2.99144
2.49813
-108.999
1.04438
0.438245
-49.1515
-0.369473
0.0402436
-15.5285
-1.00389
0.15835
-4.85965
-0.42419
0.0556439
-1.82755
-0.195077
1.32247
-307.408
6.08922
-7.36226
-5.94284
-0.626546
0.0849212
0.729742
0.0255644
3.94357
-2.97886
-0.850266
33.7913
-240.446
7.27982
37.2284
-208.095
6.35572
33.5499
-144.384
4.5836
38.6958
-120.337
4.32637
18.7015
-51.0314
1.69475
12.5586
-22.2573
-0.0828339
-40.8435
-308.547
2.52981
-43.9463
-259.29
0.905577
-32.2809
-144.272
-0.616943
-25.1396
-90.6973
-0.731232
-19.2422
-50.005
-0.972223
-13.2442
-22.1722
-1.47637
0.544805
-433.686
8.23362
-0.475588
-262.398
4.46843
-1.05782
-218.492
3.0348
0.433712
-117.399
1.89672
-1.72183
-75.9603
0.163005
-2.94958
-31.9657
-1.15456
2.51671
-356.171
6.96304
1.86406
-306.832
5.34696
0.662031
-211.326
3.27354
1.49391
-115.012
0.800806
0.775976
-70.996
0.235958
0.147793
-30.6439
-0.764646
5.80769
-8.039
-1.42697
4.09188
-18.9928
0.489707
