4.51881
-40.4377
-0.114746
-6.68263
-60.6322
-0.656476
-0.373571
-0.204645
-0.101569
0.139134
0.0311985
0.0440584
4.53067
-40.7506
-0.119912
-6.66338
-61.1365
-0.63907
-0.124083
0.00479434
0.0631394
0.249932
-0.119253
-0.115328
8.96451
-65.3625
-0.176899
8.64162
-49.7091
-0.0212139
9.81357
-43.0274
0.379624
4.87305
-16.2002
0.430868
4.60269
-11.0342
0.245819
2.61923
-3.80198
0.103176
-8.92421
-65.2716
-0.842303
-8.78675
-49.5514
-0.833676
-6.06215
-26.1262
-0.723475
-8.42307
-25.9461
-0.808744
-5.12034
-10.8566
-0.657871
-3.07276
-3.76642
-0.942904
9.02388
-65.9793
-0.222256
8.73464
-50.3612
-0.172701
9.00409
-39.2207
-0.082993
4.94581
-16.8684
-0.213725
4.5829
-11.3976
-0.277375
2.95638
-3.47876
-0.69961
-8.88665
-65.9226
-0.801946
-8.70154
-50.279
-0.698095
-5.86883
-26.6111
-0.381591
-8.26108
-27.0083
-0.123995
-5.38767
-11.1931
-0.0768213
-2.2763
-3.20011
-0.121961
0.108263
-121.294
-0.813288
1.34691
-1.58453
0.00894772
9.03447
-81.1921
-0.243368
-1.95117
-1.55329
-0.595332
-17.6769
-162.364
-1.72436
0.253716
0.274983
-0.210406
-0.945593
-0.333248
0.24296
0.849668
-0.189793
0.142011
0.114159
-81.498
-0.536164
1.88547
-1.51133
-1.09965
-1.52428
-1.61008
0.234513
0.015262
0.107157
-0.0957738
9.02026
-73.161
-0.211759
8.84414
-57.532
-0.114559
8.31606
-42.0264
0.096941
7.57218
-27.3896
0.373478
5.48132
-15.8454
0.364578
3.69567
-7.0191
0.110633
-8.91957
-73.1012
-0.850159
-8.89379
-57.4132
-0.844425
-8.56735
-41.9442
-0.837041
-7.5267
-27.7813
-0.926156
-5.90922
-15.5838
-0.635601
-4.20512
-6.86357
-0.737576
13.5944
-110.675
-0.357796
8.92398
-58.1384
-0.204016
8.4759
-42.6819
-0.147891
6.07998
-22.8126
-0.064675
5.48364
-16.4279
-0.204459
3.67678
-7.07636
-0.462131
-8.89133
-73.7571
-0.835736
-8.80419
-58.0928
-0.757395
-8.48581
-42.5818
-0.620743
-7.19429
-28.4725
-0.325204
-6.04592
-16.1828
-0.113497
-4.52676
-6.97809
-0.0651557
35.8419
-262.72
-0.762745
43.4353
-250.423
-0.46639
31.0029
-135.249
0.332173
16.2229
-55.7577
0.506753
18.3306
-45.1152
0.176751
10.7957
-12.9924
-0.713499
-35.2159
-262.381
-3.2722
-34.3737
-199.769
-3.06124
-25.3938
-114.281
-2.64228
-30.821
-101.029
-1.30369
-20.2345
-44.4655
-1.30613
-11.4641
-15.9753
-2.20632
0.572986
-395.634
-2.99707
0.189497
-301.726
-2.4854
-0.213532
-234.602
-1.74603
-0.0751993
-131.157
-1.57832
-2.65277
-66.4222
-0.931513
-2.57157
-14.4541
-0.916377
0.0418892
-391.781
-3.03448
-0.609723
-247.715
-2.12103
-0.873329
-206.815
-1.18619
0.426516
-140.727
-1.1753
-1.18777
-63.9097
-1.03339
-1.06325
-20.0647
-1.09393
-0.388464
-6.33857
-0.374288
0.0697413
-2.18653
-0.0957858
0.415481
-324.743
-2.20332
-9.2552
-7.57457
-0.375114
0.0635135
0.909845
0.126114
4.77884
-3.6412
-1.01546
31.5424
-257.186
-0.7657
35.4327
-231.394
-0.607968
33.4807
-169.548
-0.0172709
40.7819
-149.852
0.91882
21.64
-65.118
0.682094
15.0217
-28.317
-0.40594
-39.7506
-330.385
-3.78798
-43.5498
-288.789
-3.98115
-33.3572
-169.315
-2.95769
-28.4235
-112.272
-2.01958
-23.2934
-63.7955
-1.41487
-16.6411
-28.1864
-1.46076
0.778812
-461.062
-3.30103
0.234495
-290.275
-2.3308
-0.127414
-255.27
-2.13943
0.651073
-144.516
-0.515286
-1.80935
-96.6275
-0.806279
-3.61915
-40.2569
-1.32844
0.220059
-383.893
-2.78185
-0.248244
-344.636
-2.81644
-0.959061
-251.24
-2.07116
-0.198142
-144.615
-1.54221
-0.914901
-92.3966
-0.979866
-1.30196
-39.6553
-1.06274
7.09171
-9.90049
-1.5753
4.3818
-23.2128
-0.00245573
