4.60003
-41.0519
-0.0178749
-6.77523
-61.5528
-0.484259
-0.377896
-0.207013
-0.102897
0.141151
0.03149
0.044811
4.58684
-41.3466
-0.0231111
-6.79376
-62.0308
-0.466404
-0.125984
0.00475943
0.0643316
0.25204
-0.119946
-0.116918
9.12515
-66.3425
-0.0258768
8.79413
-50.4377
0.0902499
9.9814
-43.6351
0.479379
4.9534
-16.422
0.468538
4.6749
-11.1787
0.266281
2.65922
-3.8498
0.107226
-9.04786
-66.2495
-0.656754
-8.90806
-50.2762
-0.693671
-6.1436
-26.4967
-0.653049
-8.52919
-26.2968
-0.730034
-5.18069
-10.9988
-0.628279
-3.10692
-3.8139
-0.941565
9.13553
-66.9231
-0.0720372
8.8411
-51.0567
-0.0641745
9.11085
-39.7336
-0.0016057
5.00075
-17.075
-0.186981
4.62711
-11.5221
-0.264201
2.98332
-3.50777
-0.704106
-9.05982
-66.8658
-0.615401
-8.86798
-50.9748
-0.555128
-5.97783
-26.9626
-0.304572
-8.40865
-27.3363
-0.0324608
-5.47747
-11.3198
-0.0377404
-2.31292
-3.2341
-0.113538
0.137573
-123.136
-0.495257
1.36761
-1.60376
0.0095125
9.17156
-82.4023
-0.0498901
-1.9727
-1.57167
-0.597446
-17.9711
-164.784
-1.26455
0.26019
0.278849
-0.213047
-0.957731
-0.337998
0.24603
0.859338
-0.1918
0.142416
0.0841577
-82.6899
-0.323942
1.90328
-1.52023
-1.11109
-1.54831
-1.62628
0.243754
0.0138089
0.109149
-0.0962385
9.18228
-74.2661
-0.0394733
9.00178
-58.3861
0.0159851
8.4608
-42.6326
0.190962
7.69964
-27.7683
0.435974
5.56926
-16.0572
0.397859
3.75261
-7.10928
0.120665
-9.04317
-74.2049
-0.642034
-9.01698
-58.2645
-0.68202
-8.68474
-42.5485
-0.71928
-7.62525
-28.1668
-0.850421
-5.98095
-15.7915
-0.590015
-4.25328
-6.95193
-0.722505
13.763
-112.278
-0.100139
9.03379
-58.9569
-0.075086
8.57834
-43.2576
-0.058496
6.15086
-23.1011
-0.0201438
5.53923
-16.6178
-0.179899
3.71105
-7.14799
-0.459247
-9.06511
-74.8256
-0.627217
-8.97432
-58.9117
-0.592943
-8.6458
-43.1578
-0.498395
-7.32546
-28.8359
-0.238199
-6.15043
-16.3733
-0.0587301
-4.59945
-7.05365
-0.0398908
36.3836
-266.568
-0.159587
44.0844
-253.988
0.0816217
31.4527
-137.088
0.622994
16.447
-56.482
0.616223
18.565
-45.6555
0.243855
10.9308
-13.1282
-0.71597
-35.8005
-266.222
-2.52832
-34.9377
-202.611
-2.4969
-25.7992
-115.844
-2.32852
-31.2893
-102.324
-0.976495
-20.5279
-45.0028
-1.17084
-11.6238
-16.1552
-2.18558
0.39334
-401.293
-1.98465
0.0149239
-305.895
-1.72819
-0.393895
-237.676
-1.15354
-0.211449
-132.748
-1.26055
-2.79255
-67.154
-0.772048
-2.64933
-14.5859
-0.884634
0.149076
-397.651
-2.02314
-0.540275
-251.338
-1.48902
-0.802335
-209.737
-0.648768
0.521213
-142.631
-0.811464
-1.14448
-64.7422
-0.879801
-1.03509
-20.3142
-1.06214
-0.36792
-6.41114
-0.371569
0.0570595
-2.1967
-0.086997
0.395561
-329.584
-1.35592
-9.3824
-7.65468
-0.358606
0.0638178
0.924266
0.124689
4.83818
-3.67218
-1.03026
32.0205
-260.991
-0.163045
35.9658
-234.74
-0.0889332
33.9735
-171.912
0.349796
41.3655
-151.834
1.23421
21.9251
-65.9298
0.800684
15.2103
-28.6405
-0.380407
-40.4118
-335.271
-2.85063
-44.2685
-292.964
-3.16549
-33.899
-171.679
-2.48039
-28.8653
-113.766
-1.68723
-23.6394
-64.5917
-1.21705
-16.8773
-28.5143
-1.383
0.593677
-467.74
-2.11136
0.0829202
-294.361
-1.59401
-0.299595
-258.714
-1.50067
0.536488
-146.35
-0.141199
-1.95695
-97.748
-0.566778
-3.75021
-40.6704
-1.23891
0.318613
-389.69
-1.78262
-0.148876
-349.748
-1.93474
-0.884395
-254.857
-1.43091
-0.130448
-146.616
-1.17887
-0.859344
-93.6233
-0.745468
-1.2685
-40.1619
-0.976422
7.15462
-9.98351
-1.58423
4.43351
-23.5152
0.0486108
