4.8151
-42.7286
0.289283
-7.01731
-64.0665
-0.0018322
-0.391166
-0.214276
-0.107411
0.147704
0.0323248
0.0474149
4.73179
-43.0082
0.283855
-7.1415
-64.524
0.0169368
-0.132154
0.00434201
0.0680275
0.258808
-0.122829
-0.121402
9.55184
-69.044
0.467833
9.20393
-52.4807
0.468337
10.4437
-45.3872
0.827362
5.18155
-17.0806
0.606707
4.89136
-11.6247
0.355486
2.7847
-4.00274
0.134526
-9.37082
-68.9466
-0.13623
-9.22595
-52.3111
-0.298851
-6.36094
-27.5611
-0.452515
-8.82289
-27.3473
-0.509757
-5.3552
-11.4362
-0.546498
-3.20999
-3.96261
-0.941245
9.42408
-69.5944
0.420107
9.11879
-53.073
0.307694
9.39433
-41.2796
0.291808
5.15275
-17.7246
-0.0749938
4.75764
-11.9472
-0.193779
3.06446
-3.63061
-0.701451
-9.52218
-69.5356
-0.0926362
-9.31614
-52.9911
-0.153679
-6.27816
-28.0166
-0.0885469
-8.82829
-28.3796
0.219305
-5.74276
-11.7473
0.0692696
-2.4259
-3.35911
-0.092097
0.218054
-128.165
0.448885
1.43434
-1.66703
0.0183979
9.53079
-85.7408
0.563785
-2.03888
-1.62966
-0.606899
-18.7509
-171.46
0.0231162
0.281046
0.291541
-0.219908
-0.995314
-0.352877
0.253637
0.89024
-0.199841
0.144884
-0.000972264
-86.0131
0.30589
1.95639
-1.57016
-1.1358
-1.62509
-1.69252
0.268484
0.00867676
0.113974
-0.0972859
9.61164
-77.2957
0.514583
9.42247
-60.758
0.450492
8.85391
-44.353
0.515809
8.05289
-28.8797
0.662179
5.8263
-16.6989
0.529519
3.92733
-7.39246
0.172969
-9.36613
-77.2315
-0.0590185
-9.33887
-60.6305
-0.2252
-8.99407
-44.2644
-0.386267
-7.89228
-29.293
-0.635564
-6.1843
-16.4211
-0.462743
-4.39536
-7.22739
-0.682732
14.1981
-116.777
0.729403
9.31854
-61.2987
0.356218
8.84739
-44.9545
0.256235
6.34202
-23.9912
0.148872
5.69916
-17.2396
-0.0695975
3.81393
-7.40711
-0.426582
-9.5287
-77.8242
-0.0433222
-9.43037
-61.2541
-0.131603
-9.07981
-44.855
-0.154951
-7.6929
-29.9528
0.00364432
-6.45295
-16.9946
0.0921052
-4.81896
-7.32052
0.0278621
37.8072
-277.315
1.81351
45.8057
-264.146
1.95183
32.6693
-142.506
1.6613
17.0747
-58.6877
1.03854
19.2597
-47.4033
0.564438
11.3449
-13.6153
-0.661928
-37.3515
-276.955
-0.442258
-36.4426
-210.717
-0.907657
-26.902
-120.429
-1.43885
-32.6089
-106.322
-0.0702815
-21.3822
-46.7375
-0.797028
-12.109
-16.7642
-2.13856
-0.11607
-417.311
1.06429
-0.480894
-317.982
0.596167
-0.914035
-246.938
0.702885
-0.607325
-137.794
-0.231067
-3.20145
-69.6536
-0.233042
-2.89172
-15.1203
-0.769229
0.450754
-413.841
1.02305
-0.331315
-261.512
0.451539
-0.578767
-218.158
1.0282
0.799563
-148.331
0.366962
-1.00086
-67.3181
-0.35484
-0.936888
-21.1103
-0.93183
-0.296786
-6.64764
-0.346513
0.0137726
-2.27303
-0.0511736
0.334546
-342.937
1.16025
-9.77481
-7.93886
-0.323811
0.06061
0.96313
0.118141
5.0215
-3.80182
-1.05097
33.2742
-271.543
1.77532
37.3717
-244.169
1.64302
35.2927
-178.75
1.62966
42.9611
-157.793
2.4006
22.7493
-68.4767
1.29294
15.7799
-29.7253
-0.208049
-42.1648
-348.825
-0.225177
-46.1805
-304.735
-0.873196
-35.3539
-178.513
-1.13367
-30.0899
-118.242
-0.757749
-24.6299
-67.0979
-0.666654
-17.5773
-29.6043
-1.17402
0.0668819
-486.483
1.44386
-0.344977
-306.054
0.645055
-0.789723
-268.869
0.481646
0.195787
-152.003
1.03519
-2.38056
-101.424
0.219972
-4.14411
-42.1688
-0.922725
0.592131
-405.585
1.20358
0.136929
-363.953
0.745099
-0.652724
-265.135
0.554621
0.0763062
-152.474
-0.0205689
-0.682153
-97.3579
0.0294901
-1.15333
-41.7548
-0.665898
7.34174
-10.3407
-1.5621
4.57192
-24.4308
0.227682
