4.87716
-43.2312
0.396953
-7.08572
-64.8202
0.147033
-0.395683
-0.216747
-0.10909
0.15006
0.0325872
0.048403
4.77229
-43.5191
0.391466
-7.24237
-65.2905
0.165959
-0.134369
0.00409852
0.0692992
0.261217
-0.124063
-0.122802
9.6755
-69.8635
0.645727
9.32448
-53.1133
0.608926
10.5841
-45.9471
0.959764
5.25331
-17.2978
0.661316
4.96357
-11.7776
0.394716
2.82847
-4.057
0.148805
-9.46197
-69.7654
0.0247731
-9.31609
-52.9421
-0.175852
-6.42409
-27.8999
-0.389241
-8.91222
-27.6969
-0.441489
-5.41102
-11.5858
-0.521429
-3.24447
-4.01433
-0.942273
9.50487
-70.4301
0.597759
9.19755
-53.721
0.447076
9.47664
-41.7972
0.406195
5.19922
-17.951
-0.0268952
4.80056
-12.1064
-0.159793
3.09167
-3.68367
-0.695072
-9.65649
-70.371
0.068852
-9.4478
-53.6389
-0.0292503
-6.36897
-28.3675
-0.02158
-8.96006
-28.7472
0.295659
-5.82966
-11.9057
0.101613
-2.46458
-3.40854
-0.0861884
0.242639
-129.672
0.759396
1.45819
-1.69006
0.0238207
9.63315
-86.7544
0.778963
-2.06143
-1.64997
-0.611035
-18.9753
-173.487
0.42031
0.288497
0.296135
-0.221824
-1.00823
-0.358043
0.255635
0.901194
-0.203213
0.146127
-0.0273012
-87.0349
0.512963
1.97402
-1.59468
-1.14078
-1.65225
-1.72054
0.275745
0.00671042
0.115193
-0.0975198
9.73567
-78.2084
0.711324
9.54512
-61.4841
0.609512
8.97114
-44.893
0.63843
8.16091
-29.2418
0.750686
5.9098
-16.915
0.584249
3.98698
-7.49119
0.19799
-9.45734
-78.1438
0.120938
-9.42979
-61.3553
-0.0833893
-9.08246
-44.8034
-0.282113
-7.9714
-29.6581
-0.567985
-6.24792
-16.6333
-0.42335
-4.44181
-7.32277
-0.671161
14.3197
-118.17
1.02426
9.39863
-62.0405
0.514714
8.92439
-45.5097
0.376745
6.39865
-24.2962
0.217182
5.75031
-17.4645
-0.0203872
3.84831
-7.50845
-0.407523
-9.6632
-78.7532
0.136821
-9.56355
-61.9957
0.011152
-9.20853
-45.41
-0.0484678
-7.80627
-30.3338
0.0778783
-6.54987
-17.2184
0.137969
-4.89253
-7.42303
0.0478382
38.2145
-280.626
2.52484
46.304
-267.35
2.65063
33.0307
-144.277
2.06327
17.2692
-59.4339
1.2112
19.4888
-48.029
0.711943
11.4861
-13.8047
-0.622962
-37.7984
-280.263
0.20268
-36.8797
-213.277
-0.413364
-27.2303
-121.922
-1.15952
-33.0188
-107.692
0.207013
-21.6577
-47.3572
-0.682635
-12.2726
-16.9906
-2.12765
-0.273548
-422.324
2.08237
-0.634613
-321.868
1.38781
-1.07834
-250.036
1.34833
-0.73362
-139.567
0.138384
-3.3334
-70.5897
-0.0322966
-2.97534
-15.3453
-0.723708
0.54568
-418.754
2.04043
-0.260554
-264.666
1.11266
-0.499659
-220.848
1.60913
0.891423
-150.226
0.789912
-0.947618
-68.2036
-0.157362
-0.899115
-21.3922
-0.876043
-0.26968
-6.73298
-0.332194
-0.00236802
-2.31395
-0.0359818
0.314956
-346.991
1.98793
-9.90912
-8.04842
-0.316952
0.0581947
0.974598
0.115208
5.0845
-3.8575
-1.0498
33.6318
-274.767
2.4637
37.7758
-247.105
2.27819
35.6794
-180.941
2.11617
43.4413
-159.784
2.86392
23.0141
-69.3635
1.50349
15.9716
-30.1256
-0.117952
-42.6693
-352.968
0.585083
-46.7335
-308.402
-0.162351
-35.7799
-180.703
-0.713585
-30.4629
-119.732
-0.470284
-24.9432
-67.9729
-0.497106
-17.8074
-30.0037
-1.11205
-0.0965627
-492.29
2.62137
-0.47665
-309.76
1.3998
-0.942193
-272.194
1.16427
0.0845944
-153.938
1.44586
-2.51421
-102.756
0.505902
-4.27509
-42.7554
-0.800756
0.676779
-410.375
2.19268
0.229108
-368.303
1.64861
-0.571856
-268.366
1.23797
0.147306
-154.378
0.388994
-0.618716
-98.6215
0.312855
-1.10938
-42.3109
-0.544254
7.40378
-10.4964
-1.53803
4.61257
-24.7388
0.296113
