4.93444
-43.7054
0.5071
-7.14789
-65.5315
0.289815
-0.400238
-0.219241
-0.110851
0.152502
0.0328402
0.0494516
4.80895
-44.0082
0.501557
-7.33554
-66.0242
0.308824
-0.136661
0.00380399
0.0705895
0.263702
-0.125432
-0.124156
9.78992
-70.6422
0.830034
9.43706
-53.7213
0.756635
10.7175
-46.4947
1.10027
5.32296
-17.5136
0.720183
5.03581
-11.9325
0.438691
2.87321
-4.11286
0.165675
-9.54474
-70.5436
0.179455
-9.3982
-53.549
-0.0571478
-6.48249
-28.2304
-0.327698
-8.99711
-28.0461
-0.37567
-5.46555
-11.7371
-0.497355
-3.27893
-4.0671
-0.943796
9.57812
-71.238
0.78196
9.26953
-54.3565
0.594003
9.55297
-42.3154
0.528771
5.24363
-18.1822
0.0265588
4.84319
-12.2741
-0.120567
3.11896
-3.74269
-0.685945
-9.78068
-71.1785
0.223885
-9.57038
-54.2739
0.090489
-6.45501
-28.718
0.0429157
-9.08757
-29.1243
0.368344
-5.91566
-12.0719
0.132373
-2.50372
-3.46178
-0.080865
0.266254
-131.095
1.06745
1.48285
-1.71406
0.0304775
9.72692
-87.7177
0.999119
-2.08419
-1.67075
-0.615617
-19.1817
-175.414
0.801196
0.296201
0.300903
-0.223549
-1.02132
-0.363305
0.257367
0.912466
-0.206929
0.147576
-0.0524215
-88.013
0.71836
1.9916
-1.62308
-1.14412
-1.68015
-1.75148
0.282532
0.00462003
0.11622
-0.0976966
9.85021
-79.0722
0.913802
9.65904
-62.1774
0.775418
9.08151
-45.4161
0.768102
8.26408
-29.5995
0.845694
5.99223
-17.132
0.644392
4.04733
-7.59203
0.226806
-9.54019
-79.0073
0.293597
-9.5124
-62.0479
0.0531617
-9.16335
-45.3257
-0.181341
-8.04546
-30.0179
-0.502333
-6.30933
-16.8465
-0.385365
-4.4877
-7.41986
-0.660343
14.4297
-119.51
1.32784
9.47146
-62.7623
0.680363
8.99517
-46.0593
0.504925
6.45179
-24.605
0.291424
5.80041
-17.6979
0.0350216
3.88275
-7.61712
-0.384386
-9.78748
-79.6464
0.30961
-9.6871
-62.7171
0.148362
-9.32908
-45.9592
0.0540534
-7.9149
-30.7188
0.149007
-6.64469
-17.4502
0.181715
-4.96619
-7.53217
0.0665772
38.5884
-283.799
3.26199
46.7651
-270.459
3.38631
33.3702
-146.03
2.49285
17.4565
-60.185
1.39972
19.7168
-48.6756
0.879744
11.6289
-14.0075
-0.573524
-38.2095
-283.435
0.822134
-37.2838
-215.762
0.0632324
-27.5384
-123.396
-0.888578
-33.413
-109.079
0.472397
-21.9281
-47.9969
-0.572982
-12.4368
-17.2285
-2.11891
-0.423783
-427.169
3.10036
-0.781578
-325.677
2.18738
-1.23717
-253.138
2.007
-0.856468
-141.384
0.521144
-3.46277
-71.5758
0.17919
-3.0602
-15.5934
-0.67457
0.638371
-423.425
3.05784
-0.188785
-267.701
1.78052
-0.417764
-223.478
2.20101
0.983334
-152.118
1.22819
-0.891358
-69.1018
0.0516605
-0.858636
-21.6821
-0.813859
-0.240797
-6.82154
-0.314789
-0.0193281
-2.3625
-0.0191532
0.296315
-350.844
2.80913
-10.045
-8.16523
-0.312321
0.0551356
0.985322
0.111907
5.14844
-3.91934
-1.04459
33.9597
-277.842
3.17219
38.1479
-249.936
2.94146
36.04
-183.087
2.63214
43.896
-161.775
3.36421
23.2741
-70.2684
1.7372
16.1641
-30.545
-0.0115438
-43.1332
-356.92
1.36241
-47.2433
-311.939
0.521726
-36.1758
-182.849
-0.30775
-30.8177
-121.219
-0.193636
-25.2476
-68.8669
-0.334121
-18.0354
-30.4206
-1.05361
-0.252781
-497.872
3.79385
-0.601976
-313.366
2.15812
-1.0883
-275.486
1.85755
-0.0247717
-155.897
1.86587
-2.64359
-104.139
0.803875
-4.40558
-43.3846
-0.670326
0.758687
-414.909
3.17758
0.320302
-372.46
2.55655
-0.488645
-271.497
1.93183
0.219761
-156.256
0.810402
-0.552695
-99.8936
0.609029
-1.06237
-42.8791
-0.41327
7.46569
-10.6701
-1.50558
4.65054
-25.0478
0.368874
