4.987
-44.1513
0.619596
-7.20381
-66.2003
0.426541
-0.404825
-0.221751
-0.112691
0.155028
0.0330829
0.05056
4.84186
-44.4753
0.614
-7.421
-66.7249
0.44556
-0.139027
0.00345981
0.0718968
0.266257
-0.126932
-0.125463
9.89523
-71.3799
1.02052
9.54176
-54.3047
0.911272
10.8442
-47.0296
1.24871
5.39049
-17.728
0.783239
5.10805
-12.0892
0.487344
2.91888
-4.17026
0.185104
-9.61913
-71.2813
0.327873
-9.47226
-54.1317
0.0573344
-6.53612
-28.5526
-0.267826
-9.07747
-28.3944
-0.312182
-5.51871
-11.89
-0.474198
-3.31332
-4.12083
-0.94576
9.64396
-72.0176
0.972474
9.33486
-54.979
0.748273
9.62342
-42.8337
0.659363
5.28599
-18.4179
0.0852776
4.88553
-12.4501
-0.0761774
3.1463
-3.8075
-0.674104
-9.89471
-71.9578
0.37252
-9.68385
-54.8958
0.205613
-6.53621
-29.0675
0.105007
-9.21073
-29.5104
0.437479
-6.00068
-12.2456
0.161623
-2.54326
-3.51868
-0.0760979
0.289006
-132.433
1.37288
1.50829
-1.73899
0.0383536
9.81225
-88.6308
1.224
-2.10711
-1.69198
-0.620611
-19.3698
-177.24
1.16585
0.304154
0.305837
-0.22508
-1.03456
-0.368655
0.258836
0.924045
-0.210984
0.149223
-0.0762408
-88.9473
0.921973
2.00913
-1.65528
-1.14583
-1.70876
-1.78524
0.288859
0.00240946
0.117056
-0.0978167
9.9554
-79.887
1.12177
9.76433
-62.8379
0.948001
9.18509
-45.922
0.904659
8.36246
-29.9524
0.947084
6.07357
-17.3497
0.709866
4.10835
-7.69485
0.259367
-9.61467
-79.8222
0.459003
-9.58668
-62.7081
0.184518
-9.23674
-45.8309
-0.0838705
-8.11439
-30.372
-0.438519
-6.36846
-17.0604
-0.348702
-4.53296
-7.51852
-0.650212
14.5285
-120.796
1.63978
9.53716
-63.4637
0.852946
9.05983
-46.6028
0.640595
6.50149
-24.9172
0.371484
5.84945
-17.9394
0.0965302
3.91722
-7.73288
-0.35723
-9.90148
-80.5035
0.475091
-9.80099
-63.4181
0.280093
-9.44142
-46.502
0.152696
-8.01873
-31.1073
0.217125
-6.73732
-17.6897
0.223427
-5.03987
-7.64768
0.0841365
38.9296
-286.834
4.02403
47.1893
-273.474
4.15791
33.6882
-147.762
2.94945
17.6367
-60.94
1.60385
19.9436
-49.342
1.06754
11.7732
-14.2232
-0.513755
-38.5848
-286.47
1.41633
-37.6548
-218.174
0.522423
-27.8262
-124.851
-0.625754
-33.7912
-110.483
0.726333
-22.193
-48.6557
-0.46778
-12.6014
-17.4773
-2.11216
-0.566238
-431.846
4.11774
-0.921304
-329.41
2.99453
-1.39005
-256.239
2.67866
-0.975551
-143.243
0.917134
-3.58935
-72.6101
0.401393
-3.14618
-15.8639
-0.621808
0.729214
-427.851
4.07476
-0.115744
-270.615
2.45482
-0.33282
-226.046
2.80369
1.0756
-154.004
1.68174
-0.831907
-70.0116
0.27225
-0.815367
-21.9796
-0.74523
-0.210109
-6.91319
-0.294281
-0.0370754
-2.41849
-0.000703977
0.278955
-354.496
3.62341
-10.1822
-8.28903
-0.309801
0.0514589
0.995306
0.108251
5.21325
-3.98718
-1.03539
34.2582
-280.768
3.89993
38.4886
-252.66
3.63196
36.3748
-185.186
3.17687
44.3254
-163.765
3.90079
23.5293
-71.1902
1.99372
16.3573
-30.9825
0.110943
-43.5564
-360.683
2.10701
-47.71
-315.343
1.17936
-36.5414
-184.948
0.0841583
-31.154
-122.702
0.0725793
-25.5427
-69.7786
-0.177362
-18.261
-30.8542
-0.99847
-0.401196
-503.229
4.96066
-0.72053
-316.871
2.91965
-1.22759
-278.741
2.56119
-0.131961
-157.876
2.29512
-2.76844
-105.571
1.11385
-4.53539
-44.055
-0.531445
0.838211
-419.187
4.15776
0.410868
-376.422
3.46846
-0.402805
-274.528
2.63596
0.293904
-158.108
1.24357
-0.483885
-101.173
0.918011
-1.01218
-43.4588
-0.272906
7.52744
-10.8614
-1.46486
4.68588
-25.3575
0.445884
