5.07837
-44.9586
0.851039
-7.29705
-67.4118
0.682241
-0.414048
-0.226803
-0.116583
0.16031
0.033534
0.0529486
4.89678
-45.3435
0.845344
-7.56891
-68.0272
0.701067
-0.14396
0.00263023
0.0745551
0.271555
-0.130298
-0.127938
10.0793
-72.7331
1.41889
9.72813
-55.3967
1.24028
11.0776
-48.0599
1.56834
5.51927
-18.151
0.92144
5.25236
-12.4071
0.5982
3.0128
-4.28925
0.231377
-9.74295
-72.6353
0.606454
-9.59643
-55.2239
0.274131
-6.62909
-29.1709
-0.152763
-9.22434
-29.0866
-0.191623
-5.62055
-12.1994
-0.430278
-3.38155
-4.23081
-0.950756
9.75419
-73.4908
1.37126
9.44621
-56.183
1.07773
9.74719
-43.8675
0.94355
5.3647
-18.9005
0.217912
4.96915
-12.8245
0.0275395
3.20099
-3.9535
-0.642525
-10.0925
-73.4306
0.651136
-9.88359
-56.0982
0.422539
-6.68405
-29.7621
0.222359
-9.44361
-30.3061
0.565746
-6.16736
-12.6134
0.215938
-2.62331
-3.64274
-0.0680917
0.332377
-134.855
1.97539
1.56138
-1.79145
0.0576476
9.95833
-90.3065
1.68673
-2.1532
-1.7356
-0.631655
-19.692
-180.592
1.84756
0.320778
0.316157
-0.227555
-1.06142
-0.379569
0.261006
0.948027
-0.22006
0.153075
-0.119679
-90.6838
1.32354
2.04392
-1.73043
-1.14449
-1.76786
-1.86074
0.300209
-0.00235172
0.118176
-0.0978895
10.1385
-81.3706
1.553
9.94971
-64.0606
1.31207
9.37239
-46.8813
1.19746
8.54511
-30.6428
1.16824
6.2329
-17.786
0.856234
4.23216
-7.9057
0.335344
-9.73874
-81.3066
0.768611
-9.71047
-63.9312
0.432162
-9.36114
-46.7896
0.101644
-8.2368
-31.0619
-0.315966
-6.47955
-17.4893
-0.278931
-4.62123
-7.71988
-0.631698
14.6933
-123.203
2.28693
9.64788
-64.8037
1.21775
9.17136
-47.669
0.93336
6.59083
-25.5498
0.54835
5.94432
-18.4446
0.237178
3.98606
-7.9842
-0.291269
-10.0989
-82.1084
0.78468
-9.99993
-64.7567
0.527652
-9.64153
-47.5663
0.338863
-8.21173
-31.8922
0.344859
-6.91565
-18.1894
0.301175
-5.18681
-7.89645
0.115995
39.5168
-292.487
5.61807
47.9309
-279.212
5.80341
34.2612
-151.158
3.94025
17.9757
-62.4574
2.05712
20.3928
-50.7287
1.50102
12.0655
-14.6907
-0.364261
-39.2284
-292.125
2.53111
-38.2981
-222.767
1.39062
-28.3407
-127.695
-0.123001
-34.4982
-113.326
1.20221
-22.7051
-50.0243
-0.269368
-12.9305
-18.0051
-2.1038
-0.82609
-440.683
6.14873
-1.17751
-336.628
4.62987
-1.6764
-262.423
4.05952
-1.20136
-147.068
1.74791
-3.83333
-74.8118
0.87736
-3.32084
-16.4677
-0.505533
0.906979
-435.973
6.10527
0.0351574
-276.077
3.82138
-0.152863
-230.991
4.04038
1.2624
-157.751
2.63379
-0.702892
-71.8601
0.747693
-0.720249
-22.5954
-0.588735
-0.143286
-7.10494
-0.244023
-0.0747689
-2.55164
0.0409167
0.249306
-361.199
5.22996
-10.4596
-8.55606
-0.310535
0.0423838
1.01309
0.0999166
5.34516
-4.13982
-1.00537
34.7702
-286.173
5.40898
39.0787
-257.786
5.09011
36.969
-189.238
4.34861
45.1103
-167.73
5.07841
24.0248
-73.0772
2.57272
16.7454
-31.9077
0.402501
-44.281
-367.636
3.50051
-48.5145
-321.751
2.41791
-37.1821
-188.999
0.828162
-31.7706
-125.649
0.575723
-26.1037
-71.6477
0.119097
-18.704
-31.7675
-0.896946
-0.67274
-513.261
7.27529
-0.935999
-323.57
4.45075
-1.48429
-285.13
3.99804
-0.338556
-161.883
3.18061
-3.00379
-108.569
1.76909
-4.79211
-45.5109
-0.228735
0.991636
-426.979
6.10229
0.591568
-383.76
5.30248
-0.222202
-280.281
4.07357
0.448097
-161.723
2.14433
-0.33719
-103.744
1.57381
-0.90188
-44.6481
0.0356786
7.65017
-11.2936
-1.35934
4.74895
-25.9773
0.612129
