5.11743
-45.3207
0.969649
-7.33452
-67.9554
0.801564
-0.418661
-0.229331
-0.11862
0.163056
0.0337405
0.0542235
4.91903
-45.7447
0.963906
-7.63156
-68.6289
0.820194
-0.146514
0.00214973
0.0759009
0.274281
-0.132149
-0.129106
10.1585
-73.349
1.62606
9.8102
-55.9053
1.41398
11.1846
-48.5543
1.73884
5.58054
-18.3592
0.99625
5.32428
-12.5676
0.660053
3.06089
-4.35052
0.258035
-9.79259
-73.2521
0.737034
-9.64674
-55.7332
0.376793
-6.6685
-29.4665
-0.0973709
-9.29073
-29.4293
-0.134213
-5.66904
-12.3553
-0.409318
-3.41521
-4.28679
-0.953645
9.79904
-74.1838
1.57881
9.49263
-56.7633
1.25221
9.80079
-44.3812
1.09645
5.40107
-19.1463
0.291415
5.01032
-13.0218
0.0864815
3.22821
-4.034
-0.622963
-10.1766
-74.1234
0.781541
-9.97006
-56.6775
0.524711
-6.75072
-30.106
0.277864
-9.55316
-30.7136
0.625271
-6.24877
-12.8063
0.241206
-2.66364
-3.70942
-0.0647707
0.35324
-135.942
2.27234
1.58891
-1.81883
0.0689806
10.0196
-91.0698
1.92391
-2.17625
-1.75787
-0.637606
-19.8264
-182.119
2.16556
0.329425
0.321513
-0.228499
-1.07497
-0.385107
0.261721
0.96037
-0.225048
0.155254
-0.139188
-91.4861
1.52139
2.0611
-1.77299
-1.14152
-1.7982
-1.90214
0.305276
-0.00488975
0.118472
-0.0978434
10.2169
-82.0403
1.77556
10.0303
-64.6229
1.50287
9.45642
-47.3342
1.35308
8.62954
-30.9794
1.28747
6.31081
-18.0038
0.936721
4.29478
-8.01323
0.378486
-9.78854
-81.977
0.913261
-9.7602
-64.4943
0.548832
-9.4123
-47.2425
0.190005
-8.29029
-31.3969
-0.256965
-6.53134
-17.7035
-0.24559
-4.66403
-7.8221
-0.623143
14.76
-124.325
2.62109
9.69333
-65.4414
1.40925
9.21857
-48.1902
1.08978
6.6306
-25.8688
0.644674
5.99008
-18.7067
0.315849
4.0203
-8.1188
-0.252753
-10.1826
-82.8559
0.929239
-10.0852
-65.3935
0.643876
-9.72943
-48.0863
0.426736
-8.30085
-32.2868
0.4048
-7.00115
-18.4482
0.337464
-5.25981
-8.02878
0.130456
39.7647
-295.105
6.44725
48.2501
-281.932
6.67386
34.5172
-152.817
4.47212
18.1348
-63.2168
2.30503
20.6148
-51.445
1.74521
12.213
-14.9407
-0.275275
-39.4976
-294.746
3.05337
-38.571
-224.947
1.80104
-28.5676
-129.08
0.117849
-34.8265
-114.76
1.42557
-22.9515
-50.7303
-0.175393
-13.0944
-18.2823
-2.10173
-0.942856
-444.841
7.1615
-1.29342
-340.107
5.45709
-1.80926
-265.494
4.76775
-1.30767
-149.025
2.18195
-3.95041
-75.9717
1.13059
-3.40917
-16.7984
-0.442161
0.994731
-439.673
7.11803
0.113475
-278.625
4.51284
-0.0574732
-233.362
4.67365
1.35749
-159.605
3.13149
-0.633135
-72.7947
1.00206
-0.66835
-22.9121
-0.501065
-0.107173
-7.2045
-0.214379
-0.0946191
-2.62801
0.0639814
0.237578
-364.253
6.02183
-10.5992
-8.69827
-0.313469
0.0370631
1.02091
0.0952704
5.41199
-4.22395
-0.984807
34.9853
-288.653
6.18786
39.3297
-260.187
5.85493
37.2298
-191.186
4.97301
45.4667
-169.698
5.71649
24.265
-74.0379
2.89344
16.9396
-32.3925
0.570391
-44.5835
-370.828
4.15143
-48.8533
-324.754
3.00076
-37.4577
-190.947
1.18156
-32.0507
-127.107
0.813886
-26.3691
-72.6005
0.259732
-18.9205
-32.2442
-0.84994
-0.795165
-517.933
8.42234
-1.03244
-326.759
5.21955
-1.60118
-288.255
4.73028
-0.43742
-163.903
3.63626
-3.114
-110.126
2.11372
-4.91861
-46.2907
-0.0653001
1.06633
-430.498
7.06601
0.68242
-387.138
6.22367
-0.126998
-283
4.80615
0.528517
-163.482
2.61125
-0.259026
-105.031
1.92004
-0.841645
-45.2549
0.203544
7.71095
-11.5324
-1.29509
4.77681
-26.2862
0.701013
