5.21021
-46.2463
1.33471
-7.41194
-69.3455
1.12867
-0.43232
-0.236824
-0.124994
0.171612
0.0342736
0.0583234
4.96664
-46.8173
1.32884
-7.77642
-70.2374
1.14635
-0.154431
0.000482488
0.0799674
0.282636
-0.138239
-0.132326
10.3488
-74.96
2.27442
10.015
-57.2808
1.96678
11.4688
-49.9481
2.28764
5.752
-18.9651
1.24078
5.53781
-13.0499
0.868383
3.2083
-4.53909
0.350526
-9.89468
-74.8673
1.09759
-9.75255
-57.1133
0.664678
-6.75919
-30.2957
0.061749
-9.46133
-30.4351
0.0289208
-5.80351
-12.8226
-0.349121
-3.51304
-4.45657
-0.96293
9.89582
-76.0852
2.2289
9.59758
-58.4086
1.80927
9.93055
-45.8954
1.59295
5.49848
-19.8928
0.537318
5.13024
-13.6442
0.288461
3.30849
-4.30023
-0.550653
-10.372
-76.0243
1.14085
-10.1781
-58.3188
0.809089
-6.92234
-31.1146
0.433552
-9.8536
-31.9589
0.788303
-6.48368
-13.4118
0.310868
-2.78467
-3.92417
-0.0569663
0.414035
-138.72
3.14571
1.67459
-1.90445
0.109
10.16
-93.0682
2.65402
-2.24439
-1.82562
-0.656484
-20.1279
-186.117
3.03682
0.356503
0.338152
-0.230173
-1.11559
-0.40183
0.262484
0.99832
-0.24153
0.162613
-0.188556
-93.6316
2.10313
2.11128
-1.91742
-1.12402
-1.89133
-2.03826
0.318352
-0.0130406
0.1184
-0.097386
10.4036
-83.7694
2.46614
10.2269
-66.1163
2.10514
9.67242
-48.5831
1.85195
8.85651
-31.9479
1.67557
6.53674
-18.6494
1.204
4.48398
-8.34032
0.526227
-9.89114
-83.7096
1.31063
-9.86289
-65.9921
0.873455
-9.52341
-48.4923
0.439977
-8.42027
-32.3561
-0.0871907
-6.67075
-18.3384
-0.150162
-4.7857
-8.13127
-0.599153
14.9028
-127.359
3.65845
9.79318
-67.219
2.01481
9.32839
-49.6955
1.59389
6.73129
-26.8259
0.961359
6.11998
-19.5198
0.581423
4.12126
-8.55084
-0.117452
-10.3763
-84.8786
1.32602
-10.2869
-67.1674
0.965691
-9.94637
-49.587
0.672269
-8.53871
-33.4671
0.571344
-7.2419
-19.2487
0.437792
-5.47505
-8.45046
0.169092
40.3397
-302.13
9.0429
49.0168
-289.474
9.44976
35.1704
-157.606
6.19516
18.5707
-65.4747
3.12378
21.2662
-53.6556
2.57506
12.6567
-15.7425
0.0424679
-40.1042
-301.784
4.49433
-39.2031
-230.998
2.94921
-29.1296
-133.063
0.805171
-35.7079
-119.064
2.04747
-23.6471
-52.9056
0.0907645
-13.578
-19.1535
-2.10088
-1.23878
-456.251
10.1846
-1.59096
-349.971
7.97029
-2.16453
-274.542
6.95556
-1.59872
-154.996
3.55187
-4.28055
-79.6294
1.94602
-3.67576
-17.8845
-0.232593
1.25838
-449.357
10.1421
0.362151
-285.53
6.61443
0.251815
-240.044
6.62683
1.65248
-165.042
4.70381
-0.402394
-75.6079
1.82665
-0.495533
-23.8841
-0.20275
0.0114974
-7.51339
-0.108609
-0.157498
-2.89029
0.14126
0.217539
-372.248
8.35123
-11.0166
-9.15178
-0.330335
0.018518
1.04031
0.0796424
5.61398
-4.50208
-0.903053
35.48
-295.219
8.60472
39.9205
-266.73
8.27135
37.8765
-196.695
6.9801
46.3987
-175.489
7.80374
24.9527
-76.9535
3.96603
17.5184
-33.9126
1.15268
-45.2624
-379.283
5.93906
-49.6266
-332.942
4.61998
-38.112
-196.455
2.17756
-32.778
-131.385
1.48375
-27.1004
-75.4963
0.657714
-19.5444
-33.7323
-0.719778
-1.10692
-530.576
11.8197
-1.27554
-335.651
7.5342
-1.90464
-297.281
6.97501
-0.713845
-169.957
5.0497
-3.41409
-114.957
3.20964
-5.2881
-48.7939
0.469444
1.28718
-439.589
9.92071
0.961052
-396.119
8.99844
0.180136
-290.512
7.05207
0.784736
-168.531
4.072
-0.00427749
-108.861
3.02612
-0.640513
-47.101
0.75753
7.88913
-12.3243
-1.06088
4.84663
-27.2002
0.987895
