5.23368
-46.5032
1.45877
-7.42671
-69.7318
1.2286
-0.436756
-0.239259
-0.127173
0.174537
0.0344198
0.059765
4.97667
-47.1319
1.45285
-7.81119
-70.7089
1.24585
-0.157122
-0.000136369
0.0813202
0.285435
-0.140404
-0.133304
10.3978
-75.4201
2.49787
10.0705
-57.6892
2.15993
11.5519
-50.3809
2.48116
5.80506
-19.1593
1.32804
5.6078
-13.2093
0.944397
3.25801
-4.60271
0.384977
-9.91394
-75.3293
1.20868
-9.77357
-57.5239
0.754909
-6.78059
-30.5518
0.112917
-9.50863
-30.76
0.081003
-5.84428
-12.9765
-0.329562
-3.5442
-4.51308
-0.965947
9.91653
-76.6589
2.45309
9.622
-58.9224
2.00438
9.96407
-46.3866
1.76919
5.52709
-20.1416
0.626599
5.16865
-13.8585
0.363071
3.33445
-4.39542
-0.522522
-10.4193
-76.5979
1.25131
-10.2312
-58.8311
0.897542
-6.9704
-31.4403
0.482447
-9.94421
-32.3762
0.838389
-6.55839
-13.6195
0.332478
-2.82463
-3.9994
-0.0549092
0.434116
-139.492
3.43115
1.70386
-1.93374
0.124091
10.1935
-93.6398
2.90217
-2.26647
-1.84821
-0.662909
-20.1963
-187.261
3.30284
0.365834
0.343816
-0.230355
-1.12896
-0.407374
0.262313
1.01111
-0.247435
0.165276
-0.201971
-94.2607
2.2932
2.12735
-1.97008
-1.11556
-1.92271
-2.08674
0.322098
-0.0159065
0.118089
-0.0971302
10.4511
-84.2557
2.70242
10.2787
-66.5507
2.31418
9.7332
-48.9619
2.02728
8.92379
-32.2549
1.81361
6.60918
-18.8599
1.30052
4.54698
-8.44954
0.580774
-9.91058
-84.1973
1.43234
-9.88246
-66.4285
0.974326
-9.54698
-48.8717
0.519086
-8.45367
-32.6586
-0.0324251
-6.71164
-18.5455
-0.119407
-4.82358
-8.23394
-0.59138
14.9328
-128.26
4.01353
9.81526
-67.7645
2.22527
9.35513
-50.1744
1.77179
6.75891
-27.1414
1.07485
6.16057
-19.7959
0.678479
4.15395
-8.70175
-0.0665951
-10.4229
-85.4796
1.44745
-10.337
-67.7115
1.06519
-10.0038
-50.064
0.749006
-8.60829
-33.855
0.623215
-7.31657
-19.5199
0.468952
-5.54493
-8.59688
0.180734
40.4798
-304.198
9.9376
49.2134
-291.775
10.4212
35.3521
-159.128
6.80576
18.7025
-66.213
3.41822
21.477
-54.4029
2.87978
12.8036
-16.0224
0.163161
-40.243
-303.857
4.93794
-39.3547
-232.847
3.3082
-29.2787
-134.325
1.02476
-35.9668
-120.483
2.2419
-23.8629
-53.6398
0.175772
-13.7349
-19.4525
-2.10144
-1.31941
-459.694
11.1864
-1.67354
-353.052
8.81647
-2.26841
-277.475
7.70309
-1.68632
-156.995
4.0286
-4.38332
-80.8886
2.23446
-3.76441
-18.2707
-0.156832
1.34769
-452.126
11.1444
0.450081
-287.585
7.32231
0.362782
-242.117
7.29346
1.7547
-166.797
5.25149
-0.318396
-76.5383
2.12002
-0.432434
-24.2112
-0.0925261
0.0542771
-7.61825
-0.0682336
-0.179351
-2.98673
0.169383
0.216474
-374.535
9.11265
-11.1538
-9.30926
-0.337972
0.0116471
1.04549
0.0739434
5.68109
-4.60152
-0.86986
35.5989
-297.121
9.4317
40.0676
-268.69
9.11064
38.0499
-198.41
7.68698
46.666
-177.365
8.54897
25.1701
-77.9248
4.35535
17.7083
-34.4335
1.36955
-45.4166
-381.735
6.48644
-49.8077
-335.396
5.12232
-38.2752
-198.171
2.49156
-32.9833
-132.766
1.69503
-27.3217
-76.4621
0.784372
-19.7421
-34.2403
-0.678764
-1.19235
-534.333
12.9374
-1.34134
-338.382
8.30717
-1.99018
-300.154
7.73683
-0.798841
-171.951
5.53448
-3.504
-116.598
3.59338
-5.40726
-49.6682
0.661031
1.36102
-442.147
10.8599
1.05697
-398.735
9.92553
0.289986
-292.794
7.81444
0.875415
-170.127
4.57668
0.0874603
-110.114
3.415
-0.566817
-47.7174
0.95744
7.94648
-12.6079
-0.9706
4.86558
-27.4977
1.0893
