5.2538
-46.7357
1.58364
-7.43634
-70.0813
1.32467
-0.441102
-0.241646
-0.12936
0.177479
0.034549
0.0612343
4.98406
-47.4252
1.57767
-7.83971
-71.1487
1.34145
-0.15982
-0.000780074
0.082665
0.288216
-0.142612
-0.134233
10.4402
-75.8431
2.72409
10.1202
-58.0727
2.35658
11.6296
-50.7966
2.67892
5.85609
-19.3488
1.41763
5.67694
-13.3669
1.02311
3.30773
-4.66625
0.420921
-9.92632
-75.7543
1.31597
-9.78793
-57.91
0.842824
-6.7978
-30.7972
0.16341
-9.55114
-31.078
0.132328
-5.88285
-13.1285
-0.310057
-3.57442
-4.56916
-0.96878
9.93203
-77.2022
2.68011
9.64161
-59.4176
2.20323
9.99305
-46.8685
1.94977
5.55376
-20.3886
0.718881
5.20606
-14.0743
0.440693
3.35983
-4.49283
-0.492672
-10.4584
-77.1411
1.35787
-10.2768
-59.3245
0.983415
-7.0141
-31.7592
0.530178
-10.03
-32.7916
0.886847
-6.63103
-13.8282
0.353514
-2.86417
-4.07575
-0.0530314
0.454302
-140.19
3.7139
1.7333
-1.96318
0.139911
10.221
-94.1657
3.15194
-2.28808
-1.87064
-0.669289
-20.2498
-188.313
3.55851
0.375272
0.3495
-0.230358
-1.14216
-0.412866
0.261949
1.02388
-0.253491
0.168008
-0.213915
-94.8475
2.48144
2.14298
-2.02439
-1.10592
-1.95405
-2.13628
0.325589
-0.0188304
0.117653
-0.0968245
10.4919
-84.6987
2.94093
10.3242
-66.9541
2.52643
9.7888
-49.3216
2.20622
8.98709
-32.5528
1.95516
6.68002
-19.0669
1.40008
4.60965
-8.55812
0.637507
-9.92315
-84.642
1.54953
-9.89519
-66.8341
1.07218
-9.56425
-49.232
0.596545
-8.48226
-32.9513
0.0217397
-6.74962
-18.7491
-0.0889306
-4.8599
-8.33574
-0.583546
14.9549
-129.107
4.37199
9.83227
-68.2856
2.43908
9.37733
-50.6399
1.95363
6.78371
-27.4534
1.19156
6.19965
-20.0723
0.779044
4.18594
-8.85469
-0.0133357
-10.4611
-86.0442
1.56431
-10.3793
-68.231
1.16147
-10.0543
-50.5274
0.823708
-8.67311
-34.238
0.673689
-7.38831
-19.7912
0.499271
-5.61357
-8.7449
0.191939
40.5966
-306.13
10.8434
49.3833
-293.967
11.411
35.517
-160.607
7.43097
18.8277
-66.9401
3.72143
21.6838
-55.1498
3.19606
12.9491
-16.3059
0.290006
-40.3523
-305.796
5.36622
-39.4786
-234.609
3.65757
-29.4097
-135.548
1.2408
-36.2081
-121.886
2.43161
-24.07
-54.3731
0.259722
-13.8887
-19.7532
-2.10194
-1.39133
-462.955
12.1847
-1.74811
-356.02
9.66574
-2.36518
-280.352
8.45816
-1.7693
-158.983
4.51388
-4.48241
-82.157
2.53002
-3.85256
-18.6651
-0.0784729
1.43829
-454.673
12.1435
0.540681
-289.518
8.03292
0.477654
-244.108
7.96655
1.85913
-168.515
5.80925
-0.230982
-77.4592
2.42142
-0.366758
-24.5374
0.0224737
0.0985195
-7.72319
-0.025607
-0.201536
-3.08652
0.198492
0.218404
-376.639
9.8669
-11.2891
-9.46843
-0.346263
0.00452338
1.05007
0.0680399
5.74769
-4.7033
-0.834126
35.697
-298.884
10.2664
40.1922
-270.539
9.96306
38.2039
-200.06
8.40898
46.9126
-179.205
9.31426
25.3811
-78.8893
4.75768
17.8958
-34.9572
1.59585
-45.5374
-384.008
7.01339
-49.953
-337.713
5.60924
-38.4127
-199.821
2.79847
-33.1705
-134.118
1.90186
-27.5312
-77.4215
0.909064
-19.9338
-34.75
-0.638296
-1.26881
-537.862
14.0476
-1.39985
-340.991
9.08018
-2.06819
-302.947
8.50408
-0.880166
-173.922
6.02498
-3.58902
-118.241
3.98498
-5.52412
-50.5543
0.858397
1.43558
-444.479
11.793
1.15484
-401.166
10.8529
0.40361
-294.963
8.58234
0.968792
-171.675
5.08891
0.18255
-111.348
3.81259
-0.489953
-48.3301
1.16402
8.00244
-12.8984
-0.875142
4.88251
-27.79
1.19306
