5.29654
-47.2941
1.96069
-7.43704
-70.9219
1.59457
-0.453396
-0.248405
-0.135855
0.186279
0.0348289
0.0657408
4.99223
-48.1812
1.9546
-7.89159
-72.2818
1.60973
-0.16784
-0.00281637
0.0866059
0.296276
-0.149325
-0.136721
10.5331
-76.8981
3.4136
10.2381
-59.0746
2.96134
11.832
-51.9341
3.29063
5.99691
-19.883
1.69666
5.8774
-13.8228
1.27138
3.45507
-4.85329
0.535522
-9.92585
-76.8164
1.62023
-9.79448
-58.9207
1.09635
-6.82583
-31.4653
0.312515
-9.65025
-31.9803
0.284203
-5.98416
-13.5673
-0.250674
-3.65807
-4.73218
-0.975283
9.95071
-78.6473
3.37229
9.67438
-60.7811
2.81556
10.0548
-48.2417
2.51051
5.62222
-21.1086
1.00927
5.31079
-14.7192
0.687326
3.43123
-4.7917
-0.394828
-10.5314
-78.5859
1.65948
-10.3724
-60.6823
1.22952
-7.12055
-32.6642
0.668561
-10.2587
-34.0073
1.02566
-6.835
-14.4499
0.414613
-2.97895
-4.30675
-0.0478941
0.51656
-141.868
4.54727
1.82144
-2.05082
0.190721
10.2722
-95.4803
3.90625
-2.34894
-1.9358
-0.68748
-20.3291
-190.945
4.27646
0.403934
0.366407
-0.229348
-1.18018
-0.428791
0.259821
1.06142
-0.272187
0.176381
-0.241545
-96.3596
3.03615
2.18652
-2.19318
-1.07085
-2.04654
-2.28799
0.334851
-0.0278442
0.115717
-0.095619
10.5791
-85.7815
3.66443
10.4275
-67.9831
3.17637
9.9274
-50.2831
2.75856
9.15448
-33.384
2.39524
6.88177
-19.6594
1.71232
4.79359
-8.87504
0.817628
-9.92325
-85.7303
1.87985
-9.89602
-67.8707
1.35198
-9.58114
-50.196
0.822035
-8.54043
-33.7642
0.18259
-6.84545
-19.3317
0.00234531
-4.95813
-8.63135
-0.55866
14.9792
-131.322
5.45963
9.85612
-69.6962
3.09425
9.41916
-51.9439
2.51622
6.84199
-28.3546
1.55597
6.30667
-20.8895
1.09664
4.27622
-9.31634
0.157619
-10.5312
-87.5212
1.89342
-10.4631
-69.6363
1.43564
-10.1674
-51.8246
1.03902
-8.84
-35.3414
0.819489
-7.58508
-20.5916
0.58709
-5.80989
-9.18979
0.224077
40.8234
-311.131
13.6047
49.7489
-299.864
14.4574
35.9188
-164.747
9.37046
19.1631
-69.0258
4.67018
22.274
-57.3506
4.19724
13.3717
-17.1616
0.699001
-40.5196
-310.818
6.57989
-39.6988
-239.356
4.66307
-29.6997
-138.96
1.87548
-36.8269
-125.938
2.98328
-24.6343
-56.5305
0.510091
-14.3262
-20.6486
-2.10014
-1.55873
-471.63
15.1577
-1.92737
-364.193
12.2248
-2.61529
-288.545
10.7574
-1.99194
-164.798
6.01039
-4.75788
-85.9453
3.45106
-4.11164
-19.8708
0.169613
1.72086
-461.035
15.1198
0.828683
-294.579
10.175
0.844593
-249.551
10.0155
2.1864
-173.387
7.53088
0.0502877
-80.1252
3.36497
-0.155767
-25.4948
0.391539
0.238856
-8.03277
0.113516
-0.269339
-3.39841
0.290405
0.242473
-381.9
12.0902
-11.6786
-9.94626
-0.37286
-0.0177864
1.06049
0.0493675
5.94164
-5.01564
-0.714636
35.8818
-303.363
12.7987
40.4455
-275.419
12.5743
38.5604
-204.59
10.6402
47.5363
-184.438
11.6989
25.9714
-81.6984
6.02313
18.437
-36.5161
2.31783
-45.7173
-389.789
8.49824
-50.1932
-343.829
6.99974
-38.6822
-204.35
3.68914
-33.6265
-137.954
2.50561
-28.0869
-80.2182
1.27774
-20.4674
-36.2625
-0.516276
-1.44804
-547.095
17.3363
-1.535
-348.055
11.3955
-2.26034
-310.772
10.8292
-1.10246
-179.612
7.52295
-3.81648
-123.101
5.1973
-5.85911
-53.2288
1.47877
1.66683
-450.184
14.5572
1.46213
-407.376
13.632
0.766448
-300.77
10.9103
1.26475
-175.982
6.66142
0.48682
-114.888
5.0476
-0.241911
-50.1178
1.81673
8.15926
-13.791
-0.564054
4.92198
-28.6255
1.5147
