5.31825
-47.6634
2.33635
-7.4018
-71.4788
1.8481
-0.464148
-0.254322
-0.141997
0.194743
0.034937
0.0702395
4.98314
-48.7576
2.33012
-7.90169
-73.1452
1.86145
-0.17548
-0.00491444
0.09031
0.30354
-0.155803
-0.138742
10.5845
-77.6532
4.10668
10.3173
-59.8563
3.57442
11.9936
-52.8918
3.91405
6.11919
-20.3534
1.98264
6.06324
-14.239
1.52866
3.59543
-5.0281
0.6553
-9.87747
-77.5792
1.90977
-9.75415
-59.7123
1.34273
-6.82234
-32.0231
0.461645
-9.70776
-32.7819
0.438024
-6.06167
-13.9662
-0.187585
-3.72833
-4.88166
-0.976992
9.935
-79.8114
4.0682
9.67408
-61.9414
3.437
10.0828
-49.4697
3.08401
5.67309
-21.7722
1.30991
5.4008
-15.333
0.944877
3.49267
-5.08568
-0.289127
-10.5492
-79.7496
1.94588
-10.4159
-61.8362
1.46719
-7.19395
-33.469
0.804473
-10.4448
-35.1339
1.16152
-7.01476
-15.0392
0.475712
-3.08491
-4.53035
-0.0422834
0.583231
-142.979
5.36199
1.9065
-2.134
0.244234
10.2852
-96.4261
4.65782
-2.40166
-1.99531
-0.702827
-20.3059
-192.839
4.95058
0.432406
0.382522
-0.226973
-1.21458
-0.443376
0.256429
1.09641
-0.290833
0.184504
-0.258838
-97.5125
3.57831
2.22334
-2.36184
-1.02866
-2.13384
-2.43715
0.342979
-0.0369894
0.113117
-0.0940044
10.6245
-86.5247
4.38839
10.4903
-68.7519
3.83259
10.0299
-51.0628
3.32043
9.29088
-34.105
2.84572
7.06457
-20.1923
2.03433
4.96673
-9.16791
1.00537
-9.87538
-86.4795
2.19167
-9.84917
-68.6481
1.62103
-9.55268
-50.9787
1.04379
-8.56033
-34.4638
0.345101
-6.91303
-19.8552
0.0964957
-5.03741
-8.90233
-0.529625
14.9516
-133.057
6.54811
9.84601
-70.8652
3.75608
9.4289
-53.082
3.08966
6.87773
-29.1758
1.93048
6.39567
-21.6569
1.42645
4.3546
-9.76142
0.338
-10.5457
-88.6777
2.20382
-10.4932
-70.7993
1.69814
-10.2311
-52.9551
1.24868
-8.96806
-36.3431
0.962772
-7.75261
-21.3414
0.674213
-5.98741
-9.61658
0.256375
40.8995
-314.969
16.3803
49.9343
-304.7
17.5483
36.1971
-168.353
11.3523
19.4388
-70.9077
5.64687
22.805
-59.4085
5.23826
13.7608
-17.9862
1.1315
-40.4838
-314.68
7.73396
-39.7245
-243.257
5.63815
-29.852
-141.916
2.50686
-37.29
-129.629
3.53169
-25.1043
-58.5437
0.768131
-14.716
-21.4964
-2.08728
-1.66535
-478.619
18.0955
-2.05087
-371.146
14.7846
-2.81344
-295.866
13.0821
-2.18022
-170.18
7.54308
-5.0024
-89.5494
4.40372
-4.35765
-21.0519
0.431104
2.02413
-465.6
18.062
1.13982
-298.544
12.3188
1.24078
-254.128
12.0877
2.53463
-177.714
9.29614
0.355626
-82.5607
4.3464
0.072122
-26.3846
0.785641
0.387659
-8.32176
0.264075
-0.337441
-3.71216
0.386124
0.292821
-385.686
14.2639
-12.0318
-10.4031
-0.397445
-0.0402831
1.06655
0.0298356
6.12064
-5.32302
-0.583411
35.9335
-306.686
15.3325
40.5506
-279.295
15.2114
38.781
-208.425
12.9123
48.0002
-189.108
14.145
26.4882
-84.2857
7.3316
18.9312
-37.9932
3.07387
-45.6671
-394.086
9.89951
-50.1846
-348.692
8.33492
-38.7661
-208.183
4.56221
-33.9338
-141.361
3.10542
-28.5292
-82.7962
1.65157
-20.927
-37.6891
-0.385429
-1.56379
-554.325
20.5676
-1.61998
-353.913
13.697
-2.3998
-317.604
13.1685
-1.29487
-184.792
9.04232
-4.00811
-127.667
6.44321
-6.16784
-55.8071
2.12652
1.9148
-454.108
17.2738
1.79231
-412.029
16.3965
1.15885
-305.494
13.2541
1.5822
-179.705
8.26543
0.815727
-118.082
6.32214
0.0278556
-51.7676
2.50214
8.29341
-14.6705
-0.230356
4.94599
-29.3755
1.84355
