5.32444
-47.817
2.58282
-7.36262
-71.7114
2.01542
-0.470192
-0.257651
-0.145734
0.200008
0.0349098
0.0731302
4.96976
-49.0465
2.57649
-7.89125
-73.5779
2.02754
-0.180192
-0.00628641
0.0925862
0.307697
-0.159752
-0.139818
10.6022
-78.0038
4.56256
10.3535
-60.2571
3.9787
12.0815
-53.4207
4.32569
6.1902
-20.6235
2.17153
6.17621
-14.4852
1.69909
3.6823
-5.13342
0.734723
-9.82435
-77.935
2.10232
-9.70658
-60.1198
1.50829
-6.80516
-32.3288
0.5633
-9.72395
-33.2454
0.544737
-6.09888
-14.2011
-0.142076
-3.766
-4.97015
-0.974408
9.90983
-80.4291
4.52591
9.65908
-62.5891
3.84684
10.0852
-50.1844
3.4631
5.69699
-22.1675
1.50939
5.4503
-15.7075
1.11621
3.52626
-5.26939
-0.217328
-10.5383
-80.367
2.13622
-10.4226
-62.4796
1.62666
-7.22728
-33.9351
0.896691
-10.5459
-35.8078
1.25472
-7.11915
-15.3977
0.518268
-3.14874
-4.66862
-0.0375366
0.630992
-143.442
5.89746
1.95964
-2.18474
0.279861
10.2783
-96.8688
5.15092
-2.4309
-2.03026
-0.710622
-20.2467
-193.725
5.39542
0.450803
0.392456
-0.22475
-1.23472
-0.452034
0.25365
1.1174
-0.302684
0.189447
-0.266271
-98.0904
3.9346
2.24309
-2.46839
-0.997975
-2.18731
-2.53055
0.34819
-0.0430127
0.111193
-0.0927157
10.6382
-86.8513
4.86394
10.5156
-69.1279
4.26481
10.0819
-51.4786
3.69132
9.36627
-34.5138
3.14339
7.17398
-20.5037
2.2474
5.07303
-9.34279
1.12993
-9.82257
-86.8101
2.39816
-9.79714
-69.0298
1.80085
-9.51329
-51.3964
1.19374
-8.55459
-34.8578
0.456877
-6.94188
-20.1609
0.162695
-5.07806
-9.06295
-0.506763
14.9112
-133.952
7.26309
9.82451
-71.5024
4.19198
9.42058
-53.7313
3.46832
6.88994
-29.6609
2.17831
6.44313
-22.1205
1.64541
4.39802
-10.0355
0.458645
-10.5324
-89.2742
2.40929
-10.4906
-71.4325
1.8734
-10.2516
-53.5992
1.39014
-9.03376
-36.933
1.06059
-7.84725
-21.7936
0.734365
-6.09256
-9.8786
0.279439
40.8878
-316.906
18.2059
49.9798
-307.308
19.5868
36.3236
-170.406
12.6619
19.589
-72.0103
6.29322
23.1167
-60.6478
5.9288
13.9931
-18.4941
1.42019
-40.373
-316.632
8.50123
-39.6564
-245.366
6.29295
-29.8883
-143.591
2.93647
-37.5148
-131.807
3.90957
-25.3601
-59.754
0.950245
-14.9418
-22.0113
-2.06895
-1.71247
-482.329
20.0334
-2.11123
-375.026
16.4808
-2.92384
-300.124
14.6287
-2.29116
-173.397
8.56797
-5.15008
-91.7478
5.04278
-4.51137
-21.7881
0.608675
2.23942
-467.727
20.0034
1.35824
-300.587
13.7399
1.51719
-256.652
13.4672
2.77723
-180.215
10.4773
0.568836
-84.0012
5.00707
0.230329
-26.9174
1.05456
0.489418
-8.4948
0.367032
-0.382027
-3.91143
0.450009
0.339037
-387.458
15.6925
-12.2396
-10.6822
-0.40992
-0.0546367
1.06856
0.0167142
6.22761
-5.51517
-0.493845
35.9134
-308.3
16.9968
40.5582
-281.321
16.9484
38.8662
-210.554
14.4124
48.2293
-191.82
15.7628
26.7852
-85.8259
8.19825
19.2244
-38.8917
3.5766
-45.5354
-396.178
10.8273
-50.0711
-351.237
9.22696
-38.7385
-210.311
5.15197
-34.0631
-143.332
3.51621
-28.7593
-84.3319
1.91157
-21.1853
-38.5535
-0.288645
-1.61559
-558.054
22.6951
-1.6572
-357.107
15.2185
-2.47183
-321.502
14.7219
-1.40944
-187.849
10.0545
-4.12049
-130.425
7.27693
-6.35768
-57.3952
2.56326
2.09168
-455.838
19.0626
2.02538
-414.313
18.225
1.43343
-308.02
14.8114
1.80331
-181.807
9.337
1.04523
-119.954
7.1773
0.216217
-52.751
2.9656
8.3662
-15.2209
-0.00492086
4.95426
-29.8133
2.06127
