5.32624
-47.9054
2.82396
-7.31392
-71.8459
2.18651
-0.475164
-0.260391
-0.14908
0.204837
0.0348022
0.0758612
4.95194
-49.2623
2.81754
-7.87134
-73.9008
2.19744
-0.184483
-0.00759624
0.0946671
0.311141
-0.163241
-0.140668
10.6108
-78.2419
5.00794
10.3798
-60.5633
4.3732
12.1553
-53.8556
4.72685
6.25258
-20.8537
2.35507
6.27843
-14.7002
1.86435
3.76185
-5.2268
0.811491
-9.75863
-78.178
2.29979
-9.64629
-60.4324
1.67844
-6.77805
-32.5783
0.668178
-9.72325
-33.6425
0.656716
-6.12381
-14.4054
-0.0929769
-3.79524
-5.04727
-0.9682
9.87564
-80.9187
4.97299
9.63443
-63.1276
4.24658
10.0758
-50.8003
3.83243
5.71262
-22.5145
1.7035
5.48976
-16.0425
1.28279
3.55268
-5.4368
-0.146576
-10.5147
-80.8563
2.3315
-10.4161
-63.0139
1.7908
-7.25013
-34.3352
0.992154
-10.6293
-36.4013
1.35278
-7.20996
-15.7177
0.56343
-3.20587
-4.79378
-0.0315109
0.68173
-143.709
6.42881
2.00866
-2.23019
0.314367
10.2626
-97.1731
5.63337
-2.45452
-2.06041
-0.715932
-20.1619
-194.335
5.8504
0.468391
0.401493
-0.22211
-1.25211
-0.45963
0.250586
1.13591
-0.313688
0.193787
-0.271819
-98.5221
4.28815
2.25827
-2.56631
-0.966224
-2.23577
-2.616
0.353506
-0.0488796
0.109238
-0.0912673
10.643
-87.0564
5.32887
10.5314
-69.4003
4.68682
10.1233
-51.8094
4.05299
9.4302
-34.8581
3.43306
7.27203
-20.773
2.45427
5.16983
-9.49671
1.25064
-9.75711
-87.019
2.60967
-9.73251
-69.3076
1.98542
-9.46099
-51.729
1.34815
-8.53535
-35.1874
0.572991
-6.95757
-20.4247
0.232757
-5.10792
-9.20331
-0.48038
14.8575
-134.641
7.96202
9.79375
-72.0207
4.61743
9.40225
-54.2814
3.83741
6.89335
-30.084
2.41949
6.47974
-22.532
1.85828
4.43283
-10.2825
0.576234
-10.5066
-89.7335
2.61979
-10.4752
-71.9469
2.05348
-10.2586
-54.1444
1.53614
-9.08523
-37.4462
1.16265
-7.92783
-22.1944
0.797738
-6.18537
-10.1142
0.30464
40.8399
-318.362
19.9893
49.9768
-309.408
21.5756
36.4088
-172.142
13.9378
19.7118
-72.9653
6.92157
23.3879
-61.7454
6.5987
14.1979
-18.9517
1.70034
-40.2111
-318.102
9.28819
-39.5364
-247.066
6.96612
-29.8807
-145.001
3.37985
-37.675
-133.704
4.30626
-25.5671
-60.8243
1.14397
-15.1356
-22.4698
-2.04057
-1.74869
-485.269
21.9545
-2.16152
-378.252
18.1612
-3.02305
-303.79
16.1602
-2.39432
-176.227
9.58307
-5.28726
-93.714
5.67519
-4.65494
-22.458
0.785798
2.46528
-469.178
21.9282
1.5834
-302.156
15.148
1.79983
-258.726
14.8345
3.02645
-182.357
11.6475
0.786616
-85.2586
5.66218
0.39108
-27.3866
1.32274
0.591578
-8.64669
0.469312
-0.42532
-4.09542
0.512526
0.39315
-388.677
17.11
-12.4206
-10.9317
-0.417485
-0.0679978
1.06925
0.00377113
6.32191
-5.69034
-0.405703
35.8622
-309.462
18.624
40.5285
-282.903
18.644
38.9106
-212.315
15.8748
48.3994
-194.151
17.3372
27.0394
-87.1773
9.03973
19.4817
-39.6935
4.0642
-45.3462
-397.688
11.7777
-49.8932
-353.225
10.1428
-38.6581
-212.07
5.75951
-34.1376
-145.02
3.94419
-28.9369
-85.6799
2.18511
-21.4007
-39.3225
-0.181393
-1.65553
-560.926
24.8049
-1.68588
-359.707
16.7261
-2.53404
-324.804
16.2604
-1.51589
-190.513
11.057
-4.22431
-132.874
8.10187
-6.53412
-58.8264
2.9965
2.27848
-456.929
20.8367
2.26798
-415.973
20.0374
1.7151
-310.034
16.3546
2.02956
-183.572
10.3993
1.27987
-121.574
8.02481
0.408469
-53.6148
3.42579
8.42284
-15.7232
0.216204
4.95678
-30.1914
2.27392
