5.32533
-47.9354
3.05811
-7.25821
-71.8928
2.36554
-0.478937
-0.26247
-0.151954
0.209125
0.0346147
0.0783728
4.93068
-49.4074
3.05159
-7.84553
-74.1178
2.37537
-0.188263
-0.00881224
0.0965214
0.313742
-0.166144
-0.141285
10.6135
-78.3753
5.43838
10.3986
-60.7764
4.75285
12.2163
-54.1918
5.11156
6.30608
-21.0397
2.53004
6.36829
-14.8791
2.02098
3.8325
-5.30591
0.883719
-9.68366
-78.3159
2.50641
-9.57642
-60.6513
1.85597
-6.74263
-32.7693
0.777349
-9.70648
-33.9654
0.775368
-6.136
-14.5746
-0.0397224
-3.81525
-5.11116
-0.957915
9.83436
-81.2794
5.40492
9.6017
-63.5503
4.63094
10.0558
-51.3051
4.1862
5.71969
-22.805
1.88851
5.51786
-16.3288
1.44097
3.57094
-5.58282
-0.0785864
-10.4831
-81.2165
2.53604
-10.4004
-63.4326
1.96265
-7.26424
-34.6616
1.09235
-10.6956
-36.9
1.45779
-7.28627
-15.9907
0.61204
-3.25532
-4.90232
-0.0238544
0.735497
-143.801
6.95771
2.05253
-2.26916
0.346862
10.2406
-97.3484
6.1018
-2.47188
-2.08495
-0.718366
-20.0593
-194.687
6.32664
0.484887
0.409435
-0.219135
-1.26637
-0.466007
0.24734
1.15145
-0.323541
0.19735
-0.276788
-98.8124
4.64011
2.26831
-2.6525
-0.934211
-2.27826
-2.69107
0.359136
-0.0545139
0.107348
-0.0896674
10.6422
-87.151
5.77923
10.5406
-69.5738
5.09379
10.1558
-52.0537
4.40038
9.48336
-35.1325
3.70992
7.35753
-20.9945
2.65092
5.25538
-9.62603
1.36474
-9.68235
-87.1171
2.83115
-9.65857
-69.4861
2.17821
-9.3986
-51.9749
1.50916
-8.50407
-35.4478
0.694605
-6.96006
-20.6413
0.307469
-5.12627
-9.32014
-0.449983
14.7935
-135.127
8.63891
9.75552
-72.4162
5.02747
9.37519
-54.7234
4.19153
6.88827
-30.4356
2.64981
6.50437
-22.8808
2.06074
4.45779
-10.4953
0.688038
-10.4729
-90.0576
2.8403
-10.4512
-72.3386
2.24204
-10.2554
-54.5817
1.68918
-9.12376
-37.8714
1.27076
-7.99414
-22.5337
0.865489
-6.26448
-10.317
0.33265
40.7658
-319.35
21.7127
49.9356
-310.986
23.4885
36.4568
-173.533
15.1602
19.8066
-73.7525
7.52037
23.6131
-62.6731
7.23342
14.3706
-19.346
1.96479
-40.0134
-319.103
10.1119
-39.3778
-248.346
7.66909
-29.8365
-146.124
3.84213
-37.773
-135.28
4.72839
-25.7232
-61.7274
1.35178
-15.2939
-22.8593
-2.00053
-1.78172
-487.435
23.8584
-2.20874
-380.782
19.8194
-3.11688
-306.793
17.6659
-2.49342
-178.604
10.5781
-5.4157
-95.3942
6.29271
-4.78696
-23.0416
0.959917
2.70097
-469.999
23.8359
1.81302
-303.256
16.5378
2.08512
-260.326
16.1805
3.28021
-184.099
12.7943
1.00599
-86.3045
6.30269
0.552117
-27.7805
1.58538
0.692685
-8.77321
0.568596
-0.466829
-4.25832
0.572511
0.452716
-389.38
18.5209
-12.571
-11.1445
-0.418818
-0.0800113
1.06881
-0.008785
6.40131
-5.84318
-0.321498
35.7889
-310.195
20.2001
40.4709
-284.041
20.2787
38.9203
-213.687
17.2786
48.5137
-196.056
18.8414
27.2465
-88.3079
9.83922
19.6973
-40.3772
4.52522
-45.117
-398.644
12.7729
-49.6689
-354.658
11.1001
-38.5368
-213.44
6.39375
-34.1622
-146.395
4.39564
-29.0619
-86.8082
2.4757
-21.5702
-39.9756
-0.061683
-1.69156
-562.954
26.9005
-1.71248
-361.691
18.2168
-2.5929
-327.458
17.7755
-1.61711
-192.725
12.042
-4.32304
-134.95
8.90858
-6.69695
-60.0599
3.42004
2.47498
-457.438
22.5989
2.51866
-417.038
21.8299
2.00051
-311.527
17.8751
2.2584
-184.972
11.4428
1.51665
-122.91
8.85448
0.601904
-54.3382
3.87549
8.46105
-16.1621
0.427581
4.95381
-30.5021
2.47836
