5.38981
-40.9628
1.22146
-7.4908
-61.3985
0.359744
-0.264571
-0.13615
-0.0831009
0.101812
0.0279908
0.0352255
5.19956
-41.9179
1.20613
-7.76099
-62.8923
0.390258
-0.0884759
0.00649511
0.0471926
0.166977
-0.0731829
-0.0882156
10.6273
-63.9128
2.12987
9.97136
-45.8316
1.84797
10.654
-35.9973
2.11763
4.80659
-12.2804
1.08912
3.9545
-7.29283
0.606113
2.04648
-2.13754
0.201269
-9.98628
-63.7327
0.202972
-9.65539
-45.5584
-0.107191
-6.2825
-22.1434
-0.489913
-7.83523
-19.0515
-0.519679
-4.21721
-7.25391
-0.570689
-2.28903
-2.20608
-0.817337
10.2984
-65.744
2.03133
9.65906
-47.4751
1.5484
9.34781
-33.7892
1.17041
4.6529
-13.3105
0.192096
3.66732
-7.88834
0.00844216
2.14856
-1.96364
-0.506362
-10.3621
-65.5887
0.286561
-9.98896
-47.2752
0.14476
-6.30194
-23.1645
0.0595436
-8.00095
-20.6348
0.445773
-4.70118
-7.77635
0.0486032
-1.81783
-2.05109
-0.117798
0.622219
-122.849
2.22192
0.999026
-0.786157
0.0600001
10.5577
-82.8916
2.40993
-1.40514
-0.82519
-0.492642
-20.1229
-165.74
1.01861
0.254696
0.263751
-0.152556
-0.6836
-0.217485
0.172894
0.608189
-0.115496
0.102646
0.0766553
-83.8253
1.48376
1.31757
-0.719345
-0.847765
-1.13869
-0.910468
0.164582
0.000199909
0.100973
-0.0694816
10.7419
-72.9906
2.28606
10.3826
-54.8202
1.97765
9.35415
-37.1763
1.71607
7.96652
-21.6804
1.47944
5.00064
-11.1707
0.933439
3.02531
-4.33197
0.322417
-9.99705
-72.8697
0.352297
-9.89445
-54.5937
0.0383877
-9.21755
-37.0611
-0.283723
-7.45827
-22.2102
-0.758954
-5.14529
-10.973
-0.488403
-3.28877
-4.32055
-0.660619
15.5953
-112.317
3.34071
10.0649
-56.5394
1.79576
9.1337
-38.7006
1.26265
6.07823
-18.6824
0.646753
4.70886
-12.0635
0.188001
2.78629
-4.60043
-0.246906
-10.3705
-74.8021
0.380381
-10.2103
-56.3833
0.205995
-9.55356
-38.5062
0.092356
-7.31981
-23.4761
0.182685
-5.56289
-11.8357
0.152312
-3.76017
-4.58926
-0.0321853
41.5967
-259.385
8.40314
49.2013
-233.623
8.52189
33.2032
-115.242
5.12184
15.8142
-43.5117
2.27407
15.491
-30.6626
1.37833
8.47675
-7.31698
-0.387164
-39.9632
-258.714
1.03911
-38.2553
-185.987
0.0998028
-26.6572
-98.1292
-1.31213
-29.3329
-76.3009
0.378521
-17.4078
-30.4561
-0.998717
-9.01524
-9.87891
-2.05503
0.0866264
-393.812
7.05244
-0.882187
-283.753
5.16673
-1.70793
-201.815
4.08422
-0.830893
-101.062
0.809272
-3.31893
-45.4344
0.170086
-2.46516
-8.39184
-0.726631
1.71121
-382.668
7.05568
0.236147
-227.639
4.41678
0.139185
-173.424
4.42108
1.84336
-103.511
2.24154
-0.301707
-41.7305
0.178732
-0.217454
-10.7599
-0.897301
0.154706
-2.76325
-0.417315
-0.0618965
-0.791481
-0.160306
1.06291
-331.514
5.82894
-7.03337
-4.08568
-0.594221
0.0894645
0.830463
-0.00694862
3.563
-1.75136
-0.750392
36.7776
-258.836
7.94237
40.7352
-222.823
7.63083
36.9527
-151.949
6.10293
42.3965
-120.592
6.19204
19.3773
-47.2068
2.62663
12.1663
-18.0027
0.28754
-45.2486
-332.238
1.68338
-49.0027
-277.622
0.69295
-36.3474
-151.672
-0.44328
-28.2813
-91.0358
-0.407515
-21.0833
-46.0467
-0.692983
-13.6626
-18.2492
-1.37175
0.565008
-467.755
8.23447
-0.504963
-281.729
5.10648
-1.49459
-230.525
4.26887
0.0036037
-118.277
3.03083
-2.81456
-70.101
1.00837
-3.79196
-25.7191
-0.739709
1.86003
-382.8
6.95302
1.17302
-327.797
6.14914
-0.0883341
-221.441
4.55651
0.913765
-114.595
1.78489
-0.0703932
-64.0292
1.05085
-0.378292
-24.0833
-0.457886
5.26644
-4.99275
-1.2671
4.48488
-19.3591
0.719184
