5.32075
-47.8446
3.49956
-7.13458
-71.7594
2.76181
-0.482485
-0.264426
-0.156019
0.215709
0.0340075
0.0825254
4.88076
-49.4943
3.49284
-7.78883
-74.247
2.76986
-0.193991
-0.0108569
0.0994466
0.315992
-0.169756
-0.141794
10.6113
-78.3557
6.23879
10.4214
-60.9296
5.44969
12.3035
-54.5531
5.81042
6.38531
-21.2662
2.84273
6.50507
-15.1132
2.29586
3.94158
-5.41366
1.00787
-9.51783
-78.3031
2.96159
-9.41908
-60.8134
2.2424
-6.65276
-32.9682
1.01192
-9.62824
-34.3644
1.03689
-6.12112
-14.7928
0.080787
-3.82522
-5.19319
-0.923815
9.73624
-81.6103
6.20749
9.51636
-64.0255
5.33491
9.98613
-51.9405
4.8265
5.707
-23.1885
2.21797
5.53529
-16.7243
1.71938
3.57959
-5.79353
0.0430351
-10.4123
-81.5464
2.98772
-10.3553
-63.9011
2.33957
-7.27243
-35.0678
1.31175
-10.7801
-37.5643
1.69521
-7.39273
-16.3668
0.722145
-3.32804
-5.05775
-0.0025519
0.851385
-143.531
8.01405
2.1212
-2.32371
0.402671
10.1866
-97.3446
6.98485
-2.48575
-2.11466
-0.71343
-19.8284
-194.681
7.38151
0.513581
0.421355
-0.212511
-1.2842
-0.474608
0.240669
1.17196
-0.338738
0.201555
-0.290331
-98.9862
5.34324
2.27107
-2.77919
-0.872272
-2.34219
-2.80186
0.372002
-0.0648277
0.104095
-0.0860443
10.6347
-87.047
6.62251
10.5486
-69.6407
5.84554
10.2001
-52.2799
5.03431
9.55917
-35.4542
4.20806
7.48652
-21.2763
2.99921
5.38644
-9.79886
1.56334
-9.51679
-87.0184
3.32107
-9.49453
-69.5605
2.60019
-9.25364
-52.2031
1.8579
-8.41093
-35.7456
0.957865
-6.92589
-20.9152
0.473078
-5.12641
-9.47254
-0.375791
14.6432
-135.503
9.90577
9.66187
-72.8254
5.78381
9.29852
-55.2527
4.83582
6.85317
-30.8927
3.06304
6.51362
-23.3538
2.41903
4.47394
-10.7942
0.884653
-10.3985
-90.3077
3.32855
-10.3926
-72.7414
2.657
-10.2305
-55.1034
2.02455
-9.16705
-38.4207
1.51091
-8.08357
-22.9928
1.01768
-6.37726
-10.6017
0.399154
40.5701
-319.972
24.9166
49.7698
-312.538
26.995
36.4528
-175.184
17.3736
19.9089
-74.7562
8.58827
23.9061
-63.9261
8.34581
14.6031
-19.9008
2.42129
-39.5644
-319.746
11.9279
-38.9931
-249.617
9.20242
-29.6634
-147.438
4.83964
-37.7938
-137.322
5.66951
-25.8778
-62.9427
1.81669
-15.4923
-23.3901
-1.88069
-1.86963
-489.423
27.6123
-2.32227
-383.622
23.0449
-3.31228
-310.565
20.5607
-2.6948
-181.76
12.4694
-5.65392
-97.7157
7.45277
-5.01197
-23.8834
1.28974
3.19581
-469.913
27.5974
2.27501
-304.075
19.2413
2.64828
-262.037
18.7733
3.7911
-186.253
14.9721
1.43718
-87.6688
7.50629
0.866013
-28.3033
2.07612
0.886095
-8.93641
0.749634
-0.542868
-4.50126
0.680776
0.576859
-389.367
21.3384
-12.7684
-11.4364
-0.398642
-0.0988821
1.06535
-0.031999
6.50788
-6.06394
-0.173784
35.6049
-310.45
23.1511
40.3002
-284.994
23.296
38.854
-215.195
19.8361
48.5837
-198.435
21.5441
27.5043
-89.7994
11.2525
19.9838
-41.318
5.32707
-44.6006
-398.993
14.9752
-49.145
-355.862
13.1986
-38.2134
-214.944
7.77154
-34.0804
-148.095
5.38869
-29.1555
-88.2991
3.11838
-21.7619
-40.8669
0.220786
-1.78444
-564.52
31.0596
-1.78563
-363.747
21.1358
-2.72656
-330.636
20.7039
-1.8165
-195.596
13.93
-4.51903
-137.768
10.4323
-6.98205
-61.7964
4.21518
2.89332
-456.912
26.0965
3.03591
-417.476
25.3405
2.56782
-312.925
20.8159
2.71259
-186.592
13.4384
1.98401
-124.615
10.4223
0.981284
-55.2965
4.71676
8.47432
-16.7983
0.801861
4.93188
-30.8954
2.85141
