5.31896
-47.7331
3.70447
-7.07028
-71.593
2.98474
-0.482128
-0.26423
-0.157112
0.217862
0.0335937
0.0840797
4.85295
-49.4392
3.69766
-7.76314
-74.1639
2.99217
-0.195825
-0.0116456
0.10048
0.315481
-0.170302
-0.141678
10.6099
-78.2137
6.60234
10.4279
-60.8724
5.75947
12.3308
-54.5731
6.11572
6.41041
-21.3021
2.97563
6.54959
-15.1626
2.40897
3.97781
-5.4395
1.05704
-9.43181
-78.1631
3.21576
-9.33618
-60.759
2.45474
-6.6008
-32.9737
1.13843
-9.56847
-34.4317
1.18107
-6.09392
-14.8366
0.148413
-3.81444
-5.20918
-0.899641
9.68104
-81.5793
6.57163
9.465
-64.0695
5.64686
9.93708
-52.0555
5.10456
5.68661
-23.2709
2.35701
5.52276
-16.8218
1.83434
3.56872
-5.85167
0.0941719
-10.3798
-81.515
3.2406
-10.3316
-63.9428
2.54842
-7.26916
-35.138
1.43262
-10.7997
-37.7115
1.82986
-7.42202
-16.459
0.784445
-3.35016
-5.1002
0.0114617
0.912718
-143.197
8.54366
2.14459
-2.33781
0.424679
10.1571
-97.178
7.3947
-2.4816
-2.11895
-0.705687
-19.7116
-194.349
7.97538
0.525346
0.425066
-0.209017
-1.28734
-0.476661
0.237395
1.1763
-0.343665
0.201972
-0.301444
-98.8759
5.6959
2.2631
-2.81567
-0.84355
-2.36244
-2.8345
0.379474
-0.0694067
0.102861
-0.0840359
10.6316
-86.8633
7.00978
10.5504
-69.5411
6.18329
10.2136
-52.2609
5.31337
9.58224
-35.4953
4.4222
7.52814
-21.3301
3.14487
5.42943
-9.838
1.64379
-9.43081
-86.8363
3.5962
-9.40919
-69.4632
2.83386
-9.17523
-52.1845
2.04812
-8.35147
-35.7776
1.10063
-6.88967
-20.9661
0.564588
-5.10766
-9.50428
-0.331658
14.5596
-135.396
10.4872
9.60796
-72.8339
6.12294
9.24988
-55.3285
5.11816
6.82317
-30.9862
3.23983
6.49651
-23.4644
2.56858
4.46347
-10.8714
0.965523
-10.3648
-90.2363
3.60304
-10.3643
-72.7476
2.88812
-10.2136
-55.1766
2.20985
-9.17403
-38.5305
1.64494
-8.10677
-23.0997
1.10328
-6.4094
-10.6755
0.438314
40.4586
-319.626
26.3713
49.6551
-312.499
28.5506
36.4041
-175.41
18.3355
19.9146
-74.9478
9.04038
23.966
-64.2164
8.80229
14.6566
-20.0449
2.60301
-39.3354
-319.406
12.9428
-38.7868
-249.594
10.0469
-29.5455
-147.603
5.38038
-37.7222
-137.737
6.1952
-25.8753
-63.2215
2.07571
-15.5286
-23.516
-1.79946
-1.93939
-489.237
29.4603
-2.40189
-383.883
24.6012
-3.42519
-311.242
21.9322
-2.8044
-182.453
13.3491
-5.76738
-98.2889
7.98221
-5.10346
-24.1162
1.44137
3.45067
-469.07
29.4489
2.50172
-303.807
20.5456
2.91843
-262.123
20.0045
4.04251
-186.617
15.9828
1.64302
-87.9536
8.0547
1.01461
-28.4184
2.2964
0.975804
-8.96822
0.827699
-0.576781
-4.57383
0.727364
0.635422
-388.701
22.7507
-12.8111
-11.5068
-0.375721
-0.105358
1.06262
-0.0423518
6.53211
-6.12503
-0.113924
35.5035
-310.003
24.5063
40.1965
-284.811
24.6501
38.7835
-215.308
20.9591
48.5412
-198.854
22.7032
27.5484
-90.1205
11.8416
20.0467
-41.5482
5.65131
-44.3389
-398.426
16.2124
-48.8718
-355.639
14.3626
-38.0289
-215.055
8.52558
-33.9826
-148.381
5.93688
-29.1257
-88.6221
3.47351
-21.7812
-41.0798
0.385126
-1.85682
-564.075
33.1267
-1.84443
-363.792
22.5585
-2.81357
-331.091
22.1029
-1.92096
-196.179
14.8199
-4.62271
-138.429
11.134
-7.10493
-62.2476
4.57697
3.11193
-455.954
27.8346
3.29735
-416.89
27.0513
2.84221
-312.825
22.2216
2.93205
-186.78
14.375
2.20832
-124.944
11.1437
1.16195
-55.507
5.0967
8.4463
-16.9762
0.956865
4.91285
-30.9683
3.01536
