5.31814
-47.4916
3.98966
-6.9742
-71.2314
3.35524
-0.478856
-0.26243
-0.157502
0.219538
0.0328456
0.0856734
4.80792
-49.2359
3.98272
-7.73295
-73.8587
3.36215
-0.197194
-0.0125028
0.101463
0.312545
-0.169408
-0.141036
10.6098
-77.8456
7.09533
10.4332
-60.623
6.16834
12.3513
-54.3993
6.50943
6.42907
-21.2557
3.14075
6.58421
-15.148
2.54304
4.00721
-5.44109
1.11191
-9.30353
-77.7965
3.6351
-9.21094
-60.5113
2.79986
-6.51662
-32.8633
1.34036
-9.45517
-34.3612
1.4146
-6.02882
-14.8166
0.25896
-3.7783
-5.20042
-0.854424
9.59103
-81.2861
7.0649
9.37729
-63.8865
6.05709
9.84551
-51.9619
5.46057
5.63766
-23.2492
2.52807
5.47572
-16.833
1.97132
3.53236
-5.87437
0.156295
-10.3413
-81.2211
3.6587
-10.3002
-63.7578
2.89022
-7.25774
-35.0692
1.62902
-10.8025
-37.6862
2.05313
-7.43559
-16.4688
0.887309
-3.36465
-5.11613
0.036895
1.00734
-142.473
9.34144
2.16468
-2.34137
0.449007
10.1114
-96.7333
7.96501
-2.46116
-2.11161
-0.68731
-19.5455
-193.46
8.96292
0.539318
0.427581
-0.203734
-1.28449
-0.476826
0.232717
1.17488
-0.347341
0.200301
-0.326601
-98.4694
6.22734
2.23895
-2.83338
-0.804525
-2.37723
-2.85244
0.392149
-0.0754604
0.101613
-0.0807976
10.6303
-86.4368
7.54202
10.5526
-69.2321
6.63513
10.2239
-52.0677
5.67696
9.59811
-35.4033
4.69248
7.56001
-21.2971
3.32173
5.46337
-9.83434
1.73684
-9.30251
-86.4111
4.05249
-9.28164
-69.1557
3.21643
-9.05426
-51.9911
2.35502
-8.24881
-35.6759
1.32918
-6.81238
-20.9303
0.712784
-5.05601
-9.49355
-0.256712
14.4243
-134.871
11.2858
9.51861
-72.5973
6.57562
9.16414
-55.1967
5.48406
6.76218
-30.9476
3.46163
6.442
-23.4617
2.74966
4.42317
-10.889
1.06114
-10.3251
-89.8857
4.0587
-10.3292
-72.5089
3.26831
-10.1877
-55.0429
2.51204
-9.16859
-38.4776
1.86468
-8.11516
-23.0962
1.24416
-6.42623
-10.6936
0.50477
40.2797
-318.303
28.3434
49.448
-311.412
30.5986
36.273
-174.973
19.5679
19.8636
-74.8276
9.59912
23.9397
-64.2038
9.3412
14.6529
-20.081
2.80721
-39.008
-318.087
14.6183
-38.4793
-248.732
11.4221
-29.3407
-147.214
6.24727
-37.5193
-137.562
7.05609
-25.7727
-63.2021
2.49753
-15.502
-23.5184
-1.65044
-2.09415
-487.477
32.1919
-2.56575
-382.78
26.8515
-3.62721
-310.672
23.8741
-2.98882
-182.313
14.5678
-5.93502
-98.358
8.69884
-5.21342
-24.2092
1.64775
3.83491
-466.869
32.1848
2.82863
-302.572
22.4309
3.29939
-261.279
21.7514
4.4063
-186.239
17.3785
1.93211
-87.8593
8.79439
1.2219
-28.3983
2.58684
1.09857
-8.95034
0.925251
-0.621974
-4.61525
0.786119
0.710683
-386.923
24.8779
-12.8024
-11.5113
-0.324417
-0.111121
1.05754
-0.0560025
6.5296
-6.14937
-0.0452633
35.3443
-308.644
26.3687
40.0226
-283.72
26.4595
38.6331
-214.656
22.4178
48.3791
-198.472
24.1615
27.5018
-90.0397
12.5537
20.0334
-41.5715
6.02532
-43.9666
-396.683
18.2648
-48.4737
-354.277
16.2707
-37.7408
-214.401
9.74558
-33.7741
-148.074
6.82749
-28.9888
-88.5472
4.04925
-21.7134
-41.0885
0.660719
-2.01661
-561.885
36.2125
-1.97494
-362.611
24.6387
-2.98377
-330.3
24.1035
-2.09167
-195.928
16.0721
-4.79277
-138.419
12.0947
-7.26603
-62.3599
5.06429
3.44564
-453.72
30.4292
3.68504
-415.044
29.5521
3.23232
-311.675
24.2322
3.24386
-186.267
15.6855
2.52504
-124.755
12.1293
1.41516
-55.4688
5.60295
8.3583
-17.0516
1.14134
4.87377
-30.9151
3.2283
