5.49315
-41.8427
1.2378
-7.72042
-62.7206
0.297552
-0.256538
-0.129282
-0.0826709
0.0980401
0.0302156
0.033926
5.32478
-42.8568
1.2227
-7.95833
-64.3004
0.327267
-0.0856784
0.00741792
0.0469028
0.15558
-0.0649771
-0.0852851
10.8412
-65.2379
2.20365
10.2036
-46.6958
1.96065
10.9361
-36.4148
2.28939
4.91464
-12.1903
1.19573
3.97268
-6.93155
0.69758
1.99917
-1.85336
0.244659
-10.2954
-65.0619
0.161467
-9.97449
-46.4179
-0.110518
-6.51117
-22.4012
-0.486052
-8.12537
-18.8262
-0.504637
-4.31857
-6.90702
-0.565539
-2.27749
-1.96572
-0.813386
10.5525
-67.1891
2.1069
9.92129
-48.4601
1.66237
9.61879
-34.2805
1.30745
4.76491
-13.2979
0.259034
3.6786
-7.58364
0.0712806
2.08912
-1.67996
-0.468265
-10.6315
-67.0353
0.242096
-10.2839
-48.251
0.139245
-6.51723
-23.502
0.0770463
-8.28038
-20.5352
0.510094
-4.81656
-7.47359
0.0929158
-1.8225
-1.87996
-0.0979306
0.54682
-125.491
2.18196
0.95643
-0.622865
0.0827102
10.7866
-84.7102
2.44305
-1.37428
-0.70084
-0.480804
-20.6966
-169.379
0.850876
0.257332
0.274953
-0.150982
-0.664862
-0.204167
0.171165
0.581543
-0.0964372
0.102496
0.0695333
-85.7037
1.45743
1.25724
-0.531137
-0.814249
-1.1179
-0.776347
0.181265
-0.00541639
0.10732
-0.0649651
10.9505
-74.5321
2.33855
10.6051
-55.9221
2.07257
9.59017
-37.7857
1.84241
8.17989
-21.7452
1.62149
5.07524
-10.8845
1.04901
3.00171
-3.97633
0.388355
-10.3038
-74.4158
0.288879
-10.2081
-55.6968
0.0182599
-9.5382
-37.6607
-0.276382
-7.73836
-22.2937
-0.755105
-5.31161
-10.6781
-0.479127
-3.32695
-3.99669
-0.657393
15.9715
-114.808
3.42132
10.3238
-57.7626
1.89272
9.39185
-39.4242
1.385
6.24936
-18.8215
0.739787
4.78178
-11.8545
0.266854
2.75317
-4.28525
-0.200764
-10.6345
-76.4644
0.315793
-10.4909
-57.604
0.182076
-9.85953
-39.2154
0.102196
-7.5823
-23.6631
0.217414
-5.73826
-11.611
0.200953
-3.81358
-4.29057
0.00463717
42.5323
-264.927
8.70024
50.4111
-238.251
9.10011
34.0978
-116.768
5.63378
16.1666
-43.3794
2.57401
15.5682
-29.3482
1.69285
8.34191
-6.30476
-0.266156
-41.1217
-264.264
0.868665
-39.4603
-189.661
0.0895675
-27.5857
-99.4217
-1.27338
-30.3633
-75.7301
0.566343
-17.8398
-29.1804
-0.902477
-9.03733
-8.97578
-2.02098
0.0483983
-402.498
7.14489
-0.959615
-289.649
5.49857
-1.91506
-204.72
4.59249
-1.051
-100.701
1.1974
-3.67229
-43.5082
0.480266
-2.60212
-7.30949
-0.612264
1.43565
-390.643
7.14551
0.0265607
-231.958
4.68356
-0.130194
-175.412
4.90124
1.59991
-102.354
2.72731
-0.56356
-39.494
0.463528
-0.313753
-9.13152
-0.792047
0.154086
-2.02535
-0.379957
-0.107234
-0.437052
-0.130155
0.946502
-338.79
5.726
-6.95472
-3.45058
-0.563678
0.0898825
0.870988
-0.0163327
3.44844
-1.3304
-0.693129
37.5847
-264.44
8.12611
41.6898
-227.475
8.01557
37.9185
-154.624
6.61067
43.5244
-121.252
6.89614
19.659
-46.2529
3.03915
12.0968
-16.6699
0.503017
-46.5394
-339.457
1.39473
-50.4802
-283.429
0.589908
-37.5562
-154.305
-0.401841
-29.2969
-91.556
-0.298373
-21.7481
-45.0381
-0.574143
-13.8678
-17.0171
-1.30475
0.517875
-478.141
8.19902
-0.540112
-287.854
5.28484
-1.6223
-234.824
4.6747
-0.1311
-119.15
3.44759
-3.15751
-68.6994
1.38941
-4.09481
-23.7853
-0.512921
1.60727
-390.91
6.91894
0.907755
-334.426
6.3687
-0.349807
-225.06
4.96722
0.703182
-114.975
2.16532
-0.361226
-62.1484
1.41843
-0.571012
-21.9601
-0.262837
5.10293
-3.96466
-1.15697
4.60488
-19.5585
0.805101
