5.31971
-47.0354
4.32615
-6.84919
-70.5466
3.91892
-0.469508
-0.257296
-0.15569
0.218806
0.0316323
0.0863554
4.74011
-48.7401
4.3191
-7.71191
-73.1151
3.92591
-0.196419
-0.0130271
0.101714
0.304591
-0.164987
-0.13932
10.6115
-77.0724
7.64901
10.4301
-59.99
6.60247
12.3382
-53.7915
6.90606
6.41709
-21.0085
3.29241
6.56857
-14.9639
2.6508
3.99865
-5.37421
1.14749
-9.13708
-77.022
4.26681
-9.04545
-59.8762
3.30953
-6.39492
-32.4972
1.6313
-9.26309
-33.9497
1.75618
-5.89861
-14.6316
0.421837
-3.694
-5.12844
-0.778317
9.4545
-80.434
7.61786
9.23774
-63.1759
6.4896
9.68751
-51.3376
5.81382
5.53701
-22.9471
2.68169
5.35939
-16.5934
2.08344
3.44644
-5.78269
0.209782
-10.3135
-80.3684
4.29015
-10.27
-63.0478
3.39919
-7.23267
-34.6511
1.91825
-10.7594
-37.1903
2.38901
-7.39793
-16.2402
1.04094
-3.34917
-5.0475
0.0787392
1.13471
-141.104
10.4102
2.16273
-2.3133
0.464105
10.0451
-95.7814
8.63779
-2.40804
-2.07662
-0.650657
-19.3492
-191.555
10.4663
0.55066
0.4251
-0.196866
-1.26678
-0.471712
0.227056
1.15807
-0.345112
0.193733
-0.379931
-97.4779
6.93973
2.18416
-2.7868
-0.76129
-2.36774
-2.81786
0.411705
-0.0819487
0.101137
-0.0760975
10.6331
-85.5943
8.15551
10.5525
-68.5286
7.12883
10.2172
-51.507
6.05216
9.58246
-34.9959
4.9511
7.54362
-21.0424
3.47438
5.45004
-9.7137
1.80585
-9.13586
-85.5676
4.74462
-9.11559
-68.4504
3.787
-8.88981
-51.4286
2.80369
-8.0895
-35.2637
1.65928
-6.66867
-20.675
0.92912
-4.9448
-9.3714
-0.141685
14.2208
-133.488
12.2053
9.38072
-71.8151
7.06825
9.02354
-54.5605
5.85757
6.6496
-30.5605
3.67117
6.31417
-23.1407
2.90519
4.3231
-10.7278
1.13747
-10.2972
-88.9637
4.7506
-10.3003
-71.7267
3.83857
-10.1554
-54.408
2.95962
-9.13424
-37.9988
2.19133
-8.07852
-22.7837
1.45399
-6.39051
-10.5439
0.607035
40.0098
-315.052
30.557
49.0955
-308.053
32.7623
35.9818
-172.944
20.792
19.6804
-73.9061
10.1061
23.683
-63.3482
9.7697
14.4883
-19.791
2.9436
-38.6167
-314.832
17.1444
-38.0869
-246.041
13.4576
-29.0252
-145.511
7.50311
-37.0815
-135.837
8.33196
-25.4571
-62.3587
3.11672
-15.3177
-23.1738
-1.4035
-2.4168
-482.362
35.7457
-2.88696
-378.516
29.6751
-3.97482
-306.938
26.2229
-3.28344
-179.911
15.9832
-6.15965
-96.9629
9.49385
-5.30954
-23.8498
1.87865
4.33617
-462.224
35.7425
3.22744
-299.399
24.7948
3.74732
-258.355
23.8698
4.85256
-184.022
18.9877
2.27034
-86.7674
9.60752
1.46218
-28.0155
2.88987
1.23631
-8.80595
1.01464
-0.671338
-4.5427
0.842217
0.774721
-383.115
27.727
-12.6561
-11.3289
-0.225277
-0.111589
1.04906
-0.0704106
6.45288
-6.05491
0.00379099
35.111
-305.556
28.5154
39.7474
-280.748
28.432
38.3404
-212.26
23.9136
47.9693
-196.081
25.5474
27.2229
-88.8801
13.1612
19.8104
-40.9991
6.30074
-43.5258
-392.71
21.3791
-47.9831
-350.558
19.121
-37.349
-212.004
11.5353
-33.3915
-146.293
8.13684
-28.6413
-87.4023
4.89112
-21.4468
-40.519
1.07844
-2.34965
-556.124
40.2905
-2.24603
-358.696
27.2982
-3.30266
-326.482
26.5662
-2.35672
-193.479
17.5683
-5.05542
-136.523
13.1849
-7.44055
-61.4472
5.59915
3.88846
-449.294
33.8573
4.17893
-410.816
32.7471
3.69749
-308.303
26.7071
3.61496
-184.11
17.2358
2.89884
-123.237
13.2414
1.71062
-54.7628
6.14486
8.1544
-16.7907
1.29102
4.80045
-30.5395
3.44626
