5.32009
-46.8966
4.40235
-6.81835
-70.3381
4.07172
-0.466329
-0.255552
-0.154837
0.218105
0.031294
0.0862697
4.72132
-48.5756
4.39528
-7.7099
-72.8685
4.07887
-0.195777
-0.0130523
0.101595
0.301911
-0.163327
-0.138741
10.6114
-76.8283
7.76874
10.4267
-59.7788
6.691
12.3271
-53.5742
6.98204
6.40734
-20.9148
3.31796
6.55368
-14.8898
2.665
3.98812
-5.34574
1.14966
-9.0961
-76.7769
4.43699
-9.0042
-59.6637
3.44514
-6.36282
-32.3676
1.70748
-9.20809
-33.7923
1.84631
-5.85873
-14.5583
0.464932
-3.66684
-5.10024
-0.756719
9.41653
-80.1388
7.73724
9.19806
-62.916
6.57717
9.64103
-51.0944
5.88035
5.50541
-22.8242
2.70679
5.3209
-16.4897
2.09889
3.41849
-5.73882
0.217897
-10.3105
-80.0731
4.46051
-10.2643
-62.7888
3.53527
-7.22465
-34.4897
1.99496
-10.7406
-36.9865
2.47907
-7.3789
-16.1415
1.08191
-3.3393
-5.01492
0.0904865
1.16615
-140.688
10.6776
2.15721
-2.3007
0.464771
10.0266
-95.4781
8.79013
-2.3904
-2.06363
-0.639488
-19.3042
-190.948
10.8739
0.552181
0.423455
-0.195207
-1.25997
-0.469532
0.225748
1.15129
-0.343314
0.191343
-0.397148
-97.1488
7.11802
2.16659
-2.76309
-0.752105
-2.36033
-2.79919
0.417009
-0.0832912
0.10122
-0.0748605
10.6336
-85.3338
8.29151
10.5511
-68.3007
7.23265
10.2111
-51.3137
6.12621
9.57153
-34.8448
4.99741
7.52895
-20.9426
3.49758
5.43637
-9.66379
1.81324
-9.09481
-85.3064
4.93187
-9.07461
-68.2215
3.93977
-8.84805
-51.2346
2.92227
-8.04581
-35.1128
1.74581
-6.62587
-20.5756
0.986088
-4.90987
-9.3225
-0.110552
14.1644
-133.02
12.409
9.34205
-71.5368
7.17147
8.98305
-54.3208
5.93043
6.61559
-30.4054
3.70811
6.27242
-23.0056
2.92874
4.29001
-10.6557
1.14743
-10.2945
-88.6517
4.93791
-10.2961
-71.449
3.99175
-10.1476
-54.1694
3.07883
-9.12095
-37.8083
2.27838
-8.0611
-22.6526
1.5099
-6.37155
-10.4765
0.634762
39.9331
-313.973
31.0354
48.9898
-306.876
33.2013
35.8861
-172.185
21.0226
19.6135
-73.5441
10.1901
23.5795
-62.9902
9.82494
14.4192
-19.6607
2.95349
-38.5262
-313.751
17.8252
-37.9915
-245.097
13.9999
-28.9389
-144.879
7.83303
-36.9434
-135.148
8.67108
-25.3477
-62.0074
3.28016
-15.2462
-23.0282
-1.33392
-2.52022
-480.589
36.6158
-2.98726
-376.958
30.3469
-4.07718
-305.486
26.7648
-3.36679
-178.928
16.2979
-6.21651
-96.3581
9.66286
-5.32487
-23.677
1.92811
4.45727
-460.755
36.6132
3.31896
-298.336
25.3569
3.84693
-257.312
24.3593
4.95533
-183.173
19.3429
2.34535
-86.3294
9.77855
1.5151
-27.8595
2.94992
1.26574
-8.7496
1.02948
-0.681769
-4.50266
0.852248
0.782705
-381.901
28.4397
-12.5965
-11.2513
-0.19543
-0.110513
1.04662
-0.0733271
6.42094
-6.00955
0.0084553
35.0456
-304.555
28.9913
39.6674
-279.736
28.8459
38.2481
-211.393
24.2068
47.83
-195.157
25.7935
27.1144
-88.409
13.2517
19.7186
-40.7525
6.32974
-43.4247
-391.42
22.2218
-47.8668
-349.29
19.8847
-37.2493
-211.137
12.0092
-33.2778
-145.61
8.48354
-28.5262
-86.9363
5.11299
-21.3501
-40.2772
1.19071
-2.45654
-554.174
41.3006
-2.33263
-357.303
27.9406
-3.40027
-325.044
27.1429
-2.43083
-192.5
17.9096
-5.1281
-135.724
13.422
-7.47747
-61.0366
5.71159
3.99673
-447.924
34.7062
4.29621
-409.444
33.5183
3.80223
-307.138
27.2866
3.6983
-183.316
17.5863
2.98235
-122.641
13.4817
1.77603
-54.4747
6.25559
8.08838
-16.6636
1.31121
4.77805
-30.3926
3.48884
