5.31997
-46.5873
4.5454
-6.75652
-69.8732
4.39005
-0.45904
-0.251558
-0.152686
0.216115
0.0305788
0.0858047
4.68085
-48.1969
4.53831
-7.70885
-72.3007
4.39765
-0.193987
-0.0129865
0.101148
0.295784
-0.159393
-0.137412
10.6088
-76.277
7.98636
10.4155
-59.293
6.84478
12.2944
-53.064
7.10706
6.37962
-20.6912
3.35469
6.51114
-14.7099
2.6787
3.95745
-5.2758
1.14629
-9.014
-76.2233
4.79034
-8.92103
-59.1747
3.72484
-6.29631
-32.0644
1.8633
-9.08992
-33.416
2.03121
-5.77072
-14.3815
0.553428
-3.60578
-5.03255
-0.710802
9.33468
-79.45
7.954
9.11188
-62.3004
6.72851
9.53895
-50.5085
5.98826
5.43447
-22.525
2.74175
5.2331
-16.2333
2.11538
3.35531
-5.62788
0.228124
-10.3081
-79.3843
4.81448
-10.2543
-62.1754
3.8166
-7.20613
-34.1017
2.15283
-10.6932
-36.4888
2.66526
-7.32981
-15.8977
1.16635
-3.31277
-4.9326
0.115309
1.22795
-139.759
11.2112
2.14042
-2.26934
0.462536
9.98592
-94.79
9.07607
-2.3503
-2.03304
-0.614997
-19.2172
-189.572
11.7233
0.553685
0.418995
-0.191969
-1.2437
-0.464178
0.223246
1.13482
-0.338329
0.185731
-0.436294
-96.3913
7.47394
2.12712
-2.70235
-0.735596
-2.33985
-2.75075
0.428006
-0.0856566
0.101597
-0.0723192
10.6328
-84.7498
8.54313
10.5451
-67.7819
7.41746
10.1929
-50.865
6.25134
9.54068
-34.4865
5.06875
7.48715
-20.7024
3.52668
5.39712
-9.54201
1.81668
-9.01254
-84.7206
5.32155
-8.99242
-67.6999
4.25592
-8.76306
-50.7843
3.166
-7.95363
-34.7564
1.92285
-6.53241
-20.3369
1.10281
-4.83203
-9.2043
-0.0458835
14.043
-131.936
12.7855
9.2585
-70.8826
7.35472
8.89476
-53.7481
6.05246
6.54021
-30.0291
3.76423
6.17748
-22.6739
2.95824
4.21467
-10.4761
1.15694
-10.293
-87.929
5.32784
-10.2901
-70.7965
4.30927
-10.1314
-53.5999
3.32476
-9.08855
-37.3466
2.4579
-8.01666
-22.3306
1.6251
-6.32223
-10.3087
0.692362
39.7629
-311.493
31.9047
48.7512
-304.126
33.9608
35.6643
-170.377
21.3966
19.454
-72.671
10.3088
23.327
-62.113
9.87585
14.2493
-19.336
2.94567
-38.3501
-311.264
19.239
-37.8003
-242.889
15.119
-28.7559
-143.378
8.50883
-36.6334
-133.481
9.36915
-25.094
-61.1482
3.61527
-15.0746
-22.6711
-1.18652
-2.75458
-476.454
38.3304
-3.21189
-373.267
31.6481
-4.30056
-301.989
27.7931
-3.54522
-176.529
16.8807
-6.33109
-94.8628
9.96555
-5.34567
-23.2395
2.0172
4.69232
-457.437
38.3284
3.49112
-295.89
26.445
4.03041
-254.864
25.2891
5.14889
-181.144
19.9967
2.4834
-85.2692
10.0822
1.61207
-27.4813
3.05141
1.31851
-8.61485
1.05035
-0.700453
-4.39845
0.867709
0.788069
-379.148
29.862
-12.4514
-11.0608
-0.130388
-0.107094
1.04127
-0.0783672
6.34261
-5.89485
0.00913837
34.9011
-302.268
29.8718
39.4887
-277.389
29.5815
38.0367
-209.349
24.6995
47.5042
-192.937
26.1695
26.8517
-87.263
13.3623
19.4936
-40.1441
6.34214
-43.2288
-388.473
23.9756
-47.6373
-346.353
21.466
-37.0452
-209.094
12.9842
-33.0284
-143.973
9.19621
-28.2635
-85.8023
5.56764
-21.1226
-39.6829
1.423
-2.69902
-549.657
43.3051
-2.52845
-354.028
29.1963
-3.61687
-321.609
28.2487
-2.58887
-190.125
18.5522
-5.28169
-133.763
13.8538
-7.54369
-60.0122
5.91126
4.20832
-444.851
36.3907
4.52156
-406.319
35.0253
3.99686
-304.432
28.3972
3.8527
-181.438
18.2425
3.13673
-121.205
13.9172
1.89631
-53.7747
6.44764
7.93926
-16.3409
1.33193
4.72801
-30.0385
3.56018
