5.31172
-45.8278
4.79568
-6.62749
-68.7313
5.06776
-0.441147
-0.241779
-0.146798
0.210006
0.029006
0.0838036
4.58521
-47.2353
4.78865
-7.71178
-70.8592
5.07675
-0.188595
-0.0124562
0.0995005
0.280805
-0.149375
-0.134102
10.5857
-74.9092
8.33958
10.3684
-58.0697
7.06587
12.183
-51.7577
7.25709
6.29118
-20.1108
3.37508
6.37811
-14.2375
2.65247
3.86092
-5.09018
1.11162
-8.84286
-74.8489
5.5384
-8.74616
-57.9424
4.3104
-6.15135
-31.29
2.18495
-8.82086
-32.4385
2.4143
-5.56414
-13.9196
0.737013
-3.45948
-4.8575
-0.609895
9.14126
-77.682
8.30506
8.90731
-60.7011
6.94316
9.29504
-48.9674
6.11177
5.26187
-21.732
2.75637
5.01737
-15.5459
2.09641
3.20251
-5.32479
0.227111
-10.3084
-77.6171
5.56468
-10.2315
-60.5838
4.40766
-7.15619
-33.0834
2.48165
-10.5596
-35.168
3.05522
-7.19019
-15.2447
1.34211
-3.23491
-4.70761
0.169112
1.34498
-137.478
12.2663
2.08601
-2.1851
0.445142
9.88171
-93.0688
9.57634
-2.25292
-1.95572
-0.558712
-19.04
-186.127
13.5321
0.550943
0.405777
-0.185788
-1.20163
-0.449948
0.218561
1.09146
-0.323438
0.171576
-0.532195
-94.468
8.17808
2.03255
-2.53449
-0.709064
-2.27847
-2.61511
0.450948
-0.0892194
0.103009
-0.066995
10.6147
-83.3091
8.96917
10.5125
-66.4856
7.70186
10.1261
-49.7259
6.41651
9.4404
-33.5611
5.13285
7.35558
-20.0748
3.5214
5.27451
-9.22043
1.78235
-8.84099
-83.2749
6.14962
-8.82084
-66.396
4.9216
-8.58214
-49.6413
3.67314
-7.74823
-33.8396
2.28845
-6.31569
-19.7148
1.34404
-4.64741
-8.89544
0.0908834
13.7563
-129.17
13.4225
9.06075
-69.1933
7.63504
8.6848
-52.2514
6.20929
6.35877
-29.034
3.81156
5.94428
-21.7896
2.95357
4.03039
-9.99173
1.13853
-10.2961
-86.085
6.15685
-10.2796
-69.1133
4.97943
-10.0907
-52.113
3.83939
-8.99863
-36.1281
2.83273
-7.89074
-21.4731
1.86493
-6.18149
-9.85538
0.813819
39.3261
-305.22
33.315
48.1352
-297.082
35.0412
35.0854
-165.679
21.823
19.0319
-70.3795
10.3655
22.6512
-59.7831
9.76152
13.7924
-18.4621
2.83101
-37.9882
-304.974
22.233
-37.3918
-237.233
17.4638
-28.3369
-139.484
9.90683
-35.8783
-129.093
10.8215
-24.4561
-58.8697
4.30769
-14.6273
-21.7251
-0.864732
-3.3257
-465.843
41.6415
-3.74974
-363.685
34.076
-4.81568
-292.797
29.6321
-3.94492
-170.166
17.8671
-6.5615
-90.856
10.4371
-5.35079
-22.0428
2.15822
5.12751
-449.201
41.639
3.79046
-289.726
28.4733
4.33471
-248.6
26.9536
5.48502
-175.87
21.0864
2.7125
-82.4903
10.5439
1.77152
-26.4926
3.18461
1.4005
-8.26944
1.05957
-0.729841
-4.10657
0.881851
0.755715
-372.261
32.6746
-12.0678
-10.5573
0.0171669
-0.0960777
1.02832
-0.085549
6.13331
-5.58196
-0.0202391
34.5312
-296.52
31.3628
39.0288
-271.417
30.7093
37.4871
-204.074
25.339
46.6513
-187.13
26.4952
26.151
-84.2364
13.3259
18.8899
-38.5195
6.20237
-42.829
-381.064
27.7031
-47.1563
-338.876
24.797
-36.5964
-203.824
15.0155
-32.4357
-139.701
10.6773
-27.6128
-82.8074
6.50652
-20.542
-38.1022
1.91039
-3.29148
-538.129
47.2271
-3.00351
-345.573
31.5834
-4.12841
-312.636
30.2694
-2.94229
-183.85
19.6808
-5.61685
-128.534
14.5557
-7.64682
-57.2475
6.21574
4.60507
-437.269
39.6857
4.93077
-398.507
37.8871
4.3264
-297.559
30.425
4.11157
-176.6
19.3815
3.39538
-117.454
14.6159
2.09565
-51.9365
6.72105
7.57864
-15.4574
1.30288
4.60578
-29.1077
3.6517
