5.30691
-45.6051
4.85126
-6.59288
-68.3965
5.2432
-0.436079
-0.239015
-0.145044
0.208091
0.0285853
0.0831081
4.55754
-46.9511
4.84426
-7.71177
-70.4332
5.25261
-0.18692
-0.0122571
0.098949
0.276578
-0.146498
-0.133147
10.5742
-74.5084
8.41232
10.3499
-57.7115
7.10498
12.1447
-51.3753
7.27599
6.26223
-19.9408
3.37036
6.33568
-14.099
2.63617
3.83028
-5.03576
1.09794
-8.79696
-74.4463
5.73133
-8.69913
-57.5816
4.4603
-6.1119
-31.0634
2.26655
-8.74667
-32.1525
2.5116
-5.50666
-13.7845
0.783683
-3.41852
-4.80675
-0.583192
9.08535
-77.1595
8.37721
8.84836
-60.2288
6.98048
9.22511
-48.5124
6.1257
5.21246
-21.4982
2.75006
4.95588
-15.3431
2.08236
3.15948
-5.23502
0.223084
-10.3072
-77.0949
5.75828
-10.2233
-60.1139
4.55927
-7.1402
-32.7829
2.56544
-10.518
-34.7786
3.15476
-7.14727
-15.0521
1.38676
-3.21086
-4.64082
0.183156
1.37249
-136.809
12.5257
2.06861
-2.16031
0.438475
9.84914
-92.5618
9.68743
-2.2255
-1.9336
-0.543423
-18.9912
-185.113
14.0003
0.549172
0.401677
-0.184288
-1.18939
-0.445765
0.217419
1.07874
-0.318853
0.167526
-0.559373
-93.8995
8.35125
2.00608
-2.48462
-0.703506
-2.25942
-2.57451
0.456733
-0.0898955
0.10345
-0.0656194
10.6046
-82.8868
9.06084
10.4982
-66.106
7.75693
10.1018
-49.3924
6.44198
9.40673
-33.2901
5.13435
7.31324
-19.8909
3.50847
5.23558
-9.12616
1.76633
-8.79498
-82.8512
6.36372
-8.7748
-66.0142
5.09267
-8.53328
-49.3067
3.80243
-7.69193
-33.5714
2.38122
-6.2556
-19.5329
1.4052
-4.59588
-8.80532
0.126127
13.6734
-128.352
13.5594
9.00367
-68.6942
7.68898
8.62446
-51.8095
6.23243
6.30679
-28.7403
3.81157
5.87761
-21.5288
2.94095
3.97811
-9.8487
1.12728
-10.2958
-85.54
6.37125
-10.275
-68.6161
5.15188
-10.077
-51.6742
3.971
-8.97036
-35.7686
2.92833
-7.8518
-21.2203
1.9259
-6.13837
-9.72142
0.844935
39.1902
-303.374
33.6052
47.9454
-295.009
35.2297
34.9095
-164.297
21.8704
18.905
-69.7056
10.3467
22.4496
-59.0977
9.69396
13.6565
-18.2048
2.7848
-37.8881
-303.122
23.0052
-37.2776
-235.569
18.0642
-28.2179
-138.339
10.2618
-35.661
-127.803
11.1909
-24.2713
-58.2
4.48296
-14.4962
-21.448
-0.780047
-3.48701
-462.707
42.441
-3.89999
-360.855
34.6463
-4.95645
-290.085
30.0482
-4.05231
-168.29
18.079
-6.61856
-89.6741
10.5295
-5.34518
-21.688
2.18644
5.22806
-446.788
42.438
3.85607
-287.92
28.9492
4.39838
-246.767
27.3303
5.55822
-174.326
21.3165
2.7606
-81.6771
10.6316
1.80469
-26.2051
3.20488
1.41645
-8.17019
1.05591
-0.73571
-4.01949
0.882338
0.739014
-370.233
33.366
-11.9549
-10.4103
0.0567604
-0.092662
1.02451
-0.086818
6.07133
-5.48946
-0.0329335
34.4157
-294.828
31.6837
38.8863
-269.659
30.9268
37.319
-202.522
25.4348
46.3935
-185.421
26.4984
25.9414
-83.3464
13.27
18.7102
-38.0414
6.138
-42.7187
-378.882
28.6669
-47.0225
-336.675
25.6531
-36.47
-202.274
15.5337
-32.2661
-138.446
11.0541
-27.4248
-81.927
6.74412
-20.3731
-37.6378
2.03509
-3.45919
-534.722
48.1837
-3.1372
-343.076
32.1526
-4.27008
-309.988
30.7357
-3.03746
-181.999
19.9317
-5.70492
-126.993
14.7
-7.66664
-56.4311
6.27395
4.69764
-435.047
40.4892
5.02388
-396.219
38.569
4.39688
-295.547
30.8923
4.16614
-175.184
19.6321
3.45014
-116.356
14.7574
2.13749
-51.3992
6.76853
7.477
-15.1958
1.28318
4.57036
-28.8333
3.66509
