5.29261
-45.1156
4.95473
-6.51906
-67.6606
5.59772
-0.425352
-0.233176
-0.14126
0.203877
0.0277131
0.0815233
4.49681
-46.3284
4.94781
-7.70828
-69.4998
5.60803
-0.183247
-0.0118015
0.0977019
0.267663
-0.140404
-0.131097
10.5416
-73.6316
8.54135
10.3028
-56.9322
7.16657
12.0541
-50.5484
7.29477
6.19622
-19.5747
3.35098
6.241
-13.8019
2.59398
3.76237
-4.91928
1.06571
-8.69908
-73.5656
6.12051
-8.59893
-56.7969
4.76163
-6.02811
-30.5732
2.42994
-8.58971
-31.5372
2.70638
-5.38533
-13.4949
0.877186
-3.33214
-4.69855
-0.528543
8.96278
-76.0192
8.50508
8.71979
-59.2026
7.03847
9.07371
-47.5289
6.1366
5.10636
-20.9944
2.72776
4.82499
-14.9076
2.04534
3.06855
-5.04266
0.21153
-10.2999
-75.9555
6.1489
-10.201
-59.0933
4.86423
-7.10282
-32.133
2.73337
-10.4245
-33.9405
3.35416
-7.05257
-14.6386
1.47598
-3.15801
-4.49738
0.211594
1.42506
-135.339
13.0368
2.02999
-2.10728
0.42291
9.77396
-91.4495
9.89426
-2.1676
-1.88676
-0.511776
-18.8825
-182.887
14.9466
0.544497
0.392663
-0.181309
-1.16318
-0.436787
0.215109
1.05145
-0.30888
0.15895
-0.61676
-92.6541
8.69243
1.95028
-2.37778
-0.693257
-2.2176
-2.48721
0.468164
-0.0910304
0.104366
-0.0628215
10.5751
-81.9607
9.22822
10.4598
-65.2776
7.85039
10.0427
-48.6689
6.47672
9.32844
-32.7054
5.12268
7.21807
-19.4957
3.47103
5.14911
-8.92412
1.72706
-8.69686
-81.922
6.79609
-8.67665
-65.1813
5.43717
-8.42931
-48.5812
4.06183
-7.57257
-32.9928
2.56702
-6.12865
-19.142
1.52753
-4.48716
-8.61245
0.197245
13.4914
-126.564
13.8093
8.8788
-67.6074
7.78017
8.49327
-50.8517
6.26252
6.19465
-28.1067
3.79988
5.73517
-20.968
2.90461
3.86719
-9.54193
1.09849
-10.2906
-84.3483
6.80429
-10.2606
-67.5337
5.49934
-10.0432
-50.7233
4.23531
-8.90602
-34.993
3.1199
-7.76526
-20.6769
2.04778
-6.04373
-9.43396
0.907343
38.8777
-299.339
34.12
47.5142
-290.503
35.5229
34.5168
-161.308
21.9052
18.6261
-68.2536
10.2762
22.0115
-57.6267
9.52097
13.3625
-17.6539
2.67586
-37.6655
-299.077
24.563
-37.0252
-231.952
19.2711
-27.958
-135.864
10.9726
-35.1912
-125.026
11.9298
-23.8734
-56.7627
4.83295
-14.2142
-20.8554
-0.607391
-3.827
-455.865
44.0013
-4.21491
-354.709
35.7426
-5.24851
-284.221
30.8311
-4.27349
-164.252
18.4654
-6.73062
-87.1373
10.6874
-5.32658
-20.9275
2.2356
5.41863
-441.51
43.9969
3.97697
-283.994
29.8637
4.51236
-242.802
28.0388
5.69196
-171.005
21.731
2.84706
-79.9336
10.778
1.86396
-25.592
3.23218
1.44353
-7.96007
1.04271
-0.745932
-3.83287
0.880312
0.69636
-365.782
34.7282
-11.7116
-10.097
0.137954
-0.08531
1.01604
-0.0888403
5.93759
-5.29157
-0.0631895
34.1495
-291.121
32.2696
38.5604
-265.828
31.2949
36.9408
-199.157
25.5615
45.8215
-181.737
26.4264
25.4842
-81.433
13.1121
18.3207
-37.0165
5.98107
-42.4733
-374.105
30.6133
-46.726
-331.88
27.3773
-36.1922
-198.913
16.5733
-31.8982
-135.737
11.8086
-27.0196
-80.0349
7.21851
-20.0098
-36.6428
2.28549
-3.8132
-527.271
50.0604
-3.41833
-337.638
33.2562
-4.56572
-304.249
31.6231
-3.23411
-178.005
20.3983
-5.88367
-123.679
14.9554
-7.69917
-54.6803
6.37183
4.87391
-430.173
42.0653
5.19897
-391.228
39.8903
4.52491
-291.185
31.7812
4.26401
-172.131
20.0961
3.54898
-113.998
15.005
2.2127
-50.2494
6.84195
7.26203
-14.6355
1.23216
4.49347
-28.2407
3.68224
