5.28272
-44.8474
5.00285
-6.47932
-67.2573
5.77567
-0.41973
-0.23012
-0.139251
0.201601
0.027262
0.0806467
4.46353
-45.9895
4.99599
-7.704
-68.9918
5.78645
-0.18127
-0.0115518
0.0970135
0.263008
-0.137218
-0.130004
10.5198
-73.154
8.59838
10.2736
-56.511
7.18994
12.0016
-50.1053
7.29573
6.15922
-19.3796
3.33693
6.18913
-13.6445
2.56877
3.72546
-4.85783
1.04756
-8.64636
-73.086
6.31558
-8.54508
-56.373
4.91222
-5.98343
-30.3104
2.51136
-8.50684
-31.2101
2.80337
-5.32166
-13.3416
0.923794
-3.28697
-4.6416
-0.50075
8.89568
-75.4019
8.56155
8.64982
-58.6506
7.06009
8.99205
-47.0034
6.13465
5.04977
-20.7266
2.71249
4.75595
-14.6772
2.02307
3.02093
-4.94129
0.204334
-10.2927
-75.3387
6.34471
-10.186
-58.5443
5.01669
-7.08104
-31.7856
2.81705
-10.3724
-33.4954
3.45336
-7.00103
-14.4197
1.52026
-3.12945
-4.42156
0.225879
1.45005
-134.534
13.2876
2.00901
-2.07933
0.414191
9.7307
-90.8423
9.99046
-2.13731
-1.86225
-0.495534
-18.8209
-181.672
15.4216
0.541648
0.387794
-0.179818
-1.14931
-0.432034
0.213923
1.03699
-0.303562
0.154467
-0.646682
-91.9763
8.85991
1.92113
-2.32155
-0.688427
-2.19507
-2.44108
0.473749
-0.0915018
0.104821
-0.0614009
10.5548
-81.4545
9.30453
10.435
-64.8281
7.88961
10.0074
-48.2796
6.48692
9.28364
-32.3933
5.1104
7.1655
-19.2858
3.4473
5.10197
-8.8173
1.70435
-8.64402
-81.4143
7.01301
-8.62381
-64.7295
5.60961
-8.37359
-48.1908
4.19127
-7.50922
-32.6838
2.65963
-6.06187
-18.9346
1.58841
-4.43022
-8.51057
0.232935
13.3917
-125.594
13.9233
8.81059
-67.0208
7.81828
8.42215
-50.3381
6.27046
6.13445
-27.7692
3.78898
5.65972
-20.6707
2.88175
3.80889
-9.37991
1.0815
-10.2845
-83.7013
7.02157
-10.2498
-66.9496
5.6733
-10.0223
-50.2135
4.36726
-8.86966
-34.5797
3.21531
-7.71774
-20.3888
2.1083
-5.99254
-9.28204
0.938418
38.6988
-297.149
34.3475
47.2704
-288.074
35.6324
34.299
-159.709
21.8964
18.4743
-67.4808
10.2268
21.7764
-56.8479
9.41841
13.2055
-17.3637
2.61456
-37.5397
-296.881
25.3438
-36.884
-230.002
19.8743
-27.8157
-134.538
11.3267
-34.9384
-123.55
12.2972
-23.661
-56.002
5.00672
-14.0642
-20.543
-0.519951
-4.00398
-452.161
44.7607
-4.37799
-351.404
36.2687
-5.39844
-281.089
31.1991
-4.38639
-162.107
18.6414
-6.78514
-85.7955
10.7543
-5.31387
-20.5265
2.25693
5.5086
-438.635
44.7554
4.0326
-281.874
30.3023
4.56325
-240.678
28.3714
5.75271
-169.238
21.9171
2.88589
-79.0107
10.8381
1.89041
-25.2695
3.24003
1.45489
-7.85032
1.03359
-0.750362
-3.7347
0.878011
0.670867
-363.353
35.3967
-11.5823
-9.93247
0.179182
-0.0814545
1.01133
-0.0896314
5.86639
-5.18747
-0.0802513
33.9966
-289.103
32.5368
38.3748
-263.755
31.4489
36.7292
-197.35
25.5961
45.5064
-179.772
26.3562
25.2376
-80.4178
13.0134
18.1124
-36.4751
5.89079
-42.3342
-371.504
31.5898
-46.5593
-329.287
28.2402
-36.0381
-197.109
17.0919
-31.699
-134.292
12.1842
-26.8024
-79.0313
7.45403
-19.8163
-36.1172
2.41047
-3.99776
-523.226
50.9782
-3.56431
-334.704
33.79
-4.7182
-301.173
32.0449
-3.3349
-175.877
20.6149
-5.97348
-121.923
15.0678
-7.71184
-53.7558
6.41247
4.95746
-427.51
42.836
5.28108
-388.521
40.5292
4.58302
-288.838
32.2035
4.30767
-170.501
20.3105
3.59354
-112.747
15.1128
2.24652
-49.6423
6.86907
7.14935
-14.3406
1.20189
4.45194
-27.9245
3.68657
