5.25643
-44.2603
5.09247
-6.39275
-66.3749
6.13004
-0.408058
-0.223789
-0.135047
0.196776
0.0263309
0.0787589
4.39055
-45.2555
5.08573
-7.68829
-67.8914
6.14176
-0.177087
-0.0110265
0.0955246
0.253396
-0.13065
-0.127693
10.4632
-72.1168
8.69937
10.2025
-55.6056
7.22419
11.8814
-49.1636
7.28364
6.07738
-18.9683
3.30169
6.0773
-13.3151
2.51193
3.64667
-4.73001
1.00815
-8.53149
-72.0448
6.70361
-8.42812
-55.4624
5.21115
-5.88766
-29.7512
2.67271
-8.33204
-30.5218
2.99529
-5.18874
-13.0208
1.01616
-3.19324
-4.52323
-0.444612
8.74874
-74.0741
8.66151
8.49766
-57.4734
7.09104
8.81636
-45.8929
6.11878
4.92976
-20.1641
2.67562
4.61158
-14.1967
1.97292
2.9221
-4.7313
0.187978
-10.2688
-74.0122
6.73422
-10.1461
-57.3736
5.31928
-7.03034
-31.0507
2.98261
-10.2575
-32.5623
3.64914
-6.89014
-13.9632
1.60746
-3.06863
-4.26391
0.254309
1.49735
-132.771
13.7777
1.96432
-2.02136
0.39535
9.63131
-89.521
10.1696
-2.07452
-1.81159
-0.4625
-18.6788
-179.029
16.3675
0.535074
0.377446
-0.176795
-1.1203
-0.422099
0.211439
1.00679
-0.292447
0.145217
-0.708183
-90.5082
9.18724
1.86076
-2.20536
-0.678983
-2.14731
-2.34534
0.484504
-0.0922853
0.105668
-0.0585206
10.5013
-80.3505
9.44397
10.3726
-63.8565
7.95521
9.92434
-47.4472
6.49537
9.18234
-31.7332
5.07532
7.05112
-18.8451
3.39187
5.00095
-8.59444
1.65423
-8.52891
-80.3072
7.44482
-8.50875
-63.7536
5.95227
-8.25314
-47.3565
4.4479
-7.37449
-32.0299
2.84321
-5.9219
-18.4993
1.70884
-4.31174
-8.29807
0.304119
13.173
-123.498
14.1314
8.66164
-65.7645
7.8818
8.26817
-49.2478
6.27472
6.00573
-27.0585
3.75919
5.50115
-20.0489
2.82886
3.68747
-9.04297
1.04371
-10.2628
-82.3046
7.4541
-10.2183
-65.6985
6.019
-9.97041
-49.1312
4.6288
-8.78785
-33.7091
3.4039
-7.61435
-19.7864
2.22758
-5.88325
-8.9659
0.999763
38.2899
-292.418
34.7503
46.7205
-282.875
35.7891
33.8182
-156.321
21.8361
18.1462
-65.8544
10.1053
21.2776
-55.2217
9.18867
12.8745
-16.7617
2.48213
-37.25
-292.141
26.8967
-36.564
-225.832
21.0711
-27.5022
-131.729
12.028
-34.3957
-120.45
13.0223
-23.2108
-54.4134
5.34949
-13.7485
-19.8941
-0.344179
-4.36716
-444.195
46.2342
-4.71104
-344.355
37.2775
-5.70233
-274.468
31.8908
-4.61429
-157.609
18.9627
-6.88981
-82.9986
10.8672
-5.28227
-19.6952
2.2941
5.67802
-432.394
46.227
4.13529
-277.317
31.1429
4.65461
-236.163
28.9962
5.8628
-165.521
22.2519
2.95613
-77.0812
10.9361
1.93792
-24.6006
3.24634
1.47388
-7.62424
1.01144
-0.758061
-3.53216
0.871387
0.612936
-358.066
36.7034
-11.3104
-9.59207
0.26196
-0.0735867
1.00087
-0.0908745
5.71674
-4.97225
-0.116923
33.6457
-284.726
33.0252
37.9529
-259.298
31.7057
36.2576
-193.502
25.618
44.8168
-175.628
26.161
24.7111
-78.2907
12.7852
17.672
-35.3478
5.69262
-42.0134
-365.866
33.5336
-46.1785
-323.712
29.9547
-35.693
-193.267
18.1198
-31.2675
-131.243
12.9271
-26.3397
-76.9295
7.91851
-19.4079
-35.0226
2.65818
-4.3771
-514.494
52.7664
-3.86313
-328.42
34.8205
-5.02842
-294.642
32.8467
-3.53946
-171.397
21.0172
-6.15161
-118.253
15.266
-7.72986
-51.8343
6.47982
5.11523
-421.702
44.3375
5.43493
-382.672
41.762
4.68904
-283.823
33.0053
4.38563
-167.053
20.7079
3.67431
-110.124
15.3001
2.30777
-48.3771
6.90735
6.91523
-13.7306
1.13465
4.36263
-27.2572
3.68821
