5.23965
-43.94
5.13421
-6.34536
-65.8936
6.30527
-0.402044
-0.220532
-0.132873
0.194252
0.0258512
0.0777614
4.35065
-44.8599
5.12755
-7.67602
-67.2984
6.31745
-0.174904
-0.0107577
0.0947312
0.248473
-0.1273
-0.126477
10.4277
-71.5556
8.74413
10.1599
-55.1213
7.23604
11.8135
-48.6665
7.27178
6.03261
-18.7531
3.28117
6.01775
-13.1443
2.48104
3.60517
-4.66423
0.987319
-8.46858
-71.4818
6.89531
-8.36432
-54.9756
5.3586
-5.83621
-29.4556
2.75226
-8.23998
-30.1626
3.08973
-5.11965
-12.8545
1.06171
-3.14491
-4.4623
-0.416417
8.66852
-73.3643
8.7058
8.41518
-56.85
7.1014
8.72219
-45.311
6.10603
4.86646
-19.8716
2.65481
4.53665
-13.949
1.94581
2.87118
-4.62392
0.179179
-10.2509
-73.3032
6.92665
-10.1203
-56.7537
5.46848
-7.001
-30.6653
3.064
-10.1945
-32.0779
3.74506
-6.83101
-13.7277
1.65009
-3.03661
-4.18294
0.268344
1.51962
-131.809
14.0162
1.94085
-1.99162
0.385424
9.57458
-88.8051
10.2531
-2.0422
-1.78565
-0.44582
-18.5965
-177.596
16.8352
0.531409
0.372015
-0.175248
-1.10527
-0.416958
0.21012
0.991167
-0.286724
0.140496
-0.739418
-89.7172
9.34653
1.82971
-2.14615
-0.674214
-2.12231
-2.29632
0.489611
-0.0926106
0.106038
-0.0570623
10.4672
-79.7505
9.50775
10.3343
-63.3338
7.98249
9.87613
-47.0048
6.49462
9.12571
-31.3867
5.0535
6.9896
-18.6159
3.36101
4.9475
-8.47933
1.62741
-8.46587
-79.7057
7.65827
-8.44579
-63.2287
6.12145
-8.18779
-46.9131
4.57439
-7.3028
-31.6863
2.93375
-5.84877
-18.273
1.76809
-4.25041
-8.1883
0.339433
13.0534
-122.373
14.2266
8.58054
-65.096
7.90814
8.18508
-48.6734
6.27213
5.93719
-26.6879
3.74116
5.41838
-19.7271
2.79975
3.62469
-8.86981
1.0235
-10.246
-81.5548
7.66791
-10.1966
-65.0328
6.18963
-9.93869
-48.561
4.75761
-8.74209
-33.2547
3.4965
-7.55854
-19.4746
2.28594
-5.82548
-8.8033
1.02981
38.0575
-289.875
34.9288
46.4121
-280.11
35.8414
33.5545
-154.539
21.7885
17.9704
-65.0061
10.0357
21.0153
-54.3813
9.0646
12.7018
-16.4532
2.41257
-37.0826
-289.594
27.6639
-36.3821
-223.614
21.6612
-27.3296
-130.25
12.3733
-34.1054
-118.838
13.3778
-22.9736
-53.5924
5.51756
-13.5837
-19.5606
-0.256374
-4.55131
-439.936
46.9469
-4.87914
-340.623
37.7602
-5.85469
-270.999
32.216
-4.72822
-155.272
19.1098
-6.93938
-81.5568
10.9147
-5.26364
-19.2697
2.31039
5.7576
-429.018
46.9386
4.18284
-274.882
31.545
4.69583
-233.779
29.2895
5.91252
-163.58
22.4026
2.98813
-76.082
10.9756
1.95942
-24.2572
3.24572
1.4818
-7.50901
0.998899
-0.76141
-3.4292
0.867294
0.581135
-355.202
37.3393
-11.1689
-9.41802
0.303134
-0.0696536
0.995057
-0.0913684
5.63887
-4.86245
-0.135987
33.4458
-282.364
33.2486
37.7146
-256.915
31.8121
35.9963
-191.467
25.6094
44.4416
-173.461
26.0414
24.4324
-77.187
12.6591
17.4415
-34.7674
5.5872
-41.8276
-362.822
34.4945
-45.9603
-320.731
30.8009
-35.4994
-191.235
18.6261
-31.0341
-129.647
13.2922
-26.0941
-75.8395
8.1462
-19.1937
-34.4588
2.78021
-4.56979
-509.806
53.6343
-4.01425
-325.077
35.3166
-5.18442
-291.203
33.2275
-3.64236
-169.06
21.204
-6.23893
-116.354
15.3534
-7.73512
-50.8472
6.50763
5.18946
-418.546
45.0662
5.50697
-379.526
42.3554
4.73769
-281.158
33.3857
4.42044
-165.243
20.8921
3.71111
-108.76
15.3815
2.33574
-47.7243
6.91986
6.79446
-13.4192
1.09883
4.31483
-26.9082
3.68614
