5.2202
-43.6009
5.17408
-6.29487
-65.3842
6.47838
-0.395933
-0.217228
-0.130663
0.191671
0.0253623
0.0767374
4.30835
-44.4452
5.16751
-7.66024
-66.6766
6.49101
-0.172672
-0.0104895
0.0939097
0.243495
-0.123929
-0.125224
10.3869
-70.9651
8.78558
10.1125
-54.616
7.24502
11.7401
-48.1528
7.25684
5.98534
-18.5324
3.25917
5.95604
-12.9703
2.44901
3.56252
-4.59759
0.966011
-8.40153
-70.8895
7.08465
-8.2965
-54.4679
5.50412
-5.78217
-29.1498
2.83078
-8.14473
-29.7948
3.18282
-5.04891
-12.6851
1.10667
-3.09575
-4.40051
-0.388235
8.58354
-72.6243
8.74685
8.32825
-56.2048
7.10904
8.62373
-44.7135
6.09087
4.80105
-19.573
2.63294
4.46013
-13.6977
1.91786
2.81945
-4.51577
0.17021
-10.2283
-72.564
7.11667
-10.0899
-56.112
5.61565
-6.96875
-30.2692
3.14415
-10.1277
-31.5841
3.83921
-6.76956
-13.4888
1.69189
-3.00366
-4.1011
0.282188
1.54098
-130.791
14.2498
1.91681
-1.96159
0.375293
9.5128
-88.0512
10.3329
-2.00939
-1.75944
-0.429106
-18.5054
-176.088
17.2972
0.527533
0.366444
-0.173666
-1.08994
-0.411725
0.208735
0.975275
-0.280938
0.135738
-0.770737
-88.8877
9.50253
1.79818
-2.0867
-0.669307
-2.09672
-2.24693
0.494498
-0.0929002
0.106358
-0.0555928
10.4279
-79.117
9.56801
10.2908
-62.7858
8.00669
9.82322
-46.5452
6.49123
9.065
-31.0303
5.02949
6.92541
-18.3815
3.32863
4.89238
-8.36237
1.59982
-8.3987
-79.0707
7.86912
-8.37873
-62.6787
6.28847
-8.11861
-46.4527
4.6992
-7.22804
-31.3325
3.02317
-5.77358
-18.0417
1.82651
-4.18784
-8.07671
0.374445
12.9267
-121.196
14.3165
8.4948
-64.4015
7.9315
8.09779
-48.0812
6.2671
5.86587
-26.3086
3.72162
5.3335
-19.3998
2.76949
3.56078
-8.69469
1.00282
-10.2246
-80.7707
7.87911
-10.1702
-64.3411
6.35806
-9.9026
-47.9731
4.88458
-8.69288
-32.7895
3.58757
-7.50003
-19.1575
2.3432
-5.76583
-8.63873
1.05931
37.8053
-287.214
35.0942
46.0802
-277.237
35.8798
33.2747
-152.705
21.732
17.7868
-64.1378
9.96182
20.7455
-53.5273
8.9365
12.525
-16.1419
2.34182
-36.8979
-286.928
28.4214
-36.1836
-221.311
22.2434
-27.1452
-128.726
12.7138
-33.8021
-117.19
13.7272
-22.7286
-52.7579
5.68281
-13.415
-19.2232
-0.168965
-4.73577
-435.497
47.6426
-5.04698
-336.76
38.2287
-6.00619
-267.437
32.5282
-4.84139
-152.89
19.2488
-6.9867
-80.0951
10.9572
-5.24329
-18.8409
2.32545
5.83388
-425.467
47.6333
4.22823
-272.342
31.9351
4.73464
-231.315
29.5706
5.95898
-161.593
22.5435
3.01848
-75.0646
11.0098
1.97972
-23.9097
3.24322
1.48885
-7.39301
0.9857
-0.764478
-3.32602
0.862834
0.547903
-352.185
37.9621
-11.0243
-9.24256
0.343921
-0.0657724
0.988834
-0.0918057
5.55934
-4.75205
-0.155168
33.2282
-279.882
33.4597
37.4568
-254.429
31.9064
35.7172
-189.362
25.5906
44.0459
-171.238
25.9109
24.1442
-76.062
12.5275
17.2051
-34.1793
5.47923
-41.6221
-359.627
35.4436
-45.7209
-317.623
31.6361
-35.2898
-189.133
19.1254
-30.7883
-128.009
13.6517
-25.8393
-74.7288
8.37002
-18.9736
-33.8873
2.90056
-4.76303
-504.903
54.4832
-4.16533
-321.605
35.7997
-5.3398
-287.657
33.5953
-3.74508
-166.669
21.3818
-6.3244
-114.423
15.4339
-7.73782
-49.8493
6.53229
5.26063
-415.215
45.7788
5.57599
-376.229
42.933
4.78395
-278.392
33.753
4.45286
-163.38
21.0677
3.74597
-107.368
15.4559
2.36231
-47.0615
6.92886
6.67166
-13.106
1.06232
4.26493
-26.5503
3.68257
