5.17261
-42.8638
5.24869
-6.18353
-64.277
6.8159
-0.383484
-0.210509
-0.126173
0.186384
0.0243572
0.0746366
4.21624
-43.5575
5.24231
-7.61656
-65.3458
6.82937
-0.168106
-0.00996819
0.0921953
0.23344
-0.117183
-0.122607
10.2882
-69.6935
8.86019
10.0016
-53.5421
7.25634
11.5767
-47.0782
7.2201
5.88345
-18.076
3.21205
5.82696
-12.615
2.38303
3.47451
-4.46279
0.922798
-8.25358
-69.6147
7.45371
-8.14753
-53.3897
5.78768
-5.66561
-28.509
2.98404
-7.94439
-29.0369
3.36399
-4.90277
-12.3389
1.19447
-2.99535
-4.27524
-0.332185
8.39875
-71.0551
8.82082
8.14061
-54.8525
7.1182
8.41374
-43.4777
6.05562
4.66416
-18.9615
2.58759
4.3031
-13.1891
1.86098
2.71407
-4.29953
0.152483
-10.1669
-70.9967
7.48698
-10.0137
-54.767
5.9021
-6.8947
-29.4487
3.29977
-9.98214
-30.575
4.021
-6.64011
-13.0047
1.77247
-2.93542
-3.93643
0.309098
1.58097
-128.579
14.7004
1.86743
-1.90116
0.35481
9.37307
-86.4263
10.4822
-1.9426
-1.70657
-0.39578
-18.2938
-172.837
18.1979
0.519271
0.354975
-0.170361
-1.05861
-0.401057
0.205725
0.942928
-0.269324
0.126202
-0.832889
-87.1124
9.80355
1.73404
-1.9685
-0.658761
-2.04417
-2.14812
0.503489
-0.0933984
0.106805
-0.0526219
10.3319
-77.7456
9.67927
10.1872
-61.613
8.04766
9.70265
-45.5759
6.4785
8.9312
-30.2902
4.97685
6.78961
-17.9003
3.26098
4.77797
-8.1246
1.54354
-8.25049
-77.6967
8.28018
-8.23088
-61.5023
6.61401
-7.9676
-45.4818
4.94238
-7.06873
-30.5968
3.19779
-5.61713
-17.567
1.94029
-4.05936
-7.84966
0.443229
12.6506
-118.688
14.4827
8.30887
-62.9372
7.97111
7.91028
-46.8477
6.25188
5.71493
-25.5287
3.67974
5.15813
-18.734
2.70731
3.4302
-8.34184
0.961163
-10.1655
-79.0996
8.29082
-10.1018
-62.8827
6.68611
-9.81578
-46.7485
5.13148
-8.58352
-31.8322
3.76402
-7.375
-18.5121
2.45368
-5.64155
-8.30676
1.11622
37.2374
-281.531
35.392
45.342
-271.178
35.9245
32.666
-148.89
21.6004
17.3972
-62.3514
9.80588
20.1859
-51.7919
8.67441
12.1615
-15.5167
2.19991
-36.4699
-281.238
29.8978
-35.7306
-216.456
23.3771
-26.7385
-125.554
13.3773
-33.1558
-113.81
14.4033
-22.2166
-51.0617
6.00313
-13.0672
-18.5425
0.00368015
-5.10124
-426.085
48.9802
-5.37797
-328.665
39.1233
-6.30321
-260.069
33.1166
-5.06315
-148.019
19.5063
-7.07337
-77.1367
11.0302
-5.19788
-17.9825
2.3528
5.97711
-417.823
48.9686
4.31364
-266.949
32.6799
4.80668
-226.161
30.0992
6.04311
-157.496
22.8
3.07551
-72.9884
11.066
2.01764
-23.2082
3.23453
1.50096
-7.16066
0.95832
-0.769928
-3.12169
0.853267
0.478613
-345.685
39.1639
-10.7273
-8.8907
0.423619
-0.058311
0.975055
-0.0925962
5.39638
-4.53189
-0.192785
32.7369
-274.557
33.8497
36.8792
-249.153
32.0658
35.1036
-184.953
25.5306
43.1923
-166.648
25.6279
23.5416
-73.763
12.2547
16.7175
-32.9902
5.26057
-41.1448
-352.77
37.2937
-45.1702
-311.028
33.2633
-34.818
-184.731
20.0973
-30.2574
-124.624
14.3497
-25.3017
-72.4604
8.80362
-18.5166
-32.7307
3.13488
-5.14668
-494.455
56.1186
-4.46373
-314.285
36.726
-5.64505
-280.275
34.294
-3.94804
-161.751
21.7129
-6.48769
-110.498
15.578
-7.73531
-47.8399
6.57444
5.39406
-408.005
47.1517
5.70578
-369.176
44.0402
4.87092
-272.561
34.4501
4.51169
-159.51
21.3958
3.81114
-104.513
15.5874
2.41243
-45.7154
6.93912
6.42125
-12.4812
0.989537
4.15884
-25.8114
3.67213
