5.14415
-42.4646
5.28368
-6.12217
-63.6775
6.97914
-0.377176
-0.207112
-0.123912
0.183702
0.0238412
0.0735731
4.1663
-43.0844
5.2774
-7.58788
-64.6364
6.99299
-0.165791
-0.00972134
0.0913086
0.228394
-0.113838
-0.121247
10.2298
-69.0112
8.89411
9.93787
-52.9735
7.25963
11.4865
-46.5186
7.19947
5.82893
-17.8414
3.1876
5.75996
-12.4347
2.3498
3.4295
-4.39514
0.9013
-8.17201
-68.931
7.63223
-8.06576
-52.8193
5.92488
-5.60279
-28.1747
3.05839
-7.83919
-28.6485
3.45161
-4.8275
-12.1631
1.23711
-2.94431
-4.21215
-0.304447
8.29868
-70.2267
8.85452
8.03972
-54.1473
7.12071
8.30217
-42.8423
6.03667
4.59283
-18.6504
2.56486
4.22294
-12.9337
1.8328
2.66069
-4.19257
0.144081
-10.1271
-70.1694
7.66603
-9.96708
-54.0655
6.04048
-6.85253
-29.0262
3.37478
-9.90333
-30.0631
4.10803
-6.57231
-12.7614
1.81098
-2.90033
-3.85439
0.322065
1.59962
-127.38
14.9167
1.84232
-1.87101
0.34465
9.29469
-85.5538
10.5522
-1.90877
-1.68007
-0.379266
-18.1715
-171.092
18.6335
0.514945
0.349123
-0.168621
-1.04269
-0.395654
0.204078
0.926585
-0.263563
0.121463
-0.863353
-86.1661
9.94802
1.70156
-1.91043
-0.652965
-2.01741
-2.09923
0.507537
-0.0936194
0.10691
-0.0511215
10.2746
-77.0059
9.7309
10.1266
-60.9876
8.06531
9.6347
-45.0666
6.47015
8.85803
-29.9078
4.94919
6.71829
-17.6548
3.22656
4.71908
-8.00459
1.51543
-8.1688
-76.9559
8.47899
-8.14944
-60.8754
6.7715
-7.88522
-44.972
5.06008
-6.98392
-30.2161
3.28259
-5.53591
-17.3248
1.99537
-3.99362
-7.7349
0.476841
12.5009
-117.357
14.5599
8.20845
-62.1687
7.98826
7.80993
-46.2089
6.24273
5.63535
-25.1303
3.65825
5.06797
-18.3978
2.67628
3.36386
-8.16571
0.940765
-10.1268
-78.2129
8.48993
-10.0587
-62.1172
6.84468
-9.76434
-46.1141
5.25066
-8.52308
-31.3427
3.84884
-7.30852
-18.1862
2.50654
-5.57721
-8.14082
1.14343
36.9201
-278.509
35.5274
44.9342
-267.996
35.9359
32.3365
-146.917
21.5291
17.1915
-61.4379
9.72621
19.8975
-50.9167
8.54346
11.976
-15.2057
2.13027
-36.2233
-278.213
30.6118
-35.4734
-213.908
23.9252
-26.5146
-123.911
13.6985
-32.8122
-112.088
14.728
-21.95
-50.2059
6.15737
-12.889
-18.2019
0.0884491
-5.28008
-421.117
49.6207
-5.53912
-324.444
39.5496
-6.44701
-256.281
33.3941
-5.17058
-145.546
19.6264
-7.11209
-75.6522
11.0621
-5.17305
-17.5573
2.36554
6.04435
-413.723
49.608
4.35426
-264.095
33.0347
4.84078
-223.476
30.3477
6.0813
-155.396
22.9177
3.10284
-71.936
11.0897
2.03574
-22.8566
3.22927
1.50632
-7.04519
0.944621
-0.772383
-3.0218
0.848382
0.443311
-342.195
39.7407
-10.5757
-8.71585
0.462191
-0.0547994
0.967456
-0.0929917
5.31347
-4.42332
-0.210683
32.4616
-271.709
34.0307
36.558
-246.365
32.1345
34.7683
-182.654
25.4935
42.7343
-164.291
25.4808
23.2283
-72.5965
12.117
16.4677
-32.3939
5.15231
-40.8692
-349.105
38.1885
-44.8552
-307.543
34.0501
-34.5533
-182.436
20.567
-29.9712
-122.885
14.6862
-25.0191
-71.31
9.01225
-18.2806
-32.1501
3.24823
-5.33482
-488.911
56.9029
-4.60925
-310.444
37.1686
-5.79308
-276.452
34.6256
-4.04734
-159.239
21.8673
-6.56448
-108.517
15.6431
-7.72997
-46.8376
6.59304
5.45649
-404.117
47.81
5.76699
-365.417
44.5693
4.91245
-269.499
34.7807
4.53873
-157.509
21.5497
3.84213
-103.059
15.6463
2.43655
-45.0366
6.94176
6.29425
-12.173
0.954392
4.10268
-25.4322
3.66587
