5.11241
-42.0443
5.31727
-6.05673
-63.0463
7.13797
-0.370829
-0.203698
-0.121651
0.181008
0.0233164
0.072509
4.11369
-42.5917
5.3111
-7.55417
-63.8976
7.15216
-0.163465
-0.00948765
0.090406
0.223356
-0.110529
-0.119854
10.1649
-68.2971
8.92627
9.86827
-52.3838
7.26195
11.3906
-45.9449
7.17808
5.7721
-17.603
3.16297
5.69158
-12.2533
2.31689
3.38405
-4.32761
0.880136
-8.08498
-68.2156
7.80597
-7.97874
-52.228
6.05848
-5.53676
-27.8315
3.131
-7.73055
-28.2549
3.53696
-4.75083
-11.9861
1.27878
-2.89281
-4.14901
-0.276982
8.19336
-69.3697
8.88653
7.93404
-53.4239
7.12247
8.1862
-42.1972
6.01757
4.51967
-18.3371
2.54259
4.14191
-12.6789
1.80527
2.60701
-4.08708
0.136212
-10.0807
-69.3135
7.84023
-9.91421
-53.3459
6.17505
-6.80671
-28.5967
3.44763
-9.82039
-29.5484
4.19208
-6.50256
-12.5186
1.84816
-2.86472
-3.77301
0.334646
1.61742
-126.119
15.1265
1.81708
-1.84108
0.33467
9.21038
-84.6407
10.6195
-1.87475
-1.65364
-0.362911
-18.0373
-169.266
19.0573
0.510527
0.343221
-0.166809
-1.02665
-0.390225
0.202324
0.910199
-0.257876
0.11677
-0.893166
-85.1808
10.0881
1.66891
-1.85348
-0.646716
-1.99046
-2.05102
0.511249
-0.0938295
0.106925
-0.0496114
10.2108
-76.2291
9.78028
10.0598
-60.3357
8.08164
9.56145
-44.5413
6.46109
8.78065
-29.5181
4.92127
6.6449
-17.4066
3.19227
4.65933
-7.88432
1.48771
-8.08165
-76.178
8.67244
-8.06258
-60.2222
6.92481
-7.79791
-44.4461
5.17475
-6.89551
-29.8276
3.36545
-5.45272
-17.0801
2.04907
-3.927
-7.61974
0.509836
12.3432
-115.975
14.6338
8.10295
-61.3769
8.00423
7.70513
-45.5567
6.23322
5.55307
-24.7277
3.63692
4.97637
-18.061
2.64587
3.29702
-7.99077
0.921016
-10.0814
-77.2923
8.68364
-10.0091
-61.3284
6.99892
-9.70708
-45.4665
5.36651
-8.45863
-30.8476
3.93106
-7.23942
-17.8595
2.55761
-5.51156
-7.9758
1.1697
36.5797
-275.366
35.656
44.4996
-264.716
35.943
31.9901
-144.905
21.4567
16.9788
-60.5139
9.64691
19.6043
-50.0403
8.41452
11.7886
-14.8976
2.0625
-35.9531
-275.068
31.3065
-35.194
-211.282
24.4585
-26.2763
-122.234
14.0115
-32.4548
-110.35
15.0424
-21.6766
-49.3488
6.30714
-12.7083
-17.8629
0.17189
-5.45489
-415.977
50.2414
-5.6961
-320.114
39.9621
-6.58656
-252.434
33.6613
-5.27496
-143.058
19.7417
-7.14735
-74.1717
11.0919
-5.14693
-17.1375
2.37794
6.10889
-409.432
50.2277
4.39387
-261.138
33.3781
4.87416
-220.722
30.5865
6.11724
-153.267
23.0297
3.12981
-70.8778
11.1114
2.05357
-22.5061
3.22402
1.51141
-6.93073
0.931231
-0.774705
-2.92422
0.843571
0.40808
-338.541
40.3002
-10.4226
-8.54268
0.4997
-0.0514759
0.959359
-0.0934149
5.22994
-4.31646
-0.227629
32.1657
-268.738
34.2039
36.2143
-243.477
32.1981
34.4135
-180.297
25.4541
42.2554
-161.901
25.3335
22.9079
-71.423
11.9806
16.2147
-31.7995
5.0463
-40.5668
-345.281
39.0591
-44.5115
-303.934
34.8157
-34.2679
-180.083
21.0242
-29.6707
-121.119
15.0131
-24.7273
-70.1534
9.2147
-18.0399
-31.5708
3.35864
-5.51902
-483.154
57.6633
-4.75113
-306.488
37.5974
-5.93685
-272.55
34.946
-4.14454
-156.699
22.0149
-6.63735
-106.533
15.7046
-7.72182
-45.8424
6.61071
5.51621
-400.035
48.4482
5.82606
-361.5
45.0817
4.95322
-266.343
35.0999
4.56458
-155.468
21.6978
3.87248
-101.59
15.7017
2.46042
-44.3567
6.94362
6.16642
-11.8696
0.920803
4.04446
-25.0478
3.6593
