5.66712
-43.4713
1.26776
-8.14034
-65.1665
0.176332
-0.243358
-0.117361
-0.0824429
0.0925461
0.0346662
0.0322879
5.53858
-44.5982
1.25328
-8.3198
-66.9122
0.205315
-0.0817851
0.00904406
0.047071
0.135524
-0.0504476
-0.0800195
11.1991
-67.7221
2.33851
10.5919
-48.3734
2.1734
11.4262
-37.3718
2.62996
5.12058
-12.1353
1.41933
4.0404
-6.35166
0.912521
1.93592
-1.34285
0.356477
-10.8584
-67.5534
0.0720466
-10.5495
-48.0929
-0.130044
-6.92797
-22.9851
-0.477938
-8.68068
-18.6142
-0.464856
-4.53691
-6.34629
-0.539638
-2.27485
-1.53418
-0.796675
10.986
-69.904
2.24509
10.372
-50.3783
1.87972
10.1027
-35.3857
1.59248
4.98355
-13.4109
0.420145
3.73591
-7.13973
0.235408
2.0002
-1.18469
-0.369608
-11.1189
-69.7551
0.149833
-10.8044
-50.1606
0.117668
-6.90336
-24.2539
0.10613
-8.80982
-20.5979
0.630446
-5.06249
-7.02418
0.190654
-1.84982
-1.5892
-0.0512994
0.386622
-130.38
2.10282
0.890797
-0.323136
0.141011
11.1748
-88.0799
2.50397
-1.32702
-0.472989
-0.453139
-21.7448
-176.121
0.525154
0.266502
0.29937
-0.14726
-0.635847
-0.180861
0.169048
0.538048
-0.0624563
0.104769
0.0408379
-89.1871
1.40556
1.15477
-0.192832
-0.737544
-1.09337
-0.539621
0.221661
-0.0173916
0.119778
-0.0560153
11.3011
-77.4016
2.43423
10.976
-58.013
2.24823
9.98956
-39.0246
2.08726
8.56055
-22.0288
1.91245
5.24016
-10.4833
1.3066
2.99037
-3.36523
0.551502
-10.8644
-77.2919
0.161764
-10.7763
-57.7925
-0.0334858
-10.1158
-38.8887
-0.271399
-8.25773
-22.6086
-0.739154
-5.64618
-10.2575
-0.447755
-3.42525
-3.43831
-0.636922
16.6138
-119.453
3.56818
10.7662
-60.0895
2.07271
9.84183
-40.8982
1.62795
6.564
-19.2364
0.942962
4.94901
-11.631
0.464402
2.72243
-3.77283
-0.0765095
-11.1166
-79.5647
0.187975
-10.9918
-59.9317
0.126422
-10.3981
-40.6713
0.111383
-8.0647
-24.2001
0.280874
-6.08595
-11.3543
0.300994
-3.94643
-3.80171
0.0895837
44.116
-275.327
9.24341
52.4689
-247.249
10.1911
35.6704
-120.207
6.67078
16.8427
-43.5404
3.23509
15.8409
-27.3313
2.46845
8.17562
-4.51023
0.072975
-43.2275
-274.682
0.50614
-41.6225
-196.83
0.0175794
-29.2728
-102.324
-1.20332
-32.3279
-75.5185
0.93864
-18.747
-27.2113
-0.652149
-9.15702
-7.3979
-1.91341
-0.107038
-418.817
7.28266
-1.14197
-301.158
6.09932
-2.2712
-211.291
5.60437
-1.42846
-101.192
2.08926
-4.31371
-40.6398
1.24686
-2.88462
-5.42666
-0.31225
0.83589
-405.588
7.27158
-0.424813
-240.358
5.15392
-0.668837
-179.982
5.82657
1.12244
-101.31
3.79274
-1.04611
-35.8659
1.1848
-0.48553
-6.17837
-0.460568
0.165175
-0.653414
-0.243114
-0.200234
0.203952
-0.0402725
0.672529
-352.272
5.52132
-6.87125
-2.30066
-0.4686
0.0893171
0.95469
-0.0310992
3.26953
-0.566946
-0.544952
38.9527
-274.881
8.46213
43.3058
-236.312
8.72655
39.5815
-160.063
7.60049
45.5581
-123.44
8.37808
20.289
-45.0631
3.99427
12.0867
-14.4392
1.0709
-48.8958
-352.901
0.819359
-53.1475
-294.481
0.329921
-39.7255
-159.694
-0.362244
-31.1865
-93.2274
-0.089792
-23.0647
-43.7406
-0.297858
-14.3527
-14.9559
-1.11188
0.33716
-497.509
8.10452
-0.662521
-299.511
5.5899
-1.86146
-243.625
5.44656
-0.365788
-121.767
4.30964
-3.75208
-67.09
2.28354
-4.67803
-20.5982
0.0756181
1.06317
-405.999
6.82889
0.330682
-347.008
6.73297
-0.889454
-232.459
5.72805
0.283229
-116.541
2.96467
-0.897254
-59.4509
2.28018
-0.926603
-18.2805
0.277074
4.84258
-2.12547
-0.849836
4.82172
-20.0647
0.98462
