5.03859
-41.1383
5.3807
-5.91278
-61.6861
7.44028
-0.358068
-0.196845
-0.117159
0.175628
0.0222406
0.0704025
4.00036
-41.5476
5.37477
-7.47037
-62.3318
7.45504
-0.158817
-0.00907048
0.0885628
0.213351
-0.104073
-0.116971
10.0151
-66.7718
8.98667
9.711
-51.1413
7.26539
11.1813
-44.7573
7.13516
5.6517
-17.1166
3.11439
5.55133
-11.8888
2.25336
3.29242
-4.19374
0.839543
-7.89346
-66.6883
8.13691
-7.788
-50.9832
6.31337
-5.39454
-27.1196
3.27027
-7.50278
-27.4548
3.70001
-4.59353
-11.6302
1.35886
-2.78876
-4.02317
-0.223089
7.96668
-67.5716
8.94689
7.70812
-51.9261
7.12556
7.9411
-40.8829
5.98095
4.36815
-17.7068
2.50075
3.97791
-12.1748
1.75354
2.49918
-3.8824
0.12272
-9.96617
-67.5177
8.17184
-9.78841
-51.8556
6.43119
-6.70346
-27.72
3.58602
-9.64184
-28.516
4.35025
-6.35756
-12.0373
1.91803
-2.7923
-3.61357
0.358478
1.65052
-123.4
15.5248
1.76659
-1.78222
0.315598
9.02337
-82.6903
10.7465
-1.80638
-1.60121
-0.330842
-17.7304
-165.364
19.8637
0.501524
0.331351
-0.162939
-0.994373
-0.379338
0.198452
0.877488
-0.246836
0.107594
-0.950138
-83.0925
10.3542
1.60332
-1.74409
-0.632574
-1.93629
-1.95752
0.517568
-0.0942389
0.106645
-0.0465628
10.0627
-74.5613
9.87338
9.90685
-58.9521
8.11188
9.39871
-43.4434
6.44266
8.6132
-28.7186
4.86636
6.49241
-16.9046
3.1256
4.53795
-7.64423
1.43453
-7.88987
-74.5086
9.04074
-7.8716
-58.8364
7.2171
-7.60764
-43.3475
5.39381
-6.70745
-29.0288
3.52459
-5.28051
-16.5852
2.15188
-3.79139
-7.3894
0.573698
12.0035
-113.06
14.7733
7.87645
-59.7262
8.03423
7.48206
-44.2166
6.21497
5.38053
-23.9137
3.59626
4.7895
-17.3896
2.58849
3.1624
-7.64709
0.884491
-9.96882
-75.35
9.05237
-9.88909
-59.6835
7.29256
-9.57399
-44.1353
5.58688
-8.31716
-29.8452
4.08669
-7.09343
-17.2081
2.65373
-5.37687
-7.65099
1.21905
35.827
-268.718
35.8976
43.5481
-257.869
35.9534
31.246
-140.776
21.3155
16.5331
-58.6419
9.49366
19.006
-48.2947
8.16817
11.4103
-14.2947
1.93528
-35.3364
-268.417
32.6292
-34.5641
-205.802
25.4748
-25.7535
-118.787
14.6101
-31.6975
-106.844
15.6371
-21.1103
-47.6404
6.59181
-12.341
-17.1939
0.333989
-5.78831
-405.194
51.4209
-5.99378
-311.149
40.7459
-6.84966
-244.595
34.1672
-5.47236
-138.066
19.9613
-7.20632
-71.2429
11.1479
-5.09118
-16.3214
2.40257
6.23059
-400.271
51.4054
4.47123
-254.912
34.0305
4.94039
-215.022
31.037
6.18346
-148.939
23.2403
3.18387
-68.754
11.1521
2.0893
-21.8118
3.21531
1.52133
-6.70616
0.906262
-0.779079
-2.73813
0.834565
0.33933
-330.739
41.363
-10.1132
-8.20385
0.57094
-0.0455061
0.941597
-0.0944226
5.06186
-4.10987
-0.257687
31.51
-262.418
34.5305
35.4575
-237.406
32.3167
33.6445
-175.417
25.3763
41.2351
-157.037
25.0478
22.2475
-69.0676
11.7183
15.7018
-30.6242
4.84541
-39.8753
-337.151
40.7163
-43.7317
-296.35
36.274
-33.6311
-175.211
21.896
-29.0249
-117.519
15.6347
-24.1163
-67.8332
9.59903
-17.5458
-30.4233
3.56956
-5.87132
-471.011
59.108
-5.02058
-298.24
38.4122
-6.2082
-264.534
35.5544
-4.3308
-151.564
22.2919
-6.76945
-102.581
15.8198
-7.69681
-43.889
6.64532
5.62795
-391.273
49.6609
5.93867
-353.189
46.0556
5.03405
-259.751
35.7056
4.61394
-151.279
21.9791
3.93258
-98.6257
15.8056
2.50851
-43.0005
6.94753
5.90937
-11.2831
0.860327
3.92198
-24.2663
3.64635
