4.99633
-40.6519
5.41074
-5.83393
-60.9561
7.58278
-0.351673
-0.193418
-0.114943
0.172958
0.0216899
0.0693707
3.93959
-40.9962
5.40494
-7.4197
-61.505
7.59777
-0.156508
-0.00889177
0.0876267
0.208408
-0.100948
-0.115482
9.92974
-65.9598
9.01555
9.62308
-50.4886
7.2673
11.0679
-44.1444
7.11461
5.58824
-16.8693
3.09099
5.47977
-11.7065
2.22335
3.24652
-4.12774
0.820456
-7.78851
-65.8757
8.29309
-7.68385
-50.3298
6.43396
-5.31815
-26.7514
3.33662
-7.38357
-27.0496
3.77733
-4.51299
-11.452
1.39713
-2.73634
-3.96074
-0.196759
7.84527
-66.6314
8.97588
7.58786
-51.1533
7.1277
7.81203
-40.216
5.96436
4.28994
-17.3913
2.48181
3.89523
-11.9269
1.72996
2.44522
-3.78407
0.117394
-9.89732
-66.5788
8.32822
-9.71486
-51.0865
6.552
-6.64577
-27.2743
3.65118
-9.54611
-28.001
4.42387
-6.28245
-11.8003
1.95054
-2.75563
-3.53609
0.369655
1.66587
-121.94
15.7128
1.74151
-1.75347
0.30667
8.92044
-81.6524
10.8068
-1.77213
-1.57533
-0.315199
-17.5565
-163.288
20.2438
0.496989
0.32542
-0.160862
-0.97819
-0.373902
0.196315
0.861248
-0.241537
0.103142
-0.976966
-81.9899
10.4797
1.57048
-1.69216
-0.624542
-1.90924
-1.91262
0.52013
-0.0944483
0.106334
-0.0450244
9.97797
-73.6693
9.91764
9.82041
-58.2199
8.12653
9.30906
-42.8713
6.43409
8.52314
-28.3097
4.84019
6.41358
-16.6517
3.09394
4.47663
-7.52496
1.40956
-7.7848
-73.6159
9.21441
-7.76702
-58.1036
7.35521
-7.50431
-42.7752
5.49763
-6.60762
-28.6195
3.60054
-5.19152
-16.3359
2.20076
-3.72252
-7.27468
0.604443
11.8213
-111.528
14.8398
7.75541
-58.8685
8.04901
7.3638
-43.5305
6.20709
5.29036
-23.504
3.57762
4.69452
-17.0569
2.56226
3.09488
-7.47956
0.868186
-9.90084
-74.329
9.22619
-9.81791
-58.8287
7.43106
-9.49762
-43.4536
5.69079
-8.23995
-29.34
4.15965
-7.01656
-16.885
2.69851
-5.30804
-7.49229
1.24198
35.414
-265.213
36.0133
43.0306
-254.306
35.9607
30.8483
-138.664
21.25
16.3005
-57.6976
9.42169
18.7021
-47.43
8.05329
11.2202
-14.0019
1.87711
-34.9877
-264.911
33.2532
-34.2115
-202.953
25.9549
-25.468
-117.021
14.8942
-31.2974
-105.084
15.9158
-20.8176
-46.7935
6.72607
-12.1549
-16.8659
0.412287
-5.94498
-399.556
51.9785
-6.13273
-306.523
41.1173
-6.9717
-240.617
34.407
-5.56435
-135.574
20.0668
-7.22949
-69.8038
11.1753
-5.06171
-15.9284
2.41519
6.2881
-395.396
51.9622
4.50951
-251.645
34.3398
4.974
-212.079
31.2496
6.21424
-146.746
23.3406
3.21154
-67.6928
11.1726
2.10763
-21.4698
3.21267
1.52644
-6.59661
0.895098
-0.781189
-2.65056
0.830553
0.306536
-326.587
41.8646
-9.9575
-8.03929
0.604407
-0.0429094
0.931903
-0.0950441
4.9777
-4.011
-0.270346
31.1495
-259.069
34.6858
35.0437
-234.225
32.3745
33.23
-172.899
25.3412
40.694
-154.571
24.9139
21.9086
-67.8911
11.5952
15.4429
-30.0467
4.75254
-39.4837
-332.843
41.4976
-43.293
-292.377
36.9625
-33.2779
-172.697
22.3082
-28.6788
-115.692
15.9277
-23.7972
-66.6751
9.77999
-17.2929
-29.8584
3.66957
-6.03738
-464.627
59.7903
-5.14655
-293.956
38.7979
-6.33417
-260.432
35.8431
-4.41897
-148.978
22.4221
-6.82779
-100.624
15.8748
-7.67983
-42.9375
6.66322
5.68023
-386.587
50.2336
5.99268
-348.794
46.5166
5.07484
-256.318
35.9928
4.638
-149.135
22.1135
3.96291
-97.1345
15.8556
2.53324
-42.3273
6.95076
5.78061
-11.0024
0.834382
3.85779
-23.8707
3.64046
