4.66481
-37.2542
5.57233
-5.25827
-55.8585
8.29156
-0.313503
-0.173025
-0.102369
0.157652
0.0182139
0.0637335
3.5183
-37.2881
5.56736
-6.98075
-55.9433
8.30678
-0.143189
-0.00834781
0.0819008
0.180065
-0.0841416
-0.105906
9.2664
-60.3883
9.18617
8.96229
-46.1368
7.30132
10.2663
-40.2209
7.0291
5.16511
-15.3414
2.97757
5.03804
-10.6265
2.0836
2.97629
-3.75125
0.731535
-7.02166
-60.3052
9.07397
-6.92802
-45.9807
7.04313
-4.78184
-24.3821
3.68049
-6.59252
-24.571
4.17275
-4.00532
-10.3926
1.59787
-2.41899
-3.59775
-0.0497116
7.00518
-60.4476
9.14904
6.76637
-46.2269
7.1692
6.95016
-36.1369
5.91256
3.79074
-15.5288
2.41148
3.39672
-10.5351
1.63596
2.12538
-3.26924
0.112833
-9.30637
-60.4038
9.10795
-9.11139
-46.1805
7.15614
-6.20897
-24.5334
3.97615
-8.87906
-24.9856
4.77734
-5.79842
-10.4629
2.10658
-2.53269
-3.11559
0.424539
1.74313
-111.746
16.665
1.59738
-1.59379
0.265763
8.16876
-74.546
11.1312
-1.56796
-1.42641
-0.228456
-16.203
-149.075
22.1329
0.470563
0.290863
-0.145957
-0.881815
-0.341788
0.180211
0.767327
-0.214013
0.0791333
-1.10594
-74.5741
11.1152
1.37511
-1.43105
-0.559338
-1.75057
-1.67811
0.526018
-0.0960194
0.101711
-0.0355807
9.31491
-67.4856
10.1638
9.1575
-53.2597
8.22593
8.65401
-39.1258
6.41247
7.89581
-25.7499
4.72194
5.91091
-15.1242
2.94511
4.10764
-6.8311
1.29487
-7.01722
-67.4322
10.0797
-7.00382
-53.1454
8.04925
-6.76227
-39.0314
6.02587
-5.92429
-26.0427
3.99617
-4.61822
-14.8312
2.45326
-3.29717
-6.60229
0.76932
10.5579
-101.324
15.211
6.92179
-53.3098
8.15293
6.56271
-39.2392
6.19861
4.69829
-21.0494
3.50697
4.11034
-15.1454
2.45761
2.69266
-6.56182
0.809625
-9.31342
-67.5305
10.0915
-9.22023
-53.2856
8.12284
-8.891
-39.1862
6.21029
-7.68136
-26.3016
4.51854
-6.50213
-15.0248
2.91447
-4.87915
-6.6164
1.35141
32.415
-241.697
36.699
39.3365
-231.106
36.1357
28.1102
-125.462
21.0098
14.781
-51.9957
9.10447
16.8388
-42.4576
7.54407
10.0873
-12.4133
1.63622
-32.2839
-241.408
36.3681
-31.5295
-184.416
28.3688
-23.3984
-105.937
16.3486
-28.5894
-94.5709
17.2853
-18.937
-41.913
7.40235
-11.0176
-15.0325
0.834909
-6.6932
-362.481
54.8413
-6.78246
-277.037
43.0619
-7.53141
-216.27
35.6892
-5.99515
-120.952
20.6748
-7.26654
-61.729
11.3628
-4.86606
-13.8553
2.50493
6.59635
-361.971
54.8229
4.74723
-229.901
35.9611
5.20177
-193.227
32.3739
6.37991
-133.323
23.9171
3.401
-61.4224
11.3325
2.23486
-19.5192
3.24159
1.56612
-5.98706
0.857196
-0.794236
-2.22341
0.817845
0.15157
-298.161
44.407
-9.02122
-7.14306
0.768666
-0.033875
0.861715
-0.101389
4.47997
-3.49851
-0.301573
28.521
-236.341
35.5503
32.0597
-213.18
32.7751
30.3255
-156.81
25.2671
37.0289
-139.499
24.3492
19.7795
-60.9696
11.0433
13.8829
-26.8016
4.35211
-36.4381
-303.625
45.3885
-39.9221
-266.104
40.4115
-30.6372
-156.634
24.3903
-26.2656
-104.478
17.3962
-21.6932
-59.8744
10.6859
-15.7048
-26.6652
4.18155
-6.83866
-422.121
63.2685
-5.7381
-266.2
40.7962
-6.91237
-234.78
37.373
-4.85488
-133.474
23.1115
-7.04711
-89.3963
16.2034
-7.51156
-37.7363
6.80292
5.95098
-354.12
53.1537
6.29651
-319.046
48.9072
5.34298
-233.88
37.5139
4.78853
-135.677
22.862
4.1637
-88.1742
16.1667
2.70427
-38.4166
7.01791
5.01543
-9.54914
0.762556
3.43397
-21.4627
3.62599
