4.59655
-36.6082
5.59662
-5.14499
-54.8897
8.38256
-0.307201
-0.169665
-0.100424
0.155256
0.0176078
0.0629112
3.43905
-36.6059
5.5918
-6.88423
-54.9199
8.39763
-0.141085
-0.00835483
0.0809357
0.175599
-0.0817083
-0.104201
9.13065
-59.3438
9.21577
8.83012
-45.3402
7.31281
10.113
-39.528
7.0238
5.08798
-15.0805
2.9647
4.9631
-10.4498
2.06868
2.93271
-3.6921
0.721901
-6.87066
-59.2617
9.17519
-6.77991
-45.1858
7.12357
-4.67933
-23.9617
3.72781
-6.44813
-24.1519
4.22618
-3.91684
-10.2185
1.62611
-2.36582
-3.5394
-0.027245
6.84738
-59.3318
9.17938
6.6136
-45.363
7.18297
6.79279
-35.4499
5.91428
3.70316
-15.2267
2.40855
3.31396
-10.3221
1.62982
2.0731
-3.19761
0.117434
-9.17713
-59.2895
9.20858
-8.98291
-45.3196
7.23462
-6.1207
-24.0692
4.01828
-8.75233
-24.5009
4.82035
-5.71251
-10.2569
2.12561
-2.49535
-3.05403
0.431485
1.75376
-109.808
16.7923
1.57478
-1.56948
0.261501
8.02152
-73.2176
11.1801
-1.5343
-1.40269
-0.215327
-15.9244
-146.419
22.3751
0.466419
0.285378
-0.143009
-0.865971
-0.33654
0.176926
0.752422
-0.210244
0.0756596
-1.12112
-73.2098
11.2002
1.34299
-1.39695
-0.545239
-1.72503
-1.64559
0.52531
-0.0963595
0.100447
-0.0339669
9.1786
-66.3169
10.2028
9.02305
-52.3395
8.24629
8.52561
-38.4509
6.41598
7.77723
-25.3072
4.71089
5.82291
-14.8693
2.92908
4.04668
-6.71972
1.28293
-6.8661
-66.2641
10.1912
-6.85366
-52.2265
8.14004
-6.61798
-38.3573
6.09649
-5.79628
-25.5947
4.05106
-4.51627
-14.5802
2.48795
-3.22447
-6.49342
0.793232
10.3202
-99.4629
15.2702
6.76576
-52.3199
8.17467
6.41471
-38.5002
6.20585
4.59172
-20.6449
3.50385
4.01144
-14.8448
2.45085
2.62667
-6.42578
0.807644
-9.18443
-66.2904
10.2027
-9.09117
-52.2979
8.21244
-8.76445
-38.4507
6.27782
-7.57212
-25.7988
4.56404
-6.40764
-14.7314
2.941
-4.80546
-6.48524
1.3646
31.83
-237.376
36.8183
38.625
-226.952
36.1972
27.5974
-123.187
21.0037
14.5087
-51.0466
9.07592
16.5246
-41.6731
7.49591
9.90156
-12.18
1.61745
-31.7285
-237.091
36.7709
-30.9857
-181.1
28.6852
-22.9928
-104.019
16.5452
-28.0869
-92.8418
17.459
-18.6036
-41.1409
7.49188
-10.8256
-14.7525
0.89664
-6.78027
-355.792
55.2339
-6.85512
-271.866
43.3385
-7.59169
-212.167
35.8794
-6.04376
-118.598
20.7753
-7.25432
-60.4945
11.4011
-4.83064
-13.5636
2.52329
6.64273
-355.709
55.2157
4.78954
-225.927
36.1922
5.246
-189.895
32.5385
6.40585
-131.051
24.0135
3.43795
-60.399
11.3692
2.2601
-19.2123
3.25612
1.57501
-5.89362
0.856856
-0.796625
-2.17041
0.818079
0.134966
-292.848
44.7474
-8.8659
-7.0105
0.789325
-0.0335531
0.847973
-0.102991
4.39898
-3.42805
-0.298092
28.0067
-232.123
35.6876
31.4806
-209.359
32.8583
29.774
-153.979
25.2863
36.3517
-136.959
24.3067
19.4117
-59.8492
10.9901
13.6243
-26.3034
4.3168
-35.8113
-298.207
45.8893
-39.2341
-261.335
40.8605
-30.1082
-153.807
24.6656
-25.8067
-102.58
17.5882
-21.3115
-58.7755
10.8045
-15.4293
-26.1713
4.251
-6.93366
-414.368
63.7392
-5.80476
-261.259
41.0749
-6.97465
-230.365
37.5956
-4.9093
-130.916
23.2135
-7.05953
-87.6335
16.2615
-7.47205
-36.9672
6.83415
5.98986
-347.986
53.549
6.34506
-313.531
49.2412
5.39337
-229.843
37.7351
4.81619
-133.344
22.98
4.2018
-86.6861
16.2245
2.73791
-37.7895
7.04025
4.89009
-9.34998
0.767048
3.35739
-21.0591
3.62836
