5.73924
-44.221
1.28259
-8.33119
-66.2919
0.117484
-0.238865
-0.112867
-0.0827309
0.0911603
0.0367066
0.0320769
5.62839
-45.4026
1.26845
-8.48488
-68.1188
0.14652
-0.0809737
0.00963863
0.0476002
0.127673
-0.0447482
-0.0778957
11.3463
-68.8799
2.40125
10.7498
-49.1802
2.27351
11.6311
-37.9007
2.79663
5.2152
-12.1754
1.53383
4.08866
-6.15593
1.03273
1.92381
-1.13864
0.422796
-11.1131
-68.7141
0.0241536
-10.8058
-48.9009
-0.146837
-7.11338
-23.3066
-0.474945
-8.93601
-18.6371
-0.440467
-4.64808
-6.15614
-0.518275
-2.28459
-1.36231
-0.783616
11.1679
-71.174
2.30933
10.5615
-51.3049
1.98248
10.3125
-35.9885
1.73691
5.08654
-13.5395
0.511775
3.77989
-7.02114
0.33475
1.97382
-0.99599
-0.310386
-11.3387
-71.028
0.102113
-11.0314
-51.0867
0.101747
-7.07149
-24.6622
0.117731
-9.05017
-20.7652
0.686572
-5.1876
-6.89894
0.243001
-1.87313
-1.48369
-0.0254173
0.303464
-132.63
2.06552
0.871438
-0.199954
0.175265
11.3369
-89.6338
2.53412
-1.31299
-0.379679
-0.438073
-22.2211
-179.229
0.367647
0.273181
0.311778
-0.145213
-0.627259
-0.17209
0.16873
0.523326
-0.0491211
0.107192
0.0199985
-90.7962
1.38128
1.11656
-0.0584292
-0.696038
-1.09204
-0.448608
0.244412
-0.0235122
0.125335
-0.0518303
11.4461
-78.73
2.47958
11.1274
-58.9983
2.32988
10.153
-39.6457
2.2048
8.72395
-22.2455
2.05846
5.32675
-10.3839
1.44511
3.00433
-3.1352
0.646023
-11.119
-78.6223
0.0981749
-11.0317
-58.7806
-0.0653227
-10.3716
-39.5084
-0.274841
-8.49098
-22.8389
-0.728672
-5.80663
-10.1492
-0.425432
-3.48284
-3.22817
-0.618977
16.8837
-121.611
3.63763
10.9518
-61.1901
2.15642
10.0331
-41.6389
1.74641
6.70403
-19.5084
1.05029
5.039
-11.6293
0.580238
2.72564
-3.59917
0.000310499
-11.336
-81.005
0.124833
-11.2139
-61.0349
0.0947784
-10.6304
-41.4078
0.110855
-8.27802
-24.546
0.309844
-6.25079
-11.3366
0.351764
-4.02376
-3.63459
0.136461
44.7747
-280.184
9.49627
53.3245
-251.587
10.7028
36.3407
-122.086
7.18558
17.1574
-43.8471
3.58716
16.0309
-26.7153
2.91849
8.15404
-3.80784
0.286369
-44.1784
-279.546
0.31458
-42.5806
-200.297
-0.0448225
-30.0195
-103.91
-1.17534
-33.2283
-75.9067
1.12166
-19.2018
-26.607
-0.499299
-9.25618
-6.79671
-1.83988
-0.220777
-426.45
7.33305
-1.24779
-306.725
6.36635
-2.42185
-214.889
6.09751
-1.58024
-102.068
2.57956
-4.58743
-39.8285
1.69409
-3.0243
-4.71378
-0.130428
0.518171
-412.548
7.31303
-0.664089
-244.401
5.35673
-0.934004
-182.517
6.26352
0.899131
-101.469
4.35803
-1.25089
-34.6195
1.61247
-0.551497
-4.98185
-0.236919
0.179073
-0.0793237
-0.144906
-0.245906
0.46069
0.0184795
0.518654
-358.489
5.42453
-6.8752
-1.83882
-0.405676
0.0879619
0.994421
-0.0361109
3.21415
-0.258845
-0.45704
39.523
-279.724
8.62187
43.9766
-240.485
9.05645
40.2782
-162.792
8.07688
46.4463
-124.947
9.13843
20.624
-44.8842
4.52327
12.15
-13.6388
1.41549
-49.9653
-359.133
0.533207
-54.3408
-299.705
0.173212
-40.6809
-162.412
-0.366084
-32.0361
-94.3682
0.00789805
-23.6891
-43.5145
-0.142039
-14.623
-14.221
-0.986534
0.208177
-506.505
8.05234
-0.748871
-305.027
5.71854
-1.97594
-248.064
5.80661
-0.463353
-123.488
4.74556
-3.99345
-66.9657
2.7852
-4.94399
-19.4906
0.430596
0.77764
-412.98
6.77875
0.024299
-352.935
6.88018
-1.16569
-236.183
6.07281
0.0803506
-117.716
3.37159
-1.12929
-58.7361
2.76291
-1.07463
-16.8791
0.616261
4.75583
-1.39802
-0.65724
4.91669
-20.3664
1.07609
