4.44932
-35.2499
5.64311
-4.90403
-52.8528
8.5397
-0.294642
-0.162968
-0.096673
0.150608
0.0163747
0.0613772
3.27344
-35.1898
5.63858
-6.67125
-52.7955
8.55427
-0.136982
-0.00845521
0.0789966
0.166891
-0.0771669
-0.100692
8.83839
-57.1584
9.2767
8.54768
-43.6875
7.34184
9.79052
-38.1096
7.02232
4.92846
-14.5535
2.94498
4.81247
-10.0988
2.04694
2.84697
-3.57664
0.707575
-6.54939
-57.079
9.35112
-6.46528
-43.5375
7.26514
-4.4634
-23.0995
3.81326
-6.14895
-23.3086
4.32174
-3.73668
-9.87237
1.67789
-2.25926
-3.42424
0.0158487
6.51779
-57.0325
9.24205
6.29563
-43.6024
7.21741
6.46733
-34.0729
5.92782
3.52474
-14.6309
2.41103
3.14908
-9.91342
1.62655
1.9695
-3.06685
0.131657
-8.89244
-56.9934
9.38296
-8.70225
-43.5645
7.3713
-5.93104
-23.1367
4.09163
-8.48573
-23.5488
4.89217
-5.53635
-9.86007
2.15747
-2.42056
-2.93844
0.44342
1.77327
-105.734
17.0189
1.53088
-1.5227
0.255414
7.70929
-70.443
11.2737
-1.4673
-1.35605
-0.190247
-15.3223
-140.87
22.7931
0.458423
0.274703
-0.136681
-0.834473
-0.326117
0.16981
0.723289
-0.203433
0.0691992
-1.1455
-70.3777
11.3512
1.2791
-1.33704
-0.514038
-1.67476
-1.58631
0.522402
-0.0971203
0.0974861
-0.030699
8.88467
-63.8647
10.2799
8.73444
-50.4212
8.29118
8.25309
-37.0588
6.43025
7.52871
-24.4083
4.69741
5.64372
-14.359
2.90558
3.9255
-6.50033
1.26593
-6.54462
-63.8137
10.384
-6.53427
-50.3116
8.29882
-6.31225
-36.9671
6.22178
-5.52853
-24.683
4.15067
-4.30707
-14.0777
2.55065
-3.07756
-6.27808
0.837847
9.82342
-95.6117
15.3873
6.44028
-50.2906
8.22283
6.10736
-37.0051
6.2288
4.37248
-19.8415
3.50591
3.81284
-14.2602
2.44745
2.49579
-6.1688
0.810984
-8.89996
-63.7245
10.3951
-8.80804
-50.2725
8.36814
-8.48979
-36.9619
6.39557
-7.33995
-24.7983
4.64216
-6.21131
-14.1599
2.98563
-4.65633
-6.23606
1.38648
30.5912
-228.404
37.0641
37.1249
-218.411
36.353
26.5268
-118.579
21.0251
13.9496
-49.1518
9.0424
15.8945
-40.1432
7.4346
9.5335
-11.7404
1.59997
-30.5296
-228.132
37.47
-29.8167
-174.286
29.2395
-22.1307
-100.128
16.8963
-27.0392
-89.4071
17.7574
-17.9199
-39.6333
7.65022
-10.4397
-14.2146
1.01226
-6.91884
-342.008
55.9437
-6.96711
-261.327
43.85
-7.68163
-203.94
36.2406
-6.11939
-113.967
20.977
-7.21344
-58.1256
11.4857
-4.75749
-13.0275
2.56352
6.7318
-342.608
55.9265
4.87702
-217.689
36.6205
5.34064
-183.074
32.8493
6.45714
-126.479
24.209
3.51713
-58.3688
11.4532
2.31467
-18.6123
3.2947
1.59521
-5.71279
0.861916
-0.801664
-2.08041
0.820786
0.111048
-281.751
45.3531
-8.55605
-6.75957
0.82461
-0.0339436
0.818752
-0.106728
4.23887
-3.3001
-0.283013
26.9167
-223.338
35.9583
30.2563
-201.461
33.0425
28.617
-148.199
25.3563
34.9444
-131.86
24.2723
18.667
-57.6388
10.921
13.1093
-25.3442
4.27591
-34.4573
-286.92
46.7553
-37.7516
-251.48
41.6433
-28.9753
-148.035
25.1505
-24.8411
-98.7641
17.9247
-20.5221
-56.6096
11.0128
-14.8693
-25.2167
4.3757
-7.08704
-398.326
64.5827
-5.90813
-251.131
41.5842
-7.06754
-221.432
38.0132
-5.00086
-125.834
23.4075
-7.06254
-84.2075
16.3822
-7.38302
-35.5156
6.90477
6.06282
-335.118
54.2576
6.44099
-302.039
49.8521
5.4997
-221.519
38.1503
4.87445
-128.601
23.2115
4.2826
-83.7132
16.3474
2.81026
-36.5546
7.0962
4.64155
-8.98925
0.791447
3.19968
-20.2515
3.63787
