4.37052
-34.5385
5.66529
-4.77662
-51.7861
8.6057
-0.288376
-0.159625
-0.0948658
0.148354
0.0157484
0.0606648
3.18728
-34.4568
5.66091
-6.55503
-51.6959
8.61995
-0.13498
-0.00854767
0.0780216
0.162642
-0.0750542
-0.0988871
8.68223
-56.0185
9.30803
8.39772
-42.832
7.35938
9.62158
-37.3841
7.02619
4.84614
-14.2871
2.93819
4.73676
-9.92431
2.04015
2.80479
-3.52013
0.702903
-6.37947
-55.9409
9.42569
-6.29908
-42.6846
7.32615
-4.35015
-22.6577
3.85132
-5.99428
-22.8839
4.36382
-3.645
-9.69993
1.70141
-2.20582
-3.36727
0.0364823
6.3464
-55.8502
9.27436
6.13077
-42.7063
7.23806
6.29954
-33.3829
5.93963
3.43399
-14.337
2.41643
3.06696
-9.71735
1.62942
1.91815
-3.00754
0.141294
-8.73731
-55.8127
9.45659
-8.55036
-42.6709
7.42942
-5.8298
-22.6683
4.12282
-8.34595
-23.081
4.92098
-5.4461
-9.66898
2.17031
-2.3831
-2.8843
0.448416
1.78216
-103.6
17.1179
1.50957
-1.50013
0.2536
7.54468
-68.9985
11.3184
-1.43392
-1.33304
-0.178284
-14.9996
-137.982
22.9685
0.45457
0.269516
-0.133296
-0.8188
-0.320929
0.165976
0.709043
-0.200382
0.0662113
-1.15465
-68.9118
11.4171
1.24729
-1.31112
-0.49692
-1.65002
-1.55946
0.520204
-0.0975413
0.0957918
-0.0290433
8.72743
-62.5826
10.3178
8.58061
-49.4238
8.3157
8.10924
-36.3419
6.44102
7.39894
-23.952
4.69504
5.55256
-14.1033
2.89816
3.86525
-6.39205
1.26089
-6.37461
-62.5328
10.4653
-6.36537
-49.3165
8.36669
-6.15109
-36.2513
6.27636
-5.38897
-24.2191
4.19532
-4.19986
-13.8259
2.57863
-3.00333
-6.17138
0.858548
9.56495
-93.6241
15.4451
6.2712
-49.2519
8.24923
5.94832
-36.2494
6.24451
4.25998
-19.4426
3.51111
3.71319
-13.976
2.45081
2.43088
-6.04761
0.816319
-8.74479
-62.4002
10.476
-8.65426
-49.2356
8.43413
-8.34193
-36.2091
6.44571
-7.21715
-24.3004
4.67476
-6.10951
-13.8815
3.00373
-4.58087
-6.11782
1.39519
29.9389
-223.759
37.1906
36.3378
-214.028
36.4474
25.9699
-116.247
21.0526
13.663
-48.2054
9.03751
15.5787
-39.3966
7.42154
9.35103
-11.5335
1.60132
-29.8874
-223.493
37.7657
-29.1926
-170.789
29.477
-21.6748
-98.1556
17.0507
-26.4943
-87.7001
17.8821
-17.5698
-38.8966
7.71903
-10.2456
-13.9561
1.06617
-6.97011
-334.921
56.2605
-7.0063
-255.963
44.0848
-7.71117
-199.816
36.4114
-6.14629
-111.69
21.0783
-7.1848
-56.9893
11.5319
-4.71975
-12.7824
2.58542
6.77451
-335.777
56.244
4.92211
-213.426
36.8175
5.39098
-179.584
32.9954
6.4825
-124.176
24.308
3.55933
-57.3601
11.5006
2.344
-18.3181
3.31882
1.60654
-5.62493
0.867341
-0.804317
-2.04319
0.823257
0.103847
-275.973
45.6181
-8.40137
-6.64079
0.839248
-0.034645
0.80329
-0.108868
4.15967
-3.24234
-0.271385
26.3422
-218.774
36.0917
29.6126
-197.388
33.1434
28.0125
-145.25
25.4071
34.2154
-129.301
24.2805
18.2901
-56.5477
10.9053
12.8529
-24.8822
4.2704
-33.7316
-281.058
47.12
-36.9587
-246.398
41.9766
-28.3724
-145.091
25.3599
-24.3351
-96.8454
18.069
-20.1145
-55.5412
11.1024
-14.5848
-24.7552
4.43097
-7.14514
-390.046
64.955
-5.94469
-245.948
41.8145
-7.09806
-216.917
38.208
-5.03785
-123.309
23.4995
-7.05312
-82.5425
16.445
-7.3335
-34.8317
6.94421
6.09693
-328.391
54.5705
6.48833
-296.066
50.1287
5.55555
-217.235
38.3441
4.90505
-126.191
23.3249
4.32525
-82.2262
16.4124
2.84896
-35.9452
7.12988
4.51828
-8.82704
0.811391
3.11867
-19.8473
3.64501
