4.20314
-33.0539
5.70739
-4.50879
-49.5604
8.71262
-0.275842
-0.152932
-0.0913782
0.143967
0.0144781
0.0593431
3.00882
-32.9436
5.70329
-6.30405
-49.4256
8.72606
-0.13106
-0.00881273
0.0760553
0.154326
-0.0711228
-0.0951693
8.35096
-53.6481
9.37208
8.08124
-41.0638
7.40025
9.26905
-35.9
7.04289
4.67657
-13.7478
2.93063
4.58442
-9.57599
2.03458
2.72156
-3.40892
0.698456
-6.02224
-53.5746
9.54806
-5.94998
-40.9229
7.42864
-4.11369
-21.7527
3.91805
-5.67527
-22.027
4.43661
-3.45845
-9.35523
1.74376
-2.09848
-3.254
0.0759772
5.99151
-53.4237
9.34061
5.79026
-40.8837
7.28588
5.95457
-31.9991
5.97298
3.24965
-13.7564
2.43529
2.90324
-9.34043
1.64397
1.81615
-2.90021
0.165537
-8.40269
-53.3893
9.57677
-8.22453
-40.8529
7.52525
-5.61502
-21.7271
4.17428
-8.05377
-22.16
4.96461
-5.26123
-9.30011
2.1899
-2.30791
-2.78273
0.456513
1.79822
-99.1474
17.2872
1.46804
-1.45628
0.252395
7.19958
-66.0005
11.4032
-1.36724
-1.28736
-0.15545
-14.3129
-131.987
23.2523
0.447142
0.259441
-0.126082
-0.787527
-0.310562
0.157762
0.68111
-0.194939
0.0607038
-1.16691
-65.8856
11.5298
1.18384
-1.26685
-0.459658
-1.60115
-1.51095
0.514346
-0.0984616
0.09199
-0.0256839
8.39352
-59.911
10.3922
8.25494
-47.3553
8.3686
7.80714
-34.8667
6.46959
7.1289
-23.0245
4.69881
5.3671
-13.5895
2.89181
3.74523
-6.17738
1.25762
-6.0172
-59.8639
10.5976
-6.01033
-47.2531
8.47937
-5.81318
-34.7788
6.36935
-5.09906
-23.2748
4.27424
-3.9804
-13.32
2.6279
-2.85321
-5.95905
0.896778
9.02955
-89.5313
15.5586
5.9214
-47.129
8.30634
5.62032
-34.7217
6.28405
4.02962
-18.6492
3.52958
3.5132
-13.422
2.46739
2.30193
-5.8187
0.834163
-8.40981
-59.6732
10.6075
-8.32342
-47.1156
8.54242
-8.02612
-34.6864
6.52858
-6.95858
-23.3087
4.72713
-5.89875
-13.338
3.03164
-4.42801
-5.89295
1.40823
28.5728
-214.163
37.4494
34.6945
-205.041
36.6675
24.8156
-111.523
21.1403
13.0763
-46.3122
9.0509
14.9449
-37.9352
7.42985
8.98862
-11.1428
1.62377
-28.5217
-213.913
38.2495
-27.8693
-163.623
29.8727
-20.7157
-94.1544
17.3169
-25.3641
-84.3005
18.083
-16.853
-37.4526
7.83611
-9.85494
-13.4572
1.16636
-7.03686
-320.375
56.8169
-7.0514
-245.051
44.5114
-7.73981
-191.544
36.7329
-6.17842
-107.205
21.2806
-7.11139
-54.805
11.6318
-4.64183
-12.335
2.63269
6.85605
-321.573
56.8024
5.01453
-204.622
37.176
5.49712
-172.444
33.2684
6.53249
-119.528
24.508
3.64857
-55.3485
11.6057
2.40664
-17.7377
3.37648
1.63162
-5.45293
0.883881
-0.809874
-1.98332
0.830362
0.098929
-263.982
46.0715
-8.0919
-6.41502
0.862658
-0.037012
0.770718
-0.113691
4.00262
-3.13826
-0.240057
25.1382
-209.322
36.3533
28.266
-189.002
33.3616
26.7551
-139.238
25.539
32.7098
-124.157
24.3464
17.5278
-54.3883
10.9106
12.3415
-23.9891
4.28862
-32.1879
-268.919
47.7128
-35.2752
-235.937
42.5269
-27.0975
-139.087
25.7125
-23.2783
-92.983
18.3098
-19.2745
-53.4284
11.2527
-14.0063
-23.8595
4.52752
-7.22431
-372.998
65.5998
-5.98788
-235.354
42.2257
-7.12763
-207.791
38.5688
-5.09427
-118.285
23.6732
-7.01283
-79.2994
16.5746
-7.22451
-33.541
7.03107
6.16034
-314.374
55.1127
6.58142
-283.68
50.6233
5.672
-208.423
38.703
4.96888
-121.289
23.5464
4.41466
-79.2435
16.5494
2.93117
-34.737
7.2083
4.27333
-8.53615
0.866481
2.95269
-19.0379
3.6639
