4.11483
-32.2821
5.7272
-4.36881
-48.4033
8.75369
-0.26956
-0.149572
-0.0896919
0.141826
0.0138349
0.0587295
2.91677
-32.1645
5.72325
-6.16975
-48.2567
8.76665
-0.129135
-0.0089828
0.0750615
0.150245
-0.0692917
-0.0932546
8.17637
-52.4191
9.40458
7.91517
-40.1519
7.42332
9.0858
-35.1412
7.05548
4.58937
-13.4745
2.92973
4.50768
-9.40162
2.03565
2.6804
-3.35391
0.698595
-5.83549
-52.348
9.59602
-5.76762
-40.0146
7.4702
-3.99076
-21.2894
3.94675
-5.51112
-21.594
4.46738
-3.36357
-9.18244
1.76262
-2.0445
-3.19743
0.0948745
5.80849
-52.1806
9.3743
5.61502
-39.9575
7.31276
5.77772
-31.3048
5.99421
3.15612
-13.469
2.44855
2.82157
-9.15877
1.65546
1.76541
-2.85172
0.180065
-8.22382
-52.1478
9.62349
-8.05114
-39.9286
7.56308
-5.50174
-21.2539
4.19462
-7.90155
-21.7057
4.97959
-5.16658
-9.12157
2.19673
-2.27011
-2.73498
0.459646
1.80537
-96.8325
17.3576
1.44774
-1.43484
0.252966
7.01961
-64.4494
11.4432
-1.33388
-1.26458
-0.144545
-13.9502
-128.885
23.361
0.44355
0.254544
-0.122255
-0.771889
-0.305363
0.153385
0.667376
-0.192519
0.0581729
-1.17007
-64.3275
11.5766
1.15212
-1.2482
-0.439541
-1.57695
-1.48906
0.510705
-0.0989584
0.089891
-0.0239785
8.2174
-58.5236
10.4285
8.08359
-46.2853
8.39673
7.64926
-34.1087
6.48714
6.98884
-22.553
4.70474
5.27277
-13.3308
2.89271
3.68533
-6.07053
1.25926
-5.83037
-58.4782
10.6487
-5.82473
-46.186
8.52431
-5.63691
-34.0222
6.40783
-4.949
-22.7939
4.30853
-3.86821
-13.0653
2.64923
-2.77726
-5.85301
0.91434
8.75335
-87.4287
15.6141
5.74114
-46.0454
8.33677
5.45174
-33.9495
6.3076
3.91193
-18.2541
3.54263
3.41284
-13.1515
2.48038
2.2378
-5.71034
0.846535
-8.23063
-58.2722
10.6581
-8.14695
-46.0333
8.58487
-7.85866
-33.9166
6.56142
-6.82306
-22.814
4.74702
-5.78984
-13.072
3.04153
-4.35053
-5.78573
1.41261
27.861
-209.218
37.5807
33.8404
-200.439
36.7919
24.2193
-109.13
21.1994
12.7765
-45.3636
9.06864
14.6267
-37.2176
7.45053
8.80829
-10.9577
1.64453
-27.8006
-208.977
38.4384
-27.1722
-159.955
30.0314
-20.2137
-92.1251
17.4289
-24.7795
-82.6042
18.1597
-16.4863
-36.7426
7.88457
-9.65798
-13.2155
1.21276
-7.05273
-312.923
57.0563
-7.05774
-239.506
44.7027
-7.7393
-187.391
36.883
-6.18389
-104.99
21.3812
-7.06683
-53.752
11.6852
-4.6016
-12.1307
2.65797
6.89473
-314.21
57.0431
5.06157
-200.083
37.3373
5.55254
-168.792
33.3948
6.55694
-117.179
24.6084
3.69537
-54.3422
11.6631
2.43981
-17.4498
3.40982
1.64531
-5.36809
0.894892
-0.812763
-1.96012
0.834937
0.101079
-257.779
46.2601
-7.93678
-6.30722
0.871527
-0.03865
0.753638
-0.116367
3.92456
-3.09137
-0.220469
24.5105
-204.441
36.4808
27.5651
-184.693
33.4779
26.1036
-136.175
25.6191
31.9345
-121.569
24.4027
17.1421
-53.317
10.9308
12.0862
-23.5559
4.31179
-31.3725
-262.65
47.9417
-34.3872
-230.562
42.7446
-26.4274
-136.028
25.856
-22.7286
-91.037
18.4067
-18.8422
-52.3809
11.3137
-13.7121
-23.4234
4.56896
-7.24575
-364.239
65.8722
-5.99487
-229.947
42.4063
-7.12711
-203.179
38.7342
-5.11384
-115.782
23.7545
-6.98227
-77.7159
16.6411
-7.16511
-32.9303
7.07824
6.18954
-307.096
55.3419
6.62694
-277.275
50.841
5.73219
-203.896
38.8678
5.00189
-118.795
23.654
4.46113
-77.744
16.6209
2.97448
-34.1355
7.25274
4.15142
-8.40595
0.901366
2.86784
-18.6321
3.67549
