4.02365
-31.4916
5.74612
-4.22511
-47.2183
8.78667
-0.263256
-0.146196
-0.0880389
0.139713
0.0131869
0.0581438
2.823
-31.3712
5.7423
-6.02997
-47.0665
8.79911
-0.127227
-0.00917577
0.0740585
0.146204
-0.0675404
-0.091301
7.99622
-51.1623
9.43718
7.7442
-39.222
7.44793
8.89812
-34.371
7.07062
4.5006
-13.1985
2.93063
4.43048
-9.22667
2.03913
2.63942
-3.29905
0.700224
-5.64376
-51.0937
9.63533
-5.58046
-39.0886
7.50542
-3.86492
-20.8188
3.97235
-5.34404
-21.1573
4.49447
-3.26762
-9.00893
1.77997
-1.99024
-3.14071
0.113236
5.6221
-50.9186
9.40814
5.43674
-39.0214
7.34137
5.59818
-30.6082
6.0182
3.06173
-13.1831
2.46418
2.73993
-8.98098
1.66959
1.71475
-2.80629
0.196119
-8.03773
-50.8873
9.66147
-7.8712
-38.9944
7.59434
-5.38475
-20.7787
4.21145
-7.74539
-21.2546
4.99014
-5.07043
-8.94632
2.20163
-2.23211
-2.68899
0.462195
1.81192
-94.4615
17.4185
1.42768
-1.4136
0.25428
6.83508
-62.8655
11.4814
-1.30044
-1.24174
-0.133952
-13.5755
-125.718
23.4482
0.440027
0.249734
-0.118284
-0.756218
-0.30014
0.148833
0.653759
-0.190277
0.0557803
-1.17133
-62.7411
11.617
1.12033
-1.23164
-0.418462
-1.55283
-1.46856
0.506607
-0.099477
0.0876671
-0.0222546
8.03557
-57.1036
10.4639
7.90693
-45.1923
8.42576
7.48708
-33.3372
6.50665
6.84559
-22.0758
4.71318
5.17733
-13.0704
2.89616
3.62538
-5.96365
1.26297
-5.63857
-57.0599
10.6901
-5.63419
-45.0961
8.56178
-5.45612
-33.2523
6.44104
-4.79576
-22.3068
4.3394
-3.75442
-12.8089
2.66838
-2.70069
-5.74673
0.9309
8.47202
-85.2905
15.6683
5.55762
-44.9475
8.36822
5.28035
-33.1717
6.33339
3.79268
-17.8596
3.55803
3.3122
-12.8845
2.4963
2.17381
-5.60551
0.861077
-8.04414
-56.8474
10.699
-7.96358
-44.9365
8.61968
-7.6852
-33.1407
6.58865
-6.68355
-22.3195
4.76282
-5.67861
-12.8091
3.0488
-4.27227
-5.68148
1.41563
27.1314
-204.18
37.7126
32.9663
-195.768
36.9246
23.6111
-106.715
21.2679
12.4726
-44.4124
9.09322
14.3074
-36.5065
7.48156
8.62822
-10.7782
1.6713
-27.0559
-203.947
38.5925
-26.4531
-156.231
30.1644
-19.6975
-90.0757
17.5271
-24.1823
-80.9074
18.2208
-16.114
-36.0385
7.92649
-9.4597
-12.978
1.25682
-7.05737
-305.358
57.2697
-7.05371
-233.9
44.8791
-7.72929
-183.225
37.0254
-6.18253
-102.791
21.4809
-7.01723
-52.7214
11.7406
-4.56047
-11.9379
2.68426
6.93185
-306.68
57.258
5.10891
-195.455
37.4864
5.60921
-165.086
33.5142
6.58086
-114.809
24.7086
3.7434
-53.333
11.7232
2.47409
-17.1622
3.44596
1.6597
-5.28354
0.907625
-0.815712
-1.94097
0.840141
0.106145
-251.444
46.4234
-7.78115
-6.20216
0.878595
-0.0405687
0.736052
-0.119213
3.84664
-3.04746
-0.198378
23.867
-199.46
36.6054
26.8471
-180.31
33.598
25.438
-133.073
25.7077
31.1449
-118.968
24.4736
16.7534
-52.2491
10.962
11.8307
-23.1298
4.3438
-30.5302
-256.254
48.1266
-33.4706
-225.095
42.9247
-25.7368
-132.93
25.9781
-22.1653
-89.0793
18.4882
-18.4019
-51.337
11.3655
-13.4145
-22.9933
4.606
-7.25553
-355.332
66.1114
-5.99252
-224.469
42.5701
-7.11683
-198.532
38.8892
-5.12781
-113.282
23.8318
-6.94506
-76.1533
16.7083
-7.1025
-32.3398
7.12765
6.21698
-299.647
55.5432
6.67156
-270.732
51.0386
5.79335
-199.29
39.0222
5.0354
-116.27
23.7591
4.50854
-76.2359
16.6939
3.01907
-33.5338
7.30035
4.0297
-8.28471
0.940893
2.78185
-18.2252
3.68836
