3.92977
-30.6832
5.76405
-4.07796
-46.0065
8.81176
-0.256922
-0.142798
-0.0864147
0.137621
0.0125345
0.0575825
2.72766
-30.5644
5.76037
-5.885
-45.8559
8.82362
-0.12533
-0.0093898
0.0730445
0.142192
-0.0658599
-0.0893075
7.81081
-49.8787
9.46967
7.5686
-38.2743
7.47383
8.70622
-33.5892
7.08809
4.41028
-12.9193
2.9332
4.35272
-9.05077
2.04487
2.59853
-3.24416
0.703259
-5.44741
-49.8127
9.66619
-5.38883
-38.1451
7.53441
-3.73636
-20.3409
3.99492
-5.17417
-20.7164
4.51795
-3.1706
-8.83437
1.79584
-1.93567
-3.08368
0.131091
5.43261
-49.6382
9.44194
5.25566
-38.0755
7.37147
5.41613
-29.909
6.04469
2.96649
-12.8982
2.482
2.65827
-8.80648
1.68619
1.6641
-2.76358
0.213625
-7.84484
-49.6084
9.69093
-7.68509
-38.0501
7.61915
-5.26422
-20.301
4.22485
-7.58539
-20.8059
4.99641
-4.97276
-8.77383
2.20468
-2.19387
-2.64454
0.464187
1.81785
-92.037
17.4699
1.40779
-1.39246
0.256298
6.64629
-61.2502
11.5177
-1.26689
-1.21876
-0.123645
-13.1896
-122.488
23.5142
0.43656
0.245003
-0.114173
-0.740488
-0.29488
0.14411
0.640227
-0.188192
0.0535168
-1.17076
-61.1275
11.6511
1.08845
-1.21696
-0.396452
-1.52875
-1.44929
0.502066
-0.100015
0.0853248
-0.0205114
7.84837
-55.6521
10.4983
7.72525
-44.0771
8.45546
7.32083
-32.5523
6.52789
6.69925
-21.5928
4.72391
5.08073
-12.8079
2.90198
3.56529
-5.85645
1.26861
-5.44217
-55.6103
10.722
-5.43905
-43.9842
8.59195
-5.27113
-32.4692
6.46908
-4.63951
-21.8133
4.36691
-3.63908
-12.5505
2.68542
-2.62345
-5.63995
0.946488
8.18595
-83.1181
15.7212
5.3711
-43.8356
8.40046
5.10635
-32.3878
6.36119
3.67196
-17.4651
3.57558
3.21124
-12.6203
2.51493
2.10987
-5.50376
0.877664
-7.85078
-55.3999
10.7303
-7.7737
-43.8256
8.64703
-7.50608
-32.3587
6.61038
-6.54021
-21.8246
4.77464
-5.5651
-12.5488
3.05352
-4.19317
-5.57979
1.41732
26.3853
-199.051
37.8441
32.0733
-191.027
37.0644
22.9916
-104.278
21.3448
12.1645
-43.4574
9.12413
13.9866
-35.8
7.52228
8.44814
-10.6034
1.70375
-26.2889
-198.828
38.7127
-25.7133
-152.453
30.2722
-19.1681
-88.0054
17.6116
-23.5731
-79.2074
18.267
-15.7363
-35.3385
7.96202
-9.25992
-12.7437
1.29863
-7.05122
-297.683
57.4572
-7.03974
-228.236
45.0403
-7.71018
-179.041
37.1598
-6.17458
-100.602
21.5793
-6.96275
-51.7095
11.7975
-4.5184
-11.7553
2.71146
6.96727
-298.991
57.447
5.1563
-190.74
37.6228
5.66682
-161.324
33.6262
6.60409
-112.417
24.808
3.79245
-52.3185
11.7858
2.50935
-16.8739
3.4847
1.67474
-5.19884
0.921979
-0.818705
-1.92547
0.845923
0.113966
-244.983
46.5616
-7.62478
-6.09932
0.883942
-0.0427484
0.71798
-0.12222
3.76871
-3.00616
-0.173894
23.2086
-194.385
36.7265
26.1131
-175.855
33.7211
24.7589
-129.932
25.8038
30.3417
-116.352
24.5576
16.3615
-51.1823
11.0034
11.5748
-22.7093
4.38412
-29.6626
-249.737
48.2685
-32.5271
-219.537
43.0681
-25.027
-129.793
26.0792
-21.5892
-87.1081
18.5546
-17.9539
-50.2947
11.4083
-13.1133
-22.568
4.63875
-7.25406
-346.283
66.3175
-5.98121
-218.922
42.7168
-7.09718
-193.85
39.0336
-5.13637
-110.782
23.9049
-6.90145
-74.6078
16.7759
-7.03674
-31.7667
7.17906
6.24256
-292.033
55.7168
6.71509
-264.057
51.2161
5.85517
-194.605
39.1661
5.06923
-113.712
23.8612
4.55665
-74.7168
16.768
3.0648
-32.9301
7.35085
3.90801
-8.17135
0.984819
2.69478
-17.8167
3.70238
