3.73461
-29.0164
5.79663
-3.77452
-43.508
8.83914
-0.244119
-0.135913
-0.0832322
0.133471
0.0112184
0.0565181
2.53284
-28.9125
5.79321
-5.58097
-43.3774
8.84977
-0.121545
-0.00987256
0.0709758
0.134215
-0.0626719
-0.0851955
7.42561
-47.2352
9.53342
7.20459
-36.3277
7.5285
8.31049
-31.9902
7.12876
4.22508
-12.3508
2.94267
4.19515
-8.69451
2.06241
2.51661
-3.1334
0.713142
-5.04244
-47.1751
9.70348
-4.99366
-36.2075
7.57437
-3.47187
-19.3627
4.03114
-4.8266
-19.8198
4.55447
-2.9733
-8.48055
1.82332
-1.82534
-2.96798
0.165411
5.04542
-47.0248
9.5084
4.88601
-36.154
7.43497
5.04515
-28.4998
6.10389
2.77359
-12.3292
2.52336
2.49453
-8.46474
1.72599
1.56254
-2.68479
0.252629
-7.44054
-46.998
9.72521
-7.29596
-36.1315
7.65019
-5.01335
-19.3372
4.24173
-7.2544
-19.9115
4.99671
-4.77275
-8.43466
2.20548
-2.11639
-2.55921
0.466612
1.82775
-87.0382
17.545
1.36824
-1.35001
0.262257
6.25719
-57.9314
11.5836
-1.19923
-1.17212
-0.103773
-12.3873
-115.852
23.5854
0.429727
0.235739
-0.105544
-0.708736
-0.284199
0.134175
0.613271
-0.184403
0.049333
-1.16449
-57.8241
11.7007
1.02417
-1.1923
-0.349792
-1.48044
-1.4137
0.491728
-0.101137
0.0803136
-0.0169641
7.45928
-52.6609
10.5634
7.34815
-41.7828
8.51588
6.97698
-30.943
6.57452
6.39781
-20.6076
4.75129
4.88386
-12.275
2.91991
3.44421
-5.6398
1.28513
-5.03711
-52.6232
10.7581
-5.03655
-41.6971
8.63112
-4.88986
-30.8636
6.51012
-4.31879
-20.8058
4.41206
-3.40391
-12.0259
2.71334
-2.4668
-5.42373
0.974891
7.60134
-78.6765
15.8211
4.99011
-41.5712
8.4662
4.75133
-30.801
6.42161
3.42641
-16.6742
3.61622
3.00813
-12.0978
2.55939
1.98183
-5.30741
0.916375
-7.44532
-52.4403
10.7653
-7.37619
-41.5625
8.68015
-7.13228
-30.775
6.63801
-6.24278
-20.831
4.78683
-5.33139
-12.0327
3.05569
-4.03218
-5.38215
1.41695
24.8483
-188.535
38.1022
30.2362
-181.342
37.3599
21.7211
-99.3283
21.5197
11.5367
-41.5306
9.20251
13.3393
-34.3927
7.62967
8.08662
-10.2638
1.78412
-24.6949
-188.333
38.8552
-24.1775
-144.736
30.4153
-18.0725
-83.7982
17.7409
-22.3205
-75.7862
18.316
-14.9641
-33.9427
8.01475
-8.85495
-12.2808
1.37602
-7.00869
-282.017
57.7543
-6.98405
-216.729
45.3157
-7.64652
-170.608
37.4027
-6.14012
-96.2379
21.7703
-6.84
-49.7267
11.9147
-4.43124
-11.4144
2.76814
7.03231
-283.156
57.7477
5.25018
-181.058
37.8572
5.78346
-153.627
33.8262
6.64767
-107.55
25.0022
3.89268
-50.2644
11.9164
2.58225
-16.2903
3.569
1.70641
-5.02733
0.955055
-0.82476
-1.9037
0.858982
0.137048
-231.71
46.7638
-7.30883
-5.89793
0.889855
-0.0478026
0.680468
-0.128679
3.61217
-2.92967
-0.118288
21.852
-183.966
36.9553
24.6018
-166.735
33.972
23.3644
-123.534
26.0142
28.6975
-111.059
24.7599
15.5672
-49.0431
11.1133
11.0602
-21.8784
4.48723
-27.8594
-236.36
48.4283
-30.5675
-208.161
43.2486
-23.5552
-123.401
26.2203
-20.4009
-83.1177
18.6443
-17.0353
-48.2053
11.468
-12.4997
-21.7253
4.69206
-7.21962
-327.781
66.6312
-5.93359
-207.623
42.9588
-7.03181
-184.37
39.2885
-5.13814
-105.766
24.0368
-6.79635
-71.5502
16.9105
-6.896
-30.6605
7.2867
6.28766
-276.343
55.9815
6.79794
-250.326
51.5098
5.97936
-185.001
39.4204
5.1369
-108.493
24.0546
4.65395
-71.6345
16.9177
3.15882
-31.7095
7.45904
3.66395
-7.96358
1.0847
2.51765
-16.9936
3.7332
