5.80217
-44.9276
1.29794
-8.50911
-67.3522
0.0596446
-0.236179
-0.109698
-0.0833517
0.0908539
0.0385112
0.0323254
5.70755
-46.1636
1.28414
-8.63927
-69.2606
0.0889685
-0.0810786
0.0100141
0.0484647
0.121737
-0.040458
-0.0762333
11.4741
-69.9809
2.46198
10.8851
-49.9632
2.36977
11.8083
-38.4573
2.95975
5.30236
-12.2626
1.64843
4.14503
-6.03534
1.1586
1.92646
-0.981743
0.493962
-11.3499
-69.8172
-0.0258197
-11.0412
-49.686
-0.168187
-7.28218
-23.6452
-0.473063
-9.17131
-18.7491
-0.413299
-4.7571
-6.03918
-0.491386
-2.30217
-1.23147
-0.767727
11.3282
-72.3861
2.37143
10.7282
-52.207
2.08128
10.4995
-36.618
1.88054
5.18298
-13.7165
0.608789
3.83194
-6.98187
0.443483
1.96072
-0.860124
-0.24607
-11.5426
-72.243
0.05327
-11.2368
-51.9903
0.0826878
-7.22194
-25.0883
0.127583
-9.26953
-21.0232
0.740221
-5.31099
-6.85114
0.296698
-1.90318
-1.41314
0.00132912
0.219555
-134.751
2.03042
0.862967
-0.102655
0.21164
11.479
-91.1014
2.56528
-1.30685
-0.306446
-0.423009
-22.665
-182.165
0.213219
0.281217
0.323761
-0.143177
-0.623625
-0.166018
0.168917
0.514455
-0.0391495
0.110419
-0.00421409
-92.3184
1.35853
1.0891
0.043281
-0.653837
-1.0994
-0.382936
0.268008
-0.0295778
0.130085
-0.0479906
11.5725
-79.9872
2.52451
11.2579
-59.9419
2.4082
10.2929
-40.2641
2.31876
8.86763
-22.5102
2.20304
5.41343
-10.3595
1.58736
3.03161
-2.97012
0.746624
-11.3562
-79.8808
0.0344285
-11.268
-59.727
-0.100973
-10.605
-40.1274
-0.282326
-8.70364
-23.1161
-0.717238
-5.9581
-10.1176
-0.398794
-3.54445
-3.07835
-0.596005
17.1216
-123.661
3.70632
11.115
-62.2482
2.23662
10.2019
-42.3774
1.8619
6.83067
-19.8201
1.15955
5.12998
-11.7064
0.704855
2.74083
-3.49367
0.0852804
-11.5409
-82.3731
0.0619853
-11.4176
-62.0964
0.0607058
-10.8382
-42.1448
0.107262
-8.46977
-24.9397
0.337282
-6.40565
-11.3987
0.402564
-4.10699
-3.5321
0.185074
45.3506
-284.811
9.74114
54.0703
-255.805
11.1932
36.9308
-124.051
7.69229
17.4507
-44.3083
3.94704
16.2503
-26.4062
3.39962
8.17727
-3.28304
0.523197
-45.0607
-284.18
0.116307
-43.4565
-203.673
-0.123715
-30.6964
-105.571
-1.15276
-34.0569
-76.6315
1.30215
-19.6456
-26.3039
-0.330495
-9.38232
-6.36488
-1.75498
-0.35353
-433.734
7.37409
-1.36201
-312.149
6.61168
-2.55651
-218.654
6.57714
-1.70721
-103.364
3.0897
-4.82467
-39.4996
2.17457
-3.16012
-4.20541
0.0679791
0.194017
-419.163
7.34347
-0.90932
-248.324
5.53931
-1.1937
-185.192
6.68042
0.690793
-102.1
4.93538
-1.42417
-33.8306
2.07543
-0.599889
-4.0501
0.0195638
0.199007
0.38286
-0.0299286
-0.289956
0.656563
0.0849916
0.357146
-364.36
5.33322
-6.91472
-1.48524
-0.33503
0.0854921
1.03042
-0.0394428
3.18608
-0.0207413
-0.362924
40.0225
-284.315
8.78038
44.5618
-244.489
9.37252
40.8863
-165.51
8.53873
47.24
-126.713
9.90055
20.9622
-45.0088
5.07548
12.2582
-13.1035
1.79198
-50.9612
-365.041
0.247364
-55.4404
-304.721
-0.00019891
-41.548
-165.129
-0.385044
-32.8105
-95.7016
0.101097
-24.2761
-43.5995
0.0237564
-14.9062
-13.7373
-0.84439
0.0592429
-515.051
7.99998
-0.849101
-310.329
5.83319
-2.08823
-252.497
6.14757
-0.548104
-125.462
5.17916
-4.19545
-67.3305
3.31353
-5.18634
-18.7892
0.817979
0.487837
-419.584
6.728
-0.289014
-358.609
7.00699
-1.44373
-239.896
6.39309
-0.114491
-119.142
3.77681
-1.33196
-58.4933
3.27065
-1.19579
-15.8603
0.993505
4.70247
-0.849238
-0.44399
5.0017
-20.6971
1.16739
