3.53087
-27.2893
5.82412
-3.46102
-40.9194
8.83803
-0.231067
-0.128865
-0.0800991
0.129312
0.00989047
0.0555015
2.33346
-27.2144
5.82095
-5.26073
-40.8294
8.8473
-0.117727
-0.0104125
0.068839
0.126219
-0.0596416
-0.0809095
7.02366
-44.4983
9.59364
6.82551
-34.3157
7.58487
7.90021
-30.3424
7.17469
4.03392
-11.7665
2.95669
4.03411
-8.3295
2.08657
2.43368
-3.01986
0.727306
-4.62395
-44.4445
9.71013
-4.58526
-34.2052
7.59155
-3.19899
-18.3543
4.05598
-4.46965
-18.8993
4.57779
-2.77164
-8.11785
1.84543
-1.71305
-2.84891
0.198129
4.64917
-44.3455
9.57145
4.50797
-34.1925
7.50062
4.6662
-27.0716
6.16891
2.57754
-11.7574
2.57072
2.3296
-8.12785
1.77304
1.46002
-2.61206
0.296231
-7.01494
-44.3214
9.72866
-6.88727
-34.1723
7.6579
-4.75083
-18.3592
4.24618
-6.90971
-19.0144
4.98193
-4.56633
-8.09872
2.19975
-2.03718
-2.47674
0.467183
1.83483
-81.8586
17.5837
1.32846
-1.30657
0.270402
5.85498
-54.506
11.6394
-1.13049
-1.124
-0.0846771
-11.5507
-109.002
23.5805
0.42291
0.226663
-0.0964132
-0.676391
-0.273214
0.123637
0.586192
-0.180951
0.0455231
-1.1521
-54.428
11.726
0.958832
-1.17219
-0.299922
-1.43147
-1.38073
0.479855
-0.102297
0.0749221
-0.0133305
7.05312
-49.5625
10.6217
6.95494
-39.4091
8.57563
6.61958
-29.2817
6.62458
6.08553
-19.5945
4.78459
4.68165
-11.7282
2.94458
3.32108
-5.41795
1.30746
-4.61859
-49.5292
10.7598
-4.62055
-39.331
8.64367
-4.49596
-29.2063
6.53212
-3.98854
-19.7689
4.44461
-3.16306
-11.4877
2.73351
-2.30701
-5.20201
0.999883
7.00301
-74.1158
15.9111
4.60029
-39.2541
8.53152
4.38833
-29.1861
6.48617
3.17596
-15.8764
3.66245
2.80303
-11.5775
2.61155
1.8529
-5.11678
0.961288
-7.01834
-49.4011
10.7657
-6.95822
-39.2463
8.68625
-6.74036
-29.1626
6.64574
-5.93225
-19.8275
4.78477
-5.089
-11.5176
3.04888
-3.86695
-5.18865
1.41201
23.26
-177.701
38.3463
28.3399
-171.392
37.6657
20.4133
-94.2696
21.7143
10.8936
-39.5719
9.29816
12.6821
-32.9775
7.76548
7.72092
-9.92993
1.882
-23.033
-177.52
38.8751
-22.5778
-136.809
30.4667
-16.9342
-79.4951
17.8197
-21.026
-72.3159
18.3113
-14.1696
-32.5378
8.0446
-8.44121
-11.8186
1.44602
-6.93023
-265.955
57.9481
-6.89552
-204.98
45.5265
-7.55266
-162.059
37.6069
-6.0833
-91.8595
21.9493
-6.70048
-47.7702
12.0333
-4.33969
-11.0953
2.82699
7.08822
-266.763
57.9454
5.34082
-171.052
38.0382
5.89934
-145.697
33.9911
6.68588
-102.553
25.1856
3.99387
-48.16
12.0508
2.65715
-15.6898
3.66043
1.73957
-4.85
0.992977
-0.830771
-1.89098
0.873575
0.168377
-218.01
46.8693
-6.98683
-5.69803
0.890135
-0.0536188
0.641296
-0.135647
3.45354
-2.85822
-0.0549101
20.4497
-173.221
37.1604
23.0409
-157.35
34.2208
21.9269
-116.975
26.2398
27.0071
-105.668
24.9965
14.7578
-46.8797
11.2524
10.539
-21.0488
4.61533
-25.979
-222.565
48.4328
-28.5253
-196.456
43.2956
-22.0233
-116.85
26.2845
-19.1697
-79.0492
18.6795
-16.0878
-46.0929
11.4952
-11.87
-20.8817
4.73035
-7.14759
-308.783
66.8156
-5.85638
-196.062
43.1314
-6.93562
-174.722
39.4952
-5.12131
-100.704
24.1473
-6.66988
-68.5047
17.0405
-6.74351
-29.5858
7.39846
6.32374
-260.092
56.1378
6.87341
-236.121
51.7208
6.10156
-175.088
39.6269
5.20276
-103.123
24.23
4.75069
-68.4743
17.0653
3.25474
-30.4586
7.57399
3.41765
-7.77245
1.19829
2.33696
-16.159
3.76641
