2.9945
-22.7624
5.86423
-2.65107
-34.1344
8.72888
-0.19678
-0.110196
-0.0721443
0.118409
0.00654416
0.052906
1.82269
-22.8021
5.86158
-4.41155
-34.2088
8.73452
-0.10766
-0.0118729
0.0630838
0.105499
-0.0521269
-0.0693867
5.96555
-37.3159
9.71146
5.82796
-29.0272
7.71348
6.82164
-25.9999
7.28973
3.53065
-10.2202
2.99929
3.60981
-7.35589
2.16216
2.21501
-2.71199
0.77383
-3.54242
-37.2787
9.61162
-3.52864
-28.9429
7.54762
-2.49239
-15.6975
4.07332
-3.54516
-16.462
4.58569
-2.24836
-7.15108
1.88043
-1.42062
-2.527
0.275173
3.63388
-37.3902
9.69646
3.53862
-29.1069
7.65318
3.69296
-23.3758
6.33378
2.07423
-10.2819
2.7001
1.90644
-7.26511
1.90768
1.19476
-2.43242
0.41847
-5.88693
-37.3724
9.62186
-5.80553
-29.0901
7.58932
-4.05594
-15.8263
4.21052
-5.99637
-16.6979
4.89039
-4.02078
-7.23419
2.1619
-1.828
-2.26683
0.462515
1.83822
-68.2825
17.5311
1.22336
-1.18735
0.296734
4.81013
-45.5664
11.7215
-0.951008
-0.993025
-0.0384447
-9.36105
-91.1273
23.2845
0.404815
0.204064
-0.0717726
-0.591248
-0.243715
0.0951228
0.515697
-0.172314
0.0368754
-1.10133
-45.6039
11.6893
0.787944
-1.12683
-0.164331
-1.3022
-1.29832
0.444761
-0.105136
0.0602724
-0.00384614
5.98385
-41.4366
10.7226
5.91999
-33.175
8.70316
5.67954
-24.9101
6.74503
5.26415
-16.9206
4.87527
4.14893
-10.2762
3.02013
2.99669
-4.82252
1.37772
-3.53724
-41.415
10.635
-3.54489
-33.1175
8.57428
-3.47618
-24.846
6.51378
-3.13328
-17.0323
4.47645
-2.53895
-10.0588
2.75427
-1.89167
-4.60767
1.0501
5.47008
-62.2708
16.069
3.60114
-33.2428
8.67337
3.45669
-25.0024
6.64406
2.53248
-13.8145
3.78565
2.27762
-10.2393
2.75813
1.52103
-4.63227
1.08962
-5.88635
-41.5074
10.6375
-5.85126
-33.2353
8.59997
-5.70364
-24.9827
6.59011
-5.10971
-17.2319
4.72688
-4.44746
-10.189
2.99919
-3.43102
-4.69281
1.38366
19.1341
-149.421
38.8258
23.413
-145.414
38.3723
17.0157
-81.0584
22.2095
9.22246
-34.4528
9.56736
10.9739
-29.2766
8.17121
6.76782
-9.05616
2.17391
-18.6833
-149.297
38.4643
-18.3902
-116.112
30.2477
-13.9533
-68.2545
17.8213
-17.6371
-63.2471
18.1007
-12.0867
-28.863
8.03395
-7.35543
-10.6057
1.59728
-6.61849
-224.256
57.9866
-6.56957
-174.511
45.752
-7.22047
-139.926
37.9143
-5.86606
-80.559
22.3083
-6.29289
-42.7489
12.3067
-4.08838
-10.2984
2.975
7.17544
-223.743
57.995
5.53494
-144.754
38.2404
6.16175
-124.799
34.2201
6.7437
-89.3213
25.5531
4.23433
-42.5437
12.3706
2.84234
-14.053
3.90182
1.82283
-4.35788
1.09973
-0.844289
-1.87078
0.912483
0.266685
-182.257
46.7338
-6.14061
-5.1697
0.87301
-0.070038
0.537543
-0.154464
3.03769
-2.67526
0.127229
16.8069
-145.176
37.5164
18.9856
-132.853
34.7568
18.193
-99.849
26.7885
22.6149
-91.585
25.6329
12.6542
-41.2239
11.6607
9.18307
-18.8787
4.99863
-21.0579
-186.559
47.8638
-23.1802
-165.899
42.9096
-18.0121
-99.7424
26.1511
-15.9458
-68.4164
18.5621
-13.6058
-40.5703
11.4416
-10.2173
-18.6739
4.772
-6.84556
-259.44
66.7327
-5.5692
-166.066
43.2528
-6.59723
-149.718
39.7747
-5.01568
-87.6146
24.3046
-6.28283
-60.6623
17.3138
-6.31565
-26.8459
7.67416
6.36567
-217.473
56.0721
7.01386
-198.815
51.8781
6.37413
-149.003
39.9067
5.34294
-88.948
24.5563
4.97203
-60.0779
17.3889
3.48861
-27.0968
7.86406
2.78081
-7.29334
1.52044
1.87283
-13.9932
3.84774
