2.8842
-21.8298
5.86626
-2.48736
-32.7365
8.69198
-0.189557
-0.106236
-0.0704782
0.116068
0.00587405
0.0523351
1.71955
-21.8964
5.86371
-4.2369
-32.8498
8.69688
-0.105498
-0.0121614
0.0618447
0.101131
-0.050536
-0.0669394
5.74787
-35.8321
9.72647
5.62238
-27.9298
7.73374
6.59848
-25.0921
7.30888
3.42575
-9.89398
3.00702
3.52021
-7.14738
2.17754
2.16825
-2.64456
0.783745
-3.32375
-35.7982
9.57545
-3.31467
-27.8508
7.52617
-2.34879
-15.1426
4.07003
-3.35617
-15.9466
4.5799
-2.14046
-6.94437
1.8845
-1.35968
-2.45711
0.290135
3.42877
-35.9598
9.71288
3.34242
-28.0573
7.67818
3.49521
-22.6084
6.36325
1.97136
-9.97347
2.72531
1.81908
-7.08252
1.93505
1.13944
-2.39307
0.444011
-5.65495
-35.9431
9.58408
-5.58291
-28.041
7.563
-3.9123
-15.3006
4.19667
-5.8062
-16.2124
4.86462
-3.90641
-7.05101
2.15112
-1.7837
-2.22165
0.460869
1.83613
-65.4855
17.4965
1.20066
-1.16077
0.30241
4.59713
-43.728
11.726
-0.91339
-0.964412
-0.0291574
-8.91445
-87.4513
23.1852
0.400829
0.199436
-0.0666046
-0.573236
-0.237364
0.0891342
0.500771
-0.170352
0.035172
-1.08897
-43.7927
11.6658
0.752047
-1.11623
-0.135894
-1.27457
-1.28004
0.437033
-0.105654
0.0572224
-0.00188004
5.76395
-39.7605
10.7325
5.70693
-31.8846
8.72171
5.4855
-24.0001
6.76496
5.09392
-16.359
4.89151
4.03711
-9.96757
3.03494
2.9278
-4.69382
1.39237
-3.31865
-39.7412
10.5917
-3.32727
-31.8312
8.54585
-3.26937
-23.9384
6.49929
-2.95904
-16.458
4.47535
-2.41082
-9.75515
2.75409
-1.8056
-4.47963
1.0585
5.1605
-59.8374
16.0852
3.39914
-32.0047
8.69474
3.26779
-24.1367
6.67141
2.40141
-13.3848
3.80876
2.16973
-9.95797
2.78726
1.45216
-4.52885
1.11617
-5.65356
-39.8857
10.5935
-5.62356
-31.9969
8.56821
-5.49007
-24.1176
6.56822
-4.93903
-16.6911
4.70789
-4.31346
-9.90927
2.98477
-3.33926
-4.58685
1.3759
18.2927
-143.592
38.8875
22.4066
-140.038
38.4863
16.3195
-78.3064
22.2967
8.8778
-33.3785
9.61867
10.6177
-28.4889
8.25386
6.56736
-8.86492
2.23542
-17.7959
-143.479
38.3164
-17.5347
-111.829
30.1536
-13.3422
-65.9142
17.7925
-16.9381
-61.3388
18.0306
-11.6538
-28.0814
8.01973
-7.12754
-10.3443
1.62487
-6.54334
-215.68
57.9192
-6.49296
-168.221
45.7425
-7.14305
-135.329
37.9352
-5.81353
-78.1928
22.359
-6.20368
-41.6841
12.3527
-4.03376
-10.1244
3.00331
7.18184
-214.855
57.9299
5.56528
-139.296
38.2353
6.20569
-120.431
34.2296
6.74646
-86.5234
25.6038
4.27755
-41.3398
12.4261
2.8772
-13.6935
3.94918
1.83848
-4.24777
1.12156
-0.846505
-1.8643
0.919966
0.287052
-174.905
46.6425
-5.96209
-5.05383
0.86767
-0.0734079
0.516029
-0.158318
2.94968
-2.63384
0.16595
16.0642
-139.403
37.5517
18.1581
-127.795
34.8362
17.4292
-96.2947
26.8816
21.7131
-88.638
25.7501
12.2177
-40.0288
11.7415
8.89908
-18.4125
5.07825
-20.0541
-179.147
47.6676
-22.0891
-159.589
42.76
-17.1916
-96.1919
26.0815
-15.2828
-66.1927
18.509
-13.092
-39.4028
11.4135
-9.87213
-18.2009
4.77301
-6.77146
-249.303
66.6268
-5.50155
-159.886
43.2231
-6.51889
-144.543
39.7855
-4.98669
-84.8862
24.3116
-6.19699
-59.0108
17.354
-6.22287
-26.2591
7.72497
6.36434
-208.681
55.984
7.03113
-191.092
51.8449
6.41913
-143.572
39.9175
5.36409
-85.9713
24.5968
5.00987
-58.2911
17.4397
3.53202
-26.3693
7.918
2.64813
-7.18576
1.58771
1.77832
-13.542
3.86165
