2.77336
-20.8905
5.86597
-2.32384
-31.3287
8.65102
-0.18219
-0.102188
-0.0687715
0.113653
0.00520466
0.0517346
1.61638
-20.9845
5.86351
-4.06166
-31.4815
8.6552
-0.10327
-0.012442
0.0605715
0.0966624
-0.0488881
-0.0644443
5.52904
-34.3357
9.73774
5.41546
-26.8206
7.75116
6.37329
-24.171
7.32554
3.31947
-9.56146
3.01383
3.42874
-6.93342
2.19229
2.12017
-2.57472
0.79347
-3.10533
-34.3051
9.53481
-3.1008
-26.7468
7.50119
-2.20497
-14.5799
4.06478
-3.16624
-15.4207
4.57205
-2.03149
-6.7324
1.88777
-1.29782
-2.38505
0.305055
3.22358
-34.5175
9.72552
3.14594
-26.9965
7.70025
3.29678
-21.8296
6.39038
1.86776
-9.65913
2.74951
1.73057
-6.89474
1.96182
1.08318
-2.35149
0.469555
-5.42217
-34.5019
9.54185
-5.35934
-26.9806
7.53324
-3.76767
-14.7675
4.18098
-5.61392
-15.7167
4.83695
-3.79024
-6.86269
2.13954
-1.73842
-2.17469
0.459086
1.83301
-62.6686
17.4543
1.17719
-1.13304
0.308034
4.38355
-41.8768
11.7257
-0.875088
-0.934843
-0.0197702
-8.46728
-83.7496
23.075
0.396667
0.194735
-0.0613796
-0.55483
-0.230836
0.0830778
0.485473
-0.168245
0.0334406
-1.07623
-41.9689
11.6374
0.715466
-1.10446
-0.107195
-1.24618
-1.26065
0.429136
-0.106143
0.0541563
0.000108372
5.54293
-38.0715
10.7383
5.49265
-30.582
8.73698
5.28999
-23.0789
6.78247
4.92199
-15.7877
4.90615
3.92336
-9.65199
3.04884
2.85724
-4.56123
1.40665
-3.10033
-38.0546
10.5435
-3.10986
-30.5327
8.51341
-3.06251
-23.0195
6.48175
-2.78428
-15.8743
4.47208
-2.28174
-9.44468
2.7527
-1.71846
-4.34794
1.06648
4.85084
-57.3859
16.0951
3.19699
-30.7549
8.71277
3.07848
-23.2604
6.69625
2.26972
-12.9476
3.8305
2.06073
-9.66993
2.81542
1.38222
-4.4218
1.14243
-5.41998
-38.2519
10.5446
-5.39501
-30.7469
8.53251
-5.27543
-23.2417
6.54338
-4.76682
-16.1412
4.68691
-4.1777
-9.62288
2.96918
-3.24581
-4.47729
1.36765
17.4487
-137.714
38.9342
21.3964
-134.604
38.586
15.6191
-75.5143
22.3761
8.52979
-32.2839
9.66677
10.2556
-27.6799
8.33402
6.36274
-8.66546
2.29646
-16.9072
-137.612
38.1508
-16.6774
-107.499
30.0456
-12.7284
-63.5408
17.7555
-16.2336
-59.3917
17.953
-11.2154
-27.279
8.00225
-6.89555
-10.0741
1.65201
-6.46603
-207.032
57.8271
-6.4145
-161.864
45.7139
-7.06368
-130.664
37.9408
-5.7591
-75.7783
22.4007
-6.11261
-40.5884
12.3942
-3.97753
-9.94138
3.03072
7.18398
-205.891
57.84
5.59196
-133.779
38.2142
6.24568
-115.999
34.2254
6.74561
-83.6686
25.6446
4.31834
-40.1039
12.4772
2.91079
-13.3211
3.99528
1.85348
-4.13293
1.14308
-0.848486
-1.85574
0.927136
0.30684
-167.501
46.531
-5.77988
-4.93309
0.862037
-0.0767365
0.494331
-0.162155
2.85963
-2.58967
0.204889
15.3194
-133.586
37.5723
17.3278
-122.689
34.9024
16.6618
-92.6965
26.9648
20.8051
-85.6403
25.8585
11.7753
-38.8066
11.8186
8.60977
-17.9314
5.15647
-19.0491
-171.678
47.4492
-20.9961
-153.219
42.5906
-16.3686
-92.5974
25.9998
-14.6156
-63.9317
18.4478
-12.573
-38.2084
11.3806
-9.52186
-17.7133
4.77218
-6.69496
-239.091
66.4923
-5.43225
-153.649
43.1753
-6.43881
-139.303
39.7799
-4.95598
-82.1107
24.3091
-6.10945
-57.3191
17.3878
-6.12791
-25.6509
7.77321
6.35937
-199.822
55.8719
7.04406
-183.296
51.7898
6.45985
-138.073
39.912
5.38214
-82.9443
24.6274
5.04473
-56.4626
17.4839
3.57363
-25.6196
7.96921
2.51321
-7.071
1.65478
1.68337
-13.0836
3.87415
