2.66214
-19.9457
5.86321
-2.16084
-29.9125
8.60643
-0.174672
-0.0980482
-0.0670177
0.111156
0.00453636
0.0510994
1.5133
-20.067
5.86083
-3.88624
-30.1047
8.60991
-0.100969
-0.0127122
0.0592626
0.0920822
-0.0471719
-0.0619016
5.3094
-32.8282
9.74488
5.20751
-25.7002
7.76529
6.14627
-23.2366
7.33921
3.21182
-9.22249
3.01946
3.3353
-6.71368
2.2061
2.07066
-2.50231
0.802835
-2.88758
-32.8008
9.49013
-2.88741
-25.6317
7.47299
-2.06115
-14.0095
4.0577
-2.97553
-14.8839
4.56232
-1.92148
-6.51489
1.8903
-1.23498
-2.31067
0.319978
3.01854
-33.0639
9.734
2.94939
-25.9244
7.71895
3.09782
-21.0388
6.41464
1.76345
-9.33826
2.77239
1.64081
-6.70102
1.98766
1.02589
-2.30724
0.494945
-5.18912
-33.0493
9.49564
-5.13531
-25.9088
7.50036
-3.62228
-14.2264
4.16362
-5.41972
-15.2099
4.80761
-3.67227
-6.66857
2.12724
-1.69212
-2.12565
0.457206
1.82885
-59.835
17.4049
1.15287
-1.10406
0.313527
4.16969
-40.0144
11.7206
-0.836063
-0.904268
-0.0102482
-8.02047
-80.0255
22.9552
0.392305
0.189945
-0.0561079
-0.536004
-0.224121
0.076966
0.469766
-0.165967
0.0316661
-1.06326
-40.134
11.6041
0.678164
-1.09123
-0.0783108
-1.21696
-1.23994
0.421097
-0.106598
0.0510844
0.00211837
5.32116
-36.3714
10.7395
5.27746
-29.2681
8.74853
5.09323
-22.1466
6.79713
4.74848
-15.2067
4.91877
3.80762
-9.32909
3.06147
2.78489
-4.4245
1.42031
-2.88269
-36.3567
10.4908
-2.89306
-29.2229
8.47735
-2.85594
-22.0897
6.46141
-2.60923
-15.2809
4.46679
-2.15176
-9.12704
2.7502
-1.63024
-4.21238
1.0741
4.54147
-54.9175
16.0981
2.9949
-29.4938
8.72702
2.88892
-22.3728
6.7181
2.13746
-12.5024
3.85051
1.95053
-9.3744
2.84225
1.31112
-4.31052
1.16817
-5.18616
-36.6067
10.4914
-5.16609
-29.4855
8.49326
-5.06013
-22.3546
6.51588
-4.59328
-15.5814
4.66417
-4.04022
-9.32904
2.95257
-3.1506
-4.36361
1.35898
16.6034
-131.791
38.9643
20.3834
-129.114
38.6691
14.9152
-72.6809
22.4457
8.17846
-31.1678
9.71068
9.88738
-26.8476
8.4104
6.15362
-8.45672
2.35638
-16.019
-131.7
37.9692
-15.8198
-103.124
29.9249
-12.1129
-61.1334
17.7108
-15.524
-57.4028
17.8688
-10.7718
-26.4539
7.98184
-6.65927
-9.7941
1.67886
-6.38745
-198.316
57.7106
-6.33498
-155.439
45.6659
-6.98306
-125.927
37.9305
-5.70325
-73.3106
22.4328
-6.01996
-39.4575
12.4307
-3.91964
-9.74758
3.05707
7.18164
-196.86
57.7257
5.61465
-128.206
38.1769
6.28126
-111.505
34.207
6.74087
-80.7549
25.6746
4.35638
-38.8342
12.5231
2.94289
-12.9347
4.03972
1.86768
-4.01305
1.16408
-0.8502
-1.8446
0.933899
0.32571
-160.052
46.4001
-5.59376
-4.80693
0.856256
-0.0799945
0.472477
-0.165954
2.76738
-2.54229
0.24381
14.5735
-127.73
37.577
16.4958
-117.538
34.9537
15.8914
-89.0541
27.0365
19.8913
-82.5893
25.9557
11.3268
-37.5548
11.8905
8.31474
-17.4335
5.23227
-18.0449
-164.159
47.211
-19.9034
-146.792
42.4033
-15.5447
-88.9589
25.9073
-13.945
-61.6316
18.3793
-12.0491
-36.9848
11.3434
-9.16637
-17.2096
4.76976
-6.61698
-228.808
66.3299
-5.36205
-147.354
43.1091
-6.35774
-133.995
39.7574
-4.92394
-79.2841
24.2968
-6.02064
-55.5825
17.4144
-6.03088
-25.018
7.81841
6.3506
-190.904
55.7363
7.05237
-175.431
51.7127
6.49585
-132.508
39.8895
5.3968
-79.8662
24.6473
5.07626
-54.5904
17.5208
3.61313
-24.8462
8.0171
2.3759
-6.94777
1.72117
1.58803
-12.6174
3.88498
