2.55073
-18.9963
5.85784
-1.99865
-28.4895
8.55863
-0.166997
-0.0938134
-0.0652107
0.108569
0.0038695
0.0504246
1.41043
-19.1444
5.85554
-3.71103
-28.7204
8.56143
-0.0985897
-0.012969
0.0579162
0.0873816
-0.045377
-0.0593119
5.08929
-31.3108
9.74751
4.99877
-24.5693
7.7757
5.91758
-22.289
7.34938
3.10282
-8.87689
3.02362
3.23979
-6.4879
2.21868
2.01961
-2.42718
0.811671
-2.6709
-31.2866
9.44186
-2.6749
-24.5059
7.44187
-1.91755
-13.4314
4.04892
-2.78421
-14.3359
4.55088
-1.81045
-6.29159
1.89218
-1.17114
-2.23389
0.334948
2.81387
-31.5995
9.73793
2.75294
-24.8408
7.73382
2.89848
-20.2352
6.43556
1.65843
-9.01029
2.79362
1.54972
-6.50069
2.01225
0.967517
-2.25992
0.520025
-4.95631
-31.5859
9.44589
-4.91124
-24.8255
7.4647
-3.47636
-13.6769
4.14476
-5.22375
-14.691
4.77684
-3.55248
-6.468
2.11434
-1.64473
-2.07426
0.45527
1.8236
-56.9878
17.3484
1.12763
-1.07377
0.318808
3.95583
-38.1424
11.7102
-0.796281
-0.872641
-0.000557878
-7.57493
-76.2823
22.8268
0.387721
0.18505
-0.0508002
-0.516737
-0.217212
0.0708112
0.453615
-0.163491
0.0298337
-1.0502
-38.2889
11.5661
0.640107
-1.07629
-0.0493218
-1.18686
-1.21772
0.412945
-0.107014
0.0480164
0.004149
5.09898
-34.6618
10.7358
5.06167
-27.9441
8.75596
4.89545
-21.2037
6.8085
4.57351
-14.6157
4.92897
3.68983
-8.99857
3.0725
2.71061
-4.2834
1.43311
-2.66614
-34.6494
10.4342
-2.67726
-27.9028
8.43801
-2.65002
-21.1492
6.43849
-2.43409
-14.6778
4.45963
-2.02096
-8.80194
2.74668
-1.54091
-4.07275
1.08143
4.23272
-52.4335
16.0938
2.79308
-28.2215
8.73707
2.69928
-21.4737
6.73652
2.0047
-12.0485
3.86842
1.83909
-9.07061
2.86736
1.23878
-4.19447
1.19315
-4.95261
-34.9512
10.4342
-4.9373
-28.213
8.45083
-4.84458
-21.456
6.48598
-4.41861
-15.0109
4.63988
-3.9011
-9.02702
2.93509
-3.05357
-4.24531
1.34997
15.7577
-125.826
38.9763
19.3689
-123.57
38.7332
14.2083
-69.8051
22.504
7.82389
-30.029
9.7494
9.51262
-25.99
8.48174
5.93968
-8.23772
2.41453
-15.1332
-125.746
37.7732
-14.9636
-98.7054
29.7928
-11.4966
-58.6913
17.6591
-14.81
-55.3695
17.7787
-10.323
-25.6042
7.95884
-6.41854
-9.50347
1.7056
-6.30845
-189.536
57.57
-6.25521
-148.944
45.5981
-6.90187
-121.114
37.9035
-5.64644
-70.7849
22.4546
-5.92602
-38.2872
12.4616
-3.86003
-9.54143
3.08214
7.1746
-187.77
57.5871
5.63303
-122.579
38.123
6.312
-106.947
34.1738
6.73199
-77.7802
25.693
4.39135
-37.5289
12.563
2.97325
-12.5338
4.0821
1.88094
-3.88788
1.18436
-0.851613
-1.83038
0.940166
0.343334
-152.565
46.2501
-5.40351
-4.67482
0.850471
-0.083153
0.450498
-0.169693
2.67279
-2.49127
0.282479
13.8275
-121.84
37.5647
15.6631
-112.344
34.9883
15.1189
-85.3674
27.0947
18.9723
-79.4826
26.0395
10.872
-36.2715
11.9557
8.01361
-16.9174
5.30464
-17.0434
-156.595
46.9551
-18.8131
-140.312
42.1999
-14.7212
-85.2761
25.8047
-13.2719
-59.2908
18.3041
-11.5206
-35.73
11.3024
-8.8056
-16.6884
4.76599
-6.53842
-218.459
66.14
-5.29167
-141.003
43.0245
-6.27643
-128.618
39.7175
-4.89094
-76.4025
24.2739
-5.93101
-53.7962
17.4332
-5.93186
-24.3571
7.86008
6.33787
-181.937
55.5775
7.05578
-167.506
51.6135
6.5267
-126.879
39.8495
5.40774
-76.7363
24.656
5.10413
-52.6725
17.5497
3.65025
-24.0479
8.06108
2.23603
-6.81482
1.7864
1.49234
-12.1431
3.89386
