2.4393
-18.0434
5.84972
-1.83755
-27.0611
8.50803
-0.159159
-0.0894806
-0.0633449
0.105885
0.00320439
0.0497056
1.30787
-18.2174
5.8475
-3.5364
-27.3295
8.51016
-0.096126
-0.0132101
0.056531
0.0825521
-0.0434936
-0.0566761
4.86903
-29.785
9.74526
4.78951
-23.4286
7.78198
5.68741
-21.3283
7.35554
2.99248
-8.52455
3.02604
3.1421
-6.25582
2.22971
1.96691
-2.3492
0.819818
-2.45566
-29.7638
9.39041
-2.46361
-23.3702
7.40812
-1.77436
-12.8457
4.03857
-2.59245
-13.7763
4.5379
-1.69841
-6.06228
1.89347
-1.10627
-2.1546
0.350005
2.60977
-30.1248
9.73693
2.55677
-23.7456
7.74442
2.69888
-19.4183
6.45264
1.5527
-8.67471
2.81288
1.45722
-6.29309
2.0353
0.908001
-2.20914
0.544644
-4.72424
-30.1121
9.39303
-4.68758
-23.7307
7.42658
-3.33011
-13.1188
4.12458
-5.02618
-14.1589
4.74488
-3.43087
-6.2604
2.10094
-1.59621
-2.02027
0.453318
1.81723
-54.1298
17.2849
1.1014
-1.04208
0.323798
3.74224
-36.2624
11.6943
-0.755712
-0.839925
0.0093323
-7.1315
-72.523
22.6911
0.382893
0.180034
-0.045467
-0.49701
-0.210101
0.0646262
0.43699
-0.160795
0.0279292
-1.0372
-36.4349
11.5235
0.601267
-1.05939
-0.0203074
-1.1558
-1.19382
0.404707
-0.107384
0.044962
0.00619909
4.87672
-32.9445
10.727
4.84559
-26.6108
8.75885
4.69684
-20.2506
6.81616
4.39718
-14.0146
4.93633
3.56994
-8.6602
3.08157
2.63432
-4.13773
1.44482
-2.45105
-32.9342
10.3742
-2.46283
-26.5733
8.39576
-2.44508
-20.1985
6.41324
-2.25908
-14.0649
4.45074
-1.8894
-8.46914
2.74226
-1.45048
-3.92889
1.08851
3.9249
-49.9351
16.0816
2.59172
-26.9383
8.74251
2.5097
-20.5628
6.75104
1.8715
-11.5853
3.88389
1.72635
-8.75783
2.89038
1.16513
-4.07314
1.21712
-4.71984
-33.2861
10.3736
-4.7091
-26.9294
8.40562
-4.62914
-20.5455
6.45396
-4.24302
-14.4293
4.61424
-3.76039
-8.71614
2.91687
-2.95466
-4.12192
1.34072
14.9128
-119.825
38.9687
18.354
-117.972
38.7764
13.499
-66.886
22.5493
7.46613
-28.8665
9.78197
9.13104
-25.1053
8.5468
5.72064
-8.00755
2.47031
-14.2514
-119.755
37.5648
-14.1103
-94.2436
29.6504
-10.8805
-56.2138
17.6009
-14.0922
-53.2896
17.6836
-9.86906
-24.7282
7.93356
-6.17322
-9.20138
1.73239
-6.22985
-180.693
57.4052
-6.17591
-142.38
45.5102
-6.82075
-116.221
37.8591
-5.58911
-68.1968
22.4652
-5.83104
-37.074
12.4862
-3.79863
-9.32145
3.10575
7.16267
-178.628
57.4244
5.64681
-116.902
38.0522
6.3375
-102.327
34.1251
6.71873
-74.7432
25.6987
4.42295
-36.1866
12.5964
3.00168
-12.1178
4.12203
1.89314
-3.75718
1.20373
-0.852693
-1.81262
0.945849
0.359402
-145.046
46.0817
-5.20897
-4.5363
0.844824
-0.0861842
0.428422
-0.173352
2.57572
-2.43623
0.320664
13.0825
-115.919
37.5341
14.8307
-107.11
35.0046
14.3449
-81.6365
27.1378
18.0487
-76.318
26.1076
10.4107
-34.9547
12.0129
7.70604
-16.3816
5.3726
-16.0467
-148.992
46.6838
-17.727
-133.78
41.9822
-13.8996
-81.5492
25.6932
-12.5969
-56.9078
18.2231
-10.9878
-34.442
11.258
-8.4395
-16.1484
4.76113
-6.46012
-208.051
65.9232
-5.22178
-134.597
42.9215
-6.19556
-123.169
39.6596
-4.85732
-73.4626
24.2401
-5.84097
-51.9561
17.4434
-5.83094
-23.6655
7.89775
6.32106
-172.929
55.3962
7.05406
-159.524
51.4921
6.55201
-121.188
39.7914
5.41469
-73.554
24.6527
5.12805
-50.7075
17.5697
3.68472
-23.2236
8.10059
2.09348
-6.67102
1.85
1.39635
-11.6602
3.90054
