2.10633
-15.1723
5.80758
-1.36328
-22.7571
8.34325
-0.134626
-0.0758756
-0.0573426
0.0971904
0.0012222
0.0472425
1.00299
-15.4148
5.80557
-3.01938
-23.1244
8.34358
-0.0881817
-0.0138149
0.0521309
0.0672263
-0.0372289
-0.0485038
4.21016
-25.1691
9.70566
4.16093
-19.9539
7.77191
4.98955
-18.3697
7.34527
2.65369
-7.42628
3.02037
2.83528
-5.52011
2.2508
1.79807
-2.09723
0.838576
-1.82191
-25.1563
9.22111
-1.84021
-19.9097
7.29397
-1.34911
-11.0448
3.99938
-2.01604
-12.0264
4.49134
-1.35658
-5.33672
1.89451
-0.905306
-1.90111
0.396068
2.00272
-25.6441
9.70079
1.97148
-20.3906
7.74641
2.09976
-16.8817
6.4763
1.23145
-7.61788
2.85592
1.17068
-5.62116
2.09222
0.722172
-2.03266
0.614272
-4.03679
-25.6339
9.21994
-4.02284
-20.3768
7.30044
-2.89138
-11.3888
4.05768
-4.42541
-12.4763
4.64403
-3.05519
-5.59036
2.05868
-1.44346
-1.84047
0.44772
1.79123
-45.5188
17.0551
1.01619
-0.938125
0.336292
3.10551
-30.5886
11.6109
-0.629063
-0.735005
0.0404817
-5.82143
-61.1773
22.2494
0.366758
0.164128
-0.0294197
-0.434912
-0.187505
0.0460155
0.384008
-0.151173
0.0216547
-0.999809
-30.8299
11.3694
0.479866
-0.994813
0.066103
-1.0565
-1.11034
0.379744
-0.108173
0.0359696
0.0124508
4.21243
-27.7615
10.6661
4.19816
-22.5654
8.73648
4.09789
-17.3337
6.81279
3.86118
-12.1507
4.9376
3.19729
-7.5963
3.09388
2.39234
-3.67194
1.47113
-1.81784
-27.7569
10.1781
-1.83109
-22.5387
8.255
-1.83902
-17.2886
6.32579
-1.73664
-12.1676
4.41514
-1.49081
-7.42295
2.72448
-1.17252
-3.47079
1.10883
3.00983
-42.3657
15.9934
1.99215
-23.0247
8.72718
1.94273
-17.7559
6.76696
1.46988
-10.1357
3.91226
1.37985
-7.75942
2.94351
0.935719
-3.67296
1.2808
-4.03062
-28.2409
10.1759
-4.03213
-23.0149
8.25679
-3.98691
-17.7402
6.34775
-3.71257
-12.6114
4.53116
-3.32935
-7.72458
2.85903
-2.64632
-3.71722
1.31219
12.3917
-101.629
38.8144
15.3162
-100.875
38.7589
11.3614
-57.8632
22.5912
6.37443
-25.2282
9.83359
7.94295
-22.2746
8.69273
5.03058
-7.24237
2.61744
-11.6447
-101.588
36.8805
-11.5811
-80.6126
29.1738
-9.04064
-48.5658
17.3935
-11.9216
-46.7509
17.3749
-8.47774
-21.929
7.8471
-5.40855
-8.21957
1.81462
-6.004
-153.822
56.7689
-5.94772
-122.268
45.1229
-6.58368
-101.029
37.6153
-5.41799
-60.0212
22.4237
-5.54221
-33.1439
12.5169
-3.60322
-8.56547
3.16602
7.09603
-150.97
56.7935
5.65813
-99.604
37.7357
6.37906
-88.1026
33.8805
6.65053
-65.248
25.6321
4.49492
-31.928
12.6502
3.07331
-10.7742
4.22346
1.92206
-3.33049
1.25454
-0.853607
-1.73406
0.958574
0.395496
-122.353
45.4711
-4.59814
-4.07833
0.830011
-0.0942513
0.361882
-0.183638
2.26862
-2.24354
0.430107
10.8606
-98.0149
37.3223
12.344
-91.1892
34.9283
12.0208
-70.1809
27.1591
15.2555
-66.4603
26.1966
8.98663
-30.7882
12.1229
6.742
-14.6443
5.54075
-13.1017
-125.998
45.7984
-14.5129
-113.912
41.261
-11.4579
-70.1064
25.3144
-10.568
-49.4952
17.9516
-9.36604
-30.3635
11.1086
-7.30911
-14.4044
4.74225
-6.23464
-176.517
65.1161
-5.02134
-115.057
42.5011
-5.96184
-106.375
39.3734
-4.75596
-64.2634
24.068
-5.57212
-46.0759
17.4165
-5.51754
-21.38
7.98241
6.24512
-145.738
54.7202
7.01602
-135.301
50.9934
6.59133
-103.763
39.5039
5.40908
-63.6929
24.565
5.17335
-44.5185
17.5695
3.76983
-20.5868
8.18703
1.64874
-6.16458
2.02648
1.10698
-10.1566
3.90497
