1.77799
-12.2999
5.73624
-0.906723
-18.4507
8.16637
-0.108537
-0.0613546
-0.0506468
0.0874376
-0.000736297
0.0442503
0.703872
-12.5897
5.73442
-2.51848
-18.8856
8.16522
-0.0793352
-0.0141996
0.0473491
0.050561
-0.0299082
-0.0399704
3.55921
-20.5201
9.61016
3.53529
-16.4148
7.71094
4.28369
-15.3024
7.28297
2.3038
-6.26645
2.99042
2.50682
-4.7236
2.2486
1.61182
-1.81722
0.845928
-1.21172
-20.5144
9.0371
-1.23794
-16.3833
7.16593
-0.933467
-9.1824
3.95045
-1.44078
-10.1694
4.43651
-1.00692
-4.55343
1.8926
-0.694733
-1.62372
0.44411
1.40665
-21.088
9.6082
1.39374
-16.9318
7.69589
1.50238
-14.2091
6.45004
0.904468
-6.47929
2.87135
0.869829
-4.86676
2.12536
0.524974
-1.81443
0.674766
-3.3701
-21.0801
9.03295
-3.37412
-16.9195
7.16244
-2.45609
-9.57151
3.98425
-3.81549
-10.6521
4.53977
-2.66357
-4.84158
2.01511
-1.27939
-1.63035
0.443164
1.75465
-36.9033
16.7698
0.920282
-0.820266
0.343677
2.47902
-24.8909
11.469
-0.494812
-0.619804
0.0743177
-4.55467
-49.7834
21.7759
0.347809
0.146678
-0.0135138
-0.368275
-0.162967
0.0275765
0.326
-0.13891
0.0143116
-0.967094
-25.1797
11.1784
0.351054
-0.90584
0.149986
-0.947241
-1.00663
0.354898
-0.108371
0.0273988
0.018813
3.55708
-22.5612
10.5479
3.55665
-18.471
8.6603
3.49762
-14.3399
6.76235
3.3167
-10.1973
4.90046
2.80484
-6.45807
3.0778
2.12943
-3.1615
1.48004
-1.20832
-22.5613
9.96684
-1.22222
-18.4535
8.09975
-1.25113
-14.3017
6.22522
-1.22143
-10.1849
4.36896
-1.08771
-6.30397
2.70177
-0.884864
-2.9718
1.12873
2.11208
-34.7066
15.8187
1.40229
-19.0204
8.65701
1.3809
-14.8347
6.73349
1.06635
-8.58893
3.90741
1.02046
-6.66131
2.9663
0.692952
-3.21139
1.3279
-3.36276
-23.1358
9.96351
-3.37376
-19.0103
8.09499
-3.35671
-14.8214
6.23119
-3.17995
-10.6763
4.44246
-2.88626
-6.63567
2.7988
-2.32013
-3.25441
1.28387
9.90708
-83.2173
38.4359
12.3067
-83.3607
38.4823
9.2185
-48.4392
22.4628
5.25688
-21.3537
9.79901
6.68681
-19.158
8.74298
4.28792
-6.35377
2.72319
-9.12177
-83.2002
36.1388
-9.12132
-66.6431
28.6448
-7.22784
-40.5946
17.1484
-9.73518
-39.7393
17.0451
-7.04509
-18.8529
7.75042
-4.59974
-7.11471
1.90235
-5.80623
-126.498
55.9228
-5.74584
-101.533
44.5446
-6.36599
-85.0271
37.1935
-5.25506
-51.1718
22.2598
-5.25155
-28.7278
12.472
-3.39003
-7.64421
3.20695
6.98109
-123.106
55.9516
5.62065
-81.9738
37.258
6.36263
-73.3621
33.4779
6.53655
-55.1738
25.4241
4.52816
-27.3118
12.6227
3.12087
-9.28346
4.29047
1.93716
-2.85075
1.291
-0.850368
-1.61077
0.96327
0.40873
-99.5642
44.712
-3.94478
-3.55113
0.820818
-0.100291
0.295395
-0.192477
1.93628
-2.00419
0.52765
8.67343
-79.9766
36.9098
9.88824
-74.9891
34.6348
9.70494
-58.3439
26.9876
12.4383
-56.0385
26.073
7.5012
-26.2766
12.1153
5.71224
-12.6948
5.63795
-10.2536
-102.828
44.8455
-11.3953
-93.6902
40.4706
-9.07229
-58.2832
24.8872
-8.54551
-41.6759
17.6509
-7.71512
-25.9423
10.9427
-6.13138
-12.4587
4.72114
-6.03703
-144.607
64.0836
-4.84558
-95.0594
41.9125
-5.75227
-88.8924
38.9096
-4.65928
-54.4519
23.7809
-5.31153
-39.5993
17.2912
-5.18944
-18.7381
8.01616
6.12965
-118.453
53.8544
6.92581
-110.776
50.2916
6.5705
-85.8692
39.0374
5.35975
-53.3715
24.3492
5.17459
-37.8803
17.4657
3.82329
-17.6964
8.21541
1.17737
-5.52958
2.17298
0.816335
-8.56636
3.88142
