1.56294
-10.3934
5.67111
-0.614048
-15.592
8.04562
-0.0903006
-0.0511845
-0.0457604
0.0803147
-0.00202741
0.0419307
0.508373
-10.6989
5.66943
-2.19623
-16.0489
8.0437
-0.0729119
-0.0143125
0.0439468
0.0386954
-0.0243901
-0.0341114
3.13207
-17.4162
9.51189
3.12188
-14.0287
7.63801
3.81031
-13.203
7.20778
2.06486
-5.46051
2.9544
2.27564
-4.15933
2.23143
1.47759
-1.61509
0.842975
-0.820521
-17.4143
8.9104
-0.850619
-14.0045
7.07581
-0.663213
-7.91039
3.91381
-1.05946
-8.87382
4.39707
-0.770056
-3.99974
1.89038
-0.549211
-1.42587
0.477524
1.01679
-18.0149
9.51156
1.01406
-14.5702
7.62893
1.10628
-12.3502
6.40036
0.683631
-5.67264
2.86343
0.661241
-4.31475
2.1314
0.387248
-1.6435
0.708502
-2.9407
-18.0083
8.90475
-2.95367
-14.5594
7.06693
-2.1695
-8.31057
3.93329
-3.40543
-9.35341
4.47045
-2.39404
-4.29581
1.98624
-1.1636
-1.47204
0.441024
1.72443
-31.1846
16.5506
0.850089
-0.733981
0.345026
2.06903
-21.0935
11.3392
-0.401161
-0.537494
0.0985665
-3.74016
-42.1895
21.453
0.333457
0.134061
-0.00311398
-0.32133
-0.145546
0.0155307
0.284441
-0.129129
0.00871498
-0.948947
-21.3982
11.032
0.261222
-0.831469
0.20358
-0.868644
-0.925177
0.33866
-0.108115
0.0220048
0.0230828
3.12765
-19.1008
10.4341
3.13455
-15.7255
8.5758
3.09843
-12.3081
6.69854
2.95018
-8.84816
4.85054
2.53234
-5.65899
3.04812
1.94217
-2.79664
1.4741
-0.817619
-19.1034
9.82229
-0.83152
-15.7134
7.99174
-0.871618
-12.2743
6.1533
-0.883616
-8.8189
4.33387
-0.817331
-5.51856
2.68488
-0.688089
-2.61681
1.14225
1.52536
-29.5631
15.6495
1.01582
-16.3045
8.57588
1.01041
-12.8239
6.67957
0.796954
-7.5016
3.88249
0.773758
-5.87042
2.96127
0.523642
-2.86681
1.34786
-2.93298
-19.7073
9.81841
-2.94852
-16.2944
7.98353
-2.94606
-12.8128
6.15033
-2.82539
-9.31875
4.38213
-2.58501
-5.85257
2.75853
-2.09279
-2.91121
1.26581
8.27857
-70.862
38.0448
10.3245
-71.4803
38.1336
7.79168
-41.9397
22.2672
4.49887
-18.6386
9.71908
5.81124
-16.9159
8.7119
3.76291
-5.6891
2.76486
-7.498
-70.8584
35.6292
-7.53089
-57.1634
28.275
-6.04114
-35.1071
16.9703
-8.2745
-34.7981
16.8207
-6.06935
-16.6433
7.68329
-4.03622
-6.30702
1.9652
-5.69616
-108.066
55.2443
-5.63129
-87.3744
44.0503
-6.23607
-73.8992
36.8074
-5.15416
-44.8793
22.076
-5.05849
-25.4952
12.3945
-3.23757
-6.92964
3.22159
6.87732
-104.499
55.275
5.56732
-70.0801
36.8476
6.31729
-63.2765
33.1162
6.43402
-48.1471
25.1988
4.52686
-24.0386
12.5529
3.13745
-8.20944
4.31242
1.93832
-2.50225
1.30555
-0.845509
-1.50081
0.961133
0.402837
-84.3756
44.1287
-3.48542
-3.15961
0.819057
-0.102936
0.251385
-0.197332
1.70048
-1.81672
0.583762
7.24141
-67.9189
36.5123
8.27553
-64.0646
34.3031
8.17149
-50.2541
26.7498
10.5524
-48.778
25.8515
6.47734
-23.0726
12.0318
4.9885
-11.2721
5.65418
-8.422
-87.3365
44.194
-9.38452
-80.0516
39.9229
-7.52297
-50.2033
24.5854
-7.20704
-36.2389
17.4413
-6.60178
-22.7997
10.8272
-5.32122
-11.045
4.70802
-5.9273
-123.178
63.2751
-4.74715
-81.4934
41.4262
-5.63087
-76.8545
38.4973
-4.5999
-47.5579
23.521
-5.14526
-34.9304
17.1469
-4.96308
-16.7633
8.00591
6.03068
-100.295
53.1759
6.83597
-94.3265
49.7101
6.5213
-73.719
38.6223
5.30102
-46.251
24.1283
5.1492
-33.2108
17.332
3.8394
-15.6303
8.19689
0.848502
-5.02856
2.24941
0.622336
-7.45708
3.84781
