1.45676
-9.44434
5.63305
-0.47145
-14.1688
7.98508
-0.0809427
-0.0459624
-0.0431864
0.076566
-0.00266852
0.04067
0.411896
-9.75224
5.63143
-2.03897
-14.6287
7.98284
-0.0695421
-0.0143227
0.0421825
0.032543
-0.0214366
-0.0311393
2.92092
-15.8655
9.45176
2.91661
-12.8297
7.59117
3.57307
-12.1386
7.15926
1.9438
-5.04837
2.93113
2.15646
-3.86768
2.21766
1.40746
-1.5096
0.838883
-0.629915
-15.8653
8.84657
-0.661532
-12.8087
7.02985
-0.530354
-7.26629
3.89455
-0.869718
-8.2098
4.37679
-0.650658
-3.71392
1.88911
-0.475004
-1.32328
0.494681
0.824306
-16.4688
9.45215
0.82606
-13.3734
7.58477
0.909099
-11.3978
6.3651
0.572461
-5.25505
2.85354
0.554625
-4.02384
2.12911
0.316599
-1.5502
0.723118
-2.73101
-16.463
8.84033
-2.74748
-13.3635
7.01866
-2.02754
-7.66553
3.90748
-3.19966
-8.67928
4.43618
-2.25687
-4.00883
1.972
-1.10381
-1.38731
0.440272
1.70763
-28.3376
16.4327
0.813112
-0.688618
0.344501
1.86662
-19.1978
11.2633
-0.353151
-0.494794
0.111219
-3.34269
-38.3982
21.2912
0.325745
0.127439
0.00199956
-0.297128
-0.136531
0.00961258
0.262806
-0.123745
0.0056913
-0.941121
-19.5049
10.9532
0.215205
-0.789613
0.229496
-0.82762
-0.880658
0.330685
-0.107858
0.0194181
0.0252175
2.91555
-17.3756
10.3662
2.92553
-14.3504
8.52277
2.89942
-11.2831
6.6569
2.76609
-8.16061
4.81738
2.39294
-5.24801
3.02705
1.84497
-2.60716
1.46719
-0.627274
-17.3792
9.74972
-0.641054
-14.3406
7.93701
-0.685903
-11.2514
6.11632
-0.716664
-8.1237
4.31533
-0.681827
-5.11467
2.67608
-0.588332
-2.43293
1.14916
1.23582
-26.9825
15.5483
0.824813
-14.9336
8.52434
0.826586
-11.8
6.64243
0.66228
-6.94118
3.86297
0.648361
-5.45721
2.95213
0.436831
-2.68326
1.35403
-2.72322
-17.9872
9.74563
-2.74046
-14.9238
7.92737
-2.74398
-11.7901
6.10942
-2.64856
-8.61987
4.35192
-2.43282
-5.4438
2.73857
-1.97623
-2.72906
1.25713
7.47382
-64.6681
37.8052
9.34198
-65.4858
37.9064
7.07968
-38.6281
22.1338
4.11635
-17.2425
9.66051
5.36232
-15.7461
8.67503
3.49159
-5.33511
2.77604
-6.70513
-64.6705
35.3727
-6.75198
-52.3791
28.0871
-5.45535
-32.314
16.8779
-7.54426
-32.2492
16.7084
-5.57588
-15.4914
7.64942
-3.74741
-5.88202
1.99812
-5.64851
-98.7927
54.8711
-5.58072
-80.1993
43.77
-6.17621
-68.1992
36.5818
-5.10644
-41.615
21.9608
-4.96238
-23.7914
12.3405
-3.15818
-6.5415
3.22477
6.81745
-95.202
54.9025
5.53215
-64.101
36.6145
6.28417
-58.1643
32.9065
6.37477
-44.5462
25.0588
4.51897
-22.346
12.5014
3.14093
-7.64961
4.31596
1.93604
-2.31992
1.30961
-0.84219
-1.43718
0.958346
0.395261
-76.7929
43.8147
-3.24881
-2.95194
0.81969
-0.103799
0.229527
-0.199402
1.57841
-1.71452
0.608727
6.53423
-61.8885
36.2749
7.47763
-58.5717
34.0937
7.40886
-46.1541
26.591
9.60826
-45.057
25.6955
5.95577
-21.4128
11.9643
4.6157
-10.5241
5.64618
-7.5281
-79.5881
43.867
-8.40136
-73.1933
39.646
-6.76207
-46.1085
24.4311
-6.54181
-33.4555
17.3351
-6.04204
-21.1708
10.7687
-4.90911
-10.3034
4.7021
-5.87993
-112.427
62.8357
-4.70422
-74.6451
41.1549
-5.57627
-70.7239
38.2594
-4.57203
-44.0056
23.3696
-5.06471
-32.49
17.0554
-4.84768
-15.7108
7.99017
5.97477
-91.2407
52.8069
6.78225
-86.0858
49.3853
6.48604
-67.5875
38.3828
5.26379
-42.6246
23.9939
5.12849
-30.8065
17.2447
3.84133
-14.5574
8.17552
0.679913
-4.75427
2.28045
0.525365
-6.88796
3.82523
