1.24724
-7.55657
5.54565
-0.193827
-11.3379
7.86445
-0.0617834
-0.0352676
-0.0377765
0.0687018
-0.00394204
0.0379459
0.221556
-7.85773
5.54416
-1.73246
-11.7865
7.86171
-0.0624935
-0.0142473
0.0385317
0.0198251
-0.0151477
-0.025126
2.5038
-12.7704
9.30882
2.50929
-10.4227
7.47595
3.09792
-9.98383
7.03945
1.69879
-4.20724
2.87353
1.91118
-3.26662
2.17921
1.26135
-1.29033
0.825178
-0.258827
-12.773
8.71882
-0.292689
-10.4077
6.93678
-0.269351
-5.96388
3.85447
-0.492444
-6.85173
4.33546
-0.410228
-3.12554
1.88637
-0.323941
-1.11134
0.529908
0.444397
-13.3601
9.31046
0.453935
-10.9497
7.4743
0.516738
-9.44888
6.27294
0.348827
-4.39207
2.82134
0.337034
-3.41276
2.11336
0.171997
-1.34807
0.747506
-2.32197
-13.3555
8.71167
-2.34352
-10.9419
6.92174
-1.74654
-6.34738
3.85554
-2.78709
-7.28276
4.36881
-1.97803
-3.40729
1.94408
-0.980569
-1.20685
0.439444
1.6708
-22.6748
16.1806
0.735481
-0.59373
0.340907
1.46723
-15.4154
11.089
-0.254933
-0.406572
0.137574
-2.56777
-30.834
20.9689
0.309234
0.113551
0.0120177
-0.247345
-0.117929
-0.00196977
0.217892
-0.111996
-0.000817049
-0.928061
-15.7159
10.7849
0.121185
-0.696587
0.279304
-0.742203
-0.784091
0.315073
-0.107071
0.0144812
0.0294703
2.49695
-13.9389
10.2076
2.51187
-11.5988
8.39439
2.50291
-9.21794
6.55332
2.39663
-6.76181
4.73389
2.10815
-4.40482
2.97182
1.64367
-2.21502
1.44506
-0.256724
-13.9442
9.60499
-0.270047
-11.5931
7.82685
-0.322765
-9.19022
6.04085
-0.38693
-6.71127
4.27664
-0.410484
-4.28608
2.658
-0.386366
-2.05331
1.16337
0.664628
-21.8073
15.3115
0.447429
-12.1679
8.39857
0.461999
-9.71663
6.54699
0.393201
-5.7878
3.80922
0.393754
-4.59603
2.91996
0.259172
-2.29399
1.35826
-2.3143
-14.5375
9.60062
-2.33377
-12.1588
7.8149
-2.34662
-9.70986
6.02714
-2.29613
-7.18313
4.29178
-2.12562
-4.59265
2.69919
-1.73761
-2.34406
1.2406
5.88432
-52.2595
37.2351
7.39539
-53.4007
37.3426
5.65959
-31.8889
21.7926
3.34502
-14.3769
9.50445
4.44328
-13.3128
8.55644
2.93207
-4.58509
2.77794
-5.15837
-52.2722
34.8598
-5.22782
-42.7315
27.7078
-4.29983
-26.636
16.688
-6.08534
-27.0017
16.4848
-4.57892
-13.0969
7.58166
-3.15648
-4.99125
2.0671
-5.5685
-80.1459
54.0573
-5.49337
-65.6682
43.1429
-6.06687
-56.5367
36.0646
-5.01666
-34.8568
21.6825
-4.77105
-20.2123
12.2009
-2.99303
-5.70409
3.22239
6.68239
-76.6431
54.0896
5.44523
-52.0946
36.0918
6.19728
-47.8167
32.4284
6.24062
-37.1824
24.7228
4.48867
-18.8565
12.3644
3.13806
-6.48764
4.30749
1.92552
-1.94041
1.31093
-0.833658
-1.29261
0.949177
0.370866
-61.6641
43.1432
-2.76236
-2.51367
0.824195
-0.10456
0.186178
-0.20277
1.32633
-1.49349
0.651957
5.13841
-49.8355
35.7206
5.89973
-47.5356
33.5849
5.8929
-37.853
26.1906
7.71896
-37.4434
25.2888
4.89449
-17.9823
11.7752
3.84917
-8.95716
5.59614
-5.78513
-64.0995
43.2152
-6.48069
-59.4126
39.0898
-5.26886
-37.8179
24.118
-5.22053
-27.7664
17.1209
-4.91756
-17.8027
10.651
-4.07186
-8.75318
4.69191
-5.80082
-90.8648
61.8876
-4.63136
-60.828
40.5558
-5.47954
-58.2493
37.7197
-4.52003
-36.6968
23.0234
-4.90892
-27.402
16.8326
-4.61242
-13.4777
7.93655
5.85067
-73.2038
52.0106
6.6578
-69.5936
48.6673
6.39458
-55.2299
37.8391
5.17379
-35.2514
23.6761
5.07117
-25.8686
17.0279
3.83282
-12.3372
8.10756
0.335088
-4.15875
2.32719
0.331631
-5.72189
3.76805
