1.14394
-6.61852
5.49624
-0.0587594
-9.93105
7.80459
-0.052
-0.0298066
-0.0349427
0.0645924
-0.0045746
0.0364839
0.127695
-6.91028
5.49482
-1.5832
-10.3652
7.80167
-0.0588198
-0.0141612
0.0366477
0.0132742
-0.0118189
-0.0220918
2.29789
-11.2274
9.22583
2.30731
-9.21608
7.40736
2.86015
-8.89495
6.9679
1.57494
-3.77897
2.83908
1.78524
-2.95787
2.15439
1.18548
-1.17686
0.815491
-0.0782918
-11.2311
8.65515
-0.112905
-9.20377
6.88985
-0.141224
-5.30645
3.83375
-0.305017
-6.15889
4.31451
-0.289326
-2.82361
1.88494
-0.247203
-1.00228
0.547966
0.256978
-11.7983
9.22799
0.269845
-9.72364
7.4078
0.321655
-8.45329
6.21581
0.236458
-3.94723
2.79891
0.226215
-3.09307
2.09976
0.0981866
-1.23942
0.757178
-2.12262
-11.7943
8.64769
-2.14574
-9.71715
6.87326
-1.60753
-5.67491
3.82949
-2.58041
-6.56128
4.33578
-1.83649
-3.0932
1.93042
-0.917187
-1.11126
0.439372
1.65085
-19.8608
16.0465
0.694891
-0.544354
0.3378
1.27028
-13.5298
10.9903
-0.20481
-0.361183
0.151264
-2.19027
-27.0631
20.809
0.300439
0.106284
0.0169096
-0.221807
-0.108361
-0.00761838
0.194654
-0.105644
-0.0043013
-0.922826
-13.8211
10.6954
0.0732875
-0.645513
0.303106
-0.697867
-0.73213
0.307451
-0.106535
0.0121349
0.0315815
2.29049
-12.2287
10.1167
2.3073
-10.2236
8.31886
2.30549
-8.17897
6.49119
2.21137
-6.05165
4.68336
1.96293
-3.97342
2.9375
1.53971
-2.01284
1.42973
-0.0764619
-12.2347
9.53309
-0.0894624
-10.2196
7.77163
-0.145335
-8.15318
6.00253
-0.224201
-5.99512
4.25661
-0.27476
-3.86221
2.64876
-0.284292
-1.85801
1.17069
0.382973
-19.2139
15.1757
0.26107
-10.774
8.32415
0.281293
-8.65813
6.4885
0.258881
-5.19549
3.77483
0.264693
-4.14866
2.89678
0.168475
-2.08859
1.35622
-2.11513
-12.8088
9.52865
-2.13515
-10.7655
7.75881
-2.15137
-8.65315
5.98593
-2.12061
-6.44607
4.26194
-1.97073
-4.15087
2.67982
-1.61567
-2.14152
1.23277
5.09971
-46.0491
36.9038
6.4316
-47.3155
37.0048
4.95185
-28.4652
21.5841
2.95654
-12.9095
9.40652
3.97377
-12.0514
8.47417
2.64431
-4.18995
2.76836
-4.40439
-46.0662
34.6044
-4.48255
-37.8725
27.517
-3.73023
-23.7544
16.5909
-5.35709
-24.3071
16.3738
-4.07591
-11.8566
7.5479
-2.85473
-4.52643
2.10314
-5.5361
-70.7773
53.6169
-5.4565
-58.3177
42.7961
-6.01724
-50.5801
35.7728
-4.97454
-31.3672
21.5192
-4.67577
-18.3398
12.115
-2.90726
-5.25559
3.2167
6.60753
-67.3891
53.6494
5.39375
-46.0736
35.8023
6.14378
-42.5886
32.1598
6.16594
-33.4262
24.5263
4.46637
-17.0633
12.2784
3.13168
-5.88721
4.29529
1.91723
-1.7439
1.30813
-0.828405
-1.21183
0.942754
0.354161
-54.1221
42.7859
-2.51288
-2.28361
0.82811
-0.104445
0.164708
-0.204048
1.19655
-1.37495
0.67007
4.44988
-43.8166
35.4031
5.11991
-41.9967
33.2847
5.13985
-33.656
25.9481
6.77442
-33.5557
25.0371
4.35538
-16.2145
11.653
3.456
-8.13988
5.55366
-4.93593
-56.3642
42.8915
-5.5431
-52.4956
38.8114
-4.53662
-33.6265
23.9597
-4.56475
-24.8643
17.0135
-4.35327
-16.0662
10.5919
-3.64722
-7.94613
4.68772
-5.76905
-80.0597
61.3792
-4.60136
-53.8637
40.2281
-5.43729
-51.9106
37.4176
-4.49583
-32.9443
22.8282
-4.8336
-24.758
16.701
-4.49254
-12.2991
7.89839
5.78277
-64.2275
51.5836
6.5874
-61.3497
48.2742
6.33871
-49.0111
37.5348
5.12121
-31.5105
23.4926
5.03474
-23.34
16.898
3.8224
-11.1927
8.06073
0.159197
-3.8382
2.34263
0.234928
-5.1256
3.73334
