0.641348
-1.99381
5.19185
0.582258
-2.99427
7.51091
-0.00150403
-0.00165255
-0.0195868
0.0424734
-0.00769993
0.0282449
-0.329177
-2.17732
5.19081
-0.873834
-3.26534
7.50769
-0.0391238
-0.013259
0.0267095
-0.0210007
0.00643389
-0.00679383
1.29378
-3.5755
8.69508
1.31413
-3.17564
6.95408
1.67121
-3.36872
6.49275
0.944747
-1.57817
2.60962
1.12705
-1.34867
1.97401
0.781392
-0.579073
0.738549
0.778367
-3.58254
8.34017
0.743017
-3.17332
6.65268
0.476774
-1.97627
3.72444
0.618732
-2.58687
4.20767
0.31919
-1.25271
1.87722
0.145604
-0.433096
0.642036
-0.655946
-3.9315
8.69911
-0.631214
-3.47404
6.96236
-0.641495
-3.29262
5.81966
-0.328666
-1.60633
2.62353
-0.343789
-1.36951
1.97423
-0.282254
-0.628191
0.779475
-1.17356
-3.93105
8.33238
-1.1958
-3.47605
6.63157
-0.926828
-2.19705
3.6988
-1.54503
-2.75098
4.17682
-1.1107
-1.4055
1.86498
-0.584828
-0.58557
0.442173
1.53793
-5.98643
15.2963
0.476242
-0.282069
0.309026
0.311681
-4.17189
10.3824
0.0537037
-0.124696
0.224226
-0.394339
-8.34746
20.0254
0.251317
0.066823
0.0400105
-0.0888139
-0.0583685
-0.0341997
0.0718644
-0.0695814
-0.023882
-0.908279
-4.35512
10.1952
-0.172429
-0.348843
0.409808
-0.461741
-0.439141
0.271238
-0.10236
0.00162954
0.0418418
1.28548
-3.77644
9.54693
1.3064
-3.37575
7.82712
1.32753
-2.94597
6.07641
1.28195
-2.41916
4.34223
1.21276
-1.7392
2.69834
0.991017
-0.953204
1.31015
0.778868
-3.78374
9.17969
0.76812
-3.37783
7.49563
0.703073
-2.92889
5.80623
0.568355
-2.34027
4.15078
0.40223
-1.66726
2.60095
0.233816
-0.838166
1.20904
-0.987874
-6.2111
14.3227
-0.64826
-3.71405
7.83634
-0.606053
-3.22163
6.0882
-0.408953
-2.09792
3.52763
-0.394195
-1.7643
2.70973
-0.29958
-0.965975
1.30382
-1.16814
-4.1416
9.17546
-1.1856
-3.71033
7.48086
-1.20691
-3.22811
5.77977
-1.25049
-2.59838
4.11513
-1.18584
-1.80007
2.58589
-0.983175
-1.04005
1.19766
1.27405
-15.0095
34.7835
1.70623
-16.5787
34.7564
1.44068
-10.9073
20.1613
0.993224
-5.28336
8.71698
1.54297
-5.36434
7.8319
1.13799
-2.04088
2.61415
-0.813211
-15.0415
33.3427
-0.912377
-13.3195
26.5575
-0.960373
-9.00106
16.0869
-1.73367
-10.2377
15.828
-1.52642
-5.28731
7.38015
-1.29352
-2.0367
2.29736
-5.44198
-23.588
51.0819
-5.33142
-20.8515
40.7306
-5.81079
-19.7136
33.9813
-4.78643
-12.9533
20.4617
-4.19952
-8.24601
11.5229
-2.44722
-2.74588
3.14192
6.16956
-21.4894
51.1131
5.06525
-15.913
34.0745
5.78511
-16.0626
30.5213
5.72363
-14.0645
23.2601
4.28798
-7.71281
11.6742
3.05156
-2.73386
4.15408
1.8456
-0.710479
1.25926
-0.791689
-0.730422
0.892127
0.230954
-16.6906
40.787
-1.21276
-1.04065
0.863955
-0.0988709
0.0596808
-0.206131
0.516539
-0.711793
0.724338
1.09694
-13.8533
33.4108
1.30926
-14.1771
31.3239
1.42562
-12.3075
24.3113
2.06221
-13.4466
23.2931
1.59083
-6.93112
10.7638
1.40695
-3.76398
5.16554
-0.895033
-17.8488
41.3014
-1.06544
-17.749
37.4242
-1.01009
-12.3067
23.1554
-1.33562
-9.87906
16.4743
-1.51961
-6.94018
10.2953
-1.47569
-3.63763
4.675
-5.68011
-25.8846
58.4971
-4.50828
-18.5852
38.31
-5.27845
-19.3513
35.5871
-4.38807
-13.3296
21.6316
-4.47731
-10.6612
15.8402
-3.86952
-5.85459
7.5925
5.39267
-19.8564
49.1612
6.16383
-20.2855
45.9707
5.96846
-17.6729
35.6899
4.78913
-12.3978
22.3292
4.78111
-10.2238
16.0341
3.7115
-5.19691
7.69745
-0.746038
-2.03265
2.33866
-0.245864
-2.03057
3.49846
