0.543319
-1.08233
5.11968
0.704487
-1.62693
7.45296
0.00881638
0.00409003
-0.0163056
0.0377829
-0.00831842
0.0264312
-0.418288
-1.23233
5.11872
-0.738344
-1.84785
7.44979
-0.0349582
-0.0129898
0.0246333
-0.0280731
0.0103488
-0.00373591
1.09752
-2.06017
8.56623
1.11856
-1.97002
6.84186
1.43364
-2.25345
6.37477
0.816996
-1.12965
2.55257
0.990708
-1.01724
1.92703
0.696424
-0.455074
0.71766
0.941669
-2.06746
8.27754
0.906621
-1.96913
6.60457
0.596269
-1.30523
3.70143
0.800712
-1.85701
4.18574
0.441156
-0.929604
1.87546
0.225383
-0.315934
0.661415
-0.834108
-2.3498
8.5705
-0.807764
-2.20497
6.85127
-0.831532
-2.23039
5.71898
-0.441904
-1.11878
2.57626
-0.460038
-1.00377
1.93798
-0.359838
-0.494319
0.778771
-0.991985
-2.35011
8.26988
-1.01253
-2.20911
6.58309
-0.793194
-1.48252
3.67239
-1.33776
-1.95522
4.14586
-0.962562
-1.04835
1.85226
-0.515744
-0.472302
0.443257
1.51315
-3.2518
15.1302
0.429854
-0.22735
0.300709
0.12469
-2.31535
10.2382
0.106521
-0.0761446
0.239559
-0.051037
-4.63433
19.8709
0.240541
0.058351
0.0443374
-0.0613999
-0.0480427
-0.0391562
0.0462573
-0.0616307
-0.0281832
-0.907269
-2.46514
10.0845
-0.222281
-0.282385
0.42855
-0.41205
-0.374827
0.264348
-0.101219
-0.000237729
0.0438092
1.08936
-2.10717
9.41023
1.11018
-2.01493
7.70645
1.13369
-1.89631
5.97312
1.09575
-1.68145
4.25676
1.05881
-1.28117
2.63738
0.87646
-0.734109
1.27792
0.941926
-2.11441
9.10984
0.931692
-2.01776
7.44021
0.865856
-1.88079
5.76594
0.722912
-1.59942
4.12847
0.536943
-1.21733
2.59095
0.338353
-0.627911
1.21693
-1.25522
-3.60686
14.1178
-0.82597
-2.28795
7.71618
-0.780361
-2.11085
5.98718
-0.541506
-1.45587
3.46361
-0.527833
-1.26276
2.65858
-0.395223
-0.725288
1.28514
-0.987186
-2.40571
9.10575
-1.0032
-2.28559
7.42545
-1.02352
-2.12012
5.73827
-1.07785
-1.80199
4.08597
-1.0272
-1.30627
2.56745
-0.85287
-0.804797
1.19128
0.526603
-8.81493
34.2685
0.778532
-10.3907
34.1975
0.744323
-7.32856
19.8027
0.597796
-3.71264
8.54029
1.0438
-3.96581
7.65877
0.826006
-1.58284
2.56272
-0.126028
-8.8487
33.092
-0.225671
-8.3747
26.3635
-0.420425
-5.9982
15.9821
-1.0131
-7.32907
15.7195
-1.01167
-3.91439
7.3463
-0.972973
-1.51212
2.33842
-5.43414
-14.0999
50.5086
-5.31568
-13.2441
40.2521
-5.77536
-13.3622
33.5578
-4.75177
-9.11018
20.2031
-4.10332
-6.10469
11.3725
-2.34918
-2.19828
3.1177
6.07126
-12.3979
50.5391
4.98737
-9.88987
33.6737
5.69743
-10.7104
30.1354
5.62304
-10.1092
22.9514
4.2402
-5.78633
11.5193
3.02642
-2.08183
4.11021
1.82544
-0.496997
1.24277
-0.782195
-0.620667
0.878392
0.199791
-9.26443
40.3444
-0.944322
-0.777244
0.874104
-0.0967895
0.0391593
-0.205673
0.375688
-0.567435
0.728007
0.442588
-7.89353
32.9328
0.563316
-8.6025
30.8418
0.692641
-7.98475
23.9013
1.12326
-9.31998
22.8499
1.02744
-5.00365
10.5321
0.983986
-2.84198
5.05393
-0.122426
-10.1866
40.9872
-0.206548
-10.7854
37.1463
-0.328552
-7.98997
22.9913
-0.699181
-6.80821
16.3652
-0.951782
-5.04406
10.235
-1.03411
-2.73179
4.67361
-5.6737
-15.0341
57.8527
-4.49879
-11.4584
37.8709
-5.25465
-12.6986
35.1579
-4.36783
-9.26554
21.3488
-4.4086
-7.69547
15.6283
-3.73991
-4.47271
7.5086
5.30619
-11.0922
48.6193
6.06699
-12.123
45.4431
5.87871
-11.3842
35.2574
4.7105
-8.52023
22.0486
4.71768
-7.53165
15.8194
3.67845
-3.9579
7.59962
-0.930351
-1.63724
2.32194
-0.341296
-1.39311
3.43954
