0.253025
1.62645
4.88156
1.06228
2.43685
7.27841
0.0399463
0.0213766
-0.00613741
0.0233294
-0.0101629
0.0207265
-0.681896
1.59808
4.8809
-0.341003
2.39771
7.27554
-0.0221335
-0.0120284
0.0182725
-0.049467
0.0224365
0.00536524
0.515747
2.45237
8.13691
0.536661
1.63259
6.46497
0.721651
1.09526
5.97819
0.431638
0.222629
2.36084
0.575258
-0.0138264
1.76626
0.4357
-0.0789537
0.645101
1.41955
2.44495
8.08806
1.38585
1.63009
6.45738
0.94813
0.708272
3.62959
1.34117
0.345989
4.11778
0.806112
0.04801
1.86914
0.465401
0.038086
0.719992
-1.36126
2.40349
8.14172
-1.33099
1.62636
6.47719
-1.3963
0.996339
5.3775
-0.780794
0.370078
2.4123
-0.810479
0.122535
1.80902
-0.593289
-0.0760169
0.767006
-0.45902
2.4007
8.08105
-0.472229
1.61503
6.43552
-0.395856
0.686129
3.59156
-0.71583
0.477624
4.05274
-0.514002
0.0500195
1.81396
-0.304744
-0.120909
0.447128
1.43566
4.87536
14.5991
0.286891
-0.0610524
0.271132
-0.428787
3.22408
9.76249
0.265841
0.0701749
0.286476
0.955714
6.44485
19.4057
0.206596
0.0319556
0.0567084
0.021744
-0.0167131
-0.0532771
-0.0318307
-0.0367056
-0.0416804
-0.906475
3.19571
9.73071
-0.371732
-0.072597
0.479491
-0.259385
-0.173514
0.244213
-0.0971918
-0.00543297
0.0494788
0.508451
2.85797
8.95697
0.527621
2.04359
7.30263
0.555046
1.24706
5.62549
0.537185
0.539763
3.96849
0.591764
0.103119
2.43053
0.526109
-0.0699674
1.16622
1.41915
2.85134
8.89922
1.41042
2.03924
7.27164
1.34345
1.25824
5.64184
1.17982
0.629161
4.0587
0.938823
0.142391
2.55944
0.652007
0.00856083
1.24043
-2.04605
4.20499
13.4384
-1.35208
2.00708
7.31351
-1.29744
1.25209
5.64549
-0.936502
0.500646
3.24489
-0.929908
0.275652
2.48023
-0.683591
0.0194431
1.21411
-0.456374
2.80126
8.89567
-0.466672
2.00458
7.25745
-0.481115
1.23353
5.61159
-0.56194
0.623195
3.99737
-0.548999
0.207255
2.51166
-0.456605
-0.0781884
1.17269
-1.68747
9.71823
32.5523
-1.97572
8.19618
32.3176
-1.33291
3.48093
18.5904
-0.590107
1.0534
7.93931
-0.468811
0.306102
7.05845
-0.122918
-0.172365
2.37125
1.8901
9.68086
32.334
1.79391
6.48091
25.7708
1.1777
3.06587
15.6569
1.13997
1.51201
15.3896
0.53673
0.27824
7.24152
-0.00120307
0.0948256
2.46386
-5.42315
14.4132
48.6568
-5.27788
9.72103
38.6895
-5.67236
5.92808
32.1618
-4.64829
2.63616
19.3386
-3.80947
0.488226
10.8614
-2.04394
-0.489975
3.02716
5.76089
14.6787
48.6848
4.73567
8.11306
32.3643
5.40972
5.35889
28.8663
5.30208
1.8283
21.9206
4.07689
0.0464051
10.9911
2.93484
-0.108441
3.94971
1.75426
0.147501
1.18113
-0.749386
-0.271364
0.830522
0.0979455
12.8937
38.929
-0.128563
0.031201
0.909242
-0.0887997
-0.0214626
-0.202594
-0.0524269
-0.118477
0.725662
-1.49465
9.91011
31.3477
-1.6483
8.1071
29.2274
-1.48887
5.03337
22.5181
-1.68375
3.1819
21.3469
-0.673958
0.865414
9.7388
-0.300601
-0.0166636
4.65771
2.14353
12.7043
40.04
2.31626
10.0885
36.3014
1.68025
5.01016
22.4871
1.19446
2.48893
16.0312
0.750606
0.731698
10.0493
0.298363
0.0415596
4.66942
-5.66764
17.5135
55.7816
-4.48051
10.0059
36.4448
-5.19039
7.44238
33.749
-4.30513
3.1161
20.4168
-4.2023
1.40149
14.9173
-3.3402
-0.197109
7.21386
5.03459
14.978
46.8778
5.75872
12.2242
43.7289
5.58579
7.45205
33.8377
4.45536
3.14859
21.1162
4.50706
0.608497
15.0968
3.56072
-0.20383
7.25942
-1.48431
-0.402852
2.24242
-0.6257
0.543075
3.24074
