0.157245
2.52137
4.79529
1.17923
3.77951
7.21933
0.050325
0.0271264
-0.00266117
0.0184164
-0.0107743
0.0187524
-0.768702
2.53985
4.79473
-0.210781
3.81032
7.2166
-0.0177754
-0.0116625
0.0161176
-0.0566051
0.0265404
0.00836252
0.323638
3.94518
7.98028
0.343965
2.82715
6.32675
0.484581
2.20923
5.8327
0.302737
0.673688
2.29056
0.435257
0.321691
1.70661
0.34737
0.0468563
0.617924
1.57571
3.93787
8.02368
1.54251
2.82375
6.40689
1.06357
1.37776
3.60453
1.51955
1.08138
4.09409
0.927168
0.374756
1.86653
0.545288
0.156138
0.739506
-1.53487
3.98897
7.98524
-1.50347
2.90858
6.33977
-1.58277
2.08102
5.25149
-0.893236
0.872434
2.3509
-0.927287
0.50491
1.75986
-0.670883
0.067552
0.760079
-0.284221
3.98528
8.01694
-0.294414
2.8946
6.38508
-0.264258
1.41467
3.56376
-0.508484
1.29914
4.02112
-0.363465
0.422494
1.8009
-0.233468
-0.000922515
0.44852
1.40902
7.56046
14.4109
0.238291
-0.00537487
0.259872
-0.611232
5.06087
9.59011
0.318965
0.118816
0.302296
1.28549
10.1186
19.2482
0.194807
0.0228749
0.0606304
0.0496125
-0.00621228
-0.0577366
-0.0581107
-0.0281269
-0.0463359
-0.906601
5.07925
9.60534
-0.421217
-3.77808e-05
0.49474
-0.207582
-0.104288
0.237632
-0.0956519
-0.00704551
0.0512802
0.316747
4.49924
8.79218
0.335027
3.38756
7.15488
0.36295
2.29087
5.49783
0.351101
1.28009
3.86253
0.43489
0.565539
2.35421
0.407713
0.152221
1.12442
1.57512
4.49294
8.82787
1.56684
3.38287
7.2141
1.49974
2.3007
5.59902
1.33015
1.37141
4.03427
1.07187
0.596591
2.54823
0.756222
0.221272
1.24805
-2.30645
6.80714
13.1913
-1.52539
3.44198
7.16606
-1.46798
2.37985
5.5196
-1.06717
1.15983
3.16378
-1.0638
0.79642
2.41318
-0.779663
0.273165
1.18584
-0.28237
4.53569
8.82452
-0.2904
3.43762
7.20022
-0.302167
2.35793
5.56816
-0.39045
1.43986
3.96708
-0.389042
0.719265
2.49261
-0.3232
0.169022
1.16649
-2.41772
15.8753
31.9261
-2.88562
14.3884
31.6275
-2.02149
7.09628
18.144
-0.985855
2.65247
7.71717
-0.975802
1.74602
6.83367
-0.44181
0.305709
2.29615
2.55069
15.8372
32.0764
2.45675
11.4308
25.5677
1.70463
6.09594
15.5438
1.85483
4.48215
15.2766
1.05317
1.69125
7.20481
0.324769
0.637413
2.5059
-5.42154
23.9237
47.9957
-5.26639
17.4061
38.1272
-5.63728
12.4116
31.6562
-4.61276
6.60187
19.0222
-3.70906
2.72591
10.672
-1.93869
0.0957069
2.99124
5.65344
23.6367
48.0226
4.64702
14.0837
31.893
5.30711
10.7042
28.4074
5.18973
5.81288
21.5438
4.01672
1.9967
10.7951
2.89942
0.550171
3.88724
1.72723
0.361845
1.15688
-0.737026
-0.149776
0.812496
0.0622152
20.241
38.4274
0.145532
0.3044
0.92219
-0.0856069
-0.0413723
-0.201021
-0.196146
0.034866
0.720755
-2.13333
15.8185
30.7714
-2.37822
13.6657
28.6365
-2.21085
9.37836
22.0095
-2.61568
7.37203
20.7924
-1.24284
2.83934
9.44433
-0.731851
0.937756
4.50697
2.88582
20.3014
39.7191
3.14355
17.0326
36.0132
2.34057
9.34915
22.3134
1.82123
5.6034
15.9162
1.31713
2.67487
9.98476
0.74374
0.977882
4.66742
-5.66785
28.3552
55.045
-4.476
17.1769
35.9335
-5.16943
14.1963
33.24
-4.28257
7.28691
20.0793
-4.13234
4.48064
14.6565
-3.20318
1.25939
7.10199
4.94092
23.5962
46.2583
5.65134
20.2874
43.1143
5.48185
13.7079
33.3249
4.36497
7.03596
20.7766
4.43115
3.3286
14.8311
3.51599
1.05146
7.13144
-1.66821
0.0202744
2.20685
-0.719793
1.19367
3.16761
