-0.0333873
4.30047
4.61303
1.41093
6.44876
7.09841
0.0709865
0.0385496
0.00437954
0.00850847
-0.0119923
0.0147254
-0.941054
4.42051
4.6127
0.0478948
6.63118
7.09599
-0.00898452
-0.0108747
0.0117733
-0.0707958
0.0347848
0.0142818
-0.0588649
6.91374
7.64838
-0.040179
5.20421
6.03318
0.0108253
4.42803
5.52379
0.0447262
1.57274
2.14149
0.154133
0.990682
1.57942
0.169551
0.297437
0.559733
1.88498
6.90679
7.89162
1.85272
5.19925
6.30277
1.29236
2.71102
3.55227
1.87376
2.54758
4.0445
1.16787
1.02614
1.86021
0.704245
0.390875
0.778204
-1.87956
7.15833
7.6536
-1.84595
5.47515
6.0477
-1.95304
4.256
4.98318
-1.11688
1.8812
2.21924
-1.15984
1.2748
1.65351
-0.824903
0.358154
0.742205
0.0631356
7.1527
7.88543
0.0594893
5.45553
6.28113
-0.00167443
2.87509
3.50625
-0.0937273
2.94924
3.95599
-0.0615414
1.17199
1.7739
-0.0900835
0.241405
0.451243
1.35492
12.8985
14.0171
0.140276
0.105499
0.235553
-0.973925
8.72081
9.22595
0.424738
0.215272
0.333962
1.93994
17.4388
18.9259
0.170649
0.0043808
0.068181
0.105309
0.0147668
-0.0662965
-0.110727
-0.0107312
-0.0557987
-0.90675
8.84057
9.34312
-0.519158
0.147404
0.522753
-0.103141
0.0360627
0.224565
-0.0922891
-0.010126
0.0547328
-0.0648351
7.76243
8.44348
-0.0486418
6.06085
6.84138
-0.0204256
4.36883
5.22657
-0.0207562
2.75562
3.63742
0.120347
1.48751
2.19186
0.169658
0.595132
1.03488
1.88409
7.75689
8.68172
1.87658
6.05567
7.09578
1.80925
4.37609
5.51041
1.62836
2.85026
3.98315
1.33632
1.50217
2.52432
0.963507
0.645082
1.26265
-2.82346
12.0059
12.6685
-1.8695
6.31219
6.85308
-1.80656
4.63906
5.25173
-1.3268
2.48278
2.9907
-1.33041
1.84361
2.26915
-0.970751
0.784859
1.12331
0.0633241
8.00078
8.67881
0.0601748
6.30379
7.0826
0.0543589
4.61006
5.47848
-0.0477994
3.07851
3.90447
-0.0686518
1.74843
2.45322
-0.0552868
0.667256
1.1537
-3.86974
28.1523
30.599
-4.69597
26.7474
30.1613
-3.3932
14.3226
17.1946
-1.77563
5.85212
7.2441
-1.9898
4.63202
6.35201
-1.08023
1.26587
2.13143
3.86176
28.113
31.5481
3.77293
21.311
25.1487
2.75264
12.1511
15.3087
3.28048
10.4286
15.0429
2.08453
4.52339
7.12723
0.977323
1.72526
2.58924
-5.41731
42.9348
46.6077
-5.24119
32.7878
36.9424
-5.5625
25.411
30.5876
-4.53788
14.5669
18.3503
-3.50327
7.23038
10.2668
-1.72343
1.28071
2.91134
5.43456
41.4509
46.6325
4.46491
25.9659
30.8997
5.09464
21.351
27.4381
4.9589
13.7567
20.7442
3.88952
5.88506
10.3759
2.82222
1.85972
3.75025
1.66875
0.786526
1.10356
-0.710237
0.0981769
0.773669
-0.0100378
34.8812
37.378
0.694553
0.851991
0.949254
-0.0785406
-0.080787
-0.197111
-0.483552
0.344053
0.705488
-3.40307
27.5948
29.5519
-3.82991
24.7545
27.3823
-3.64829
18.0564
20.9279
-4.47322
15.7534
19.6121
-2.37959
6.79244
8.81602
-1.59488
2.85224
4.18137
4.35899
35.4442
39.0619
4.78588
30.8855
35.4203
3.65236
18.0153
21.9541
3.06967
11.8317
15.6777
2.44772
6.56717
9.84985
1.63383
2.85575
4.66126
-5.66742
50.0153
53.5015
-4.46587
31.5205
34.8582
-5.12452
27.7253
32.1658
-4.23307
15.6568
19.366
-3.98846
10.6716
14.1017
-2.9232
4.19643
6.85935
4.75046
40.7315
44.9603
5.43198
36.3267
41.8218
5.26744
26.1624
32.2429
4.17818
14.7817
20.057
4.27277
8.75245
14.2656
3.41968
3.55269
6.85571
-2.03289
0.875651
2.12377
-0.906785
2.49749
3.01212
