-0.318456
6.94585
4.31728
1.75604
10.4178
6.90597
0.101496
0.055354
0.0150487
-0.0064027
-0.0138063
0.00856616
-1.19728
7.23319
4.31734
0.435524
10.85
6.90406
0.00426054
-0.00958628
0.00521527
-0.0916311
0.0470495
0.0229274
-0.630967
11.3247
7.10861
-0.615027
8.73378
5.5552
-0.698901
7.71958
5.02143
-0.341675
2.90516
1.89976
-0.267438
1.98027
1.3723
-0.0975947
0.666611
0.464743
2.34542
11.3184
7.6809
2.31394
8.72676
6.13566
1.63208
4.68901
3.46727
2.39898
4.72028
3.96252
1.52414
1.98962
1.84696
0.939059
0.736118
0.834562
-2.39187
11.8999
7.11426
-2.3545
9.31576
5.57199
-2.50184
7.51163
4.54587
-1.44813
3.39141
2.00338
-1.50336
2.42887
1.47738
-1.05097
0.795613
0.706806
0.583792
11.891
7.67545
0.590364
9.28698
6.11417
0.392354
5.06084
3.41325
0.528607
5.41945
3.85064
0.391737
2.29479
1.72981
0.125586
0.605789
0.454596
1.27264
20.8357
13.3819
-0.00724507
0.268558
0.195458
-1.51473
14.1792
8.63501
0.580974
0.356389
0.38087
2.91805
28.3561
18.413
0.133315
-0.0239384
0.0788151
0.188078
0.0459119
-0.0782963
-0.188986
0.0155264
-0.0701464
-0.904929
14.4659
8.92014
-0.662218
0.370148
0.558994
0.0542244
0.247997
0.204904
-0.0865831
-0.0144824
0.0594991
-0.63547
12.6129
7.87699
-0.622632
10.0316
6.33118
-0.594423
7.45297
4.78493
-0.57742
4.94401
3.27152
-0.35097
2.85273
1.92802
-0.187659
1.24932
0.888492
2.34421
12.6086
8.44894
2.33743
10.0259
6.90649
2.26906
7.45666
5.36756
2.0709
5.04304
3.89928
1.72815
2.84309
2.48346
1.26998
1.27085
1.28204
-3.59202
19.7823
11.8191
-2.38075
10.6068
6.34366
-2.30888
8.02021
4.81522
-1.71152
4.46341
2.70814
-1.72497
3.41228
2.0326
-1.25232
1.55276
1.0171
0.581423
13.1837
8.44664
0.58593
10.5916
6.89428
0.589322
7.97994
5.33396
0.466361
5.53144
3.80311
0.41221
3.28936
2.38915
0.347096
1.4146
1.13244
-6.03483
46.4592
28.4408
-7.39512
45.1722
27.7736
-5.43803
25.094
15.6486
-2.95257
10.6199
6.47383
-3.50039
8.9317
5.56353
-2.03128
2.6963
1.85499
5.82088
46.4182
30.7045
5.73872
36.0415
24.4758
4.31721
21.1758
14.9266
5.40916
19.292
14.6631
3.62287
8.7437
6.99611
1.95145
3.34426
2.7095
-5.39777
71.3751
44.3624
-5.18785
55.8022
35.0204
-5.42995
44.8666
28.8501
-4.41013
26.4905
17.2529
-3.17887
13.9801
9.59973
-1.38999
3.06449
2.77296
5.1011
67.9214
44.3838
4.18538
43.6101
29.2886
4.76476
37.1462
25.8638
4.60187
25.5278
19.4401
3.68597
11.6352
9.68666
2.69318
3.78351
3.51866
1.57148
1.40577
1.01361
-0.665147
0.474322
0.709447
-0.115712
56.7154
35.6854
1.51402
1.66537
0.990818
-0.066574
-0.13903
-0.189524
-0.910707
0.806347
0.671177
-5.2963
45.1565
27.5707
-5.99443
41.2883
25.341
-5.79148
30.9929
19.1664
-7.24204
28.2448
17.6902
-4.07299
12.6821
7.79159
-2.88052
5.70444
3.64384
6.56073
58.0265
38.0146
7.23957
51.5402
34.4711
5.61084
30.9345
21.3746
4.93351
21.1131
15.2902
4.13489
12.3677
9.62723
2.96102
5.65379
4.64307
-5.65373
82.4144
51.0083
-4.43892
52.981
33.1161
-5.04027
47.9702
30.4207
-4.14313
28.186
18.2065
-3.75726
19.943
13.1941
-2.48794
8.60289
6.45285
4.46065
66.2023
42.8635
5.09687
60.1508
39.7281
4.93665
44.648
30.4858
3.88794
26.2661
18.885
4.02379
16.783
13.3405
3.26167
7.24425
6.39878
-2.56726
2.15997
1.97408
-1.18396
4.44657
2.75889
