-0.509015
8.69676
4.10685
1.98676
13.0448
6.76685
0.121333
0.066235
0.0221441
-0.0162572
-0.0150056
0.00444241
-1.36716
9.10163
4.1072
0.696714
13.6525
6.76525
0.0130311
-0.00868354
0.000849417
-0.105046
0.0550099
0.0285059
-1.01328
14.2383
6.7249
-0.998679
11.0587
5.21586
-1.17149
9.87948
4.66556
-0.598006
3.77642
1.72919
-0.546197
2.62428
1.22624
-0.274087
0.905292
0.397867
2.65309
14.2324
7.52831
2.62144
11.0502
6.01435
1.8575
5.98753
3.40501
2.74524
6.13997
3.90108
1.75749
2.61678
1.83474
1.092
0.959227
0.870316
-2.73142
15.0455
6.73092
-2.69081
11.8585
5.23439
-2.86333
9.66127
4.23603
-1.66529
4.3862
1.85035
-1.72686
3.18725
1.35187
-1.19687
1.0828
0.678754
0.934569
15.0342
7.5232
0.947537
11.8233
5.99262
0.656386
6.50442
3.34515
0.943619
7.04552
3.77291
0.692841
3.03249
1.69691
0.268612
0.84545
0.455871
1.21764
26.0892
12.9277
-0.104752
0.373614
0.167059
-1.8748
17.7988
8.21459
0.682591
0.447025
0.411224
3.57457
35.5957
18.0421
0.107974
-0.0429935
0.0854856
0.242235
0.0662629
-0.0857954
-0.240108
0.0328088
-0.0796323
-0.900989
18.2028
8.61768
-0.754104
0.51642
0.579733
0.158539
0.387636
0.191509
-0.0823821
-0.0172902
0.0623794
-1.01689
15.8204
7.47408
-1.00603
12.651
5.96871
-0.977118
9.48098
4.47168
-0.947529
6.37744
3.01276
-0.662968
3.74327
1.74189
-0.423805
1.67391
0.78513
2.65179
15.8169
8.2805
2.6451
12.6448
6.7693
2.57501
9.48241
5.26357
2.36372
6.47958
3.83719
1.98558
3.7178
2.45181
1.47013
1.67708
1.29252
-4.10158
24.9452
11.2151
-2.7193
13.4533
5.98185
-2.6405
10.256
4.50571
-1.96447
5.76947
2.508
-1.9826
4.44414
1.8648
-1.43484
2.05703
0.940186
0.93054
16.6247
8.27854
0.939972
13.4333
6.75749
0.948758
10.2079
5.22844
0.809981
7.14918
3.72853
0.732244
4.30267
2.34168
0.613963
1.90548
1.116
-7.47577
58.579
26.9066
-9.1891
57.3409
26.0788
-6.79338
32.1862
14.5536
-3.72942
13.7504
5.92948
-4.49261
11.7448
5.00589
-2.65479
3.62837
1.65699
7.13519
58.5365
30.0932
7.05493
45.7703
23.9868
5.36056
27.1191
14.6467
6.82187
25.109
14.3827
4.6388
11.506
6.89525
2.59298
4.40041
2.78412
-5.36786
90.242
42.7574
-5.13439
71.0375
33.6474
-5.32143
57.7117
27.6094
-4.3103
34.3406
16.4686
-2.94983
18.4138
9.12091
-1.16184
4.23633
2.6698
4.8786
85.4054
42.7768
3.99878
55.2313
28.1381
4.54248
47.5122
24.7404
4.35994
33.2191
18.5095
3.54508
15.3758
9.19326
2.6004
5.02366
3.35024
1.50151
1.80124
0.948738
-0.632082
0.721886
0.663456
-0.180913
71.1941
34.4751
2.05297
2.19404
1.01755
-0.057971
-0.177386
-0.183488
-1.18995
1.10766
0.642623
-6.55664
56.7937
26.1617
-7.4342
52.2222
23.8909
-7.21407
39.5245
17.9172
-9.07494
36.4553
16.3304
-5.18718
16.5416
7.06789
-3.72398
7.56747
3.26216
8.03845
72.9901
37.2566
8.88426
65.1987
33.7825
6.91991
39.4551
20.9523
6.17298
27.2148
15.005
5.25177
16.1695
9.46061
3.83574
7.48262
4.62204
-5.62759
103.924
49.2257
-4.40628
67.2039
31.8711
-4.9658
61.3548
29.1743
-4.06918
36.4476
17.3791
-3.58883
26.0394
12.5453
-2.18739
11.4956
6.15749
4.26713
83.0452
41.3646
4.87323
75.8659
38.2325
4.71517
56.8024
29.2315
3.69137
33.7876
18.0487
3.85384
22.0193
12.6796
3.15002
9.63819
6.07035
-2.91151
3.00047
1.8617
-1.36629
5.73134
2.57932
