-0.797334
11.3084
3.77442
2.33711
16.9631
6.53576
0.150059
0.0819214
0.0326098
-0.0307184
-0.0167845
-0.00166807
-1.62146
11.8913
3.77523
1.09728
17.8369
6.53451
0.0259385
-0.00731125
-0.00563514
-0.124186
0.0663902
0.0365584
-1.59126
18.5695
6.12102
-1.57683
14.4975
4.68385
-1.87948
13.0523
4.10944
-0.979214
5.0483
1.46404
-0.957391
3.55703
1.00037
-0.533418
1.24776
0.295067
3.12008
18.5636
7.27471
3.08676
14.4865
5.81282
2.19588
7.89667
3.30104
3.25888
8.20948
3.7956
2.09967
3.52559
1.8098
1.31416
1.27967
0.920034
-3.23938
19.728
6.12781
-3.19224
15.6267
4.70566
-3.39894
12.8279
3.75268
-1.98413
5.84395
1.61267
-2.05073
4.29139
1.15677
-1.40621
1.498
0.632348
1.47222
19.7127
7.26968
1.49307
15.5815
5.78982
1.05626
8.63237
3.23102
1.56612
9.42525
3.64094
1.14063
4.10689
1.6404
0.480143
1.1938
0.455537
1.13564
33.9252
12.1987
-0.247885
0.523534
0.123289
-2.41676
23.2006
7.55047
0.829761
0.576282
0.454499
4.57614
46.3996
17.4258
0.0697638
-0.0714696
0.0949522
0.321146
0.0958696
-0.0964207
-0.314262
0.0578647
-0.0934323
-0.88884
23.7821
8.13216
-0.885346
0.727174
0.606609
0.312385
0.590413
0.170551
-0.0755764
-0.0214949
0.066231
-1.59386
20.5976
6.83875
-1.58492
16.5359
5.39938
-1.55231
12.4714
3.9815
-1.50074
8.47581
2.6097
-1.12465
5.03792
1.45338
-0.771389
2.28638
0.62555
3.11882
20.5947
8.0005
3.11162
16.5285
6.54143
3.03654
12.4695
5.09058
2.80093
8.58374
3.73221
2.36508
4.98948
2.39577
1.76218
2.26354
1.30324
-4.86433
32.6434
10.2628
-3.22512
17.6818
5.41391
-3.13366
13.5602
4.02206
-2.33797
7.68767
2.19646
-2.358
5.95076
1.60436
-1.69806
2.78915
0.819608
1.46591
21.7551
7.99888
1.48181
17.6542
6.52954
1.4961
13.5003
5.05195
1.32765
9.52627
3.60259
1.21021
5.78214
2.26084
1.00934
2.61893
1.08642
-9.64278
76.6086
24.4922
-11.8799
75.3586
23.4234
-8.81524
42.622
12.8448
-4.87882
18.3316
5.08395
-5.94617
15.8311
4.14296
-3.56456
4.97065
1.34997
9.13874
76.5623
29.0764
9.05465
60.174
23.1731
6.93369
35.8689
14.1787
8.93072
33.6102
13.9073
6.14194
15.5211
6.7174
3.5358
5.92683
2.88363
-5.28499
118.325
40.19
-5.01572
93.6119
31.4594
-5.11849
76.6329
25.6388
-4.1319
45.8321
15.2261
-2.58387
24.8662
8.36163
-0.813095
5.93325
2.50144
4.54873
111.394
40.2068
3.72422
72.4172
26.3055
4.21302
62.7424
22.9566
3.99588
44.4312
17.0377
3.33101
20.7903
8.4137
2.45451
6.79784
3.08257
1.39103
2.36055
0.847115
-0.578561
1.07864
0.59117
-0.265743
92.8016
32.5328
2.8429
2.95382
1.05331
-0.0446527
-0.234414
-0.173303
-1.59602
1.53999
0.594814
-8.45311
74.1361
23.9397
-9.59715
68.4525
21.6139
-9.34215
52.1201
15.9637
-11.8023
48.4949
14.2131
-6.82537
22.1671
5.9462
-4.95656
10.2644
2.67156
10.2926
95.2885
35.996
11.3876
85.4716
32.6372
8.90281
52.035
20.2487
8.03128
36.1664
14.5238
6.91147
21.7113
9.17502
5.12495
10.1332
4.57192
-5.54977
135.996
46.3694
-4.32471
88.3293
29.8834
-4.81586
81.1312
27.1917
-3.93205
48.5817
16.0659
-3.30863
34.9365
11.5179
-1.72121
15.6936
5.68527
3.97943
108.129
38.963
4.54257
99.1709
35.8454
4.38904
74.7212
27.2375
3.39725
44.7988
16.7238
3.59845
29.6261
11.6352
2.97742
13.0882
5.55104
-3.40454
4.21113
1.68176
-1.6357
7.61993
2.29855
