-1.18916
14.7689
3.30658
2.81698
22.1545
6.17341
0.185967
0.101405
0.0459413
-0.0490601
-0.0191023
-0.00948656
-1.96066
15.5775
3.30808
1.65506
23.3661
6.17229
0.0423944
-0.00554178
-0.0140607
-0.147432
0.0800995
0.0466652
-2.37531
24.2717
5.27895
-2.35583
18.9806
3.94856
-2.82126
17.1318
3.34562
-1.47877
6.66308
1.1034
-1.48643
4.72279
0.697383
-0.863791
1.66843
0.159204
3.7594
24.2644
6.87708
3.7206
18.9646
5.49794
2.65
10.3557
3.13797
3.93239
10.8288
3.6236
2.53823
4.66278
1.761
1.59357
1.67476
0.9767
-3.91624
25.8749
5.28737
-3.85624
20.5259
3.97652
-4.10015
16.8917
3.09191
-2.39378
7.69322
1.29199
-2.45593
5.67048
0.89483
-1.66382
2.00647
0.567391
2.21994
25.8535
6.87117
2.2462
20.4676
5.47086
1.59909
11.3675
3.05077
2.39497
12.4357
3.42817
1.72606
5.45067
1.54794
0.753083
1.62615
0.449348
1.02777
44.3076
11.1353
-0.429581
0.705735
0.0655002
-3.14669
30.3479
6.61596
1.01369
0.733833
0.506306
5.95829
60.6943
16.4588
0.0193668
-0.108482
0.106777
0.420651
0.133125
-0.109731
-0.40676
0.0887011
-0.11043
-0.857372
31.1542
7.42369
-1.04593
0.982392
0.636672
0.509433
0.840663
0.140132
-0.06578
-0.0273568
0.0704841
-2.37762
26.9096
5.94866
-2.36812
21.6278
4.60913
-2.32287
16.3457
3.30664
-2.23361
11.1541
2.05972
-1.72307
6.66797
1.06381
-1.21617
3.04598
0.412804
3.75851
26.9066
7.56104
3.74927
21.6173
6.18494
3.66179
16.3393
4.82014
3.38164
11.2734
3.56459
2.85647
6.59065
2.30098
2.1329
2.99245
1.30547
-5.88175
42.7861
8.92914
-3.89756
23.2079
4.62662
-3.78374
17.8307
3.35845
-2.82349
10.1331
1.77306
-2.83277
7.84585
1.25398
-2.02453
3.6969
0.657287
2.21123
28.5143
7.55942
2.23288
23.1702
6.17118
2.24717
17.7556
4.77371
2.02301
12.5602
3.40129
1.8408
7.6437
2.13021
1.52194
3.50614
1.03479
-12.5565
100.31
21.126
-15.479
98.8173
19.7581
-11.4897
56.0312
10.5061
-6.37373
24.1502
3.93833
-7.79734
20.9376
2.98744
-4.71313
6.61549
0.943585
11.8998
100.254
27.4805
11.7935
78.9231
21.8993
9.05684
47.1257
13.4436
11.7194
44.3732
13.1434
8.09486
20.5448
6.41784
4.74256
7.81442
2.98504
-5.08226
155.185
36.4754
-4.76647
122.958
28.3228
-4.75737
100.916
22.836
-3.82989
60.3777
13.4727
-2.04995
32.9206
7.29382
-0.340933
8.01921
2.25759
4.12082
145.602
36.49
3.37612
94.8107
23.6805
3.79268
82.3309
20.4197
3.51499
58.6234
14.9666
3.04879
27.55
7.32427
2.25375
8.96825
2.70986
1.23767
3.03154
0.709714
-0.501332
1.50922
0.491692
-0.346901
121.391
29.6996
3.84831
3.88299
1.08714
-0.027232
-0.309888
-0.158362
-2.1059
2.06346
0.529288
-11.006
97.0173
20.8269
-12.4992
89.6938
18.455
-12.1729
68.4191
13.2788
-15.3915
63.8516
11.3297
-8.92823
29.2504
4.43497
-6.51784
13.6087
1.88514
13.4025
124.704
34.0165
14.8279
111.999
30.8427
11.6035
68.3151
19.1463
10.5108
47.5977
13.7568
9.08671
28.6884
8.71087
6.78679
13.4284
4.46008
-5.3519
178.251
42.2188
-4.13731
115.932
27.0207
-4.5271
106.683
24.3619
-3.69229
64.0533
14.2014
-2.87428
46.1187
10.0717
-1.07291
20.8956
5.01683
3.60355
141.269
35.474
4.1171
129.708
32.4097
3.97658
97.9264
24.3936
3.01471
58.8587
14.8512
3.26558
39.1885
10.1703
2.74515
17.3612
4.82754
-4.00969
5.68467
1.43635
-1.98636
10.0354
1.91264
