-1.28872
15.6305
3.18629
2.93962
23.4469
6.07136
0.19446
0.105993
0.0491223
-0.0534338
-0.0196688
-0.0113573
-2.04554
16.4911
3.18797
1.79948
24.7365
6.0702
0.0463359
-0.00512359
-0.0161142
-0.152787
0.0832129
0.049078
-2.57424
25.6837
5.06429
-2.55232
20.0815
3.76268
-3.05613
18.1214
3.15361
-1.60174
7.05043
1.01351
-1.61445
4.99852
0.622917
-0.942959
1.76644
0.126317
3.92275
25.6759
6.76513
3.88195
20.0639
5.40956
2.76422
10.9532
3.09215
4.09852
11.4553
3.57405
2.64428
4.93206
1.74555
1.66
1.7672
0.988822
-4.0855
27.3894
5.07325
-4.02143
21.7226
3.79255
-4.27297
17.8725
2.92656
-2.49308
8.13468
1.21282
-2.5518
5.99464
0.830648
-1.72395
2.12347
0.55136
2.41333
27.3665
6.75879
2.4398
21.6611
5.38098
1.73671
12.0286
2.99988
2.60168
13.1524
3.36729
1.8697
5.76705
1.52125
0.819222
1.72704
0.446564
1.00102
46.8924
10.8528
-0.472953
0.747773
0.0515629
-3.33083
32.1232
6.37569
1.05717
0.770356
0.517974
6.3136
64.2449
16.1864
0.0069953
-0.117453
0.109624
0.444338
0.141983
-0.112957
-0.428543
0.0958303
-0.114345
-0.846356
32.9814
7.2355
-1.08328
1.04035
0.643507
0.55683
0.89864
0.131966
-0.0632389
-0.028905
0.0713942
-2.57671
28.4774
5.72076
-2.56637
22.884
4.40855
-2.51624
17.2919
3.13664
-2.41577
11.7996
1.92229
-1.86891
7.05607
0.967427
-1.32323
3.22444
0.360884
3.922
28.4742
7.4372
3.91202
22.8724
6.08475
3.82028
17.2843
4.74425
3.52645
11.9226
3.51691
2.97635
6.97187
2.2731
2.22178
3.16406
1.30348
-6.13637
45.2934
8.58777
-4.06539
24.5641
4.42702
-3.94488
18.8682
3.19181
-2.94241
10.7196
1.66773
-2.94618
8.29448
1.16778
-2.1012
3.90864
0.617648
2.40417
30.1852
7.43549
2.4266
24.524
6.07015
2.43927
18.7895
4.69521
2.19774
13.2886
3.34401
1.9968
8.08463
2.09279
1.64675
3.71375
1.0193
-13.2905
106.164
20.268
-16.3816
104.563
18.8326
-12.1541
59.2764
9.92024
-6.73961
25.5435
3.65403
-8.24182
22.1416
2.70426
-4.98664
6.99589
0.845731
12.6089
106.105
27.031
12.4935
83.5139
21.5414
9.59296
49.8532
13.2368
12.4114
46.9423
12.9253
8.5721
21.7306
6.32997
5.03341
8.25508
3.00368
-5.01266
164.267
35.4961
-4.68578
130.125
27.5028
-4.64933
106.777
22.1086
-3.74181
63.8429
13.0211
-1.90801
34.8131
7.02021
-0.222429
8.50104
2.19411
4.01608
154.071
35.5105
3.29296
100.307
22.9947
3.69212
87.0844
19.7611
3.39616
62.0185
14.4343
2.97974
29.1473
7.0465
2.20326
9.47246
2.61566
1.19886
3.18487
0.675914
-0.481232
1.60651
0.466731
-0.360735
128.492
28.9472
4.0894
4.09767
1.0923
-0.0231051
-0.328704
-0.154505
-2.2268
2.18286
0.513723
-11.6497
102.687
20.0299
-13.229
94.9199
17.6537
-12.8795
72.389
12.6035
-16.2792
67.543
10.6108
-9.43687
30.9327
4.06207
-6.89082
14.3913
1.69388
14.2019
131.992
33.4585
15.7094
118.525
30.338
12.2906
72.2807
18.8366
11.1309
50.3487
13.5389
9.62234
30.3451
8.57757
7.19007
14.2014
4.42261
-5.28307
188.697
41.1204
-4.0744
122.705
26.2692
-4.43715
112.889
23.625
-3.6214
67.7647
13.7182
-2.75392
48.7642
9.70026
-0.906571
22.1084
4.84519
3.51091
149.5
34.5508
4.01384
137.24
31.5081
3.87848
103.592
23.6535
2.92162
62.2488
14.3678
3.18461
41.4619
9.79518
2.6876
18.3639
4.64388
-4.15067
6.02196
1.37638
-2.07236
10.6168
1.81557
