-1.48991
17.3489
2.94274
3.1881
26.0244
5.85198
0.210828
0.114812
0.055267
-0.0618938
-0.0207818
-0.0149778
-2.21535
18.3063
2.94478
2.0946
27.4594
5.85061
0.0539819
-0.004328
-0.020147
-0.162916
0.0890247
0.0537702
-2.97578
28.4904
4.63238
-2.94742
22.2577
3.39091
-3.52486
20.0621
2.77113
-1.84507
7.8043
0.835532
-1.8648
5.53007
0.477028
-1.09668
1.9535
0.0626338
4.25368
28.4809
6.52447
4.20815
22.2363
5.21996
2.99343
12.1261
2.99376
4.42768
12.6722
3.46624
2.85167
5.45156
1.71035
1.78846
1.9442
1.01033
-4.4239
30.3867
4.64256
-4.35068
24.077
3.42511
-4.61537
19.786
2.59823
-2.6876
8.98938
1.05725
-2.73657
6.61517
0.705347
-1.83881
2.34372
0.520271
2.80823
30.3605
6.51703
2.83359
24.0092
5.18773
2.01416
13.3198
2.89041
3.01404
14.5375
3.23538
2.15314
6.37348
1.46317
0.948593
1.91904
0.439336
0.947592
52.0475
10.2681
-0.556921
0.827471
0.0246781
-3.70115
35.6571
5.88927
1.14091
0.839885
0.539577
7.03628
71.3125
15.6007
-0.0173618
-0.134954
0.115221
0.490161
0.159113
-0.119338
-0.470354
0.109304
-0.1217
-0.820288
36.6116
6.84585
-1.15453
1.1483
0.656723
0.64905
1.00832
0.114861
-0.0580858
-0.0321316
0.0730406
-2.97888
31.5998
5.26075
-2.96593
25.3749
4.00621
-2.90379
19.1559
2.79753
-2.77853
13.0597
1.64971
-2.15551
7.80757
0.777621
-1.53178
3.5669
0.259733
4.25327
31.5957
7.17085
4.24153
25.3606
5.86965
4.13987
19.1458
4.58147
3.81543
13.1912
3.41386
3.21219
7.71006
2.21182
2.39462
3.49388
1.2961
-6.64573
50.2664
7.89887
-4.40057
27.2406
4.02695
-4.26529
20.9016
2.8601
-3.17703
11.8588
1.45951
-3.16618
9.1578
0.998826
-2.24824
4.31161
0.540631
2.79837
33.499
7.16885
2.82146
27.1957
5.8529
2.82878
20.8159
4.52634
2.54802
14.7048
3.22025
2.30634
8.93353
2.01171
1.89173
4.10983
0.984859
-14.7652
117.774
18.5419
-18.1899
115.893
16.9831
-13.4769
65.6244
8.75597
-7.46093
28.2489
3.09295
-9.10668
24.4541
2.15088
-5.5158
7.71628
0.657477
14.0502
117.707
26.0644
13.912
92.5656
20.7732
10.6713
55.1927
12.7928
13.7873
51.9199
12.4532
9.51167
24.0099
6.13709
5.60059
9.09554
3.03195
-4.84928
182.239
33.4789
-4.50118
144.225
25.8231
-4.41123
118.212
20.6263
-3.55005
70.5419
12.1058
-1.61417
38.4349
6.46813
0.014288
9.41088
2.06511
3.8088
170.904
33.4932
3.13128
111.169
21.5905
3.49686
96.4075
18.4191
3.16026
68.6135
13.3572
2.84395
32.2245
6.48781
2.10258
10.4333
2.42771
1.12121
3.47394
0.609778
-0.440359
1.78686
0.417137
-0.380413
142.627
27.3897
4.55791
4.50417
1.09791
-0.0152845
-0.366306
-0.146764
-2.4601
2.40648
0.484644
-12.9439
113.954
18.4212
-14.6936
105.257
16.0469
-14.2907
80.1886
11.2578
-18.0412
74.7303
9.18694
-10.4316
34.1806
3.32937
-7.61398
15.8863
1.32253
15.8275
146.473
32.2583
17.4987
131.432
29.2538
13.6793
80.0721
18.172
12.3702
55.7092
13.0684
10.6822
33.5432
8.28818
7.98033
15.6805
4.33498
-5.12061
209.413
38.8517
-3.92813
136.07
24.7254
-4.235
125.05
22.12
-3.46626
74.9749
12.7348
-2.4988
53.853
8.94914
-0.569544
24.4159
4.4988
3.32669
165.89
32.6443
3.81073
152.171
29.6567
3.68851
114.748
22.1424
2.7388
68.8693
13.3867
3.02575
45.8596
9.03808
2.57375
20.287
4.2758
-4.41973
6.65485
1.26032
-2.24218
11.7493
1.62211
