-1.69377
19.0596
2.69615
3.44047
28.5902
5.61104
0.226353
0.123151
0.0610967
-0.0699507
-0.0218638
-0.0184236
-2.38501
20.1026
2.69856
2.3979
30.154
5.60934
0.061293
-0.00359563
-0.0240731
-0.172262
0.094263
0.058292
-3.38209
31.272
4.19902
-3.34514
24.3984
3.02118
-3.99183
21.9498
2.39303
-2.08463
8.52982
0.661174
-2.10716
6.03475
0.336406
-1.24396
2.12863
0.002375
4.58979
31.2602
6.26023
4.53856
24.3725
5.01229
3.22335
13.2687
2.88591
4.75224
13.8399
3.34617
3.05248
5.94536
1.6691
1.91086
2.11072
1.028
-4.76178
33.3363
4.21064
-4.67802
26.3745
3.06037
-4.95307
21.6311
2.27518
-2.87646
9.80432
0.906581
-2.91177
7.19676
0.585335
-1.9464
2.54476
0.491075
3.21371
33.3067
6.25134
3.23585
26.3009
4.97557
2.29427
14.5669
2.77017
3.42446
15.8546
3.0893
2.43096
6.94305
1.39852
1.07382
2.09734
0.429782
0.893983
57.1797
9.6572
-0.637009
0.90136
-0.000585316
-4.07393
39.1644
5.39682
1.22024
0.90478
0.558735
7.77426
78.3268
14.9573
-0.0411205
-0.151782
0.120718
0.533853
0.175445
-0.12567
-0.509751
0.12168
-0.128372
-0.788759
40.204
6.43862
-1.22117
1.24508
0.669655
0.737611
1.10919
0.0966577
-0.0528751
-0.0355528
0.0744691
-3.38626
34.7023
4.79705
-3.36942
27.8352
3.60435
-3.29212
20.9803
2.46158
-3.13891
14.2776
1.38197
-2.43497
8.52564
0.593213
-1.73254
3.88998
0.163108
4.58975
34.697
6.87821
4.57594
27.8176
5.63379
4.46251
20.9676
4.40321
4.10314
14.4192
3.29991
3.44241
8.41536
2.14275
2.56064
3.80574
1.28393
-7.15466
55.1754
7.20465
-4.73471
29.8644
3.62778
-4.58288
22.8754
2.53249
-3.40711
12.9503
1.25603
-3.37674
9.97348
0.835929
-2.3867
4.68587
0.467542
3.20341
36.7702
6.87576
3.22593
29.815
5.61427
3.22498
22.7832
4.34087
2.89897
16.0632
3.08365
2.61212
9.73624
1.9219
2.13004
4.47916
0.945598
-16.2479
129.238
16.8101
-20.0009
126.993
15.1458
-14.7905
71.7728
7.60908
-8.1675
30.8417
2.546
-9.93815
26.635
1.61969
-6.02028
8.38122
0.481518
15.5209
129.161
25.0029
15.3539
101.432
19.9316
11.7564
60.3705
12.3062
15.1507
56.6744
11.931
10.4299
26.1617
5.92022
6.14739
9.87986
3.04751
-4.65329
199.923
31.3855
-4.28548
157.984
24.0939
-4.14408
129.241
19.1115
-3.33762
76.9154
11.1777
-1.30765
41.8286
5.91226
0.249844
10.2453
1.9342
3.60342
187.583
31.4003
2.97525
121.849
20.1457
3.30913
105.478
17.0471
2.92637
74.9432
12.2673
2.71136
35.1436
5.92764
2.0027
11.3309
2.24169
1.04393
3.73998
0.546218
-0.398858
1.94721
0.368341
-0.389673
156.656
25.7623
5.00737
4.8794
1.09671
-0.00817198
-0.403882
-0.139093
-2.68174
2.60916
0.459176
-14.2462
125.112
16.7996
-16.1638
115.428
14.4429
-15.6981
87.7901
9.92669
-19.7839
81.6451
7.79166
-11.3951
37.2673
2.61995
-8.30563
17.2846
0.969878
17.4873
160.812
30.9395
19.3213
144.13
28.0647
15.0858
87.666
17.4439
13.6068
60.8727
12.5494
11.7251
36.5815
7.96696
8.74758
17.0676
4.22953
-4.92464
229.864
36.4889
-3.75434
149.171
23.1297
-4.0032
136.853
20.5768
-3.29354
81.8847
11.7315
-2.22476
58.6581
8.19017
-0.227604
26.5581
4.15028
3.14292
182.174
30.6588
3.61128
166.917
27.7436
3.50638
125.664
20.5935
2.56032
75.2719
12.3892
2.8709
50.0553
8.27508
2.46181
22.0995
3.90883
-4.67144
7.22973
1.15124
-2.40893
12.8389
1.43068
