-1.90005
20.7607
2.44752
3.69594
31.1413
5.34757
0.241032
0.131017
0.0665889
-0.0775918
-0.022909
-0.0216842
-2.55417
21.876
2.4503
2.70876
32.8145
5.34538
0.0682554
-0.00293448
-0.0278861
-0.180831
0.0989189
0.0626551
-3.79267
34.0254
3.76632
-3.74498
26.5016
2.65562
-4.45642
23.7836
2.02174
-2.32016
9.22692
0.491696
-2.34127
6.51285
0.202274
-1.38461
2.29214
-0.0538316
4.93003
34.0107
5.97128
4.87224
26.4705
4.78569
3.45338
14.3804
2.76811
5.07148
14.9585
3.21327
3.24637
6.41369
1.62151
2.02708
2.26708
1.04165
-5.09845
36.2318
3.77959
-5.00285
28.6105
2.70046
-5.28554
23.4041
1.95954
-3.05941
10.5778
0.762037
-3.07727
7.73818
0.471806
-2.04675
2.72602
0.46438
3.62892
36.1989
5.96063
3.64571
28.5314
4.74369
2.57647
15.7672
2.63875
3.83217
17.101
2.9286
2.70265
7.47464
1.3271
1.19465
2.26149
0.417817
0.839773
62.2825
9.02046
-0.713116
0.969633
-0.0239284
-4.44858
42.6393
4.90031
1.29511
0.965224
0.57534
8.52565
85.276
14.2536
-0.0642031
-0.167855
0.126146
0.57538
0.190979
-0.132003
-0.546707
0.132935
-0.134314
-0.751833
43.7507
6.01413
-1.28331
1.33037
0.68266
0.82234
1.20093
0.0773067
-0.0476489
-0.0391847
0.0756996
-3.79836
37.7813
4.33172
-3.77631
30.2626
3.20511
-3.68072
22.764
2.13084
-3.49646
15.4529
1.12094
-2.70699
9.2104
0.415663
-1.92528
4.19401
0.0719458
4.9304
37.7742
6.55805
4.91426
30.2411
5.3762
4.78734
22.7485
4.20876
4.38891
15.6061
3.1745
3.66657
9.08789
2.06554
2.71962
4.09992
1.26673
-7.66212
60.0101
6.50817
-5.06715
32.4299
3.23164
-4.8971
24.7855
2.21102
-3.6323
13.9919
1.05875
-3.57762
10.7398
0.680508
-2.51653
5.03056
0.399291
3.61846
39.9917
6.555
3.63915
32.3764
5.3533
3.62703
24.6873
4.1381
3.24991
17.3612
2.93371
2.91358
10.4912
1.82309
2.36125
4.82094
0.901343
-17.7363
140.537
15.0812
-21.8118
137.848
13.3313
-16.093
77.7133
6.4871
-8.85843
33.3189
2.01732
-10.7354
28.6822
1.1156
-6.49965
8.99032
0.320176
17.0172
140.449
23.8421
16.8157
110.099
19.0131
12.846
65.3795
11.7748
16.4986
61.2002
11.3567
11.3252
28.184
5.67846
6.673
10.6075
3.0498
-4.42516
217.283
29.2191
-4.03942
171.373
22.319
-3.84898
139.84
17.5687
-3.10518
82.9507
10.2403
-0.989523
44.9871
5.35543
0.48336
11.0021
1.80231
3.39829
204.091
29.2348
2.82371
132.337
18.6634
3.12805
114.292
15.6494
2.69368
81.0074
11.169
2.58174
37.9061
5.36884
1.90388
12.1676
2.05895
0.96741
3.98414
0.48584
-0.357044
2.08689
0.320719
-0.389213
170.554
24.0663
5.43718
5.22331
1.08823
-0.00189919
-0.441425
-0.131605
-2.89163
2.79066
0.438203
-15.5546
136.142
15.1723
-17.6373
125.417
12.8501
-17.0995
95.1827
8.61835
-21.5048
88.279
6.4348
-12.3262
40.1896
1.93965
-8.96515
18.5852
0.639695
19.177
174.985
29.4965
21.1726
156.598
26.7659
16.5068
95.0515
16.6497
14.8381
65.8328
11.9798
12.7492
39.4568
7.61272
9.49066
18.3614
4.10551
-4.69558
250.003
34.0345
-3.55352
161.978
21.485
-3.74263
148.272
18.9995
-3.10399
88.4801
10.7116
-1.93271
63.1701
7.42666
0.118043
28.5305
3.80175
2.95813
198.334
28.5967
3.41394
181.462
25.7723
3.33089
136.332
19.0109
2.38556
81.4547
11.3786
2.71955
54.05
7.50954
2.35184
23.8037
3.54512
-4.90601
7.74541
1.05094
-2.57239
13.8838
1.24245
