-2.00397
21.6067
2.3227
3.82449
32.4099
5.2072
0.248058
0.134777
0.0692039
-0.081256
-0.0234161
-0.0232437
-2.63841
22.7529
2.32566
2.8667
34.13
5.2047
0.0716043
-0.00263228
-0.0297491
-0.184832
0.10103
0.0647816
-3.99931
35.3903
3.55077
-3.94547
27.5386
2.47495
-4.6876
24.6801
1.83928
-2.43634
9.56495
0.409109
-2.45521
6.74221
0.137943
-1.45244
2.36974
-0.0802643
5.10124
35.374
5.81733
5.0399
27.5046
4.66513
3.56819
14.9246
2.70538
5.22886
15.4995
3.1419
3.34064
6.63856
1.59529
2.08287
2.34161
1.04694
-5.26604
37.6573
3.56494
-5.16407
29.7041
2.52285
-5.44963
24.2628
1.80502
-3.1486
10.9488
0.692353
-3.1564
7.99374
0.417761
-2.09428
2.80923
0.452125
3.83975
37.6227
5.80569
3.85309
29.6224
4.6202
2.71811
16.3492
2.56878
4.03474
17.6974
2.8427
2.83606
7.72613
1.28882
1.25338
2.33825
0.410921
0.812289
64.8202
8.69264
-0.749678
1.00177
-0.0348078
-4.63633
44.3623
4.65106
1.33088
0.993868
0.582668
8.90548
88.7217
13.8787
-0.0754741
-0.175589
0.128841
0.595337
0.198453
-0.135183
-0.564279
0.138143
-0.137002
-0.731413
45.5044
5.79556
-1.31275
1.3687
0.689288
0.863241
1.24337
0.0671952
-0.0450424
-0.0410819
0.0762476
-4.00592
39.3104
4.09899
-3.98079
31.4631
3.00703
-3.87492
23.6402
1.96796
-3.67403
16.0247
0.993411
-2.84015
9.54055
0.329826
-2.01862
4.33912
0.0286414
5.10183
39.3023
6.38741
5.08444
31.4393
5.23906
4.95019
23.6232
4.1053
4.53078
16.1843
3.10736
3.77624
9.41212
2.02382
2.79644
4.2406
1.25621
-7.91485
62.396
6.15991
-5.23247
33.6892
3.03526
-5.05272
25.7156
2.0531
-3.74296
14.4935
0.962811
-3.67441
11.1044
0.605944
-2.57825
5.1918
0.367201
3.82931
41.5816
6.38401
3.84862
33.6337
5.21426
3.82987
25.6146
4.03011
3.42511
17.9871
2.85367
3.06251
10.8506
1.77028
2.47409
4.98148
0.877323
-18.4815
146.119
14.2201
-22.7161
143.178
12.4355
-16.7394
80.6041
5.93736
-9.19779
34.514
1.76085
-11.1212
29.656
0.874907
-6.72996
9.27428
0.245543
17.7732
146.025
23.2236
17.5524
114.354
18.5245
13.3914
67.8193
11.492
17.1657
63.3773
11.0497
11.7638
29.1469
5.54809
6.92771
10.9504
3.04587
-4.29947
225.829
28.1095
-3.90549
177.922
21.4156
-3.69155
144.973
16.7881
-2.98185
85.84
9.76899
-0.826548
46.4779
5.07743
0.599097
11.3514
1.73625
3.2952
212.273
28.1259
2.74912
137.506
17.9092
3.03954
118.602
14.942
2.57745
83.9413
10.6178
2.51786
39.2303
5.09069
1.8549
12.5642
1.96914
0.929523
4.09855
0.456986
-0.336114
2.14896
0.297443
-0.385673
177.446
23.1931
5.64466
5.38377
1.08116
0.000889896
-0.460177
-0.12796
-2.99223
2.87359
0.429621
-16.2101
141.603
14.3584
-18.3743
130.338
12.0602
-17.7972
98.798
7.97483
-22.3561
91.4896
5.77326
-12.7794
41.5893
1.61187
-9.28286
19.1993
0.483936
20.0311
182.001
28.7275
22.107
162.74
26.0744
17.2213
98.6634
16.2272
15.4507
68.2358
11.6756
13.2536
40.8334
7.42302
9.85288
18.9736
4.03642
-4.56904
259.943
32.7739
-3.44336
168.264
20.6453
-3.60208
153.832
18.1991
-3.00327
91.6576
10.1964
-1.78038
65.3154
7.04412
0.291845
29.4529
3.62806
2.86481
206.358
27.5376
3.31544
188.654
24.7659
3.24508
141.57
18.208
2.29927
84.4641
10.8694
2.6449
55.9736
7.1267
2.29752
24.6166
3.36504
-5.01703
7.98121
1.00454
-2.65282
14.3891
1.14984
