-2.31795
24.1207
1.94731
4.21121
36.1795
4.75129
0.267927
0.145399
0.0765178
-0.091638
-0.0248661
-0.0276409
-2.88892
25.3375
1.95082
3.34839
38.0074
4.74771
0.0811293
-0.00184232
-0.0351633
-0.195765
0.106532
0.0709656
-4.62285
39.4309
2.90943
-4.54766
30.5879
1.94338
-5.37536
27.2889
1.30682
-2.77823
10.5384
0.171103
-2.7847
7.39376
-0.043133
-1.64628
2.58723
-0.152417
5.6164
39.4089
5.31728
5.54347
30.5443
4.27413
3.91034
16.5103
2.50159
5.69065
17.0528
2.90794
3.61247
7.27806
1.50685
2.24111
2.55181
1.05666
-5.76412
41.8357
2.92657
-5.64148
32.8822
2.00126
-5.93216
26.726
1.35645
-3.40684
11.9991
0.494555
-3.37966
8.70119
0.267404
-2.22679
3.03011
0.420246
4.4822
41.7961
5.3023
4.48229
32.7936
4.21947
3.1437
18.022
2.34183
4.63586
19.3805
2.56311
3.22608
8.42468
1.16389
1.42277
2.54777
0.386632
0.727522
72.3612
7.67276
-0.853582
1.09094
-0.064055
-5.19953
49.4613
3.9015
1.43173
1.07408
0.600767
10.0558
98.9186
12.6609
-0.108165
-0.197508
0.136884
0.652073
0.219754
-0.144828
-0.613502
0.15216
-0.143926
-0.662877
50.6732
5.11544
-1.39499
1.467
0.710063
0.980134
1.35733
0.0351462
-0.0373023
-0.0470932
0.0776597
-4.63281
43.8472
3.40267
-4.5967
35.0066
2.42097
-4.45579
26.2051
1.49115
-4.20099
17.6779
0.624436
-3.22825
10.4844
0.0852978
-2.28683
4.74878
-0.091444
5.61761
43.8354
5.83298
5.59631
34.9753
4.79401
5.43813
26.1834
3.76979
4.95082
17.8587
2.8879
4.09498
10.3389
1.88607
3.01618
4.63872
1.21689
-8.66642
69.4113
5.11816
-5.72315
37.3658
2.45483
-5.5124
28.4033
1.59231
-4.06657
15.922
0.686944
-3.95027
12.1244
0.395902
-2.75113
5.63221
0.279771
4.4722
46.2562
5.82835
4.48565
37.3053
4.76276
4.44314
28.295
3.67964
3.9481
19.7717
2.59339
3.50133
11.8578
1.59838
2.80134
5.42276
0.797791
-20.7144
162.56
11.6581
-25.4163
158.759
9.80265
-18.6549
88.9561
4.33959
-10.1904
37.9278
1.02637
-12.2278
32.3857
0.202016
-7.38446
10.0479
0.0474704
20.0616
162.445
21.2147
19.7758
126.789
16.9402
15.0238
74.8775
10.5746
19.1347
69.5714
10.05
13.0418
31.849
5.1192
7.6595
11.899
3.01378
-3.87932
250.878
24.6807
-3.46379
196.953
18.6464
-3.1837
159.703
14.415
-2.58594
93.9988
8.34858
-0.32458
50.6044
4.24805
0.941137
12.2859
1.53871
2.98038
236.491
24.6997
2.52707
152.7
15.5983
2.77922
131.145
12.7906
2.22708
92.366
8.9605
2.32859
42.9883
4.26393
1.70951
13.6749
1.70708
0.817587
4.41452
0.376166
-0.273645
2.30511
0.230102
-0.36398
197.84
20.4765
6.23777
5.82164
1.0485
0.00776482
-0.516274
-0.117539
-3.27733
3.09262
0.412208
-18.1757
157.729
11.9233
-20.5797
144.783
9.72448
-19.8726
109.311
6.09413
-24.8694
100.699
3.8646
-14.0901
45.5491
0.682699
-10.189
20.9028
0.0567855
22.6174
202.718
26.2286
24.931
180.767
23.8306
19.3714
109.167
14.8578
17.2705
75.1382
10.6858
14.733
44.7261
6.80381
10.9016
20.6772
3.80084
-4.14487
289.166
28.8645
-3.07691
186.615
18.0606
-3.14314
169.896
15.7566
-2.67971
100.708
8.63373
-1.30103
71.3157
5.89691
0.815046
31.972
3.11152
2.57825
230.164
24.2536
3.01712
209.878
21.6691
2.99194
156.899
15.7585
2.04275
93.1715
9.32912
2.42319
61.4641
5.98132
2.13647
26.9096
2.8338
-5.32644
8.60385
0.881776
-2.88847
15.8362
0.879035
