-2.42303
24.9489
1.82211
4.33976
37.4213
4.58785
0.274165
0.148735
0.07878
-0.0949035
-0.0253234
-0.0290158
-2.97139
26.1816
1.82578
3.51081
39.2739
4.58385
0.0841358
-0.00161764
-0.0369104
-0.199076
0.108103
0.0729691
-4.8313
40.7575
2.69784
-4.74813
31.583
1.77003
-5.60228
28.1319
1.13475
-2.8899
10.8499
0.0952323
-2.89054
7.5996
-0.0993614
-1.7078
2.65511
-0.174022
5.78769
40.7334
5.13798
5.71067
31.5357
4.13409
4.02314
17.0234
2.42848
5.84072
17.5483
2.8234
3.69936
7.48029
1.47414
2.2909
2.61781
1.05788
-5.92802
43.1932
2.71604
-5.79806
33.9062
1.83149
-6.08943
27.5095
1.21222
-3.48975
12.3288
0.432498
-3.44953
8.918
0.221342
-2.26778
3.0946
0.411339
4.69869
43.152
5.12178
4.69348
33.8156
4.07592
3.28531
18.555
2.26059
4.83362
19.907
2.46281
3.35257
8.63958
1.11897
1.47699
2.61098
0.377374
0.698262
74.8455
7.32114
-0.886378
1.1185
-0.0726424
-5.38664
51.1338
3.6515
1.46328
1.09911
0.60553
10.4409
102.263
12.2244
-0.118687
-0.204378
0.139556
0.669983
0.226504
-0.148087
-0.628803
0.156326
-0.145857
-0.63781
52.3614
4.88093
-1.42052
1.49449
0.717369
1.01721
1.39107
0.0239139
-0.0347617
-0.0491982
0.0780639
-4.84256
45.3397
3.17163
-4.80225
36.1669
2.22874
-4.6484
27.0385
1.33651
-4.37447
18.209
0.506284
-3.35385
10.7844
0.00832673
-2.37243
4.87744
-0.128089
5.78909
45.3264
5.63414
5.76646
36.1329
4.63453
5.59979
27.0151
3.64962
5.08847
18.3974
2.80873
4.19762
10.6334
1.83601
3.08589
4.76406
1.20123
-8.91386
71.6974
4.77258
-5.88442
38.5558
2.26463
-5.66282
29.2644
1.44334
-4.17149
16.3729
0.599169
-4.03746
12.4407
0.33059
-2.80484
5.7652
0.253678
4.68895
47.7794
5.62905
4.6999
38.4938
4.60093
4.64833
29.1541
3.55411
4.12109
20.336
2.50004
3.64471
12.1707
1.53673
2.90665
5.55698
0.768864
-21.4555
167.929
10.8129
-26.3097
163.812
8.94513
-19.2841
91.6339
3.82531
-10.5126
39.0102
0.793756
-12.5802
33.2347
-0.00531742
-7.59097
10.2813
-0.00972242
20.8273
167.806
20.4945
20.5179
130.82
16.3731
15.5647
77.1433
10.2459
19.7787
71.5274
9.69102
13.4548
32.6904
4.96388
7.89278
12.19
2.99644
-3.72616
259.016
23.5061
-3.30456
203.085
17.7052
-3.00393
164.389
13.6148
-2.44623
96.5529
7.87372
-0.153731
51.8691
3.97377
1.05316
12.5614
1.47331
2.87256
244.44
23.5261
2.45267
157.656
14.8132
2.69319
135.2
12.065
2.10908
95.0544
8.40783
2.26582
44.1744
3.99145
1.66144
14.0214
1.62237
0.780873
4.51188
0.351191
-0.253033
2.34762
0.208547
-0.353766
204.53
19.5399
6.42595
5.95407
1.03384
0.00954386
-0.534892
-0.114261
-3.36708
3.15635
0.409294
-18.8286
163.009
11.1153
-21.3108
149.485
8.95875
-20.5568
112.703
5.48518
-25.6922
103.632
3.25515
-14.5108
46.7926
0.391793
-10.476
21.427
-0.0718301
23.4832
209.5
25.3325
25.8749
186.635
23.0268
20.0873
112.556
14.3676
17.8693
77.3388
10.3304
15.214
45.9477
6.581
11.2385
21.203
3.71306
-3.98988
298.689
27.5207
-2.94388
192.553
17.1785
-2.97904
175.042
14.9298
-2.56551
103.567
8.10816
-1.13476
73.1754
5.51544
0.989438
32.7327
2.94132
2.47967
237.995
23.1248
2.91567
216.826
20.6124
2.90788
161.878
14.9295
1.95737
95.9704
8.81231
2.34939
63.2062
5.60128
2.08313
27.6293
2.6601
-5.42216
8.78473
0.846568
-2.96503
16.2959
0.791294
