-2.52814
25.7713
1.69695
4.46775
38.6542
4.41881
0.280222
0.151976
0.0809565
-0.098077
-0.0257666
-0.0303476
-3.05319
27.016
1.7008
3.67375
40.5259
4.41436
0.087062
-0.00141165
-0.0386296
-0.202234
0.109552
0.0749474
-5.03969
42.0726
2.48749
-4.94816
32.5668
1.59873
-5.8278
28.9619
0.965507
-3.00039
11.1553
0.021156
-2.99445
7.80025
-0.153495
-1.76786
2.72095
-0.194398
5.95824
42.0463
4.95251
5.87707
32.5159
3.9893
4.13506
17.5288
2.35281
5.98865
18.0334
2.73565
3.78436
7.6775
1.43985
2.33926
2.682
1.05811
-6.09054
44.5318
2.50679
-5.95311
34.9121
1.66386
-6.24472
28.2745
1.07071
-3.57105
12.6486
0.37239
-3.51722
9.1258
0.177321
-2.3073
3.15484
0.403311
4.91578
44.489
4.93505
4.9049
34.8196
3.92751
3.42652
19.0759
2.17665
5.02984
20.417
2.3591
3.47725
8.84599
1.0725
1.53011
2.67108
0.367562
0.668384
77.312
6.96396
-0.918315
1.14512
-0.0806464
-5.5731
52.7907
3.4016
1.49385
1.12339
0.609681
10.8257
105.577
11.7728
-0.129023
-0.211027
0.142225
0.687418
0.23309
-0.151372
-0.643589
0.160259
-0.147606
-0.611752
54.0302
4.6427
-1.44519
1.51953
0.724899
1.05337
1.42281
0.0124238
-0.0322463
-0.0513494
0.0784403
-5.05234
46.8206
2.94129
-5.0076
37.3159
2.0382
-4.84026
27.8611
1.18412
-4.54673
18.7303
0.390637
-3.47762
11.0776
-0.0663255
-2.45621
5.00255
-0.163026
5.95982
46.8058
5.42844
5.93587
37.279
4.46961
5.76052
27.8359
3.52537
5.22467
18.9267
2.72659
4.29838
10.9212
1.78392
3.15385
4.88605
1.18433
-9.15927
73.9547
4.42808
-6.04426
39.7272
2.07619
-5.81162
30.108
1.29676
-4.27484
16.8117
0.513519
-4.12235
12.7457
0.267644
-2.85671
5.89169
0.229123
4.90635
49.2836
5.42287
4.91458
39.6639
4.43357
4.85344
29.9958
3.42435
4.29315
20.8853
2.40351
3.78655
12.4726
1.47298
3.01007
5.68513
0.738785
-22.1937
173.238
9.97278
-27.1983
168.791
8.09817
-19.9081
94.2594
3.32048
-10.8302
40.0659
0.567375
-12.9247
34.0552
-0.20409
-7.79197
10.5036
-0.062492
21.5925
173.106
19.7496
21.2586
134.792
15.7868
16.1028
79.3662
9.90601
20.4156
73.4316
9.31961
13.8612
33.504
4.80258
8.12087
12.4695
2.97588
-3.56718
267.04
22.3166
-3.14007
209.108
16.7556
-2.81967
168.965
12.8107
-2.30316
99.0273
7.39847
0.0184373
53.0815
3.70084
1.16407
12.8201
1.40824
2.76278
252.321
22.3376
2.37757
162.555
14.021
2.607
139.191
11.3356
1.99012
97.6864
7.85541
2.20294
45.33
3.72069
1.61348
14.3576
1.53904
0.744453
4.60587
0.327195
-0.232575
2.38572
0.187458
-0.34245
211.157
18.5885
6.60955
6.08034
1.01735
0.0110649
-0.553449
-0.111088
-3.45436
3.21585
0.407845
-19.4791
168.235
10.3098
-22.0385
154.127
8.19994
-21.2364
116.038
4.88557
-26.5067
106.497
2.65944
-14.9236
47.9998
0.110439
-10.7557
21.9309
-0.193529
24.3484
216.212
24.4055
26.8176
192.427
22.1957
20.8011
115.888
13.861
18.4632
79.4907
9.9626
15.6885
47.1334
6.35027
11.569
21.7093
3.6208
-3.82881
308.092
26.1575
-2.80604
198.399
16.2869
-2.81012
180.083
14.0974
-2.44857
106.348
7.58069
-0.965804
74.9681
5.13475
1.16352
33.4562
2.77231
2.37912
245.765
21.9798
2.81265
223.706
19.5443
2.82338
166.792
14.0949
1.87168
98.7194
8.29412
2.27529
64.9075
5.22236
2.02978
28.3289
2.48818
-5.51446
8.95331
0.814257
-3.04053
16.7444
0.70487
