-2.63315
26.587
1.57189
4.59492
39.8773
4.24428
0.286106
0.155127
0.0830492
-0.101163
-0.026195
-0.0316381
-3.1342
27.8402
1.57591
3.83691
41.7623
4.23936
0.0899109
-0.00122373
-0.0403214
-0.205249
0.110886
0.0769027
-5.2478
43.3756
2.27842
-5.14757
33.5393
1.4295
-6.0518
29.779
0.799131
-3.10969
11.4548
-0.0511148
-3.09651
7.99602
-0.205546
-1.82653
2.78493
-0.21356
6.12771
43.3469
4.76099
6.04235
33.4845
3.83986
4.24592
18.0267
2.27461
6.13431
18.5085
2.64476
3.86748
7.86998
1.40402
2.38623
2.74455
1.05737
-6.25147
45.8508
2.29884
-6.10645
35.8996
1.49837
-6.39792
29.0212
0.931908
-3.65074
12.9588
0.314206
-3.58281
9.325
0.135321
-2.34542
3.21105
0.396161
5.13311
45.8064
4.74225
5.1162
35.8054
3.77436
3.56717
19.5847
2.09006
5.22438
20.9109
2.25211
3.60012
9.04428
1.02451
1.58216
2.72822
0.357221
0.637821
79.7588
6.60141
-0.949435
1.1709
-0.0880729
-5.75867
54.4308
3.15189
1.52347
1.147
0.613237
11.2097
108.856
11.3066
-0.139178
-0.217456
0.144891
0.704399
0.239522
-0.154682
-0.657883
0.163973
-0.149175
-0.584784
55.6783
4.40086
-1.46906
1.54225
0.732662
1.08865
1.45267
0.000689367
-0.0297591
-0.0535435
0.0787921
-5.26191
48.2889
2.71171
-5.21252
38.4531
1.84938
-5.03122
28.6727
1.034
-4.71767
19.2423
0.277505
-3.59956
11.3644
-0.138662
-2.53826
5.12437
-0.196272
6.12947
48.2725
5.21603
6.1042
38.4132
4.29935
5.92006
28.6458
3.3971
5.35925
19.4468
2.64152
4.39722
11.2026
1.72985
3.22009
5.00495
1.1662
-9.40236
76.1818
4.08474
-6.20248
40.8795
1.88952
-5.95866
30.9342
1.15256
-4.37658
17.2384
0.429984
-4.20496
13.0398
0.207039
-2.90681
6.01199
0.206091
5.12404
50.7676
5.20997
5.12933
40.815
4.2608
5.05819
30.8203
3.29045
4.46411
21.4201
2.30389
3.92677
12.764
1.40723
3.11164
5.80752
0.707599
-22.9281
178.483
9.13779
-28.0813
173.696
7.26186
-20.5263
96.8332
2.82513
-11.1434
41.0958
0.347208
-13.2616
34.8487
-0.394375
-7.98769
10.7154
-0.110895
22.3557
178.343
18.9805
21.9967
138.705
15.1819
16.6374
81.5465
9.55512
21.045
75.2857
8.93614
14.2608
34.2911
4.63549
8.34387
12.7379
2.9522
-3.40288
274.947
21.1126
-2.97082
215.022
15.7979
-2.63143
173.432
12.003
-2.15706
101.425
6.92297
0.191643
54.2438
3.42936
1.27382
13.0629
1.34355
2.65072
260.128
21.1348
2.30145
167.396
13.2223
2.52031
143.121
10.6028
1.86998
100.264
7.3034
2.13975
46.457
3.45173
1.56558
14.6843
1.45707
0.708314
4.69689
0.304163
-0.212292
2.41964
0.166839
-0.330278
217.716
17.6228
6.7887
6.20087
0.999082
0.0123305
-0.571934
-0.108025
-3.53931
3.27139
0.407849
-20.1264
173.404
9.50686
-22.7622
158.707
7.44817
-21.9106
119.316
4.29533
-27.3124
109.298
2.07746
-15.3286
49.1725
-0.161412
-11.0285
22.4156
-0.308386
25.2115
222.85
23.4482
27.7574
198.142
21.3379
21.5117
119.163
13.3383
19.0515
81.595
9.58278
16.1564
48.2847
6.11184
11.8932
22.1971
3.52419
-3.66217
317.369
24.7756
-2.66382
204.149
15.386
-2.63688
185.02
13.2596
-2.32917
109.054
7.05155
-0.794501
76.6966
4.75498
1.33711
34.1444
2.60456
2.27636
253.468
20.8191
2.70774
230.515
18.4651
2.73804
171.639
13.2549
1.78547
101.42
7.77469
2.20067
66.5702
4.84468
1.9763
29.01
2.31808
-5.60352
9.11033
0.784825
-3.11494
17.1821
0.619769
