-2.84235
28.196
1.32215
4.84572
42.2894
3.87941
0.297388
0.161182
0.0869939
-0.10709
-0.0270052
-0.0341038
-3.29345
29.455
1.32648
4.1627
44.1851
3.87348
0.0953914
-0.00089863
-0.0436261
-0.210889
0.113239
0.0807531
-5.66214
45.9414
1.8642
-5.54369
35.4485
1.09719
-6.49456
31.3753
0.474931
-3.32462
12.037
-0.19028
-3.29531
8.37433
-0.303531
-1.93999
2.90805
-0.248342
6.46205
45.9079
4.36051
6.3683
35.3857
3.52747
4.46376
19.0001
2.11088
6.41827
19.4305
2.45392
4.02805
8.24208
1.3279
2.47618
2.86528
1.05314
-6.56775
48.4272
1.88693
-6.40729
37.819
1.17376
-6.69754
30.4609
0.662253
-3.80525
13.5517
0.203417
-3.70799
9.69934
0.0571997
-2.41778
3.31243
0.384442
5.56689
48.3798
4.33912
5.53706
37.7217
3.45438
3.84604
20.5671
1.90932
5.60788
21.853
2.02887
3.84035
9.41815
0.924322
1.68313
2.8343
0.335053
0.574383
84.5847
5.86097
-1.00942
1.22032
-0.101241
-6.12623
57.6548
2.65322
1.58004
1.1925
0.618655
11.9718
115.303
10.3321
-0.158965
-0.229666
0.150214
0.737081
0.251965
-0.161378
-0.685113
0.17081
-0.151803
-0.528465
58.9077
3.90693
-1.5146
1.5814
0.74892
1.15672
1.5072
-0.0234483
-0.0248778
-0.0580434
0.0794345
-5.67934
51.183
2.25495
-5.62015
40.6897
1.47693
-5.40974
30.2629
0.740528
-5.0552
20.2395
0.0587086
-3.83816
11.92
-0.276505
-2.69745
5.3592
-0.257813
6.4641
51.1632
4.77183
6.4363
40.6435
3.9434
6.23437
30.2322
3.12892
5.62285
20.4607
2.46282
4.58891
11.7477
1.61597
3.34754
5.2344
1.12644
-9.8802
80.5398
3.40173
-6.51322
43.1252
1.5215
-6.24683
32.5345
0.871169
-4.57497
18.0573
0.269095
-4.36357
13.5972
0.09263
-3.00206
6.23546
0.164464
5.55866
53.6715
4.76476
5.55751
43.0588
3.89969
5.46529
32.4176
3.01077
4.80207
22.4473
2.09588
4.20213
13.3171
1.27004
3.30931
6.03629
0.642118
-24.3819
188.769
7.48354
-29.8264
183.279
5.62087
-21.7433
101.829
1.86237
-11.7558
43.082
-0.074855
-13.9132
36.3608
-0.750148
-8.36429
11.1109
-0.195016
23.8704
188.612
17.3726
23.4599
146.346
13.9181
17.6933
85.7817
8.8215
22.2792
78.8521
8.13492
15.0395
35.792
4.28477
8.77513
13.2451
2.8959
-3.06039
290.391
18.6637
-2.62016
226.516
13.8599
-2.24505
182.047
10.3776
-1.85714
105.999
5.97164
0.540017
56.4289
2.89099
1.4896
13.5047
1.21543
2.41855
275.501
18.6883
2.14488
176.898
11.6062
2.34398
150.799
9.12801
1.62533
105.269
6.2011
2.01176
48.6337
2.91924
1.46963
15.3136
1.29714
0.636798
4.87164
0.260877
-0.17234
2.47615
0.126999
-0.304383
230.611
15.6504
7.13435
6.42647
0.957477
0.0141171
-0.608625
-0.10223
-3.70269
3.37188
0.412108
-21.4084
183.554
7.90945
-24.1939
167.675
5.96572
-23.2405
125.702
3.1426
-28.8956
114.712
0.953977
-16.1158
51.4205
-0.677249
-11.5545
23.3329
-0.518182
26.9248
235.886
21.4466
29.6216
209.33
19.5452
22.9185
125.543
12.2464
20.2091
85.6664
8.78853
17.0711
50.4906
5.61298
12.5231
23.1218
3.31859
-3.3143
335.523
21.9586
-2.36808
215.356
13.5581
-2.27949
194.583
11.569
-2.08415
114.248
5.9891
-0.446346
79.9725
3.99861
1.68209
35.4233
2.273
2.0632
268.651
18.4531
2.49085
243.904
16.2755
2.56334
181.133
11.56
1.61051
106.682
6.73253
2.04892
69.7889
4.09325
1.86845
30.3227
1.98331
-5.7727
9.39302
0.734375
-3.26028
18.0258
0.45348
