-2.94626
28.9878
1.1975
4.96882
43.4762
3.68944
0.302804
0.164098
0.088852
-0.109941
-0.0273859
-0.0352839
-3.37146
30.2444
1.20198
4.3247
45.3696
3.68299
0.0980309
-0.000759351
-0.045241
-0.213535
0.114275
0.0826522
-5.86783
47.2025
1.65902
-5.73996
36.3846
0.934037
-6.71302
32.155
0.31701
-3.43021
12.3204
-0.257235
-3.39219
8.55757
-0.349578
-1.99493
2.96758
-0.264037
6.62619
47.1664
4.15194
6.52829
36.3177
3.36482
4.57039
19.4758
2.02547
6.55631
19.8785
2.35418
4.10551
8.42234
1.28773
2.51926
2.9238
1.04972
-6.72264
49.6832
1.68291
-6.55443
38.7506
1.01451
-6.8437
31.1548
0.531238
-3.88005
13.8352
0.15067
-3.76775
9.87546
0.0209442
-2.45219
3.35817
0.379823
5.78253
49.6344
4.12923
5.74588
38.6521
3.2879
3.9839
21.0411
1.81538
5.79655
22.3027
1.91295
3.9577
9.59465
0.87227
1.73213
2.88361
0.323288
0.541392
86.9594
5.48351
-1.03839
1.24416
-0.107019
-6.30771
59.2361
2.40431
1.60707
1.21453
0.620568
12.3485
118.465
9.82466
-0.16861
-0.235454
0.152869
0.752829
0.257995
-0.164762
-0.698109
0.173967
-0.152876
-0.499295
60.4864
3.65512
-1.53639
1.59817
0.757415
1.18958
1.53214
-0.0358146
-0.0224872
-0.0603396
0.0797311
-5.88665
52.6064
2.02778
-5.82235
41.7879
1.29323
-5.59694
31.0413
0.597079
-5.22159
20.7252
-0.0470578
-3.95489
12.1896
-0.34212
-2.77477
5.47279
-0.286209
6.62836
52.5849
4.54051
6.59936
41.7385
3.75805
6.38854
31.0087
2.98927
5.75151
20.9549
2.36935
4.68169
12.0121
1.55631
3.4088
5.34547
1.10489
-10.1143
82.6676
3.06205
-6.66533
44.2179
1.34005
-6.38765
33.3089
0.733832
-4.67151
18.4503
0.19161
-4.43969
13.8616
0.038666
-3.04739
6.3394
0.145769
5.77477
55.0894
4.53291
5.77016
44.1506
3.71172
5.667
33.1908
2.8653
4.96873
22.9407
1.98775
4.33715
13.5799
1.19882
3.40547
6.14339
0.607947
-25.0993
193.804
6.66415
-30.6864
187.954
4.81568
-22.3411
104.253
1.39448
-12.0549
44.0403
-0.277079
-14.2286
37.0827
-0.916149
-8.54571
11.2962
-0.231033
24.6189
193.638
16.5353
24.1822
150.074
13.2606
18.2129
87.8379
8.43945
22.883
80.5688
7.71823
15.4186
36.509
4.10164
8.98367
13.4853
2.86354
-2.88331
297.92
17.4199
-2.43985
232.096
12.8802
-2.04798
186.2
9.56046
-1.70405
108.183
5.49593
0.714601
57.4574
2.62418
1.59557
13.7059
1.15205
2.29786
283.056
17.4457
2.06379
181.556
10.7893
2.25364
154.55
8.38643
1.5004
107.701
5.65094
1.94657
49.6875
2.65568
1.42143
15.6182
1.2191
0.60137
4.95621
0.240544
-0.152703
2.49938
0.107762
-0.291169
236.935
14.6449
7.30118
6.53252
0.934307
0.0146545
-0.626799
-0.099496
-3.78141
3.4175
0.416271
-22.0413
188.529
7.11497
-24.9001
172.058
5.23475
-23.8949
128.809
2.57964
-29.672
117.329
0.411773
-16.4983
52.4995
-0.92176
-11.8084
23.768
-0.613565
27.7715
242.274
20.4042
30.5423
214.798
18.6121
23.6125
128.648
11.6783
20.777
87.6364
8.37504
17.5176
51.5489
5.35322
12.8289
23.5612
3.20998
-3.13418
344.386
20.525
-2.21551
220.808
12.6318
-2.09642
199.211
10.7168
-1.95913
116.741
5.45614
-0.270253
81.5263
3.62213
1.85314
36.0185
2.10923
1.95235
276.118
17.249
2.37824
250.477
15.166
2.47319
185.78
10.7056
1.52129
109.246
6.20995
1.97134
71.3498
3.71954
1.8138
30.9575
1.81855
-5.85323
9.5205
0.713179
-3.33113
18.4324
0.37223
