-3.55049
33.511
0.452049
5.65792
50.2563
2.45952
0.332745
0.180391
0.0986532
-0.125843
-0.0293056
-0.0418027
-3.80936
34.6911
0.457288
5.26394
52.0418
2.44985
0.112739
-0.000162581
-0.054473
-0.227666
0.119084
0.0937849
-7.06304
54.4026
0.450513
-6.87748
41.7203
-0.00918561
-7.97219
36.586
-0.579284
-4.03629
13.9278
-0.626331
-3.94324
9.59686
-0.590473
-2.30502
3.30816
-0.338119
7.54574
54.3509
2.80069
7.42544
41.6277
2.31117
5.16658
22.18
1.46946
7.32128
22.4156
1.70433
4.53109
9.44407
1.0215
2.75458
3.25876
1.01356
-7.59203
56.73
0.481314
-7.37918
43.9455
0.09441
-7.66109
34.9854
-0.210462
-4.29411
15.3818
-0.135618
-4.09232
10.8119
-0.164005
-2.63916
3.58334
0.366668
7.032
56.674
2.77039
6.95262
43.8423
2.21203
4.77715
23.6619
1.21003
6.87677
24.7503
1.16993
4.62325
10.5398
0.538695
2.00769
3.14082
0.245452
0.322869
100.525
3.13213
-1.20143
1.38136
-0.132121
-7.3474
68.2066
0.915622
1.75481
1.34125
0.62289
14.4981
136.403
6.54021
-0.223551
-0.26614
0.168585
0.840548
0.292161
-0.185358
-0.769457
0.19047
-0.156504
-0.316031
69.3794
2.08634
-1.65696
1.67197
0.812807
1.37319
1.65838
-0.11277
-0.00888633
-0.0743989
0.0813256
-7.09196
60.7366
0.678881
-6.99608
48.0538
0.220833
-6.67925
35.4727
-0.22412
-6.1799
23.4799
-0.637332
-4.62185
13.7182
-0.695671
-3.21254
6.11858
-0.428321
7.54812
60.7044
3.0421
7.51346
47.9845
2.55729
7.25283
35.4274
2.0839
6.46834
23.7604
1.75776
5.19307
13.5102
1.16594
3.74452
5.97657
0.955827
-11.4284
94.6328
1.04511
-7.51876
50.331
0.281061
-7.17662
37.6085
-0.051357
-5.20972
20.6056
-0.238825
-4.85552
15.2863
-0.247679
-3.29304
6.88127
0.0581946
7.02738
63.0628
3.03153
7.00062
50.2616
2.49569
6.83039
37.4862
1.92606
5.92524
25.6511
1.29194
5.10684
15.0009
0.742533
3.94772
6.70912
0.387551
-29.2072
222.302
1.83817
-35.6023
214.317
0.164232
-25.7449
117.831
-1.25259
-13.747
49.374
-1.38521
-15.9935
41.0502
-1.7717
-9.55591
12.2915
-0.376916
28.8908
222.083
11.1145
28.3016
171.087
9.0078
21.1666
99.3667
5.9631
26.289
90.0932
5.0353
17.5464
40.45
2.91419
10.1465
14.7933
2.62082
-1.77466
340.164
9.72489
-1.3233
263.216
6.87443
-0.844849
209.136
4.60598
-0.764509
120.074
2.64074
1.74985
62.9358
1.05458
2.20316
14.7158
0.781696
1.49427
326.187
9.75757
1.52014
208.096
5.78115
1.66019
175.86
3.88962
0.703259
121.481
2.36272
1.527
55.662
1.10659
1.12366
17.3696
0.772806
0.391176
5.44943
0.133295
-0.0402172
2.5911
0.000731552
-0.223231
272.813
8.38029
8.23089
7.10622
0.768829
0.0137349
-0.732269
-0.0851192
-4.22137
3.64955
0.464967
-25.6665
216.721
2.39715
-28.9407
196.822
0.968964
-27.6274
146.283
-0.639589
-34.0836
131.931
-2.608
-18.649
58.4682
-2.22897
-13.2238
26.1412
-1.07444
32.6036
278.475
13.6541
35.7948
245.692
12.5738
27.5665
146.105
8.00454
23.9919
98.6374
5.70249
20.0299
57.3973
3.67599
14.5419
25.9608
2.49201
-2.00284
394.229
11.6221
-1.26508
251.312
6.9259
-0.970947
224.907
5.5198
-1.19204
130.425
2.24244
0.790488
89.9043
1.38685
2.8495
39.1285
1.15305
1.2161
318.764
9.77143
1.62676
287.979
8.3299
1.87063
212.225
5.49449
0.948074
123.798
3.05471
1.46806
80.1906
1.50205
1.46709
34.5688
0.861037
-6.29237
10.154
0.633034
-3.72787
20.6812
-0.0928039
