-3.64654
34.2196
0.327962
5.76209
51.3184
2.24222
0.337396
0.182957
0.100104
-0.128346
-0.0295625
-0.0428236
-3.87623
35.3787
0.333301
5.41204
53.0734
2.23203
0.115047
-8.7808e-05
-0.0559462
-0.229828
0.119738
0.0956073
-7.25298
55.5324
0.251793
-7.05812
42.5592
-0.161815
-8.17184
37.2848
-0.721724
-4.13252
14.1826
-0.683304
-4.03075
9.76318
-0.625881
-2.35424
3.36382
-0.347814
7.68488
55.4781
2.56178
7.56149
42.4623
2.12481
5.25707
22.6063
1.37063
7.43712
22.8178
1.58904
4.59561
9.60731
0.973711
2.79044
3.31324
1.0054
-7.7248
57.8178
0.28367
-7.50517
44.7458
-0.0545871
-7.78612
35.5734
-0.328481
-4.35726
15.6181
-0.179605
-4.14156
10.9532
-0.190681
-2.66782
3.61577
0.366326
7.22895
57.7609
2.53037
7.1426
44.6422
2.0223
4.90201
24.0645
1.10363
7.04694
25.1243
1.04032
4.72781
10.6834
0.480575
2.05094
3.17931
0.231649
0.282781
102.65
2.72815
-1.22734
1.40411
-0.135042
-7.50995
69.6029
0.667771
1.77746
1.36208
0.622079
14.831
139.195
5.96003
-0.232312
-0.270658
0.17114
0.854267
0.297615
-0.188793
-0.780543
0.192997
-0.156737
-0.284963
70.7544
1.8168
-1.67584
1.68171
0.822572
1.40199
1.67697
-0.125821
-0.00673951
-0.0767281
0.0815786
-7.28354
62.0113
0.455608
-7.18255
49.0379
0.0458099
-6.85099
36.1702
-0.355812
-6.3319
23.9151
-0.729701
-4.72781
13.9616
-0.749152
-3.282
6.22274
-0.448262
7.6872
61.9773
2.77725
7.65193
48.9653
2.34495
7.38404
36.1227
1.92365
6.57706
24.2035
1.64865
5.27047
13.7484
1.09649
3.79554
6.07809
0.928307
-11.6291
96.4815
0.711202
-7.64911
51.2738
0.108142
-7.29726
38.2698
-0.177405
-5.292
20.9357
-0.306184
-4.91857
15.5028
-0.290675
-3.33043
6.96218
0.0467206
7.22487
64.2948
2.76625
7.19442
51.2044
2.28103
7.01343
38.1473
1.76062
6.07587
26.0666
1.16994
5.22794
15.2175
0.662981
4.03276
6.79448
0.349037
-29.8494
226.737
1.04457
-36.3706
218.42
-0.588414
-26.2766
119.944
-1.67295
-14.0113
50.2042
-1.55597
-16.2691
41.6677
-1.89589
-9.71387
12.4464
-0.392251
29.5524
226.511
10.1567
28.94
174.357
8.257
21.6245
101.161
5.52491
26.8163
91.5745
4.56489
17.8765
41.0629
2.70492
10.3273
14.997
2.57401
-1.58732
346.686
8.40952
-1.13643
268.011
5.85498
-0.645553
212.658
3.77276
-0.607652
121.89
2.16421
1.9179
63.7649
0.797415
2.29972
14.8632
0.721482
1.34554
332.954
8.44315
1.41781
212.268
4.93082
1.55002
179.22
3.13348
0.561246
123.666
1.81606
1.4508
56.6183
0.852535
1.07181
17.6575
0.701094
0.356152
5.53265
0.117215
-0.0223708
2.60201
-0.0159663
-0.215755
278.397
7.30383
8.37585
7.19611
0.738005
0.0130553
-0.749064
-0.082992
-4.29063
3.68473
0.476089
-26.2332
221.11
1.61618
-29.5723
200.677
0.272768
-28.2105
149.003
-1.15581
-34.7725
134.203
-3.08054
-18.9849
59.3973
-2.42568
-13.4449
26.5105
-1.13684
33.3518
284.109
12.4613
36.6085
250.501
11.5073
28.1795
148.822
7.35603
24.4899
100.35
5.23167
20.4193
58.3069
3.38115
14.8082
26.3338
2.36388
-1.81103
401.931
10.0959
-1.10525
256.017
5.95372
-0.783692
228.861
4.64141
-1.06387
132.522
1.70499
0.964583
91.1789
1.01767
3.00935
39.5946
0.997402
1.08046
325.45
8.48954
1.48692
293.868
7.16486
1.75708
216.387
4.6135
0.844524
126.098
2.52534
1.37613
81.598
1.13559
1.40498
35.1519
0.70538
-6.35999
10.2473
0.625656
-3.78881
21.0277
-0.167409
