-3.74085
34.9132
0.203809
5.86257
52.3581
2.02225
0.341972
0.185494
0.101516
-0.130822
-0.0298013
-0.0438336
-3.94104
36.0496
0.209241
5.55692
54.0801
2.01156
0.117325
-1.54017e-05
-0.0574037
-0.231961
0.120373
0.0974216
-7.4395
56.6394
0.0534569
-7.23556
43.3825
-0.313618
-8.36811
37.9725
-0.862741
-4.2273
14.4342
-0.739291
-4.1172
9.92833
-0.660319
-2.40297
3.41957
-0.356979
7.81913
56.5826
2.3199
7.69291
43.2815
1.9361
5.3446
23.0256
1.27039
7.54936
23.2152
1.47226
4.65833
9.76928
0.925199
2.82548
3.36768
0.996783
-7.8535
58.8796
0.0863743
-7.6274
45.5274
-0.202868
-7.90759
36.1485
-0.445503
-4.41871
15.8495
-0.222952
-4.18961
11.0919
-0.216592
-2.69597
3.64762
0.366315
7.42163
58.8218
2.28743
7.32847
45.4237
1.83037
5.02431
24.4583
0.996099
7.21397
25.4907
0.909698
4.83058
10.8243
0.422043
2.09355
3.21715
0.217723
0.241629
104.731
2.32141
-1.25303
1.42704
-0.137712
-7.66874
70.9674
0.419773
1.79967
1.38297
0.621023
15.1547
141.923
5.37277
-0.240988
-0.27503
0.173668
0.86779
0.303024
-0.192212
-0.791479
0.195512
-0.156894
-0.25397
72.0961
1.54543
-1.69449
1.69127
0.832405
1.43039
1.69527
-0.138864
-0.00462348
-0.0790349
0.0818313
-7.47166
63.2596
0.232466
-7.36568
50.003
-0.128599
-7.01974
36.8557
-0.486513
-6.48139
24.344
-0.820827
-4.83237
14.2025
-0.801499
-3.35069
6.32653
-0.467453
7.82136
63.2239
2.50913
7.7856
49.9271
2.12994
7.51088
36.806
1.76133
6.6823
24.6402
1.53789
5.34556
13.9842
1.0261
3.84526
6.17911
0.900218
-11.8237
98.2856
0.377459
-7.77552
52.1942
-0.0642297
-7.41438
38.9162
-0.302634
-5.37201
21.2588
-0.372745
-4.97997
15.7149
-0.332816
-3.36702
7.04159
0.0358147
7.41806
65.4972
2.49772
7.38401
52.125
2.0638
7.19255
38.7936
1.59331
6.22358
26.4732
1.04679
5.34689
15.43
0.58283
4.11641
6.87839
0.310248
-30.4767
231.076
0.252468
-37.1215
222.438
-1.33714
-26.7966
122.017
-2.08936
-14.2703
51.0206
-1.72398
-16.54
42.2772
-2.01649
-9.86954
12.6005
-0.405911
30.196
230.841
9.18722
29.5614
177.56
7.49713
22.0708
102.921
5.08111
27.331
93.0318
4.09008
18.1997
41.6677
2.49346
10.5047
15.1988
2.52591
-1.40059
353.052
7.08646
-0.950644
272.695
4.83102
-0.447812
216.104
2.93763
-0.451562
123.67
1.68726
2.08406
64.5788
0.541195
2.39496
15.0081
0.661621
1.19235
339.586
7.12097
1.31167
216.363
4.07663
1.43602
182.526
2.37571
0.416401
125.825
1.26946
1.37245
57.5681
0.599205
1.0191
17.9464
0.629813
0.321012
5.61699
0.101436
-0.00476709
2.61269
-0.0324286
-0.209835
283.854
6.21998
8.51849
7.28565
0.706616
0.0122804
-0.765579
-0.0809156
-4.35907
3.71986
0.487749
-26.7869
225.4
0.835648
-30.1894
204.448
-0.421046
-28.7805
151.668
-1.66832
-35.4466
136.436
-3.54704
-19.3147
60.3125
-2.61817
-13.6625
26.876
-1.19649
34.0795
289.617
11.2539
37.4001
255.207
10.4279
28.7766
151.484
6.69969
24.9756
102.032
4.75564
20.7998
59.203
3.08333
15.0693
26.7026
2.23412
-1.61966
409.446
8.55993
-0.946179
260.611
4.97649
-0.59779
232.726
3.75995
-0.936248
134.574
1.16717
1.13702
92.429
0.649171
3.16716
40.0525
0.842542
0.940987
331.998
7.19941
1.34256
299.644
5.99366
1.63915
220.477
3.72935
0.738315
128.364
1.99484
1.28151
82.992
0.769635
1.34134
35.7332
0.550415
-6.42646
10.3397
0.619362
-3.84814
21.3671
-0.241475
