-3.92366
36.2526
-0.0448955
6.05166
54.3656
1.57567
0.35093
0.190496
0.10424
-0.135713
-0.0302244
-0.0458325
-4.06411
37.3394
-0.0393021
5.83597
56.0155
1.56403
0.121812
0.000129572
-0.0602754
-0.236169
0.12162
0.101026
-7.80114
58.7816
-0.342733
-7.57992
44.9809
-0.615558
-8.74982
39.3147
-1.14146
-4.41243
14.9284
-0.848838
-4.28717
10.256
-0.726925
-2.49924
3.53185
-0.374092
8.07189
58.7201
1.82871
7.94081
44.8718
1.55274
5.51024
23.8433
1.06629
7.76266
23.9968
1.23504
4.77845
10.0903
0.82639
2.89327
3.47676
0.978371
-8.09796
60.9236
-0.307866
-7.85988
47.0353
-0.498159
-8.13936
37.2621
-0.677548
-4.53646
16.2993
-0.308412
-4.28245
11.3631
-0.266812
-2.75093
3.7108
0.366949
7.79274
60.8643
1.79434
7.68664
46.9316
1.44109
5.26064
25.2205
0.778372
7.53817
26.2042
0.646456
5.0308
11.1003
0.304218
2.17696
3.29164
0.18967
0.156195
108.748
1.50073
-1.30396
1.47371
-0.142474
-7.974
73.5968
-0.0770694
1.8429
1.4251
0.618324
15.7722
147.181
4.18066
-0.258123
-0.283379
0.178619
0.894324
0.31374
-0.198972
-0.813007
0.200573
-0.157022
-0.192504
74.6757
0.997896
-1.73123
1.71056
0.852124
1.48619
1.73158
-0.164819
-0.000474989
-0.0835533
0.0823379
-7.83635
65.6722
-0.213967
-7.72088
51.8731
-0.476333
-7.34752
38.1895
-0.745772
-6.77239
25.1839
-1.00015
-5.03736
14.678
-0.903492
-3.48604
6.53374
-0.504105
8.07386
65.6332
1.96475
8.03746
51.7911
1.69322
7.7505
38.1353
1.43147
6.88181
25.4946
1.31217
5.48877
14.4496
0.88305
3.94094
6.38035
0.842634
-12.1931
101.756
-0.290369
-8.01573
53.9677
-0.408131
-7.63745
40.165
-0.551551
-5.52495
21.8857
-0.504217
-5.09803
16.1286
-0.415335
-3.43808
7.19757
0.0151736
7.79013
67.8102
1.9526
7.74922
53.899
1.62302
7.53795
40.0425
1.25419
6.50966
27.2621
0.797878
5.57816
15.8448
0.421347
4.27969
7.04333
0.23221
-31.6831
239.449
-1.32993
-38.5668
230.215
-2.82709
-27.7997
126.046
-2.91368
-14.7721
52.6153
-2.05371
-17.069
43.4785
-2.2496
-10.1749
12.9091
-0.429663
31.4244
239.198
7.21903
30.7487
183.757
5.95482
22.9258
106.341
4.17939
28.3212
95.8823
3.13068
18.8252
42.8585
2.06564
10.8505
15.5994
2.42666
-1.03073
365.307
4.41983
-0.584005
281.733
2.7707
-0.0584898
222.776
1.26183
-0.142756
127.132
0.731605
2.40991
66.1731
0.0309666
2.58164
15.295
0.542777
0.872577
352.418
4.45579
1.08757
224.313
2.35751
1.19593
188.977
0.855554
0.118154
130.072
0.1758
1.20888
59.4538
0.0939485
0.910879
18.5298
0.488003
0.250212
5.78993
0.0704416
0.0297625
2.63477
-0.0648026
-0.203132
294.371
4.03295
8.79745
7.46526
0.642707
0.0105371
-0.797684
-0.0768681
-4.49394
3.79124
0.512149
-27.8514
233.672
-0.726011
-31.3765
211.737
-1.80465
-29.8787
156.836
-2.68566
-36.7485
140.788
-4.46651
-19.9567
62.1081
-2.99353
-14.0884
27.6004
-1.30975
35.4679
300.239
8.80265
38.9117
264.3
8.23659
29.9187
156.646
5.3676
25.9082
105.31
3.79122
21.534
60.9609
2.48091
15.5763
27.4318
1.97097
-1.24002
423.904
5.46225
-0.631822
269.463
3.00833
-0.231639
240.195
1.98837
-0.683381
138.557
0.0905299
1.47583
94.8689
-0.0862899
3.47632
40.9538
0.534644
0.650697
344.653
4.5974
1.0401
310.837
3.63448
1.38955
228.437
1.95206
0.5176
132.801
0.930186
1.08379
85.746
0.0385442
1.20911
36.8946
0.241837
-6.55646
10.5256
0.608984
-3.96176
22.0261
-0.388469
