-4.18137
38.1319
-0.419749
6.30304
57.1825
0.894388
0.363966
0.197859
0.108147
-0.142958
-0.0307259
-0.0488158
-4.23095
39.1387
-0.413972
6.22421
58.7154
0.881491
0.128423
0.000374072
-0.0644877
-0.242438
0.123542
0.106362
-8.31127
61.8015
-0.938398
-8.06697
47.2513
-1.06744
-9.29291
41.2443
-1.55495
-4.67852
15.6489
-1.00916
-4.53542
10.7437
-0.82359
-2.64154
3.70354
-0.398128
8.40824
61.7336
1.07906
8.27208
47.1309
0.967243
5.73341
25.0169
0.75336
8.05356
25.1398
0.873167
4.94548
10.5668
0.675203
2.98982
3.64198
0.948623
-8.42954
63.7852
-0.901003
-8.17635
49.1598
-0.941269
-8.45729
38.8477
-1.02439
-4.70001
16.947
-0.436104
-4.41432
11.7619
-0.340745
-2.8307
3.80839
0.368235
8.30918
63.7243
1.04243
8.18593
49.0568
0.848239
5.59247
26.3047
0.447767
7.99839
27.2357
0.250262
5.31795
11.5061
0.127314
2.29811
3.40321
0.147701
0.0207137
114.384
0.255749
-1.37979
1.54642
-0.148852
-8.39776
77.2754
-0.826064
1.90526
1.48966
0.613333
16.6161
154.537
2.36238
-0.283427
-0.295072
0.185716
0.933085
0.329649
-0.208789
-0.844762
0.208475
-0.156915
-0.102543
78.2742
0.167335
-1.78532
1.74256
0.881165
1.56798
1.78726
-0.203024
0.00557961
-0.0899915
0.0830989
-8.35052
69.0643
-0.88612
-8.22244
54.5183
-0.998149
-7.81225
40.0938
-1.13248
-7.18727
26.4001
-1.26492
-5.33468
15.3785
-1.05243
-3.68487
6.84575
-0.556755
8.40961
69.021
1.13415
8.37318
54.4279
1.02643
8.07186
40.033
0.92737
7.15203
26.7298
0.965731
5.6859
15.1346
0.664698
4.07551
6.68199
0.753887
-12.6938
106.605
-1.29622
-8.34199
56.4575
-0.92494
-7.94213
41.9324
-0.924568
-5.7358
22.784
-0.700125
-5.26373
16.7303
-0.537751
-3.54015
7.42995
-0.0148992
8.30778
71.0418
1.12115
8.25775
56.3903
0.9512
8.02035
41.8108
0.738301
6.91368
28.3916
0.421258
5.90804
16.4488
0.178444
4.51522
7.2886
0.115309
-33.3589
251.213
-3.70945
-40.5797
241.217
-5.05958
-29.2047
131.81
-4.14163
-15.4829
54.924
-2.54028
-17.8325
45.2551
-2.58936
-10.6209
13.3828
-0.461892
33.1041
250.942
4.2168
32.377
192.526
3.6028
24.1068
111.227
2.80183
29.7041
100.024
1.68016
19.7112
44.6165
1.41782
11.3484
16.2017
2.27311
-0.490559
382.467
0.37824
-0.0516619
294.471
-0.346663
0.505483
232.279
-1.26503
0.308639
132.131
-0.708013
2.88025
68.5217
-0.731343
2.85265
15.734
0.365916
0.360584
370.51
0.415557
0.721385
235.608
-0.244716
0.804305
198.248
-1.43521
-0.350099
136.282
-1.46828
0.945459
62.2631
-0.663421
0.740666
19.4254
0.275086
0.142094
6.06243
0.0240954
0.0801144
2.67458
-0.112595
-0.20705
309.083
0.714798
9.20237
7.74133
0.546105
0.00779307
-0.843228
-0.0708692
-4.69247
3.90529
0.549366
-29.3295
245.266
-3.07744
-33.0273
222.009
-3.88199
-31.4122
164.182
-4.20587
-38.5777
147.059
-5.82941
-20.8759
64.7351
-3.544
-14.7071
28.6854
-1.47301
37.3652
315.128
5.06342
40.9812
277.117
4.89431
31.4895
163.983
3.33633
27.2037
110.028
2.32591
22.5663
63.5332
1.56847
16.3003
28.5192
1.57173
-0.683994
444.103
0.764641
-0.174535
281.893
0.0273964
0.298454
250.77
-0.688699
-0.312338
144.265
-1.52669
1.96529
98.4249
-1.18787
3.9232
42.3008
0.0751898
0.188273
362.446
0.651154
0.552551
326.671
0.060354
0.979733
239.805
-0.734313
0.165291
139.224
-0.676881
0.765303
89.8095
-1.05873
0.997491
38.6458
-0.220421
-6.74559
10.8195
0.59491
-4.11892
22.9692
-0.607963
