-4.34077
39.2912
-0.671464
6.44763
58.9202
0.436573
0.372435
0.202697
0.110678
-0.147768
-0.0309749
-0.0508193
-4.32942
40.2441
-0.665602
6.46057
60.374
0.422991
0.132785
0.000574589
-0.0672395
-0.246641
0.124926
0.109857
-8.62713
63.6761
-1.33841
-8.36977
48.6747
-1.37041
-9.63359
42.4733
-1.83043
-4.84772
16.1158
-1.11498
-4.69673
11.0675
-0.887737
-2.73549
3.82079
-0.414139
8.60191
63.6046
0.575131
8.46395
48.5475
0.573344
5.86428
25.7626
0.542014
8.22748
25.8834
0.630249
5.04819
10.8823
0.573562
3.05107
3.75359
0.927953
-8.62542
65.5533
-1.29964
-8.36432
50.4853
-1.23933
-8.64821
39.8528
-1.25767
-4.80011
17.3643
-0.52285
-4.4977
12.0267
-0.391099
-2.88244
3.87802
0.368283
8.62371
65.4919
0.537439
8.4909
50.3832
0.450569
5.79731
26.9906
0.22671
8.28688
27.904
-0.0120275
5.50065
11.7752
0.0105465
2.37655
3.47925
0.120238
-0.0739041
117.861
-0.580443
-1.43033
1.59702
-0.153114
-8.65522
79.5401
-1.32911
1.94546
1.53376
0.609746
17.1188
159.065
1.14078
-0.300124
-0.302429
0.190167
0.958366
0.34019
-0.215016
-0.865763
0.214094
-0.156759
-0.0446354
80.485
-0.390465
-1.82083
1.76763
0.899607
1.6216
1.82647
-0.227715
0.00954113
-0.0939833
0.0835975
-8.66864
71.1625
-1.33752
-8.5335
56.1676
-1.34841
-8.10226
41.2958
-1.39128
-7.44824
27.1821
-1.441
-5.52608
15.8381
-1.1511
-3.81509
7.0555
-0.59183
8.60276
71.1168
0.575971
8.56692
56.0723
0.57799
8.25895
41.2307
0.588021
7.31181
27.5222
0.731624
5.80541
15.5838
0.518102
4.15952
6.88377
0.693996
-12.9895
109.591
-1.97201
-8.53512
58.0025
-1.27244
-8.12394
43.0426
-1.17565
-5.86338
23.3588
-0.832007
-5.36683
17.1239
-0.620763
-3.60561
7.58736
-0.0359224
8.62292
73.0323
0.562594
8.56781
57.9366
0.500212
8.31588
42.922
0.392673
7.16512
29.1133
0.17046
6.11628
16.8441
0.0177344
4.66633
7.4539
0.0384392
-34.3782
258.498
-5.30771
-41.8088
248.098
-6.55873
-30.0699
135.47
-4.96433
-15.9277
56.414
-2.8652
-18.3227
46.4338
-2.81716
-10.9115
13.7117
-0.485335
34.1058
258.216
2.19973
33.3522
198.011
2.02282
24.8217
114.326
1.87481
30.5551
102.712
0.715257
20.267
45.7805
0.986492
11.6677
16.6095
2.16979
-0.143577
393.071
-2.33647
0.288349
302.421
-2.4396
0.865502
238.303
-2.95791
0.599687
135.365
-1.67321
3.18023
70.0846
-1.23955
3.02779
16.043
0.248255
-0.000512668
381.742
-2.29886
0.457723
242.693
-1.99266
0.522167
204.15
-2.96866
-0.675141
140.323
-2.56862
0.757575
64.1303
-1.1703
0.621484
20.0391
0.13142
0.0683093
6.25377
-0.00765501
0.112963
2.70884
-0.144424
-0.219276
318.141
-1.51412
9.46459
7.93292
0.482756
0.00615352
-0.871622
-0.0667626
-4.82298
3.98857
0.572959
-30.2279
252.423
-4.65672
-34.0328
228.398
-5.27732
-32.3521
168.808
-5.22567
-39.7091
151.081
-6.7406
-21.4598
66.4541
-3.91143
-15.1077
29.4169
-1.5839
38.4958
324.318
2.55109
42.2175
285.091
2.6488
32.434
168.603
1.97194
27.9947
113.049
1.34589
23.2075
65.2173
0.96041
16.7593
29.2485
1.30596
-0.325739
456.544
-2.39088
0.117924
289.609
-1.97471
0.636162
257.417
-2.48497
-0.0717245
147.917
-2.60627
2.27701
100.756
-1.92297
4.20959
43.216
-0.231291
-0.136161
373.453
-1.99989
0.206294
336.546
-2.34082
0.683069
246.983
-2.53729
-0.0834795
143.35
-1.75566
0.538399
92.4811
-1.79276
0.847166
39.8246
-0.530319
-6.86841
11.0333
0.583389
-4.21431
23.5706
-0.755041
