5.99865
-48.9728
1.45253
-9.37886
-73.4166
-0.399031
-0.295701
-0.145008
-0.103916
0.127773
0.0410331
0.0488565
6.00549
-50.6674
1.43981
-9.35957
-76.0185
-0.365045
-0.116969
0.00276051
0.0672596
0.156735
-0.0668881
-0.0846878
11.859
-76.7179
2.94281
11.2565
-55.3932
3.05308
12.3213
-43.7961
4.07062
5.69638
-14.6289
2.42414
4.77725
-8.04314
2.07248
2.46358
-1.84573
1.00163
-12.4939
-76.5548
-0.471755
-12.116
-55.1448
-0.410048
-8.00024
-26.8949
-0.455007
-10.2131
-22.755
-0.121262
-5.4417
-8.04266
-0.177193
-2.74679
-2.04725
-0.647087
11.9258
-80.038
2.85595
11.3245
-58.552
2.77228
11.175
-42.3746
2.89708
5.62888
-16.707
1.40006
4.37472
-9.60194
1.3635
2.3157
-2.03233
0.235096
-12.4701
-79.9019
-0.369375
-12.0849
-58.3538
-0.116933
-7.80636
-28.9644
0.18526
-10.2365
-25.9998
1.07446
-6.15403
-9.38691
0.658673
-2.37959
-2.32774
0.154031
-0.354679
-146.882
1.80793
1.20369
-0.518496
0.446381
11.9712
-99.651
2.87526
-1.60113
-0.662546
-0.395066
-24.7783
-199.265
-1.00381
0.372525
0.377479
-0.145341
-0.802715
-0.242922
0.186831
0.677006
-0.10372
0.153861
-0.186498
-101.326
1.21354
1.30613
-0.594888
-0.442604
-1.49369
-0.979994
0.409814
-0.0665765
0.126872
-0.0385824
11.9637
-87.4048
2.91801
11.6335
-66.011
2.98544
10.672
-45.0961
3.11021
9.33564
-26.2448
3.18853
6.00412
-12.9529
2.5991
3.65798
-4.39068
1.48205
-12.5129
-87.2929
-0.494882
-12.3851
-65.8094
-0.452911
-11.6249
-45.0073
-0.396776
-9.60099
-26.9048
-0.581712
-6.72262
-12.7366
-0.0948692
-4.12746
-4.46547
-0.345861
18.0171
-136.16
4.29981
11.712
-69.2319
2.81844
10.8011
-48.1155
2.66545
7.31605
-23.5189
1.97323
5.72117
-15.0451
1.7341
3.19494
-5.3545
0.802012
-12.4915
-90.7085
-0.455115
-12.308
-69.0942
-0.257035
-11.649
-47.8996
0.038858
-9.23217
-29.5218
0.526262
-7.21967
-14.6787
0.744727
-4.92477
-5.32563
0.498096
47.3054
-313.593
11.6745
56.5097
-285.266
14.6291
38.9121
-142.346
11.1998
18.8438
-53.2642
6.56397
18.5488
-35.6777
7.16487
9.86875
-6.86168
2.43848
-49.192
-312.977
-1.62278
-47.304
-227.337
-1.00103
-33.517
-121.051
-0.982745
-37.8364
-93.7501
2.58829
-22.5046
-35.538
1.11653
-11.369
-10.3165
-1.09084
-1.38632
-479.645
7.56681
-2.21623
-350.25
8.09562
-3.23303
-253.166
9.83684
-2.16723
-127.29
7.06333
-5.61914
-54.9038
6.00401
-4.06149
-8.9073
1.58741
-2.0918
-459.557
7.45484
-2.65244
-275.514
6.61814
-2.76224
-211.002
9.38772
-0.315671
-123.585
9.24029
-1.6554
-45.759
5.82537
-0.405824
-8.6837
2.21952
0.456498
-1.24756
0.953374
-0.535966
-0.518214
0.663243
-0.77876
-398.554
4.74194
-8.64944
-3.6367
0.145725
0.00137996
1.09161
-0.0209509
4.00454
-1.27315
0.254545
41.7401
-311.882
10.1657
46.5078
-270.603
11.69
42.8621
-186.673
11.7326
50.1339
-149.079
15.3098
23.27
-56.8962
9.22744
14.3969
-19.6652
4.82578
-55.691
-400.47
-2.1093
-60.4467
-337.431
-1.67088
-45.2069
-186.437
-0.733046
-36.1304
-112.456
0.788872
-27.3163
-55.5128
1.40602
-17.4666
-20.2574
0.36589
-1.05497
-567.132
7.63122
-1.65152
-345.252
6.4914
-2.81148
-286.959
8.35704
-0.972683
-148.899
8.21358
-4.76687
-87.1836
7.43446
-6.28268
-29.54
3.92055
-1.52674
-458.5
6.37849
-2.51393
-395.028
7.68283
-3.31742
-269.005
8.39126
-1.18567
-138.905
6.67753
-1.88532
-74.0953
7.22737
-1.18197
-24.0561
4.13728
5.47906
-4.37209
1.22848
5.30703
-24.2063
1.81434
