-4.55936
40.8798
-1.05268
6.62854
61.3017
-0.249063
0.384837
0.209851
0.114434
-0.154989
-0.0312285
-0.0538767
-4.45689
41.7565
-1.04674
6.77873
62.6432
-0.263416
0.139301
0.00096075
-0.0712886
-0.253018
0.127236
0.114968
-9.06094
66.2654
-1.94585
-8.788
50.6657
-1.83125
-10.1099
44.2255
-2.248
-5.08841
16.7951
-1.27476
-4.93242
11.551
-0.986506
-2.87541
4.00087
-0.439849
8.84457
66.1895
-0.179777
8.70632
50.5298
-0.0172653
6.03266
26.8229
0.223898
8.45767
26.9704
0.267197
5.18937
11.3522
0.421626
3.13857
3.92308
0.896551
-8.8793
67.9921
-1.90552
-8.60978
52.3379
-1.69438
-8.90136
41.2875
-1.61515
-4.93643
17.9726
-0.658439
-4.61622
12.4276
-0.47139
-2.95799
3.99259
0.36543
9.04735
67.9303
-0.218357
8.90348
52.2375
-0.14387
6.07849
27.9672
-0.102631
8.6909
28.8847
-0.398509
5.76159
12.1814
-0.160908
2.49104
3.59797
0.0804653
-0.220861
122.625
-1.83886
-1.50641
1.67613
-0.160353
-9.00085
82.6411
-2.09112
2.00392
1.6014
0.604499
17.7779
165.266
-0.688324
-0.325036
-0.312989
0.196315
0.995543
0.355925
-0.2237
-0.897174
0.223218
-0.15657
0.0384972
83.5097
-1.22983
-1.87319
1.81294
0.924875
1.70107
1.89001
-0.263136
0.0154426
-0.0994094
0.0842995
-9.10506
74.0477
-2.02207
-8.96166
58.4585
-1.88088
-8.50489
42.9913
-1.78487
-7.81437
28.3097
-1.70834
-5.8025
16.5159
-1.30153
-4.00721
7.37284
-0.64684
8.84449
73.9992
-0.259956
8.8104
58.357
-0.0941452
8.49703
42.92
0.078891
7.51993
28.6617
0.379246
5.96668
16.246
0.299052
4.2772
7.18749
0.604393
-13.3721
113.69
-2.99735
-8.78612
60.1462
-1.80177
-8.36291
44.6085
-1.56002
-6.03437
24.1891
-1.03512
-5.5105
17.7087
-0.751015
-3.70014
7.83146
-0.0714364
9.04715
75.7654
-0.2736
8.98619
60.0825
-0.174448
8.71741
44.4896
-0.123309
7.51397
30.1538
-0.201469
6.41062
17.4314
-0.218916
4.88447
7.70835
-0.0738272
-35.7487
268.555
-7.73534
-43.4701
257.717
-8.84322
-31.2531
140.689
-6.21993
-16.5492
58.5803
-3.36277
-19.0299
48.2038
-3.17337
-11.3385
14.2305
-0.530167
35.4209
268.259
-0.820337
34.6399
205.682
-0.342675
25.7796
118.734
0.484468
31.7218
106.644
-0.713702
21.0481
47.5249
0.347535
12.1286
17.236
2.01655
0.353521
407.7
-6.42641
0.772833
313.536
-5.59538
1.37923
246.902
-5.50869
1.01939
140.102
-3.13121
3.60875
72.4549
-2.00527
3.28311
16.5435
0.0708415
-0.566906
397.26
-6.3893
0.0355545
252.607
-4.62961
0.0692397
212.559
-5.27689
-1.17889
146.228
-4.22846
0.458002
66.9233
-1.93723
0.433803
20.9839
-0.0891922
-0.0455013
6.55471
-0.0580437
0.161644
2.77592
-0.192907
-0.251322
330.544
-4.86894
9.84754
8.23455
0.391666
0.00442626
-0.910916
-0.0601749
-5.01635
4.12721
0.603826
-31.4345
262.256
-7.05192
-35.3877
237.268
-7.40027
-33.6296
175.331
-6.78098
-41.2658
156.887
-8.1326
-22.2911
68.9945
-4.47728
-15.6916
30.5353
-1.76357
39.9783
336.949
-1.21058
43.8446
296.164
-0.71342
33.6881
175.117
-0.0705707
29.0675
117.401
-0.113984
24.0972
67.7082
0.0582666
17.4127
30.3574
0.913113
0.18922
473.624
-7.14256
0.534924
300.318
-4.99269
1.11632
266.798
-5.19386
0.278093
153.193
-4.22772
2.72061
104.226
-3.02964
4.62195
44.6387
-0.694333
-0.642379
388.59
-5.99227
-0.340664
350.266
-5.96132
0.205337
257.113
-5.25685
-0.475671
149.294
-3.38569
0.177542
96.4315
-2.90082
0.607891
41.6104
-1.00115
-7.04775
11.3897
0.557773
-4.34255
24.4343
-0.979008
