-4.69063
41.8343
-1.30966
6.72501
62.7328
-0.701942
0.392887
0.214534
0.116937
-0.159813
-0.0313235
-0.0559591
-4.52801
42.666
-1.3037
6.96577
64.0078
-0.716628
0.143633
0.00128866
-0.0739346
-0.257307
0.128952
0.118258
-9.32196
67.8361
-2.35722
-9.04147
51.8917
-2.14461
-10.4031
45.3287
-2.53165
-5.23959
17.2323
-1.38333
-5.08508
11.8708
-1.05558
-2.96797
4.12314
-0.458986
8.97418
67.7581
-0.678519
8.83728
51.751
-0.407841
6.12608
27.4884
0.0127187
8.59053
27.6738
0.0280462
5.27486
11.6622
0.321604
3.19395
4.03686
0.875745
-9.02119
69.474
-2.31622
-8.7484
53.4824
-2.00497
-9.04725
42.1963
-1.86072
-5.01782
18.3674
-0.753977
-4.6907
12.6988
-0.529694
-3.00679
4.07676
0.360663
9.29661
69.4123
-0.717229
9.14769
53.3833
-0.53577
6.24805
28.5841
-0.319024
8.94058
29.5257
-0.649465
5.92668
12.4552
-0.271805
2.5653
3.68087
0.0551934
-0.321169
125.489
-2.67767
-1.55732
1.73072
-0.166168
-9.20305
84.5051
-2.60489
2.04163
1.64718
0.601312
18.1526
168.994
-1.89622
-0.341595
-0.319799
0.199998
1.01981
0.366342
-0.228948
-0.91805
0.229807
-0.156551
0.0912707
85.3287
-1.78925
-1.90728
1.84899
0.939526
1.75351
1.93603
-0.285459
0.0193932
-0.1026
0.0847096
-9.36726
75.7886
-2.48457
-9.22004
59.8576
-2.24229
-8.75054
44.0456
-2.0528
-8.04063
29.0287
-1.89068
-5.97919
16.9586
-1.40514
-4.133
7.58537
-0.686354
8.97339
75.7388
-0.812064
8.94099
59.7529
-0.538456
8.62705
43.9705
-0.258007
7.63744
29.386
0.145414
6.06216
16.6784
0.154817
4.35006
7.38985
0.545471
-13.5857
116.167
-3.69041
-8.92695
61.4586
-2.16176
-8.49902
45.5866
-1.82344
-6.13433
24.7226
-1.17572
-5.59875
18.0964
-0.843487
-3.76055
8.00074
-0.0990594
9.29658
77.4165
-0.825687
9.23298
61.3964
-0.619567
8.95642
45.469
-0.463036
7.72714
30.8208
-0.444627
6.59458
17.8205
-0.37248
5.02422
7.88336
-0.145959
-36.5522
274.66
-9.37981
-44.451
263.648
-10.3996
-31.9622
143.982
-7.07905
-16.9316
59.9776
-3.706
-19.4818
49.3856
-3.42686
-11.6167
14.594
-0.569941
36.1701
274.358
-2.81458
35.3791
210.415
-1.90474
26.3406
121.51
-0.435275
32.4256
109.199
-1.6464
21.5333
48.6875
-0.0694858
12.424
17.6639
1.91706
0.668447
416.591
-9.15769
1.07819
320.404
-7.70668
1.704
252.349
-7.21602
1.28756
143.192
-4.11085
3.8801
74.0604
-2.51984
3.44889
16.906
-0.0488153
-0.957214
406.676
-9.12153
-0.261172
258.717
-6.39472
-0.250352
217.851
-6.8201
-1.523
150.049
-5.34254
0.247433
68.7732
-2.45475
0.302812
21.6264
-0.240968
-0.123692
6.76304
-0.0942195
0.19401
2.83254
-0.22614
-0.280754
337.999
-7.10538
10.0959
8.44536
0.334695
0.00399431
-0.934747
-0.0553504
-5.14341
4.2294
0.619955
-32.1409
268.192
-8.67029
-36.1842
242.691
-8.84246
-34.3893
179.396
-7.84288
-42.206
160.601
-9.0882
-22.8142
70.6626
-4.87145
-16.069
31.2958
-1.89745
40.8215
344.576
-3.69458
44.7747
302.935
-2.9338
34.4135
179.176
-1.41923
29.7058
120.179
-1.07276
24.6417
69.3455
-0.531686
17.8246
31.1074
0.657653
0.516623
483.943
-10.3128
0.797759
306.876
-7.01019
1.41837
272.662
-7.0075
0.503966
156.581
-5.30998
2.99998
106.532
-3.77163
4.88572
45.6272
-1.00692
-0.989442
397.726
-8.65619
-0.720181
358.649
-8.38217
-0.132371
263.416
-7.07794
-0.748029
153.079
-4.48036
-0.0751776
99.0183
-3.64579
0.439659
42.8077
-1.32075
-7.16343
11.6538
0.532444
-4.41775
24.9848
-1.13166
