-4.96628
43.8425
-1.96286
6.88464
65.7443
-1.80468
0.411994
0.225742
0.123244
-0.171825
-0.0313339
-0.0613146
-4.65715
44.5921
-1.95693
7.34595
66.8975
-1.81956
0.154378
0.00239705
-0.0803311
-0.267916
0.13381
0.125886
-9.87208
71.1942
-3.41256
-9.58277
54.5781
-2.95585
-11.0462
47.8314
-3.2679
-5.58228
18.2571
-1.66721
-5.44789
12.6487
-1.2453
-3.19495
4.4302
-0.517086
9.18941
71.1136
-1.89319
9.06057
54.4292
-1.36051
6.29514
28.9909
-0.505064
8.85129
29.335
-0.551687
5.45767
12.4135
0.0795109
3.32082
4.31822
0.825366
-9.27978
72.6709
-3.37111
-9.00661
56.0213
-2.81309
-9.33014
44.2953
-2.50767
-5.18652
19.3131
-1.0161
-4.85858
13.3876
-0.698122
-3.12079
4.31399
0.334952
9.8041
72.6105
-1.93076
9.65063
55.9258
-1.48774
6.60914
30.0021
-0.842283
9.49466
31.0772
-1.24593
6.30708
13.1466
-0.533849
2.74307
3.90065
-0.00274312
-0.57428
131.513
-4.7607
-1.68424
1.87045
-0.185799
-9.60773
88.4393
-3.91111
2.13045
1.76128
0.594963
18.8679
176.862
-4.83651
-0.382847
-0.336311
0.20746
1.07803
0.3918
-0.239703
-0.9694
0.247931
-0.157098
0.214237
89.1812
-3.17819
-1.98748
1.95969
0.965658
1.88218
2.06386
-0.336005
0.0295334
-0.108912
0.0853553
-9.91837
79.4769
-3.66538
-9.76749
62.882
-3.17385
-9.28131
46.3919
-2.7489
-8.54012
30.6913
-2.36825
-6.39077
18.0173
-1.68231
-4.43688
8.11053
-0.799774
9.18677
79.4259
-2.15615
9.15992
62.7725
-1.6215
8.85415
46.3085
-1.08045
7.85812
31.0527
-0.427256
6.25861
17.712
-0.1946
4.51148
7.88652
0.403358
-13.9735
121.454
-5.46104
-9.18569
64.3263
-3.09218
-8.75697
47.796
-2.51391
-6.33368
25.9812
-1.55137
-5.79082
19.0539
-1.10096
-3.89997
8.44519
-0.186894
9.80365
80.9424
-2.1691
9.73796
64.2679
-1.70177
9.45378
47.6816
-1.2868
8.19148
32.3891
-1.0283
7.01033
18.7803
-0.737178
5.35247
8.33772
-0.3145
-38.1668
287.769
-13.6
-46.4486
276.716
-14.4398
-33.4468
151.51
-9.33141
-17.769
63.2789
-4.62188
-20.532
52.3163
-4.14048
-12.2828
15.5525
-0.717028
37.6049
287.46
-7.66844
36.8164
220.851
-5.70779
27.4732
127.831
-2.68017
33.9254
115.302
-3.87933
22.6182
51.5637
-1.06745
13.1169
18.7563
1.68226
1.40042
435.776
-15.9668
1.78359
335.649
-12.9922
2.45945
264.93
-11.5017
1.9195
150.651
-6.58816
4.51135
78.1439
-3.82775
3.84985
17.911
-0.356397
-1.9546
426.817
-15.9348
-1.03927
272.12
-10.8165
-1.09473
229.844
-10.6868
-2.39678
159.068
-8.15719
-0.309023
73.2819
-3.77689
-0.0433731
23.2406
-0.641777
-0.327683
7.296
-0.196441
0.276117
3.01673
-0.314078
-0.37411
353.736
-12.66
10.6884
8.99848
0.209224
0.00631973
-0.985434
-0.0411502
-5.45053
4.51592
0.638839
-33.5565
280.815
-12.8026
-37.7933
254.474
-12.5644
-35.9571
188.505
-10.613
-44.2014
169.274
-11.613
-24.0014
74.7047
-5.94275
-16.9612
33.2271
-2.30117
42.4319
360.801
-9.74034
46.5676
317.657
-8.33936
35.8438
188.271
-4.70251
31.0331
126.642
-3.38852
25.8305
73.3203
-1.94809
18.7666
33.0002
0.0505477
1.28145
505.976
-18.2006
1.40418
321.216
-12.051
2.11474
285.919
-11.557
1.04641
164.572
-8.01862
3.64392
112.24
-5.64679
5.50909
48.2282
-1.8091
-1.87033
417.085
-15.2849
-1.69893
376.782
-14.4323
-1.02501
277.459
-11.6465
-1.4545
161.813
-7.24266
-0.7383
105.229
-5.53522
-0.00673821
45.7695
-2.14612
-7.43232
12.402
0.429465
-4.56844
26.2671
-1.52885
