-5.01241
44.1787
-2.09527
6.90344
66.2487
-2.01856
0.415583
0.227859
0.124512
-0.174195
-0.0313014
-0.0624043
-4.67484
44.9182
-2.08935
7.40754
67.3867
-2.03339
0.156494
0.00267039
-0.0815653
-0.269963
0.134854
0.127282
-9.96453
71.7662
-3.62842
-9.67508
55.0474
-3.12331
-11.1591
48.2837
-3.42051
-5.6444
18.4479
-1.7266
-5.51659
12.7982
-1.28668
-3.23913
4.49061
-0.530755
9.21491
71.6855
-2.12882
9.08834
54.8976
-1.54557
6.31836
29.2613
-0.606096
8.89144
29.6464
-0.663712
5.48875
12.5574
0.0327833
3.3439
4.37286
0.815625
-9.3154
73.223
-3.58707
-9.04335
56.4725
-2.98052
-9.37269
44.6832
-2.64328
-5.21409
19.4935
-1.07291
-4.8885
13.5256
-0.736206
-3.14171
4.36528
0.32706
9.88648
73.1631
-2.16595
9.73339
56.3778
-1.67205
6.67082
30.2629
-0.943233
9.59339
31.3759
-1.3593
6.37735
13.2845
-0.5834
2.77705
3.94621
-0.0133875
-0.624463
132.522
-5.17318
-1.70929
1.89833
-0.190748
-9.67157
89.1016
-4.17593
2.14702
1.78352
0.593966
18.9748
178.187
-5.40666
-0.39105
-0.339546
0.208616
1.08912
0.396724
-0.241394
-0.979374
0.251783
-0.157319
0.237451
89.8334
-3.45318
-2.00226
1.98495
0.968744
1.90731
2.09129
-0.345157
0.0316314
-0.109877
0.085392
-10.0107
80.0992
-3.90578
-9.86005
63.4032
-3.36528
-9.37298
46.8082
-2.89314
-8.62832
30.9971
-2.46811
-6.4673
18.2179
-1.74144
-4.49527
8.21264
-0.825385
9.2119
80.0482
-2.41679
9.18632
63.2932
-1.83176
8.8836
46.7233
-1.24035
7.89015
31.3579
-0.538859
6.29064
17.9077
-0.262092
4.53993
7.98255
0.376016
-14.0266
122.357
-5.82169
-9.22177
64.8282
-3.28376
-8.79457
48.1957
-2.65793
-6.36478
26.2183
-1.63109
-5.8239
19.2415
-1.15749
-3.92534
8.53654
-0.208134
9.88582
81.5447
-2.42952
9.82044
64.7706
-1.91144
9.53662
48.0819
-1.44607
8.2727
32.6837
-1.14019
7.08574
18.968
-0.806455
5.41417
8.43031
-0.346027
-38.4228
290.017
-14.4634
-46.7706
279.018
-15.2755
-33.6939
152.884
-9.80189
-17.9153
63.8996
-4.81642
-20.7262
52.8902
-4.29897
-12.4093
15.7491
-0.755792
37.8203
289.708
-8.60958
37.0364
222.69
-6.44553
27.6549
128.98
-3.11664
34.1813
116.461
-4.30634
22.8125
52.1261
-1.25825
13.2467
18.9751
1.63794
1.53836
439.091
-17.3205
1.91594
338.36
-14.0477
2.60225
267.253
-12.3605
2.04005
152.084
-7.08823
4.63026
78.9627
-4.09367
3.92791
18.1259
-0.419792
-2.15435
430.249
-17.2897
-1.19833
274.464
-11.7
-1.26862
232.01
-11.4605
-2.57149
160.758
-8.72509
-0.424071
74.1491
-4.04666
-0.115395
23.5579
-0.72605
-0.369904
7.4019
-0.219144
0.292928
3.06023
-0.332659
-0.394736
356.385
-13.76
10.801
9.11145
0.187301
0.00744821
-0.993995
-0.0378774
-5.50929
4.57736
0.638342
-33.7801
282.958
-13.6439
-38.0501
256.52
-13.33
-36.2137
190.137
-11.1887
-44.5385
170.887
-12.1444
-24.2161
75.4814
-6.17402
-17.1288
33.6124
-2.39546
42.6728
363.556
-10.9125
46.8391
320.214
-9.3878
36.0668
189.9
-5.33946
31.2536
127.84
-3.83473
26.0384
74.0853
-2.21967
18.9389
33.3761
-0.0647562
1.42619
509.74
-19.7656
1.51774
323.727
-13.0555
2.24522
288.32
-12.4676
1.15186
166.077
-8.56045
3.76423
113.36
-6.02568
5.62806
48.7635
-1.97382
-2.0458
420.353
-16.6002
-1.89641
379.908
-15.6382
-1.20869
279.953
-12.5609
-1.59812
163.417
-7.79878
-0.874417
106.409
-5.918
-0.099562
46.3458
-2.31625
-7.48131
12.564
0.401012
-4.59208
26.5056
-1.61125
