-5.0556
44.4933
-2.2282
6.9182
66.7205
-2.22986
0.419074
0.22992
0.125777
-0.176545
-0.0312587
-0.0634966
-4.68992
45.2248
-2.2223
7.46459
67.8467
-2.24459
0.158592
0.00296071
-0.0827815
-0.271965
0.135911
0.128625
-10.0512
72.3047
-3.84581
-9.76213
55.4933
-3.29251
-11.2667
48.7184
-3.575
-5.70426
18.6331
-1.78694
-5.58379
12.9446
-1.32929
-3.28272
4.55025
-0.545149
9.235
72.2241
-2.36161
9.11087
55.3427
-1.72851
6.33825
29.5207
-0.706108
8.92769
29.9494
-0.774268
5.51794
12.6983
-0.0133256
3.3661
4.42657
0.805986
-9.34586
73.7461
-3.80463
-9.07527
56.9045
-3.14989
-9.41061
45.0593
-2.78098
-5.23954
19.6705
-1.13122
-4.91701
13.663
-0.775826
-3.16182
4.41749
0.318177
9.96285
73.6866
-2.39824
9.81052
56.8104
-1.85407
6.72912
30.5156
-1.04282
9.6881
31.6695
-1.4706
6.44558
13.4215
-0.631972
2.81042
3.99203
-0.0237233
-0.674256
133.466
-5.58383
-1.73413
1.92596
-0.196061
-9.72988
89.7227
-4.44181
2.1631
1.80539
0.593041
19.0705
179.429
-5.96988
-0.399225
-0.342758
0.209651
1.09997
0.401567
-0.242919
-0.989189
0.255686
-0.157575
0.260272
90.4467
-3.72694
-2.01649
2.01105
0.971032
1.93217
2.11916
-0.353985
0.0337588
-0.110743
0.0853894
-10.0972
80.6829
-4.14748
-9.94704
63.8959
-3.55839
-9.45984
47.2058
-3.03909
-8.71256
31.2929
-2.56951
-6.5417
18.4136
-1.80188
-4.55265
8.31312
-0.852034
9.23164
80.6322
-2.67426
9.20735
63.7856
-2.03955
8.90806
47.1196
-1.39845
7.91832
31.6526
-0.649286
6.32024
18.0988
-0.328698
4.56699
8.07687
0.349057
-14.0719
123.209
-6.18436
-9.25281
65.3061
-3.47714
-8.82762
48.5806
-2.80393
-6.39296
26.4497
-1.71238
-5.85505
19.4268
-1.21577
-3.94968
8.62815
-0.230671
9.96194
82.113
-2.68674
9.89708
65.2491
-2.11851
9.61416
48.4675
-1.60329
8.35011
32.9709
-1.25034
7.15852
19.1535
-0.874464
5.47442
8.52295
-0.376817
-38.6571
292.139
-15.3331
-47.0672
281.212
-16.1205
-33.9244
154.21
-10.2792
-18.0543
64.5046
-5.01494
-20.9145
53.4567
-4.463
-12.533
15.946
-0.797857
38.0134
291.832
-9.53928
37.2353
224.445
-7.17447
27.8224
130.089
-3.54826
34.4227
117.594
-4.72638
22.9988
52.681
-1.44595
13.373
19.1925
1.59449
1.6739
442.231
-18.6702
2.04587
340.954
-15.1019
2.74281
269.507
-13.2194
2.15895
153.491
-7.58965
4.74698
79.7778
-4.36115
4.00529
18.3441
-0.483918
-2.35317
433.481
-18.6406
-1.35766
276.693
-12.5824
-1.44329
234.091
-12.2338
-2.74547
162.402
-9.29449
-0.539914
74.9997
-4.31826
-0.188188
23.871
-0.811764
-0.412567
7.50663
-0.242636
0.309914
3.10558
-0.3516
-0.415558
358.87
-14.8552
10.9112
9.22434
0.166447
0.00880979
-1.00202
-0.0344467
-5.56684
4.63966
0.636301
-33.9846
284.973
-14.4898
-38.2858
258.461
-14.1025
-36.4517
191.701
-11.7719
-44.8549
172.455
-12.6851
-24.4227
76.2436
-6.41127
-17.292
33.995
-2.49453
42.8883
366.148
-12.0704
47.0833
322.641
-10.4236
36.2697
191.462
-5.96884
31.4594
129.003
-4.27472
26.2362
74.8367
-2.48709
19.1053
33.7489
-0.177945
1.5686
513.291
-21.3247
1.62912
326.118
-14.0579
2.37328
290.632
-13.3777
1.25656
167.545
-9.10214
3.88206
114.468
-6.40587
5.74527
49.3005
-2.14012
-2.22015
423.418
-17.9106
-2.09343
382.865
-16.8415
-1.39308
282.336
-13.4748
-1.74187
164.966
-8.3558
-1.0111
107.562
-6.30238
-0.193267
46.9129
-2.48814
-7.52826
12.7288
0.369742
-4.61354
26.7373
-1.69464
