-5.0959
44.7863
-2.3616
6.9291
67.1601
-2.43845
0.422456
0.231919
0.127039
-0.178869
-0.0312061
-0.0645898
-4.70245
45.5122
-2.35572
7.51723
68.2778
-2.45307
0.160668
0.00326756
-0.0839782
-0.273911
0.136974
0.129914
-10.1323
72.8096
-4.06466
-9.84397
55.9155
-3.46341
-11.369
49.135
-3.73134
-5.76184
18.8124
-1.84823
-5.64938
13.0878
-1.37311
-3.32565
4.60892
-0.560272
9.24991
72.7292
-2.59144
9.12836
55.7643
-1.90921
6.35489
29.7689
-0.805043
8.96008
30.2432
-0.883316
5.5452
12.8359
-0.0588077
3.38735
4.47918
0.796435
-9.37127
74.2401
-4.0237
-9.10246
57.3168
-3.32112
-9.44394
45.4233
-2.92075
-5.26284
19.8434
-1.19101
-4.94402
13.7993
-0.816982
-3.18103
4.4704
0.308282
10.0334
74.1811
-2.62753
9.88218
57.2234
-2.0337
6.78409
30.7597
-1.14101
9.7788
31.9573
-1.57983
6.51171
13.5573
-0.679571
2.84314
4.03797
-0.0337599
-0.72356
134.345
-5.99244
-1.7587
1.95325
-0.201742
-9.78277
90.303
-4.70863
2.17863
1.82681
0.592173
19.1553
180.59
-6.52586
-0.407365
-0.345947
0.210562
1.11055
0.406317
-0.244272
-0.998817
0.259626
-0.157862
0.282736
91.0215
-3.99933
-2.0301
2.03786
0.972493
1.9567
2.14739
-0.362491
0.0359174
-0.111511
0.0853441
-10.1779
81.2283
-4.39041
-10.0286
64.3599
-3.75312
-9.54192
47.5844
-3.18672
-8.79281
31.578
-2.67244
-6.61388
18.6041
-1.86364
-4.60892
8.41164
-0.879726
9.2462
81.1778
-2.92842
9.22322
64.2495
-2.24476
8.9277
47.497
-1.55466
7.94272
31.9362
-0.758474
6.34741
18.2847
-0.394399
4.59261
8.1692
0.322478
-14.1095
124.011
-6.54891
-9.27891
65.7597
-3.67225
-8.85619
48.9505
-2.95187
-6.41821
26.6751
-1.79522
-5.8842
19.6095
-1.27578
-3.9729
8.71973
-0.254513
10.0322
82.6475
-2.94063
9.96805
65.7033
-2.32289
9.68655
48.8378
-1.75839
8.42375
33.2503
-1.35873
7.22865
19.3362
-0.941207
5.53316
8.61534
-0.406881
-38.8701
294.137
-16.2086
-47.3389
283.298
-16.9744
-34.1384
155.486
-10.7633
-18.1858
65.0927
-5.21742
-21.0963
54.0144
-4.63257
-12.6535
16.1424
-0.843239
38.1849
293.83
-10.457
37.4136
226.113
-7.89426
27.9759
131.154
-3.97481
34.6498
118.699
-5.13939
23.1771
53.2271
-1.63054
13.4959
19.408
1.55187
1.80726
445.197
-20.0153
2.17361
343.432
-16.1542
2.88136
271.688
-14.0782
2.27634
154.87
-8.09231
4.86165
80.5866
-4.63018
4.08198
18.5646
-0.548808
-2.55064
436.512
-19.9869
-1.51688
278.804
-13.4634
-1.61835
236.085
-13.0065
-2.91843
163.997
-9.86527
-0.656346
75.8313
-4.59164
-0.261676
24.1787
-0.898927
-0.45565
7.60974
-0.266917
0.327091
3.15258
-0.370905
-0.436378
361.191
-15.945
11.0187
9.33674
0.146645
0.0104051
-1.00952
-0.0308547
-5.62304
4.70257
0.632688
-34.1701
286.862
-15.34
-38.5007
260.296
-14.8817
-36.6712
193.197
-12.3622
-45.1505
173.974
-13.2348
-24.6206
76.9896
-6.65449
-17.4505
34.3737
-2.59838
43.0795
368.578
-13.2133
47.3012
324.936
-11.4463
36.4533
192.956
-6.59038
31.651
130.129
-4.70834
26.4241
75.5725
-2.7503
19.2658
34.1174
-0.289037
1.70888
516.631
-22.8772
1.73851
328.389
-15.0577
2.49915
292.854
-14.2872
1.36063
168.975
-9.64357
3.99758
115.56
-6.78732
5.86079
49.8376
-2.30801
-2.39303
426.282
-19.2155
-2.28956
385.651
-18.0417
-1.57773
284.606
-14.388
-1.88547
166.459
-8.91355
-1.14807
108.685
-6.68829
-0.287714
47.469
-2.66178
-7.57296
12.8959
0.335618
-4.63284
26.962
-1.77902
