-5.16804
45.3083
-2.62956
6.94001
67.9434
-2.84718
0.42885
0.235702
0.12954
-0.183419
-0.0310732
-0.0667694
-4.72017
46.0297
-2.62372
7.60997
69.0541
-2.86148
0.164734
0.00392834
-0.0863065
-0.277597
0.139092
0.13231
-10.2777
73.7191
-4.50635
-9.99233
56.6875
-3.81002
-11.5578
49.9111
-4.04941
-5.86993
19.1513
-1.97362
-5.77528
13.3623
-1.46439
-3.40914
4.72249
-0.592673
9.26515
73.6394
-3.04184
9.14907
56.5357
-2.26363
6.3789
30.2302
-0.999504
9.01351
30.8008
-1.0968
5.59378
13.0993
-0.147897
3.42677
4.58033
0.777516
-9.4075
75.1413
-4.46596
-9.14306
58.0816
-3.66887
-9.49709
46.1123
-3.2062
-5.30294
20.1759
-1.31488
-4.99317
14.0667
-0.903822
-3.21641
4.57739
0.285425
10.1578
75.0831
-3.0767
10.0098
57.9893
-2.38556
6.88438
31.2207
-1.33312
9.94822
32.5128
-1.79218
6.63748
13.8232
-0.771923
2.90641
4.12952
-0.0529883
-0.820321
135.911
-6.80288
-1.80681
2.00635
-0.214199
-9.87276
91.3426
-5.24463
2.20784
1.86794
0.590532
19.2941
182.669
-7.61518
-0.423509
-0.35224
0.211997
1.1308
0.415487
-0.246454
-1.01738
0.267556
-0.158515
0.326734
92.0568
-4.53953
-2.05521
2.09307
0.97283
2.00462
2.20448
-0.378555
0.0403343
-0.112756
0.0851111
-10.3225
82.2046
-4.87949
-10.1755
65.2016
-4.1471
-9.69193
48.2828
-3.48679
-8.94135
32.1142
-2.88276
-6.75119
18.9673
-1.99106
-4.71768
8.60155
-0.938195
9.26078
82.1549
-3.42639
9.24042
65.0914
-2.64709
8.95331
48.1931
-1.8612
7.98057
32.4682
-0.972953
6.39442
18.639
-0.523059
4.63928
8.34669
0.270418
-14.1628
125.462
-7.28297
-9.31681
66.5938
-4.06728
-8.90017
49.643
-3.25326
-6.45999
27.1057
-1.96539
-5.93618
19.9647
-1.40085
-4.01557
8.90136
-0.306083
10.156
83.6157
-3.43801
10.0938
66.5385
-2.72328
9.81653
49.5313
-2.06208
8.55994
33.7833
-1.57022
7.36082
19.6912
-1.07096
5.64578
8.79804
-0.4649
-39.2342
297.758
-17.9758
-47.8093
287.137
-18.7075
-34.5178
157.882
-11.7508
-18.4262
66.2125
-5.63393
-21.4393
55.0958
-4.98808
-12.8839
16.5304
-0.943862
38.4669
297.454
-12.2553
37.712
229.186
-9.30533
28.2427
133.15
-4.81212
35.0613
120.814
-5.9444
23.5091
54.2855
-1.99051
13.7298
19.8295
1.46883
2.06839
450.608
-22.6893
2.42355
348.028
-18.2518
3.15349
275.815
-15.794
2.50722
157.527
-9.10073
5.08534
82.1748
-5.17282
4.23324
19.0091
-0.68099
-2.93985
441.974
-22.6634
-1.83348
282.667
-15.2198
-1.96799
239.798
-14.5494
-3.26011
167.021
-11.0103
-0.890133
77.427
-5.14357
-0.410409
24.7735
-1.07757
-0.542974
7.8093
-0.317825
0.362066
3.25052
-0.41061
-0.477225
365.35
-18.1065
11.2249
9.55817
0.11006
0.0142883
-1.02291
-0.0231796
-5.73071
4.829
0.620689
-34.4862
290.264
-17.0517
-38.8699
263.647
-16.4588
-37.0556
195.977
-13.5635
-45.6799
176.851
-14.3608
-24.9897
78.4244
-7.15851
-17.7518
35.1138
-2.82023
43.3927
372.955
-15.4525
47.6623
329.127
-13.4508
36.7651
195.732
-7.80907
31.9921
132.259
-5.55623
26.7694
76.9892
-3.26413
19.5677
34.8363
-0.50511
1.98397
522.681
-25.9598
1.9522
332.565
-17.0481
2.74538
297.017
-16.1025
1.56741
171.706
-10.7252
4.2224
117.685
-7.55377
6.08694
50.9034
-2.64869
-2.73299
431.411
-21.8065
-2.67738
390.705
-20.4311
-1.94607
288.796
-16.2106
-2.17106
169.262
-10.0304
-1.42184
110.83
-7.46437
-0.478257
48.5408
-3.01422
-7.65469
13.2334
0.258761
-4.66495
27.3883
-1.9506
