-5.22938
45.7466
-2.89856
6.93771
68.6013
-3.24424
0.434672
0.239149
0.131987
-0.187798
-0.0309059
-0.0689237
-4.72861
46.4725
-2.89276
7.68718
69.7182
-3.25814
0.168655
0.00464617
-0.0885364
-0.280932
0.141149
0.134444
-10.402
74.4954
-4.95245
-10.1209
57.3615
-4.16235
-11.7256
50.6067
-4.37408
-5.96838
19.4615
-2.10257
-5.89337
13.6182
-1.56025
-3.48882
4.82956
-0.627821
9.26264
74.417
-3.47946
9.15229
57.2098
-2.60843
6.39128
30.6423
-1.18922
9.05216
31.3132
-1.30415
5.63416
13.3444
-0.234565
3.46161
4.67481
0.758674
-9.42529
75.9267
-4.91281
-9.1661
58.7644
-4.02285
-9.53264
46.7448
-3.49884
-5.33422
20.4873
-1.44407
-5.03516
14.3242
-0.996418
-3.2471
4.68418
0.258495
10.2616
75.8696
-3.51299
10.1179
58.6732
-2.72739
6.97234
31.6427
-1.51956
10.1018
33.0359
-1.99666
6.7542
14.0786
-0.860668
2.9664
4.21941
-0.0712066
-0.914043
137.227
-7.6031
-1.85314
2.05674
-0.228067
-9.9427
92.2235
-5.78275
2.23421
1.90622
0.588869
19.3952
184.432
-8.67328
-0.439406
-0.358391
0.212902
1.14964
0.424129
-0.247918
-1.03481
0.275445
-0.159239
0.369747
92.9424
-5.07289
-2.07705
2.14936
0.969601
2.05065
2.26157
-0.393403
0.04489
-0.113631
0.0846661
-10.4456
83.0305
-5.3719
-10.3018
65.9277
-4.54629
-9.82348
48.9002
-3.79268
-9.07395
32.601
-3.09863
-6.87845
19.3031
-2.1234
-4.82065
8.77967
-1.0006
9.25769
82.982
-3.9101
9.23988
65.8183
-3.03826
8.96199
48.8087
-2.15962
8.00451
32.9495
-1.18205
6.43162
18.9666
-0.648103
4.67945
8.51255
0.219695
-14.1882
126.714
-8.02219
-9.33658
67.3293
-4.46784
-8.92727
50.2695
-3.56126
-6.49026
27.506
-2.14108
-5.97923
20.3024
-1.53226
-4.05258
9.07844
-0.362673
10.2591
84.4512
-3.92107
10.1995
67.2749
-3.11222
9.92792
50.1587
-2.35699
8.6817
34.2779
-1.77479
7.48207
20.0286
-1.19594
5.75138
8.97556
-0.52029
-39.5192
300.88
-19.7608
-48.1859
290.526
-20.4707
-34.8334
160.055
-12.7621
-18.636
67.2478
-6.06487
-21.752
56.1194
-5.36432
-13.0979
16.9062
-1.05718
38.6737
300.582
-14.0023
37.9379
231.9
-10.6774
28.4586
134.956
-5.62782
35.4168
122.782
-6.72204
23.8072
55.287
-2.33868
13.9467
20.2328
1.3882
2.32362
455.325
-25.3379
2.66781
352.131
-20.337
3.42071
279.604
-17.5057
2.73394
160.025
-10.112
5.30234
83.7038
-5.72123
4.38152
19.4512
-0.816489
-3.31884
446.638
-25.3147
-2.14518
286.044
-16.9662
-2.31438
243.124
-16.087
-3.59428
169.799
-12.1587
-1.12376
78.9152
-5.70182
-0.560913
25.3328
-1.26181
-0.631636
7.99689
-0.371755
0.397922
3.35186
-0.451734
-0.515768
368.874
-20.2409
11.4177
9.7718
0.0771715
0.019058
-1.0342
-0.0148502
-5.83098
4.9541
0.602348
-34.7325
293.17
-18.7752
-39.1616
266.569
-18.0574
-37.3696
198.462
-14.7896
-46.1276
179.495
-15.5195
-25.3208
79.7682
-7.68465
-18.0295
35.8212
-3.06015
43.621
376.697
-17.6274
47.931
332.785
-15.399
37.0076
198.215
-8.9945
32.2791
134.211
-6.3784
27.0739
78.3181
-3.76162
19.8428
35.5222
-0.713565
2.25327
527.901
-29.0081
2.16055
336.249
-19.0231
2.98598
300.785
-17.9106
1.77313
174.244
-11.8042
4.44017
119.707
-8.3243
6.30688
51.9432
-2.99578
-3.06306
435.751
-24.3687
-3.05658
395.069
-22.802
-2.31019
292.503
-18.0256
-2.45267
171.802
-11.1476
-1.69361
112.817
-8.24528
-0.670027
49.5458
-3.37317
-7.72473
13.5698
0.170582
-4.68854
27.781
-2.12559
