-5.2562
45.935
-3.03323
6.93211
68.8843
-3.43832
0.437339
0.240728
0.13318
-0.189907
-0.03081
-0.0699846
-4.72957
46.6663
-3.02745
7.72044
70.0088
-3.45199
0.170549
0.00502383
-0.0896097
-0.282439
0.142134
0.135405
-10.4565
74.8341
-5.17675
-10.178
57.6613
-4.3403
-11.8018
50.9229
-4.53858
-6.01389
19.6047
-2.16826
-5.9492
13.738
-1.60976
-3.52698
4.8801
-0.64635
9.2554
74.7564
-3.69342
9.14793
57.5099
-2.77717
6.3934
30.8291
-1.28227
9.06608
31.5506
-1.40556
5.65117
13.459
-0.277046
3.47713
4.71906
0.749204
-9.4277
76.2762
-5.13753
-9.17137
59.0742
-4.20179
-9.54401
47.0382
-3.64749
-5.3465
20.6339
-1.51046
-5.05323
14.4478
-1.04472
-3.26046
4.73678
0.243537
10.3065
76.2195
-3.72625
10.1652
58.9834
-2.89454
7.01192
31.838
-1.61069
10.1726
33.2831
-2.09611
6.80899
14.201
-0.903786
2.99503
4.26322
-0.07999
-0.95957
137.792
-7.99898
-1.87548
2.08064
-0.235498
-9.97056
92.6058
-6.05215
2.24619
1.92408
0.587962
19.4328
185.197
-9.19043
-0.447237
-0.3614
0.21315
1.15845
0.428217
-0.248377
-1.043
0.27933
-0.159611
0.390978
93.3301
-5.33673
-2.08659
2.17749
0.966617
2.07281
2.28977
-0.400396
0.0472207
-0.113937
0.0843564
-10.4994
83.388
-5.61893
-10.3575
66.2474
-4.74746
-9.88251
49.1776
-3.9475
-9.13431
32.8245
-3.20842
-6.93809
19.4595
-2.19125
-4.86966
8.86346
-1.03316
9.25018
83.3401
-4.14652
9.2336
66.1385
-3.22959
8.96051
49.0854
-2.30575
8.01152
33.1698
-1.28455
6.44652
19.1191
-0.709318
4.69692
8.59034
0.194769
-14.1911
127.267
-8.39308
-9.34005
67.6597
-4.66979
-8.93476
50.5569
-3.71738
-6.50115
27.6934
-2.23077
-5.99722
20.4631
-1.60013
-4.0687
9.16424
-0.392748
10.3035
84.8198
-4.15717
10.2454
67.6056
-3.30238
9.9771
50.4464
-2.50118
8.73732
34.5092
-1.87456
7.53853
20.189
-1.25675
5.80134
9.06141
-0.547086
-39.6337
302.256
-20.6584
-48.3407
292.048
-21.3618
-34.9679
161.052
-13.2755
-18.7292
67.7302
-6.28522
-21.896
56.6047
-5.5596
-13.1979
17.0874
-1.11833
38.7513
301.96
-14.8564
38.0258
233.12
-11.3487
28.5485
135.782
-6.02751
35.5739
123.703
-7.10105
23.943
55.7616
-2.50862
14.048
20.4255
1.34853
2.44962
457.424
-26.6512
2.78845
353.993
-21.3739
3.55309
281.361
-18.3591
2.84612
161.205
-10.6183
5.40864
84.438
-5.99739
4.45446
19.6686
-0.8855
-3.50361
448.674
-26.6294
-2.29831
287.547
-17.8345
-2.4854
244.635
-16.8531
-3.75791
171.087
-12.7336
-1.24
79.6124
-5.98301
-0.636608
25.5961
-1.35592
-0.676382
8.08505
-0.399792
0.416189
3.40303
-0.4728
-0.53374
370.404
-21.2968
11.5084
9.87439
0.0619523
0.0217535
-1.03907
-0.0104453
-5.8779
5.01529
0.590848
-34.8308
294.439
-19.6398
-39.2799
267.869
-18.8632
-37.5011
199.591
-15.4106
-46.3212
180.72
-16.1098
-25.4713
80.4002
-7.95528
-18.1585
36.159
-3.18641
43.7062
378.332
-18.6905
48.0337
334.412
-16.3519
37.1047
199.342
-9.5747
32.4031
135.114
-6.78007
27.2108
78.9439
-4.00454
19.9696
35.8492
-0.815206
2.38632
530.203
-30.5179
2.26326
337.904
-20.0038
3.10483
302.513
-18.811
1.87588
175.432
-12.3423
4.54686
120.671
-8.71077
6.4146
52.4474
-3.17164
-3.22366
437.63
-25.6377
-3.24199
396.991
-23.9793
-2.48961
294.17
-18.9293
-2.59133
172.966
-11.7057
-1.8281
113.743
-8.63715
-0.766011
50.0183
-3.55489
-7.75481
13.7353
0.122387
-4.69718
27.9635
-2.21418
