-5.28057
46.1035
-3.16788
6.92381
69.1372
-3.62943
0.439827
0.242201
0.134348
-0.191956
-0.0307063
-0.0710308
-4.72848
46.8421
-3.16211
7.75038
70.2724
-3.64286
0.17239
0.00541233
-0.0906529
-0.283825
0.14308
0.136291
-10.5062
75.1402
-5.40162
-10.2306
57.936
-4.51922
-11.8729
51.217
-4.70433
-6.0569
19.7396
-2.23466
-6.00273
13.8518
-1.66024
-3.56387
4.92836
-0.665461
9.24451
75.0632
-3.90413
9.13993
57.785
-2.94348
6.39298
31.0026
-1.37411
9.07647
31.7745
-1.50552
5.66599
13.5678
-0.319
3.49129
4.76108
0.739653
-9.42601
76.5968
-5.36284
-9.17265
59.3624
-4.38178
-9.55122
47.3154
-3.79748
-5.35653
20.7738
-1.5779
-5.0692
14.5672
-1.09423
-3.27236
4.78845
0.227617
10.3469
76.5407
-3.93626
10.2082
59.2721
-3.0592
7.04868
32.0223
-1.70046
10.2395
33.5196
-2.19382
6.86133
14.3192
-0.946132
3.02265
4.30599
-0.0885887
-1.00412
138.298
-8.39184
-1.89719
2.10353
-0.243236
-9.99393
92.95
-6.3215
2.25728
1.94096
0.586968
19.4625
185.885
-9.69966
-0.454973
-0.364355
0.213261
1.16682
0.432131
-0.248655
-1.0508
0.28315
-0.15998
0.412073
93.6817
-5.59854
-2.09511
2.20537
0.962714
2.09434
2.31757
-0.407117
0.0495861
-0.114159
0.083985
-10.5484
83.7091
-5.86623
-10.4085
66.5382
-4.94943
-9.93717
49.4338
-4.10337
-9.19073
33.0339
-3.31931
-6.99493
19.6074
-2.26012
-4.91687
8.94329
-1.06656
9.23906
83.6619
-4.37931
9.22365
66.4299
-3.4181
8.95544
49.3408
-2.44983
8.01538
33.3759
-1.3857
6.45894
19.2634
-0.769703
4.71257
8.66429
0.170088
-14.1878
127.77
-8.7644
-9.33946
67.965
-4.8726
-8.93835
50.8262
-3.87469
-6.50923
27.8715
-2.32154
-6.01274
20.6176
-1.6693
-4.0831
9.24764
-0.423934
10.3435
85.1558
-4.38963
10.287
67.9112
-3.48967
10.0222
50.716
-2.64323
8.78951
34.7288
-1.97275
7.59216
20.3431
-1.31652
5.84928
9.14478
-0.573338
-39.7304
303.51
-21.5583
-48.4739
293.453
-22.2579
-35.0872
161.986
-13.7933
-18.8145
68.1869
-6.50844
-22.0313
57.0695
-5.75922
-13.2928
17.2628
-1.18226
38.8132
303.216
-15.6976
38.0982
234.248
-12.0102
28.6269
136.557
-6.42183
35.7173
124.579
-7.47385
24.0698
56.2163
-2.67598
14.1443
20.611
1.30913
2.57484
459.351
-27.9565
2.90842
355.726
-22.4063
3.68498
283.02
-19.2103
2.9577
162.332
-11.1245
5.51362
85.1476
-6.27471
4.52654
19.8819
-0.955347
-3.6848
450.514
-27.9361
-2.44921
288.926
-18.6992
-2.65449
246.041
-17.617
-3.91893
172.3
-13.3085
-1.3556
80.2748
-6.2654
-0.712479
25.8469
-1.45129
-0.721352
8.16885
-0.4285
0.434681
3.4541
-0.494179
-0.550635
371.781
-22.3447
11.5949
9.97346
0.0474466
0.0246405
-1.04343
-0.00588541
-5.92246
5.07512
0.577844
-34.9135
295.589
-20.5054
-39.3806
269.061
-19.6724
-37.6161
200.641
-16.0361
-46.4949
181.877
-16.7065
-25.6114
81.0027
-8.23045
-18.2804
36.484
-3.31655
43.7735
379.813
-19.7372
48.1167
335.905
-17.2905
37.1866
200.39
-10.1466
32.5143
135.966
-7.17567
27.3373
79.5409
-4.24378
20.089
36.1637
-0.915304
2.5186
532.303
-32.0171
2.36529
339.434
-20.9794
3.22303
304.134
-19.7084
1.97867
176.562
-12.8792
4.65233
121.596
-9.09784
6.52086
52.9378
-3.34896
-3.38096
439.318
-26.8979
-3.42414
398.74
-25.1504
-2.66676
295.71
-19.8299
-2.72822
174.056
-12.263
-1.96135
114.621
-9.02971
-0.861871
50.4684
-3.73797
-7.78129
13.8978
0.0715735
-4.70375
28.1361
-2.3034
