-5.30259
46.2522
-3.30239
6.91301
69.3607
-3.81758
0.442125
0.243562
0.135485
-0.193936
-0.030595
-0.0720596
-4.72542
47
-3.29663
7.77723
70.5092
-3.83077
0.174173
0.0058103
-0.0916639
-0.285079
0.143978
0.137099
-10.5513
75.4139
-5.62684
-10.2786
58.1856
-4.69891
-11.939
51.4887
-4.87113
-6.09735
19.8655
-2.3017
-6.05385
13.9592
-1.71157
-3.5994
4.97413
-0.685107
9.23026
75.3378
-4.11164
9.12851
58.0351
-3.10737
6.39012
31.1624
-1.46474
9.08338
31.9843
-1.60408
5.67857
13.6702
-0.360465
3.50402
4.80067
0.729983
-9.42041
76.8887
-5.58852
-9.1701
59.6288
-4.56262
-9.55437
47.5756
-3.9486
-5.3643
20.9063
-1.64629
-5.083
14.6819
-1.14487
-3.28272
4.83888
0.210766
10.3832
76.833
-4.14307
10.2472
59.5388
-3.22142
7.08273
32.1949
-1.78892
10.3026
33.7444
-2.28988
6.91114
14.4326
-0.98776
3.04922
4.34751
-0.0970293
-1.04763
138.745
-8.78152
-1.91819
2.1253
-0.251261
-10.013
93.2567
-6.59057
2.26743
1.95679
0.585854
19.4848
186.499
-10.201
-0.462605
-0.367248
0.213234
1.1747
0.435859
-0.248753
-1.05818
0.286888
-0.160338
0.433068
93.9976
-5.85823
-2.10257
2.23282
0.957891
2.11517
2.34481
-0.413579
0.0519855
-0.114303
0.0835493
-10.5927
83.9943
-6.11359
-10.4548
66.8003
-5.15199
-9.98755
49.6683
-4.26011
-9.24324
33.2288
-3.43114
-7.04888
19.7464
-2.32989
-4.96216
9.01883
-1.10073
9.2246
83.9478
-4.60852
9.21031
66.6926
-3.60381
8.94697
49.5748
-2.59188
8.01618
33.5672
-1.48552
6.46886
19.3989
-0.829296
4.72632
8.73411
0.145613
-14.1787
128.226
-9.13582
-9.33499
68.2449
-5.07603
-8.93817
51.077
-4.03297
-6.51456
28.0398
-2.41324
-6.02573
20.7651
-1.73964
-4.09567
9.3282
-0.456162
10.3794
85.4596
-4.61851
10.3245
68.1914
-3.67414
10.0634
50.9671
-2.78319
8.83832
34.9361
-2.0694
7.64295
20.4903
-1.37531
5.89511
9.22525
-0.599093
-39.8099
304.64
-22.4596
-48.5864
294.74
-23.1582
-35.1916
162.857
-14.3149
-18.8919
68.6166
-6.73422
-22.1574
57.512
-5.9628
-13.3822
17.4315
-1.2488
38.8602
304.35
-16.5259
38.156
235.281
-12.6621
28.6944
137.276
-6.81085
35.8473
125.406
-7.84074
24.1873
56.6491
-2.84095
14.2352
20.7883
1.26986
2.6995
461.104
-29.2532
3.02796
357.328
-23.4336
3.81658
284.578
-20.059
3.06883
163.403
-11.6305
5.6174
85.8292
-6.55304
4.5977
20.0899
-1.02602
-3.86215
452.161
-29.2341
-2.59755
290.179
-19.5597
-2.82131
247.338
-18.3783
-4.07714
173.437
-13.8832
-1.47037
80.8999
-6.54879
-0.788439
26.0842
-1.54783
-0.766505
8.24785
-0.457838
0.453393
3.50474
-0.51585
-0.566314
373.008
-23.3841
11.677
10.0685
0.0335674
0.027705
-1.0473
-0.00117613
-5.96448
5.13322
0.563385
-34.981
296.619
-21.3712
-39.4643
270.144
-20.484
-37.7151
201.61
-16.6653
-46.6489
182.961
-17.3088
-25.7408
81.5731
-8.5097
-18.3947
36.7948
-3.45024
43.8242
381.14
-20.7678
48.1814
337.262
-18.2152
37.2543
201.359
-10.7105
32.6132
136.763
-7.5654
27.4535
80.1067
-4.47955
20.2006
36.4641
-1.01401
2.6503
534.201
-33.5053
2.46683
340.838
-21.9494
3.34082
305.643
-20.6023
2.08159
177.628
-13.4146
4.75674
122.481
-9.4853
6.62565
53.4117
-3.52766
-3.53475
440.818
-28.1488
-3.60272
400.317
-26.3147
-2.84127
297.121
-20.7269
-2.86312
175.069
-12.8192
-2.09313
115.446
-9.42273
-0.95747
50.894
-3.92229
-7.80398
14.0563
0.0182536
-4.70829
28.2983
-2.39314
