-5.32235
46.3817
-3.43664
6.8999
69.5552
-4.00281
0.444221
0.244802
0.136586
-0.195842
-0.0304761
-0.0730678
-4.72051
47.1403
-3.43089
7.80116
70.7195
-4.01575
0.175893
0.00621626
-0.0926407
-0.286188
0.144819
0.137828
-10.5918
75.6555
-5.85217
-10.3223
58.4099
-4.87917
-12.0001
51.7373
-5.03878
-6.13525
19.9823
-2.36928
-6.10244
14.0597
-1.76368
-3.63347
5.01719
-0.705232
9.21289
75.5803
-4.31597
9.11391
58.26
-3.26889
6.38495
31.3084
-1.55419
9.08686
32.1791
-1.7013
5.68888
13.766
-0.401481
3.51524
4.83767
0.720153
-9.41109
77.1519
-5.81434
-9.16387
59.8729
-4.74407
-9.55355
47.818
-4.10064
-5.36979
21.0311
-1.71549
-5.09451
14.7912
-1.19652
-3.29146
4.88776
0.193025
10.4156
77.0966
-4.34672
10.2824
59.7832
-3.38126
7.11414
32.3556
-1.8761
10.3617
33.9565
-2.3844
6.95835
14.5407
-1.02873
3.07466
4.38756
-0.10534
-1.09006
139.133
-9.16789
-1.93843
2.14585
-0.259547
-10.0279
93.5264
-6.85913
2.27657
1.9715
0.58459
19.5003
187.039
-10.6946
-0.470118
-0.370071
0.213068
1.18208
0.439385
-0.248671
-1.0651
0.290525
-0.160678
0.453994
94.2782
-6.11571
-2.10889
2.25964
0.952153
2.13523
2.37134
-0.419798
0.0544174
-0.114371
0.0830472
-10.6325
84.2442
-6.36077
-10.4968
67.0336
-5.35492
-10.0337
49.881
-4.41753
-9.29187
33.4086
-3.54377
-7.09988
19.876
-2.40045
-5.0054
9.08975
-1.13558
9.20705
84.1984
-4.83417
9.19381
66.9267
-3.78675
8.93532
49.7869
-2.73194
8.01402
33.7432
-1.58403
6.47627
19.5253
-0.888143
4.7381
8.7995
0.121303
-14.1639
128.633
-9.50698
-9.32681
68.4994
-5.27987
-8.93434
51.3088
-4.19201
-6.51715
28.1977
-2.50573
-6.03612
20.9049
-1.81102
-4.10633
9.40547
-0.489354
10.4114
85.7314
-4.84384
10.3582
68.446
-3.85584
10.1008
51.1991
-2.92112
8.88383
35.1304
-2.1646
7.69086
20.6298
-1.43318
5.93873
9.30239
-0.624401
-39.8731
305.65
-23.3614
-48.6788
295.909
-24.0614
-35.2814
163.66
-14.8396
-18.9613
69.0177
-6.96219
-22.274
57.93
-6.16989
-13.4658
17.5926
-1.31774
38.8935
305.363
-17.3416
38.2001
236.219
-13.3046
28.7513
137.94
-7.1947
35.964
126.18
-8.20205
24.2955
57.058
-3.0037
14.3205
20.9567
1.2306
2.82381
462.685
-30.5408
3.14729
358.795
-24.4556
3.9481
286.029
-20.9048
3.17962
164.412
-12.1359
5.72005
86.4793
-6.83222
4.66789
20.2914
-1.09749
-4.03539
453.615
-30.523
-2.74308
291.307
-20.4156
-2.98554
248.525
-19.1366
-4.23234
174.493
-14.4574
-1.58414
81.485
-6.83301
-0.864398
26.3068
-1.64547
-0.811798
8.32165
-0.487763
0.472316
3.5546
-0.537788
-0.580652
374.087
-24.4146
11.7544
10.1589
0.0202214
0.0309311
-1.05066
0.0036759
-6.0038
5.18924
0.54753
-35.0342
297.531
-22.2363
-39.5318
271.12
-21.2972
-37.7985
202.498
-17.2974
-46.7836
183.97
-17.9158
-25.8592
82.1091
-8.79253
-18.501
37.0898
-3.58717
43.8594
382.316
-21.7825
48.2288
338.485
-19.1261
37.3083
202.246
-11.2663
32.7
137.505
-7.94952
27.5591
80.639
-4.71205
20.3041
36.7491
-1.1115
2.78162
535.898
-34.9818
2.56806
342.114
-22.9134
3.45843
307.038
-21.4924
2.18472
178.629
-13.9485
4.86026
123.32
-9.87294
6.72899
53.8666
-3.70764
-3.68481
442.133
-29.3899
-3.77745
401.722
-27.4718
-3.01278
298.402
-21.6199
-2.99582
176.003
-13.3741
-2.22322
116.216
-9.81597
-1.05268
51.2934
-4.10771
-7.82267
14.2097
-0.0374405
-4.71082
28.4496
-2.48329
