-5.33994
46.4922
-3.57051
6.88468
69.7213
-4.18518
0.446103
0.245915
0.137648
-0.197667
-0.0303498
-0.0740525
-4.71383
47.2631
-3.56477
7.82237
70.9037
-4.19785
0.177545
0.00662869
-0.0935816
-0.287144
0.145594
0.138475
-10.6281
75.8654
-6.07738
-10.3618
58.6088
-5.05976
-12.0563
51.9623
-5.20707
-6.17055
20.0894
-2.43731
-6.1484
14.153
-1.81644
-3.66597
5.05735
-0.725776
9.19266
75.7911
-4.5172
9.09636
58.4597
-3.42808
6.37758
31.4402
-1.64248
9.08696
32.3584
-1.79725
5.69686
13.8548
-0.442096
3.52489
4.87191
0.710121
-9.39824
77.3863
-6.04003
-9.15411
60.0944
-4.92589
-9.54886
48.0419
-4.25336
-5.37299
21.1476
-1.78536
-5.10366
14.8947
-1.24907
-3.29848
4.93477
0.174439
10.4443
77.3314
-4.54727
10.314
60.0049
-3.53878
7.14301
32.5037
-1.96208
10.417
34.1552
-2.4775
7.0029
14.6429
-1.0691
3.09891
4.42591
-0.113549
-1.13136
139.465
-9.55081
-1.95784
2.16509
-0.268068
-10.0389
93.7597
-7.12693
2.28466
1.98499
0.583141
19.5093
187.506
-11.1805
-0.477502
-0.372814
0.212764
1.18892
0.442699
-0.248412
-1.07152
0.294042
-0.16099
0.474882
94.524
-6.37088
-2.11403
2.28567
0.945508
2.15448
2.39701
-0.425789
0.0568803
-0.114369
0.0824769
-10.668
84.4592
-6.60752
-10.5345
67.2383
-5.55798
-10.0758
50.0716
-4.57541
-9.33666
33.5728
-3.65702
-7.14782
19.9958
-2.47167
-5.04649
9.15577
-1.17102
9.18666
84.4142
-5.05635
9.17441
67.1323
-3.96697
8.92069
49.9771
-2.87005
8.009
33.9036
-1.68127
6.48116
19.6419
-0.946295
4.74785
8.86018
0.0971139
-14.1439
128.992
-9.87749
-9.31508
68.7282
-5.48386
-8.92699
51.521
-4.3516
-6.51706
28.3445
-2.59886
-6.04383
21.0364
-1.88327
-4.11498
9.47902
-0.523424
10.4398
85.9713
-5.0657
10.3883
68.6749
-4.03484
10.1347
51.4114
-3.05709
8.92608
35.311
-2.25842
7.73585
20.761
-1.49022
5.98006
9.3758
-0.649315
-39.9206
306.538
-24.2628
-48.752
296.957
-24.9665
-35.3569
164.395
-15.3666
-19.0228
69.3888
-7.19194
-22.3807
58.3216
-6.38004
-13.5433
17.7452
-1.38885
38.9139
306.254
-18.1449
38.2312
237.062
-13.9378
28.798
138.545
-7.57351
36.0673
126.9
-8.55815
24.3941
57.4411
-3.16444
14.3999
21.1151
1.19119
2.94794
464.094
-31.8187
3.26661
360.127
-25.4715
4.07971
287.369
-21.747
3.29019
165.356
-12.6405
5.82166
87.0945
-7.11207
4.73704
20.4852
-1.16973
-4.20431
454.879
-31.8021
-2.88553
292.308
-21.2664
-3.14689
249.599
-19.8916
-4.38437
175.464
-15.0305
-1.69674
82.0279
-7.11784
-0.940269
26.5136
-1.74412
-0.857186
8.38985
-0.518224
0.49144
3.60333
-0.559965
-0.59354
375.021
-25.436
11.8268
10.2443
0.00731012
0.0343018
-1.05355
0.00866291
-6.04026
5.24282
0.530345
-35.0737
298.326
-23.1
-39.5837
271.986
-22.111
-37.8668
203.302
-17.9316
-46.8991
184.901
-18.5265
-25.9662
82.6087
-9.07837
-18.5991
37.3675
-3.72696
43.8802
383.342
-22.7815
48.2601
339.571
-20.0236
37.3494
203.05
-11.8145
32.775
138.187
-8.3283
27.6543
81.1356
-4.94154
20.3994
37.0172
-1.20793
2.91274
537.398
-36.4461
2.66918
343.261
-23.8709
3.57604
308.316
-22.378
2.28811
179.559
-14.4804
4.96302
124.11
-10.2605
6.83086
54.2999
-3.88879
-3.831
443.264
-30.6207
-3.94807
402.956
-28.6211
-3.18098
299.549
-22.5084
-3.12612
176.854
-13.9273
-2.35144
116.929
-10.2092
-1.14736
51.6648
-4.29406
-7.83717
14.3572
-0.0953596
-4.71138
28.5894
-2.57373
