-5.35547
46.5841
-3.70386
6.86752
69.8595
-4.36473
0.44776
0.246896
0.138665
-0.199405
-0.030216
-0.0750108
-4.70549
47.3687
-3.69813
7.84106
71.0621
-4.37714
0.179122
0.00704597
-0.0944845
-0.287936
0.146297
0.139039
-10.6602
76.044
-6.3022
-10.3973
58.7824
-5.24045
-12.1077
52.1633
-5.37574
-6.20325
20.1867
-2.50566
-6.19163
14.2386
-1.86973
-3.69681
5.09443
-0.746677
9.16982
75.9706
-4.71539
9.07609
58.634
-3.58501
6.36812
31.5576
-1.72964
9.08373
32.5216
-1.892
5.70247
13.9361
-0.482359
3.53288
4.90323
0.699843
-9.38204
77.592
-6.26534
-9.14097
60.2928
-5.10783
-9.54041
48.2466
-4.40652
-5.37391
21.2553
-1.85577
-5.11036
14.9917
-1.30237
-3.30371
4.97961
0.15506
10.4697
77.5375
-4.74481
10.3423
60.2036
-3.69406
7.16942
32.6388
-2.0469
10.4684
34.3394
-2.56928
7.04471
14.7386
-1.10894
3.12192
4.46236
-0.121685
-1.1715
139.741
-9.93014
-1.97636
2.18291
-0.276794
-10.0462
93.9573
-7.39369
2.29163
1.99721
0.581474
19.5124
187.901
-11.6589
-0.484743
-0.37547
0.212322
1.19519
0.445786
-0.247978
-1.07741
0.297421
-0.161265
0.495758
94.7353
-6.62365
-2.11793
2.3107
0.937969
2.17284
2.42168
-0.431568
0.0593719
-0.114301
0.0818368
-10.6993
84.6399
-6.85356
-10.5681
67.4147
-5.7609
-10.114
50.2398
-4.73355
-9.37765
33.721
-3.77072
-7.19264
20.1052
-2.54341
-5.08532
9.21657
-1.20697
9.16369
84.5957
-5.27511
9.15234
67.3095
-4.14455
8.90328
50.1449
-3.00628
8.00123
34.0478
-1.77728
6.48351
19.7484
-1.00381
4.7555
8.9159
0.072998
-14.1189
129.305
-10.247
-9.29999
68.9312
-5.68773
-8.91625
51.713
-4.51146
-6.51431
28.4798
-2.69245
-6.04881
21.1589
-1.95625
-4.12154
9.5484
-0.558278
10.4648
86.1797
-5.28416
10.415
68.8779
-4.21122
10.1653
51.6036
-3.19117
8.96513
35.4771
-2.35097
7.7779
20.8833
-1.5465
6.019
9.44507
-0.673888
-39.9531
307.306
-25.1625
-48.8065
297.884
-25.8721
-35.4184
165.059
-15.895
-19.0763
69.7286
-7.42307
-22.4772
58.685
-6.59272
-13.6144
17.8884
-1.46188
38.9223
307.026
-18.9362
38.2501
237.808
-14.5621
28.835
139.092
-7.94747
36.1575
127.562
-8.90944
24.4829
57.7967
-3.32338
14.4732
21.2627
1.15149
3.07208
465.33
-33.0863
3.3861
361.32
-26.481
4.21159
288.594
-22.5854
3.40064
166.231
-13.1439
5.92231
87.6714
-7.3924
4.80507
20.6701
-1.24271
-4.36873
455.955
-33.0709
-3.02468
293.182
-22.1118
-3.30508
250.558
-20.6429
-4.53308
176.348
-15.6024
-1.80801
82.5263
-7.40306
-1.01597
26.7038
-1.84367
-0.902622
8.45208
-0.54917
0.510749
3.65059
-0.58235
-0.604887
375.811
-26.4477
11.894
10.324
-0.00526914
0.0377983
-1.05597
0.013776
-6.07371
5.29363
0.511908
-35.1
299.006
-23.9612
-39.6207
272.745
-22.9243
-37.9205
204.022
-18.5668
-46.9958
185.749
-19.14
-26.0618
83.0694
-9.36663
-18.6885
37.6265
-3.86922
43.8877
384.221
-23.7653
48.2765
340.523
-20.908
37.3784
203.769
-12.3552
32.8384
138.808
-8.70203
27.7389
81.5942
-5.16824
20.4862
37.2671
-1.30351
3.04381
538.699
-37.8976
2.77034
344.28
-24.8215
3.69385
309.472
-23.2588
2.3918
180.416
-15.0102
5.06517
124.846
-10.6478
6.93125
54.709
-4.07096
-3.97318
444.216
-31.8408
-4.11438
404.019
-29.7619
-3.34559
300.563
-23.3919
-3.25384
177.62
-14.4784
-2.47761
117.58
-10.6021
-1.24141
52.0065
-4.4812
-7.8473
14.4978
-0.155338
-4.71
28.7174
-2.66433
