-5.36904
46.6578
-3.83656
6.84861
69.9705
-4.54155
0.449183
0.247737
0.139631
-0.20105
-0.0300747
-0.0759398
-4.69556
47.4574
-3.83083
7.85739
71.1949
-4.5537
0.180621
0.00746646
-0.0953476
-0.288555
0.146918
0.139518
-10.6884
76.1916
-6.52634
-10.4289
58.9305
-5.42097
-12.1543
52.3399
-5.54455
-6.23332
20.2737
-2.57422
-6.23202
14.3162
-1.92344
-3.7259
5.12826
-0.767864
9.14459
76.1192
-4.91064
9.0533
58.783
-3.73975
6.35668
31.6603
-1.81571
9.07722
32.668
-1.98565
5.70567
14.0096
-0.522321
3.53917
4.93149
0.689277
-9.36267
77.769
-6.48997
-9.12459
60.4679
-5.28961
-9.52829
48.4313
-4.55985
-5.37254
21.3537
-1.92655
-5.11452
15.0816
-1.35629
-3.30709
5.02198
0.134944
10.492
77.7148
-4.93943
10.3673
60.3788
-3.84718
7.19344
32.7606
-2.13063
10.516
34.5083
-2.65989
7.08372
14.8274
-1.14831
3.14361
4.49668
-0.12978
-1.21046
139.963
-10.3058
-1.99394
2.19923
-0.285694
-10.0499
94.1196
-7.65915
2.29743
2.00809
0.579557
19.5101
188.226
-12.13
-0.49183
-0.378027
0.211742
1.20086
0.448635
-0.247374
-1.08274
0.300645
-0.161495
0.516646
94.9126
-6.87394
-2.12055
2.33456
0.929555
2.19027
2.4452
-0.43715
0.0618898
-0.114172
0.0811256
-10.7267
84.787
-7.09863
-10.5978
67.5628
-5.96344
-10.1482
50.3855
-4.89169
-9.41487
33.8527
-3.88468
-7.23425
20.2038
-2.61553
-5.12177
9.27191
-1.24332
9.13837
84.7435
-5.49057
9.12783
67.4584
-4.31957
8.88326
50.2904
-3.14068
7.99078
34.1755
-1.87212
6.48332
19.8444
-1.06074
4.76099
8.9664
0.0489074
-14.0891
129.57
-10.615
-9.28171
69.1081
-5.8912
-8.90223
51.8843
-4.67136
-6.50895
28.6028
-2.78633
-6.05101
21.2718
-2.02977
-4.12592
9.61319
-0.593816
10.4867
86.3567
-5.49933
10.4386
69.0548
-4.38506
10.1927
51.7751
-3.32346
9.00103
35.628
-2.44233
7.81698
20.9959
-1.6021
6.05546
9.50979
-0.698175
-39.9715
307.955
-26.0596
-48.8433
298.69
-26.777
-35.4664
165.651
-16.424
-19.1217
70.0356
-7.65511
-22.5632
59.0183
-6.8074
-13.6788
18.0214
-1.53658
38.9198
307.678
-19.7158
38.2578
238.457
-15.1777
28.8627
139.577
-8.31677
36.2346
128.163
-9.25631
24.5617
58.123
-3.48075
14.54
21.3988
1.11135
3.19637
466.394
-34.343
3.50592
362.373
-27.4834
4.34385
289.699
-23.4194
3.51105
167.032
-13.6457
6.02204
88.2068
-7.67298
4.87191
20.8448
-1.31638
-4.52849
456.845
-34.3289
-3.16033
293.929
-22.9512
-3.45987
251.4
-21.3901
-4.67837
177.141
-16.1725
-1.91782
82.978
-7.68841
-1.09142
26.8763
-1.94402
-0.94806
8.50801
-0.580543
0.530227
3.69605
-0.604909
-0.61462
376.461
-27.4496
11.9557
10.3977
-0.0176221
0.0414009
-1.05792
0.0190055
-6.104
5.34133
0.492302
-35.114
299.573
-24.8189
-39.6435
273.395
-23.736
-37.9599
204.655
-19.2022
-47.074
186.512
-19.7549
-26.1456
83.4893
-9.65668
-18.7688
37.8654
-4.01351
43.8829
384.952
-24.7342
48.2789
341.338
-21.7796
37.3958
204.402
-12.8887
32.8905
139.366
-9.07104
27.8128
82.0129
-5.39244
20.5642
37.4973
-1.3984
3.17498
539.805
-39.3358
2.87168
345.167
-25.7647
3.81201
310.504
-24.1342
2.49583
181.195
-15.5375
5.16681
125.524
-11.0345
7.03011
55.0915
-4.25402
-4.11123
444.991
-33.0496
-4.27618
404.913
-30.8939
-3.50634
301.442
-24.2699
-3.37883
178.3
-15.0271
-2.60155
118.168
-10.9944
-1.33471
52.317
-4.66893
-7.8529
14.6306
-0.217196
-4.70671
28.8331
-2.75497
