-5.38075
46.7137
-3.96848
6.8281
70.0547
-4.71571
0.450362
0.248434
0.140543
-0.202596
-0.0299258
-0.0768366
-4.68415
47.5291
-3.96274
7.87155
71.3025
-4.72761
0.182034
0.00788848
-0.0961691
-0.288992
0.14745
0.13991
-10.7129
76.3085
-6.74954
-10.4566
59.0532
-5.60107
-12.1963
52.4915
-5.71322
-6.26076
20.3502
-2.64287
-6.26948
14.3855
-1.97741
-3.75315
5.15866
-0.789265
9.11719
76.2371
-5.10303
9.0282
58.9066
-3.89237
6.34334
31.7482
-1.90073
9.06744
32.7972
-2.07827
5.70641
14.0751
-0.562036
3.54368
4.95654
0.678377
-9.3403
77.9172
-6.71364
-9.10514
60.6192
-5.47096
-9.5126
48.5953
-4.71309
-5.36888
21.4423
-1.99755
-5.11608
15.164
-1.41069
-3.30853
5.06158
0.114151
10.5113
77.8634
-5.13123
10.3895
60.5302
-3.99825
7.21516
32.8684
-2.21334
10.5597
34.661
-2.74944
7.11986
14.9088
-1.18728
3.16393
4.52867
-0.137863
-1.24822
140.131
-10.6775
-2.01051
2.21397
-0.294735
-10.0503
94.2473
-7.92302
2.30202
2.01757
0.577356
19.5027
188.482
-12.5941
-0.498749
-0.380477
0.211027
1.20592
0.451235
-0.246604
-1.08748
0.303696
-0.161671
0.537566
95.0562
-7.12167
-2.12184
2.35708
0.920286
2.20671
2.46743
-0.442554
0.064431
-0.113987
0.0803427
-10.7504
84.9009
-7.34244
-10.6237
67.6828
-6.1653
-10.1787
50.5085
-5.0496
-9.44836
33.9675
-3.99868
-7.27261
20.2913
-2.68787
-5.15576
9.32151
-1.27997
9.1109
84.8582
-5.70282
9.10109
67.5794
-4.4921
8.86083
50.4131
-3.27332
7.97775
34.2864
-1.96585
6.48056
19.9295
-1.11715
4.76426
9.01145
0.0247928
-14.0549
129.788
-10.9811
-9.26039
69.2588
-6.09399
-8.88507
52.0346
-4.83102
-6.50103
28.7131
-2.8803
-6.05035
21.3745
-2.10366
-4.12805
9.67297
-0.62993
10.5056
86.5025
-5.7113
10.4592
69.2054
-4.55646
10.217
51.9254
-3.45405
9.03383
35.7632
-2.53261
7.85305
21.0984
-1.65711
6.08936
9.56957
-0.722231
-39.9764
308.485
-26.9529
-48.863
299.372
-27.6797
-35.501
166.168
-16.9527
-19.1591
70.3086
-7.88758
-22.6383
59.3198
-7.0235
-13.7362
18.1434
-1.61266
38.907
308.212
-20.484
38.2548
239.007
-15.7851
28.8813
140
-8.68163
36.2987
128.701
-9.59919
24.6304
58.4182
-3.63676
14.6002
21.5224
1.07062
3.32094
467.285
-35.5885
3.6262
363.283
-28.4782
4.47662
290.68
-24.2485
3.62149
167.755
-14.1456
6.1209
88.6975
-7.95358
4.93747
21.0082
-1.39069
-4.68349
457.551
-35.5755
-3.29231
294.55
-23.7843
-3.61105
252.123
-22.1327
-4.82012
177.84
-16.7405
-2.02603
83.3811
-7.97365
-1.16653
27.0303
-2.04506
-0.993449
8.55731
-0.612282
0.549853
3.73936
-0.627606
-0.622684
376.972
-28.4411
12.0116
10.4648
-0.0298565
0.0450889
-1.05942
0.0243404
-6.13099
5.3856
0.471618
-35.1161
300.027
-25.6723
-39.6527
273.936
-24.5451
-37.9857
205.2
-19.8367
-47.1338
187.187
-20.3704
-26.2175
83.8663
-9.94784
-18.8398
38.0827
-4.1594
43.8667
385.539
-25.6887
48.2683
342.018
-22.6391
37.4023
204.947
-13.4153
32.9315
139.859
-9.43568
27.876
82.3894
-5.6144
20.6332
37.7067
-1.49282
3.30636
540.716
-40.76
2.97332
345.924
-26.7001
3.93066
311.41
-25.0038
2.60021
181.894
-16.0621
5.26804
126.142
-11.4204
7.12742
55.445
-4.43781
-4.24509
445.592
-34.2466
-4.43332
405.638
-32.0163
-3.66303
302.185
-25.1419
-3.50096
178.89
-15.573
-2.72314
118.69
-11.3857
-1.42715
52.5949
-4.85707
-7.85383
14.7546
-0.280739
-4.70156
28.9359
-2.84549
