5.92431
-49.7186
1.51195
-9.39549
-74.5353
-0.568565
-0.348372
-0.179957
-0.117876
0.15281
0.0386543
0.0582154
5.97209
-51.5844
1.4987
-9.31213
-77.393
-0.534605
-0.140562
-0.00266988
0.0774169
0.199178
-0.0967481
-0.0970608
11.7073
-78.322
3.127
11.1106
-57.1618
3.28532
12.225
-46.3102
4.36402
5.76786
-16.1828
2.58691
5.09792
-9.85083
2.24728
2.82702
-2.87726
1.07593
-12.5085
-78.1613
-0.619491
-12.1037
-56.9362
-0.460219
-7.99336
-28.3961
-0.406834
-10.3057
-25.4766
-0.00861368
-5.66164
-9.82296
-0.0962761
-3.04314
-2.97783
-0.67161
11.8552
-81.9744
3.03919
11.2465
-60.6127
3.00953
11.1138
-44.8883
3.19634
5.6832
-18.3946
1.62964
4.63116
-11.5505
1.58501
2.61771
-3.18024
0.293821
-12.4018
-81.8326
-0.512165
-12.0094
-60.4112
-0.162675
-7.79055
-30.6234
0.216295
-10.3756
-28.9221
1.12095
-6.45251
-11.3018
0.701971
-2.6381
-3.14218
0.148492
-0.480723
-149.118
1.72817
1.45237
-1.06424
0.467003
11.8631
-101.314
2.99368
-1.84575
-1.11009
-0.455379
-24.7431
-202.591
-1.45362
0.406051
0.38287
-0.160672
-0.941513
-0.31408
0.200721
0.814131
-0.172123
0.172403
-0.190134
-103.159
1.15921
1.54855
-1.28382
-0.480967
-1.74398
-1.55376
0.420969
-0.0716632
0.114327
-0.0463265
11.814
-88.9508
3.07075
11.4811
-67.6863
3.19649
10.5483
-46.9748
3.35329
9.30254
-28.3627
3.4293
6.22788
-14.9659
2.80793
4.03373
-5.86234
1.60814
-12.5334
-88.838
-0.68465
-12.3875
-67.4948
-0.552501
-11.6015
-46.913
-0.394352
-9.61862
-29.0032
-0.491026
-6.87232
-14.7691
0.00125948
-4.40692
-5.86649
-0.307218
17.9156
-138.989
4.52811
11.6364
-71.2254
3.0298
10.7254
-50.2618
2.92315
7.30335
-25.3877
2.20613
5.90541
-17.2301
2.00398
3.48794
-6.91875
0.951832
-12.4277
-92.5901
-0.64274
-12.2379
-71.0786
-0.351343
-11.5786
-50.0476
0.0387982
-9.2684
-31.8002
0.577535
-7.42039
-16.8603
0.795149
-5.298
-6.84335
0.519812
46.8642
-320.677
12.4111
55.967
-294.825
15.8119
38.6616
-150.579
12.1985
19.0633
-58.6184
7.20485
19.6436
-43.169
7.98837
11.0113
-10.7277
2.78383
-49.1039
-320.066
-2.19873
-47.1684
-235.05
-1.18354
-33.5043
-127.92
-0.786083
-38.3277
-104.433
2.87587
-23.4517
-42.9532
1.40043
-12.4952
-14.221
-1.09261
-1.42883
-491.237
7.67942
-2.29275
-362.591
8.65059
-3.29018
-268.214
10.8249
-2.23
-141.174
8.14423
-5.63099
-66.6233
6.81579
-4.33412
-13.4433
1.80474
-2.58602
-469.18
7.56164
-2.96108
-284.427
7.05077
-2.90957
-223.123
10.1942
-0.352662
-138.151
10.3674
-1.37836
-56.6433
6.63484
-0.234965
-14.4646
2.58893
0.510099
-3.62434
1.09859
-0.567791
-1.80466
0.782282
-0.956588
-405.206
4.52531
-9.8021
-6.06531
0.139761
-0.0494524
1.04864
-0.0057868
4.65714
-2.74819
0.283769
41.3581
-317.888
10.7003
46.0617
-277.944
12.539
42.4943
-194.725
12.7344
50.0072
-160.969
16.741
24.0686
-65.2442
10.1815
15.6481
-25.7228
5.44509
-55.6104
-408.191
-2.95498
-60.3127
-346.625
-2.14292
-45.0756
-194.552
-0.713603
-36.3307
-121.242
1.04331
-27.9876
-63.9443
1.72637
-18.6198
-26.1379
0.537821
-1.08432
-578.905
7.51934
-1.69539
-355.205
6.76685
-2.87034
-299.859
9.10804
-1.08635
-160.715
9.00949
-4.71678
-100.424
8.40243
-6.46244
-38.8363
4.49356
-1.96697
-466.613
6.28377
-2.97502
-405.098
8.00413
-3.58432
-280.387
9.09218
-1.25842
-149.989
7.53571
-1.68394
-86.416
8.16706
-0.92356
-32.7021
4.74499
6.19975
-8.19894
1.47358
5.28319
-25.8947
1.99402
