-5.41776
46.6357
-4.85744
6.65053
69.9399
-5.86878
0.45113
0.248914
0.144987
-0.210249
-0.0286554
-0.0819962
-4.56947
47.5715
-4.85159
7.92139
71.3654
-5.87919
0.189192
0.0107441
-0.100624
-0.286397
0.14814
0.140212
-10.7932
76.3028
-8.26018
-10.5563
59.206
-6.82604
-12.3656
52.836
-6.86562
-6.37862
20.5722
-3.11388
-6.4437
14.616
-2.35061
-3.8863
5.26602
-0.938516
8.87915
76.2372
-6.37969
8.8009
59.0656
-4.90929
6.20372
31.9369
-2.47064
8.91044
33.1834
-2.70571
5.63973
14.2877
-0.837634
3.52135
5.03415
0.589323
-9.11319
78.1485
-8.22704
-8.89363
60.9864
-6.70332
-9.31101
49.113
-5.75886
-5.27969
21.753
-2.48628
-5.04958
15.49
-1.79168
-3.26064
5.23963
-0.0444007
10.5803
78.0956
-6.40503
10.4737
60.8971
-5.00683
7.30759
33.2025
-2.76963
10.758
35.2148
-3.35704
7.28757
15.2322
-1.45427
3.26336
4.67221
-0.196427
-1.47953
139.899
-13.1625
-2.09445
2.26805
-0.358912
-9.97286
94.2119
-9.70107
2.29669
2.04124
0.551456
19.3392
188.413
-15.6672
-0.541503
-0.39374
0.202407
1.22208
0.461718
-0.237014
-1.10218
0.318999
-0.160641
0.68583
95.1412
-8.77752
-2.09134
2.46382
0.834042
2.28981
2.57635
-0.476735
0.0825578
-0.111521
0.0728578
-10.826
84.8172
-8.98887
-10.7125
67.7566
-7.5348
-10.2949
50.7274
-6.12616
-9.58237
34.2751
-4.77945
-7.44549
20.5674
-3.18588
-5.31781
9.49269
-1.53523
8.87317
84.7791
-7.10937
8.86567
67.6589
-5.63905
8.64769
50.6321
-4.15961
7.81968
34.568
-2.59624
6.3883
20.1955
-1.50276
4.72089
9.15998
-0.148709
-13.7107
130.022
-13.4529
-9.0387
69.5631
-7.46901
-8.68635
52.4558
-5.91825
-6.37729
29.0888
-3.52421
-5.96314
21.7607
-2.61515
-4.07531
9.92112
-0.889115
10.5727
86.6594
-7.11652
10.5357
69.5079
-5.6975
10.3134
52.3468
-4.32882
9.17937
36.2201
-3.14228
8.01866
21.4862
-2.03203
6.24832
9.82158
-0.888627
-39.6861
308.935
-32.9986
-48.5786
300.653
-33.8183
-35.3965
167.586
-20.5631
-19.1977
71.1813
-9.48394
-22.8413
60.4192
-8.52426
-13.9242
18.6326
-2.15881
38.589
308.682
-25.5849
37.9866
240.065
-19.8367
28.7837
141.128
-11.1314
36.3862
130.509
-11.9228
24.8147
59.4989
-4.70969
14.8175
21.9873
0.756978
4.20649
468.679
-43.9432
4.48744
365.492
-35.1836
5.42341
293.772
-29.8691
4.3975
170.342
-17.5575
6.78865
90.65
-9.89535
5.35293
21.7503
-1.92291
-5.63306
457.543
-43.9362
-4.10566
295.355
-29.3968
-4.55661
253.75
-27.1646
-5.71025
179.928
-20.6173
-2.7311
84.7163
-9.94253
-1.67705
27.5401
-2.7601
-1.30569
8.69909
-0.839121
0.689112
3.95792
-0.786881
-0.63162
376.832
-35.0684
12.2255
10.721
-0.121062
0.0714413
-1.05828
0.0635882
-6.21898
5.57692
0.305347
-34.85
300.152
-31.4348
-39.387
274.691
-30.0335
-37.8173
206.473
-24.1604
-47.0663
189.254
-24.5861
-26.3735
85.1671
-11.9562
-19.054
38.9112
-5.18464
43.5008
385.722
-32.0158
47.8982
342.983
-28.3579
37.1855
206.226
-16.9393
32.9214
141.341
-11.895
28.0121
83.709
-7.12805
20.8466
38.5004
-2.15588
4.23697
541.695
-50.2952
3.69943
347.46
-32.9886
4.78072
313.956
-30.881
3.3385
184.273
-19.6292
5.96975
128.482
-14.0689
7.75922
56.9309
-5.72814
-5.06476
445.17
-42.2605
-5.39813
406.111
-39.5608
-4.63436
303.531
-31.0323
-4.26866
180.422
-19.2812
-3.50033
120.354
-14.0696
-2.04328
53.5367
-6.16694
-7.72078
15.3128
-0.754461
-4.61641
29.2635
-3.46357
