-5.41753
46.5612
-4.97775
6.62137
69.8284
-6.02534
0.450109
0.248323
0.145295
-0.210844
-0.0284379
-0.0825475
-4.5489
47.513
-4.97187
7.9227
71.2775
-6.0356
0.189779
0.0111187
-0.101059
-0.285169
0.147745
0.139911
-10.7934
76.1888
-8.46498
-10.5584
59.1284
-6.99246
-12.3728
52.7813
-7.02256
-6.38488
20.5576
-3.17802
-6.45539
14.6107
-2.40143
-3.89645
5.26543
-0.958793
8.83997
76.1237
-6.55352
8.76242
58.9887
-5.04838
6.17783
31.9023
-2.54909
8.87558
33.1617
-2.79343
5.61962
14.2811
-0.87726
3.51003
5.03059
0.574354
-9.07219
78.0656
-8.43209
-8.85396
60.9367
-6.8705
-9.27012
49.0908
-5.90091
-5.25801
21.7492
-2.55286
-5.02864
15.4962
-1.8442
-3.24519
5.24839
-0.0679932
10.5823
78.0127
-6.57867
10.4769
60.8471
-5.14519
7.31276
33.1863
-2.84666
10.7709
35.2133
-3.44242
7.29875
15.239
-1.49226
3.27094
4.67947
-0.205367
-1.50814
139.676
-13.4994
-2.10143
2.26834
-0.367757
-9.95205
94.0788
-9.94168
2.29025
2.03825
0.545945
19.3028
188.147
-16.0845
-0.546669
-0.394961
0.200698
1.22146
0.46204
-0.235122
-1.10143
0.320181
-0.160076
0.707288
95.0241
-9.002
-2.08117
2.47027
0.819131
2.29664
2.584
-0.481277
0.0851424
-0.111057
0.0715146
-10.8257
84.6853
-9.21187
-10.7136
67.6606
-7.72065
-10.2986
50.667
-6.27258
-9.58768
34.2462
-4.88575
-7.45615
20.5566
-3.25369
-5.32942
9.4906
-1.57008
8.83414
84.6477
-7.3006
8.82657
67.5636
-5.79553
8.61043
50.5719
-4.28122
7.7881
34.5359
-2.68346
6.36456
20.1843
-1.55724
4.70481
9.15611
-0.174688
-13.6489
129.872
-13.7876
-8.99813
69.4973
-7.65542
-8.64788
52.4215
-6.06579
-6.35035
29.0812
-3.61179
-5.93864
21.7632
-2.68506
-4.05771
9.92877
-0.925601
10.5745
86.5593
-7.30765
10.5383
69.4417
-5.85349
10.3177
52.3125
-4.44935
9.18841
36.2099
-3.22729
8.02957
21.4895
-2.08499
6.25907
9.83057
-0.912673
-39.6047
308.541
-33.8181
-48.4844
300.332
-34.6517
-35.3354
167.461
-21.0539
-19.1717
71.1485
-9.7012
-22.8223
60.4191
-8.72931
-13.9187
18.6445
-2.23505
38.5166
308.291
-26.28
37.9179
239.813
-20.3918
28.7396
141.017
-11.4694
36.3472
130.469
-12.2484
24.7971
59.5
-4.86264
14.8175
21.9907
0.706609
4.33506
468.182
-45.0785
4.61331
365.193
-36.0978
5.56082
293.638
-30.639
4.50855
170.324
-18.0273
6.88013
90.691
-10.1659
5.40491
21.789
-1.99962
-5.75005
456.861
-45.0721
-4.20583
294.972
-30.1617
-4.67485
253.485
-27.8538
-5.82298
179.81
-21.151
-2.82366
84.6835
-10.216
-1.74706
27.5275
-2.86159
-1.34892
8.68892
-0.871344
0.708887
3.9741
-0.809154
-0.626519
376.3
-35.9667
12.2288
10.7238
-0.13606
0.0750157
-1.05658
0.0693019
-6.21627
5.58484
0.279867
-34.7776
299.746
-32.2152
-39.3078
274.367
-30.778
-37.7478
206.283
-24.7479
-46.9904
189.149
-25.1598
-26.3452
85.1473
-12.2299
-19.0421
38.9207
-5.32571
43.4189
385.202
-32.8763
47.8098
342.58
-29.1391
37.1214
206.037
-17.4239
32.8788
141.257
-12.237
27.9869
83.6948
-7.34152
20.8367
38.5084
-2.25292
4.3715
541.07
-51.5891
3.80545
347.132
-33.8444
4.90497
313.751
-31.684
3.44432
184.225
-20.1193
6.06903
128.502
-14.4354
7.84136
56.9819
-5.91034
-5.16592
444.479
-43.3479
-5.51695
405.538
-40.5873
-4.75461
303.172
-31.8367
-4.36553
180.259
-19.7898
-3.60026
120.293
-14.4405
-2.12614
53.5199
-6.35019
-7.68125
15.3409
-0.823482
-4.59766
29.2506
-3.54779
