-5.3916
45.8029
-5.65113
6.42881
68.6917
-6.93142
0.437953
0.241322
0.145146
-0.211606
-0.0269093
-0.0847387
-4.40703
46.8236
-5.64502
7.90385
70.2433
-6.94123
0.190823
0.013062
-0.102547
-0.273268
0.14256
0.136448
-10.7434
74.9409
-9.60801
-10.5134
58.1593
-7.91902
-12.3317
51.9168
-7.89461
-6.36792
20.2284
-3.53187
-6.45469
14.3781
-2.67884
-3.90843
5.17876
-1.06748
8.58115
74.8777
-7.5626
8.50348
58.0226
-5.85892
5.9931
31.3775
-3.00873
8.60152
32.6277
-3.31651
5.44253
14.0477
-1.11988
3.39844
4.93329
0.470537
-8.78838
76.952
-9.57588
-8.57278
60.0841
-7.79938
-8.9672
48.4264
-6.68752
-5.08287
21.456
-2.91963
-4.84318
15.3028
-2.1343
-3.10795
5.20198
-0.206826
10.5575
76.8982
-7.58776
10.4543
59.9937
-5.95404
7.30248
32.7364
-3.3012
10.7658
34.7503
-3.9548
7.29553
15.0557
-1.72307
3.2791
4.64547
-0.263537
-1.661
137.402
-15.4151
-2.11541
2.23134
-0.415586
-9.78405
92.6314
-11.2882
2.22104
1.98765
0.501773
19.023
185.253
-18.5006
-0.571872
-0.397919
0.18835
1.20191
0.457636
-0.221761
-1.08144
0.321409
-0.153919
0.836332
93.6454
-10.2787
-1.99068
2.45553
0.720606
2.30877
2.5825
-0.5078
0.100126
-0.108053
0.0622451
-10.7742
83.3019
-10.4582
-10.666
66.5505
-8.75658
-10.2588
49.8365
-7.08668
-9.55036
33.6931
-5.47382
-7.44598
20.2286
-3.62583
-5.33611
9.33858
-1.75961
8.57657
83.2657
-8.40901
8.56686
66.4556
-6.70532
8.35449
49.7429
-4.99195
7.55292
33.9681
-3.19762
6.16604
19.858
-1.8853
4.55543
9.00115
-0.339777
-13.2231
128.003
-15.6577
-8.71484
68.5157
-8.69321
-8.37023
51.6984
-6.88383
-6.1434
28.6938
-4.09534
-5.72923
21.4792
-3.06988
-3.89964
9.81349
-1.1302
10.5497
85.3125
-8.41604
10.5152
68.4578
-6.7624
10.2963
51.59
-5.15688
9.18067
35.728
-3.73294
8.02582
21.2145
-2.40419
6.25719
9.72862
-1.06143
-38.937
303.818
-38.3914
-47.6712
295.768
-39.2871
-34.744
164.962
-23.7742
-18.8552
70.0988
-10.898
-22.4552
59.5545
-9.85091
-13.712
18.392
-2.65418
37.9559
303.575
-30.3171
37.3605
236.181
-23.631
28.3223
138.899
-13.4547
35.8394
128.595
-14.1963
24.4548
58.6627
-5.79223
14.6463
21.6623
0.367215
5.10998
461.496
-51.5336
5.37512
360.072
-41.2991
6.38452
289.658
-35.0262
5.16794
168.046
-20.7098
7.39954
89.5752
-11.7197
5.66871
21.6224
-2.45303
-6.3693
449.381
-51.529
-4.73075
290.141
-34.5105
-5.30026
249.331
-31.7826
-6.43105
176.915
-24.1957
-3.3355
83.3107
-11.783
-2.14721
27.009
-3.45153
-1.59639
8.47264
-1.05667
0.823238
3.9778
-0.935734
-0.570965
370.511
-41.0744
12.0987
10.5533
-0.243639
0.0934995
-1.0393
0.102744
-6.11851
5.52116
0.12899
-34.1903
295.144
-36.5772
-38.6461
270.184
-34.9261
-37.1155
203.172
-28.0102
-46.2077
186.356
-28.3309
-25.9117
83.9047
-13.7316
-18.7439
38.3754
-6.09745
42.7896
379.292
-37.8651
47.1104
337.359
-33.6861
36.574
202.936
-20.2609
32.4085
139.161
-14.2657
27.5972
82.4986
-8.62492
20.5583
37.9722
-2.85854
5.17934
533.279
-58.9461
4.44765
342.223
-38.7108
5.6563
309.414
-36.2547
4.07042
181.774
-22.9192
6.65272
126.839
-16.5324
8.28032
56.3538
-6.96763
-5.70387
437.222
-49.5299
-6.14328
398.885
-46.4229
-5.38581
298.202
-36.4141
-4.88341
177.298
-22.6878
-4.14361
118.363
-16.5605
-2.59327
52.6253
-7.40432
-7.33921
15.2071
-1.22188
-4.45362
28.8447
-4.01711
