-5.37384
45.4338
-5.85431
6.35687
68.1381
-7.2225
0.43169
0.237739
0.144303
-0.210798
-0.0263059
-0.085031
-4.35277
46.4635
-5.84811
7.88662
69.7031
-7.23232
0.190221
0.0135722
-0.10261
-0.267672
0.13978
0.134724
-10.7078
74.3158
-9.95054
-10.477
57.6503
-8.19472
-12.2863
51.4318
-8.15243
-6.34193
20.0304
-3.63479
-6.42795
14.2277
-2.75774
-3.89407
5.12015
-1.09721
8.48449
74.2526
-7.88792
8.40543
57.5141
-6.12132
5.91985
31.0861
-3.15846
8.48526
32.3023
-3.49046
5.36229
13.8995
-1.20295
3.34508
4.87375
0.430484
-8.67949
76.3438
-9.91836
-8.46291
59.5877
-8.07506
-8.84498
48.0022
-6.91908
-5.00791
21.2554
-3.02622
-4.75954
15.1505
-2.21833
-3.04623
5.14862
-0.250324
10.5343
76.2894
-7.91347
10.4296
59.4972
-6.21678
7.28275
32.4518
-3.45035
10.7322
34.4236
-4.12622
7.26749
14.9094
-1.80132
3.26754
4.60448
-0.284744
-1.7062
136.295
-16.011
-2.10955
2.20526
-0.428785
-9.71191
91.9024
-11.6944
2.18671
1.95925
0.482737
18.904
183.795
-19.277
-0.577929
-0.397094
0.18356
1.18952
0.45384
-0.21672
-1.06904
0.319592
-0.150741
0.878913
92.9252
-10.6759
-1.95012
2.43004
0.68552
2.30176
2.56373
-0.516483
0.104794
-0.107026
0.058778
-10.7387
82.6202
-10.8331
-10.6302
65.9828
-9.06593
-10.2222
49.3873
-7.32804
-9.51208
33.3696
-5.64609
-7.41493
20.0234
-3.73295
-5.31476
9.23764
-1.81294
8.48042
82.5838
-8.76576
8.46949
65.8879
-6.99913
8.25597
49.2942
-5.2228
7.45668
33.6413
-3.36644
6.0786
19.655
-1.99557
4.48593
8.90199
-0.398564
-13.0602
127.007
-16.2198
-8.60541
67.9632
-9.00261
-8.26027
51.2597
-7.12547
-6.05771
28.4345
-4.23668
-5.63652
21.271
-3.18124
-3.82792
9.7137
-1.1905
10.5268
84.6481
-8.77296
10.4916
67.9046
-7.05663
10.2703
51.1518
-5.38779
9.15394
35.4073
-3.90044
7.99793
21.0109
-2.51146
6.23111
9.63537
-1.11293
-38.6476
301.351
-39.7615
-47.3077
293.253
-40.6645
-34.4632
163.473
-24.5755
-18.6902
69.4305
-11.2456
-22.239
58.9447
-10.1708
-13.5787
18.1878
-2.77326
37.7162
301.109
-31.6195
37.1153
234.174
-24.6812
28.1228
137.65
-14.1028
35.5642
127.362
-14.8459
24.2506
58.0691
-6.10769
14.5246
21.4235
0.239398
5.36616
457.844
-53.5376
5.6276
357.091
-42.9115
6.65393
287.119
-36.3858
5.3819
166.46
-21.5414
7.55817
88.6865
-12.2029
5.7363
21.4141
-2.59865
-6.54969
445.629
-53.5331
-4.88063
287.597
-35.8578
-5.47997
247.005
-33.001
-6.61061
175.153
-25.138
-3.49038
82.427
-12.2689
-2.27221
26.679
-3.63703
-1.6733
8.34637
-1.11375
0.858777
3.94276
-0.974177
-0.54594
367.595
-42.663
11.999
10.4274
-0.287113
0.0981654
-1.031
0.113247
-6.05599
5.45836
0.081936
-33.9375
292.789
-37.8889
-38.3558
267.944
-36.1639
-36.8242
201.395
-28.9757
-45.8249
184.617
-29.2589
-25.6696
83.0719
-14.1637
-18.5605
37.9698
-6.31655
42.5217
376.264
-39.4713
46.8075
334.56
-35.1561
36.3263
201.164
-21.184
32.1681
137.867
-14.9358
27.3757
81.6855
-9.05513
20.3826
37.5762
-3.0702
5.44541
529.127
-61.2321
4.66097
339.459
-40.2201
5.90473
306.78
-37.671
4.27238
180.133
-23.7884
6.8394
125.608
-17.1828
8.40304
55.7893
-7.29998
-5.86177
433.642
-51.4507
-6.32424
395.478
-48.2326
-5.56592
295.508
-37.832
-5.03422
175.584
-23.5851
-4.3051
117.149
-17.2172
-2.73746
52.0414
-7.73222
-7.18794
15.048
-1.34362
-4.39405
28.585
-4.15671
