-5.32371
44.5213
-6.22431
6.19704
66.769
-7.78994
0.416186
0.228926
0.141436
-0.207681
-0.0249438
-0.0849676
-4.23257
45.5423
-6.21795
7.83184
68.3214
-7.80002
0.187657
0.0143642
-0.102105
-0.254373
0.132797
0.130569
-10.6063
72.7585
-10.5687
-10.3711
56.3667
-8.68727
-12.1481
50.1883
-8.60831
-6.26041
19.5144
-3.81271
-6.337
13.8306
-2.89026
-3.83957
4.96486
-1.14451
8.26999
72.6943
-8.5237
8.1869
56.2303
-6.63539
5.75363
30.341
-3.45313
8.21475
31.4519
-3.83759
5.17147
13.5095
-1.37197
3.21614
4.71991
0.342754
-8.438
74.7676
-10.536
-8.21745
58.2798
-8.56667
-8.5687
46.8598
-7.32743
-4.83438
20.7078
-3.21107
-4.56271
14.7225
-2.36252
-2.902
4.98898
-0.330196
10.4604
74.7121
-8.55042
10.35
58.1897
-6.73248
7.21669
31.6873
-3.74488
10.616
33.5255
-4.46883
7.1715
14.4972
-1.95905
3.22367
4.48078
-0.329567
-1.79077
133.557
-17.1338
-2.08308
2.13576
-0.449904
-9.54131
90.0688
-12.4341
2.10276
1.88801
0.438574
18.6165
180.127
-20.7909
-0.586381
-0.392564
0.173225
1.15667
0.443096
-0.206091
-1.03645
0.312872
-0.142681
0.962081
91.0826
-11.4243
-1.85579
2.35031
0.614318
2.27179
2.50036
-0.533577
0.113405
-0.104986
0.0514742
-10.6381
80.9292
-11.5127
-10.5271
64.5606
-9.62147
-10.1136
48.2457
-7.75692
-9.39706
32.5316
-5.94712
-7.31339
19.4844
-3.91576
-5.23882
8.97011
-1.90116
8.26692
80.892
-9.46221
8.25325
64.465
-7.57391
8.03508
48.1536
-5.67602
7.23564
32.7985
-3.70069
5.87247
19.1226
-2.21718
4.31935
8.64146
-0.521345
-12.6995
124.443
-17.2387
-8.36208
66.52
-9.55756
-8.01342
50.092
-7.55376
-5.86187
27.7289
-4.48355
-5.41938
20.6937
-3.37289
-3.65917
9.42818
-1.29541
10.4537
82.9387
-9.46994
10.4154
66.4607
-7.63297
10.1859
49.9862
-5.84234
9.06252
34.5357
-4.23327
7.90206
20.4461
-2.72641
6.14179
9.36591
-1.21826
-37.9605
295.084
-42.2338
-46.4349
286.773
-43.1225
-33.7755
159.56
-25.9883
-18.2741
67.649
-11.8467
-21.676
57.2848
-10.7101
-13.2236
17.618
-2.9712
37.1365
294.84
-34.1654
36.5179
228.995
-26.7399
27.6245
134.374
-15.3794
34.8514
124.047
-16.1425
23.7105
56.4499
-6.74472
14.1894
20.7707
-0.0366882
5.86675
448.38
-57.3012
6.12048
349.239
-45.9296
7.17348
280.285
-38.923
5.79341
162.114
-23.0904
7.84605
86.1841
-13.1008
5.8378
20.7837
-2.87566
-6.88321
436.28
-57.2967
-5.15235
281.174
-38.3787
-5.8049
241.041
-35.2763
-6.94123
170.549
-26.889
-3.77924
80.0959
-13.1704
-2.50841
25.8195
-3.98392
-1.81684
8.02764
-1.21796
0.924209
3.82159
-1.04357
-0.492577
360.26
-45.6561
11.7202
10.0837
-0.385638
0.104788
-1.01078
0.132735
-5.89036
5.27669
-0.00322087
-33.3388
286.84
-40.2672
-37.6634
262.213
-38.3855
-36.1177
196.774
-30.6888
-44.878
180.001
-30.8803
-25.0481
80.828
-14.9015
-18.0776
36.8546
-6.68256
41.8743
368.612
-42.6071
46.0725
327.397
-38.0335
35.7179
196.552
-22.9978
31.5551
134.44
-16.2657
26.7958
79.4864
-9.91671
19.9125
36.4874
-3.50644
5.96442
518.445
-65.5328
5.07865
332.237
-43.0496
6.38813
299.771
-40.3173
4.65897
175.67
-25.4105
7.19256
122.191
-18.3913
8.60701
54.164
-7.92204
-6.15561
424.762
-55.0639
-6.65619
386.939
-51.6252
-5.89131
288.657
-40.4813
-5.30887
171.16
-25.2576
-4.60347
113.958
-18.4365
-3.00913
50.5013
-8.34101
-6.83746
14.5721
-1.56214
-4.25803
27.8872
-4.40555
