-5.2717
43.6813
-6.46811
6.05915
65.5083
-8.20225
0.402274
0.221083
0.138307
-0.204142
-0.023781
-0.0843833
-4.13056
44.6709
-6.46165
7.76899
67.0144
-8.21264
0.184632
0.01476
-0.101202
-0.242861
0.126493
0.12694
-10.5008
71.3235
-10.9699
-10.2603
55.1804
-9.00129
-12.0017
49.0346
-8.89319
-6.17411
19.0335
-3.91925
-6.23824
13.4598
-2.96545
-3.77805
4.82077
-1.16843
8.08525
71.258
-8.98683
7.99875
55.0433
-7.01067
5.60962
29.6502
-3.66931
7.9782
30.6586
-4.09571
5.00338
13.1462
-1.50017
3.10202
4.5792
0.271214
-8.23298
73.2693
-10.9367
-8.00855
57.0295
-8.87948
-8.33271
45.7596
-7.58222
-4.68445
20.1784
-3.32308
-4.39201
14.3041
-2.44785
-2.77836
4.82832
-0.382471
10.3756
73.2132
-9.01457
10.259
56.9406
-7.10938
7.14186
30.9516
-3.9612
10.4855
32.6553
-4.72305
7.06566
14.0939
-2.07698
3.17363
4.35533
-0.364717
-1.85073
131.036
-17.9123
-2.05145
2.07132
-0.460658
-9.38712
88.3574
-12.9215
2.02799
1.82436
0.400759
18.3472
176.704
-21.891
-0.58951
-0.386638
0.164981
1.12571
0.432613
-0.197815
-1.00598
0.305452
-0.135234
1.02177
89.3396
-11.9433
-1.77549
2.26841
0.561368
2.23632
2.43265
-0.545935
0.119097
-0.103458
0.0458115
-10.5337
79.372
-11.9572
-10.4195
63.2487
-9.97896
-9.99938
47.1888
-8.02763
-9.27687
31.7513
-6.13128
-7.20458
18.9814
-4.02272
-5.15504
8.7207
-1.94966
8.08285
79.3336
-9.96901
8.06717
63.1519
-7.99295
7.84461
47.0973
-6.00757
7.0432
32.0157
-3.9476
5.69133
18.6261
-2.38311
4.1723
8.39965
-0.617003
-12.3934
122.013
-17.9049
-8.15535
65.1443
-9.91423
-7.80306
48.9719
-7.82348
-5.69364
27.0471
-4.63496
-5.23105
20.1327
-3.48722
-3.51332
9.14685
-1.35875
10.3698
81.3181
-9.9772
10.328
65.0851
-8.05353
10.0902
48.8686
-6.17536
8.95931
33.6937
-4.4791
7.79543
19.8968
-2.88626
6.0438
9.09887
-1.2982
-37.3384
289.218
-43.8381
-45.6411
280.681
-44.6876
-33.1453
155.861
-26.8685
-17.8889
65.9575
-12.208
-21.1487
55.6986
-11.0186
-12.8875
17.0693
-3.0809
36.5939
288.97
-36.0201
35.9587
224.123
-28.243
27.1553
131.28
-16.3157
34.1726
120.887
-17.1045
23.1947
54.8999
-7.22301
13.8634
20.1479
-0.25869
6.22579
439.386
-59.8962
6.47245
341.736
-47.9975
7.53824
273.706
-40.6503
6.08228
157.91
-24.1401
8.03102
83.737
-13.7048
5.88311
20.145
-3.0672
-7.11675
427.663
-59.8914
-5.33825
275.235
-40.1053
-6.02479
235.507
-36.8262
-7.16793
166.256
-28.0712
-3.97964
77.9226
-13.7759
-2.67293
25.0322
-4.21866
-1.91447
7.74333
-1.28587
0.967358
3.69135
-1.08811
-0.453621
353.414
-47.7312
11.4475
9.75722
-0.468488
0.107307
-0.992479
0.145754
-5.7347
5.09847
-0.0574133
-32.7976
281.28
-41.8231
-37.0354
256.838
-39.814
-35.4726
192.419
-31.7685
-44.0071
175.623
-31.8734
-24.4693
78.691
-15.3341
-17.6233
35.7854
-6.88804
41.2678
361.459
-44.8891
45.3844
320.676
-40.1316
35.1481
192.203
-24.3248
30.9746
131.192
-17.2479
26.243
77.3869
-10.5581
19.4618
35.4429
-3.84109
6.33638
508.318
-68.5067
5.37835
325.353
-44.9943
6.73136
293.051
-42.1245
4.92924
171.357
-26.5127
7.43349
118.87
-19.2054
8.7202
52.558
-8.34382
-6.36278
416.583
-57.5622
-6.88651
379.06
-53.957
-6.11246
282.312
-42.2904
-5.49519
167.05
-26.3937
-4.80911
110.979
-19.2577
-3.19885
49.0708
-8.74965
-6.53929
14.0953
-1.7004
-4.14119
27.218
-4.56335
