-5.25127
43.3708
-6.54275
6.00899
65.0425
-8.3369
0.397264
0.218272
0.137093
-0.202757
-0.0233661
-0.0840936
-4.09395
44.3453
-6.53627
7.74313
66.5259
-8.34741
0.183434
0.0148562
-0.100807
-0.238789
0.124225
0.125651
-10.4593
70.7942
-11.0913
-10.2169
54.7438
-9.095
-11.9446
48.6112
-8.97675
-6.14067
18.8574
-3.94935
-6.19994
13.3245
-2.98571
-3.75399
4.76853
-1.17413
8.01812
70.7283
-9.13825
7.93054
54.6064
-7.13346
5.55753
29.3966
-3.74024
7.89289
30.3682
-4.18089
4.94292
13.0137
-1.54291
3.06107
4.52841
0.246486
-8.15941
72.7096
-11.0579
-7.93369
56.563
-8.97277
-8.24833
45.3496
-7.65701
-4.63085
19.9815
-3.3552
-4.33124
14.1483
-2.47178
-2.7347
4.76813
-0.398278
10.3407
72.6533
-9.16634
10.2219
56.4746
-7.23272
7.11174
30.6773
-4.03209
10.4336
32.3315
-4.80666
7.02417
13.9437
-2.11588
3.15391
4.30811
-0.376592
-1.87027
130.105
-18.159
-2.0389
2.04803
-0.463232
-9.33002
87.7213
-13.0708
2.00113
1.80163
0.387406
18.2452
175.432
-22.2503
-0.589951
-0.384192
0.162165
1.11434
0.428722
-0.195022
-0.994842
0.302592
-0.132509
1.041
88.6883
-12.1079
-1.74727
2.23756
0.544
2.22222
2.40677
-0.549908
0.120831
-0.102941
0.0439118
-10.4927
78.7971
-12.0926
-10.3772
62.7654
-10.0865
-9.95471
46.8004
-8.10775
-9.23025
31.4651
-6.18436
-7.16245
18.7975
-4.05236
-5.12245
8.6299
-1.96232
8.01593
78.7583
-10.1346
7.99962
62.6682
-8.13
7.77565
46.7091
-6.11616
6.97367
31.7288
-4.02892
5.62607
18.4445
-2.43806
4.11947
8.31172
-0.649332
-12.2835
121.105
-18.1078
-8.08121
64.6306
-10.0214
-7.72775
48.5542
-7.90326
-5.63346
26.7931
-4.67878
-5.16385
19.924
-3.51953
-3.46156
9.04199
-1.37679
10.3353
80.7126
-10.143
10.2922
64.5716
-8.1911
10.0513
48.4519
-6.28443
8.91807
33.38
-4.55984
7.75337
19.6924
-2.93887
6.00557
8.99912
-1.32477
-37.1081
287.04
-44.3237
-45.3474
278.424
-45.1543
-32.9125
154.492
-27.1264
-17.7469
65.3328
-12.3107
-20.9547
55.1136
-11.1025
-12.7637
16.8673
-3.10979
36.3887
286.791
-36.6265
35.7479
222.318
-28.7347
26.9791
130.135
-16.6227
33.9187
119.72
-17.4211
23.0026
54.3278
-7.38137
13.7418
19.919
-0.334844
6.34134
436.027
-60.7155
6.58522
338.936
-48.6473
7.65378
271.254
-41.1901
6.17392
156.345
-24.467
8.08594
82.8261
-13.8914
5.89223
19.905
-3.12738
-7.19248
424.485
-60.7106
-5.39787
273.049
-40.6477
-6.09459
233.476
-37.3107
-7.23994
164.685
-28.4381
-4.04368
77.13
-13.9629
-2.72528
24.7484
-4.29142
-1.94495
7.64223
-1.30635
0.980474
3.64164
-1.10141
-0.441419
350.869
-48.3891
11.3456
9.63768
-0.497479
0.107693
-0.985777
0.149758
-5.67761
5.03252
-0.0734331
-32.5972
279.214
-42.297
-36.803
254.844
-40.2434
-35.2341
190.806
-32.0878
-43.6856
174.005
-32.1602
-24.2564
77.9025
-15.4544
-17.4561
35.3913
-6.94289
41.0382
358.802
-45.6349
45.1245
318.183
-40.8177
34.9337
190.593
-24.7593
30.7571
129.992
-17.5707
26.0367
76.6116
-10.7696
19.2942
35.0575
-3.95314
6.45613
504.533
-69.4477
5.47471
322.783
-45.6068
6.84083
290.545
-42.6907
5.01489
169.751
-26.8563
7.50818
117.634
-19.4575
8.74986
51.959
-8.47475
-6.43015
413.563
-58.3527
-6.96088
376.158
-54.6915
-6.18306
279.98
-42.8573
-5.55417
165.544
-26.7482
-4.87475
109.89
-19.5119
-3.25952
48.5509
-8.87572
-6.43439
13.9173
-1.74118
-4.09937
26.9693
-4.6102
