5.82454
-49.9829
1.54536
-9.29961
-74.9338
-0.667076
-0.386758
-0.204998
-0.127912
0.169712
0.0373405
0.0641921
5.9023
-51.9479
1.53184
-9.16903
-77.9366
-0.63436
-0.156279
-0.00590269
0.0839884
0.230579
-0.117867
-0.106868
11.5113
-79.1431
3.24262
10.9427
-58.3142
3.42676
12.1298
-48.1757
4.50785
5.82608
-17.3534
2.64523
5.34611
-11.1782
2.29927
3.08436
-3.60105
1.08776
-12.3756
-78.9902
-0.690116
-11.9624
-58.112
-0.459732
-7.92026
-29.4914
-0.354976
-10.3311
-27.5324
0.0496765
-5.82605
-11.1171
-0.0775089
-3.26613
-3.62872
-0.720248
11.7147
-82.9873
3.15591
11.1146
-61.925
3.16186
11.0159
-46.6858
3.36719
5.71658
-19.618
1.74785
4.83523
-12.9411
1.66986
2.85186
-3.96507
0.283716
-12.2119
-82.843
-0.583165
-11.8384
-61.7208
-0.169616
-7.73254
-31.7936
0.239351
-10.4602
-31.0638
1.11061
-6.66769
-12.6664
0.69061
-2.8179
-3.70303
0.124207
-0.533457
-149.912
1.67842
1.62231
-1.44018
0.462533
11.6942
-101.942
3.06079
-2.02698
-1.42012
-0.51413
-24.4364
-203.847
-1.71633
0.425605
0.387196
-0.174596
-1.0396
-0.3631
0.211942
0.91128
-0.21851
0.184508
-0.167678
-103.885
1.12475
1.73321
-1.748
-0.543491
-1.91316
-1.94008
0.417321
-0.0719774
0.107172
-0.0542372
11.615
-89.6218
3.16293
11.2938
-68.6674
3.32958
10.4163
-48.2966
3.49131
9.26769
-29.9613
3.53819
6.40977
-16.4716
2.87945
4.31088
-6.91881
1.63762
-12.4042
-89.5127
-0.788895
-12.2487
-68.4901
-0.585555
-11.4673
-48.2538
-0.362224
-9.56795
-30.5716
-0.418544
-6.97224
-16.2766
0.0383825
-4.61951
-6.8642
-0.318618
17.705
-140.291
4.66748
11.4972
-72.3883
3.16698
10.6059
-51.7236
3.08251
7.26985
-26.7495
2.33045
6.05031
-18.8124
2.12539
3.7179
-8.01382
0.993955
-12.2374
-93.4557
-0.74699
-12.0572
-72.2344
-0.388067
-11.4308
-51.5096
0.054604
-9.2633
-33.4512
0.595909
-7.56232
-18.4398
0.790569
-5.56357
-7.90532
0.497781
46.2008
-324.346
12.8751
55.2187
-300.965
16.5581
38.3284
-156.551
12.7447
19.2097
-62.5605
7.49057
20.4913
-48.5858
8.28108
11.8517
-13.4088
2.86034
-48.4925
-323.757
-2.47737
-46.5944
-240.026
-1.1871
-33.2512
-132.845
-0.596959
-38.5657
-112.357
2.94453
-24.1367
-48.2795
1.43764
-13.3064
-16.931
-1.20942
-1.3121
-497.308
7.80542
-2.21948
-370.462
9.06845
-3.23192
-278.969
11.403
-2.23776
-151.321
8.6585
-5.59613
-74.9858
7.05676
-4.49584
-16.5529
1.80239
-2.76302
-474.135
7.68924
-2.99369
-290.285
7.38277
-2.8128
-232.076
10.6585
-0.258908
-149.176
10.8805
-1.1491
-64.5967
6.88406
-0.147177
-18.5076
2.62853
0.516802
-5.26403
1.10359
-0.569737
-2.66448
0.814546
-0.98588
-407.72
4.39214
-10.6203
-7.72988
0.0706806
-0.0800514
1.02717
0.00397138
5.12648
-3.75472
0.237948
40.7693
-320.58
11.0232
45.4185
-282.232
13.082
42.009
-200.29
13.3287
49.7719
-169.788
17.4498
24.6934
-71.3727
10.5596
16.5911
-30.017
5.63358
-54.9221
-411.668
-3.42119
-59.5717
-352.015
-2.30522
-44.5736
-200.151
-0.604091
-36.2954
-127.707
1.18647
-28.4374
-70.1078
1.80871
-19.4622
-30.2823
0.504731
-0.955966
-584.324
7.47969
-1.60145
-361.029
6.99811
-2.79519
-308.675
9.61142
-1.13648
-169.319
9.39304
-4.62853
-110.025
8.76466
-6.55288
-45.3406
4.60378
-2.13962
-470.15
6.25072
-3.11089
-411.033
8.28779
-3.54714
-288.433
9.57079
-1.17733
-158.331
8.00745
-1.45514
-95.6122
8.52493
-0.751158
-38.8796
4.88175
6.75489
-10.8093
1.48182
5.24799
-27.1227
2.08898
