-5.20529
42.7032
-6.68201
5.90151
64.0406
-8.60152
0.38676
0.212404
0.134429
-0.199707
-0.0224957
-0.0833819
-4.01638
43.6403
-6.6755
7.68312
65.4687
-8.61229
0.180777
0.014999
-0.0998846
-0.230361
0.119484
0.12297
-10.3662
69.6592
-11.3156
-10.1198
53.8108
-9.2658
-11.8174
47.7101
-9.12649
-6.06688
18.4838
-4.00128
-6.1158
13.0388
-3.01892
-3.70102
4.65897
-1.1821
7.87439
69.5923
-9.43605
7.78486
53.6728
-7.37505
5.44679
28.8568
-3.88007
7.71255
29.7527
-4.34936
4.81575
12.7339
-1.628
2.97528
4.42209
0.195999
-8.00361
71.5
-11.2818
-7.77549
55.5573
-9.14277
-8.07068
44.4684
-7.79127
-4.51837
19.5595
-3.41161
-4.20451
13.8153
-2.51284
-2.6443
4.6393
-0.427371
10.2598
71.4436
-9.46477
10.1364
55.4703
-7.47529
7.04329
30.0878
-4.17158
10.3174
31.638
-4.97132
6.93225
13.6225
-2.19263
3.11021
4.20663
-0.400402
-1.90885
128.101
-18.6329
-2.01108
1.99933
-0.466862
-9.20639
86.3488
-13.3492
1.94488
1.75441
0.359772
18.0205
172.686
-22.9564
-0.589949
-0.378615
0.156459
1.09018
0.420421
-0.189403
-0.971266
0.29638
-0.126733
1.07829
87.2783
-12.4238
-1.68906
2.17145
0.509859
2.1909
2.35073
-0.557548
0.124037
-0.101885
0.0401189
-10.4004
77.5623
-12.344
-10.2824
61.7306
-10.2838
-9.85496
45.9719
-8.25263
-9.12701
30.8572
-6.27785
-7.06978
18.4083
-4.10247
-5.05083
8.43871
-1.98236
7.87254
77.5226
-10.4603
7.85515
61.6326
-8.39957
7.62867
45.8809
-6.32992
6.82623
31.1193
-4.18962
5.48849
18.0604
-2.54696
4.00862
8.1266
-0.714317
-12.0508
119.141
-18.4845
-7.92432
63.5217
-10.2181
-7.56886
47.6551
-8.04757
-5.5069
26.2482
-4.75641
-5.02328
19.4773
-3.57547
-3.35397
8.81782
-1.40823
10.2551
79.403
-10.4689
10.2093
63.4634
-8.46165
9.96239
47.5551
-6.49901
8.82505
32.7068
-4.71886
7.65967
19.2551
-3.04252
5.92122
8.78557
-1.37743
-36.6098
282.35
-45.2204
-44.7131
273.577
-46.0047
-32.4116
151.563
-27.5883
-17.4429
64.0002
-12.489
-20.5416
53.8703
-11.2416
-12.5002
16.4393
-3.15606
35.937
282.099
-37.8188
35.2856
218.441
-29.7017
26.5953
127.686
-17.2274
33.3691
117.229
-18.0453
22.5896
53.1109
-7.69488
13.4804
19.4338
-0.48943
6.56522
428.767
-62.2833
6.80268
332.904
-49.8851
7.87443
265.986
-42.2131
6.34929
152.996
-25.0842
8.18477
80.8792
-14.2412
5.90146
19.3905
-3.24163
-7.34168
417.67
-62.2782
-5.51459
268.379
-41.6811
-6.22998
229.153
-38.229
-7.379
161.354
-29.1291
-4.16793
75.4574
-14.3133
-2.82615
24.1555
-4.4281
-2.00267
7.43316
-1.3439
1.00469
3.53434
-1.12557
-0.418706
345.379
-49.6523
11.1272
9.3854
-0.557024
0.107827
-0.971452
0.157239
-5.55654
4.89263
-0.102309
-32.1633
274.762
-43.1769
-36.3005
250.556
-41.0315
-34.7199
187.349
-32.665
-42.9949
170.549
-32.6665
-23.8022
76.2241
-15.6587
-17.1003
34.5549
-7.03207
40.5324
353.075
-47.1011
44.5535
312.823
-42.1668
34.4652
187.141
-25.614
30.2852
127.428
-18.2071
25.5917
74.9605
-11.1872
18.9345
34.2391
-4.1767
6.68833
496.348
-71.2516
5.66111
317.237
-46.7763
7.05105
285.154
-43.7668
5.17887
166.305
-27.5059
7.64798
114.992
-19.931
8.7966
50.6783
-8.72107
-6.56307
407.077
-59.8682
-7.10704
369.944
-56.0941
-6.3208
275.007
-43.9347
-5.66799
162.345
-27.419
-5.00217
107.588
-19.9895
-3.3771
47.4575
-9.1117
-6.21769
13.5375
-1.81456
-4.01137
26.436
-4.69516
