-5.17957
42.3457
-6.74662
5.84391
63.5041
-8.73128
0.381291
0.20936
0.132986
-0.198052
-0.0220405
-0.0829637
-3.97527
43.2608
-6.7401
7.64867
64.8995
-8.74218
0.179327
0.0150472
-0.0993601
-0.226028
0.117027
0.121585
-10.3141
69.0533
-11.4185
-10.0658
53.3148
-9.3429
-11.7473
47.2337
-9.19264
-6.02657
18.2871
-4.02309
-6.07014
12.8893
-3.0319
-3.67227
4.60205
-1.18441
7.7974
68.9859
-9.58216
7.70705
53.1765
-7.4936
5.38798
28.5711
-3.94883
7.61753
29.429
-4.4324
4.7492
12.5874
-1.67021
2.93061
4.36693
0.170345
-7.92107
70.8504
-11.3845
-7.69191
55.0189
-9.21952
-7.9773
43.9988
-7.85079
-4.45955
19.3354
-3.43594
-4.13876
13.6391
-2.53
-2.59776
4.5712
-0.440642
10.2134
70.794
-9.61117
10.0876
54.9329
-7.59426
7.00484
29.7734
-4.23997
10.2529
31.27
-5.05206
6.88193
13.4524
-2.2303
3.08635
4.15276
-0.41227
-1.92792
127.029
-18.8598
-1.99591
1.97412
-0.467925
-9.13954
85.6117
-13.4784
1.91562
1.73009
0.345564
17.8971
171.212
-23.3026
-0.589514
-0.375496
0.153576
1.07747
0.416037
-0.186581
-0.958898
0.293056
-0.123696
1.09632
86.5193
-12.5751
-1.65921
2.13648
0.493133
2.17378
2.32083
-0.561183
0.125505
-0.101341
0.0382331
-10.3488
76.902
-12.4601
-10.2295
61.1794
-10.3736
-9.79972
45.5326
-8.31739
-9.07034
30.5365
-6.31825
-7.01939
18.2041
-4.12294
-5.01199
8.33894
-1.98976
7.7957
76.8619
-10.62
7.77785
61.0808
-8.53183
7.55036
45.4417
-6.43486
6.74822
30.7977
-4.26884
5.41626
17.8589
-2.60075
3.95077
8.03001
-0.746849
-11.9274
118.084
-18.6584
-7.84131
62.927
-10.3077
-7.48511
47.1748
-8.11213
-5.44049
25.9583
-4.79024
-4.95009
19.2406
-3.59914
-3.29834
8.69929
-1.42164
10.2091
78.6986
-10.6288
10.1618
62.8693
-8.59436
9.91198
47.0762
-6.60426
8.77319
32.3486
-4.79687
7.60808
19.0234
-3.09335
5.87526
8.67252
-1.4034
-36.3405
279.839
-45.6316
-44.3712
270.992
-46.3884
-32.143
150.008
-27.7924
-17.281
63.2953
-12.5648
-20.3231
53.2156
-11.2969
-12.3611
16.215
-3.17353
35.6891
279.586
-38.4037
35.033
216.373
-30.176
26.3872
126.385
-17.5243
33.0734
115.913
-18.3519
22.3691
52.4698
-7.84941
13.3413
19.1793
-0.567513
6.67322
424.869
-63.0309
6.90699
329.675
-50.4725
7.97914
263.178
-42.6956
6.43273
151.218
-25.374
8.22844
79.8491
-14.4041
5.9016
19.118
-3.29553
-7.41537
414.032
-63.0258
-5.572
265.896
-42.1714
-6.29588
226.867
-38.6621
-7.44614
159.603
-29.4525
-4.22823
74.5825
-14.4764
-2.87465
23.8486
-4.49186
-2.02987
7.32604
-1.36094
1.01576
3.47731
-1.13642
-0.408327
342.43
-50.2572
11.011
9.25363
-0.587387
0.107594
-0.963821
0.160714
-5.49288
4.81931
-0.115164
-31.9288
272.374
-43.5829
-36.0293
248.264
-41.3901
-34.4435
185.509
-32.923
-42.6253
168.719
-32.8862
-23.5615
75.3386
-15.7428
-16.9124
34.1154
-7.06652
40.2546
350.003
-47.8203
44.2407
309.958
-42.8286
34.2099
185.303
-26.0333
30.0306
126.07
-18.5198
25.3534
74.089
-11.3925
18.743
33.8086
-4.28774
6.80049
491.946
-72.1138
5.75084
314.263
-47.3327
7.1514
282.274
-44.276
5.25702
164.471
-27.8112
7.71274
113.592
-20.152
8.81359
50.0012
-8.83615
-6.62876
403.609
-60.5925
-7.17911
366.634
-56.7615
-6.3883
272.37
-44.4445
-5.72299
160.658
-27.735
-5.06409
106.38
-20.2125
-3.43403
46.8876
-9.22134
-6.10636
13.3373
-1.84716
-3.96514
26.1524
-4.73326
