-5.12228
41.5823
-6.86583
5.72028
62.3584
-8.98509
0.369982
0.203094
0.129903
-0.194511
-0.0210912
-0.0820119
-3.88802
42.4473
-6.85933
7.57012
63.6792
-8.99623
0.176207
0.0151022
-0.0981917
-0.217179
0.11198
0.118738
-10.1983
67.7644
-11.6057
-9.94632
52.2652
-9.48063
-11.5935
46.2322
-9.30759
-5.93922
17.8759
-4.05842
-5.97209
12.5789
-3.05072
-3.61064
4.4849
-1.18573
7.63229
67.696
-9.86807
7.54072
52.1263
-7.72556
5.26319
27.9703
-4.08363
7.41782
28.7533
-4.59541
4.61052
12.2832
-1.75355
2.83816
4.25343
0.118495
-7.74603
69.4618
-11.5714
-7.51527
53.8735
-9.35672
-7.78111
43.005
-7.95482
-4.33685
18.8635
-3.47707
-4.003
13.2697
-2.55776
-2.50247
4.42896
-0.464649
10.1077
69.4056
-9.89755
9.97733
53.7895
-7.82683
6.91916
29.1079
-4.37354
10.1116
30.4958
-5.20949
6.77292
13.096
-2.3038
3.03484
4.03969
-0.435759
-1.96567
124.738
-19.2928
-1.9633
1.92248
-0.468587
-8.99499
84.0347
-13.7168
1.85515
1.68042
0.31655
17.6263
168.058
-23.9797
-0.587802
-0.368627
0.147769
1.0509
0.40687
-0.18092
-0.933168
0.286052
-0.117362
1.131
84.8921
-12.8639
-1.59832
2.06354
0.460456
2.13684
2.25787
-0.567998
0.128167
-0.100203
0.0345002
-10.2339
75.4944
-12.6728
-10.1122
60.0095
-10.5358
-9.67807
44.6057
-8.43166
-8.94674
29.8643
-6.38646
-6.91085
17.7787
-4.15485
-4.92869
8.13261
-1.99942
7.63082
75.4534
-10.9326
7.61228
59.9102
-8.79063
7.38347
44.5151
-6.64028
6.58337
30.1235
-4.42448
5.26516
17.4391
-2.70651
3.83065
7.83018
-0.811657
-11.6657
115.823
-18.9772
-7.66549
61.6587
-10.4694
-7.30855
46.1554
-8.22631
-5.30136
25.3465
-4.84814
-4.7983
18.7435
-3.63805
-3.18394
8.45134
-1.44396
10.1041
77.1909
-10.9416
10.054
61.6022
-8.8539
9.79862
46.0599
-6.80994
8.65863
31.5923
-4.9492
7.49562
18.5369
-3.19245
5.77619
8.43574
-1.45426
-35.7589
274.484
-46.3804
-43.6352
265.504
-47.0738
-31.5685
146.727
-28.1474
-16.9377
61.8154
-12.6898
-19.8641
51.8496
-11.3798
-12.0698
15.7502
-3.19748
35.1457
274.229
-39.5479
34.4815
211.984
-31.1034
25.937
123.638
-18.1054
32.4407
113.151
-18.9508
21.9014
51.1311
-8.15243
13.0476
18.6506
-0.72434
6.88064
416.537
-64.4518
7.1059
322.806
-51.5825
8.17642
257.238
-43.601
6.5905
147.479
-25.9153
8.30366
77.6914
-14.7047
5.893
18.5481
-3.39652
-7.56131
406.293
-64.4467
-5.68547
260.643
-43.098
-6.42472
222.061
-39.4746
-7.57569
155.946
-30.054
-4.34535
72.7675
-14.7775
-2.96771
23.2192
-4.60988
-2.08087
7.10868
-1.39146
1.03578
3.35797
-1.15562
-0.389768
336.122
-51.4117
10.7662
8.98129
-0.648778
0.106591
-0.947601
0.167132
-5.36007
4.66749
-0.137763
-31.4219
267.272
-44.3277
-35.4442
243.387
-42.0376
-33.8502
181.614
-33.3783
-41.8369
164.868
-33.2593
-23.0541
73.4857
-15.8755
-16.5185
33.2008
-7.11569
39.645
343.441
-49.2273
43.5564
303.863
-44.1228
33.6549
181.413
-26.8532
29.4831
123.211
-19.1314
24.8455
72.2652
-11.7942
18.3382
32.9118
-4.50707
7.01629
482.523
-73.7561
5.92263
307.921
-48.3873
7.34162
276.164
-45.235
5.40525
160.603
-28.3817
7.83114
110.653
-20.5613
8.83457
48.585
-9.0495
-6.75885
396.215
-61.9722
-7.32175
359.61
-58.0265
-6.52132
266.808
-45.4047
-5.82948
157.123
-28.3267
-5.18466
103.865
-20.6256
-3.5442
45.7102
-9.42342
-5.87881
12.9209
-1.90425
-3.86817
25.5538
-4.80073
