-5.09053
41.176
-6.92048
5.65401
61.7488
-9.10885
0.364167
0.199886
0.12827
-0.192634
-0.0205976
-0.0814825
-3.84173
42.0131
-6.91399
7.52575
63.028
-9.1201
0.174547
0.0151111
-0.0975509
-0.212686
0.109406
0.117282
-10.1342
67.0812
-11.6902
-9.88064
51.7121
-9.54137
-11.5098
45.7083
-9.35647
-5.89221
17.6622
-4.072
-5.91988
12.4188
-3.05664
-3.57793
4.42505
-1.18481
7.54384
67.0125
-10.0075
7.45191
51.5729
-7.83868
5.19707
27.6557
-4.1495
7.31316
28.4025
-4.67509
4.53855
12.1263
-1.79453
2.79055
4.19543
0.0924129
-7.65324
68.7233
-11.6558
-7.422
53.2673
-9.41731
-7.67819
42.4823
-7.99946
-4.27303
18.6167
-3.49395
-3.93319
13.0777
-2.56845
-2.4539
4.35538
-0.475405
10.0481
68.6673
-10.0372
9.91548
53.1845
-7.9401
6.87182
28.7576
-4.4385
10.0346
30.0914
-5.28583
6.71437
12.9106
-2.33944
3.00731
3.98089
-0.44731
-1.98434
123.519
-19.4987
-1.94596
1.89623
-0.468209
-8.91698
83.1942
-13.8261
1.82407
1.65522
0.301821
17.4782
166.376
-24.3099
-0.586536
-0.36489
0.144851
1.03711
0.402111
-0.178081
-0.919868
0.282401
-0.114082
1.14761
84.0238
-13.0012
-1.56742
2.02588
0.444529
2.11713
2.22508
-0.571142
0.129359
-0.0996037
0.0326592
-10.1702
74.7467
-12.7697
-10.0474
59.3911
-10.6082
-9.61148
44.1189
-8.48127
-8.87975
29.514
-6.41435
-6.85282
17.5585
-4.16635
-4.88443
8.02662
-2.00175
7.54245
74.7053
-11.085
7.52368
59.2915
-8.91685
7.29463
44.0284
-6.74047
6.49646
29.7719
-4.5007
5.1864
17.2217
-2.75829
3.76856
7.72747
-0.843796
-11.5268
114.618
-19.1223
-7.57242
60.9857
-10.5416
-7.21558
45.6175
-8.27605
-5.22862
25.0258
-4.8723
-4.71987
18.4844
-3.65342
-3.12537
8.3227
-1.45294
10.0449
76.3875
-11.0942
9.99335
60.9299
-8.98039
9.7354
45.5236
-6.91007
8.59587
31.1956
-5.02323
7.43483
18.2832
-3.2405
5.72326
8.31275
-1.47902
-35.4454
271.64
-46.7183
-43.2399
262.606
-47.3761
-31.2621
145.005
-28.2987
-16.7564
61.0433
-12.7393
-19.6243
51.1419
-11.4077
-11.9182
15.5112
-3.20418
34.8488
271.385
-40.1058
34.1816
209.666
-31.5553
25.6944
122.196
-18.3889
32.1037
111.711
-19.2419
21.6546
50.437
-8.30025
12.8936
18.3781
-0.802706
6.97981
412.106
-65.1244
7.20019
319.172
-52.1046
8.26867
254.114
-44.0232
6.66459
145.524
-26.1663
8.33502
76.5699
-14.8423
5.88433
18.2527
-3.44348
-7.63363
402.193
-65.1193
-5.74172
257.875
-43.5339
-6.48788
219.546
-39.8534
-7.63809
154.048
-30.3316
-4.40221
71.832
-14.9153
-3.01224
22.8987
-4.66404
-2.10464
6.99919
-1.40493
1.04471
3.29624
-1.16398
-0.381649
332.76
-51.9607
10.6381
8.84167
-0.679589
0.105847
-0.939002
0.170078
-5.29122
4.58961
-0.147554
-31.1485
264.557
-44.6668
-35.1293
240.804
-42.3267
-33.5327
179.564
-33.5761
-41.4178
162.855
-33.4133
-22.7881
72.5227
-15.9245
-16.3132
32.7284
-7.13072
39.3117
339.949
-49.9135
43.1833
300.634
-44.7536
33.3543
179.365
-27.2527
29.1902
121.716
-19.4293
24.5764
71.3171
-11.9897
18.1254
32.4481
-4.61483
7.1197
477.501
-74.5355
6.00444
304.556
-48.885
7.43118
272.941
-45.6843
5.4752
158.574
-28.6463
7.88449
109.122
-20.7493
8.83851
47.8505
-9.14757
-6.82327
392.289
-62.6269
-7.39245
355.898
-58.6236
-6.58708
263.887
-45.8546
-5.88106
155.281
-28.6021
-5.24338
102.565
-20.8154
-3.59745
45.1061
-9.51568
-5.76302
12.7063
-1.92883
-3.81738
25.2399
-4.83014
