-5.02044
40.3135
-7.01999
5.51202
60.4546
-9.34933
0.352275
0.193351
0.124846
-0.188693
-0.0195746
-0.0803262
-3.74352
41.0898
-7.01355
7.42616
61.6431
-9.36077
0.171048
0.0150971
-0.0961635
-0.20361
0.104195
0.114311
-9.99305
65.6374
-11.8414
-9.73679
50.5503
-9.64694
-11.3285
44.617
-9.43741
-5.79161
17.2203
-4.09112
-5.80948
12.0907
-3.06173
-3.50908
4.30363
-1.17995
7.35441
65.568
-10.2785
7.26234
50.4109
-8.0584
5.05714
26.9997
-4.27771
7.09433
27.6784
-4.8301
4.38974
11.8045
-1.87465
2.69296
4.07766
0.0402223
-7.45648
67.1588
-11.8068
-7.22502
51.9902
-9.5229
-7.46246
41.3893
-8.07447
-4.14056
18.1037
-3.5207
-3.79019
12.6814
-2.58374
-2.35534
4.20461
-0.494514
9.9143
67.1035
-10.3084
9.77767
51.9103
-8.15979
6.76787
28.0246
-4.56418
9.86828
29.2521
-5.43287
6.58952
12.5279
-2.40805
2.949
3.8597
-0.469846
-2.02122
120.931
-19.8889
-1.90946
1.84327
-0.466111
-8.74876
81.4084
-14.0252
1.76051
1.60441
0.272107
17.1551
162.804
-24.9514
-0.583211
-0.356853
0.138997
1.00868
0.392302
-0.172385
-0.892553
0.274873
-0.107338
1.17933
82.1771
-13.2614
-1.50496
1.94896
0.41353
2.07549
2.15751
-0.576814
0.131464
-0.0983277
0.0290412
-10.0298
73.1625
-12.9446
-9.905
58.088
-10.7361
-9.46635
43.1003
-8.56578
-8.73525
28.7871
-6.45799
-6.72958
17.1053
-4.1807
-4.79111
7.81035
-2.00164
7.35312
73.1204
-11.3813
7.33416
57.9878
-9.16207
7.10564
43.0101
-6.93512
6.31353
29.0421
-4.64933
5.02273
16.7745
-2.85916
3.64077
7.51774
-0.90719
-11.2321
112.059
-19.3846
-7.3754
59.5636
-10.6694
-7.01986
44.4881
-8.36129
-5.07672
24.3574
-4.91139
-4.5583
17.948
-3.67633
-3.00594
8.05802
-1.46672
9.9118
74.6821
-11.3906
9.85765
59.5098
-9.22591
9.5953
44.3981
-7.1041
8.45926
30.3686
-5.16627
7.30434
17.7584
-3.33301
5.61102
8.05942
-1.52681
-34.7702
265.623
-47.3227
-42.3919
256.509
-47.9018
-30.61
141.41
-28.5504
-16.3747
59.4414
-12.813
-19.1257
49.6858
-11.4375
-11.6044
15.024
-3.20762
34.2019
265.367
-41.1895
33.5309
204.79
-32.4321
25.1734
119.184
-18.9393
31.3887
108.73
-19.8044
21.1367
49.0082
-8.58681
12.5724
17.8206
-0.958385
7.16849
402.72
-66.3919
7.37778
311.517
-53.0815
8.43974
247.582
-44.8056
6.80271
141.468
-26.6283
8.38483
74.257
-15.0914
5.85845
17.6465
-3.53009
-7.77698
393.526
-66.3871
-5.85356
252.064
-44.3496
-6.612
214.307
-40.5548
-7.75801
150.13
-30.8397
-4.5126
69.9161
-15.1649
-3.09723
22.2507
-4.76245
-2.14869
6.78031
-1.42832
1.06042
3.17009
-1.17823
-0.367801
325.616
-53.001
10.3717
8.55777
-0.740877
0.103953
-0.9208
0.175458
-5.14934
4.43139
-0.164295
-30.5591
258.8
-45.2793
-34.4522
235.353
-42.8376
-32.8542
175.265
-33.9135
-40.5289
158.668
-33.658
-22.2324
70.534
-15.9889
-15.8877
31.7601
-7.14261
38.5847
332.545
-51.2467
42.3719
293.822
-45.9783
32.7046
175.072
-28.0275
28.5655
118.605
-20.0064
24.0086
69.3592
-12.3681
17.6806
31.4966
-4.82522
7.31705
466.841
-76.0086
6.15933
297.447
-49.8198
7.59847
266.176
-46.5213
5.60654
154.347
-29.1333
7.97884
105.954
-21.0913
8.83327
46.3401
-9.32614
-6.95075
383.969
-63.8645
-7.53275
348.076
-59.7453
-6.71752
257.778
-46.6928
-5.98095
151.458
-29.1114
-5.35779
99.8907
-21.1611
-3.70025
43.8748
-9.68236
-5.52835
12.2684
-1.9704
-3.71114
24.5849
-4.88052
