-4.89774
38.8931
-7.14532
5.27409
58.3234
-9.68985
0.333938
0.183347
0.119382
-0.182381
-0.017957
-0.0783776
-3.5812
39.5676
-7.13904
7.24803
59.3601
-9.70147
0.165417
0.0150145
-0.093839
-0.189911
0.0963253
0.109736
-9.74659
63.2774
-12.0248
-9.48826
48.672
-9.76702
-11.0208
42.879
-9.51826
-5.62447
16.5258
-4.10056
-5.63011
11.5835
-3.05354
-3.39832
4.11941
-1.16575
7.0372
63.2074
-10.6622
6.94661
48.5329
-8.36914
4.82746
25.9532
-4.45972
6.7428
26.5442
-5.04939
4.15545
11.3065
-1.98902
2.54176
3.89855
-0.0372836
-7.13173
64.5976
-11.9903
-6.90225
49.9207
-9.64392
-7.11347
39.6416
-8.15299
-3.93014
17.2926
-3.54441
-3.56849
12.0637
-2.59258
-2.20507
3.97324
-0.517584
9.6753
64.5439
-10.6919
9.53389
49.8459
-8.46943
6.58825
26.8509
-4.74034
9.58804
27.9293
-5.63665
6.38393
11.9311
-2.50289
2.85416
3.67164
-0.501717
-2.07504
116.669
-20.4179
-1.85078
1.76379
-0.45989
-8.46401
78.4656
-14.2761
1.66253
1.52809
0.227456
16.5995
156.919
-25.8595
-0.576339
-0.343511
0.130196
0.964248
0.377021
-0.163778
-0.850207
0.263222
-0.0968887
1.2229
79.1329
-13.6142
-1.4104
1.83183
0.369149
2.00817
2.05294
-0.583509
0.133933
-0.0961691
0.0238044
-9.78412
70.5622
-13.1614
-9.65744
55.9686
-10.8872
-9.2177
41.4647
-8.65716
-8.49182
27.6382
-6.49434
-6.52761
16.3992
-4.1817
-4.64036
7.47875
-1.99034
7.03587
70.5194
-11.8008
7.01739
55.8682
-9.50909
6.79261
41.3751
-7.21041
6.01616
27.8869
-4.86096
4.76271
16.0778
-3.00215
3.44123
7.19564
-0.999015
-10.7452
107.854
-19.7098
-7.05111
57.2465
-10.8208
-6.70088
42.6692
-8.4552
-4.83275
23.2955
-4.9482
-4.30527
17.1067
-3.69247
-2.82236
7.64802
-1.47781
9.67383
71.8795
-11.8102
9.61626
57.1962
-9.57264
9.34956
42.5857
-7.377
8.2265
29.0535
-5.36599
7.08705
16.9353
-3.46106
5.42802
7.66619
-1.59316
-33.6297
255.779
-48.0563
-40.9695
246.639
-48.501
-29.5309
135.671
-28.8063
-15.7554
56.9137
-12.8637
-18.3347
47.4242
-11.4218
-11.1113
14.2809
-3.19031
33.091
255.523
-42.7226
32.4217
196.899
-33.6694
24.3
114.37
-19.7169
30.2157
104.041
-20.5892
20.3024
46.7865
-8.98883
12.0618
16.964
-1.18645
7.4261
387.357
-68.0943
7.61509
299.116
-54.3753
8.66128
237.138
-45.8212
6.98355
135.069
-27.2201
8.42641
70.6555
-15.3992
5.79901
16.7135
-3.64123
-7.98797
379.363
-68.0903
-6.01989
242.673
-45.4304
-6.79326
205.96
-41.4637
-7.92478
143.991
-31.4823
-4.66977
66.9582
-15.4739
-3.21436
21.273
-4.88513
-2.20592
6.4566
-1.45466
1.07865
2.97827
-1.19356
-0.352856
313.844
-54.412
9.95035
8.12646
-0.830288
0.100346
-0.890908
0.182317
-4.92796
4.19202
-0.183021
-29.5621
249.343
-46.0386
-33.3117
226.478
-43.4412
-31.7237
168.351
-34.2803
-39.0671
152.034
-33.8742
-21.3434
67.4226
-16.0064
-15.2164
30.2671
-7.11868
37.3348
320.384
-53.1342
40.9832
282.735
-47.7089
31.6041
168.166
-29.1199
27.531
113.67
-20.817
23.0858
66.2963
-12.8977
16.9697
30.0261
-5.12402
7.58828
449.322
-77.9979
6.36848
285.868
-51.0675
7.8182
255.286
-47.62
5.78173
147.632
-29.7561
8.08795
100.991
-21.5183
8.7927
44.0027
-9.54949
-7.13759
370.314
-65.5358
-7.74011
335.359
-61.2429
-6.91104
247.972
-47.7931
-6.1226
145.415
-29.7697
-5.52181
95.7315
-21.5934
-3.84507
41.9905
-9.88745
-5.17119
11.6013
-2.01512
-3.53991
23.5422
-4.93567
