5.75968
-50.0488
1.55973
-9.21923
-75.0347
-0.707902
-0.406043
-0.217379
-0.13295
0.177875
0.0368836
0.0669998
5.85254
-52.0559
1.54622
-9.065
-78.0975
-0.676256
-0.163782
-0.00728206
0.0870826
0.246435
-0.128221
-0.112007
11.3861
-79.4874
3.29624
10.8415
-58.889
3.49085
12.0808
-49.1611
4.56206
5.86181
-17.9644
2.65951
5.47985
-11.8492
2.30802
3.21305
-3.95173
1.08499
-12.266
-79.3409
-0.713388
-11.8534
-58.7011
-0.44797
-7.86673
-30.0638
-0.324034
-10.3402
-28.6056
0.0709307
-5.9155
-11.7671
-0.0799856
-3.38197
-3.94367
-0.753401
11.6159
-83.4131
3.21119
11.0272
-62.566
3.23475
10.9568
-47.6164
3.44282
5.73674
-20.2457
1.79568
4.94839
-13.6366
1.694
2.97556
-4.34098
0.265945
-12.0749
-83.269
-0.608035
-11.7195
-62.3612
-0.165389
-7.69303
-32.3947
0.250269
-10.5055
-32.1683
1.09141
-6.78048
-13.3474
0.673054
-2.9073
-3.97398
0.106933
-0.550226
-150.111
1.65777
1.7048
-1.61932
0.456606
11.5803
-102.116
3.09004
-2.1193
-1.56857
-0.547377
-24.1995
-204.196
-1.82597
0.434465
0.39012
-0.182268
-1.08812
-0.386666
0.218017
0.95942
-0.240564
0.190468
-0.150351
-104.101
1.11027
1.82858
-1.9671
-0.583422
-1.99488
-2.12284
0.413016
-0.0712816
0.104383
-0.0588016
11.4862
-89.857
3.20461
11.1769
-69.1253
3.39144
10.3408
-48.981
3.5507
9.25293
-30.8041
3.57619
6.51264
-17.2476
2.89608
4.45431
-7.44176
1.63862
-12.2962
-89.7517
-0.829737
-12.1376
-68.9579
-0.589494
-11.3679
-48.9476
-0.336988
-9.52966
-31.3942
-0.380454
-7.02649
-17.0489
0.046831
-4.73277
-7.3555
-0.335728
17.5551
-140.769
4.73157
11.4018
-72.9236
3.23294
10.5299
-52.4644
3.15715
7.25106
-27.4557
2.38234
6.13302
-19.6169
2.16838
3.84196
-8.551
0.998929
-12.099
-93.7741
-0.78832
-11.9286
-72.767
-0.39655
-11.3307
-52.2509
0.0665925
-9.25737
-34.3053
0.598383
-7.63844
-19.242
0.776121
-5.69916
-8.42568
0.476786
45.7602
-325.886
13.0915
54.7431
-303.99
16.908
38.1337
-159.667
12.9764
19.2941
-64.5973
7.59047
20.9517
-51.3085
8.35589
12.284
-14.7016
2.85938
-48.0246
-325.316
-2.57139
-46.1722
-242.483
-1.14983
-33.0663
-135.396
-0.48982
-38.6788
-116.462
2.93415
-24.4993
-50.9444
1.40845
-13.7188
-18.2421
-1.29966
-1.21493
-499.867
7.88951
-2.14325
-374.316
9.28978
-3.16855
-284.538
11.6597
-2.22693
-156.548
8.84776
-5.56675
-79.1624
7.0893
-4.56908
-18.0456
1.76208
-2.80088
-476.227
7.77465
-2.95133
-293.224
7.55917
-2.70271
-236.792
10.8602
-0.176948
-154.941
11.0578
-1.02874
-68.6022
6.92361
-0.11466
-20.4586
2.59361
0.511952
-6.04359
1.08346
-0.565276
-3.06717
0.817757
-0.976584
-408.417
4.33816
-11.0288
-8.52339
0.0203419
-0.0932509
1.02114
0.00863761
5.36216
-4.23285
0.200139
40.3742
-321.549
11.1696
44.9994
-284.218
13.3385
41.7121
-203.138
13.5961
49.6409
-174.401
17.7246
25.0436
-74.5059
10.6738
17.0882
-32.1336
5.66768
-54.3905
-412.928
-3.60476
-59.0138
-354.521
-2.32978
-44.2129
-203.012
-0.521895
-36.247
-131.075
1.24234
-28.6753
-73.248
1.80526
-19.9004
-32.3176
0.444796
-0.855695
-586.316
7.48068
-1.51805
-363.721
7.12967
-2.71882
-313.156
9.85851
-1.14906
-173.781
9.53484
-4.56699
-114.906
8.85879
-6.59012
-48.5253
4.5828
-2.18728
-471.398
6.25095
-3.1205
-413.82
8.45109
-3.45721
-292.611
9.80698
-1.09735
-162.724
8.20628
-1.31784
-100.341
8.62075
-0.671803
-41.9246
4.87548
7.04653
-12.0521
1.44636
5.22831
-27.7612
2.12818
