-4.45794
34.3532
-7.34773
4.48653
51.5133
-10.444
0.283612
0.156277
0.103644
-0.163914
-0.0132607
-0.0722457
-3.0543
34.7282
-7.34224
6.59248
52.1008
-10.4552
0.148829
0.0146461
-0.0864393
-0.154092
0.0760871
0.0969545
-8.86811
55.8538
-12.2816
-8.62037
42.9058
-9.88646
-9.98599
37.7244
-9.52235
-5.0864
14.5313
-4.02706
-5.08251
10.1845
-2.95524
-3.06944
3.63381
-1.09692
5.98808
55.7867
-11.5104
5.9127
42.7728
-9.05359
4.09757
22.8356
-4.86517
5.67785
23.3134
-5.52894
3.47838
9.9295
-2.2449
2.12178
3.42223
-0.22998
-6.08036
56.5828
-12.2499
-5.87285
43.5957
-9.77304
-6.03064
34.4703
-8.18992
-3.30502
14.9605
-3.52904
-2.94785
10.3552
-2.55085
-1.80019
3.36425
-0.553933
8.79768
56.5373
-11.537
8.65446
43.5393
-9.14348
5.96786
23.3658
-5.11588
8.66757
24.1551
-6.05077
5.74073
10.2772
-2.69314
2.56674
3.16117
-0.569699
-2.20196
103.049
-21.4761
-1.67783
1.56001
-0.429734
-7.49887
69.0855
-14.6823
1.39381
1.33061
0.113965
14.6783
138.159
-27.8689
-0.548178
-0.302067
0.106652
0.839229
0.334412
-0.13993
-0.733217
0.232061
-0.0685957
1.31397
69.4543
-14.32
-1.15913
1.53196
0.260775
1.80774
1.77382
-0.587704
0.136803
-0.0883755
0.0111141
-8.90478
62.309
-13.4916
-8.78222
49.375
-11.0736
-8.36401
36.5204
-8.71658
-7.68392
24.2926
-6.44222
-5.89752
14.4141
-4.08231
-4.18725
6.5822
-1.9084
5.98573
62.2675
-12.7294
5.97299
49.279
-10.2751
5.77873
36.4335
-7.81651
5.09086
24.5111
-5.33512
3.99518
14.1197
-3.31639
2.87609
6.3207
-1.21264
-9.16463
94.5785
-20.2074
-6.00715
50.0741
-11.0125
-5.695
37.1913
-8.53205
-4.08847
20.2052
-4.93814
-3.57921
14.7382
-3.64918
-2.3187
6.53461
-1.46435
8.79818
63.0327
-12.7377
8.73676
50.0372
-10.3327
8.47659
37.1297
-7.96625
7.44446
25.2171
-5.78441
6.3905
14.6189
-3.72009
4.86802
6.59281
-1.72712
-29.7818
224.897
-49.0867
-36.2377
216.399
-49.1112
-26.0442
118.653
-28.8653
-13.8397
49.6341
-12.7007
-16.0181
41.1728
-11.095
-9.70251
12.327
-3.04865
29.2601
224.659
-46.1038
28.6465
172.738
-36.376
21.4241
100.054
-21.4221
26.5304
90.6494
-22.224
17.7857
40.6307
-9.83967
10.5721
14.6624
-1.73123
7.95363
339.296
-71.4093
8.0662
261.237
-56.7878
9.03861
206.242
-47.5865
7.30358
116.78
-28.202
8.34025
60.7171
-15.8399
5.53107
14.2397
-3.82769
-8.50237
334.835
-71.4097
-6.44472
213.878
-47.4495
-7.24088
181.185
-43.028
-8.27396
126.498
-32.4942
-5.03377
58.8257
-15.9194
-3.46381
18.7259
-5.07084
-2.30736
5.65271
-1.47843
1.09832
2.49407
-1.20257
-0.339332
276.325
-57.2373
8.73553
7.00136
-1.03431
0.089471
-0.795199
0.194774
-4.3051
3.58104
-0.207913
-26.1877
219.409
-47.1971
-29.4855
198.938
-44.1915
-28.0165
147.489
-34.5387
-34.4085
132.725
-33.688
-18.6846
58.6557
-15.6681
-13.2795
26.2205
-6.86647
33.0141
281.907
-57.308
36.2227
248.346
-51.511
27.9051
147.326
-31.5009
24.2141
99.2689
-22.5509
20.2456
57.673
-14.0124
14.8631
26.0191
-5.77749
8.15707
394.016
-81.9322
6.77973
250.048
-53.4513
8.21012
222.523
-49.6095
6.12083
128.087
-30.7723
8.17872
87.0561
-22.1541
8.50035
37.6732
-9.88916
-7.58551
326.988
-68.8419
-8.25507
295.823
-64.1066
-7.40609
218.362
-49.7848
-6.44285
127.802
-30.8992
-5.90659
84.0888
-22.2439
-4.17208
36.9179
-10.1776
-4.21042
9.87699
-2.05512
-3.01286
20.4841
-4.97563
