-4.24951
32.3752
-7.3777
4.13601
48.5467
-10.6547
0.264528
0.146123
0.0975456
-0.156552
-0.011404
-0.0696911
-2.82172
32.6402
-7.37263
6.27876
48.9686
-10.6653
0.142197
0.0145236
-0.0832768
-0.141152
0.0690285
0.0919162
-8.45345
52.6591
-12.3002
-8.21667
40.4733
-9.86654
-9.51816
35.6141
-9.45717
-4.85123
13.7383
-3.96949
-4.85408
9.64923
-2.89726
-2.93606
3.45597
-1.0637
5.52125
52.595
-11.7467
5.45567
40.3452
-9.24326
3.78223
21.5543
-4.97995
5.23574
22.0394
-5.65982
3.20893
9.4015
-2.31766
1.96083
3.24594
-0.294198
-5.61721
53.1716
-12.2705
-5.42455
40.9592
-9.75972
-5.56918
32.3788
-8.15086
-3.04864
14.0436
-3.50131
-2.70724
9.71124
-2.51838
-1.64874
3.14871
-0.561879
8.37832
53.1306
-11.771
8.2393
40.9112
-9.32633
5.68372
21.9514
-5.21387
8.26146
22.6828
-6.14792
5.46811
9.65206
-2.73639
2.44853
2.97354
-0.587192
-2.23915
97.1152
-21.7315
-1.60835
1.4875
-0.415342
-7.05876
65.0191
-14.7431
1.29214
1.25943
0.0752245
13.7962
130.027
-28.4294
-0.534391
-0.284974
0.0976991
0.790767
0.318018
-0.130364
-0.688715
0.220826
-0.0583284
1.33835
65.2786
-14.4903
-1.0661
1.43002
0.222066
1.72682
1.67386
-0.583266
0.136689
-0.0845011
0.00679728
-8.48845
58.7323
-13.5308
-8.3715
46.5626
-11.0724
-7.97191
34.4619
-8.68039
-7.32213
22.9459
-6.37699
-5.62939
13.6407
-4.01538
-4.00115
6.24576
-1.86427
5.51827
58.6927
-12.9884
5.50915
46.4704
-10.488
5.3341
34.3767
-7.98444
4.69789
23.1474
-5.47038
3.68382
13.3572
-3.40298
2.65535
5.99082
-1.27728
-8.46698
88.8849
-20.2679
-5.54921
47.0505
-11.0153
-5.26073
34.9385
-8.50678
-3.77589
18.9754
-4.90242
-3.29101
13.8276
-3.60949
-2.12715
6.12402
-1.44906
8.3792
59.2391
-12.9959
8.31881
47.0197
-10.5413
8.06878
34.8863
-8.12375
7.09343
23.6867
-5.88956
6.08915
13.7282
-3.78029
4.63531
6.19447
-1.75779
-28.0331
211.683
-49.1634
-34.1101
203.718
-49.0236
-24.5115
111.725
-28.6946
-13.0275
46.7511
-12.5518
-15.0832
38.7992
-10.8967
-9.1478
11.6259
-2.97559
27.5038
211.458
-47.0417
26.9313
162.614
-37.1171
20.1491
94.2094
-21.8919
24.9571
85.3935
-22.6292
16.7474
38.2886
-10.0578
9.9765
13.8148
-1.90239
8.08975
318.846
-72.1723
8.16621
245.455
-57.296
9.10116
193.747
-47.8968
7.36244
109.631
-28.3528
8.23651
56.979
-15.8713
5.39463
13.3564
-3.85916
-8.66198
315.681
-72.1751
-6.58739
201.745
-47.877
-7.3872
171.036
-43.2929
-8.3592
119.596
-32.6191
-5.14545
55.7247
-15.9533
-3.53314
17.8029
-5.09246
-2.32713
5.37525
-1.47296
1.09631
2.33373
-1.19594
-0.339095
260.06
-57.9206
8.25523
6.60031
-1.09179
0.0860898
-0.753144
0.197881
-4.06306
3.3708
-0.21371
-24.6506
206.505
-47.3356
-27.7541
187.262
-44.1918
-26.3679
138.858
-34.4091
-32.3836
124.999
-33.3879
-17.5901
55.2592
-15.4323
-12.5092
24.7167
-6.72609
31.0305
265.327
-58.4708
34.0493
233.773
-52.5593
26.2392
138.704
-32.149
22.774
93.4923
-23.0054
19.0535
54.3365
-14.2955
14.0076
24.5221
-5.95517
8.31047
370.298
-82.8638
6.87742
234.955
-53.9803
8.28397
209.06
-50.0007
6.20158
120.307
-30.9144
8.13789
81.7119
-22.2123
8.32681
35.3461
-9.92765
-7.72055
308.216
-69.6251
-8.4201
278.97
-64.7431
-7.574
206.047
-50.1757
-6.53454
120.704
-31.0914
-6.02508
79.5726
-22.3078
-4.27018
35.0223
-10.1976
-3.85081
9.27803
-2.05188
-2.78958
19.2561
-4.95638
