-4.17491
31.6841
-7.38243
4.01319
47.5104
-10.7149
0.258145
0.142735
0.0955044
-0.154052
-0.0107786
-0.0688145
-2.74028
31.9141
-7.37751
6.16641
47.8793
-10.7252
0.139945
0.0144898
-0.0821789
-0.136895
0.0667473
0.090198
-8.30521
51.5469
-12.2979
-8.07293
39.6312
-9.85311
-9.35291
34.8898
-9.42869
-4.76894
13.4685
-3.94743
-4.77527
9.46928
-2.87616
-2.89046
3.39693
-1.05216
5.35766
51.4839
-11.814
5.29577
39.505
-9.2972
3.6726
21.114
-5.01306
5.08382
21.6071
-5.69679
3.11752
9.22386
-2.33877
1.90687
3.18722
-0.314462
-5.4551
51.9902
-12.269
-5.26814
40.052
-9.74884
-5.40915
31.666
-8.13259
-2.96075
13.734
-3.49013
-2.62621
9.49705
-2.50628
-1.59829
3.0788
-0.564248
8.2282
51.9508
-11.8374
8.09117
40.0068
-9.37768
5.58316
21.4688
-5.24076
8.11921
22.187
-6.17262
5.37377
9.44387
-2.74714
2.408
2.91175
-0.591968
-2.24981
95.0424
-21.7986
-1.58467
1.46364
-0.410377
-6.90304
63.6018
-14.7529
1.25819
1.23591
0.0628676
13.4841
127.192
-28.5892
-0.529445
-0.279147
0.0946802
0.774443
0.312501
-0.127067
-0.673824
0.217149
-0.0549844
1.34527
63.8264
-14.535
-1.03517
1.39753
0.209155
1.69926
1.6413
-0.581008
0.136532
-0.0830826
0.00539965
-8.33948
57.4846
-13.5343
-8.2249
45.5858
-11.0644
-7.8328
33.7519
-8.66233
-7.19466
22.4861
-6.3508
-5.5363
13.3792
-3.9904
-3.93726
6.13329
-1.84855
5.35446
57.4458
-13.0623
5.34669
45.4952
-10.5487
5.17887
33.6674
-8.03222
4.56195
22.6813
-5.50957
3.57758
13.0994
-3.42762
2.58091
5.88038
-1.2967
-8.22267
86.9084
-20.2739
-5.38912
46.0064
-11.0088
-5.10957
34.1666
-8.49286
-3.66795
18.5585
-4.88749
-3.19325
13.5226
-3.5943
-2.06304
5.98859
-1.44332
8.22916
57.9222
-13.0695
8.16942
45.9777
-10.6003
7.9237
34.1176
-8.1676
6.96988
23.1675
-5.91769
5.9842
13.4298
-3.7955
4.55527
6.06273
-1.76544
-27.4149
207.094
-49.155
-33.3603
199.342
-48.9614
-23.9748
109.356
-28.6185
-12.746
45.7737
-12.4941
-14.7641
38.0057
-10.8245
-8.95997
11.3962
-2.95041
26.8827
206.875
-47.3083
26.3261
159.12
-37.3264
19.7023
92.2088
-22.0252
24.4118
83.617
-22.7366
16.3911
37.5052
-10.1171
9.77408
13.5344
-1.95487
8.12758
311.764
-72.3665
8.19131
240.024
-57.417
9.11287
189.488
-47.9585
7.37483
107.222
-28.378
8.19382
55.7364
-15.8669
5.34531
13.0688
-3.8655
-8.70926
309.013
-72.3702
-6.63153
197.546
-47.9792
-7.4321
167.552
-43.3429
-8.38096
117.253
-32.6315
-5.17912
54.6832
-15.9498
-3.55328
17.4974
-5.09461
-2.33165
5.28478
-1.46978
1.09468
2.2833
-1.19275
-0.339001
254.391
-58.1003
8.09253
6.46914
-1.10825
0.0851399
-0.738383
0.198795
-3.98139
3.30313
-0.215836
-24.1069
202.015
-47.3485
-27.1428
183.219
-44.1617
-25.7887
135.891
-34.3428
-31.6768
122.372
-33.2658
-17.2142
54.1159
-15.3442
-12.2475
24.2177
-6.67625
30.3287
259.558
-58.8021
33.2815
228.727
-52.8564
25.6528
135.741
-32.3315
22.2724
91.5258
-23.1305
18.6423
53.2141
-14.372
13.7154
24.0245
-6.00539
8.35421
362.065
-83.1055
6.90314
229.744
-54.1115
8.3
204.448
-50.0885
6.22312
117.669
-30.9337
8.1156
79.923
-22.2114
8.26189
34.5792
-9.93084
-7.7599
301.668
-69.8284
-8.46989
273.117
-64.9011
-7.62631
201.801
-50.2631
-6.56076
118.279
-31.1283
-6.06062
78.048
-22.3088
-4.29963
34.3894
-10.1947
-3.73093
9.08491
-2.04981
-2.71225
18.8383
-4.94644
