-3.67783
27.2319
-7.35711
3.22402
40.834
-10.9597
0.219384
0.122177
0.0832024
-0.138521
-0.00699731
-0.0633011
-2.21618
27.2748
-7.3532
5.41896
40.9195
-10.9681
0.12596
0.0143739
-0.0751299
-0.111674
0.0536868
0.0793572
-7.31881
44.4085
-12.1997
-7.12137
34.2633
-9.70865
-8.2703
30.3229
-9.19732
-4.23597
11.7854
-3.79115
-4.27405
8.36214
-2.737
-2.60403
3.03856
-0.981067
4.30634
44.3551
-12.0876
4.26977
34.152
-9.51618
2.9745
18.3341
-5.15384
4.13111
18.92
-5.84578
2.55371
8.13047
-2.43163
1.579
2.82943
-0.424023
-4.41264
44.4846
-12.1766
-4.26615
34.3379
-9.62277
-4.39149
27.2354
-7.97591
-2.41037
11.8349
-3.40774
-2.13093
8.21227
-2.42582
-1.29403
2.67614
-0.578764
7.23012
44.4559
-12.1049
7.11062
34.3105
-9.57838
4.92409
18.4643
-5.3388
7.19863
19.1565
-6.23899
4.77289
8.19194
-2.77299
2.15318
2.54679
-0.609708
-2.29146
81.6873
-22.0042
-1.43654
1.32018
-0.380362
-5.88412
54.5094
-14.7044
1.05287
1.09401
-0.00557702
11.4468
109.01
-29.2382
-0.496356
-0.24319
0.0759794
0.674242
0.27853
-0.105884
-0.583336
0.195572
-0.0358745
1.37386
54.5485
-14.6718
-0.84866
1.21623
0.129346
1.52744
1.4525
-0.559376
0.134568
-0.073237
-0.00272242
-7.34723
49.4588
-13.46
-7.25142
39.3357
-10.9428
-6.91609
29.2476
-8.49884
-6.36212
19.6056
-6.15535
-4.93941
11.7598
-3.81954
-3.53376
5.44576
-1.74834
4.30178
49.4264
-13.3627
4.30287
39.257
-10.7952
4.18517
29.1686
-8.2271
3.70182
19.7566
-5.67872
2.91742
11.5044
-3.5296
2.12505
5.20434
-1.39059
-6.65052
74.3114
-20.1675
-4.36105
39.399
-10.8982
-4.14396
29.3329
-8.35885
-2.98543
15.9866
-4.77226
-2.58975
11.673
-3.48884
-1.67409
5.18676
-1.40652
7.23111
49.5293
-13.3676
7.17822
39.3833
-10.8349
6.96674
29.3037
-8.33488
6.16555
19.9602
-6.01159
5.31021
11.6185
-3.83544
4.04982
5.27896
-1.78453
-23.3749
177.8
-48.7688
-28.4778
171.612
-48.2765
-20.5082
94.5223
-27.9902
-10.9521
39.7254
-12.0807
-12.7705
33.1897
-10.352
-7.79866
10.0416
-2.80191
22.8301
177.62
-48.385
22.3881
136.995
-38.1588
16.818
79.6702
-22.5678
20.9412
72.6716
-23.0836
14.1514
32.747
-10.3308
8.51804
11.8578
-2.22169
8.27497
266.773
-72.8869
8.25811
205.823
-57.6355
9.0925
163.014
-47.9034
7.37606
92.4869
-28.279
7.85914
48.287
-15.7006
5.01261
11.4027
-3.86606
-8.91374
266.227
-72.8965
-6.84622
170.794
-48.1699
-7.64767
145.582
-43.2539
-8.43275
102.687
-32.4173
-5.33852
48.2853
-15.7892
-3.64311
15.6482
-5.06282
-2.33881
4.74621
-1.44018
1.07662
2.00868
-1.16535
-0.333468
218.024
-58.6541
7.08683
5.6968
-1.17814
0.0816842
-0.642339
0.203497
-3.47825
2.91584
-0.235355
-20.5506
173.268
-47.0922
-23.1532
157.495
-43.6904
-22.0322
117.196
-33.733
-27.1304
106.043
-32.3429
-14.8459
47.1108
-14.7432
-10.6227
21.2211
-6.36331
25.7483
222.63
-60.1462
28.2781
196.63
-54.048
21.8472
117.067
-33.053
19.0593
79.2902
-23.5926
16.0415
46.3428
-14.639
11.8896
21.0292
-6.21156
8.53752
309.593
-83.8103
6.98685
196.771
-54.4196
8.31022
175.574
-50.1732
6.29778
101.394
-30.7684
7.89681
69.0846
-22.0082
7.8043
30.0435
-9.86132
-7.92199
259.553
-70.422
-8.69657
235.679
-65.2743
-7.88568
174.875
-50.3437
-6.66369
103.081
-31.0754
-6.22445
68.6253
-22.1172
-4.43982
30.5267
-10.0883
-3.00666
7.9804
-2.03664
-2.22104
16.2462
-4.85446
