-3.49535
25.6423
-7.3284
2.94538
38.4507
-10.9946
0.20616
0.115146
0.0790685
-0.133103
-0.00573789
-0.0613602
-2.03048
25.6338
-7.32484
5.14552
38.4578
-11.0023
0.121088
0.0143659
-0.072597
-0.103257
0.0494943
0.0754955
-6.95707
41.8658
-12.136
-6.77366
32.3593
-9.63798
-7.87762
28.714
-9.1
-4.04407
11.1961
-3.73176
-4.0958
7.97749
-2.68749
-2.50305
2.91456
-0.957514
3.93501
41.8163
-12.1268
3.90758
32.254
-9.54771
2.7293
17.3539
-5.17799
3.80014
17.9817
-5.86755
2.3601
7.75065
-2.44991
1.46754
2.70548
-0.45625
-4.04342
41.8411
-12.1152
-3.91217
32.3386
-9.55915
-4.03369
25.7009
-7.90775
-2.21904
11.1841
-3.37565
-1.96189
7.78028
-2.39741
-1.19105
2.54587
-0.584631
6.86517
41.8161
-12.1417
6.75326
32.3171
-9.60307
4.68549
17.4223
-5.34714
6.86807
18.1208
-6.23056
4.55971
7.7697
-2.76743
2.06359
2.42571
-0.611724
-2.29566
76.9196
-21.9955
-1.38443
1.27068
-0.37069
-5.51675
51.2787
-14.6477
0.983223
1.04512
-0.0264702
10.7155
102.549
-29.3299
-0.484088
-0.230912
0.0694417
0.639703
0.266719
-0.0982195
-0.552432
0.188414
-0.0298693
1.37838
51.2669
-14.6659
-0.785301
1.1595
0.101126
1.46742
1.39093
-0.549227
0.133596
-0.0694702
-0.00539398
-6.98306
46.5963
-13.3996
-6.89492
37.1134
-10.8756
-6.58222
27.6545
-8.42542
-6.06074
18.595
-6.07797
-4.7259
11.1953
-3.75663
-3.39099
5.2075
-1.71396
3.93004
46.5665
-13.4056
3.93417
37.0396
-10.8306
3.83486
27.578
-8.25587
3.40108
18.7295
-5.70924
2.68959
10.9488
-3.54621
1.96926
4.97002
-1.41353
-6.09344
69.8641
-20.0789
-3.99726
37.0789
-10.8353
-3.80341
27.6492
-8.29663
-2.74642
15.101
-4.72558
-2.38232
11.0452
-3.44979
-1.54202
4.92032
-1.39449
6.86604
46.5663
-13.4096
6.81638
37.0673
-10.8658
6.61888
27.6265
-8.35333
5.87561
18.8547
-6.01448
5.06956
11.003
-3.82972
3.87167
5.01708
-1.78113
-21.9195
167.425
-48.5167
-26.7234
161.844
-47.9382
-19.2696
89.3417
-27.7234
-10.3171
37.6305
-11.9226
-12.0746
31.5455
-10.1856
-7.39623
9.58941
-2.75633
21.3755
167.261
-48.5351
20.977
129.203
-38.2693
15.79
75.2871
-22.6481
19.7167
68.8934
-23.0874
13.3676
31.122
-10.3494
8.08221
11.2919
-2.29334
8.2936
250.927
-72.8108
8.24946
193.856
-57.5158
9.05313
153.844
-47.7281
7.34972
87.4478
-28.156
7.72017
45.782
-15.5973
4.8887
10.8602
-3.8542
-8.94639
250.988
-72.8225
-6.89382
161.308
-48.0729
-7.69439
137.842
-43.0808
-8.41747
97.5982
-32.2431
-5.37374
46.0648
-15.6879
-3.66136
15.0088
-5.03812
-2.33419
4.56115
-1.42754
1.06795
1.92507
-1.15371
-0.328409
205.102
-58.633
6.73855
5.43889
-1.19094
0.0814096
-0.607647
0.204905
-3.30407
2.79022
-0.245746
-19.2687
163.069
-46.8821
-21.7175
148.407
-43.4282
-20.6863
110.635
-33.4566
-25.5108
100.37
-31.9745
-14.0142
44.7021
-14.5228
-10.0582
20.2063
-6.25844
24.104
209.529
-60.3363
26.4836
185.292
-54.2106
20.4859
110.515
-33.1473
17.9204
75.0355
-23.6364
15.1274
43.9822
-14.6563
11.253
20.0133
-6.24537
8.56779
291.068
-83.7547
6.98828
185.194
-54.3385
8.2825
165.517
-50.0359
6.30234
95.7889
-30.6115
7.79399
65.4075
-21.8714
7.62791
28.5366
-9.80881
-7.94342
244.533
-70.3758
-8.73909
222.371
-65.178
-7.94582
165.356
-50.2042
-6.67452
97.7469
-30.9575
-6.25761
65.3453
-21.9843
-4.47193
29.1894
-10.0235
-2.76103
7.62398
-2.03461
-2.04831
15.3488
-4.81277
