-0.00386233
-4.90504
-0.0015876
-0.00942949
-7.35772
0.00151533
-0.264811
-0.174531
-0.0629354
0.11301
-0.011254
0.0382427
-0.00237976
-4.9028
-0.001407
-0.00394265
-7.35275
-0.000676844
-0.105093
-0.0198015
0.0430972
0.224513
-0.146154
-0.0716317
-0.00927469
-9.8144
-0.0013365
-0.00252624
-9.84756
-0.00472829
0.103782
-12.4615
-0.0485071
0.398838
-7.36972
-0.0656466
1.37607
-8.90049
-0.0605057
1.71801
-5.256
-0.125804
-0.0152615
-9.81495
0.00753194
-0.0234933
-9.86407
0.0244252
-0.0721818
-7.44684
0.0868068
-0.456899
-12.719
0.145366
-0.94799
-8.85301
0.127168
-1.49858
-4.68709
-0.282474
-0.00591229
-9.80956
-0.00112462
0.00280699
-9.83613
0.00406489
0.07796
-11.1314
0.0274837
0.332172
-7.34526
0.144429
1.18846
-8.93057
0.163722
1.63309
-5.42629
-0.217463
-0.00736744
-9.80769
0.000825564
-0.0168131
-9.8372
0.00874203
-0.110799
-7.41008
0.0232511
-0.596071
-12.6034
-0.0627635
-1.18798
-8.89935
-0.0751434
-1.14487
-3.82588
-0.151784
-0.01307
-14.7144
-0.000548013
1.1529
-2.68696
-0.11437
-0.00413133
-9.80733
-0.00202993
-1.25588
-2.18215
-0.37412
-0.0291054
-19.6137
0.0020123
0.108045
0.00616541
-0.102536
-0.672627
-0.338371
0.0946028
0.673104
-0.321818
0.0784385
-0.00874501
-9.80547
-0.00228215
1.35129
-3.15951
-0.53535
-1.10852
-2.60904
0.00332615
0.0130972
-0.044634
-0.0612333
-0.00824317
-9.8097
-0.00202284
-0.00896356
-9.82504
-0.00177632
0.0206759
-9.8844
-0.0120398
0.161235
-10.0698
-0.05342
0.944112
-9.59828
-0.0384391
1.71946
-7.49342
-0.111278
-0.013241
-9.8098
0.00370785
-0.0179644
-9.82945
0.014725
-0.0364272
-9.90911
0.0469977
-0.184249
-10.0025
0.140217
-0.619399
-9.75245
0.144933
-1.32019
-7.13834
-0.0110868
-0.00837891
-14.7082
-0.00234918
-0.00448077
-9.81966
0.000155043
0.0190742
-9.87185
0.013222
0.138989
-8.09217
0.0580227
0.828813
-9.63848
0.181114
1.47612
-7.42156
0.044736
-0.00641259
-9.80383
-0.000102172
-0.0136504
-9.81427
0.00369332
-0.0323328
-9.88319
0.0193578
-0.274761
-9.9193
0.0158505
-0.761321
-9.72972
-0.0414139
-1.6067
-7.24258
-0.132693
-0.0121412
-39.2412
-0.00495513
0.03375
-49.1763
0.00299598
0.330227
-38.5503
-0.0185323
1.30852
-24.3461
0.0615262
4.94527
-35.572
0.269074
5.6606
-18.9733
-0.115226
-0.0927185
-39.2478
0.017505
-0.195958
-39.3951
0.0695545
-0.539803
-32.21
0.29738
-2.26887
-47.9379
0.0340869
-4.03048
-35.4684
0.212105
-5.3126
-18.9604
-0.617846
-0.0819156
-58.856
-0.00934276
-0.157182
-59.0252
0.0184655
-0.172831
-66.6588
0.069304
-0.177151
-59.9955
0.536833
0.575979
-54.2218
0.395815
-0.724916
-21.3845
-0.241788
-0.0501528
-58.8905
0.0205975
-0.00115081
-49.3103
0.0356078
0.142595
-59.8936
-0.0088563
0.270025
-68.2221
0.252875
1.42609
-53.944
0.304789
0.638488
-29.4544
-0.0900593
-0.0939014
-11.717
-0.0896081
0.112265
-5.84612
0.201672
-0.0352314
-39.2307
-0.00274411
-5.49827
-11.5508
-0.256128
-0.194768
-0.159567
0.125924
3.27215
-7.03136
-0.540375
-0.0128354
-34.3219
-0.00565858
-0.00280763
-39.2793
-0.00291135
0.140719
-39.4934
-0.0112435
0.939668
-53.9154
0.0540754
3.60548
-38.3355
0.199086
5.97008
-29.7253
0.144748
-0.0769617
-44.1355
0.00936045
-0.177561
-49.1099
0.0506282
-0.314368
-39.5549
0.148424
-1.26357
-39.9455
0.201356
-2.79759
-38.8719
0.234525
-5.2452
-28.8397
-0.056434
-0.069473
-61.281
-0.00810454
-0.0851102
-49.1097
-0.00756193
-0.157297
-59.313
0.0532948
-0.34328
-51.243
0.0356578
0.44367
-58.666
0.448587
0.0215562
-44.4405
0.0798814
-0.0432805
-51.5006
0.0076711
-0.0490854
-58.9657
0.035935
0.0511991
-59.4461
0.0538893
0.144457
-52.7373
0.22748
1.02933
-58.773
0.288161
1.30402
-44.227
0.17972
3.97308
-18.1826
-0.361066
0.0630924
-7.4947
0.0144521
