5.60261
-50.0597
1.58413
-8.99538
-75.0569
-0.764526
-0.44364
-0.241089
-0.142784
0.193255
0.0364359
0.0721692
5.72367
-52.1311
1.57105
-8.79758
-78.2075
-0.736024
-0.17771
-0.00948469
0.092752
0.277491
-0.147913
-0.122399
11.0874
-80.0601
3.39179
10.6136
-60.0409
3.6005
11.9908
-51.2164
4.63214
5.94877
-19.2108
2.66026
5.76195
-13.166
2.29679
3.46426
-4.60715
1.06719
-11.9636
-79.9324
-0.730148
-11.5653
-59.8863
-0.401659
-7.73263
-31.2452
-0.255513
-10.3596
-30.7922
0.0939402
-6.10816
-13.034
-0.108069
-3.61646
-4.53177
-0.833978
11.3631
-84.1115
3.31307
10.816
-63.8182
3.36985
10.8288
-49.5221
3.57149
5.7885
-21.5082
1.86837
5.19507
-14.9913
1.70967
3.23029
-5.03742
0.210572
-11.724
-83.972
-0.631338
-11.4233
-63.615
-0.142494
-7.59894
-33.6172
0.267906
-10.606
-34.3997
1.02447
-7.0134
-14.6709
0.616538
-3.081
-4.48122
0.0645425
-0.562858
-150.148
1.63329
1.86072
-1.94777
0.440313
11.2965
-102.202
3.14073
-2.30195
-1.8423
-0.618481
-23.569
-204.371
-1.98054
0.45037
0.397773
-0.198307
-1.18141
-0.430419
0.230793
1.05228
-0.281095
0.202183
-0.106848
-104.252
1.09261
2.01981
-2.36605
-0.675404
-2.14852
-2.45661
0.400849
-0.0684144
0.100609
-0.0687461
11.1756
-90.1463
3.27773
10.904
-69.9885
3.50109
10.1805
-50.3927
3.64567
9.23626
-32.5467
3.61881
6.74072
-18.8039
2.89542
4.74459
-8.44347
1.61924
-11.9961
-90.0534
-0.88034
-11.8363
-69.8467
-0.569617
-11.1128
-50.3757
-0.270841
-9.43618
-33.0867
-0.304824
-7.14665
-18.5884
0.0422087
-4.96915
-8.29183
-0.390452
17.1675
-141.396
4.84721
11.163
-73.907
3.35605
10.3539
-53.959
3.29248
7.21687
-28.8966
2.46403
6.32054
-21.2143
2.22101
4.10383
-9.57456
0.981685
-11.7431
-94.1934
-0.841039
-11.6024
-73.7483
-0.391896
-11.0869
-53.7478
0.0958043
-9.24484
-36.0453
0.587107
-7.80098
-20.8331
0.72383
-5.97058
-9.41562
0.418028
44.6786
-328.428
13.4813
53.6243
-309.963
17.5365
37.7212
-166.094
13.3461
19.4951
-68.7175
7.70742
21.9342
-56.6305
8.38171
13.1535
-17.1095
2.79658
-46.7866
-327.913
-2.64798
-45.0874
-247.351
-1.0005
-32.6064
-140.621
-0.264886
-38.9139
-124.776
2.81741
-25.2582
-56.1283
1.26038
-14.5377
-20.6959
-1.53231
-0.95722
-504.087
8.10834
-1.9133
-381.87
9.74322
-2.9697
-295.946
12.0891
-2.16976
-167.098
9.08667
-5.48384
-87.2837
6.99667
-4.69745
-20.818
1.61819
-2.76443
-479.745
7.99593
-2.74261
-299.151
7.92097
-2.36266
-246.597
11.1851
0.0505547
-166.709
11.2493
-0.787197
-76.4282
6.85013
-0.0735143
-24.0861
2.43627
0.488442
-7.46698
1.00969
-0.546656
-3.79309
0.802662
-0.914901
-408.765
4.27876
-11.8237
-9.98137
-0.103525
-0.114508
1.01971
0.0175703
5.82347
-5.10812
0.104187
39.395
-322.782
11.428
43.9884
-287.908
13.8038
41.043
-208.941
14.054
49.3945
-183.886
18.1086
25.8196
-80.7537
10.7658
18.115
-36.179
5.63694
-52.9754
-414.564
-3.83547
-57.5547
-359.199
-2.25627
-43.3061
-208.833
-0.314576
-36.1154
-137.968
1.30916
-29.183
-79.4859
1.70842
-20.7945
-36.1934
0.248678
-0.602982
-588.935
7.54721
-1.28514
-368.696
7.42183
-2.48703
-322.229
10.3246
-1.14252
-182.887
9.71047
-4.40837
-124.595
8.88216
-6.64697
-54.5775
4.41112
-2.19745
-472.961
6.30333
-3.01171
-419.112
8.81504
-3.13179
-301.248
10.2535
-0.863761
-171.796
8.51763
-1.00935
-109.8
8.6538
-0.533072
-47.7303
4.73648
7.64404
-14.3349
1.31427
5.19004
-29.0697
2.18854
