-3.20876
23.1742
-7.26617
2.51823
34.75
-11.0015
0.185859
0.104311
0.0728007
-0.12469
-0.00386087
-0.058337
-1.74489
23.0997
-7.26314
4.71737
34.656
-11.0079
0.113531
0.0143719
-0.0686126
-0.0904425
0.0432386
0.0694203
-6.38909
37.9173
-12.0119
-6.22821
29.4029
-9.51204
-7.26272
26.2163
-8.93744
-3.74378
10.2809
-3.63742
-3.81736
7.37909
-2.61169
-2.3455
2.72051
-0.922965
3.3656
37.874
-12.135
3.35192
29.3073
-9.55533
2.35334
15.8322
-5.19261
3.29382
16.525
-5.87478
2.06437
7.16014
-2.46615
1.29735
2.51186
-0.501179
-3.47564
37.7634
-11.9946
-3.368
29.2597
-9.44431
-3.48394
23.3437
-7.79191
-1.92579
10.1873
-3.32396
-1.70392
7.1224
-2.35434
-1.03383
2.35023
-0.595152
6.29386
37.744
-12.1464
6.19443
29.2467
-9.60011
4.31279
15.821
-5.33724
6.35221
16.5349
-6.19098
4.22805
7.12548
-2.74693
1.92442
2.24198
-0.611581
-2.29184
69.5164
-21.9081
-1.30307
1.19287
-0.356824
-4.94583
46.276
-14.5245
0.876776
0.968679
-0.0564758
9.58281
92.5451
-29.346
-0.46457
-0.212272
0.0592652
0.586425
0.248333
-0.0861081
-0.504942
0.177479
-0.0211604
1.3803
46.199
-14.6073
-0.688106
1.07548
0.0565903
1.37427
1.298
-0.531528
0.131907
-0.0634172
-0.0094417
-6.41117
42.1511
-13.2756
-6.33539
33.6624
-10.7509
-6.05892
25.1812
-8.29906
-5.58897
17.0266
-5.95241
-4.39205
10.3181
-3.65841
-3.16817
4.83612
-1.66247
3.36012
42.1254
-13.4141
3.36864
33.5963
-10.8387
3.2974
25.1087
-8.26466
2.94037
17.1352
-5.7307
2.34145
10.0857
-3.55554
1.73136
4.60514
-1.44076
-5.23672
62.9996
-19.896
-3.43788
33.5027
-10.7173
-3.27994
25.0591
-8.18783
-2.37945
13.7429
-4.64884
-2.06541
10.0865
-3.38868
-1.34052
4.51619
-1.37753
6.29446
41.9927
-13.4169
6.25027
33.4971
-10.867
6.07529
25.0458
-8.34609
5.42292
17.1586
-5.99317
4.69456
10.062
-3.80457
3.59499
4.61863
-1.76779
-19.6582
151.369
-48.0243
-23.9987
146.74
-47.3328
-17.3482
81.3432
-27.2749
-9.33357
34.4005
-11.6704
-10.9996
29.0167
-9.93242
-6.77494
8.89654
-2.69375
19.1225
151.229
-48.5584
18.7915
117.156
-38.2761
14.1992
68.5187
-22.6741
17.8254
63.0724
-22.9935
12.1578
28.6229
-10.3315
7.41002
10.4231
-2.38677
8.29261
226.484
-72.4592
8.20858
175.425
-57.1571
8.96561
139.755
-47.3239
7.28637
79.7327
-27.8931
7.48892
41.965
-15.4037
4.69144
10.0429
-3.82763
-8.95693
227.325
-72.4739
-6.93763
146.582
-47.7779
-7.73595
125.826
-42.6927
-8.36192
89.6973
-31.8932
-5.40804
42.6111
-15.4971
-3.67798
14.0067
-4.99105
-2.32138
4.26945
-1.40723
1.05296
1.80267
-1.13451
-0.31677
185.093
-58.4029
6.20101
5.04319
-1.20155
0.0817263
-0.553367
0.206971
-3.03471
2.59978
-0.266007
-17.2765
147.278
-46.4501
-19.4871
134.348
-42.9393
-18.5973
100.498
-32.9788
-22.9997
91.619
-31.3739
-12.728
40.9929
-14.1793
-9.18656
18.6475
-6.10416
21.5573
189.247
-60.3707
23.7046
167.752
-54.2292
18.3777
100.391
-33.1509
16.16
68.4706
-23.6013
13.7162
40.348
-14.6187
10.2704
18.453
-6.26635
8.5833
262.474
-83.3927
6.96606
167.349
-54.0436
8.21356
150.046
-49.6782
6.29038
87.1907
-30.2867
7.61479
59.7899
-21.6083
7.34309
26.2493
-9.7074
-7.94089
221.21
-70.0724
-8.76628
201.704
-64.8257
-8.00537
150.577
-49.8423
-6.66597
89.4662
-30.6914
-6.2846
60.2495
-21.7272
-4.5057
27.1048
-9.90342
-2.38563
7.0869
-2.03595
-1.7826
13.9691
-4.74091
