-2.90958
20.6197
-7.18043
2.08493
30.92
-10.9532
0.164834
0.093019
0.0664053
-0.115874
-0.00200539
-0.0551603
-1.45395
20.4926
-7.17791
4.27212
30.7447
-10.9584
0.105619
0.0143839
-0.0643926
-0.0772378
0.0369041
0.0629696
-5.79614
33.8252
-11.8529
-5.65876
26.3334
-9.3623
-6.62065
23.6154
-8.75598
-3.42952
9.32391
-3.53762
-3.52511
6.74903
-2.53461
-2.17977
2.51349
-0.889573
2.78777
33.7885
-12.0825
2.78734
26.2482
-9.51564
1.97076
14.2484
-5.18164
2.77796
15.0012
-5.85288
1.76217
6.53908
-2.46999
1.12265
2.30615
-0.542753
-2.89713
33.5683
-11.8392
-2.81321
26.0917
-9.30593
-2.92263
20.9175
-7.65991
-1.62613
9.16131
-3.26802
-1.43999
6.44595
-2.31096
-0.872166
2.15019
-0.608056
5.69983
33.5543
-12.0904
5.61366
26.0867
-9.54981
3.92502
14.1724
-5.3014
5.81429
14.9017
-6.12141
3.8822
6.46171
-2.71319
1.77903
2.05294
-0.608196
-2.2753
61.8544
-21.7301
-1.21726
1.10909
-0.343856
-4.35695
41.114
-14.3542
0.767139
0.887135
-0.0854131
8.41958
82.2227
-29.2149
-0.443725
-0.19337
0.0485885
0.531003
0.228947
-0.0732514
-0.455669
0.166077
-0.0127369
1.37626
40.9851
-14.4884
-0.587431
0.990252
0.00900525
1.27684
1.20248
-0.51119
0.129985
-0.0569471
-0.0135947
-5.81412
37.5477
-13.1107
-5.75124
30.0829
-10.597
-5.51257
22.6099
-8.15364
-5.09617
15.3905
-5.81631
-4.04201
9.39786
-3.55634
-2.93415
4.44313
-1.61149
2.78193
37.5264
-13.3554
2.79443
30.0251
-10.7929
2.75084
22.542
-8.23272
2.47129
15.4727
-5.72359
1.98634
9.18085
-3.54727
1.48772
4.21975
-1.4603
-4.36388
55.9376
-19.6519
-2.86779
29.8235
-10.5703
-2.74583
22.3937
-8.0604
-2.00453
12.3449
-4.56422
-1.74166
9.10016
-3.32473
-1.13392
4.1012
-1.36209
5.70011
37.2872
-13.3568
5.66185
29.8233
-10.8142
5.51039
22.3892
-8.29794
4.95134
15.4123
-5.9427
4.30352
9.09249
-3.76114
3.30652
4.20821
-1.74567
-17.3256
134.792
-47.3928
-21.1872
131.129
-46.6097
-15.3645
73.0649
-26.7704
-8.3166
31.0515
-11.4018
-9.88525
26.3877
-9.67667
-6.12942
8.17305
-2.6386
16.8082
134.677
-48.3393
16.5451
104.705
-38.0943
12.562
61.5138
-22.5894
15.8767
57.0356
-22.7876
10.9076
26.0258
-10.2631
6.7132
9.51771
-2.46594
8.25651
201.336
-71.8208
8.13505
156.458
-56.5849
8.84548
125.25
-46.755
7.19541
71.7896
-27.5408
7.23269
38.0358
-15.1683
4.48089
9.20546
-3.79248
-8.91816
202.802
-71.8384
-6.94467
131.292
-47.3043
-7.73964
113.317
-42.1554
-8.26626
81.4312
-31.4432
-5.41897
38.974
-15.2644
-3.68191
12.9347
-4.93432
-2.30201
3.95321
-1.38615
1.03588
1.67917
-1.1136
-0.299898
164.447
-57.9315
5.64244
4.62888
-1.20346
0.0827301
-0.496684
0.20901
-2.75381
2.40173
-0.292248
-15.2217
130.98
-45.8751
-17.186
119.826
-42.3344
-16.4414
90.0151
-32.4259
-20.4061
82.5527
-30.7188
-11.3961
37.142
-13.8228
-8.28218
17.0245
-5.95449
18.9419
168.313
-60.1024
20.8493
149.633
-53.9787
16.2095
89.9214
-32.992
14.3471
61.6692
-23.4506
12.2601
36.5756
-14.5105
9.25319
16.8297
-6.2554
8.56195
233.057
-82.6927
6.91499
148.988
-53.5405
8.11324
134.121
-49.1412
6.25577
78.338
-29.8599
7.40825
54.0061
-21.281
7.03556
23.897
-9.58247
-7.8944
197.057
-69.485
-8.74583
180.268
-64.2235
-8.02373
135.214
-49.3002
-6.62585
80.8284
-30.3221
-6.28248
54.9025
-21.4058
-4.52179
24.8977
-9.75954
-1.99934
6.53328
-2.04342
-1.51072
12.546
-4.65824
