-2.70474
18.877
-7.10981
1.79524
28.3071
-10.8905
0.150329
0.0851825
0.0620417
-0.109739
-0.000783233
-0.0529457
-1.25871
18.7217
-7.10762
3.96825
28.0878
-10.8948
0.100118
0.0143849
-0.0614408
-0.0681334
0.0325718
0.0584461
-5.39007
31.0281
-11.727
-5.26844
24.2288
-9.24897
-6.17972
21.8235
-8.62462
-3.21282
8.66073
-3.46827
-3.32236
6.30841
-2.48259
-2.06429
2.36661
-0.86794
2.40133
30.9957
-12.0142
2.40918
24.1508
-9.46343
1.71376
13.1581
-5.16052
2.43
13.9441
-5.8231
1.55706
6.10525
-2.46632
1.0032
2.16087
-0.569051
-2.50883
30.7159
-11.7157
-2.44031
23.9338
-9.20013
-2.54431
19.2601
-7.56262
-1.4234
8.45864
-3.22816
-1.2604
5.98091
-2.28175
-0.761358
2.01207
-0.618011
5.29446
30.7053
-12.0199
5.21724
23.9337
-9.49069
3.65961
13.0465
-5.26382
5.44449
13.7816
-6.05987
3.64381
6.00471
-2.68421
1.67838
1.92241
-0.604479
-2.25704
56.6273
-21.5608
-1.15726
1.04904
-0.33571
-3.95768
37.6001
-14.2137
0.691849
0.829248
-0.104426
7.63374
75.196
-29.0463
-0.42909
-0.180612
0.0411718
0.492665
0.215369
-0.0642782
-0.421611
0.158088
-0.00722998
1.37018
37.4435
-14.3753
-0.517946
0.931332
-0.0245338
1.20918
1.13624
-0.496374
0.128587
-0.052445
-0.0164476
-5.40532
34.4045
-12.9774
-5.35105
27.6327
-10.4778
-5.13781
20.8433
-8.04598
-4.75747
14.2602
-5.71985
-3.79978
8.75735
-3.48632
-2.77148
4.16671
-1.57779
2.39535
34.3862
-13.2792
2.41017
27.5805
-10.7329
2.38427
20.7788
-8.18939
2.15561
14.3248
-5.70355
1.7461
8.55125
-3.53271
1.32177
3.94924
-1.46961
-3.77814
51.1385
-19.454
-2.48494
27.3199
-10.4556
-2.3864
20.5758
-7.96469
-1.75142
11.3884
-4.50324
-1.52212
8.42329
-3.28033
-0.992849
3.81543
-1.35256
5.29453
34.0895
-13.2798
5.26032
27.323
-10.7496
5.12461
20.577
-8.24395
4.62779
14.2175
-5.89395
4.03435
8.4264
-3.72305
3.10739
3.92503
-1.72671
-15.7436
123.491
-46.892
-19.2787
120.462
-46.0603
-14.0153
67.3873
-26.4023
-7.6222
28.7457
-11.2136
-9.11975
24.566
-9.50461
-5.68402
7.66658
-2.60571
15.2442
123.393
-48.0602
15.0254
96.1974
-37.8708
11.4514
56.7111
-22.4735
14.5499
52.8746
-22.5932
10.052
24.227
-10.1926
6.23365
8.88707
-2.5124
8.21271
184.236
-71.2354
8.06829
143.537
-56.0857
8.748
115.34
-46.2867
7.11993
66.3448
-27.2582
7.04918
35.3314
-14.9902
4.33322
8.62674
-3.76517
-8.86374
186.038
-71.2548
-6.92733
120.809
-46.8901
-7.71942
104.7
-41.7169
-8.18003
75.6964
-31.0905
-5.41278
36.4294
-15.0881
-3.67759
12.1718
-4.8922
-2.28567
3.72496
-1.37202
1.02345
1.59354
-1.09884
-0.285736
150.393
-57.482
5.25683
4.33808
-1.20092
0.0836455
-0.457738
0.210347
-2.55918
2.26264
-0.313043
-13.8283
119.879
-45.4099
-15.6249
109.915
-41.8648
-14.9767
82.8399
-32.0147
-18.6402
76.3199
-30.2517
-10.4834
34.4821
-13.5778
-7.65954
15.8957
-5.857
17.1749
154.054
-59.757
18.9189
137.268
-53.6649
14.741
82.7558
-32.7987
13.1149
56.9946
-23.2898
11.2663
33.9697
-14.4025
8.55496
15.702
-6.23271
8.52671
213.066
-82.0372
6.86508
136.493
-53.0896
8.02963
123.258
-48.6851
6.21996
72.28
-29.5213
7.25675
50.0333
-21.0296
6.81863
22.2742
-9.48774
-7.83819
180.565
-68.9347
-8.70423
165.594
-63.6833
-8.01111
124.658
-48.8402
-6.58084
74.8614
-30.0204
-6.26413
51.1784
-21.1583
-4.52252
23.3439
-9.65199
-1.73449
6.14741
-2.05186
-1.32704
11.5717
-4.59712
