-2.39176
16.2158
-6.98302
1.36305
24.317
-10.7517
0.127734
0.0728984
0.0553019
-0.100108
0.00102498
-0.0494611
-0.966315
16.027
-6.98127
3.50542
24.0452
-10.7548
0.0914831
0.0143586
-0.0567966
-0.0539194
0.0258192
0.0513154
-4.76936
26.745
-11.507
-4.67084
20.9925
-9.05777
-5.50232
19.0498
-8.41149
-2.87791
7.6261
-3.35996
-3.00617
5.61308
-2.40331
-1.88297
2.13099
-0.836199
1.82459
26.7191
-11.8631
1.84365
20.9253
-9.34784
1.32772
11.4718
-5.10897
1.90376
12.2923
-5.75743
1.24393
5.42151
-2.45254
0.818933
1.92903
-0.607046
-1.92709
26.3675
-11.4991
-1.88053
20.6335
-9.0199
-1.97401
16.7123
-7.40176
-1.11584
7.37322
-3.16382
-0.985249
5.25703
-2.23692
-0.589934
1.79446
-0.63477
4.67705
26.3616
-11.8656
4.613
20.6401
-9.36523
3.25327
11.3163
-5.18824
4.87466
12.0478
-5.94723
3.27459
5.29252
-2.63233
1.52148
1.71767
-0.597227
-2.21884
48.6451
-21.2307
-1.06263
0.951634
-0.324139
-3.35346
32.244
-13.9612
0.575082
0.736311
-0.132991
6.44865
64.4852
-28.6741
-0.406017
-0.161205
0.0295891
0.432827
0.193896
-0.0502596
-0.368425
0.145344
0.000949758
1.3559
32.0545
-14.1549
-0.409671
0.83776
-0.0775658
1.10321
1.03149
-0.472587
0.126324
-0.0454788
-0.0208788
-4.78062
29.5988
-12.741
-4.73894
23.8739
-10.273
-4.56322
18.119
-7.86769
-4.2365
12.5036
-5.56624
-3.42345
7.75242
-3.37806
-2.517
3.7275
-1.52739
1.81857
29.5848
-13.1106
1.83626
23.83
-10.5998
1.83509
18.0598
-8.09265
1.68003
12.5422
-5.65169
1.38108
7.56373
-3.49858
1.06714
3.52043
-1.4789
-2.90088
43.8305
-19.1024
-1.91093
23.4979
-10.2572
-1.84583
17.7895
-7.80388
-1.36883
9.91373
-4.40422
-1.18748
7.37359
-3.21039
-0.775652
3.3688
-1.33899
4.67682
29.2197
-13.11
4.64861
23.5052
-10.6101
4.53597
17.7982
-8.13182
4.13071
12.3759
-5.80006
3.61858
7.39222
-3.65384
2.79816
3.48186
-1.69302
-13.3485
106.225
-46.016
-16.3847
104.104
-45.1301
-11.9626
58.6316
-25.8
-6.55933
25.1688
-10.9165
-7.93701
21.7125
-9.24241
-4.9915
6.86122
-2.56098
12.8848
106.151
-47.4475
12.7291
83.1495
-37.3879
9.76636
49.3082
-22.2151
12.5243
46.4077
-22.224
8.73595
21.4109
-10.0538
5.49014
7.89163
-2.57501
8.11719
158.165
-70.1178
7.94209
123.771
-55.1615
8.57653
100.104
-45.4534
6.98509
57.9229
-26.7654
6.75643
31.1159
-14.6936
4.10078
7.71519
-3.71936
-8.73853
160.368
-70.1397
-6.86669
104.686
-46.1217
-7.65334
91.365
-40.9419
-8.01734
66.735
-30.4855
-5.38282
32.4111
-14.7939
-3.6608
10.9441
-4.8236
-2.25624
3.35191
-1.35096
1.00328
1.45624
-1.07553
-0.260397
128.97
-56.6046
4.65664
3.87441
-1.19301
0.0851502
-0.397871
0.212264
-2.25508
2.03957
-0.348803
-11.7194
102.941
-44.5845
-13.26
94.7494
-41.0559
-12.7524
71.8094
-31.3302
-15.9488
66.6729
-29.5025
-9.07887
30.3357
-13.1979
-6.69436
14.1179
-5.71255
14.5101
132.297
-58.9948
16.0048
118.343
-52.9811
12.5186
71.7401
-32.3835
11.2392
49.7625
-22.9647
9.74347
29.9064
-14.1923
7.47672
13.9288
-6.17923
8.44171
182.623
-80.7705
6.76671
117.415
-52.2405
7.88003
106.601
-47.8556
6.14684
62.9392
-28.9353
7.01061
43.8654
-20.6055
6.47622
19.7328
-9.33017
-7.71579
155.349
-67.871
-8.59868
143.081
-62.6657
-7.95279
108.376
-48.0043
-6.48535
65.59
-29.4866
-6.21053
45.3299
-20.7398
-4.50846
20.8729
-9.47483
-1.32485
5.53293
-2.06911
-1.04933
10.0697
-4.49615
