-2.18057
14.4172
-6.88413
1.07829
21.6202
-10.6301
0.11207
0.0643299
0.0506555
-0.0933816
0.00221283
-0.0470204
-0.772947
14.2111
-6.88265
3.19404
21.3208
-10.6324
0.0854527
0.0143123
-0.0535525
-0.0440267
0.021104
0.0463321
-4.35028
23.8409
-11.3387
-4.2665
18.7872
-8.9154
-5.04192
17.1448
-8.25807
-2.64863
6.90922
-3.28467
-2.78732
5.12521
-2.34927
-1.75648
1.96289
-0.815275
1.44446
23.8191
-11.7309
1.47004
18.7272
-9.24692
1.07124
10.315
-5.06195
1.55104
11.1455
-5.70071
1.03162
4.9424
-2.43845
0.692459
1.76452
-0.631766
-1.54219
23.4295
-11.3329
-1.50919
18.3942
-8.88449
-1.59373
14.9719
-7.28372
-0.909035
6.62716
-3.11733
-0.797905
4.75438
-2.20585
-0.471932
1.64076
-0.646927
4.26165
23.4264
-11.7315
4.20598
18.4048
-9.25818
2.97805
10.1352
-5.12586
4.48561
10.8531
-5.86001
3.02084
4.79754
-2.5929
1.41279
1.57411
-0.591556
-2.18629
43.2502
-20.9602
-0.996277
0.881366
-0.316747
-2.94962
28.6292
-13.7641
0.494459
0.669958
-0.152307
5.65915
57.2566
-28.3487
-0.389879
-0.148061
0.0215693
0.39128
0.178792
-0.0405807
-0.331449
0.136252
0.00639697
1.34291
28.4228
-13.9743
-0.334612
0.770867
-0.114636
1.02938
0.957262
-0.455876
0.124701
-0.040735
-0.0239411
-4.35903
26.3463
-12.5582
-4.32531
21.3195
-10.1182
-4.17371
16.2562
-7.73697
-3.88187
11.2916
-5.45742
-3.16419
7.05171
-3.30337
-2.34018
3.41714
-1.49357
1.43853
26.335
-12.9631
1.45767
21.2811
-10.4835
1.47145
16.2009
-8.00795
1.36287
11.3135
-5.60337
1.13497
6.87533
-3.46838
0.893463
3.21816
-1.48246
-2.32071
38.9001
-18.8301
-1.53077
20.9106
-10.1066
-1.48644
15.8934
-7.68433
-1.11283
8.90276
-4.33259
-0.961045
6.64828
-3.16092
-0.626921
3.05695
-1.33002
4.26126
25.934
-12.9618
4.23687
20.9204
-10.4899
4.1389
15.9068
-8.03739
3.79256
11.1137
-5.72474
3.33382
6.67687
-3.60057
2.5849
3.17217
-1.66765
-11.7469
94.5392
-45.3452
-14.4454
92.9819
-44.4351
-10.5813
52.6366
-25.3623
-5.83856
22.7021
-10.7072
-7.12558
19.7218
-9.06308
-4.51283
6.28947
-2.53315
11.3123
94.4808
-46.9142
11.1956
74.2767
-36.9718
8.63517
44.2426
-21.9893
11.1537
41.9378
-21.9312
7.83754
19.4474
-9.94205
4.97772
7.19095
-2.61335
8.03359
140.549
-69.2138
7.84087
110.356
-54.4293
8.44577
89.6943
-44.8119
6.88111
52.1245
-26.3917
6.55034
28.1845
-14.4769
3.93847
7.07201
-3.68593
-8.62613
142.962
-69.237
-6.80271
93.6965
-45.5121
-7.58488
82.2087
-40.3483
-7.88711
60.5138
-30.0328
-5.34892
29.5897
-14.5787
-3.64276
10.0655
-4.77453
-2.2334
3.0809
-1.33703
0.988791
1.35678
-1.05919
-0.241053
114.513
-55.8848
4.24118
3.5444
-1.18592
0.0860944
-0.357163
0.213435
-2.04381
1.87936
-0.375283
-10.3097
91.495
-43.9459
-11.6772
84.4637
-40.4434
-11.2591
64.286
-30.8259
-14.1336
60.0382
-28.9675
-8.11995
27.4595
-12.9344
-6.02955
12.8697
-5.61587
12.7347
117.594
-58.3291
14.061
105.507
-52.3885
11.0315
64.2267
-32.0272
9.97463
44.7915
-22.696
8.70864
27.0869
-14.0234
6.73715
12.686
-6.13268
8.36338
162.083
-79.7377
6.68565
104.498
-51.5598
7.76462
95.2635
-47.2065
6.08496
56.5344
-28.4939
6.83484
39.5984
-20.2922
6.23699
17.9544
-9.21531
-7.6091
138.283
-67.0037
-8.49938
127.781
-61.8497
-7.88696
97.2419
-47.3507
-6.40297
59.195
-29.0775
-6.15724
41.2475
-20.4304
-4.48893
19.1249
-9.34664
-1.04303
5.09426
-2.08296
-0.863547
9.04078
-4.42231
