-1.96828
12.6044
-6.77342
0.797436
18.9019
-10.4862
0.0959056
0.0554479
0.0458705
-0.0864002
0.00338619
-0.0444796
-0.581685
12.3839
-6.77219
2.88169
18.5795
-10.4878
0.0791924
0.0142351
-0.0501891
-0.0337792
0.016191
0.0411708
-3.92877
20.9055
-11.1523
-3.85898
16.548
-8.76038
-4.57589
15.1972
-8.09491
-2.41502
6.17075
-3.20658
-2.56212
4.61738
-2.29387
-1.62539
1.78561
-0.794291
1.06944
20.8876
-11.5747
1.10066
16.495
-9.12781
0.816338
9.13347
-5.00536
1.19756
9.96209
-5.63451
0.816591
4.4442
-2.42091
0.562994
1.59178
-0.656244
-1.16132
20.466
-11.1484
-1.14085
16.1263
-8.73607
-1.21468
13.1983
-7.15626
-0.701269
5.86237
-3.06744
-0.607483
4.23417
-2.17332
-0.35088
1.47912
-0.659603
3.84496
20.4655
-11.5736
3.79717
16.1405
-9.13337
2.70017
8.93222
-5.05455
4.08997
9.62576
-5.76415
2.76118
4.285
-2.55015
1.30076
1.42423
-0.585419
-2.14826
37.8124
-20.6496
-0.927217
0.806633
-0.309493
-2.54675
24.989
-13.5433
0.411515
0.599957
-0.172003
4.87337
49.9769
-27.9638
-0.373128
-0.134732
0.0133267
0.348367
0.163035
-0.0306752
-0.293198
0.126628
0.011875
1.32714
24.7685
-13.767
-0.257207
0.699678
-0.152927
0.952896
0.87901
-0.438623
0.122978
-0.0359445
-0.0270888
-3.93519
23.0639
-12.3545
-3.90894
18.7324
-9.9481
-3.78041
14.3592
-7.59609
-3.52242
10.0474
-5.34291
-2.89854
6.32606
-3.22623
-2.1576
3.09225
-1.45923
1.06369
23.0552
-12.7886
1.08389
18.6992
-10.3461
1.11121
14.3077
-7.9079
1.04651
10.0535
-5.54472
0.886988
6.16256
-3.43278
0.716645
2.90234
-1.48429
-1.74683
33.9339
-18.5264
-1.15425
18.2962
-9.94028
-1.1292
13.9678
-7.5541
-0.856828
7.8689
-4.25589
-0.732181
5.90109
-3.10857
-0.475001
2.73251
-1.32071
3.84445
22.6244
-12.7868
3.82366
18.308
-10.3488
3.73955
13.9855
-7.92818
3.44981
9.82347
-5.64013
3.04338
5.93936
-3.54231
2.36596
2.84989
-1.64037
-10.1481
82.7397
-44.6019
-12.5059
81.704
-43.6762
-9.19429
46.5187
-24.8933
-5.10962
20.1688
-10.4876
-6.29624
17.6564
-8.87827
-4.02036
5.68732
-2.50585
9.74658
82.6959
-46.2852
9.6659
65.2786
-36.4841
7.5013
39.0762
-21.7232
9.76964
37.3375
-21.6047
6.92302
17.4113
-9.81688
4.45167
6.45837
-2.64992
7.93412
122.779
-68.1835
7.72621
96.7686
-53.6048
8.30209
79.0848
-44.1023
6.76609
46.1716
-25.9821
6.33598
25.1473
-14.2452
3.77021
6.39631
-3.65025
-8.49105
125.366
-68.208
-6.71986
82.5369
-44.8251
-7.49674
72.8497
-39.6942
-7.73999
54.0945
-29.5409
-5.30386
26.651
-14.3484
-3.61924
9.13694
-4.72278
-2.20796
2.79125
-1.32309
0.973422
1.24964
-1.04211
-0.22003
99.9527
-55.0581
3.81312
3.19622
-1.17807
0.086875
-0.315954
0.214469
-1.82556
1.70883
-0.403444
-8.90301
79.9554
-43.2342
-10.0961
74.0583
-39.7694
-9.76278
56.6356
-30.2802
-12.3069
53.2406
-28.4009
-7.14418
24.4903
-12.6607
-5.34765
11.5675
-5.5173
10.9676
102.769
-57.5424
12.1241
92.5198
-51.6916
9.54551
56.5864
-31.6109
8.70204
39.7012
-22.3892
7.65955
24.1752
-13.8339
5.98121
11.3912
-6.0789
8.26769
141.394
-78.5556
6.59239
91.4446
-50.788
7.63699
83.7461
-46.4812
6.01243
49.9839
-28.0126
6.65033
35.1982
-19.955
5.98921
16.1012
-9.09263
-7.48289
121.059
-66.0108
-8.37719
112.282
-60.9245
-7.79941
85.9005
-46.6205
-6.30573
52.6325
-28.6261
-6.08993
37.0157
-20.0968
-4.46126
17.2937
-9.21039
-0.754121
4.62909
-2.09791
-0.67784
7.98959
-4.3429
