-1.86194
11.6939
-6.71354
0.65873
17.5367
-10.4062
0.0876361
0.0508895
0.0434227
-0.0828125
0.00396738
-0.0431704
-0.487035
11.4671
-6.71243
2.72546
17.2042
-10.4074
0.0759746
0.014183
-0.0484629
-0.0285204
0.0136555
0.0385263
-3.71752
19.428
-11.0521
-3.6544
15.417
-8.67792
-4.3411
14.2082
-8.00946
-2.29672
5.79358
-3.16639
-2.44719
4.356
-2.26553
-1.55812
1.69351
-0.783699
0.884196
19.412
-11.4879
0.917904
15.3674
-9.0617
0.689676
8.53394
-4.97361
1.02071
9.3569
-5.59806
0.708116
4.18796
-2.41095
0.497143
1.50232
-0.668445
-0.972767
18.9761
-11.0491
-0.958141
14.9824
-8.65674
-1.02593
12.2992
-7.08876
-0.597141
5.47287
-3.04106
-0.51116
3.96723
-2.15635
-0.289222
1.3951
-0.666049
3.63652
18.9767
-11.486
3.59247
14.9982
-9.06459
2.56045
8.3227
-5.01573
3.88988
8.9996
-5.71326
2.62921
4.02192
-2.52766
1.2435
1.34679
-0.582222
-2.12726
35.0814
-20.4794
-0.891663
0.767578
-0.30588
-2.34608
23.1617
-13.4239
0.369168
0.563586
-0.182026
4.4826
46.3227
-27.7499
-0.364521
-0.127992
0.00912844
0.326398
0.154911
-0.02565
-0.273588
0.121606
0.0146339
1.31823
22.9351
-13.6535
-0.217635
0.662332
-0.172473
0.913646
0.838272
-0.429828
0.122076
-0.0335403
-0.028693
-3.72284
21.4139
-12.2447
-3.70012
17.4282
-9.85709
-3.58266
13.3988
-7.52164
-3.34113
9.41368
-5.28336
-2.76342
5.95398
-3.1866
-2.06418
2.92434
-1.44176
0.878568
21.4063
-12.6916
0.899149
17.3974
-10.2698
0.932671
13.3493
-7.85236
0.888849
9.41208
-5.51169
0.762381
5.79711
-3.41311
0.627084
2.73935
-1.48464
-1.46282
31.44
-18.3624
-0.967718
16.9798
-9.85107
-0.951708
12.9945
-7.48476
-0.729007
7.34338
-4.21547
-0.616917
5.51906
-3.08114
-0.397865
2.56534
-1.31579
3.63597
20.9623
-12.6895
3.61687
16.9926
-10.2708
3.53935
13.0141
-7.86829
3.27692
9.16781
-5.59457
2.89614
5.56208
-3.51147
2.25438
2.68381
-1.62612
-9.35143
76.8041
-44.2022
-11.5379
76.0118
-43.2717
-8.49975
43.4153
-24.6463
-4.74251
18.8774
-10.3735
-5.87506
16.5953
-8.78322
-3.76899
5.37444
-2.49205
8.9677
76.7672
-45.9362
8.90386
60.7366
-36.2144
6.9342
36.4566
-21.5757
9.07325
34.9885
-21.4298
6.45999
16.3655
-9.74973
4.18358
6.07981
-2.66774
7.87848
113.845
-67.6214
7.66391
89.9142
-53.1582
8.22546
73.7061
-43.722
6.70451
43.1363
-25.7639
6.22581
23.5876
-14.1237
3.68384
6.04546
-3.63154
-8.41521
116.509
-67.6464
-6.67143
76.8994
-44.4527
-7.44533
68.0979
-39.3444
-7.66028
50.8117
-29.2803
-5.27717
25.1377
-14.2275
-3.60541
8.65381
-4.69583
-2.19425
2.63939
-1.31607
0.965383
1.19291
-1.03328
-0.208973
92.644
-54.605
3.59436
3.0151
-1.17402
0.0871742
-0.295198
0.214919
-1.71382
1.61948
-0.418015
-8.20225
74.1576
-42.8503
-9.30771
68.8161
-39.4084
-9.01483
52.7656
-29.991
-11.3907
49.7817
-28.1047
-6.65036
22.9706
-12.5194
-5.00039
10.8956
-5.46681
10.0888
95.3202
-57.1052
11.1599
85.9763
-51.3055
8.80413
52.7215
-31.3812
8.06349
37.1121
-22.2223
7.13008
22.6845
-13.7321
5.59724
10.7239
-6.04966
8.21336
131.005
-77.909
6.54124
84.8715
-50.3681
7.56867
77.923
-46.09
5.97214
46.654
-27.7572
6.55493
32.9467
-19.7773
5.86216
15.145
-9.02829
-7.41267
112.4
-65.4677
-8.30767
104.468
-60.4211
-7.74753
80.1578
-46.2268
-6.25162
49.2905
-28.3846
-6.05107
34.8441
-19.9209
-4.44436
16.3467
-9.13918
-0.607061
4.38595
-2.10554
-0.58516
7.45576
-4.30101
