-1.22539
6.20463
-6.28932
-0.145155
9.30523
-9.82042
0.0355501
0.0219996
0.0279237
-0.0599562
0.00737757
-0.0347586
0.0638314
5.94522
-6.28878
1.79289
8.92
-9.81996
0.0554558
0.0136409
-0.0375053
0.0048273
-0.00269606
0.0218785
-2.45145
10.4727
-10.3483
-2.42294
8.50497
-8.10839
-2.91516
8.08874
-7.43621
-1.56933
3.42911
-2.90569
-1.72734
2.68933
-2.08263
-1.13129
1.09482
-0.71653
-0.189839
10.4664
-10.8541
-0.145987
8.47469
-8.58012
-0.0555679
4.83059
-4.73855
-0.0375249
5.5513
-5.33741
0.0459821
2.5567
-2.33678
0.0875282
0.924808
-0.741848
0.125551
9.95626
-10.3499
0.111426
8.00116
-8.10359
0.0896316
6.74481
-6.62478
0.0282104
3.03951
-2.8586
0.0803113
2.26916
-2.04036
0.0951263
0.844204
-0.703619
2.39209
9.96236
-10.8487
2.36687
8.02493
-8.56967
1.71512
4.56161
-4.74247
2.66245
5.0723
-5.37166
1.80972
2.3479
-2.37969
0.883099
0.846152
-0.562031
-1.9756
18.6152
-19.2558
-0.664339
0.510624
-0.283306
-1.16034
12.1501
-12.577
0.103534
0.327284
-0.245049
2.18062
24.3014
-26.1855
-0.309594
-0.0863702
-0.0168992
0.187754
0.102876
0.00515099
-0.149417
0.088444
0.0316196
1.25066
11.8914
-12.8371
0.0308188
0.411997
-0.293462
0.664267
0.570189
-0.375396
0.115981
-0.0191787
-0.0386449
-2.45136
11.4424
-11.4691
-2.4464
9.49387
-9.22243
-2.3878
7.49725
-7.01339
-2.23732
5.46411
-4.8887
-1.92377
3.60073
-2.92962
-1.47518
1.84439
-1.32944
-0.194325
11.4409
-11.9828
-0.17342
9.47686
-9.713
-0.110889
7.46009
-7.4478
-0.0456568
5.42137
-5.26608
0.00884778
3.48626
-3.27171
0.0752718
1.69418
-1.48024
0.190186
16.3854
-17.2032
0.120862
8.98168
-9.22553
0.0915671
7.02199
-7.0037
0.0314711
4.07524
-3.93932
0.0836717
3.10986
-2.89404
0.0797755
1.49134
-1.27917
2.39161
10.9282
-11.9796
2.38088
8.99838
-9.70573
2.33726
7.05178
-7.44108
2.22298
5.09342
-5.28049
1.98764
3.18046
-3.30587
1.55718
1.6172
-1.53392
-4.6382
40.8503
-41.3928
-5.78847
41.2525
-40.4667
-4.34066
24.2357
-22.9672
-2.51317
10.8037
-9.61646
-3.26589
9.84062
-8.15933
-2.19316
3.3324
-2.39814
4.37597
40.849
-43.3932
4.39514
32.9932
-34.2632
3.54583
20.285
-20.5045
4.85028
20.2447
-20.2366
3.61035
9.71312
-9.29213
2.50795
3.63908
-2.77151
7.46434
59.749
-63.6033
7.2225
48.0702
-50.001
7.69968
40.4723
-41.0833
6.27927
24.122
-24.2626
5.52437
13.6489
-13.3101
3.13392
3.75042
-3.50506
-7.85156
62.8184
-63.6304
-6.287
42.4337
-41.8174
-7.03722
38.7053
-36.9299
-7.10109
30.1716
-27.5068
-5.05978
15.4782
-13.4165
-3.49275
5.50464
-4.51548
-2.09723
1.6348
-1.27122
0.91142
0.804372
-0.974956
-0.137168
48.5999
-51.3458
2.21857
1.83077
-1.15098
0.0870515
-0.169371
0.216237
-1.00891
1.02505
-0.50825
-4.05995
39.1403
-40.1387
-4.63631
36.9456
-36.8856
-4.55539
29.0047
-28.0046
-5.88046
28.2487
-26.1183
-3.61636
13.3813
-11.5904
-2.83516
6.5782
-5.13328
4.91126
50.3265
-53.9129
5.4673
46.1871
-48.501
4.40183
28.991
-29.7252
4.21741
21.0106
-21.0509
3.89582
13.271
-13.0338
3.21659
6.44556
-5.84762
7.79902
68.2847
-73.2702
6.17329
44.9231
-47.3804
7.0974
42.176
-43.3455
5.67374
25.9437
-26.0158
5.94084
18.7259
-18.5803
5.05651
8.9865
-8.5956
-6.89889
60.07
-61.5706
-7.7793
56.9224
-56.8387
-7.32691
44.8581
-43.4664
-5.8532
28.4753
-26.7117
-5.74723
21.0876
-18.7335
-4.30018
10.2489
-8.66377
0.307945
2.7738
-2.14609
-0.0344969
4.1449
-4.01582
