-0.910076
3.4609
-6.03478
-0.527668
5.19057
-9.46584
0.00815927
0.0067195
0.0196619
-0.0477383
0.00903285
-0.0302
0.327148
3.18375
-6.03446
1.33218
4.77723
-9.46475
0.0444718
0.0132027
-0.0316727
0.0224783
-0.0115516
0.0131634
-1.82327
5.96819
-9.92773
-1.80849
4.99371
-7.77197
-2.1955
4.93472
-7.10603
-1.1967
2.19231
-2.76009
-1.35036
1.80137
-1.97996
-0.904328
0.769615
-0.678974
-0.701102
5.96576
-10.4712
-0.655002
4.97209
-8.28956
-0.417094
2.92565
-4.59479
-0.562014
3.55377
-5.18272
-0.290162
1.68909
-2.29135
-0.124968
0.61346
-0.778702
0.651145
5.41632
-9.93098
0.626546
4.452
-7.77377
0.633468
3.87899
-6.35067
0.339324
1.76728
-2.74894
0.382496
1.3625
-1.97011
0.29465
0.539697
-0.719635
1.77714
5.42433
-10.4647
1.7589
4.47876
-8.27411
1.29022
2.62391
-4.58231
2.03495
3.0097
-5.18025
1.38453
1.45405
-2.29842
0.693077
0.573822
-0.551548
-1.88506
10.3846
-18.5189
-0.542393
0.369389
-0.270612
-0.582397
6.6447
-12.0686
-0.0355718
0.199187
-0.278356
1.06186
13.2913
-25.2392
-0.280025
-0.0647476
-0.0302284
0.114608
0.0749937
0.0206857
-0.08363
0.0699904
0.0404441
1.20832
6.3685
-12.3455
0.16067
0.270209
-0.354681
0.53131
0.421376
-0.34746
0.112399
-0.0121491
-0.0437244
-1.82125
6.44462
-11.0045
-1.82292
5.48519
-8.84494
-1.78866
4.48005
-6.71591
-1.67858
3.4116
-4.6635
-1.48818
2.35786
-2.78543
-1.16435
1.26388
-1.26609
-0.704815
6.44529
-11.5542
-0.684846
5.47403
-9.3767
-0.612798
4.44914
-7.20369
-0.503313
3.35155
-5.11548
-0.369492
2.26599
-3.18747
-0.207905
1.13418
-1.47437
0.980382
8.83551
-16.5078
0.643042
4.93761
-8.85149
0.596626
3.96567
-6.7176
0.405368
2.37572
-3.77645
0.437396
1.83632
-2.78252
0.326068
0.911334
-1.25364
1.77692
5.89565
-11.5507
1.76911
4.95551
-9.36649
1.73871
3.99962
-7.18784
1.68825
2.97659
-5.09993
1.51985
1.92036
-3.1914
1.19268
1.04157
-1.48427
-2.33734
22.7601
-39.7129
-2.9673
23.5907
-38.8028
-2.2784
14.3496
-21.9863
-1.38836
6.58608
-9.18207
-1.91762
6.23997
-7.80066
-1.36766
2.21411
-2.33726
2.14233
22.7727
-41.8593
2.19181
18.8914
-33.0923
1.86918
11.9605
-19.8595
2.72139
12.5073
-19.5575
2.14836
6.16949
-9.03211
1.63251
2.32005
-2.8221
7.20826
32.5175
-61.1909
6.96003
26.7912
-48.1195
7.39508
23.3227
-39.5326
6.03181
14.1497
-23.3841
5.14825
8.3333
-12.8432
2.83864
2.48533
-3.43011
-7.50676
35.8069
-61.2185
-6.03921
24.9174
-40.2452
-6.77311
23.5618
-35.5178
-6.7736
19.3396
-26.4792
-4.91544
10.3263
-12.9502
-3.41666
3.79035
-4.40943
-2.03833
1.08065
-1.24514
0.880087
0.579206
-0.941453
-0.0992034
26.5794
-49.3819
1.49479
1.18147
-1.14152
0.0854122
-0.106173
0.215677
-0.637267
0.692538
-0.552029
-2.03995
21.5844
-38.5136
-2.35123
20.8378
-35.3819
-2.35634
16.8526
-26.8345
-3.13353
17.0549
-24.9698
-2.06389
8.31922
-11.06
-1.70783
4.25286
-4.93672
2.3947
27.7655
-51.9837
2.69262
26.0724
-46.8133
2.2407
16.8538
-28.7345
2.2948
12.6504
-20.3666
2.25107
8.29716
-12.6343
1.98466
4.1468
-5.73196
7.53798
36.8291
-70.4792
5.95195
24.7187
-45.5916
6.82353
23.8739
-41.7184
5.4884
15.1729
-25.0085
5.60785
11.1958
-17.8921
4.62626
5.65178
-8.34414
-6.58874
33.8387
-59.2255
-7.45006
32.8945
-54.6938
-7.05123
26.8032
-41.8309
-5.60964
17.6664
-25.7286
-5.55225
13.8087
-18.0492
-4.20064
6.9675
-8.38995
0.781689
1.87354
-2.15712
0.235734
2.42954
-3.84927
