-0.493852
-0.177398
-5.65147
-1.01849
-0.265963
-8.93738
-0.0292557
-0.0142024
0.00819
-0.0307871
0.0111862
-0.0237876
0.665859
-0.485099
-5.6514
0.724777
-0.726716
-8.93567
0.0292145
0.0124346
-0.0235944
0.0466325
-0.0238824
0.00132359
-0.993143
-0.0284188
-9.29382
-0.99337
0.290713
-7.26604
-1.23337
0.672849
-6.61483
-0.693789
0.506415
-2.54653
-0.834373
0.57837
-1.82758
-0.590633
0.317195
-0.622683
-1.35723
-0.026646
-9.90072
-1.31036
0.27964
-7.85646
-0.886867
0.354709
-4.37861
-1.25315
0.825301
-4.95328
-0.739784
0.495321
-2.2224
-0.412878
0.182366
-0.827235
1.32773
-0.641304
-9.29877
1.29243
-0.314488
-7.27526
1.34198
-0.0061118
-5.93678
0.750075
0.0283403
-2.58031
0.787963
0.106983
-1.85985
0.564512
0.108867
-0.735289
0.966159
-0.63133
-9.8933
0.954931
-0.284333
-7.83576
0.72338
-0.00045933
-4.34668
1.18864
0.182775
-4.90528
0.805643
0.216529
-2.18277
0.431659
0.192186
-0.537018
-1.7517
-0.529946
-17.415
-0.372861
0.171701
-0.251145
0.171733
-0.662639
-11.3027
-0.225115
0.0215275
-0.323995
-0.396152
-1.32282
-23.8293
-0.238474
-0.0350753
-0.0479671
0.0143067
0.036417
0.0411442
0.00681915
0.0437613
0.0525301
1.14391
-0.969229
-11.6093
0.336796
0.066579
-0.434535
0.34707
0.210095
-0.309676
0.106925
-0.00303553
-0.0504147
-0.989275
-0.194036
-10.3042
-0.997675
0.134033
-8.27624
-0.991135
0.422955
-6.26999
-0.930281
0.624243
-4.32943
-0.89554
0.654285
-2.57249
-0.736801
0.460539
-1.17107
-1.3598
-0.191125
-10.9158
-1.34186
0.129708
-8.8755
-1.26123
0.400309
-6.8395
-1.10174
0.544241
-4.88865
-0.872154
0.593553
-3.06198
-0.589128
0.360732
-1.4625
1.99686
-1.214
-15.459
1.31628
-0.474468
-8.28645
1.25167
-0.156223
-6.28485
0.895244
0.0603678
-3.52985
0.908746
0.0836327
-2.61094
0.658191
0.102462
-1.20875
0.966497
-0.803426
-10.9121
0.961333
-0.455403
-8.8624
0.94514
-0.117282
-6.81341
0.970558
0.0944854
-4.83693
0.886058
0.18552
-3.02732
0.694055
0.239296
-1.41446
0.668095
-1.3498
-37.1796
0.730543
-0.0950118
-36.2947
0.443517
0.972326
-20.5144
0.113055
0.832783
-8.53344
-0.0908599
1.26877
-7.25841
-0.239785
0.646061
-2.23313
-0.770333
-1.32206
-39.5759
-0.689942
-0.0248782
-31.3513
-0.34193
0.705959
-18.897
-0.120616
1.92227
-18.5729
0.17536
1.27865
-8.65409
0.437512
0.484961
-2.88656
6.82084
-3.82002
-57.576
6.56946
-1.79044
-45.3031
6.94671
0.072489
-37.2212
5.66708
0.493673
-22.0724
4.62045
0.966051
-12.1484
2.4245
0.698276
-3.31337
-6.99251
-0.156431
-57.6036
-5.65964
1.44885
-37.8908
-6.36613
3.10342
-33.419
-6.29305
4.54582
-24.9522
-4.68808
3.22638
-12.2549
-3.29354
1.40446
-4.24487
-1.94751
0.305296
-1.20352
0.832829
0.251257
-0.89088
-0.0480479
-2.6492
-46.4395
0.502707
0.271288
-1.1311
0.0813412
-0.0222345
0.213241
-0.127882
0.220177
-0.604756
0.596696
-1.75927
-36.0643
0.63767
-0.691229
-33.114
0.535649
0.488725
-25.0741
0.504844
1.82948
-23.2517
0.0267156
1.37053
-10.2668
-0.173318
1.02303
-4.63098
-0.885243
-2.23686
-49.1105
-0.930311
-0.816332
-44.302
-0.594303
0.509326
-27.2623
-0.25775
1.28815
-19.3611
0.0434414
1.46524
-12.0524
0.313389
0.958166
-5.56231
7.13981
-5.04205
-66.2967
5.62127
-2.32457
-42.9114
6.42036
-0.816022
-39.2858
5.20504
0.499012
-23.5181
5.13712
0.823299
-16.8714
4.02481
0.994606
-7.96346
-6.12928
-1.00701
-55.7112
-6.95429
0.81445
-51.48
-6.6251
2.51881
-39.3865
-5.24393
2.99587
-24.2604
-5.25168
3.82118
-17.0323
-4.03959
2.42464
-7.97837
1.42106
0.593844
-2.15428
0.589368
0.0990167
-3.59965
