0.020461
-4.67359
-5.10409
-1.60636
-7.00949
-8.19869
-0.0764544
-0.0406127
-0.00666465
-0.00888202
0.0137836
-0.0153264
1.07227
-5.03573
-5.10432
-0.0253425
-7.55339
-8.19647
0.00946977
0.011194
-0.013144
0.0770161
-0.0396949
-0.0135133
0.0336988
-7.46218
-8.38473
0.0184705
-5.56836
-6.53897
-0.0305154
-4.67431
-5.91292
-0.0600299
-1.62349
-2.24391
-0.176017
-0.978829
-1.60769
-0.186768
-0.262691
-0.539907
-2.14306
-7.45624
-9.1025
-2.09728
-5.56755
-7.2486
-1.45538
-2.86771
-4.07179
-2.09944
-2.62733
-4.62957
-1.29709
-1.02328
-2.12129
-0.77337
-0.367581
-0.884472
2.14001
-8.18349
-8.39125
2.09459
-6.28255
-6.55598
2.20084
-4.90975
-5.33765
1.25364
-2.1815
-2.33027
1.29119
-1.50636
-1.69101
0.900686
-0.455392
-0.741937
-0.0356982
-8.17148
-9.09444
-0.0409201
-6.24838
-7.22285
0.0157388
-3.31002
-4.01813
0.12217
-3.41767
-4.52851
0.0702481
-1.37313
-2.02488
0.0963498
-0.303803
-0.516891
-1.56856
-14.0184
-15.8548
-0.15332
-0.0827699
-0.22142
1.09154
-9.70969
-10.2088
-0.463613
-0.204857
-0.381166
-2.17357
-19.4166
-21.859
-0.183344
0.00320828
-0.0694987
-0.113116
-0.01298
0.0657606
0.121974
0.00917845
0.0679374
1.05237
-10.0706
-10.5689
0.556377
-0.203706
-0.527665
0.10912
-0.0680157
-0.261436
0.0987632
0.00787978
-0.0583126
0.0390438
-8.40917
-9.30209
0.0246281
-6.51425
-7.45948
0.00196165
-4.64741
-5.62962
0.00631649
-2.88718
-3.852
-0.14344
-1.50706
-2.26782
-0.188799
-0.565717
-1.03167
-2.1442
-8.40429
-10.0231
-2.12935
-6.51119
-8.17317
-2.04206
-4.65995
-6.32709
-1.82983
-2.98824
-4.56562
-1.49187
-1.52803
-2.88319
-1.06405
-0.625537
-1.43921
3.21651
-13.6998
-13.9573
2.12554
-7.23045
-7.47319
2.04286
-5.33583
-5.6588
1.49199
-2.87414
-3.1708
1.49084
-2.15668
-2.35529
1.07163
-0.94336
-1.13122
-0.0343861
-9.12678
-10.0195
-0.0378032
-7.20995
-8.15752
-0.0401481
-5.29086
-6.29028
0.0699038
-3.55629
-4.47274
0.0842369
-2.0323
-2.80239
0.0579978
-0.797477
-1.31984
4.33725
-31.3032
-33.5455
5.25865
-29.6749
-32.6831
3.7966
-15.859
-18.3948
1.98039
-6.45372
-7.59835
2.20957
-5.08868
-6.46003
1.19053
-1.38404
-2.0562
-4.32273
-31.2604
-36.3822
-4.21346
-23.654
-28.9121
-3.06487
-13.4438
-17.539
-3.65795
-11.5169
-17.2122
-2.30216
-4.97493
-8.12535
-1.07828
-1.87495
-2.9554
6.2715
-49.0649
-52.4528
6.02059
-37.5799
-41.3016
6.32023
-29.2728
-33.935
5.15744
-16.8866
-20.1943
3.91775
-8.50621
-11.1467
1.87621
-1.63961
-3.13233
-6.27923
-44.7435
-52.4797
-5.12111
-27.7966
-34.5442
-5.78312
-22.5605
-30.4423
-5.63015
-14.1723
-22.7738
-4.35154
-5.81639
-11.2505
-3.10296
-1.65087
-3.99084
-1.81185
-0.688631
-1.13572
0.763625
-0.189839
-0.816192
0.0151921
-38.8368
-42.2807
-0.760115
-0.905138
-1.11891
0.0732843
0.0814687
0.206978
0.519164
-0.398533
-0.656032
3.8135
-30.7043
-32.5585
4.29098
-27.5027
-29.8536
4.08728
-20.0175
-22.538
5.00041
-17.4088
-20.777
2.64591
-7.47454
-9.11734
1.76652
-3.12735
-4.16414
-4.88401
-39.4418
-45.094
-5.35388
-34.3065
-40.7867
-4.06937
-19.9735
-25.197
-3.41958
-13.0588
-17.9579
-2.7165
-7.23671
-11.2416
-1.79437
-3.13513
-5.31896
6.57237
-57.0648
-60.3774
5.15621
-36.0868
-39.1073
5.8578
-31.847
-35.8258
4.79586
-18.0983
-21.4081
4.50462
-12.4436
-15.4132
3.22987
-5.03339
-7.39981
-5.49546
-44.1304
-50.7372
-6.26109
-39.0476
-46.9184
-6.01515
-27.8376
-35.9112
-4.72955
-15.4747
-22.1642
-4.81785
-8.8603
-15.5761
-3.79322
-3.37861
-7.37438
2.21543
-1.08643
-2.11218
1.01988
-2.84631
-3.24061
