0.122748
-5.56429
-4.98595
-1.72126
-8.34541
-8.04165
-0.0858281
-0.0458537
-0.0096734
-0.00444987
0.0142891
-0.0135877
1.15173
-5.93978
-4.98624
-0.174544
-8.9096
-8.03935
0.00547129
0.0109124
-0.0110233
0.0830191
-0.0428523
-0.01645
0.238002
-8.93605
-8.18781
0.220054
-6.73167
-6.38098
0.209771
-5.73817
-5.76046
0.0668994
-2.04811
-2.17829
-0.043543
-1.2899
-1.55944
-0.10519
-0.378659
-0.521514
-2.29664
-8.92935
-8.93255
-2.25116
-6.72861
-7.11876
-1.5668
-3.50862
-4.00574
-2.26589
-3.31596
-4.55976
-1.40707
-1.32652
-2.09881
-0.844719
-0.477292
-0.895114
2.29886
-9.68389
-8.19461
2.25159
-7.47209
-6.39944
2.36919
-5.88979
-5.20679
1.35268
-2.62413
-2.27487
1.39042
-1.83082
-1.6528
0.966884
-0.569747
-0.741201
-0.235009
-9.67147
-8.9244
-0.239254
-7.43707
-7.0921
-0.125588
-3.97126
-3.94792
-0.0915043
-4.13937
-4.44837
-0.0774996
-1.69275
-1.99121
0.0287074
-0.404076
-0.512434
-1.53014
-16.6905
-15.5205
-0.108842
-0.13371
-0.214651
1.27312
-11.5045
-9.97265
-0.510909
-0.249903
-0.392359
-2.52451
-23.0062
-21.4401
-0.171929
0.0109931
-0.0736554
-0.138576
-0.0228845
0.0705026
0.144996
0.00213178
0.0710228
1.03278
-11.8787
-10.346
0.599575
-0.258796
-0.545002
0.0609682
-0.124595
-0.251607
0.0969367
0.0099993
-0.0597925
0.243577
-10.0372
-9.08541
0.228143
-7.8332
-7.28225
0.200047
-5.65505
-5.49036
0.193431
-3.58669
-3.74816
0.0075805
-1.93844
-2.20135
-0.0783215
-0.770867
-1.00076
-2.2975
-10.032
-9.83328
-2.28327
-7.82876
-8.02342
-2.19486
-5.66561
-6.21738
-1.97277
-3.6916
-4.49587
-1.614
-1.95144
-2.84429
-1.15791
-0.822527
-1.43311
3.455
-16.1818
-13.6326
2.28385
-8.57566
-7.29659
2.19781
-6.36947
-5.52225
1.60914
-3.46146
-3.09205
1.60553
-2.60635
-2.29839
1.15316
-1.15418
-1.11255
-0.233476
-10.7813
-9.82971
-0.236684
-8.5548
-8.00733
-0.236549
-6.32326
-6.17857
-0.110294
-4.2868
-4.39503
-0.0766289
-2.47743
-2.75445
-0.069977
-1.00645
-1.29966
5.06179
-37.252
-32.7583
6.15368
-35.5592
-31.8977
4.46064
-19.2152
-17.9328
2.35132
-7.90963
-7.3939
2.66834
-6.36286
-6.28299
1.47646
-1.79252
-2.01383
-5.0242
-37.2066
-35.7023
-4.90973
-28.3549
-28.3914
-3.60419
-16.2646
-17.2473
-4.36111
-14.2047
-16.9216
-2.79597
-6.22833
-8.011
-1.38157
-2.34855
-2.96657
6.15398
-58.0657
-51.352
5.90324
-44.7132
-40.439
6.18636
-35.1375
-33.2246
5.0486
-20.3696
-19.7857
3.77141
-10.4113
-10.927
1.76283
-2.11333
-3.09056
-6.12904
-53.5839
-51.3787
-5.00659
-33.6038
-33.8227
-5.65824
-27.6663
-29.7995
-5.49015
-17.9055
-22.3005
-4.27772
-7.62276
-11.0299
-3.05979
-2.26103
-3.93241
-1.78154
-0.886639
-1.11957
0.748315
-0.280321
-0.799538
0.02763
-46.0159
-41.3895
-1.01312
-1.14143
-1.1161
0.0713155
0.101986
0.205256
0.648484
-0.523635
-0.663834
4.44857
-36.4492
-31.8004
5.01267
-32.8316
-29.1458
4.78997
-24.1012
-21.9858
5.89156
-21.2502
-20.2368
3.16737
-9.24465
-8.86494
2.15387
-3.96047
-4.0584
-5.67355
-46.8265
-44.2398
-6.22766
-40.9631
-40.0373
-4.75658
-24.0527
-24.7553
-4.04705
-15.9227
-17.6575
-3.26585
-8.97872
-11.0672
-2.21507
-3.95655
-5.26503
6.45085
-67.4061
-59.1074
5.05692
-42.8095
-38.2887
5.73774
-38.0396
-35.0786
4.70714
-21.8202
-20.9522
4.37206
-15.1068
-15.0956
3.06537
-6.24896
-7.27381
-5.3623
-52.6764
-49.67
-6.11463
-46.9562
-45.9367
-5.88484
-33.8708
-35.1609
-4.62003
-19.153
-21.7095
-4.72417
-11.3919
-15.2584
-3.73803
-4.53831
-7.2401
2.3716
-1.42698
-2.0977
1.10442
-3.43497
-3.16239
