0.530925
-9.09418
-4.4865
-2.17467
-13.6398
-7.38552
-0.122686
-0.0664281
-0.0217173
0.0132913
0.0162586
-0.00652956
1.46522
-9.53128
-4.48707
-0.770207
-14.2974
-7.38291
-0.0105441
0.00969331
-0.00249691
0.106449
-0.0552567
-0.0279817
1.05332
-14.7747
-7.35247
1.02461
-11.338
-5.70847
1.16914
-9.94792
-5.11047
0.573552
-3.7275
-1.8983
0.485658
-2.51905
-1.35173
0.221145
-0.836072
-0.441574
-2.90251
-14.7651
-8.22111
-2.85785
-11.326
-6.57326
-2.00576
-6.04488
-3.72624
-2.92073
-6.03907
-4.26259
-1.83927
-2.52452
-2.0002
-1.12479
-0.909387
-0.933697
2.92542
-15.6447
-7.36042
2.87042
-12.1976
-5.73278
3.03185
-9.78285
-4.64746
1.74215
-4.38208
-2.03544
1.77952
-3.1199
-1.48485
1.22527
-1.02513
-0.730601
-1.03081
-15.6304
-8.21252
-1.03136
-12.1588
-6.5429
-0.690067
-6.59784
-3.65179
-0.944923
-7.00559
-4.11013
-0.667584
-2.96247
-1.84832
-0.241825
-0.803488
-0.492504
-1.37173
-27.2803
-14.115
0.0693792
-0.334506
-0.184653
1.99403
-18.6261
-8.97447
-0.696656
-0.426656
-0.435378
-3.91855
-37.2493
-19.6901
-0.125132
0.0424138
-0.0895915
-0.239316
-0.0621404
0.0887224
0.236062
-0.02609
0.0832262
0.95084
-19.0618
-9.40889
0.767858
-0.478649
-0.608939
-0.13188
-0.350755
-0.211465
0.0889424
0.0182846
-0.0652624
1.05977
-16.4878
-8.1679
1.04037
-13.057
-6.52912
0.990767
-9.64375
-4.89678
0.940121
-6.35417
-3.30476
0.610585
-3.64377
-1.91646
0.363275
-1.58094
-0.866631
-2.90239
-16.4813
-9.03942
-2.89031
-13.0471
-7.39548
-2.79707
-9.64653
-5.75523
-2.53558
-6.47396
-4.19963
-2.09421
-3.62508
-2.67722
-1.52651
-1.60006
-1.40268
4.39576
-26.0421
-12.2575
2.90808
-13.9199
-6.54599
2.80818
-10.4756
-4.93954
2.07017
-5.7944
-2.75419
2.05591
-4.39248
-2.05148
1.47222
-1.99223
-1.02684
-1.02836
-17.3544
-9.03593
-1.03092
-13.8972
-7.37759
-1.02098
-10.4241
-5.70843
-0.83002
-7.18843
-4.06699
-0.719114
-4.24528
-2.55143
-0.581126
-1.83733
-1.21366
7.93831
-60.8523
-29.4186
9.70648
-58.8969
-28.5531
7.09558
-32.5226
-15.9598
3.82244
-13.6803
-6.51745
4.4868
-11.4115
-5.51544
2.60988
-3.41058
-1.81992
-7.81046
-60.796
-32.8558
-7.67456
-47
-26.2033
-5.74502
-27.4482
-16.0141
-7.15185
-24.859
-15.6919
-4.75461
-11.1953
-7.52025
-2.5855
-4.2233
-2.99867
5.66159
-93.8233
-46.7113
5.41023
-73.0494
-36.7893
5.62315
-58.4326
-30.2071
4.59096
-34.2014
-18.0391
3.16659
-17.9795
-9.97867
1.29841
-4.00044
-2.90242
-5.50899
-88.6051
-46.737
-4.53139
-56.5984
-30.7701
-5.13663
-47.8708
-27.0705
-4.90814
-32.668
-20.2782
-3.96236
-14.7586
-10.077
-2.86991
-4.66339
-3.67009
-1.64911
-1.66268
-1.04504
0.68192
-0.642712
-0.726769
0.0764292
-74.502
-37.6429
-2.01764
-2.07557
-1.1016
0.0624667
0.183154
0.196733
1.16046
-1.02002
-0.685742
6.96993
-59.243
-28.5906
7.87766
-53.9701
-26.1379
7.57887
-40.2957
-19.6306
9.42711
-36.4782
-17.9254
5.23457
-16.2591
-7.7789
3.68915
-7.26112
-3.59284
-8.80992
-76.1262
-40.6676
-9.69795
-67.3677
-36.8947
-7.48481
-40.2294
-22.8948
-6.53743
-27.2754
-16.3869
-5.44543
-15.8828
-10.3245
-3.88361
-7.21112
-5.02741
5.94201
-108.49
-53.7613
4.64067
-69.5163
-34.8314
5.23322
-62.638
-31.911
4.33101
-36.6038
-19.0139
3.82106
-25.6842
-13.7345
2.39019
-11.0811
-6.72146
-4.8129
-86.5387
-45.1775
-5.50903
-78.2784
-41.7907
-5.34231
-57.7529
-31.9802
-4.16302
-33.7032
-19.772
-4.32916
-21.3985
-13.8954
-3.49804
-9.11513
-6.65408
2.98038
-2.78152
-2.0176
1.43741
-5.77182
-2.82829
