0.734808
-10.8376
-4.22167
-2.39867
-16.2548
-7.04166
-0.140567
-0.0763829
-0.0276936
0.0221037
0.0172086
-0.00296118
1.61996
-11.3101
-4.2224
-1.06799
-16.9658
-7.03889
-0.0185046
0.00903761
0.00176855
0.117683
-0.0612382
-0.0335766
1.4605
-17.6545
-6.90778
1.42614
-13.6055
-5.3489
1.64739
-12.0147
-4.76199
0.825553
-4.54998
-1.74791
0.748449
-3.11904
-1.23913
0.383223
-1.0584
-0.39783
-3.20173
-17.6433
-7.84725
-3.15702
-13.5891
-6.28519
-2.2215
-7.29042
-3.57735
-3.24097
-7.37186
-4.10277
-2.04957
-3.10926
-1.94519
-1.26051
-1.11912
-0.950055
3.23457
-18.5945
-6.91638
3.17517
-14.5327
-5.37629
3.357
-11.7027
-4.34706
1.9324
-5.24731
-1.90539
1.96809
-3.7531
-1.39196
1.34946
-1.24866
-0.720535
-1.42869
-18.579
-7.83835
-1.42726
-14.4917
-6.25282
-0.971721
-7.89331
-3.49436
-1.3698
-8.41554
-3.92959
-0.960776
-3.58614
-1.77139
-0.376246
-0.999987
-0.480994
-1.29011
-32.5107
-13.3738
0.158022
-0.431912
-0.1679
2.35224
-22.1485
-8.4452
-0.786636
-0.511953
-0.455439
-4.61187
-44.294
-18.773
-0.101134
0.0582191
-0.0970776
-0.288618
-0.0813743
0.0973385
0.280577
-0.0400551
0.0891753
0.907924
-22.6194
-8.91471
0.848476
-0.586606
-0.6373
-0.227765
-0.462334
-0.190798
0.0845245
0.0223242
-0.0676852
1.46744
-19.6719
-7.68049
1.44591
-15.6311
-6.12732
1.3852
-11.6049
-4.57883
1.31194
-7.71115
-3.06655
0.910174
-4.47753
-1.76273
0.582547
-1.97566
-0.793325
-3.2012
-19.6647
-8.62292
-3.18995
-15.6185
-7.06478
-3.09363
-11.6039
-5.51034
-2.8116
-7.83831
-4.04107
-2.32841
-4.44325
-2.58632
-1.70547
-1.97882
-1.38332
4.86012
-30.924
-11.527
3.21585
-16.5628
-6.14556
3.10829
-12.5028
-4.62723
2.296
-6.94368
-2.57202
2.27499
-5.27057
-1.91672
1.62628
-2.40363
-0.977367
-1.42577
-20.6086
-8.61944
-1.428
-16.5389
-7.04585
-1.41286
-12.4483
-5.45935
-1.18869
-8.61797
-3.89216
-1.03866
-5.11419
-2.44257
-0.83488
-2.24542
-1.167
9.36721
-72.512
-27.6408
11.4696
-70.4075
-26.7645
8.40049
-39.0714
-14.9007
4.54873
-16.5141
-6.04476
5.38109
-13.8839
-5.09657
3.16642
-4.20038
-1.70842
-9.19584
-72.4501
-31.3597
-9.04785
-56.196
-25.0475
-6.80591
-32.9525
-15.3574
-8.53086
-30.089
-15.034
-5.7195
-13.6283
-7.25287
-3.17795
-5.1388
-3.00549
5.40316
-111.517
-44.2555
5.15012
-87.0497
-34.8489
5.32528
-69.9193
-28.5944
4.34913
-41.0062
-17.0985
2.85258
-21.6958
-9.46191
1.06043
-4.92751
-2.79492
-5.18952
-105.878
-44.2807
-4.28567
-67.9175
-29.1472
-4.86473
-57.7909
-25.6124
-4.605
-39.8934
-19.1892
-3.79338
-18.2403
-9.55723
-2.76466
-5.8279
-3.52082
-1.57608
-2.03596
-1.00145
0.645592
-0.821184
-0.686608
0.100169
-88.5913
-35.6672
-2.51176
-2.53024
-1.09149
0.0575709
0.223146
0.19149
1.41127
-1.2623
-0.69087
8.22265
-70.5114
-26.8854
9.30025
-64.4056
-24.533
8.96155
-48.2749
-18.3686
11.1763
-43.9625
-16.6816
6.25261
-19.6985
-7.19074
4.44341
-8.87539
-3.33482
-10.3697
-90.6105
-38.7933
-11.4227
-80.4024
-35.2392
-8.8386
-48.1999
-21.9087
-7.76948
-32.8555
-15.7088
-6.52074
-19.2684
-9.92393
-4.70466
-8.8034
-4.89358
5.67538
-128.83
-50.9377
4.42175
-82.7226
-32.9979
4.96669
-74.78
-30.2225
4.13088
-43.8863
-17.976
3.5329
-30.8826
-12.9986
2.0429
-13.4528
-6.41509
-4.52987
-103.253
-42.8047
-5.1967
-93.7127
-39.5919
-5.06084
-69.4944
-30.2849
-3.92448
-40.8366
-18.7325
-4.12063
-26.289
-13.1577
-3.36682
-11.3433
-6.33062
3.27256
-3.44485
-1.96387
1.60078
-6.92271
-2.64885
