0.836777
-11.7035
-4.08576
-2.51021
-17.5535
-6.86599
-0.149332
-0.0812546
-0.0306578
0.0264796
0.0176741
-0.00117296
1.69697
-12.1946
-4.08658
-1.217
-18.2928
-6.86312
-0.0224587
0.0087007
0.00389603
0.123148
-0.0641536
-0.0363219
1.6641
-19.0832
-6.67913
1.62678
-14.7286
-5.1636
1.88604
-13.0361
-4.58212
0.951051
-4.95559
-1.67018
0.879058
-3.41413
-1.18071
0.463726
-1.1674
-0.37505
-3.35071
-19.0712
-7.65596
-3.3058
-14.71
-6.1374
-2.32849
-7.90612
-3.50062
-3.39913
-8.02876
-4.01992
-2.15299
-3.39686
-1.91613
-1.32702
-1.2219
-0.957371
3.38838
-20.06
-6.68808
3.32655
-15.6913
-5.19261
3.51806
-12.6534
-4.19194
2.02628
-5.67501
-1.83791
2.06059
-4.06541
-1.34336
1.41003
-1.35867
-0.714297
-1.62779
-20.0439
-7.64687
-1.6253
-15.649
-6.10394
-1.11237
-8.53493
-3.41325
-1.58151
-9.11213
-3.83626
-1.10659
-3.89375
-1.73142
-0.443047
-1.09691
-0.474787
-1.24879
-35.1084
-12.9942
0.20207
-0.479591
-0.159096
2.531
-23.899
-8.17358
-0.830709
-0.5536
-0.465013
-4.95804
-47.795
-18.3044
-0.0890077
0.0661254
-0.100686
-0.312906
-0.0908518
0.101515
0.302486
-0.0469613
0.0920941
0.886029
-24.3885
-8.66163
0.887718
-0.639693
-0.650509
-0.275408
-0.51741
-0.18029
0.0822102
0.0243218
-0.0688094
1.67132
-21.2525
-7.43012
1.64864
-16.9072
-5.9205
1.58217
-12.5753
-4.41482
1.49735
-8.38099
-2.94348
1.05918
-4.88812
-1.68313
0.691481
-2.16953
-0.755162
-3.35
-21.2449
-8.41
-3.33906
-16.8931
-6.89536
-3.24094
-12.5724
-5.38447
-2.94825
-8.51187
-3.95915
-2.44382
-4.84612
-2.53891
-1.79333
-2.16484
-1.37248
5.09119
-33.3507
-11.1518
3.36888
-17.8751
-5.93948
3.25719
-13.5077
-4.46614
2.4077
-7.51224
-2.47779
2.38275
-5.70408
-1.84665
1.70165
-2.60635
-0.951018
-1.62465
-22.2262
-8.40651
-1.62668
-17.8505
-6.87586
-1.60879
-13.4516
-5.3313
-1.36759
-9.32524
-3.80193
-1.19774
-5.54312
-2.38616
-0.960969
-2.4466
-1.14264
10.0801
-78.3009
-26.7267
12.3484
-76.1137
-25.8428
9.04978
-42.3113
-14.3538
4.90911
-17.9135
-5.80014
5.82331
-15.1016
-4.87868
3.4412
-4.58819
-1.64914
-9.88744
-78.2359
-30.5941
-9.73284
-60.7547
-24.4544
-7.33401
-35.676
-15.019
-9.21547
-32.6704
-14.6937
-6.19726
-14.8269
-7.11319
-3.47085
-5.58873
-3.00619
5.27113
-120.308
-42.9956
5.01679
-93.9956
-33.851
5.17237
-75.6072
-27.7627
4.22505
-44.3685
-16.6114
2.69271
-23.5283
-9.19277
0.940202
-5.38411
-2.73767
-5.0279
-114.447
-43.0206
-4.16128
-73.5235
-28.3127
-4.72652
-62.6935
-24.8604
-4.45065
-43.4548
-18.6253
-3.70624
-19.9521
-9.28642
-2.70948
-6.39789
-3.4415
-1.53786
-2.21775
-0.978028
0.626648
-0.909017
-0.665578
0.111852
-95.5933
-34.6553
-2.75591
-2.75314
-1.0855
0.0550354
0.242981
0.188626
1.53491
-1.38115
-0.691955
8.84772
-76.109
-26.0096
10.0097
-69.5831
-23.7069
9.65018
-52.2268
-17.7176
12.0459
-47.6609
-16.0385
6.75668
-21.3945
-6.88579
4.81603
-9.66952
-3.19973
-11.1485
-97.8055
-37.8351
-12.2834
-86.8692
-34.3909
-9.51332
-52.1475
-21.4017
-8.38183
-35.6133
-15.3587
-7.05386
-20.9379
-9.71581
-5.11076
-9.58696
-4.82247
5.53933
-138.94
-49.4904
4.30974
-89.2796
-32.0562
4.82994
-80.7984
-29.3529
4.02798
-47.4888
-17.44
3.38563
-33.4485
-12.6169
1.86702
-14.6213
-6.25418
-4.38665
-111.55
-41.5885
-5.0387
-101.364
-38.4625
-4.91814
-75.3037
-29.4118
-3.80301
-44.3577
-18.1954
-4.01388
-28.6966
-12.7748
-3.29849
-12.4371
-6.16112
3.41499
-3.77082
-1.93357
1.68168
-7.49211
-2.55615
