1.14296
-14.276
-3.66504
-2.84357
-21.4119
-6.32449
-0.174815
-0.0953814
-0.0394142
0.0394358
0.0190294
0.00418831
1.92683
-14.8264
-3.66615
-1.66484
-22.2409
-6.3213
-0.0341709
0.00766232
0.010239
0.138852
-0.0725373
-0.0443233
2.27524
-23.3197
-5.96971
2.22819
-18.0498
-4.58709
2.59964
-16.0445
-4.02114
1.32496
-6.14589
-1.42734
1.26667
-4.27607
-0.99744
0.702262
-1.48409
-0.303304
-3.79581
-23.3051
-7.06502
-3.74948
-18.0243
-5.67916
-2.64607
-9.72046
-3.26128
-3.86519
-9.95466
-3.75927
-2.45553
-4.23699
-1.82243
-1.52041
-1.52038
-0.975482
3.84729
-24.4135
-5.97987
3.77711
-19.1242
-4.62133
3.99523
-15.4604
-3.7082
2.30254
-6.9337
-1.6263
2.33
-4.98062
-1.18946
1.5849
-1.67954
-0.690823
-2.22616
-24.3951
-7.05518
-2.21998
-19.0779
-5.64204
-1.5334
-10.43
-3.1602
-2.21284
-11.1602
-3.54352
-1.5399
-4.79529
-1.60511
-0.641184
-1.38073
-0.454149
-1.12308
-42.8259
-11.8215
0.332622
-0.617748
-0.131067
3.06635
-29.1036
-7.33282
-0.958689
-0.673884
-0.491624
-5.9957
-58.2039
-16.8598
-0.0522047
0.089786
-0.110938
-0.384034
-0.118606
0.113498
0.366532
-0.0672499
0.100568
0.818712
-29.6521
-7.87973
1.00064
-0.794152
-0.686109
-0.416622
-0.678742
-0.147996
0.0748527
0.0302387
-0.0718101
2.28344
-25.9444
-6.6543
2.25682
-20.6865
-5.27791
2.17195
-15.4397
-3.90384
2.05106
-10.3499
-2.55916
1.50207
-6.09007
-1.43392
1.01446
-2.73447
-0.634961
-3.79466
-25.9356
-7.75308
-3.78428
-20.6679
-6.37113
-3.67946
-15.4313
-4.99317
-3.35257
-10.4924
-3.70263
-2.78255
-6.02535
-2.38853
-2.04951
-2.70697
-1.33493
5.78094
-40.5658
-9.98925
3.82503
-21.7689
-5.29936
3.69949
-16.4806
-3.96445
2.73775
-9.18785
-2.18329
2.69807
-6.97694
-1.62627
1.92023
-3.1993
-0.865807
-2.22238
-27.0354
-7.74948
-2.2236
-21.7417
-6.34963
-2.19658
-16.4195
-4.93296
-1.90196
-11.4101
-3.5196
-1.67131
-6.80229
-2.20858
-1.33503
-3.03545
-1.06513
12.214
-95.4821
-23.8906
14.975
-93.0053
-22.9752
10.9844
-51.8673
-12.6482
5.97774
-22.0272
-5.03493
7.12649
-18.6647
-4.19307
4.24866
-5.7165
-1.45797
-11.9599
-95.4072
-28.2284
-11.7825
-74.2484
-22.6145
-8.90861
-43.7111
-13.9629
-11.2469
-40.2522
-13.6251
-7.6084
-18.3348
-6.66884
-4.33338
-6.90013
-2.99629
4.86442
-146.42
-39.0942
4.60404
-114.574
-30.7509
4.69807
-92.4
-25.1688
3.84039
-54.2565
-15.085
2.20197
-28.8965
-8.34259
0.575341
-6.7174
-2.55173
-4.53689
-139.855
-39.1184
-3.7834
-90.099
-25.7203
-4.30439
-77.1351
-22.5154
-3.97729
-53.8966
-16.8578
-3.43494
-24.9498
-8.4306
-2.53394
-8.04991
-3.1847
-1.41647
-2.74055
-0.901189
0.566758
-1.16467
-0.59876
0.146054
-116.411
-31.5294
-3.47413
-3.40009
-1.06306
0.0471841
0.301806
0.179101
1.89733
-1.72601
-0.689388
10.7194
-92.7389
-23.2955
12.1321
-84.9315
-21.1406
11.7054
-63.9055
-15.6896
14.6329
-58.5463
-14.0296
8.24571
-26.3679
-5.92976
5.91223
-11.9879
-2.77145
-13.483
-119.18
-34.8784
-14.8608
-106.038
-31.7649
-11.5295
-63.8135
-19.825
-10.2026
-43.7321
-14.2627
-8.63207
-25.8332
-9.05871
-6.30796
-11.8758
-4.591
5.12099
-169.001
-45.0145
3.96382
-108.733
-29.1358
4.40592
-98.5999
-26.6463
3.70842
-58.1056
-15.7654
2.93107
-40.9791
-11.4169
1.33113
-18.0379
-5.74057
-3.95123
-136.179
-37.8273
-4.55883
-124.021
-34.9602
-4.48391
-92.4499
-26.6946
-3.43082
-54.7076
-16.5163
-3.68462
-35.7408
-11.5703
-3.08305
-15.6218
-5.6217
3.8258
-4.71915
-1.82923
1.92114
-9.17095
-2.26677
