1.24512
-15.1246
-3.52077
-2.95435
-22.6845
-6.13927
-0.183012
-0.0999121
-0.0422771
0.0436849
0.0194666
0.00596903
2.00312
-15.6956
-3.52199
-1.81443
-23.5448
-6.13596
-0.0380134
0.0073093
0.0123354
0.143835
-0.0751962
-0.0469063
2.47908
-24.714
-5.72593
2.42847
-19.1393
-4.38846
2.83655
-17.0268
-3.82742
1.44857
-6.53285
-1.34334
1.39419
-4.55472
-0.933833
0.780573
-1.58583
-0.278334
-3.94369
-24.6985
-6.86245
-3.89658
-19.1115
-5.52148
-2.7508
-10.3132
-3.17844
-4.01758
-10.58
-3.66826
-2.55359
-4.50863
-1.78893
-1.58263
-1.61624
-0.980147
3.99951
-25.8485
-5.73656
3.92615
-20.2524
-4.4246
4.15223
-16.3789
-3.54121
2.39273
-7.34394
-1.55291
2.41689
-5.27732
-1.13562
1.64071
-1.78289
-0.681454
-2.42603
-25.8292
-6.85228
-2.41841
-20.2046
-5.483
-1.67336
-11.0503
-3.07256
-2.42176
-11.827
-3.44156
-1.68268
-5.08761
-1.56079
-0.706312
-1.47262
-0.446552
-1.08065
-45.3715
-11.4197
0.375485
-0.661989
-0.121219
3.24456
-30.8214
-7.04453
-0.999797
-0.712276
-0.499721
-6.34147
-61.6394
-16.3657
-0.0398202
0.0976326
-0.114157
-0.407094
-0.127603
0.117307
0.38725
-0.0738386
0.103283
0.795753
-31.3904
-7.61192
1.03656
-0.843731
-0.696614
-0.462989
-0.73096
-0.136957
0.0722653
0.0321891
-0.0726816
2.48767
-27.4906
-6.388
2.45954
-21.9285
-5.05682
2.36809
-16.3775
-3.72758
2.23465
-10.9913
-2.4263
1.64806
-6.47967
-1.34758
1.12058
-2.91661
-0.593108
-3.94243
-27.4812
-7.52817
-3.9321
-21.9083
-6.19112
-3.82455
-16.3672
-4.85818
-3.48541
-11.1377
-3.61351
-2.89277
-6.40753
-2.33561
-2.13223
-2.88178
-1.32065
6.00985
-42.9467
-9.59025
3.97618
-23.0506
-5.0792
3.84547
-17.4556
-3.79148
2.84601
-9.73492
-2.08144
2.80031
-7.3906
-1.54964
1.99037
-3.39105
-0.835454
-2.42205
-28.6223
-7.52451
-2.42291
-23.0225
-6.16883
-2.39249
-17.3928
-4.79544
-2.07916
-12.0909
-3.42153
-1.82769
-7.21142
-2.14651
-1.45805
-3.22605
-1.03773
12.9239
-101.141
-22.9161
15.8473
-98.5518
-21.9874
11.6246
-54.9914
-12.0594
6.32935
-23.3667
-4.77004
7.55211
-19.8183
-3.95455
4.51147
-6.07924
-1.39007
-12.6502
-101.063
-27.4172
-12.4641
-78.6788
-21.9811
-9.43007
-46.3389
-13.5973
-11.9158
-42.7182
-13.2527
-8.07053
-19.4709
-6.51196
-4.61476
-7.32277
-2.98869
4.72543
-155.026
-37.7549
4.46228
-121.336
-29.6834
4.53488
-97.8944
-24.2723
3.70812
-57.4764
-14.5549
2.03477
-30.6361
-8.04519
0.452545
-7.1475
-2.48503
-4.3715
-148.218
-37.779
-3.65623
-95.5359
-24.8278
-4.16158
-81.8511
-21.7049
-3.81629
-57.2874
-16.2439
-3.34138
-26.5645
-8.13113
-2.47217
-8.57922
-3.09287
-1.37381
-2.90655
-0.873417
0.545803
-1.24672
-0.575277
0.157142
-123.282
-30.4587
-3.70812
-3.60755
-1.05392
0.0445143
0.321176
0.175625
2.01496
-1.83648
-0.686648
11.3424
-98.2228
-22.3639
12.8378
-89.9797
-20.2577
12.3867
-67.7326
-14.9902
15.4874
-62.096
-13.335
8.73342
-27.9823
-5.59818
6.2695
-12.7365
-2.62152
-14.2608
-126.228
-33.866
-15.7188
-112.343
-30.8629
-12.1988
-67.6364
-19.2808
-10.8037
-46.3804
-13.8819
-9.15029
-27.4223
-8.82845
-6.69911
-12.6153
-4.50749
4.97832
-178.921
-43.48
3.84528
-115.136
-28.132
4.26006
-104.438
-25.7126
3.59843
-61.5717
-15.1855
2.77534
-43.4252
-10.999
1.14997
-19.1423
-5.55918
-3.80442
-144.295
-36.5378
-4.39729
-131.466
-33.7562
-4.33756
-98.0623
-25.7573
-3.30441
-58.079
-15.9347
-3.57208
-38.0226
-11.1506
-3.00787
-16.6476
-5.43173
3.95682
-5.02375
-1.79013
1.99983
-9.71942
-2.16675
