1.65415
-18.4686
-2.92593
-3.39594
-27.6998
-5.3754
-0.214138
-0.117051
-0.0533766
0.0602457
0.021135
0.0130209
2.30661
-19.1245
-2.92765
-2.41419
-28.6886
-5.37148
-0.0529974
0.00588007
0.020598
0.162379
-0.0850597
-0.0567828
3.29458
-30.1915
-4.71871
3.2278
-23.3989
-3.56556
3.77776
-20.8406
-3.02271
1.93661
-8.02536
-0.9938
1.89393
-5.62056
-0.668446
1.08636
-1.97144
-0.173979
-4.53296
-30.1716
-6.02461
-4.48105
-23.3611
-4.86639
-3.16368
-12.6166
-2.83182
-4.61093
-12.9879
-3.28314
-2.93041
-5.54792
-1.64317
-1.81909
-1.97958
-0.991373
4.60465
-31.4929
-4.73154
4.51626
-24.6696
-3.61012
4.76921
-19.9517
-2.84812
2.743
-8.93004
-1.24694
2.74829
-6.41476
-0.909138
1.85044
-2.17481
-0.636802
-3.22732
-31.4696
-6.01278
-3.21263
-24.6153
-4.82156
-2.23053
-13.465
-2.70548
-3.24776
-14.4003
-3.01112
-2.2436
-6.20872
-1.372
-0.961116
-1.82394
-0.412298
-0.908764
-55.4032
-9.76318
0.54281
-0.828847
-0.0796563
3.95596
-37.5947
-5.85594
-1.15561
-0.856488
-0.527812
-7.72377
-75.1853
-14.3276
0.0100964
0.12865
-0.126016
-0.495637
-0.162134
0.131626
0.466516
-0.0991186
0.113484
0.701425
-38.248
-6.50749
1.17087
-1.03052
-0.731859
-0.64403
-0.93032
-0.0913436
0.0612848
0.0399048
-0.0755034
3.30515
-33.5753
-5.28901
3.2698
-26.7969
-4.14215
3.14932
-20.0323
-2.99634
2.96264
-13.4722
-1.8739
2.22187
-7.97575
-0.987806
1.5356
-3.61043
-0.417978
-4.53144
-33.5635
-6.59944
-4.52052
-26.7699
-5.44511
-4.39933
-20.0147
-4.29559
-4.00632
-13.6356
-3.23884
-3.31891
-7.87485
-2.10953
-2.44832
-3.54793
-1.25419
6.92043
-52.3271
-7.94385
4.57614
-28.0816
-4.16881
4.42164
-21.2623
-3.07456
3.2695
-11.8556
-1.65801
3.19347
-8.98259
-1.22937
2.25596
-4.12316
-0.705396
-3.22264
-34.8742
-6.59537
-3.22142
-28.049
-5.41905
-3.17533
-21.1918
-4.22161
-2.78189
-14.7314
-3.00906
-2.44408
-8.7857
-1.8834
-1.93979
-3.95487
-0.91993
15.7558
-123.387
-18.8901
19.318
-120.254
-17.8959
14.1582
-67.1351
-9.61418
7.70923
-28.542
-3.66734
9.20403
-24.2363
-2.95713
5.52606
-7.45317
-1.1005
-15.4087
-123.292
-24.0614
-15.1813
-96.0114
-19.348
-11.4964
-56.5588
-12.0665
-14.5436
-52.2289
-11.6794
-9.87144
-23.8241
-5.83907
-5.70473
-8.93007
-2.9351
4.15294
-188.876
-32.2188
3.87475
-147.808
-25.255
3.85742
-119.265
-20.5374
3.15942
-69.9088
-12.3344
1.34909
-37.301
-6.78915
-0.0427211
-8.78214
-2.19521
-3.7033
-181.065
-32.2423
-3.14361
-116.787
-21.1258
-3.58238
-100.164
-18.3274
-3.15797
-70.3444
-13.6721
-2.95301
-32.7356
-6.86597
-2.20976
-10.5778
-2.69563
-1.19285
-3.52516
-0.752102
0.457353
-1.55541
-0.475719
0.199639
-150.374
-26.0438
-4.61268
-4.39057
-1.00798
0.0337857
0.397373
0.16035
2.46734
-2.25215
-0.667019
13.8285
-119.817
-18.5195
15.6495
-109.782
-16.6057
15.0909
-82.6621
-12.0895
18.8604
-75.8416
-10.4465
10.6346
-34.1911
-4.21551
7.65172
-15.591
-1.99081
-17.3703
-153.98
-29.685
-19.1435
-137.07
-27.1227
-14.8613
-82.5495
-17.0111
-13.1739
-56.6404
-12.2803
-11.1779
-33.532
-7.84961
-8.21812
-15.4381
-4.14003
4.39215
-218.001
-37.1452
3.35536
-140.266
-23.9758
3.65441
-127.221
-21.8315
3.14208
-75.0076
-12.7636
2.13192
-52.8332
-9.24316
0.414714
-23.3565
-4.78492
-3.21048
-176.232
-31.2146
-3.7455
-160.647
-28.7714
-3.74676
-119.932
-21.8613
-2.78893
-71.1213
-13.5054
-3.10979
-46.7764
-9.38629
-2.6915
-20.55
-4.62349
4.44869
-6.17402
-1.61385
2.30853
-11.8482
-1.7508
