2.06249
-21.7201
-2.307
-3.83368
-32.576
-4.57529
-0.242439
-0.132529
-0.0638115
0.0759934
0.0226622
0.0198984
2.60633
-22.4606
-2.3093
-3.01462
-33.6934
-4.57056
-0.0672586
0.00444968
0.0286153
0.178588
-0.093587
-0.0659027
4.10779
-35.4884
-3.66842
4.02155
-27.4833
-2.70481
4.70482
-24.4525
-2.17832
2.41213
-9.42205
-0.626486
2.37424
-6.60282
-0.389129
1.37825
-2.32088
-0.064242
-5.11681
-35.4633
-5.14333
-5.05743
-27.4347
-4.17277
-3.56547
-14.8016
-2.46104
-5.17575
-15.2338
-2.86431
-3.28065
-6.50618
-1.4784
-2.03435
-2.30894
-0.990182
5.20157
-36.9557
-3.68401
5.09451
-28.9097
-2.7592
5.36608
-23.3402
-2.12204
3.07483
-10.4173
-0.925035
3.05196
-7.46386
-0.668373
2.03738
-2.52818
-0.5821
-4.02934
-36.9275
-5.12921
-4.00525
-28.8479
-4.12015
-2.78133
-15.7579
-2.31215
-4.05462
-16.8053
-2.5446
-2.78517
-7.24379
-1.16474
-1.2052
-2.14603
-0.371672
-0.733815
-65.1572
-8.03405
0.702393
-0.978664
-0.0354333
4.66277
-44.1828
-4.61933
-1.29673
-0.985091
-0.548584
-9.10084
-88.3606
-12.1924
0.0602389
0.158786
-0.136267
-0.577745
-0.19415
0.144516
0.539485
-0.122431
0.12247
0.603075
-44.9201
-5.35468
1.28958
-1.19653
-0.756785
-0.816756
-1.11241
-0.043373
0.0494048
0.0475116
-0.0772718
4.12103
-39.4775
-4.14442
4.07644
-31.4869
-3.18696
3.92233
-23.5176
-2.23028
3.67744
-15.8059
-1.29387
2.77647
-9.36451
-0.609427
1.93292
-4.24505
-0.233183
-5.11532
-39.4626
-5.62483
-5.10261
-31.4522
-4.65809
-4.96334
-23.493
-3.69718
-4.50848
-15.9882
-2.83518
-3.71936
-9.23642
-1.86038
-2.73902
-4.15772
-1.17244
7.81966
-61.4329
-6.22956
5.16647
-32.9326
-3.21887
4.98323
-24.8968
-2.32472
3.67589
-13.8539
-1.21371
3.55913
-10.4622
-0.891427
2.49605
-4.79287
-0.563973
-4.0242
-40.9426
-5.62009
-4.01972
-32.8947
-4.62718
-3.95431
-24.8179
-3.61016
-3.47203
-17.2215
-2.56442
-3.0428
-10.2486
-1.59655
-2.40224
-4.6237
-0.788804
18.5657
-144.909
-14.6923
22.7465
-141.076
-13.6181
16.6384
-78.6486
-7.05096
9.04015
-33.3942
-2.50863
10.7657
-28.3101
-1.90475
6.47586
-8.69303
-0.788326
-18.1545
-144.795
-20.53
-17.8753
-112.638
-16.5576
-13.5239
-66.2579
-10.4276
-17.0831
-61.1157
-9.97288
-11.587
-27.8418
-5.09326
-6.7314
-10.3927
-2.84286
3.55397
-221.634
-26.4225
3.25497
-173.211
-20.5972
3.14214
-139.531
-16.5867
2.58071
-81.5372
-9.96916
0.639313
-43.4421
-5.43693
-0.54122
-10.2629
-1.87134
-3.02665
-212.823
-26.4457
-2.62708
-137.157
-17.2332
-2.9938
-117.513
-14.7538
-2.47959
-82.526
-10.9324
-2.54458
-38.4138
-5.50367
-1.92497
-12.3768
-2.25487
-0.997005
-4.06853
-0.616231
0.362323
-1.82871
-0.368273
0.238537
-176.725
-21.4358
-5.46147
-5.0929
-0.945828
0.0233005
0.471311
0.143158
2.88799
-2.62196
-0.635467
16.2975
-140.772
-14.5158
18.4346
-128.869
-12.793
17.7506
-96.9089
-9.05254
22.1471
-88.7824
-7.4139
12.4463
-39.9614
-2.76039
8.95073
-18.2014
-1.32116
-20.4678
-180.907
-25.2967
-22.5465
-160.898
-23.174
-17.4908
-96.7805
-14.5946
-15.4799
-66.3086
-10.5536
-13.1233
-39.2083
-6.77845
-9.65601
-18.0247
-3.71815
3.78115
-255.935
-30.5241
2.84026
-164.49
-19.6154
3.01417
-148.964
-17.7384
2.66103
-87.6679
-10.1933
1.45768
-61.567
-7.36516
-0.333519
-27.2077
-3.93964
-2.60747
-207.209
-25.6511
-3.08708
-188.752
-23.5416
-3.15045
-140.779
-17.7528
-2.26046
-83.393
-10.9273
-2.63066
-54.8874
-7.49807
-2.35248
-24.111
-3.74537
4.88643
-7.2035
-1.41033
2.6062
-13.8595
-1.31348
