2.36659
-24.0862
-1.83036
-4.15705
-36.1241
-3.95168
-0.261773
-0.143041
-0.0711475
0.0872104
0.0237054
0.0249022
2.82693
-24.8869
-1.83313
-3.463
-37.3332
-3.94622
-0.0774267
0.00339228
0.0344385
0.189204
-0.0990815
-0.0722486
4.71278
-39.3246
-2.85914
4.6099
-30.4192
-2.04086
5.38702
-27.0198
-1.52613
2.75873
-10.4039
-0.342936
2.72
-7.28352
-0.173786
1.58701
-2.55926
0.0200034
-5.54796
-39.295
-4.45431
-5.48142
-30.3621
-3.62793
-3.85768
-16.3568
-2.16759
-5.57844
-16.8077
-2.52883
-3.52487
-7.17056
-1.34275
-2.18145
-2.53376
-0.981136
5.64047
-40.9095
-2.87713
5.51727
-31.9553
-2.10343
5.79767
-25.7468
-1.56203
3.31023
-11.4621
-0.676478
3.2606
-8.18877
-0.481514
2.1624
-2.76646
-0.535907
-4.62813
-40.8772
-4.43809
-4.59544
-31.8874
-3.56861
-3.18807
-17.3883
-2.0006
-4.64424
-18.4896
-2.1721
-3.17668
-7.95994
-0.997744
-1.38034
-2.36718
-0.337127
-0.600765
-72.2548
-6.69488
0.816417
-1.07996
-0.00126122
5.18645
-48.9755
-3.66708
-1.39269
-1.07148
-0.559289
-10.1238
-97.9452
-10.528
0.0976906
0.180593
-0.142965
-0.63492
-0.216466
0.153313
0.589894
-0.138528
0.128323
0.52652
-49.7723
-4.46183
1.36838
-1.30663
-0.769434
-0.940194
-1.23688
-0.00595511
0.0400164
0.0531532
-0.0779478
4.72846
-43.7635
-3.26279
4.67566
-34.8721
-2.4506
4.49348
-26.0106
-1.63903
4.20204
-17.4543
-0.846092
3.17777
-10.3335
-0.317489
2.21786
-4.68176
-0.0906857
-5.54664
-43.7459
-4.86413
-5.53193
-34.8311
-4.04148
-5.37652
-25.9807
-3.22559
-4.87062
-17.6519
-2.51395
-4.00146
-10.186
-1.6589
-2.9397
-4.57767
-1.10128
8.48146
-68.0413
-4.90936
5.59961
-36.4316
-2.48701
5.39197
-27.4943
-1.74673
3.96763
-15.2645
-0.870975
3.814
-11.4926
-0.63019
2.65885
-5.25165
-0.452694
-4.6228
-45.3464
-4.85872
-4.61507
-36.3893
-4.00629
-4.53284
-27.409
-3.1277
-3.97877
-18.9807
-2.21069
-3.47805
-11.2674
-1.36659
-2.73473
-5.08356
-0.682071
20.6451
-160.492
-11.4581
25.2742
-156.039
-10.3196
18.4524
-86.8316
-5.07305
10.0009
-36.8066
-1.61443
11.8723
-31.1293
-1.09233
7.1428
-9.53254
-0.544968
-20.1929
-160.36
-17.7683
-19.8686
-124.582
-14.3644
-15.0106
-73.158
-9.13011
-18.9201
-67.3451
-8.60924
-12.812
-30.6245
-4.48812
-7.45672
-11.3917
-2.74848
3.08677
-245.339
-21.926
2.76932
-191.453
-16.9743
2.58247
-153.922
-13.5037
2.12826
-89.6867
-8.11537
0.0942016
-47.6819
-4.37046
-0.914586
-11.2666
-1.60936
-2.51422
-235.821
-21.9492
-2.23779
-151.793
-14.2063
-2.54776
-129.846
-11.9645
-1.95982
-91.0647
-8.78576
-2.22703
-42.3428
-4.42936
-1.69886
-13.5964
-1.90065
-0.842055
-4.42814
-0.506767
0.287557
-2.00904
-0.283642
0.264817
-195.895
-17.8673
-6.059
-5.56583
-0.888372
0.01579
0.525089
0.129265
3.18162
-2.86836
-0.605902
18.1261
-155.984
-11.432
20.4925
-142.64
-9.85446
19.7041
-107.096
-6.70984
24.5413
-97.9191
-5.07316
13.7398
-43.9856
-1.6375
9.8662
-19.9929
-0.802888
-22.7686
-200.453
-21.8711
-25.0691
-178.088
-20.0788
-19.43
-106.956
-12.689
-17.1582
-73.141
-9.17969
-14.5215
-43.1653
-5.91719
-10.6767
-19.8035
-3.36716
3.30568
-283.465
-25.3927
2.43727
-181.959
-16.2291
2.51224
-164.498
-14.5499
2.28506
-96.6044
-8.18337
0.934151
-67.6426
-5.89001
-0.899631
-29.8438
-3.26674
-2.14981
-229.702
-21.3394
-2.58955
-209.034
-19.4799
-2.70063
-155.685
-14.5526
-1.85732
-92.0631
-8.91145
-2.26201
-60.5366
-6.01449
-2.08545
-26.556
-3.04903
5.17876
-7.89299
-1.24421
2.82082
-15.2833
-0.97506
