2.46722
-24.8592
-1.66956
-4.26339
-37.2832
-3.73936
-0.267864
-0.146343
-0.0734958
0.0908325
0.0240324
0.0265367
2.89931
-25.6788
-1.67249
-3.61162
-38.5214
-3.73363
-0.0807123
0.00304423
0.0363408
0.19246
-0.100746
-0.0742732
4.91286
-40.5747
-2.58619
4.80409
-31.372
-1.81694
5.61131
-27.8479
-1.30619
2.87211
-10.7187
-0.247428
2.83234
-7.50002
-0.101379
1.65459
-2.63443
0.0482223
-5.68973
-40.5434
-4.21938
-5.62056
-31.312
-3.44177
-3.95299
-16.8588
-2.06697
-5.70837
-17.3115
-2.41315
-3.60268
-7.38193
-1.29536
-2.22779
-2.60466
-0.976625
5.78441
-42.1967
-2.60503
5.65551
-32.9426
-1.88237
5.93796
-26.522
-1.37329
3.38594
-11.7965
-0.592743
3.32647
-8.41855
-0.41848
2.20124
-2.84084
-0.519751
-4.82657
-42.163
-4.2024
-4.79074
-32.8727
-3.38008
-3.32208
-17.9138
-1.89377
-4.8374
-19.0278
-2.04392
-3.30418
-8.18716
-0.940049
-1.43713
-2.43702
-0.324886
-0.556063
-74.5735
-6.24113
0.853311
-1.11174
0.0102109
5.3591
-50.5406
-3.34582
-1.42283
-1.09848
-0.561958
-10.4617
-101.075
-9.96131
0.110104
0.187684
-0.145023
-0.653144
-0.22359
0.156092
0.605879
-0.14363
0.130098
0.500437
-51.3562
-4.1593
1.39277
-1.34063
-0.772634
-0.980133
-1.27608
0.00675935
0.0368138
0.0550203
-0.0780592
4.92943
-45.1622
-2.9654
4.87368
-35.9732
-2.20225
4.68167
-26.8175
-1.43964
4.37427
-17.9842
-0.695194
3.30852
-10.6428
-0.21923
2.31024
-4.82012
-0.0428043
-5.68848
-45.1436
-4.60496
-5.673
-35.93
-3.83105
-5.51182
-26.7859
-3.0642
-4.9882
-18.1871
-2.40349
-4.09187
-10.4892
-1.58912
-3.00327
-4.71078
-1.07578
8.69862
-70.1959
-4.46406
5.74151
-37.5685
-2.24026
5.52531
-28.334
-1.55192
4.06209
-15.7172
-0.75551
3.89514
-11.8208
-0.542178
2.70985
-5.3963
-0.414941
-4.8212
-46.7821
-4.59931
-4.81224
-37.5247
-3.79432
-4.72401
-28.2465
-2.96254
-4.14522
-19.5457
-2.08915
-3.62023
-11.5918
-1.28732
-2.84267
-5.22891
-0.645013
21.3303
-165.567
-10.3674
26.1055
-160.893
-9.20743
19.0464
-89.4697
-4.40634
10.3132
-37.9003
-1.31327
12.2284
-32.0244
-0.819006
7.35635
-9.79567
-0.462907
-20.8659
-165.429
-16.8265
-20.5254
-128.457
-13.6149
-15.4983
-75.3838
-8.68517
-19.5182
-69.3378
-8.13979
-13.208
-31.5086
-4.27829
-7.68981
-11.7065
-2.71243
2.92749
-253.056
-20.4017
2.60354
-197.366
-15.7452
2.39178
-158.558
-12.4566
1.97417
-92.2917
-7.48469
-0.0894242
-49.0252
-4.00682
-1.03859
-11.581
-1.51898
-2.34241
-243.314
-20.425
-2.10759
-156.542
-13.1795
-2.39826
-133.825
-11.0171
-1.78475
-93.7978
-8.05571
-2.11929
-43.5914
-4.06309
-1.62144
-13.9796
-1.77892
-0.789142
-4.53954
-0.469175
0.262101
-2.06452
-0.254844
0.272957
-202.155
-16.6582
-6.25066
-5.71359
-0.867231
0.0133707
0.542665
0.124481
3.27534
-2.94479
-0.595222
18.7289
-160.946
-10.3918
21.1701
-147.118
-8.86352
20.3452
-110.391
-5.92002
25.3235
-100.854
-4.28441
14.1577
-45.269
-1.25955
10.1599
-20.559
-0.628473
-23.5284
-206.828
-20.704
-25.9012
-183.676
-19.0223
-20.0679
-110.247
-12.0368
-17.7064
-75.3367
-8.70751
-14.9751
-44.4271
-5.61982
-11.0056
-20.3663
-3.24399
3.14372
-292.44
-23.6537
2.29974
-187.634
-15.0808
2.34096
-169.518
-13.4675
2.15699
-99.4729
-7.50019
0.756676
-69.5763
-5.38783
-1.08874
-30.6746
-3.03633
-1.9962
-237.042
-19.8782
-2.42292
-215.631
-18.1026
-2.55016
-160.509
-13.4664
-1.72183
-94.8504
-8.22628
-2.13755
-62.3384
-5.5094
-1.99431
-27.3296
-2.8111
5.26951
-8.10744
-1.18695
2.89049
-15.7411
-0.86079
