2.56734
-25.6237
-1.50792
-4.36882
-38.4295
-3.52483
-0.273785
-0.149548
-0.0757953
0.0943959
0.0243487
0.0281534
2.97099
-26.4616
-1.51101
-3.75963
-39.6957
-3.51883
-0.0839458
0.00269866
0.0382232
0.195581
-0.102329
-0.0762542
5.1119
-41.8095
-2.31191
4.9971
-32.3115
-1.592
5.83383
-28.662
-1.08531
2.98434
-11.0273
-0.151599
2.94318
-7.7115
-0.0288142
1.72116
-2.70755
0.0764368
-5.83027
-41.7767
-3.98186
-5.75838
-32.2485
-3.25339
-4.04714
-17.3526
-1.96498
-5.83603
-17.8049
-2.29563
-3.67869
-7.5884
-1.24695
-2.2728
-2.67365
-0.971396
5.92692
-43.4674
-2.33162
5.79218
-33.9153
-1.66034
6.07629
-27.2834
-1.18378
3.46022
-12.124
-0.508711
3.39051
-8.64248
-0.355214
2.23872
-2.91277
-0.503289
-5.02419
-43.4322
-3.9641
-4.98509
-33.8434
-3.18928
-3.45517
-18.4303
-1.78551
-5.02875
-19.5544
-1.91386
-3.43012
-8.40872
-0.881411
-1.49312
-2.50496
-0.312306
-0.51118
-76.8666
-5.78391
0.889647
-1.14259
0.021689
5.53055
-52.088
-3.0229
-1.45208
-1.12462
-0.564194
-10.7974
-104.169
-9.38871
0.122471
0.194678
-0.147
-0.670959
-0.230561
0.158797
0.621464
-0.148603
0.131785
0.474061
-52.9217
-3.85446
1.41626
-1.37331
-0.775374
-1.01947
-1.31416
0.0195807
0.0335808
0.0568798
-0.0781175
5.12939
-46.5448
-2.66652
5.07059
-37.06
-1.95274
4.86857
-27.6121
-1.23938
4.54503
-18.5043
-0.54373
3.43771
-10.9455
-0.120693
2.40131
-4.95503
0.00515389
-5.82911
-46.5251
-4.34302
-5.81282
-37.0146
-3.61821
-5.6457
-27.5787
-2.9008
-5.1041
-18.7125
-2.2914
-4.18043
-10.7857
-1.5181
-3.0652
-4.84058
-1.04944
8.91366
-72.3244
-4.01655
5.88193
-38.6898
-1.99238
5.65699
-29.1602
-1.35631
4.15505
-16.1612
-0.639619
3.97434
-12.1413
-0.45387
2.75925
-5.53691
-0.376964
-5.0188
-48.2005
-4.33711
-5.00853
-38.6445
-3.57991
-4.91413
-29.0705
-2.79528
-4.31029
-20.0998
-1.9659
-3.76089
-11.9088
-1.20683
-2.94913
-5.37038
-0.607267
22.0105
-170.579
-9.2713
26.9299
-165.677
-8.09027
19.6344
-92.0623
-3.73691
10.6214
-38.9721
-1.0111
12.5781
-32.8978
-0.545028
7.56553
-10.0508
-0.380631
-21.5346
-170.435
-15.8744
-21.1776
-132.275
-12.8564
-15.9814
-77.5718
-8.23424
-20.1087
-71.289
-7.66331
-13.5977
-32.3713
-4.06465
-7.91856
-12.0125
-2.67419
2.76639
-260.674
-18.8657
2.43585
-203.192
-14.5063
2.19911
-163.111
-11.4008
1.81851
-94.8411
-6.84847
-0.273831
-50.3342
-3.63973
-1.16225
-11.8855
-1.42729
-2.17005
-250.716
-18.889
-1.97712
-161.224
-12.1445
-2.24834
-137.737
-10.0618
-1.60886
-96.4754
-7.31942
-2.01068
-44.8106
-3.69339
-1.54311
-14.3518
-1.65566
-0.73569
-4.64701
-0.431145
0.236424
-2.11778
-0.225812
0.28077
-208.344
-15.4399
-6.43858
-5.85665
-0.845142
0.0109964
0.560055
0.119634
3.36702
-3.01849
-0.584226
19.3274
-165.85
-9.34633
21.8425
-151.535
-7.86797
20.9805
-113.634
-5.12682
26.0971
-103.733
-3.49271
14.5689
-46.524
-0.88052
10.4479
-21.11
-0.453665
-24.2835
-213.128
-19.5243
-26.7277
-189.19
-17.9536
-20.7008
-113.487
-11.3764
-18.2486
-77.4913
-8.22858
-15.4222
-45.6607
-5.31762
-11.3288
-20.9144
-3.11792
2.97994
-301.307
-21.9013
2.16062
-193.231
-13.9235
2.16777
-174.458
-12.3765
2.02758
-102.286
-6.81124
0.577883
-71.4647
-4.88118
-1.27787
-31.4821
-2.80333
-1.84203
-244.297
-18.4058
-2.25584
-222.141
-16.7145
-2.39935
-165.258
-12.3714
-1.58581
-97.5867
-7.53531
-2.01233
-64.1006
-4.99982
-1.90221
-28.0835
-2.57073
5.357
-8.31448
-1.12898
2.95914
-16.1905
-0.745956
