5.01263
-49.4005
1.6469
-7.91303
-74.0997
-0.622585
-0.539572
-0.299137
-0.167701
0.229981
0.0378472
0.0840182
5.15727
-51.4556
1.63929
-7.68492
-77.1841
-0.611519
-0.209484
-0.0122545
0.10516
0.358225
-0.195962
-0.150873
10.0039
-81.1138
3.55413
9.88789
-63.4321
3.71313
11.8614
-57.5027
4.52055
6.30078
-22.7601
2.48446
6.6166
-16.5678
2.12029
4.11125
-6.11294
0.972889
-10.5269
-81.0809
-0.490471
-10.3044
-63.3838
-0.126073
-7.21348
-34.7726
-0.0610896
-10.4664
-36.9818
-0.00564484
-6.72663
-16.2597
-0.325258
-4.26756
-5.88241
-1.12387
10.2794
-85.1534
3.52048
10.0147
-67.2064
3.61223
10.4787
-55.1168
3.72465
6.03681
-25.0094
1.90905
6.01045
-18.4564
1.5749
3.97178
-6.61461
-0.0300008
-10.2734
-85.0693
-0.441461
-10.2564
-67.0391
0.00194241
-7.26435
-37.1601
0.250157
-10.9489
-40.6275
0.635665
-7.68427
-18.0353
0.336213
-3.52
-5.66002
-0.0881879
-0.380285
-148.2
1.84479
2.23409
-2.66698
0.383828
10.1532
-100.864
3.27958
-2.78366
-2.45129
-0.828946
-20.7555
-201.718
-1.63246
0.484672
0.429388
-0.243783
-1.41296
-0.529131
0.269545
1.28628
-0.371442
0.234601
0.0441163
-102.906
1.23122
2.54306
-3.23075
-0.978129
-2.50868
-3.18299
0.352328
-0.0522402
0.100285
-0.0999282
10.0198
-89.9775
3.42404
9.96177
-72.2537
3.65816
9.74371
-54.7019
3.6868
9.31568
-37.6967
3.49349
7.50584
-23.0442
2.70008
5.55211
-10.8867
1.47052
-10.5496
-89.9562
-0.677903
-10.4511
-72.2159
-0.292514
-10.0629
-54.6967
-0.018908
-9.11124
-38.0366
-0.143698
-7.56883
-22.7244
-0.118885
-5.67255
-10.5514
-0.651538
15.4693
-141.107
5.10829
10.1865
-76.1838
3.59483
9.75675
-58.2616
3.51355
7.19276
-33.044
2.51684
6.99927
-25.4929
2.16372
4.9099
-12.0597
0.799455
-10.2599
-94.0299
-0.656639
-10.2752
-76.0593
-0.209105
-10.1659
-58.0729
0.17069
-9.22465
-41.0453
0.412122
-8.30444
-25.0806
0.428299
-6.70337
-11.8069
0.168356
40.4474
-332.6
14.1836
49.6496
-326.75
18.4594
36.6303
-185.279
13.559
20.3222
-80.2726
7.48032
25.0212
-70.3125
7.79786
15.5607
-22.6174
2.36572
-41.3315
-332.394
-1.7981
-40.58
-261.084
-0.142
-30.8562
-155.968
0.253571
-39.6959
-148.077
1.77293
-27.5346
-69.3058
0.322121
-16.7171
-26.3856
-2.42336
0.0617749
-510.618
9.24113
-0.750853
-402.553
10.8559
-1.87832
-329.482
12.4153
-1.6985
-196.513
8.7485
-5.04277
-107.949
5.85989
-4.91328
-27.1279
0.926201
-1.58928
-486.515
9.14207
-1.16039
-316.783
8.83452
-0.591637
-276.356
11.2994
1.0711
-200.191
10.6063
-0.147881
-96.4421
5.7968
-0.0963823
-32.305
1.61554
0.354349
-10.5421
0.681579
-0.436615
-5.31676
0.660275
-0.410637
-403.443
4.89105
-13.8463
-13.1981
-0.536273
-0.13949
1.07594
0.043714
7.02455
-7.02435
-0.232339
35.4887
-322.124
11.9595
40.1836
-296.958
14.5728
38.8994
-226.105
14.5509
49.0598
-211.627
17.9201
28.4698
-97.6113
10.2145
21.1252
-46.0376
5.08139
-46.6627
-414.008
-2.97365
-51.2741
-370.846
-1.10288
-39.7064
-225.945
0.381978
-35.6319
-157.944
1.03454
-30.7999
-96.1528
0.842159
-23.3217
-45.5594
-0.695655
0.275624
-587.833
8.61743
-0.250923
-380.478
8.4028
-1.28163
-348.593
11.1388
-0.840002
-209.131
9.33154
-3.68186
-150.505
7.92183
-6.63914
-69.1563
3.27788
-1.37448
-472.325
7.18195
-1.55638
-433.253
10.0385
-1.1383
-327.682
11.044
0.260507
-198.554
8.63267
0.0107425
-135.398
7.75184
-0.28123
-61.7309
3.72226
9.37291
-19.3767
0.689447
5.12531
-32.8919
2.20845
