2.76579
-27.1253
-1.18245
-4.57641
-40.6812
-3.08921
-0.285129
-0.155678
-0.0802484
0.101348
0.0249483
0.031332
3.1119
-27.9978
-1.18588
-4.05335
-42.0004
-3.08263
-0.090258
0.00201535
0.0419274
0.201432
-0.105264
-0.0800901
5.50625
-44.2315
-1.76002
5.37902
-34.1494
-1.13973
6.27304
-30.2485
-0.641529
3.20514
-11.6264
0.0406006
3.16033
-8.11992
0.116417
1.85127
-2.84802
0.132681
-6.10697
-44.1952
-3.49918
-6.02941
-34.0804
-2.87017
-4.23157
-18.3153
-1.75707
-6.08435
-18.7617
-2.05536
-3.82531
-7.98722
-1.14721
-2.35894
-2.80616
-0.958874
6.20697
-45.9565
-1.78153
6.06026
-35.8154
-1.21401
6.34659
-28.7645
-0.803119
3.60433
-12.7583
-0.340103
3.51315
-9.07318
-0.228314
2.30967
-3.04954
-0.469627
-5.41631
-45.9184
-3.4798
-5.37034
-35.7395
-2.80108
-3.71826
-19.4353
-1.56492
-5.40569
-20.5731
-1.64845
-3.6772
-8.83522
-0.761507
-1.60268
-2.63531
-0.286194
-0.420851
-81.3711
-4.85959
0.960656
-1.20165
0.0445811
5.86917
-55.1261
-2.37269
-1.50795
-1.17452
-0.567424
-11.4614
-110.245
-8.22596
0.147033
0.208362
-0.150723
-0.705391
-0.244062
0.164
0.651464
-0.158175
0.134896
0.420403
-55.9939
-3.23818
1.46064
-1.43492
-0.779599
-1.09631
-1.38709
0.0455034
0.0270386
0.0605726
-0.0780856
5.52567
-49.2588
-2.06492
5.46054
-39.1892
-1.45086
5.23799
-29.1639
-0.836871
4.88177
-19.5155
-0.239706
3.69125
-11.5315
0.0767562
2.57947
-5.21493
0.101031
-6.10601
-49.237
-3.81093
-6.088
-39.1393
-3.18549
-5.90864
-29.1271
-2.56811
-5.33046
-19.7345
-2.06252
-4.3519
-11.3597
-1.37251
-3.1842
-5.09071
-0.994343
9.33638
-76.4982
-3.11581
6.15766
-40.8836
-1.49384
5.91489
-30.771
-0.963254
4.33625
-17.0227
-0.406997
4.1269
-12.7598
-0.27677
2.85333
-5.80629
-0.300582
-5.41092
-50.9817
-3.80447
-5.39785
-40.8353
-3.14393
-5.29064
-30.6772
-2.45473
-4.636
-21.1755
-1.71453
-4.03743
-12.5206
-1.04243
-3.15757
-5.64198
-0.52986
23.3534
-180.402
-7.06593
28.5556
-175.029
-5.84425
20.7906
-97.1105
-2.39224
11.2246
-41.0508
-0.405024
13.258
-34.5808
0.00349188
7.97096
-10.5379
-0.216029
-22.8567
-180.246
-13.9393
-22.4657
-139.738
-11.3133
-16.9327
-81.8335
-7.31515
-21.266
-75.0682
-6.69055
-14.358
-34.0345
-3.62671
-8.36314
-12.5992
-2.59147
2.43864
-275.597
-15.7605
2.09481
-214.571
-12.0017
1.80816
-171.968
-9.26633
1.50275
-99.774
-5.56148
-0.644521
-52.8512
-2.89675
-1.40833
-12.4663
-1.24049
-1.82353
-265.233
-15.7841
-1.71518
-170.382
-10.0525
-1.94715
-145.361
-8.13044
-1.2548
-101.667
-5.83063
-1.791
-47.1637
-2.94525
-1.38397
-15.0651
-1.40528
-0.627394
-4.85099
-0.354062
0.184512
-2.2179
-0.167202
0.295381
-220.495
-12.9769
-6.80337
-6.12929
-0.798273
0.00638528
0.594246
0.109777
3.54436
-3.1581
-0.561519
20.5094
-175.47
-7.24202
23.1693
-160.183
-5.86563
22.2315
-119.964
-3.53279
27.6162
-109.325
-1.90351
15.3707
-48.9499
-0.120984
11.0066
-22.1684
-0.103899
-25.7768
-225.487
-17.128
-28.3612
-199.983
-15.7808
-21.9494
-119.809
-10.0318
-19.3133
-81.6778
-7.25147
-16.2965
-48.045
-4.69963
-11.958
-21.9679
-2.85762
2.64679
-318.694
-18.3589
1.87758
-204.181
-11.5841
1.81588
-184.087
-10.1707
1.76486
-107.744
-5.41816
0.216775
-75.1075
-3.85638
-1.65579
-33.029
-2.33069
-1.53191
-258.539
-15.4294
-1.92013
-234.895
-13.9085
-2.09657
-174.533
-10.1578
-1.31228
-102.907
-6.138
-1.75974
-67.5098
-3.96912
-1.71533
-29.5346
-2.08387
5.52252
-8.7073
-1.0114
3.09318
-17.0638
-0.51499
