2.86393
-27.8617
-1.01877
-4.6783
-41.7854
-2.86816
-0.290563
-0.15861
-0.0824028
0.104738
0.0252313
0.0328931
3.18094
-28.7502
-1.02236
-4.1988
-43.1291
-2.86128
-0.0933377
0.00167766
0.0437489
0.204172
-0.106621
-0.0819477
5.70122
-45.4175
-1.48273
5.56763
-35.0474
-0.912716
6.48946
-31.0209
-0.419017
3.31364
-11.9171
0.136762
3.26662
-8.31718
0.188903
1.91482
-2.91554
0.160627
-6.24278
-45.3795
-3.2541
-6.16231
-34.9754
-2.67543
-4.32169
-18.7842
-1.65122
-6.20488
-19.2253
-1.93276
-3.89592
-8.17985
-1.09598
-2.40013
-2.86986
-0.951634
6.34415
-47.1737
-1.50515
6.19135
-36.7422
-0.990003
6.47832
-29.4841
-0.61227
3.6741
-13.0651
-0.255691
3.57178
-9.28017
-0.164843
2.34322
-3.11454
-0.452516
-5.61046
-47.1341
-3.23388
-5.56092
-36.6642
-2.6038
-3.84809
-19.9237
-1.4527
-5.59113
-21.0655
-1.51331
-3.7983
-9.04039
-0.700353
-1.65624
-2.69782
-0.272701
-0.375393
-83.5799
-4.39275
0.99534
-1.22996
0.0559552
6.036
-56.615
-2.04569
-1.53462
-1.19836
-0.568448
-11.7889
-113.222
-7.63591
0.159216
0.215044
-0.152477
-0.722025
-0.250602
0.166503
0.665897
-0.162783
0.13632
0.39311
-57.4986
-2.92692
1.48159
-1.46394
-0.781146
-1.13384
-1.422
0.0585825
0.0237369
0.0624039
-0.0780009
5.72163
-50.5889
-1.7625
5.65325
-40.2308
-1.19881
5.42025
-29.921
-0.634948
5.04756
-20.0068
-0.0874431
3.81556
-11.8151
0.175438
2.66656
-5.34018
0.148817
-6.24192
-50.566
-3.54085
-6.22302
-40.1786
-2.96569
-6.03741
-29.8825
-2.39893
-5.44077
-20.2313
-1.94582
-4.43478
-11.6375
-1.29806
-3.2413
-5.21127
-0.965662
9.54352
-78.5411
-2.66303
6.29265
-41.9551
-1.2435
6.04084
-31.5554
-0.766099
4.42434
-17.4403
-0.290476
4.20025
-13.058
-0.188172
2.89807
-5.93527
-0.262299
-5.6051
-52.3429
-3.5341
-5.59054
-41.9053
-2.92246
-5.47674
-31.4594
-2.28156
-4.79646
-21.6971
-1.58656
-4.17323
-12.8157
-0.958655
-3.25953
-5.77231
-0.490282
24.0147
-185.209
-5.95784
29.3553
-179.595
-4.71696
21.3581
-99.5657
-1.71815
11.5195
-42.0581
-0.101743
13.5882
-35.3917
0.277342
8.1673
-10.7706
-0.133993
-23.5088
-185.047
-12.9568
-23.1004
-143.381
-10.5292
-17.4002
-83.907
-6.84738
-21.8322
-76.8975
-6.19496
-14.7285
-34.8361
-3.40281
-8.57904
-12.8804
-2.54717
2.27197
-282.893
-14.1926
1.92153
-220.121
-10.7373
1.61003
-176.271
-8.189
1.34276
-102.159
-4.91178
-0.83056
-54.0608
-2.52166
-1.53061
-12.743
-1.14566
-1.64927
-272.341
-14.2163
-1.5836
-174.856
-8.99636
-1.79582
-149.073
-7.15566
-1.07671
-104.184
-5.07942
-1.68
-48.2995
-2.56763
-1.30331
-15.4072
-1.27854
-0.572666
-4.94797
-0.315152
0.158333
-2.26495
-0.137699
0.302169
-226.45
-11.7329
-6.98035
-6.25928
-0.773581
0.00414846
0.611034
0.104781
3.6301
-3.22424
-0.549921
21.0916
-180.182
-6.1842
23.8225
-164.411
-4.86008
22.8462
-123.049
-2.73319
28.3607
-112.038
-1.10754
15.7611
-50.1219
0.258652
11.2775
-22.6766
0.0705602
-26.5133
-231.54
-15.9116
-29.1664
-205.258
-14.6771
-22.5641
-122.891
-9.34813
-19.8353
-83.71
-6.75384
-16.7234
-49.1968
-4.38433
-12.2641
-22.4743
-2.72368
2.47734
-327.204
-16.5699
1.73369
-209.529
-10.403
1.63729
-188.775
-9.05729
1.63162
-110.39
-4.7151
0.0346938
-76.8635
-3.33922
-1.84435
-33.7697
-2.09164
-1.37589
-265.518
-13.9263
-1.7514
-241.133
-12.4918
-1.94448
-179.057
-9.04044
-1.17479
-105.493
-5.43269
-1.63241
-69.1588
-3.449
-1.62067
-30.2335
-1.83797
5.60071
-8.89366
-0.952056
3.15847
-17.4876
-0.399054
