3.0576
-29.3033
-0.689855
-4.87755
-43.9469
-2.41969
-0.300977
-0.164226
-0.0865705
0.111349
0.0257627
0.0359582
3.31574
-30.2211
-0.693777
-4.48621
-45.3359
-2.41219
-0.0993479
0.00101011
0.0473303
0.209309
-0.10913
-0.0855495
6.08588
-47.7367
-0.926166
5.9394
-36.8002
-0.457702
6.91522
-32.5242
0.0262922
3.5266
-12.4813
0.328696
3.47459
-8.69866
0.333174
2.03899
-3.04566
0.215968
-6.50835
-47.6953
-2.75667
-6.42198
-36.722
-2.27996
-4.49728
-19.6972
-1.43596
-6.43834
-20.1245
-1.68301
-4.03178
-8.55239
-0.991035
-2.47888
-2.99257
-0.935343
6.61192
-49.55
-0.95043
6.44685
-38.5475
-0.541037
6.73432
-30.8809
-0.230285
3.8089
-13.6587
-0.0870475
3.68377
-9.6782
-0.0382425
2.40666
-3.23824
-0.417949
-5.99406
-49.5074
-2.73474
-5.93714
-38.4656
-2.20321
-4.10386
-20.8724
-1.2247
-5.95552
-22.017
-1.23867
-4.03551
-9.43533
-0.575947
-1.76096
-2.81782
-0.244949
-0.283853
-87.904
-3.45037
1.06311
-1.28441
0.0784634
6.36374
-59.5278
-1.38859
-1.58559
-1.24404
-0.569406
-12.4332
-119.047
-6.43884
0.183353
0.228073
-0.15579
-0.754182
-0.263286
0.171322
0.693683
-0.171663
0.138913
0.337574
-60.4403
-2.29858
1.52118
-1.5187
-0.783269
-1.20713
-1.48894
0.0849149
0.017092
0.0660302
-0.0777091
6.10833
-53.1916
-1.15514
6.03331
-42.2661
-0.69326
5.7792
-31.3968
-0.23053
5.3735
-20.9615
0.216861
4.05912
-12.3646
0.372163
2.83682
-5.58201
0.243766
-6.50771
-53.1664
-2.99277
-6.487
-42.2091
-2.51947
-6.28878
-31.3549
-2.05522
-5.65517
-21.1969
-1.7082
-4.59475
-12.1755
-1.14615
-3.35084
-5.44406
-0.906237
9.94791
-82.5324
-1.75369
6.55598
-44.0449
-0.741387
6.28605
-33.0809
-0.371235
4.59521
-18.2493
-0.0575209
4.34105
-13.6331
-0.0113485
2.98312
-6.18244
-0.18584
-5.98878
-55.0024
-2.98545
-5.97111
-43.9922
-2.47285
-5.84384
-32.9809
-1.92984
-5.11216
-22.708
-1.32649
-4.43969
-13.3849
-0.788345
-3.45891
-6.02261
-0.409603
25.3136
-194.602
-3.73381
30.9246
-188.497
-2.45761
22.4692
-104.338
-0.369198
12.0948
-44.0103
0.503783
14.2293
-36.9551
0.822564
8.5476
-11.216
0.0288577
-24.7912
-194.426
-10.9626
-24.3476
-150.485
-8.93701
-18.3169
-87.9389
-5.89643
-22.9386
-80.439
-5.18724
-15.4499
-36.3821
-2.94624
-8.99831
-13.4203
-2.4532
1.93296
-297.138
-11.029
1.56968
-230.931
-8.18746
1.20891
-184.624
-6.01776
1.01892
-106.768
-3.60261
-1.20339
-56.3867
-1.76632
-1.77336
-13.2712
-0.953819
-1.29851
-286.241
-11.0529
-1.31891
-183.588
-6.8667
-1.49149
-156.298
-5.19126
-0.71865
-109.064
-3.56661
-1.45588
-50.4952
-1.80735
-1.14013
-16.0654
-1.02292
-0.462335
-5.13314
-0.23696
0.105672
-2.35352
-0.0784895
0.314698
-238.101
-9.22182
-7.32378
-6.5077
-0.721936
-0.000191825
0.643952
0.0946884
3.79596
-3.34988
-0.526514
22.2354
-189.394
-4.05972
25.1049
-172.663
-2.84324
24.0512
-129.055
-1.1318
29.8172
-117.303
0.48352
16.5206
-52.3874
1.01556
11.8027
-23.654
0.417435
-27.9622
-243.374
-13.4433
-30.7496
-215.556
-12.4366
-23.771
-128.89
-7.95937
-20.8568
-87.6542
-5.742
-17.5562
-51.4229
-3.74246
-12.8592
-23.4487
-2.44906
2.13257
-343.83
-12.9594
1.44124
-219.959
-8.02042
1.27518
-197.892
-6.81258
1.36154
-115.517
-3.29865
-0.331899
-80.249
-2.29783
-2.22011
-35.1892
-1.60956
-1.06178
-279.175
-10.8927
-1.41183
-253.322
-9.63413
-1.63854
-187.875
-6.78795
-0.898411
-110.516
-4.01138
-1.37571
-72.3516
-2.40173
-1.42919
-31.5818
-1.3428
5.74841
-9.24792
-0.832924
3.2853
-18.3099
-0.166756
