3.34019
-31.3811
-0.193609
-5.16286
-47.0623
-1.73162
-0.315558
-0.172086
-0.0924826
0.120859
0.0264709
0.040411
3.50827
-32.3356
-0.198012
-4.90642
-48.5082
-1.72319
-0.108005
2.6901e-05
0.0525485
0.216245
-0.112436
-0.0906912
6.64695
-51.0753
-0.0885037
6.48104
-39.318
0.22509
7.53407
-34.6764
0.692246
3.83536
-13.2867
0.61417
3.77506
-9.24117
0.546596
2.2181
-3.23016
0.297053
-6.88863
-51.0286
-1.99322
-6.79351
-39.2307
-1.67282
-4.74761
-21.0048
-1.10486
-6.76862
-21.4065
-1.29842
-4.22234
-9.08209
-0.828263
-2.58849
-3.16639
-0.90686
6.99424
-52.9596
-0.115512
6.81098
-41.1303
0.132772
7.0978
-32.8706
0.341325
3.99882
-14.5001
0.164378
3.83898
-10.2379
0.14973
2.49336
-3.40965
-0.365849
-6.55479
-52.9127
-1.96874
-6.48644
-41.0431
-1.58844
-4.47643
-22.2246
-0.874861
-6.48477
-23.3646
-0.817635
-4.37858
-9.99172
-0.385092
-1.91208
-2.98633
-0.201751
-0.144873
-94.1363
-2.01708
1.16093
-1.36147
0.111363
6.83778
-63.7204
-0.397163
-1.65649
-1.30828
-0.568412
-13.3669
-127.431
-4.60228
0.2189
0.246737
-0.160329
-0.799808
-0.281415
0.178123
0.732848
-0.184232
0.142185
0.251861
-64.669
-1.34292
1.57529
-1.59359
-0.784491
-1.31278
-1.58285
0.124648
0.00707705
0.0713576
-0.0770109
6.67252
-56.9408
-0.239839
6.58742
-45.1931
0.0665522
6.3016
-33.5137
0.37534
5.84685
-22.3257
0.670708
4.41154
-13.1472
0.664076
3.08252
-5.92541
0.383749
-6.88831
-56.9122
-2.15173
-6.86491
-45.1291
-1.83453
-6.64804
-33.4667
-1.5273
-5.95989
-22.5772
-1.34211
-4.81998
-12.9416
-0.911714
-3.50389
-5.77452
-0.812602
10.5255
-88.2653
-0.38329
6.93171
-47.0395
0.0133119
6.63502
-35.2593
0.220497
4.8372
-19.3988
0.29028
4.53756
-14.4449
0.251663
3.10023
-6.52835
-0.0722259
-6.54972
-58.8223
-2.14352
-6.5271
-46.9828
-1.78285
-6.37934
-35.1538
-1.39005
-5.57132
-24.145
-0.927467
-4.82592
-14.1892
-0.52718
-3.7466
-6.37426
-0.285522
27.1917
-208.101
-0.386451
33.1909
-201.259
0.932772
24.0698
-111.154
1.64832
12.92
-46.7877
1.4052
15.143
-39.1655
1.62958
9.08827
-11.8397
0.268202
-26.6495
-207.906
-7.90227
-26.1532
-160.667
-6.4933
-19.6404
-93.6989
-4.43516
-24.5289
-85.4715
-3.64058
-16.4828
-38.5689
-2.24311
-9.59684
-14.1796
-2.30052
1.41039
-317.578
-6.22295
1.02945
-246.397
-4.31973
0.596533
-196.523
-2.73032
0.524655
-113.296
-1.62251
-1.76252
-59.6581
-0.626432
-2.13209
-14.0064
-0.662744
-0.765905
-306.25
-6.24738
-0.91699
-196.129
-3.63647
-1.03011
-166.642
-2.21759
-0.177414
-116.023
-1.28114
-1.11479
-53.6157
-0.660456
-0.891727
-16.9968
-0.636968
-0.295493
-5.39286
-0.119793
0.0263354
-2.47437
0.0102778
0.330926
-254.87
-5.40254
-7.81374
-6.85504
-0.639678
-0.00639426
0.691567
0.0793937
4.03151
-3.52392
-0.491634
23.8895
-202.646
-0.858051
26.9582
-184.51
0.187951
25.7892
-137.651
1.26739
31.9126
-124.804
2.85753
17.6058
-55.6001
2.13912
12.5498
-25.031
0.929342
-30.062
-260.397
-9.6557
-33.0426
-230.338
-8.99807
-25.5167
-137.477
-5.82738
-22.3281
-93.2759
-4.18785
-18.7509
-54.5795
-2.75588
-13.7098
-24.8229
-2.02296
1.60044
-367.711
-7.47105
0.991333
-234.905
-4.40361
0.720901
-210.911
-3.41061
0.948026
-122.802
-1.15638
-0.885846
-85.0281
-0.725532
-2.7787
-37.1769
-0.880973
-0.584846
-298.848
-6.28139
-0.8962
-270.851
-5.29606
-1.17408
-200.522
-3.37445
-0.480354
-117.696
-1.86049
-0.985764
-76.8967
-0.820781
-1.13731
-33.4948
-0.596075
5.94984
-9.73873
-0.654903
3.46542
-19.4806
0.181395
