3.5222
-32.7046
0.138403
-5.34226
-49.0466
-1.26323
-0.324655
-0.176998
-0.09621
0.126944
0.0268823
0.0432834
3.62904
-33.6783
0.133696
-5.17757
-50.5226
-1.25418
-0.113551
-0.000618249
0.0559251
0.220427
-0.114382
-0.0939625
7.00827
-53.201
0.470293
6.8296
-40.9197
0.678882
7.93182
-36.0438
1.1329
4.0336
-13.798
0.801811
3.96775
-9.58532
0.686015
2.33294
-3.34731
0.349445
-7.12776
-53.1509
-1.47355
-7.0271
-40.8264
-1.25967
-4.90468
-21.8357
-0.879289
-6.97481
-22.2198
-1.0365
-4.3407
-9.41798
-0.716863
-2.65631
-3.27656
-0.885572
7.23403
-55.1223
0.441517
7.0391
-42.7657
0.580764
7.32501
-34.127
0.719993
4.11691
-15.0298
0.330205
3.93429
-10.5884
0.273011
2.54606
-3.51585
-0.331384
-6.91655
-55.0727
-1.44742
-6.84052
-42.6752
-1.17036
-4.71632
-23.0789
-0.637254
-6.82514
-24.2126
-0.532364
-4.5986
-10.3408
-0.255839
-2.00894
-3.0919
-0.172194
-0.0510149
-98.1062
-1.0501
1.22373
-1.41044
0.132538
7.13987
-66.3868
0.266175
-1.70041
-1.34883
-0.566373
-13.963
-132.763
-3.35212
0.242095
0.258569
-0.163109
-0.828628
-0.292971
0.182394
0.757433
-0.19218
0.143977
0.193121
-67.3542
-0.698165
1.60828
-1.63952
-0.78434
-1.3805
-1.64174
0.151127
0.000411476
0.0748158
-0.0764071
7.03588
-59.3286
0.371705
6.94417
-47.0561
0.572528
6.6376
-34.8597
0.77717
6.15092
-23.1917
0.970052
4.63767
-13.6438
0.855444
3.24003
-6.14328
0.474823
-7.12763
-59.2977
-1.57919
-7.10257
-46.9875
-1.36837
-6.87381
-34.8093
-1.16806
-6.15072
-23.4535
-1.09243
-4.96017
-13.4275
-0.75187
-3.59876
-5.98405
-0.747722
10.8878
-91.904
0.532381
7.16728
-48.9375
0.515991
6.85349
-36.637
0.613214
4.98825
-20.1235
0.520057
4.65883
-14.9545
0.424615
3.17179
-6.74421
0.00223731
-6.91166
-61.2468
-1.57041
-6.88566
-48.8783
-1.3134
-6.7243
-36.5283
-1.02313
-5.86679
-25.0515
-0.656671
-5.07398
-14.6946
-0.350272
-3.93085
-6.59455
-0.201368
28.3883
-216.679
1.84661
34.6341
-209.359
3.18627
25.0875
-115.471
2.98379
13.4435
-48.5434
1.99851
15.7207
-40.5582
2.15713
9.42992
-12.2307
0.423188
-27.8359
-216.471
-5.81943
-27.3053
-167.13
-4.83114
-20.4839
-97.3481
-3.44083
-25.5399
-88.6507
-2.59124
-17.1383
-39.9471
-1.76512
-9.9764
-14.6565
-2.1923
1.05289
-330.542
-2.98569
0.661833
-256.19
-1.72011
0.18246
-204.038
-0.526651
0.19048
-117.404
-0.297643
-2.13358
-61.7076
0.133493
-2.36698
-14.4639
-0.468082
-0.405844
-318.988
-3.01043
-0.644947
-204.106
-1.46533
-0.718649
-173.214
-0.224821
0.185739
-120.439
0.245947
-0.884454
-55.5946
0.103837
-0.72442
-17.5876
-0.380117
-0.18399
-5.55708
-0.0425392
-0.0264719
-2.54845
0.0690118
0.340138
-265.534
-2.82572
-8.12455
-7.07268
-0.58237
-0.0103517
0.722035
0.0691606
4.18037
-3.63214
-0.469064
24.9435
-211.071
1.28116
28.1387
-192.034
2.20659
26.8951
-143.102
2.85889
33.244
-129.549
4.42441
18.2929
-57.6275
2.87611
13.0218
-25.8971
1.26272
-31.4025
-271.219
-7.07741
-34.5061
-239.727
-6.65855
-26.6301
-142.922
-4.37753
-23.2645
-96.8332
-3.13178
-19.5097
-56.5715
-2.08591
-14.2493
-25.6876
-1.73164
1.23575
-382.868
-3.77089
0.684402
-244.376
-1.96982
0.345082
-219.145
-1.12689
0.667305
-127.396
0.277227
-1.2562
-88.0289
0.323853
-3.14639
-38.4186
-0.39497
-0.262587
-311.376
-3.17255
-0.547425
-282.007
-2.37697
-0.859773
-208.563
-1.08317
-0.199309
-122.254
-0.419916
-0.722585
-79.7795
0.234187
-0.940183
-34.708
-0.0990214
6.07197
-10.0435
-0.537957
3.57813
-20.2201
0.412305
