3.69823
-33.9746
0.4708
-5.51165
-50.9507
-0.787675
-0.333307
-0.181682
-0.0997771
0.132836
0.027244
0.0460797
3.7429
-34.9631
0.465808
-5.44014
-52.4502
-0.778034
-0.118926
-0.00125695
0.0592204
0.224311
-0.116156
-0.0971218
7.35773
-55.2415
1.02825
7.16671
-42.458
1.1304
8.31645
-37.3579
1.56948
4.22542
-14.29
0.986557
4.15438
-9.91723
0.822535
2.4443
-3.46076
0.400253
-7.35357
-55.188
-0.946117
-7.24777
-42.3588
-0.84063
-5.05304
-22.6341
-0.650403
-7.16923
-23.0025
-0.771119
-4.45223
-9.74177
-0.603716
-2.72025
-3.38304
-0.862769
7.46008
-57.1912
0.99779
7.25409
-44.3297
1.02673
7.53904
-35.328
1.09567
4.22794
-15.5357
0.494071
4.02335
-10.9225
0.394152
2.59509
-3.61671
-0.297437
-7.26682
-57.1391
-0.918421
-7.18322
-44.2362
-0.746638
-4.94854
-23.8956
-0.396874
-7.1548
-25.0227
-0.244648
-4.81153
-10.6742
-0.125639
-2.10276
-3.19281
-0.142263
0.0438689
-101.916
-0.075393
1.28472
-1.45799
0.152985
7.42911
-68.9418
0.93032
-1.74194
-1.38798
-0.56343
-14.5345
-137.873
-2.08293
0.264845
0.269898
-0.165724
-0.856281
-0.30416
0.186471
0.780923
-0.199843
0.145481
0.133145
-69.9237
-0.0482486
1.63914
-1.68292
-0.783663
-1.44615
-1.69816
0.177462
-0.00621325
0.078183
-0.0757199
7.38732
-61.6202
0.983207
7.2892
-48.8448
1.07691
6.96252
-36.1526
1.17619
6.44493
-24.0244
1.26576
4.8566
-14.1222
1.04342
3.39264
-6.35375
0.563672
-7.3536
-61.5872
-0.997979
-7.32703
-48.7717
-0.895398
-7.08711
-36.099
-0.803779
-6.33086
-24.296
-0.838946
-5.09229
-13.8955
-0.589855
-3.68817
-6.18629
-0.681321
11.2294
-95.3853
1.44806
7.38933
-50.7528
1.01723
7.05938
-37.9542
1.00352
5.1305
-20.816
0.747454
4.77238
-15.4408
0.59503
3.23855
-6.94977
0.075294
-7.26214
-63.5666
-0.988647
-7.23275
-50.6915
-0.837292
-7.05811
-37.8426
-0.651527
-6.15292
-25.9178
-0.383039
-5.31416
-15.1773
-0.171948
-4.10907
-6.80494
-0.116564
29.5339
-224.899
4.0764
36.0158
-217.122
5.42882
26.0618
-119.608
4.30762
13.9447
-50.2263
2.58353
16.2738
-41.8933
2.67407
9.75739
-12.6057
0.57366
-28.9732
-224.679
-3.70583
-28.4098
-173.322
-3.14608
-21.2927
-100.845
-2.43305
-26.5092
-91.6983
-1.53159
-17.7671
-41.2685
-1.28214
-10.3411
-15.1138
-2.08009
0.688494
-342.944
0.272321
0.28905
-265.556
0.890469
-0.235111
-211.222
1.68018
-0.146528
-121.327
1.02638
-2.50201
-63.6631
0.889966
-2.59797
-14.8995
-0.274136
-0.0412837
-331.217
0.247311
-0.36896
-211.767
0.715011
-0.403591
-179.529
1.77019
0.550428
-124.688
1.77017
-0.651964
-57.5029
0.864422
-0.556286
-18.1601
-0.125194
-0.0727256
-5.71652
0.0334703
-0.0789751
-2.61859
0.127087
0.348207
-275.753
-0.228194
-8.42347
-7.28151
-0.523687
-0.0141945
0.751403
0.0589452
4.32324
-3.73558
-0.447394
25.9527
-219.144
3.42028
29.269
-199.244
4.21904
27.9537
-148.325
4.43968
34.5185
-134.097
5.97338
18.9506
-59.5709
3.60054
13.4738
-26.7274
1.58824
-32.6876
-281.589
-4.46019
-35.909
-248.723
-4.28559
-27.6975
-148.139
-2.9084
-24.1622
-100.243
-2.06333
-20.2375
-58.4811
-1.40911
-14.7672
-26.5166
-1.43632
0.863342
-397.37
-0.0437235
0.372426
-253.436
0.477117
-0.0347506
-227.018
1.16353
0.383078
-131.786
1.7103
-1.62601
-90.8935
1.36991
-3.50929
-39.6026
0.0887248
0.0634419
-323.4
-0.0410315
-0.193988
-292.718
0.557868
-0.540968
-216.286
1.21467
0.083641
-126.636
1.02138
-0.456864
-82.5565
1.28565
-0.741431
-35.88
0.394889
6.18536
-10.3341
-0.423285
3.68447
-20.9274
0.641544
