3.78379
-34.5884
0.637
-5.59223
-51.8711
-0.547407
-0.33748
-0.183947
-0.101503
0.135713
0.027406
0.0474498
3.79702
-35.5828
0.631874
-5.56786
-53.3799
-0.537478
-0.121553
-0.00157441
0.0608377
0.226155
-0.116989
-0.0986624
7.52758
-56.2284
1.30662
7.33059
-43.2027
1.35503
8.50352
-37.9951
1.78589
4.31883
-14.5291
1.07767
4.24543
-10.079
0.889569
2.49872
-3.51635
0.425006
-7.46101
-56.1733
-0.67974
-7.35284
-43.1007
-0.629146
-5.12374
-23.0211
-0.534874
-7.26189
-23.383
-0.637391
-4.50546
-9.89954
-0.546638
-2.75085
-3.43511
-0.850883
7.56754
-58.1891
1.27537
7.3563
-45.0843
1.24871
7.64084
-35.9078
1.28214
4.28076
-15.7799
0.575149
4.06561
-11.0839
0.453806
2.61835
-3.66543
-0.280725
-7.43718
-58.1359
-0.651301
-7.34987
-44.9895
-0.532924
-5.06155
-24.29
-0.275848
-7.31543
-25.4142
-0.100203
-4.9153
-10.8354
-0.0603621
-2.14854
-3.2417
-0.127218
0.0917087
-103.757
0.414451
1.31457
-1.48136
0.162909
7.56847
-70.1754
1.26241
-1.76187
-1.40714
-0.561672
-14.8101
-140.34
-1.44172
0.276043
0.275371
-0.166976
-0.869697
-0.309629
0.18844
0.792288
-0.203582
0.14613
0.102715
-71.1629
0.27837
1.65385
-1.70385
-0.783184
-1.47822
-1.72557
0.19054
-0.0095024
0.0798279
-0.0753517
7.55812
-62.7282
1.28866
7.45692
-49.7103
1.32823
7.1205
-36.7791
1.37438
6.58793
-24.4286
1.41199
4.96333
-14.355
1.13596
3.46715
-6.45657
0.607168
-7.4611
-62.6941
-0.70437
-7.43386
-49.6351
-0.656601
-7.18872
-36.7237
-0.61999
-6.41671
-24.7048
-0.710973
-5.15528
-14.1232
-0.508217
-3.7309
-6.285
-0.647667
11.3918
-97.0644
1.90549
7.49489
-51.6285
1.26705
7.1573
-38.5899
1.19753
5.1982
-21.1504
0.860096
4.82628
-15.6756
0.679145
3.27023
-7.04908
0.11121
-7.4326
-64.6854
-0.69478
-7.40154
-51.5663
-0.597002
-7.22043
-38.477
-0.464239
-6.29226
-26.3362
-0.245429
-5.43119
-15.4107
-0.0824764
-4.19593
-6.90679
-0.0740504
30.086
-228.869
5.18896
36.6818
-220.873
6.54466
26.5316
-121.61
4.96422
14.1866
-51.0413
2.87244
16.5412
-42.541
2.92806
9.91604
-12.7882
0.64702
-29.5216
-228.644
-2.63852
-28.9425
-176.316
-2.296
-21.6831
-102.537
-1.92487
-26.9776
-93.1749
-0.999067
-18.0715
-41.9096
-1.03943
-10.5179
-15.336
-2.02277
0.503869
-348.927
1.90751
0.10098
-270.075
2.19829
-0.44487
-214.691
2.78312
-0.315835
-123.222
1.68689
-2.68488
-64.6085
1.26605
-2.71188
-15.1102
-0.17773
0.142802
-337.131
1.88239
-0.229324
-215.476
1.80734
-0.244583
-182.592
2.767
0.733262
-126.754
2.52979
-0.534962
-58.4333
1.24247
-0.472037
-18.4408
0.00116348
-0.0172934
-5.79504
0.0708769
-0.105054
-2.65251
0.155805
0.351866
-280.687
1.07725
-8.56866
-7.3832
-0.493991
-0.0160808
0.765653
0.0538549
4.39256
-3.78589
-0.436971
26.439
-223.043
4.48883
29.8137
-202.727
5.22185
28.4641
-150.851
5.22503
35.1332
-136.298
6.73991
19.2683
-60.5129
3.95736
13.6926
-27.1307
1.74771
-33.3073
-286.596
-3.13813
-36.5856
-253.07
-3.08786
-28.2126
-150.662
-2.16762
-24.5958
-101.893
-1.52547
-20.5894
-59.4069
-1.06896
-15.0181
-26.9192
-1.28763
0.674367
-404.365
1.82831
0.214732
-257.807
1.7042
-0.225866
-230.818
2.3097
0.239812
-133.907
2.42539
-1.81034
-92.2778
1.89061
-3.68867
-40.1752
0.329082
0.227945
-329.214
1.53183
-0.0153681
-297.901
2.02961
-0.379688
-220.028
2.36452
0.22584
-128.763
1.74113
-0.323056
-83.9082
1.80899
-0.641541
-36.4526
0.640047
6.23903
-10.4751
-0.366999
3.73515
-21.2692
0.755363
