3.86759
-35.1876
0.803125
-5.6699
-52.7695
-0.305593
-0.341557
-0.186167
-0.103193
0.138546
0.0275552
0.0488013
3.84916
-36.1867
0.797871
-5.69301
-54.2859
-0.295385
-0.124141
-0.00189093
0.0624346
0.227942
-0.117791
-0.100179
7.69397
-57.1925
1.58446
7.49117
-43.931
1.57877
8.68694
-38.6191
2.0009
4.41052
-14.7638
1.16785
4.33499
-10.2383
0.955722
2.55232
-3.57129
0.449302
-7.56458
-57.1358
-0.411737
-7.45419
-43.8261
-0.41649
-5.192
-23.4001
-0.418707
-7.35143
-23.7565
-0.50311
-4.55702
-10.0548
-0.489302
-2.78057
-3.48651
-0.838719
7.67107
-59.162
1.55244
7.45482
-45.8203
1.46989
7.73904
-36.474
1.46757
4.33174
-16.0186
0.655601
4.1064
-11.2418
0.512797
2.64081
-3.71316
-0.264218
-7.6041
-59.1077
-0.382588
-7.51315
-45.7244
-0.318126
-5.17238
-24.675
-0.154373
-7.47315
-25.7968
0.0444608
-5.01725
-10.9933
0.00494136
-2.19358
-3.28966
-0.112153
0.139818
-105.554
0.905722
1.344
-1.50453
0.172622
7.70411
-71.3786
1.59436
-1.78128
-1.42607
-0.559747
-15.0784
-142.746
-0.796402
0.287117
0.280714
-0.168194
-0.882854
-0.315022
0.190363
0.803417
-0.207267
0.146714
0.0720047
-72.3706
0.605942
1.66812
-1.72436
-0.782638
-1.5098
-1.75252
0.203539
-0.0127722
0.0814445
-0.0749703
7.72543
-63.8101
1.59376
7.62124
-50.5562
1.57882
7.27534
-37.392
1.57154
6.72816
-24.8248
1.55703
5.06822
-14.5838
1.22744
3.54047
-6.55794
0.650002
-7.56472
-63.775
-0.408911
-7.53687
-50.4788
-0.416406
-7.28678
-37.335
-0.435231
-6.49964
-25.1055
-0.582286
-5.21622
-14.3469
-0.426254
-3.77235
-6.38226
-0.613772
11.5482
-98.701
2.36243
7.5966
-52.4825
1.51621
7.25171
-39.2102
1.39066
5.26353
-21.477
0.971957
4.87828
-15.9052
0.762467
3.30082
-7.14627
0.14668
-7.59964
-65.776
-0.399074
-7.56692
-52.4194
-0.355374
-7.3795
-39.0962
-0.276109
-6.42901
-26.7449
-0.107434
-5.54614
-15.6389
0.00708688
-4.2813
-7.0066
-0.0315303
30.6233
-232.743
6.29939
37.3302
-224.537
7.65621
26.9893
-123.567
5.61681
14.4226
-51.8393
3.1587
16.8026
-43.1765
3.17883
10.0714
-12.9677
0.719054
-30.0556
-232.513
-1.56481
-29.4614
-179.239
-1.44145
-22.0637
-104.191
-1.41425
-27.4349
-94.6211
-0.465348
-18.3691
-42.5385
-0.796238
-10.6913
-15.5543
-1.96481
0.317734
-354.759
3.54595
-0.0880576
-274.484
3.50696
-0.655088
-218.078
3.88488
-0.485531
-125.074
2.34581
-2.86667
-65.5337
1.64028
-2.82466
-15.3169
-0.0818475
0.328144
-342.909
3.52073
-0.0885158
-219.103
2.90042
-0.0845275
-185.59
3.76255
0.916377
-128.782
3.28705
-0.417482
-59.3492
1.6186
-0.38773
-18.7186
0.126603
0.0379516
-5.87302
0.107823
-0.130988
-2.68582
0.184275
0.355307
-285.5
2.38653
-8.7111
-7.48337
-0.464142
-0.0179482
0.779602
0.048781
4.46054
-3.83544
-0.426856
26.9123
-226.846
5.55618
30.3439
-206.128
6.22184
28.9611
-153.319
6.00651
35.7324
-138.453
7.50056
19.5786
-61.4361
4.31028
13.9066
-27.5269
1.90484
-33.9106
-291.482
-1.8078
-37.2444
-257.314
-1.88337
-28.7145
-153.128
-1.42325
-25.0189
-103.509
-0.985706
-20.9332
-60.3143
-0.728041
-15.2637
-27.3145
-1.13851
0.483635
-411.182
3.70504
0.0560154
-262.069
2.93298
-0.417608
-234.526
3.45573
0.0958724
-135.978
3.1389
-1.99409
-93.6316
2.40924
-3.86652
-40.7361
0.568141
0.39347
-334.89
3.10863
0.164591
-302.967
3.50337
-0.217064
-223.69
3.51418
0.368523
-130.848
2.4597
-0.188621
-85.2369
2.33021
-0.541356
-37.0173
0.883705
6.2908
-10.6137
-0.311503
3.78411
-21.6032
0.868563
