4.10769
-36.8936
1.3005
-5.88426
-55.3273
0.428124
-0.353259
-0.192571
-0.108052
0.146788
0.027926
0.0527466
3.99302
-37.9001
1.2949
-6.05179
-56.8567
0.439106
-0.131678
-0.00283688
0.0671031
0.233
-0.12004
-0.104588
8.17083
-59.9422
2.41374
7.9518
-46.0141
2.24373
9.2141
-40.4124
2.63636
4.67497
-15.4418
1.43229
4.59465
-10.7021
1.14851
2.70835
-3.73303
0.519309
-7.85048
-59.8812
0.400819
-7.73447
-45.9013
0.227421
-5.38139
-24.4883
-0.0670463
-7.60089
-24.8367
-0.0979709
-4.70169
-10.5064
-0.316311
-2.86476
-3.6373
-0.800847
7.95677
-61.9256
2.37965
7.727
-47.9154
2.12779
8.01106
-38.0905
2.01688
4.47351
-16.7019
0.892866
4.22019
-11.696
0.685491
2.70382
-3.85139
-0.216099
-8.08258
-61.8684
0.431865
-7.98128
-47.8166
0.331586
-5.49091
-25.7743
0.21192
-7.92819
-26.8942
0.478504
-5.312
-11.4481
0.200351
-2.32431
-3.4285
-0.0670566
0.285775
-110.671
2.38627
1.42991
-1.57318
0.200433
8.08724
-74.7983
2.58829
-1.8366
-1.48185
-0.553159
-15.8365
-149.584
1.16146
0.319563
0.295965
-0.171663
-0.92085
-0.330778
0.195863
0.835478
-0.218056
0.148103
-0.0216563
-75.7974
1.59314
1.70854
-1.78398
-0.780749
-1.60172
-1.83102
0.241927
-0.0224397
0.0861067
-0.0737686
8.20485
-66.8928
2.50596
8.09235
-52.972
2.32529
7.71987
-39.1488
2.15606
7.1314
-25.9664
1.98421
5.37167
-15.2475
1.49501
3.75346
-6.85449
0.774283
-7.8507
-66.8548
0.487291
-7.82142
-52.8886
0.311409
-7.55838
-39.087
0.12384
-6.73018
-26.2593
-0.192756
-5.38656
-14.9958
-0.179114
-3.88915
-6.66633
-0.511069
11.9799
-103.347
3.72876
7.87742
-54.9104
2.25878
7.51292
-40.9784
1.96405
5.44493
-22.4114
1.30236
5.02294
-16.5642
1.00729
3.3864
-7.42646
0.250203
-8.07844
-68.8721
0.497778
-8.04099
-54.8452
0.376322
-7.83573
-40.8616
0.292191
-6.82289
-27.9141
0.307806
-5.87809
-16.2949
0.275496
-4.52838
-7.29499
0.0955838
32.1415
-243.772
9.61399
39.1643
-234.991
10.9607
28.2865
-129.172
7.5476
15.0942
-54.1335
4.00017
17.5511
-45.0151
3.91049
10.5185
-13.4922
0.92678
-31.565
-243.526
1.68979
-30.9296
-187.58
1.14437
-23.1436
-108.927
0.129207
-28.7374
-98.7847
1.1385
-19.2212
-44.3577
-0.0661566
-11.1905
-16.189
-1.78812
-0.248742
-371.328
8.47406
-0.659715
-287.034
7.432
-1.28701
-227.751
7.17709
-0.995816
-130.381
4.30893
-3.40428
-68.1983
2.749
-3.15579
-15.916
0.2017
0.891967
-359.388
8.44871
0.341414
-229.478
6.17917
0.402296
-194.206
6.73607
1.46705
-134.647
5.5398
-0.0623484
-62.0172
2.73268
-0.134873
-19.5379
0.496236
0.202213
-6.10563
0.215524
-0.207729
-2.78331
0.267967
0.364611
-299.177
6.33254
-9.12246
-7.77662
-0.374267
-0.0234683
0.819563
0.0336889
4.65685
-3.98078
-0.398515
28.2493
-237.663
8.74747
31.8427
-215.818
9.20117
30.3681
-160.372
8.3244
37.4326
-144.638
9.74342
20.4647
-64.0988
5.34374
14.5208
-28.6769
2.36132
-35.6155
-305.376
2.2271
-39.1074
-269.406
1.7647
-30.1359
-160.173
0.827057
-26.2216
-108.144
0.641027
-21.9151
-62.9321
0.296225
-15.9689
-28.4612
-0.690278
-0.0981987
-430.537
9.35614
-0.425287
-274.188
6.62421
-0.995205
-245.099
6.88715
-0.339196
-141.905
5.26548
-2.54034
-97.5207
3.94904
-4.38994
-42.3563
1.2755
0.89631
-351.065
7.85665
0.71289
-317.434
7.9305
0.279431
-234.185
6.95631
0.799476
-136.854
4.60412
0.21839
-89.0933
3.87753
-0.239346
-38.6703
1.6037
6.4356
-11.0181
-0.150258
3.92027
-22.5588
1.2039
