4.18373
-37.4304
1.46577
-5.94914
-56.1322
0.675088
-0.356994
-0.194629
-0.109605
0.149453
0.0280238
0.0540258
4.03657
-38.4374
1.46007
-6.16542
-57.6628
0.686302
-0.134116
-0.00315168
0.068618
0.234599
-0.120747
-0.106014
8.3219
-60.8098
2.68844
8.09792
-46.6739
2.46302
9.38178
-40.9838
2.84469
4.75948
-15.6593
1.51826
4.6782
-10.8523
1.21079
2.75879
-3.78611
0.541655
-7.93705
-60.7474
0.674082
-7.81955
-46.5586
0.443659
-5.43917
-24.8348
0.0510003
-7.6775
-25.1839
0.0375081
-4.7466
-10.6525
-0.258496
-2.89123
-3.68661
-0.787855
8.04331
-62.7936
2.65374
7.80961
-48.5754
2.34497
8.09396
-38.6021
2.19742
4.51699
-16.9191
0.970498
4.25534
-11.8413
0.741553
2.72346
-3.89611
-0.20057
-8.23411
-62.7357
0.705673
-8.12959
-48.4759
0.549523
-5.59218
-26.1221
0.334368
-8.07359
-27.2437
0.6228
-5.40648
-11.5938
0.265115
-2.36643
-3.4733
-0.0521257
0.334964
-112.281
2.88138
1.45777
-1.59588
0.209247
8.20658
-75.8725
2.91859
-1.85413
-1.50019
-0.550744
-16.0726
-151.732
1.8204
0.330111
0.300787
-0.172762
-0.933046
-0.3359
0.197607
0.845752
-0.221578
0.148452
-0.0533276
-76.872
1.92328
1.7213
-1.80339
-0.780075
-1.63143
-1.85654
0.254477
-0.0256072
0.0875922
-0.0733549
8.35668
-67.864
2.80865
8.24168
-53.7355
2.57205
7.86103
-39.7067
2.3483
7.25975
-26.3315
2.12373
5.46903
-15.4615
1.58177
3.82216
-6.95111
0.814243
-7.93726
-67.8252
0.788835
-7.90766
-53.6503
0.556015
-7.641
-39.6433
0.311446
-6.80071
-26.628
-0.0620262
-5.43914
-15.2049
-0.096541
-3.92563
-6.75872
-0.476628
12.1106
-104.805
4.18221
7.96254
-55.674
2.5044
7.59235
-41.5365
2.15294
5.50039
-22.7079
1.41063
5.0674
-16.7743
1.08707
3.41296
-7.51645
0.283696
-8.23007
-69.8436
0.799506
-8.19114
-55.6083
0.622064
-7.98038
-41.419
0.482543
-6.94846
-28.2851
0.446293
-5.98432
-16.5044
0.36461
-4.60772
-7.3878
0.137655
32.6146
-247.243
10.712
39.7368
-238.294
12.0509
28.6925
-130.952
8.18134
15.3056
-54.8657
4.27447
17.7888
-45.6069
4.14715
10.6613
-13.6631
0.993144
-32.0353
-246.993
2.78404
-31.3877
-190.215
2.01213
-23.4819
-110.43
0.646499
-29.1477
-100.116
1.67258
-19.4915
-44.9431
0.176621
-11.3501
-16.3947
-1.72861
-0.439876
-376.532
10.1187
-0.851334
-290.988
8.73802
-1.49757
-230.813
8.26823
-1.16592
-132.07
4.9575
-3.58046
-69.0522
3.11308
-3.26361
-16.1099
0.294571
1.08255
-364.587
10.0934
0.48734
-232.765
7.27027
0.56688
-196.95
7.72113
1.65093
-136.532
6.2829
0.0568671
-62.8822
3.09845
-0.0507299
-19.8076
0.616888
0.256375
-6.1832
0.250277
-0.232896
-2.81531
0.295228
0.367475
-303.474
7.65222
-9.2544
-7.87249
-0.344381
-0.0252909
0.832228
0.0287092
4.71985
-4.02849
-0.389768
28.6658
-241.064
9.80644
32.31
-218.872
10.1862
30.8078
-162.605
9.0872
37.9658
-146.608
10.477
20.7451
-64.9523
5.67928
14.7165
-29.0488
2.50831
-36.1466
-309.745
3.58459
-39.6882
-273.219
2.99015
-30.58
-162.404
1.58143
-26.5994
-109.62
1.18446
-22.2254
-63.7715
0.637196
-16.1935
-28.8316
-0.541117
-0.294996
-436.61
11.2443
-0.587077
-278
7.85447
-1.18805
-248.437
8.02689
-0.485022
-143.785
5.96833
-2.72028
-98.7625
4.45586
-4.5607
-42.8779
1.50743
1.06602
-356.161
9.44308
0.898548
-322.007
9.40602
0.447944
-237.518
8.09954
0.944076
-138.774
5.3139
0.355267
-90.3378
4.38679
-0.138286
-39.2093
1.83948
6.48059
-11.1502
-0.0983803
3.96199
-22.8621
1.3141
