4.25766
-37.9508
1.63069
-6.01058
-56.9125
0.923048
-0.360651
-0.196651
-0.111126
0.152077
0.0281086
0.0552872
4.07785
-38.9573
1.6249
-6.27589
-58.4427
0.93448
-0.136519
-0.00346652
0.0701121
0.236159
-0.121437
-0.107418
8.46882
-61.652
2.96212
8.24014
-47.316
2.681
9.54527
-41.5419
3.05113
4.8421
-15.8727
1.60307
4.76024
-11.0006
1.27203
2.80847
-3.83885
0.563496
-8.01905
-61.5884
0.948318
-7.90027
-47.1983
0.660499
-5.49417
-25.173
0.169346
-7.75074
-25.5246
0.173043
-4.78984
-10.7967
-0.200688
-2.91693
-3.7355
-0.774719
8.12534
-63.6345
2.92686
7.88801
-49.2159
2.56096
8.17286
-39.1002
2.37658
4.55855
-17.1311
1.04737
4.28912
-11.9838
0.796837
2.74245
-3.94027
-0.185309
-8.38142
-63.5758
0.980405
-8.27383
-49.1158
0.767935
-5.69088
-26.4606
0.456859
-8.21572
-27.5853
0.766714
-5.49904
-11.7368
0.329596
-2.40781
-3.51743
-0.0372764
0.384413
-113.842
3.37695
1.48526
-1.61854
0.21783
8.32156
-76.9128
3.2482
-1.87123
-1.51843
-0.548242
-16.3001
-153.813
2.48197
0.340519
0.305478
-0.173833
-0.945016
-0.340961
0.199306
0.855831
-0.225069
0.148748
-0.0851901
-77.9116
2.25371
1.73372
-1.82266
-0.779391
-1.66069
-1.88178
0.266886
-0.0287441
0.0890407
-0.072937
8.50432
-68.806
3.11048
8.38696
-54.4775
2.81765
7.99854
-40.2505
2.53914
7.38495
-26.6889
2.26174
5.56446
-15.672
1.66726
3.8897
-7.04672
0.853448
-8.01924
-68.7664
1.09153
-7.98941
-54.3906
0.801408
-7.7195
-40.1856
0.499498
-6.868
-26.9887
0.0690117
-5.48959
-15.4107
-0.0139764
-3.9609
-6.85005
-0.442145
12.2344
-106.216
4.63441
8.04327
-56.4142
2.74893
7.66784
-42.0789
2.34063
5.5533
-22.997
1.5179
5.10999
-16.9799
1.16592
3.43858
-7.60488
0.316666
-8.37748
-70.7841
1.10237
-8.33712
-56.3482
0.868504
-8.12111
-41.9609
0.673162
-7.07106
-28.6468
0.584651
-6.08827
-16.7095
0.453423
-4.68553
-7.47909
0.179508
33.0705
-250.61
11.806
40.2889
-241.503
13.1347
29.085
-132.687
8.80978
15.5107
-55.582
4.54552
18.0206
-46.1889
4.38007
10.8012
-13.8325
1.05805
-32.4883
-250.355
3.88204
-31.8293
-192.776
2.882
-23.8089
-111.895
1.16467
-29.5458
-101.42
2.20571
-19.7548
-45.5187
0.418759
-11.5063
-16.5978
-1.66894
-0.631949
-381.574
11.7633
-1.04325
-294.827
10.0419
-1.70782
-233.794
9.35535
-1.33583
-133.72
5.6026
-3.75493
-69.8901
3.47405
-3.37008
-16.3013
0.386502
1.27446
-369.635
11.738
0.634608
-235.964
8.35965
0.732644
-199.631
8.7023
1.8349
-138.382
7.02145
0.17647
-63.7358
3.46108
0.0332899
-20.076
0.736127
0.310198
-6.26097
0.284419
-0.257832
-2.84723
0.322146
0.370276
-307.635
8.97316
-9.38381
-7.96762
-0.314613
-0.0271095
0.844552
0.0237582
4.78169
-4.07598
-0.381377
29.0671
-244.359
10.8624
32.7605
-221.838
11.1667
31.2323
-164.778
9.84465
38.4815
-148.533
11.203
21.0178
-65.7894
6.01015
14.9077
-29.4156
2.65266
-36.6581
-313.979
4.94721
-40.2478
-276.92
4.21923
-31.0087
-164.575
2.3372
-26.9654
-111.062
1.72787
-22.5271
-64.595
0.977492
-16.4127
-29.1966
-0.392329
-0.493011
-442.489
13.1333
-0.74935
-281.696
9.08376
-1.3808
-251.682
9.16372
-0.631099
-145.62
6.66756
-2.89893
-99.9782
4.95898
-4.72944
-43.391
1.73717
1.23676
-361.104
11.0303
1.08567
-326.451
10.8804
0.618008
-240.768
9.23983
1.08913
-140.653
6.02057
0.492725
-91.5627
4.89231
-0.0370744
-39.743
2.0729
6.52403
-11.2813
-0.0474753
4.00182
-23.1577
1.42344
