4.39899
-38.9411
1.95926
-6.12289
-58.3972
1.42143
-0.367734
-0.200591
-0.114071
0.157207
0.0282392
0.057757
4.15341
-39.9435
1.95331
-6.48698
-59.9223
1.43325
-0.141218
-0.00409692
0.0730364
0.239174
-0.122774
-0.110161
8.74981
-63.259
3.50608
8.51253
-48.5462
3.11277
9.85937
-42.618
3.4581
5.00162
-16.2871
1.76914
4.91976
-11.2911
1.39138
2.90553
-3.94343
0.605663
-8.16898
-63.1931
1.49911
-8.04829
-48.4239
1.0955
-5.59565
-25.8245
0.406661
-7.88703
-26.1873
0.443919
-4.87134
-11.0789
-0.0852708
-2.96606
-3.83212
-0.748092
8.27555
-65.233
3.46985
8.03194
-50.4378
2.98916
8.31846
-40.0554
2.73059
4.63589
-17.5395
1.19875
4.35263
-12.2605
0.905038
2.77858
-4.02715
-0.155601
-8.66288
-65.1732
1.53204
-8.54958
-50.3368
1.20568
-5.88031
-27.1095
0.701655
-8.48995
-28.2449
1.05297
-5.6783
-12.0149
0.457509
-2.48836
-3.60384
-0.00788632
0.484057
-116.813
4.3686
1.53912
-1.66378
0.234301
8.53802
-78.8894
3.90493
-1.90416
-1.55468
-0.54302
-16.7279
-157.766
3.81156
0.360908
0.314466
-0.17589
-0.968285
-0.350901
0.202562
0.875421
-0.231971
0.149188
-0.149395
-79.884
2.91492
1.75761
-1.86089
-0.778004
-1.71783
-1.93155
0.291234
-0.0349193
0.0918202
-0.0720927
8.78659
-70.6007
3.71116
8.66498
-55.896
3.30502
8.26224
-41.2952
2.91637
7.62568
-27.3804
2.53302
5.74946
-16.0827
1.83433
4.02134
-7.23506
0.929574
-8.16907
-70.5597
1.69974
-8.13902
-55.8057
1.29401
-7.86383
-41.2272
0.876508
-6.9926
-27.6861
0.331694
-5.58406
-15.8119
0.150893
-4.02782
-7.02967
-0.373177
12.4612
-108.896
5.53448
8.19123
-57.8237
3.23443
7.80675
-43.116
2.71214
5.65132
-23.553
1.72939
5.18957
-17.3777
1.3207
3.48704
-7.77739
0.381021
-8.65913
-72.5702
1.71085
-8.6161
-57.7572
1.36293
-8.39039
-42.9972
1.05474
-7.30703
-29.3423
0.860605
-6.28919
-17.1069
0.629879
-4.83654
-7.65735
0.26241
33.9292
-257.021
13.9807
41.3308
-247.637
15.2822
29.828
-136.022
10.0501
15.9014
-56.9668
5.07757
18.4665
-47.324
4.83454
11.072
-14.1673
1.18351
-33.3409
-256.759
6.08686
-32.6618
-197.672
4.62604
-24.4279
-114.709
2.20242
-30.3045
-103.945
3.26765
-20.2602
-46.6409
0.900371
-11.8085
-16.9967
-1.54943
-1.01834
-391.159
15.0489
-1.42737
-302.15
12.641
-2.1268
-239.512
11.5155
-1.67459
-136.904
6.88122
-4.09828
-71.5197
4.18597
-3.57881
-16.6778
0.56733
1.66214
-379.267
15.0239
0.933173
-242.093
10.5314
1.06771
-204.798
10.6512
2.20295
-141.98
8.48349
0.416755
-65.4098
4.17621
0.200854
-20.6095
0.970133
0.416748
-6.4174
0.350819
-0.306956
-2.91102
0.374903
0.375823
-315.54
11.6165
-9.63505
-8.15602
-0.255603
-0.0307439
0.868149
0.0139465
4.90189
-4.17056
-0.365641
29.8228
-250.627
12.9641
33.6097
-227.494
13.1128
32.0344
-168.943
11.3426
39.46
-152.247
12.6319
21.5404
-67.4151
6.6576
15.2768
-30.1345
2.93335
-37.6204
-322.031
7.68491
-41.3017
-283.982
6.6855
-31.8179
-168.736
3.85116
-27.6607
-113.843
2.81318
-23.1041
-66.1948
1.65507
-16.8352
-29.9112
-0.0963963
-0.892112
-453.653
16.9109
-1.07484
-288.734
11.5373
-1.76543
-257.888
11.4266
-0.923633
-149.148
8.05381
-3.25178
-102.333
5.95315
-5.06054
-44.3939
2.18965
1.58124
-370.521
14.2043
1.46424
-334.948
13.8231
0.962811
-247.011
11.5095
1.38055
-144.289
7.42332
0.76931
-93.9543
5.89123
0.165708
-40.7951
2.53224
6.60641
-11.5412
0.0513886
4.07574
-23.7261
1.63938
