4.4663
-39.4104
2.1228
-6.17362
-59.1009
1.67157
-0.371161
-0.20251
-0.115497
0.159712
0.0282849
0.0589655
4.18763
-40.4094
2.11677
-6.58743
-60.6214
1.68356
-0.143513
-0.00441272
0.0744659
0.240631
-0.123423
-0.1115
8.8837
-64.023
3.7762
8.64255
-49.1338
3.32644
10.0098
-43.1356
3.65853
5.07844
-16.488
1.85035
4.9972
-11.4335
1.44947
2.9529
-3.99529
0.625994
-8.23675
-63.956
1.77535
-8.11545
-49.0094
1.31341
-5.64204
-26.1376
0.525493
-7.95
-26.5091
0.579088
-4.90957
-11.2169
-0.0277428
-2.98948
-3.87987
-0.734635
8.34362
-65.9901
3.73955
8.09737
-51.0188
3.20126
8.38508
-40.5124
2.90535
4.67165
-17.7361
1.27325
4.38238
-12.3949
0.957951
2.79573
-4.06994
-0.141152
-8.79682
-65.9298
1.80862
-8.68091
-50.9176
1.42475
-5.97091
-27.4199
0.82381
-8.62192
-28.563
1.19512
-5.76494
-12.1501
0.520847
-2.52751
-3.64616
0.00662686
0.534227
-118.221
4.86424
1.56548
-1.68637
0.242194
8.63937
-79.8247
4.23182
-1.92
-1.57269
-0.540317
-16.928
-159.636
4.47885
0.370885
0.318763
-0.176876
-0.979585
-0.355781
0.204118
0.884936
-0.235385
0.149336
-0.181686
-80.8158
3.2454
1.76909
-1.8799
-0.777299
-1.74571
-1.95612
0.303155
-0.037955
0.0931482
-0.0716677
8.92105
-71.4525
4.00983
8.79754
-56.5717
3.54666
8.38829
-41.7958
3.10265
7.74109
-27.7145
2.66623
5.83897
-16.2829
1.91588
4.08541
-7.32783
0.966494
-8.23677
-71.4108
2.00491
-8.20675
-56.48
1.54094
-7.92952
-41.7263
1.06525
-7.04983
-28.0226
0.463183
-5.62804
-16.0075
0.233088
-4.05947
-7.11797
-0.338749
12.5639
-110.163
5.98206
8.25836
-58.4925
3.47527
7.87009
-43.6105
2.89589
5.69639
-23.82
1.83356
5.22656
-17.57
1.39663
3.5099
-7.86155
0.41241
-8.79315
-73.4149
2.01612
-8.7489
-58.4258
1.61062
-8.51876
-43.4915
1.24546
-7.42029
-29.6762
0.998023
-6.38608
-17.2992
0.7174
-4.90969
-7.74441
0.303394
34.3315
-260.063
15.0606
41.8198
-250.561
16.3453
30.1782
-137.622
10.6616
16.087
-57.6352
5.33847
18.6806
-47.8775
5.05606
11.203
-14.3328
1.24409
-33.7397
-259.798
7.19245
-33.052
-200.006
5.49921
-24.7196
-116.059
2.72138
-30.6647
-105.166
3.79574
-20.5022
-47.1878
1.13951
-11.9545
-17.1926
-1.48971
-1.21235
-395.699
16.6887
-1.61926
-305.633
13.935
-2.33521
-242.249
12.5877
-1.8432
-138.438
7.5142
-4.26694
-72.312
4.53661
-3.68099
-16.8631
0.656143
1.85784
-383.847
16.6638
1.08444
-245.021
11.6128
1.23698
-207.283
11.6181
2.38693
-143.727
9.20639
0.537392
-66.2302
4.52844
0.284355
-20.8747
1.08482
0.469443
-6.49612
0.383063
-0.331123
-2.94301
0.400725
0.378636
-319.281
12.9378
-9.75686
-8.2494
-0.226434
-0.0325637
0.879409
0.00908718
4.96027
-4.21773
-0.358277
30.1767
-253.597
14.0092
34.0078
-230.184
14.0779
32.4117
-170.933
12.0828
39.9222
-154.035
13.3344
21.7902
-68.2039
6.97408
15.4546
-30.4868
3.06971
-38.0703
-325.846
9.05844
-41.7951
-287.339
7.92129
-32.198
-170.724
4.60846
-27.9897
-115.181
3.35439
-23.3792
-66.9713
1.9919
-17.0383
-30.2609
0.0505176
-1.09289
-458.933
18.7978
-1.23779
-292.074
12.7605
-1.95701
-260.848
12.5517
-1.0699
-150.843
8.74022
-3.42574
-103.473
6.44379
-5.22272
-44.8841
2.41219
1.7549
-374.991
15.7896
1.65563
-338.996
15.2902
1.13753
-250.003
12.638
1.52685
-146.044
8.11882
0.908388
-95.121
6.38422
0.267234
-41.3137
2.758
6.64541
-11.6702
0.0993564
4.10979
-23.9989
1.74593
