4.59402
-40.2962
2.44808
-6.26409
-60.4291
2.17303
-0.377787
-0.206244
-0.118256
0.164601
0.0283373
0.0613292
4.24887
-41.286
2.44194
-6.7778
-61.9365
2.18531
-0.147995
-0.00504593
0.0772574
0.243447
-0.124686
-0.11411
9.13791
-65.47
4.31228
8.88989
-50.2528
3.74907
10.2972
-44.1293
4.05304
5.2261
-16.877
2.00909
5.14737
-11.7121
1.56249
3.0453
-4.09811
0.665179
-8.35764
-65.4012
2.32873
-8.2358
-50.1244
1.74944
-5.72598
-26.7379
0.763171
-8.06543
-27.1332
0.848483
-4.98095
-11.487
0.0867742
-3.03405
-3.97419
-0.707496
8.46553
-67.4184
4.27495
8.215
-52.12
3.62117
8.50582
-41.385
3.25021
4.73728
-18.1136
1.41983
4.43787
-12.6557
1.06142
2.82822
-4.15436
-0.113033
-9.05064
-67.3574
2.36252
-8.93002
-52.0187
1.86266
-6.14367
-28.0121
1.06728
-8.87524
-29.1759
1.47703
-5.9321
-12.4127
0.646088
-2.60354
-3.72907
0.0352334
0.635185
-120.878
5.85397
1.61708
-1.73149
0.25731
8.82801
-81.5871
4.88208
-1.95042
-1.60849
-0.534755
-17.2996
-163.161
5.81645
0.390392
0.326962
-0.178757
-1.00151
-0.365354
0.207078
0.903405
-0.242147
0.149495
-0.246509
-82.5689
3.90532
1.79113
-1.91781
-0.775845
-1.80006
-2.00463
0.32645
-0.0439181
0.0956743
-0.0708134
9.17621
-73.0626
4.60331
9.04945
-57.8548
4.0255
8.62851
-42.7524
3.47034
7.96179
-28.3586
2.92768
6.01192
-16.6727
2.075
4.21002
-7.51045
1.03807
-8.35747
-73.0198
2.61649
-8.32776
-57.7603
2.03534
-8.04773
-42.6799
1.44266
-7.154
-28.6709
0.726076
-5.70941
-16.3882
0.396755
-4.11911
-7.29151
-0.270123
12.7477
-112.55
6.87159
8.37875
-59.7568
3.95278
7.98439
-44.5507
3.25914
5.77858
-24.3316
2.03867
5.29493
-17.9414
1.54555
3.55289
-8.0258
0.47364
-9.04712
-75.0061
2.62784
-9.00065
-59.6902
2.10626
-8.76256
-44.4318
1.62624
-7.63704
-30.3158
1.27132
-6.57252
-17.671
0.890755
-5.05121
-7.91445
0.38429
35.0808
-265.814
17.204
42.733
-256.115
18.4489
30.8353
-140.684
11.8669
16.4382
-58.9237
5.84989
19.0908
-48.956
5.48773
11.4559
-14.6602
1.36109
-34.481
-265.543
9.40671
-33.7788
-204.44
7.24532
-25.2664
-118.639
3.758
-31.346
-107.526
4.84456
-20.9643
-48.2531
1.6137
-12.2361
-17.5774
-1.3706
-1.60118
-404.265
19.9582
-2.00197
-312.236
16.5095
-2.74912
-247.475
14.714
-2.1783
-141.391
8.76637
-4.59775
-73.8521
5.22673
-3.88079
-17.2282
0.83043
2.25269
-392.521
19.9338
1.3908
-250.597
13.7645
1.57885
-212.052
13.5349
2.75453
-147.116
10.6347
0.779527
-67.8375
5.22169
0.450699
-21.4019
1.30944
0.573613
-6.65453
0.445644
-0.378627
-3.00731
0.451234
0.384504
-326.33
15.5763
-9.99277
-8.43457
-0.168917
-0.0362166
0.90082
-0.00053735
5.07356
-4.31197
-0.344476
30.8355
-259.2
16.0858
34.7501
-235.279
15.9906
33.1176
-174.727
13.5446
40.7917
-157.473
14.7151
22.2662
-69.7329
7.5925
15.7969
-31.1774
3.3346
-38.9063
-333.046
11.8109
-42.713
-293.702
10.3946
-32.9076
-174.515
6.12151
-28.6093
-117.752
4.43233
-23.9019
-68.4771
2.66063
-17.4282
-30.9455
0.341751
-1.49604
-468.879
22.5632
-1.56343
-298.389
15.1972
-2.33794
-266.478
14.7869
-1.36191
-154.09
10.0983
-3.76815
-105.677
7.41132
-5.53999
-45.8428
2.84956
2.10481
-383.44
18.9535
2.04238
-346.683
18.2126
1.49142
-255.722
14.8799
1.82051
-149.428
9.4968
1.18796
-97.3951
7.35646
0.47045
-42.3356
3.20137
6.71904
-11.9269
0.19245
4.17204
-24.5212
1.95605
