4.65437
-40.7123
2.60972
-6.30377
-61.0531
2.42404
-0.380982
-0.208057
-0.119588
0.166984
0.028344
0.0624842
4.27588
-41.6962
2.60353
-6.86761
-62.552
2.43644
-0.15018
-0.00536342
0.0786184
0.244805
-0.125302
-0.115379
9.25812
-66.1524
4.5781
9.00711
-50.7837
3.95794
10.4341
-44.6048
4.24707
5.29687
-17.0649
2.0866
5.22005
-11.8483
1.61743
3.09029
-4.14903
0.68405
-8.41071
-66.0828
2.60554
-8.28894
-50.6535
1.96729
-5.76349
-27.0248
0.881882
-8.11784
-27.4353
0.982561
-5.01407
-11.6188
0.143702
-3.05518
-4.02072
-0.69383
8.51934
-68.0892
4.5405
8.26718
-52.64
3.82889
8.55991
-41.8003
3.42026
4.76714
-18.2946
1.49191
4.4636
-12.7821
1.11199
2.84354
-4.19599
-0.0993434
-9.17039
-68.028
2.6395
-9.04768
-52.5388
2.08124
-6.22573
-28.2937
1.18845
-8.99649
-29.4705
1.61662
-6.01255
-12.5401
0.707923
-2.64038
-3.76966
0.0493098
0.685932
-122.126
6.34758
1.64229
-1.754
0.264543
8.91524
-82.4135
5.20521
-1.96499
-1.62625
-0.531902
-17.471
-164.813
6.48594
0.399919
0.330864
-0.179648
-1.01212
-0.370044
0.208478
0.912355
-0.245493
0.149508
-0.278983
-83.3895
4.23444
1.80167
-1.93672
-0.775077
-1.82652
-2.02858
0.337811
-0.0468441
0.09687
-0.0703839
9.29682
-73.8202
4.89794
9.16868
-58.4615
4.26258
8.74258
-43.208
3.65168
8.06698
-28.6685
3.0559
6.09528
-16.8622
2.15257
4.27051
-7.60024
1.07275
-8.41041
-73.7769
2.92252
-8.381
-58.3658
2.28252
-8.10018
-43.134
1.63111
-7.20089
-28.9824
0.857333
-5.74677
-16.5731
0.478138
-4.14708
-7.37666
-0.235962
12.8288
-113.669
7.31324
8.43199
-60.352
4.18933
8.03532
-44.9962
3.43859
5.81568
-24.5761
2.13959
5.3263
-18.1205
1.61855
3.57302
-8.10587
0.503503
-9.16693
-75.752
2.93391
-9.11947
-60.2856
2.3539
-8.87787
-44.8775
1.81607
-7.74044
-30.6214
1.40705
-6.66199
-17.8505
0.976495
-5.11951
-7.99741
0.424158
35.4276
-268.521
18.2669
43.1568
-258.743
19.4888
31.142
-142.145
12.4605
16.6037
-59.5433
6.10039
19.2868
-49.4808
5.69795
11.5778
-14.822
1.41759
-34.823
-268.247
10.5141
-34.1152
-206.539
8.11724
-25.5212
-119.87
4.27508
-31.6669
-108.664
5.36471
-21.1842
-48.7712
1.8485
-12.3715
-17.7663
-1.31129
-1.79566
-408.289
21.5865
-2.19246
-315.355
17.7889
-2.95431
-249.962
15.7674
-2.34455
-142.809
9.38516
-4.75973
-74.5996
5.56605
-3.97834
-17.4081
0.915875
2.45169
-396.612
21.5624
1.54578
-253.244
14.8339
1.75135
-214.334
14.484
2.93804
-148.756
11.3397
0.900966
-68.6235
5.56258
0.533514
-21.6636
1.41937
0.625074
-6.73413
0.475997
-0.40195
-3.03966
0.475917
0.38762
-329.636
16.8923
-10.1068
-8.5263
-0.140613
-0.0380519
0.910959
-0.00530315
5.12843
-4.35901
-0.337998
31.1402
-261.831
17.1168
35.094
-237.683
16.9378
33.446
-176.53
14.2659
41.1987
-159.122
15.3931
22.4924
-70.4727
7.89447
15.9612
-31.5154
3.46322
-39.2919
-336.427
13.188
-43.137
-296.704
11.6306
-33.2368
-176.315
6.8764
-28.8997
-118.984
4.96845
-24.1494
-69.206
2.99216
-17.6147
-31.28
0.485913
-1.69806
-473.541
24.44
-1.72585
-301.363
16.4095
-2.527
-269.147
15.8961
-1.50746
-155.643
10.7695
-3.93639
-106.741
7.88795
-5.69493
-46.3111
3.0643
2.28092
-387.416
20.5305
2.23759
-350.318
19.6666
1.67048
-258.446
15.9924
1.96776
-151.055
10.1788
1.32837
-98.5016
7.83546
0.572098
-42.8384
3.41893
6.75365
-12.0545
0.237634
4.20022
-24.7706
2.0596
