4.71237
-41.1103
2.7706
-6.33974
-61.6499
2.67502
-0.384095
-0.209832
-0.120889
0.169325
0.0283378
0.0636211
4.30048
-42.0877
2.76438
-6.95379
-63.1394
2.68752
-0.152327
-0.00568151
0.0799555
0.246129
-0.125905
-0.116624
9.37369
-66.807
4.84231
9.11997
-51.2952
4.16512
10.5663
-45.0659
4.43891
5.36558
-17.2483
2.16289
5.29108
-11.9822
1.67134
3.13446
-4.19956
0.702456
-8.45885
-66.7367
2.88218
-8.33737
-51.1632
2.18487
-5.79801
-27.3028
1.00042
-8.16668
-27.7306
1.11613
-5.04545
-11.7484
0.200375
-3.07551
-4.06678
-0.680108
8.56839
-68.7308
4.8045
8.31493
-53.1393
4.03507
8.60981
-42.2014
3.5887
4.79503
-18.4703
1.56319
4.48798
-12.9058
1.1618
2.85825
-4.23721
-0.0858828
-9.2853
-68.6695
2.91627
-9.16068
-53.0383
2.2994
-6.30486
-28.5657
1.30916
-9.11405
-29.757
1.75522
-6.09086
-12.6648
0.769197
-2.67642
-3.80965
0.0632264
0.736827
-123.32
6.84002
1.6671
-1.77646
0.271569
8.99772
-83.2031
5.52686
-1.97912
-1.64389
-0.529002
-17.6327
-166.392
7.15532
0.409291
0.334635
-0.180503
-1.0225
-0.374664
0.209821
0.92111
-0.248816
0.149479
-0.311459
-84.1724
4.56278
1.81188
-1.95559
-0.774267
-1.85248
-2.05231
0.348972
-0.0497326
0.0980194
-0.0699522
9.41272
-74.5458
5.19102
9.28338
-59.0447
4.49801
8.85257
-43.6481
3.8313
8.16869
-28.9699
3.18244
6.17654
-17.0478
2.22883
4.32977
-7.68892
1.10671
-8.45841
-74.5022
3.22846
-8.42937
-58.9478
2.52949
-8.14819
-43.5728
1.81926
-7.24429
-29.2851
0.988369
-5.78189
-16.7544
0.559168
-4.17379
-7.46065
-0.201922
12.9026
-114.738
7.75262
8.48059
-60.9223
4.42432
8.08211
-45.4251
3.61654
5.85011
-24.813
2.23942
5.35579
-18.295
1.69059
3.59221
-8.18453
0.532884
-9.28188
-76.4645
3.23987
-9.23351
-60.8561
2.60123
-8.98872
-45.3067
2.00538
-7.84045
-30.9174
1.54208
-6.7489
-18.0257
1.06156
-5.18614
-8.07895
0.463614
35.7557
-271.113
19.3235
43.5586
-261.271
20.5206
31.4339
-143.558
13.0479
16.7625
-60.1461
6.34742
19.4767
-49.9956
5.9045
11.6965
-14.9825
1.47282
-35.1459
-270.838
11.6206
-34.4332
-208.558
8.98773
-25.7635
-121.06
4.79096
-31.9742
-109.773
5.88168
-21.3965
-49.2792
2.08164
-12.5034
-17.9525
-1.25217
-1.98996
-412.137
23.2095
-2.38217
-318.349
19.0623
-3.15815
-252.365
16.8137
-2.5098
-144.187
9.99889
-4.91931
-75.3317
5.90146
-4.07427
-17.586
1.00018
2.6516
-400.537
23.1858
1.70188
-255.794
15.8985
1.9248
-216.546
15.4267
3.12126
-150.359
12.0383
1.02261
-69.3971
5.89958
0.616074
-21.9238
1.52772
0.676113
-6.81388
0.505743
-0.424983
-3.07212
0.500221
0.390895
-332.794
18.2052
-10.2181
-8.61739
-0.112634
-0.039894
0.920714
-0.0100388
5.18208
-4.40599
-0.331766
31.4284
-264.348
18.1423
35.4196
-239.99
17.8785
33.758
-178.268
14.9808
41.587
-160.722
16.0628
22.7106
-71.1954
8.19165
16.1209
-31.8484
3.58936
-39.6557
-339.662
14.5647
-43.5376
-299.585
12.8652
-33.5488
-178.052
7.62963
-29.1769
-120.18
5.5023
-24.3874
-69.9183
3.3216
-17.7955
-31.6092
0.62902
-1.90012
-477.994
26.3117
-1.88781
-304.212
17.6171
-2.71493
-271.717
16.9992
-1.65258
-157.147
11.4352
-4.10253
-107.779
8.3597
-5.84732
-46.7719
3.27639
2.45769
-391.225
22.1032
2.43391
-353.813
21.1151
1.85086
-261.078
17.0988
2.11524
-152.637
10.8559
1.46915
-99.5866
8.30958
0.673744
-43.3354
3.63372
6.78677
-12.1816
0.28196
4.22642
-25.0121
2.16211
