4.87208
-42.1945
3.24815
-6.42554
-63.2757
3.42615
-0.392909
-0.214908
-0.124592
0.176082
0.0282419
0.0669197
4.36001
-43.1485
3.24184
-7.19028
-64.7308
3.43885
-0.158524
-0.00663883
0.083816
0.249869
-0.127639
-0.120195
9.69227
-68.6016
5.62462
9.43223
-52.7108
4.77611
10.9346
-46.3593
5.0012
5.55904
-17.7698
2.38442
5.49401
-12.3696
1.82711
3.26181
-4.34827
0.755019
-8.57386
-68.5296
3.70946
-8.45455
-52.5742
2.83469
-5.88365
-28.081
1.35438
-8.29167
-28.5724
1.51322
-5.12893
-12.1225
0.368661
-3.13153
-4.20158
-0.6386
8.6873
-70.4789
5.58644
8.43187
-54.5113
4.64388
8.73447
-43.3178
4.08417
4.86681
-18.9645
1.77226
4.5528
-13.2596
1.30688
2.89841
-4.3581
-0.046704
-9.60063
-70.4176
3.7436
-9.47137
-54.4117
2.95011
-6.52444
-29.3217
1.66793
-9.44412
-30.5665
2.16445
-6.31262
-13.0222
0.94944
-2.77954
-3.92572
0.103987
0.890104
-126.572
8.30779
1.739
-1.84317
0.291479
9.21669
-85.348
6.48168
-2.01869
-1.6959
-0.519989
-18.0596
-170.682
9.15844
0.436464
0.345158
-0.182832
-1.05209
-0.388067
0.21349
0.946126
-0.258619
0.149137
-0.408592
-86.294
5.54141
1.8404
-2.01182
-0.77142
-1.92726
-2.12205
0.381224
-0.0581731
0.101182
-0.0686356
9.73198
-76.528
6.05999
9.60005
-60.6503
5.19386
9.15782
-44.8737
4.35969
8.45261
-29.8218
3.552
6.40729
-17.5805
2.44989
4.49982
-7.94741
1.20441
-8.57291
-76.4835
4.14372
-8.5455
-60.5505
3.26759
-8.26561
-44.7942
2.38078
-7.35352
-30.1393
1.37947
-5.87359
-17.2741
0.799808
-4.24612
-7.70477
-0.100625
13.0814
-117.641
9.05561
8.59886
-62.4822
5.11939
8.19776
-46.6105
4.14115
5.93739
-25.4767
2.53235
5.43279
-18.7904
1.90108
3.64405
-8.41151
0.618315
-9.5973
-78.4
4.15506
-9.54672
-62.4173
3.33985
-9.29418
-46.4936
2.5692
-8.11982
-31.7464
1.94227
-6.99393
-18.5236
1.31234
-5.37565
-8.31442
0.579389
36.6279
-278.198
22.4521
44.632
-268.243
23.5651
32.2212
-147.506
14.7729
17.1975
-61.8496
7.06797
20.0085
-51.4756
6.50286
12.0335
-15.4541
1.63144
-35.9991
-277.919
14.9288
-35.2777
-214.126
11.5856
-26.4148
-124.379
6.32873
-32.8147
-112.919
7.4113
-21.987
-50.7387
2.77024
-12.8762
-18.4943
-1.07604
-2.56998
-422.625
28.0391
-2.94515
-326.583
22.8417
-3.76012
-259.056
19.9078
-2.99844
-148.075
11.8083
-5.38304
-77.4305
6.88416
-4.35208
-18.1069
1.24641
3.25571
-411.298
28.0167
2.17591
-262.853
19.0585
2.45004
-222.747
18.2124
3.6685
-154.929
14.095
1.38837
-71.636
6.88719
0.86213
-22.6918
1.84364
0.826692
-7.05276
0.591547
-0.49232
-3.16993
0.5709
0.401903
-341.373
22.1188
-10.5349
-8.88568
-0.0307191
-0.0454631
0.947629
-0.0240755
5.33533
-4.54591
-0.314245
32.1939
-271.204
21.1833
36.2869
-246.321
20.6597
34.595
-183.088
17.0853
42.6394
-165.226
18.0227
23.3164
-73.2564
9.05518
16.5711
-32.814
3.95365
-40.6161
-348.473
18.683
-44.5981
-307.494
16.5532
-34.381
-182.868
9.87524
-29.9291
-123.541
7.08769
-25.0436
-71.9509
4.29609
-18.3024
-32.5616
1.05159
-2.50471
-490.09
31.8866
-2.36957
-312.009
21.2068
-3.27061
-278.824
20.268
-2.0843
-161.363
13.3976
-4.58751
-110.731
9.74502
-6.28862
-48.1052
3.89687
2.99092
-401.628
26.7876
3.02832
-363.437
25.4206
2.39886
-268.41
20.3771
2.55839
-157.107
12.8559
1.89305
-102.704
9.70224
0.978456
-44.7855
4.2617
6.87666
-12.5582
0.410286
4.29326
-25.6876
2.46333
