4.92056
-42.519
3.40541
-6.44688
-63.7623
3.67536
-0.395658
-0.216508
-0.125758
0.178241
0.0281844
0.0679807
4.37517
-43.464
3.3991
-7.26173
-65.2043
3.6881
-0.160504
-0.00695865
0.08505
0.251029
-0.128186
-0.121325
9.78908
-69.1426
5.88167
9.52751
-53.1421
4.97614
11.048
-46.7593
5.1842
5.61922
-17.9336
2.45587
5.55813
-12.4933
1.87711
3.30243
-4.39663
0.771707
-8.60253
-69.0703
3.98374
-8.48436
-53.0043
3.0499
-5.90626
-28.3212
1.4716
-8.32612
-28.8375
1.64418
-5.15311
-12.2417
0.424127
-3.14846
-4.24516
-0.62464
8.71768
-71.0023
5.84347
8.46221
-54.9262
4.84345
8.76775
-43.6603
4.24601
4.88677
-19.1179
1.84039
4.57157
-13.3714
1.35385
2.91039
-4.39729
-0.033979
-9.69592
-70.9412
4.01779
-9.56547
-54.8273
3.16535
-6.59164
-29.5534
1.78621
-9.54644
-30.819
2.29851
-6.38201
-13.1352
1.00828
-2.81217
-3.96297
0.117242
0.941285
-127.546
8.79299
1.76207
-1.86508
0.297755
9.28028
-85.9881
6.79616
-2.03087
-1.71282
-0.516863
-18.1825
-171.962
9.82297
0.445202
0.348402
-0.183519
-1.06142
-0.392364
0.214582
0.954019
-0.26182
0.14894
-0.440767
-86.9251
5.86491
1.84912
-2.03034
-0.77027
-1.95109
-2.14471
0.391554
-0.0609123
0.102139
-0.0681855
9.82892
-77.1232
6.34589
9.69645
-61.1367
5.42213
9.25127
-45.2497
4.53225
8.5401
-30.0875
3.67187
6.47975
-17.7493
2.52107
4.55381
-8.03066
1.23566
-8.60139
-77.0784
4.4473
-8.57467
-61.0362
3.51218
-8.29597
-45.1688
2.56664
-7.38295
-30.4051
1.50896
-5.89955
-17.4387
0.879112
-4.26753
-7.78316
-0.0671511
13.127
-118.507
9.48438
8.62925
-62.9513
5.34757
8.22817
-46.9712
4.31286
5.96117
-25.6818
2.62781
5.45459
-18.9456
1.96942
3.65933
-8.48387
0.645959
-9.69259
-78.9775
4.45857
-9.64145
-62.887
3.58443
-9.38692
-46.8551
2.75544
-8.20594
-32.0023
2.07386
-7.07024
-18.6799
1.39438
-5.43522
-8.38958
0.617093
36.8816
-280.327
23.4802
44.9461
-270.359
24.5623
32.4542
-148.722
15.3354
17.3287
-62.3809
7.30142
20.1728
-51.9456
6.69552
12.139
-15.6072
1.68217
-36.2452
-280.047
16.0254
-35.5227
-215.817
12.4453
-26.6066
-125.399
6.83716
-33.0672
-113.904
7.91344
-22.1679
-51.2018
2.99597
-12.9926
-18.6683
-1.01774
-2.76178
-425.765
29.6333
-3.13028
-329.074
24.0863
-3.95719
-261.109
20.9232
-3.15862
-149.286
12.4006
-5.53242
-78.0952
7.20391
-4.44125
-18.2755
1.32633
3.45807
-414.543
29.6115
2.33547
-265.005
20.0994
2.62639
-224.665
19.1261
3.84983
-156.368
14.7671
1.51042
-72.3517
7.20866
0.94358
-22.9423
1.94603
0.876047
-7.13173
0.61909
-0.514179
-3.20251
0.593739
0.406028
-343.934
23.4125
-10.6346
-8.97298
-0.00409023
-0.0473326
0.955804
-0.0287022
5.38367
-4.59197
-0.308682
32.4162
-273.256
22.1838
36.5398
-248.233
21.5723
34.8412
-184.561
17.7732
42.9526
-166.625
18.6596
23.5017
-73.9053
9.33397
16.7112
-33.1233
4.07065
-40.8928
-351.111
20.0488
-44.9047
-309.882
17.7748
-34.6239
-184.34
10.6178
-30.1531
-124.584
7.60999
-25.2427
-72.5913
4.61596
-18.4592
-32.8661
1.19012
-2.70506
-493.699
33.7283
-2.52834
-314.354
22.3905
-3.45272
-280.989
21.3428
-2.22667
-162.667
14.0397
-4.74446
-111.658
10.1967
-6.43027
-48.5316
4.09853
3.16925
-404.752
28.3352
3.22782
-366.353
26.8403
2.5834
-270.659
21.4551
2.70609
-158.499
13.5117
2.03467
-103.693
10.1565
1.07987
-45.2529
4.46568
6.90327
-12.6816
0.451702
4.31164
-25.8959
2.56162
