4.96666
-42.8249
3.56162
-6.46467
-64.2211
3.9237
-0.398304
-0.218056
-0.126888
0.18035
0.0281143
0.0690215
4.38806
-43.7606
3.5553
-7.3295
-65.6492
3.93646
-0.162438
-0.0072786
0.0862563
0.252139
-0.128714
-0.122424
9.88122
-69.6547
6.13674
9.61837
-53.5528
5.1743
11.1565
-47.1433
5.36499
5.67722
-18.0919
2.52616
5.62042
-12.6141
1.92621
3.3421
-4.44423
0.788008
-8.62649
-69.5821
4.25698
-8.50962
-53.4138
3.26421
-5.92594
-28.5514
1.58834
-8.35696
-29.0942
1.77437
-5.17543
-12.358
0.47926
-3.16445
-4.28792
-0.610607
8.74354
-71.4958
6.09855
8.48831
-55.3197
5.04127
8.79695
-43.9876
4.40617
4.90473
-19.2654
1.90776
4.58887
-13.4799
1.40017
2.92162
-4.43582
-0.021384
-9.7863
-71.435
4.2909
-9.65483
-55.2214
3.37955
-6.65581
-29.7746
1.90375
-9.64485
-31.0623
2.43133
-6.44907
-13.245
1.06648
-2.84389
-3.9994
0.130333
0.992447
-128.464
9.27571
1.78465
-1.88674
0.303867
9.33923
-86.5905
7.10853
-2.04251
-1.72946
-0.513664
-18.2959
-173.167
10.4852
0.453776
0.351514
-0.184155
-1.07044
-0.396566
0.215606
0.96167
-0.264982
0.148701
-0.472792
-87.5182
6.18675
1.85741
-2.04869
-0.768984
-1.97434
-2.16703
0.401672
-0.0636153
0.103046
-0.0677273
9.92113
-77.6853
6.62973
9.78828
-61.5984
5.64848
9.34058
-45.6089
4.70301
8.62399
-30.3435
3.7901
6.5499
-17.9133
2.59105
4.60639
-8.11223
1.2663
-8.62513
-77.6405
4.74977
-8.59918
-61.4972
3.75581
-8.32201
-45.5268
2.75168
-7.40892
-30.6611
1.6379
-5.92317
-17.5986
0.957922
-4.28755
-7.85984
-0.0338249
13.1657
-119.322
9.91011
8.65522
-63.3949
5.57391
8.25459
-47.3145
4.48296
5.98231
-25.8785
2.72219
5.47444
-19.0956
2.03689
3.67355
-8.55441
0.673225
-9.78297
-79.5211
4.76095
-9.73134
-63.3312
3.82795
-9.47513
-47.1991
2.94067
-8.28851
-32.2478
2.20446
-7.14379
-18.8311
1.47562
-5.49294
-8.46289
0.654347
37.1171
-282.338
24.5004
45.2385
-272.37
25.5504
32.6724
-149.886
15.8916
17.4529
-62.893
7.5316
20.3304
-52.4029
6.88495
12.2409
-15.7578
1.73193
-36.4724
-282.057
17.1176
-35.7496
-217.424
13.3012
-26.7858
-126.376
7.34312
-33.3058
-114.856
8.41147
-22.3405
-51.6522
3.21974
-13.1049
-18.8386
-0.959616
-2.95252
-428.728
31.2183
-3.31391
-331.437
25.3224
-4.15226
-263.071
21.9301
-3.31731
-150.452
12.9872
-5.67912
-78.7408
7.51982
-4.52866
-18.4411
1.40523
3.66067
-417.615
31.1971
2.49558
-267.055
21.1332
2.80317
-226.504
20.032
4.03047
-157.762
15.4325
1.63246
-73.0504
7.52632
1.02473
-23.189
2.04707
0.92499
-7.21004
0.646155
-0.535748
-3.23497
0.616234
0.410401
-346.343
24.6997
-10.731
-9.05893
0.0222108
-0.0492075
0.963575
-0.0333054
5.43055
-4.63758
-0.303196
32.6225
-275.191
23.1772
36.7748
-250.043
22.4773
35.0711
-185.966
18.4542
43.247
-167.969
19.2885
23.6785
-74.5339
9.60838
16.8461
-33.4256
4.18559
-41.1481
-353.598
21.4096
-45.1881
-312.145
18.9912
-34.8495
-185.743
11.3566
-30.3637
-125.586
8.12887
-25.4319
-73.2119
4.93322
-18.6096
-33.1632
1.32746
-2.90451
-497.095
35.5602
-2.68599
-316.572
23.5668
-3.63306
-283.049
22.4096
-2.36812
-163.917
14.6756
-4.89896
-112.555
10.6434
-6.56912
-48.9478
4.29769
3.34764
-407.703
29.8746
3.42772
-369.121
28.2514
2.76863
-272.81
22.5251
2.85365
-159.841
14.1618
2.17631
-104.655
10.6057
1.18117
-45.7112
4.66709
6.92809
-12.8035
0.492546
4.32809
-26.0956
2.65883
