5.01041
-43.1123
3.7167
-6.47898
-64.6521
4.171
-0.40084
-0.219548
-0.12798
0.182407
0.0280316
0.0700417
4.39871
-44.0381
3.71039
-7.39362
-66.0655
4.18376
-0.164325
-0.0075985
0.0874339
0.253194
-0.12922
-0.123487
9.96871
-70.1378
6.38975
9.70485
-53.9427
5.37054
11.2603
-47.5107
5.54357
5.73301
-18.2447
2.59531
5.68083
-12.7316
1.97441
3.38076
-4.49098
0.803939
-8.6458
-70.065
4.52901
-8.53042
-53.8025
3.47748
-5.94271
-28.7715
1.70454
-8.38418
-29.3423
1.90374
-5.19586
-12.471
0.534053
-3.17949
-4.32978
-0.59649
8.76496
-71.9596
6.3516
8.51024
-55.6914
5.23731
8.8221
-44.2994
4.56466
4.92071
-19.4069
1.97437
4.60467
-13.5849
1.44586
2.93205
-4.4736
-0.00889495
-9.8718
-71.899
4.56275
-9.73949
-55.594
3.59259
-6.71696
-29.9852
2.0205
-9.73931
-31.2962
2.56288
-6.51375
-13.3514
1.12404
-2.87468
-4.03496
0.143265
1.04355
-129.326
9.75568
1.80673
-1.90811
0.309824
9.3936
-87.1554
7.41866
-2.05358
-1.7458
-0.510382
-18.3999
-174.297
11.1445
0.462185
0.354494
-0.184737
-1.07917
-0.400665
0.216556
0.969065
-0.268098
0.148419
-0.504634
-88.0733
6.50676
1.86523
-2.06681
-0.767537
-1.997
-2.18896
0.411578
-0.0662827
0.103904
-0.0672591
10.0086
-78.2143
6.91142
9.87555
-62.0352
5.87285
9.42574
-45.9512
4.87195
8.70426
-30.5896
3.90672
6.61771
-18.0722
2.65985
4.65751
-8.19194
1.29634
-8.64422
-78.1694
5.05093
-8.61909
-61.9333
3.99832
-8.34379
-45.8678
2.93579
-7.43145
-30.9068
1.76624
-5.94444
-17.7535
1.03622
-4.30612
-7.93467
-0.000644086
13.1977
-120.086
10.3326
8.67686
-63.8127
5.79833
8.27706
-47.6401
4.65141
6.00084
-26.0667
2.81549
5.4923
-19.2401
2.10351
3.68668
-8.62299
0.700139
-9.86847
-80.0307
5.06202
-9.81643
-63.7497
4.07027
-9.55881
-47.5256
3.1248
-8.36752
-32.4825
2.33402
-7.21456
-18.9769
1.55604
-5.54874
-8.53421
0.691153
37.3345
-284.232
25.5124
45.5095
-274.274
26.5293
32.8761
-150.996
16.4416
17.5701
-63.3852
7.75855
20.4811
-52.8466
7.07127
12.3392
-15.9056
1.7808
-36.6808
-283.951
18.2049
-35.9586
-218.946
14.1526
-26.9524
-127.308
7.84635
-33.5304
-115.773
8.90524
-22.5049
-52.0891
3.44152
-13.2128
-19.0048
-0.901644
-3.14203
-431.511
32.7935
-3.49593
-333.67
26.5497
-4.34524
-264.94
22.9283
-3.47441
-151.571
13.5683
-5.82312
-79.3664
7.83193
-4.61427
-18.6034
1.48315
3.86331
-420.513
32.7729
2.65609
-269.001
22.1598
2.98023
-228.265
20.9298
4.21033
-159.108
16.0911
1.75442
-73.7307
7.84025
1.10559
-23.4316
2.14681
0.973528
-7.28748
0.672774
-0.55703
-3.26722
0.638396
0.415029
-348.603
25.9796
-10.8242
-9.1433
0.0481961
-0.0510865
0.970939
-0.037887
5.47588
-4.68263
-0.297747
32.8128
-277.008
24.163
36.992
-251.752
23.3745
35.2848
-187.301
19.1281
43.5227
-169.258
19.9093
23.8467
-75.1411
9.87854
16.9756
-33.7202
4.29857
-41.3821
-355.935
22.7645
-45.4486
-314.281
20.2018
-35.0581
-187.077
12.0914
-30.5608
-126.545
8.64413
-25.6109
-73.8116
5.2478
-18.7535
-33.4524
1.46363
-3.10285
-500.28
37.3812
-2.84238
-318.662
24.7354
-3.81155
-285.004
23.4681
-2.50855
-165.113
15.3053
-5.05096
-113.42
11.085
-6.70513
-49.3531
4.49443
3.52595
-410.48
31.4048
3.62786
-371.74
29.6531
2.95438
-274.859
23.5867
3.00097
-161.13
14.8061
2.3179
-105.588
11.05
1.28231
-46.1592
4.86599
6.95102
-12.9237
0.532887
4.34261
-26.2864
2.75498
