5.09092
-43.6312
4.02323
-6.49741
-65.4304
4.66178
-0.40556
-0.222351
-0.130046
0.186356
0.0278293
0.0720175
4.41348
-44.5363
4.01692
-7.51099
-66.8131
4.6745
-0.167947
-0.0082373
0.0896995
0.255121
-0.130159
-0.125502
10.1299
-71.0165
6.88923
9.86472
-54.6587
5.75719
11.4535
-48.1945
5.89413
5.83785
-18.5326
2.73027
5.7958
-12.9561
2.06829
3.45492
-4.58144
0.834768
-8.67088
-70.9433
5.06872
-8.55894
-54.5166
3.90044
-5.96771
-29.1804
1.9351
-8.4278
-29.8107
2.15985
-5.23089
-12.6866
0.642605
-3.2065
-4.41036
-0.567958
8.79488
-72.7974
6.8513
8.54191
-56.3695
5.62386
8.86048
-44.8753
4.87656
4.9467
-19.6707
2.10538
4.63164
-13.7836
1.53546
2.95038
-4.5465
0.0158665
-10.0284
-72.7376
5.10198
-9.8948
-56.2739
4.01477
-6.83021
-30.3739
2.25143
-9.91621
-31.7342
2.82208
-6.63578
-13.5529
1.23724
-2.93331
-4.10315
0.168674
1.1454
-130.883
10.7063
1.84927
-1.94977
0.321317
9.48886
-88.1726
8.03168
-2.07387
-1.77733
-0.503524
-18.58
-176.331
12.453
0.478499
0.360054
-0.185725
-1.09563
-0.408528
0.218225
0.983032
-0.274173
0.147727
-0.567656
-89.0699
7.14056
1.87936
-2.10219
-0.764064
-2.04039
-2.23147
0.430754
-0.0715144
0.105469
-0.0662851
10.1697
-79.1727
7.46791
10.0366
-62.8332
6.3154
9.58365
-46.5837
5.20431
8.85392
-31.0507
4.13518
6.74612
-18.3739
2.79406
4.75519
-8.34515
1.35474
-8.66883
-79.1277
5.64853
-8.64552
-62.7303
4.47937
-8.37486
-46.4978
3.30086
-7.46628
-31.3665
2.02088
-5.97985
-18.0475
1.19122
-4.33879
-8.07809
0.0653017
13.2421
-121.462
11.1675
8.70746
-64.5709
6.24121
8.31041
-48.2373
4.98333
6.03011
-26.4165
2.99891
5.522
-19.5118
2.23426
3.70951
-8.75368
0.753012
-10.025
-80.9483
5.65937
-9.97234
-64.5094
4.55072
-9.7127
-48.1248
3.48941
-8.51479
-32.9185
2.58992
-7.34758
-19.2515
1.71438
-5.65442
-8.67033
0.76344
37.716
-287.664
27.5105
45.9882
-277.759
28.4585
33.24
-153.056
17.5226
17.7834
-64.3075
8.203
20.7613
-53.69
7.43501
12.524
-16.1912
1.87617
-37.0425
-287.383
20.3618
-36.3237
-221.733
15.8405
-27.2484
-129.032
8.84374
-33.9375
-117.496
9.87962
-22.8081
-52.919
3.87909
-13.4154
-19.3234
-0.786025
-3.51673
-436.54
35.911
-3.85461
-337.744
28.9758
-4.72456
-268.395
24.8979
-3.78356
-153.665
14.7134
-6.10289
-80.5526
8.44503
-4.78003
-18.9164
1.63622
4.26802
-425.784
35.8918
2.97769
-272.575
24.1893
3.33461
-231.539
22.7007
4.56727
-161.651
17.3877
1.99787
-75.0307
8.45717
1.26635
-23.9017
2.34268
1.06942
-7.43875
0.724823
-0.598755
-3.33073
0.681768
0.425052
-352.672
28.5147
-11
-9.30645
0.0992856
-0.0548513
0.984439
-0.0469924
5.56163
-4.7705
-0.286798
33.1463
-280.29
26.1106
37.3744
-254.864
25.1445
35.6643
-189.758
20.4548
44.0181
-171.664
21.1274
24.1567
-76.2875
10.4066
17.218
-34.284
4.51905
-41.7877
-360.155
25.4527
-45.9019
-318.172
22.6024
-35.4249
-189.533
13.5475
-30.9148
-128.335
9.66314
-25.9384
-74.9445
5.86875
-19.0211
-34.005
1.73252
-3.49553
-506.013
40.9869
-3.15097
-322.456
27.047
-4.16254
-288.592
25.559
-2.78604
-167.336
16.5454
-5.34734
-115.048
11.9534
-6.96853
-50.1275
4.88091
3.88168
-415.511
34.4347
4.02804
-376.526
32.4259
3.32672
-278.646
25.6838
3.29449
-163.543
16.077
2.60055
-107.361
11.9239
1.48404
-47.0206
5.2566
6.99084
-13.1573
0.612345
4.36598
-26.6405
2.94407
