5.16227
-44.0761
4.32445
-6.50287
-66.0976
5.14631
-0.409764
-0.224881
-0.131946
0.190068
0.0275784
0.0739027
4.41991
-44.9594
4.31818
-7.61415
-67.4477
5.15894
-0.171351
-0.00887314
0.0918389
0.256767
-0.130976
-0.127354
10.2729
-71.7777
7.37947
10.0073
-55.2884
6.13583
11.6277
-48.8073
6.23596
5.93359
-18.7952
2.86096
5.90263
-13.1648
2.15899
3.52457
-4.66708
0.864342
-8.67865
-71.7044
5.60145
-8.57068
-55.1447
4.31784
-5.98158
-29.5459
2.16284
-8.45706
-30.2393
2.41224
-5.25795
-12.8866
0.749772
-3.22917
-4.48604
-0.538934
8.80824
-73.5157
7.34188
8.55787
-56.9591
6.00279
8.88332
-45.3859
5.18167
4.96475
-19.9079
2.23352
4.65217
-13.9659
1.62285
2.965
-4.61517
0.0405118
-10.166
-73.4569
5.6341
-10.0318
-56.8656
4.43097
-6.93145
-30.718
2.47868
-10.0769
-32.1303
3.07596
-6.74777
-13.7382
1.3479
-2.98784
-4.16691
0.193521
1.24646
-132.217
11.6427
1.88949
-1.98957
0.332315
9.56666
-89.0404
8.63413
-2.0915
-1.80701
-0.49619
-18.7242
-178.067
13.7448
0.494127
0.36508
-0.186451
-1.11066
-0.415889
0.219565
0.995796
-0.279994
0.146856
-0.629611
-89.9161
7.76485
1.89122
-2.136
-0.759644
-2.08108
-2.27184
0.449094
-0.076615
0.106835
-0.0652464
10.3126
-79.9981
8.01449
10.1798
-63.5293
6.74935
9.72515
-47.1447
5.52925
8.98903
-31.468
4.35741
6.86462
-18.652
2.92395
4.84643
-8.48881
1.41107
-8.67612
-79.9533
6.23847
-8.65479
-63.4257
4.95417
-8.38981
-47.0565
3.6611
-7.48772
-31.7815
2.27246
-6.00565
-18.3182
1.344
-4.36521
-8.21207
0.130744
13.2616
-122.635
11.9875
8.72181
-65.2252
6.67572
8.32877
-48.7613
5.30843
6.04916
-26.7293
3.1781
5.5435
-19.7587
2.36187
3.72746
-8.87469
0.804786
-10.1625
-81.7308
6.249
-10.1096
-65.1654
5.02463
-9.84886
-48.651
3.8486
-8.64765
-33.3083
2.84126
-7.46902
-19.5017
1.86938
-5.75189
-8.79669
0.834008
38.0286
-290.622
29.4717
46.3844
-280.806
30.3485
33.5467
-154.89
18.5786
17.9683
-65.1419
8.63526
21.0121
-54.4685
7.78768
12.6922
-16.4607
1.96885
-37.3329
-290.343
22.4904
-36.62
-224.17
17.5052
-27.4952
-130.566
9.8276
-34.288
-119.063
10.8359
-23.0763
-53.6845
4.30872
-13.5992
-19.6206
-0.670569
-3.88466
-440.853
38.9796
-4.20547
-341.29
31.361
-5.09446
-271.459
26.8303
-4.08553
-155.554
15.8355
-6.37157
-81.6434
9.04385
-4.93833
-19.2112
1.78597
4.67055
-430.352
38.9619
3.29887
-275.72
26.1848
3.68816
-234.471
24.4374
4.91976
-163.978
18.657
2.24026
-76.2401
9.06006
1.42581
-24.3471
2.53426
1.16377
-7.58345
0.775532
-0.639399
-3.39217
0.723962
0.436053
-356.143
31.0119
-11.1611
-9.46045
0.14934
-0.0586134
0.996289
-0.0560338
5.64029
-4.85447
-0.275508
33.4191
-283.103
28.0236
37.6888
-257.564
26.8805
35.9811
-191.926
21.7529
44.4394
-173.829
22.3145
24.4309
-77.336
10.9189
17.4369
-34.8091
4.73291
-42.1125
-363.772
28.1064
-46.2673
-321.549
24.971
-35.7257
-191.699
14.9831
-31.2154
-129.944
10.6658
-26.2243
-75.9815
6.47857
-19.2608
-34.5184
1.99699
-3.8817
-510.902
44.5375
-3.45324
-325.731
29.3213
-4.50501
-291.743
27.6128
-3.05849
-169.326
17.7596
-5.63338
-116.532
12.8023
-7.22025
-50.8472
5.25865
4.23506
-419.846
37.4185
4.4267
-380.703
35.154
3.69883
-282.007
27.7437
3.58576
-165.725
17.3237
2.88184
-108.997
12.7785
1.68478
-47.8287
5.63821
7.0219
-13.3798
0.690667
4.3819
-26.9566
3.12887
