5.22469
-44.4472
4.61983
-6.4961
-66.6543
5.62325
-0.413395
-0.227102
-0.133664
0.193523
0.02728
0.075691
4.41848
-45.3079
4.6136
-7.70352
-67.9707
5.63575
-0.174519
-0.0095038
0.0938443
0.258083
-0.131645
-0.129023
10.3983
-72.4211
7.85979
10.133
-55.8299
6.50618
11.7828
-49.3459
6.56913
6.02006
-19.0307
2.98758
6.00088
-13.3556
2.24676
3.58934
-4.74686
0.892809
-8.67015
-72.3479
6.12584
-8.56653
-55.685
4.72874
-5.98476
-29.8661
2.38733
-8.47209
-30.6247
2.66067
-5.27679
-13.069
0.855567
-3.24715
-4.55591
-0.509292
8.80597
-74.1148
7.82264
8.55887
-57.4592
6.37377
8.89111
-45.8285
5.47991
4.97487
-20.1167
2.35886
4.66593
-14.1298
1.70825
2.97554
-4.67865
0.0652484
-10.2852
-74.057
6.15775
-10.1508
-57.368
4.84034
-7.0208
-31.0158
2.70193
-10.2212
-32.4812
3.32445
-6.84936
-13.9054
1.45608
-3.038
-4.22553
0.217875
1.34632
-133.331
12.5627
1.92716
-2.02701
0.342901
9.62772
-89.76
9.22493
-2.10618
-1.83443
-0.488269
-18.834
-179.507
15.0162
0.509052
0.369568
-0.186884
-1.12414
-0.422682
0.220551
1.00722
-0.285504
0.145797
-0.690295
-90.6133
8.3782
1.90052
-2.1677
-0.754061
-2.11885
-2.30961
0.466617
-0.0815935
0.108003
-0.0641246
10.4376
-80.6908
8.55028
10.3056
-64.1225
7.17422
9.85044
-47.6322
5.84667
9.10958
-31.8388
4.5736
6.97281
-18.904
3.04979
4.93081
-8.62135
1.46556
-8.66711
-80.6464
6.81915
-8.6479
-64.0185
5.42156
-8.38941
-47.5418
4.0158
-7.49611
-32.1491
2.52057
-6.02172
-18.5632
1.4945
-4.38505
-8.33513
0.19576
13.2574
-123.607
12.7915
8.72077
-65.7752
7.10135
8.33276
-49.2103
5.62654
6.05819
-27.0033
3.35314
5.55659
-19.9787
2.4865
3.74014
-8.98461
0.855664
-10.2816
-82.3792
6.82932
-10.2286
-65.7173
5.49092
-9.96767
-49.1025
4.20174
-8.76608
-33.6493
3.08784
-7.57861
-19.7253
2.02104
-5.84075
-8.9119
0.902941
38.2749
-293.107
31.3933
46.7008
-283.409
32.1979
33.7974
-156.491
19.6096
18.1247
-65.8824
9.05581
21.232
-55.1743
8.13017
12.8425
-16.7107
2.05939
-37.5548
-292.829
24.5854
-36.8501
-226.253
19.1433
-27.694
-131.902
10.7963
-34.5818
-120.46
11.7736
-23.3085
-54.378
4.73053
-13.763
-19.8931
-0.554898
-4.24471
-444.451
41.9933
-4.54777
-344.299
33.7015
-5.45442
-274.116
28.7238
-4.37985
-157.224
16.9347
-6.6291
-82.6275
9.62908
-5.089
-19.4838
1.93283
5.06916
-434.214
41.9773
3.61809
-278.427
28.1433
4.03941
-237.047
26.1386
5.26686
-166.07
19.899
2.48099
-77.3466
9.64965
1.58389
-24.7623
2.72216
1.25665
-7.71934
0.825205
-0.679015
-3.45059
0.76509
0.447912
-359.022
33.4655
-11.3061
-9.60317
0.19856
-0.0623564
1.00648
-0.0650262
5.71117
-4.93327
-0.263549
33.6334
-285.449
29.8989
37.9379
-259.85
28.5804
36.2368
-193.797
23.0217
44.7877
-175.739
23.4713
24.668
-78.2772
11.4167
17.6309
-35.2897
4.94092
-42.3599
-366.79
30.7182
-46.5485
-324.409
27.3019
-35.9628
-193.568
16.3957
-31.463
-131.361
11.6509
-26.468
-76.9133
7.07713
-19.4713
-34.987
2.25733
-4.26009
-514.952
48.0254
-3.74842
-328.486
31.5541
-4.8384
-294.445
29.6271
-3.32533
-171.069
18.9474
-5.90902
-117.858
13.632
-7.46015
-51.5037
5.62838
4.5846
-423.483
40.3496
4.822
-384.263
37.8326
4.06897
-284.928
29.7641
3.87381
-167.662
18.5455
3.16089
-110.482
13.6144
1.88423
-48.5744
6.01156
7.04328
-13.5878
0.76844
4.39055
-27.2329
3.30939
