5.25265
-44.6053
4.76516
-6.4884
-66.8915
5.85845
-0.414977
-0.228085
-0.134451
0.195147
0.0271135
0.0765466
4.41497
-45.4546
4.75896
-7.74318
-68.1907
5.87087
-0.176009
-0.00981642
0.0947943
0.258603
-0.131914
-0.129783
10.4545
-72.6985
8.09603
10.1896
-56.0672
6.68816
11.8533
-49.5863
6.73248
6.05977
-19.1375
3.04942
6.04664
-13.4437
2.28963
3.61978
-4.78422
0.90667
-8.66014
-72.6255
6.38449
-8.5588
-55.9217
4.93147
-5.98248
-30.0087
2.49824
-8.47431
-30.8
2.78334
-5.28304
-13.153
0.907959
-3.25426
-4.58837
-0.494196
8.79927
-74.3697
8.05912
8.55402
-57.6754
6.55616
8.88953
-46.0236
5.62644
4.97696
-20.2099
2.4205
4.67015
-14.2043
1.75026
2.97914
-4.70813
0.0777142
-10.3381
-74.3124
6.416
-10.2038
-57.5853
5.04221
-7.06106
-31.1469
2.81197
-10.2871
-32.6387
3.44666
-6.89614
-13.9815
1.50927
-3.06137
-4.25269
0.22989
1.39567
-133.805
13.0159
1.94497
-2.04467
0.348064
9.6522
-90.0648
9.51562
-2.11233
-1.84714
-0.484051
-18.8765
-180.116
15.6432
0.516245
0.371609
-0.18698
-1.13025
-0.425844
0.220904
1.01239
-0.288124
0.145194
-0.720103
-90.9067
8.68032
1.90411
-2.18259
-0.750768
-2.13656
-2.32737
0.475079
-0.0840399
0.108513
-0.0635265
10.4936
-80.9876
8.81385
10.3622
-64.3802
7.38311
9.90707
-47.8476
6.00253
9.16439
-32.0059
4.67948
7.02292
-19.0194
3.11127
4.97028
-8.68294
1.49217
-8.65684
-80.9433
7.10554
-8.63871
-64.276
5.65213
-8.38371
-47.7562
4.19085
-7.49553
-32.3143
2.6432
-6.02608
-18.6753
1.56887
-4.39238
-8.3921
0.228137
13.2469
-124.018
13.187
8.71476
-66.011
7.31067
8.32957
-49.4062
5.78291
6.05901
-27.125
3.4391
5.55993
-20.0778
2.54775
3.74439
-9.03495
0.880828
-10.3345
-82.6535
7.11552
-10.2815
-65.954
5.72087
-10.0207
-49.2996
4.37585
-8.81989
-33.8009
3.20927
-7.62888
-19.8263
2.09564
-5.88182
-8.96488
0.936824
38.374
-294.171
32.3385
46.83
-284.542
33.1069
33.9022
-157.2
20.1156
18.1922
-66.2155
9.26183
21.33
-55.4974
8.29787
12.9106
-16.8272
2.10403
-37.6411
-293.894
25.6186
-36.9412
-227.16
19.9513
-27.7758
-132.493
11.2745
-34.7074
-121.092
12.2353
-23.4107
-54.6952
4.93858
-13.837
-20.0188
-0.496854
-4.42148
-445.982
43.4776
-4.71551
-345.601
34.854
-5.63055
-275.288
29.6556
-4.52404
-157.972
17.4756
-6.7537
-83.0758
9.91682
-5.16142
-19.6106
2.00533
5.26641
-435.88
43.4625
3.77647
-279.613
29.1077
4.21367
-238.196
26.9754
5.43806
-167.022
20.5099
2.60053
-77.8572
9.93968
1.66237
-24.9567
2.81494
1.30255
-7.78327
0.849746
-0.698455
-3.47835
0.785289
0.454105
-360.241
34.6741
-11.3722
-9.6696
0.222927
-0.0642152
1.01095
-0.0695084
5.74346
-4.97033
-0.257221
33.7194
-286.447
30.8215
38.0388
-260.836
29.4163
36.3424
-194.618
23.645
44.9347
-176.594
24.0386
24.7723
-78.7046
11.6603
17.718
-35.5114
5.04296
-42.4558
-368.075
32.0063
-46.6587
-325.644
28.4515
-36.0582
-194.389
17.0925
-31.5672
-131.994
12.1366
-26.5739
-77.3368
7.37218
-19.5652
-35.2026
2.38606
-4.446
-516.665
49.7435
-3.89316
-329.667
32.6537
-5.00156
-295.625
30.6188
-3.45649
-171.844
19.5314
-6.04293
-118.457
14.0399
-7.57563
-51.8054
5.81048
4.75745
-425.042
41.7935
5.0178
-385.81
39.1518
4.25272
-286.22
30.7587
4.0163
-168.533
19.1469
3.29929
-111.163
14.0254
1.98336
-48.9208
6.19537
7.05005
-13.6854
0.807298
4.39221
-27.3555
3.39805
