5.3022
-44.8672
5.05074
-6.46492
-67.2844
6.32153
-0.417637
-0.229773
-0.135872
0.198173
0.0267467
0.0781768
4.40268
-45.6934
5.0446
-7.81278
-68.549
6.33377
-0.178785
-0.0104346
0.0965836
0.259333
-0.132305
-0.131144
10.5543
-73.1649
8.56019
10.2906
-56.4736
7.04555
11.9801
-50.0073
7.05275
6.13204
-19.3283
3.17029
6.13116
-13.6037
2.37343
3.67651
-4.85322
0.933725
-8.62932
-73.0923
6.89389
-8.53267
-56.3273
5.33097
-5.97048
-30.2576
2.71711
-8.4683
-31.1137
3.02544
-5.28908
-13.3051
1.01175
-3.26452
-4.64774
-0.463371
8.77537
-74.7907
8.52383
8.53409
-58.0393
6.91454
8.87573
-46.3597
5.91422
4.97523
-20.3728
2.54174
4.67308
-14.337
1.83299
2.98279
-4.76194
0.102959
-10.431
-74.7346
6.92455
-10.2971
-57.9516
5.43981
-7.13291
-31.3724
3.0287
-10.4065
-32.9158
3.68698
-6.98147
-14.1178
1.61388
-3.10451
-4.30222
0.253647
1.49294
-134.591
13.9073
1.97839
-2.07758
0.358172
9.68957
-90.5654
10.0869
-2.12206
-1.87032
-0.475029
-18.9379
-181.118
16.8776
0.530078
0.375279
-0.186916
-1.14112
-0.431656
0.221313
1.02154
-0.293055
0.143835
-0.77855
-91.3844
9.2746
1.90897
-2.21006
-0.743046
-2.16953
-2.36033
0.491425
-0.0888528
0.109389
-0.0622443
10.5929
-81.4825
9.33177
10.4627
-64.8174
7.79346
10.0085
-48.2205
6.30844
9.26313
-32.3014
4.88688
7.11494
-19.2275
3.23149
5.04349
-8.79575
1.54423
-8.62552
-81.4386
7.66945
-8.60957
-64.7131
6.10635
-8.36187
-48.1272
4.53595
-7.48509
-32.6058
2.88538
-6.0274
-18.8772
1.71585
-4.40169
-8.49597
0.292686
13.2102
-124.691
13.9643
8.69233
-66.404
7.72199
8.31323
-49.7395
6.09011
6.05343
-27.3369
3.60793
5.56002
-20.2529
2.66817
3.74843
-9.12543
0.930714
-10.4273
-83.1031
7.67903
-10.3745
-66.3489
6.17374
-10.1144
-49.6355
4.71881
-8.91673
-34.0644
3.44834
-7.72024
-20.0055
2.24237
-5.95701
-9.06063
1.00349
38.5263
-295.945
34.1956
47.0322
-286.466
34.8925
34.0711
-158.432
21.1087
18.3057
-66.8033
9.66561
21.5009
-56.0786
8.62665
13.0316
-17.0409
2.19233
-37.7668
-295.671
27.6533
-37.0774
-228.702
21.5431
-27.905
-133.517
12.2176
-34.9163
-122.212
13.1445
-23.5868
-55.2656
5.34909
-13.9685
-20.2469
-0.380086
-4.76796
-448.513
46.3975
-5.04387
-347.794
37.1212
-5.97492
-277.308
31.488
-4.80626
-159.285
18.54
-6.99458
-83.8774
10.483
-5.30034
-19.8424
2.14872
5.6556
-438.68
46.3843
4.08969
-281.645
31.005
4.55846
-240.206
28.6209
5.7751
-168.726
21.7113
2.83754
-78.7853
10.5106
1.81816
-25.3153
2.9985
1.39329
-7.90162
0.898409
-0.736638
-3.5303
0.825024
0.466864
-362.244
37.0516
-11.491
-9.79121
0.271319
-0.0678958
1.01865
-0.0784528
5.80132
-5.03891
-0.24368
33.851
-288.098
32.6343
38.1949
-262.496
31.0586
36.51
-196.028
24.8688
45.1752
-178.095
25.151
24.9519
-79.4669
12.1375
17.8716
-35.9135
5.24356
-42.5946
-370.201
34.5426
-46.8209
-327.722
30.7159
-36.204
-195.798
18.4657
-31.7367
-133.105
13.0937
-26.7533
-78.0929
7.95383
-19.7293
-35.593
2.64087
-4.81061
-519.473
53.1231
-4.17657
-331.638
34.8169
-5.3206
-297.636
32.5695
-3.71402
-173.194
20.6791
-6.30299
-119.518
14.8419
-7.79762
-52.3505
6.1696
5.0983
-427.642
44.6337
5.40444
-388.436
41.747
4.61639
-288.456
32.7152
4.29755
-170.073
20.3302
3.57322
-112.391
14.8341
2.18021
-49.5552
6.5577
7.05515
-13.8654
0.885294
4.39031
-27.5686
3.57212
