5.32387
-44.9712
5.19087
-6.44936
-67.4405
6.5491
-0.418702
-0.230469
-0.136503
0.19957
0.0265467
0.0789494
4.39403
-45.7858
5.18476
-7.84287
-68.6876
6.56125
-0.180068
-0.0107395
0.097421
0.259532
-0.132418
-0.13174
10.5981
-73.3539
8.78795
10.335
-56.6425
7.22086
12.0365
-50.1871
7.20967
6.16456
-19.4116
3.22936
6.16979
-13.6752
2.41442
3.70272
-4.8846
0.946948
-8.6088
-73.2815
7.14433
-8.51453
-56.4959
5.52752
-5.96089
-30.3634
2.82498
-8.46012
-31.2512
3.14484
-5.2888
-13.3728
1.06316
-3.26758
-4.67442
-0.447608
8.75842
-74.9569
8.75187
8.51922
-58.1868
7.09042
8.86365
-46.5002
6.05544
4.97142
-20.4421
2.60135
4.6717
-14.3948
1.87375
2.98272
-4.78601
0.115783
-10.4712
-74.9015
7.17455
-10.3376
-58.1004
5.63536
-7.16455
-31.4665
3.13532
-10.4599
-33.0346
3.8051
-7.01994
-14.1774
1.66534
-3.12423
-4.32441
0.265409
1.54074
-134.903
14.345
1.99393
-2.09268
0.363133
9.70266
-90.7618
10.3672
-2.12558
-1.88067
-0.470196
-18.9573
-181.511
17.4842
0.536713
0.376907
-0.186749
-1.14585
-0.434289
0.221364
1.02549
-0.295351
0.143075
-0.807154
-91.5693
9.5664
1.91016
-2.2225
-0.738569
-2.18472
-2.37541
0.499315
-0.0912215
0.109756
-0.0615555
10.6363
-81.6808
9.5859
10.5069
-64.9967
7.9948
10.0533
-48.3775
6.45845
9.30706
-32.4293
4.98842
7.15676
-19.3194
3.29028
5.07712
-8.84657
1.56972
-8.60476
-81.6372
7.94662
-8.5899
-64.8923
6.32973
-8.34595
-48.2833
4.70583
-7.47534
-32.7314
3.00484
-6.02433
-18.9663
1.78844
-4.40357
-8.5425
0.324881
13.1843
-124.954
14.3457
8.67614
-66.5611
7.92385
8.30024
-49.8766
6.24089
6.04708
-27.4265
3.69079
5.55673
-20.3283
2.72738
3.74813
-9.1652
0.955475
-10.4674
-83.2788
7.956
-10.4147
-66.507
6.39642
-10.1552
-49.7739
4.88752
-8.95978
-34.1757
3.56592
-7.76127
-20.0831
2.31452
-5.99103
-9.10305
1.0363
38.5801
-296.655
35.1069
47.106
-287.256
35.7686
34.1357
-158.953
21.5958
18.3516
-67.0566
9.86343
21.5736
-56.3348
8.7879
13.0843
-17.1372
2.23611
-37.8071
-296.382
28.6536
-37.1233
-229.335
22.3261
-27.9528
-133.949
12.6821
-34.9996
-122.698
13.5918
-23.6604
-55.5169
5.55161
-14.0257
-20.3484
-0.321258
-4.9375
-449.512
47.8317
-5.20439
-348.684
38.2351
-6.1431
-278.153
32.3883
-4.94424
-159.846
19.0634
-7.1109
-84.2278
10.7616
-5.3668
-19.9465
2.21972
5.84706
-439.816
47.8194
4.24411
-282.491
31.9372
4.72857
-241.064
29.4293
5.94066
-169.473
22.3018
2.95483
-79.1996
10.7917
1.89542
-25.4782
3.08942
1.43815
-7.95549
0.922596
-0.755395
-3.55422
0.844584
0.473356
-363.029
38.219
-11.5434
-9.84582
0.295403
-0.0697128
1.02188
-0.0829176
5.8267
-5.07011
-0.2364
33.8972
-288.752
33.5238
38.2508
-263.168
31.8644
36.5726
-196.615
25.4692
45.269
-178.737
25.6963
25.0268
-79.7994
12.3713
17.9376
-36.0924
5.34225
-42.6385
-371.043
35.7892
-46.874
-328.565
31.8295
-36.2553
-196.385
19.1415
-31.8023
-133.579
13.5649
-26.8267
-78.4231
8.24043
-19.7993
-35.7662
2.76704
-4.98909
-520.57
54.7829
-4.31514
-332.427
35.8796
-5.47642
-298.464
33.5279
-3.84029
-173.765
21.2427
-6.42917
-119.977
15.2362
-7.90411
-52.5915
6.34679
5.26588
-428.684
46.0285
5.59479
-389.513
43.0219
4.79582
-289.398
33.6765
4.43602
-170.738
20.912
3.7085
-112.935
15.2317
2.27781
-49.8408
6.73637
7.05325
-13.9471
0.924553
4.3868
-27.6586
3.65753
