5.34353
-45.0573
5.32912
-6.4314
-67.5697
6.77382
-0.41958
-0.231059
-0.137078
0.200885
0.026336
0.0796925
4.38379
-45.8604
5.32304
-7.86992
-68.7996
6.78587
-0.181276
-0.0110412
0.0982191
0.259611
-0.132473
-0.132277
10.6378
-73.5135
9.01269
10.3755
-56.7883
7.39387
12.0882
-50.3459
7.36443
6.19466
-19.4867
3.28754
6.20594
-13.7406
2.45483
3.72741
-4.91373
0.959983
-8.58508
-73.4413
7.39173
-8.49318
-56.6414
5.72181
-5.94899
-30.4567
2.93175
-8.44853
-31.3752
3.26309
-5.2863
-13.4346
1.11425
-3.26921
-4.69894
-0.431589
8.73829
-75.0939
8.97691
8.50121
-58.3113
7.26403
8.84822
-46.6218
6.19485
4.96564
-20.503
2.66028
4.66837
-14.4465
1.91413
2.98133
-4.80803
0.128767
-10.5073
-75.039
7.4215
-10.3741
-58.226
5.82862
-7.19337
-31.5478
3.24075
-10.5092
-33.1397
3.92185
-7.05557
-14.2311
1.71623
-3.14267
-4.34476
0.277105
1.58791
-135.162
14.7771
2.00867
-2.1068
0.368043
9.71214
-90.9225
10.6437
-2.12815
-1.89012
-0.465129
-18.9695
-181.832
18.0832
0.543156
0.378397
-0.186486
-1.15008
-0.436731
0.22131
1.029
-0.297523
0.14226
-0.835325
-91.7186
9.85444
1.91049
-2.23398
-0.733651
-2.19901
-2.38948
0.507022
-0.0935665
0.110076
-0.0608319
10.6758
-81.8467
9.83666
10.547
-65.1497
8.19349
10.0943
-48.5146
6.60647
9.34737
-32.5434
5.08855
7.19571
-19.403
3.34821
5.1087
-8.8934
1.59488
-8.5808
-81.8033
8.22036
-8.56701
-65.0454
6.55047
-8.32685
-48.4194
4.87383
-7.46264
-32.8432
3.12316
-6.01879
-19.0471
1.86043
-4.40357
-8.58519
0.357038
13.1536
-125.168
14.7221
8.65679
-66.6921
8.12307
8.28417
-49.9938
6.38973
6.03839
-27.5049
3.77261
5.55119
-20.3953
2.78593
3.74622
-9.20108
0.980137
-10.5034
-83.422
8.22953
-10.451
-66.6389
6.61643
-10.192
-49.8924
5.05429
-8.99927
-34.2732
3.68219
-7.79918
-20.1522
2.38587
-6.02261
-9.14159
1.06878
38.6196
-297.247
36.0061
47.1621
-287.93
36.6333
34.1873
-159.407
22.0764
18.3903
-67.2818
10.0586
21.6374
-56.5668
8.94715
13.1315
-17.2258
2.2797
-37.8329
-296.976
29.6418
-37.155
-229.876
23.1
-27.9897
-134.326
13.1417
-35.0689
-123.131
14.0343
-23.7243
-55.7443
5.75235
-14.0771
-20.4409
-0.262067
-5.10445
-450.336
49.2477
-5.36241
-349.435
39.3352
-6.3086
-278.884
33.2778
-5.08011
-160.34
19.581
-7.22449
-84.5425
11.0372
-5.43124
-20.0421
2.29033
6.0361
-440.775
49.2363
4.39679
-283.221
32.8579
4.89686
-241.821
30.2277
6.10407
-170.146
22.8855
3.07119
-79.5788
11.0699
1.97222
-25.6291
3.17985
1.48265
-8.00543
0.946724
-0.773937
-3.5766
0.863954
0.479868
-363.672
39.3714
-11.5909
-9.89596
0.31945
-0.0715112
1.02469
-0.0873791
5.84961
-5.09901
-0.228737
33.9308
-289.292
34.4015
38.2924
-263.736
32.6597
36.6213
-197.122
26.0617
45.3454
-179.305
26.2343
25.0918
-80.098
12.602
17.9963
-36.2555
5.43996
-42.6662
-371.738
37.0203
-46.9092
-329.276
32.9298
-36.2925
-196.891
19.8097
-31.8553
-133.997
14.031
-26.8892
-78.72
8.52422
-19.8611
-35.9238
2.89245
-5.1649
-521.464
56.4214
-4.45155
-333.085
36.9289
-5.62975
-299.173
34.4747
-3.96485
-174.265
21.7994
-6.5528
-120.385
15.626
-8.0076
-52.81
6.52249
5.43131
-429.555
47.4055
5.78282
-390.433
44.2809
4.97332
-290.221
34.6261
4.57287
-171.33
21.487
3.84248
-113.429
15.6251
2.3748
-50.1038
6.91348
7.04822
-14.0226
0.964061
4.38162
-27.7373
3.74185
