5.36121
-45.1258
5.46543
-6.41115
-67.6725
6.99555
-0.420265
-0.231541
-0.137595
0.202117
0.0261148
0.0804052
4.37203
-45.9174
5.45938
-7.89398
-68.8851
7.0075
-0.182408
-0.0113393
0.0989769
0.259566
-0.132464
-0.132753
10.6735
-73.6437
9.23434
10.4122
-56.9108
7.56453
12.1354
-50.4834
7.51702
6.22231
-19.5532
3.34483
6.23956
-13.7997
2.49467
3.75055
-4.94049
0.972841
-8.5583
-73.5718
7.63594
-8.46875
-56.7637
5.91373
-5.93484
-30.537
3.03738
-8.43357
-31.4854
3.38019
-5.28154
-13.4902
1.16503
-3.26937
-4.72121
-0.415302
8.7151
-75.2015
9.19886
8.48016
-58.4125
7.4353
8.82948
-46.7243
6.33242
4.9579
-20.5552
2.71853
4.66304
-14.492
1.95414
2.97858
-4.82786
0.141929
-10.5395
-75.1473
7.66527
-10.4066
-58.3285
6.01949
-7.2194
-31.6162
3.34495
-10.5542
-33.2308
4.03724
-7.08832
-14.2785
1.76658
-3.15981
-4.36319
0.288745
1.6344
-135.367
15.2033
2.02257
-2.11987
0.372906
9.71811
-91.0479
10.9164
-2.12975
-1.89864
-0.459816
-18.9747
-182.083
18.6742
0.549405
0.379747
-0.186126
-1.1538
-0.438973
0.221149
1.03206
-0.299564
0.141389
-0.863049
-91.8326
10.1385
1.9099
-2.24442
-0.72827
-2.21239
-2.40248
0.514548
-0.0958887
0.110349
-0.0600714
10.7112
-81.9801
10.0839
10.5833
-65.2765
8.38947
10.1315
-48.6315
6.75247
9.38407
-32.6435
5.18725
7.23176
-19.4779
3.40531
5.13816
-8.93607
1.61971
-8.55378
-81.937
8.49051
-8.54105
-65.1722
6.76844
-8.30468
-48.5355
5.03987
-7.44706
-32.9409
3.24029
-6.01075
-19.1194
1.9318
-4.40163
-8.62387
0.389165
13.1184
-125.334
15.0932
8.63438
-66.7968
8.31958
8.26507
-50.0908
6.53659
6.0274
-27.5718
3.85338
5.54336
-20.4535
2.84383
3.74265
-9.23289
1.00471
-10.5355
-83.5329
8.49948
-10.4832
-66.7445
6.83366
-10.2249
-49.9907
5.21907
-9.03521
-34.3563
3.79711
-7.83394
-20.2127
2.45643
-6.0517
-9.17607
1.10094
38.6451
-297.723
36.893
47.2009
-288.489
37.4863
34.226
-159.796
22.5505
18.4218
-67.4782
10.2511
21.6923
-56.7735
9.10445
13.1731
-17.3063
2.32315
-37.8448
-297.453
30.6172
-37.1727
-230.324
23.8645
-28.0158
-134.646
13.5963
-35.1241
-123.512
14.4719
-23.7784
-55.9468
5.95133
-14.1224
-20.5239
-0.202469
-5.26877
-450.984
50.6448
-5.51792
-350.048
40.4211
-6.4714
-279.502
34.1561
-5.21384
-160.767
20.0926
-7.33536
-84.8202
11.31
-5.49365
-20.1285
2.36058
6.2225
-441.558
50.6344
4.54751
-283.834
33.7668
5.06312
-242.476
31.0162
6.26518
-170.745
23.4624
3.18652
-79.9213
11.3453
2.04855
-25.7674
3.26985
1.52681
-8.05121
0.97082
-0.792271
-3.59731
0.883145
0.486354
-364.174
40.508
-11.6333
-9.94134
0.343487
-0.0732887
1.02709
-0.0918381
5.86996
-5.12548
-0.220664
33.9522
-289.719
35.267
38.3201
-264.198
33.4441
36.6565
-197.548
26.6462
45.4044
-179.797
26.765
25.1465
-80.3616
12.8296
18.0474
-36.4022
5.53674
-42.6782
-372.288
38.2353
-46.9269
-329.857
34.0162
-36.3159
-197.318
20.47
-31.8957
-134.36
14.492
-26.9408
-78.9824
8.80519
-19.9144
-36.0651
3.01714
-5.33793
-522.156
58.0377
-4.58577
-333.611
37.9645
-5.78058
-299.761
35.4095
-4.08765
-174.693
22.3492
-6.67392
-120.742
16.0114
-8.10808
-53.0051
6.69678
5.59438
-430.257
48.7639
5.96828
-391.195
45.5234
5.14865
-290.923
35.5637
4.70796
-171.849
22.0552
3.97504
-113.873
16.014
2.47112
-50.3432
7.08909
7.03997
-14.0915
1.00387
4.37478
-27.8045
3.82506
