5.39074
-45.2101
5.73197
-6.36421
-67.7991
7.4295
-0.421032
-0.232163
-0.138453
0.20432
0.0256417
0.0817359
4.34414
-45.979
5.72598
-7.93347
-68.9775
7.44124
-0.184436
-0.0119234
0.100368
0.25908
-0.132244
-0.133513
10.7334
-73.8164
9.66798
10.4738
-57.0858
7.89856
12.2158
-50.6931
7.81564
6.27021
-19.6598
3.45683
6.29896
-13.8981
2.57271
3.79201
-4.98644
0.998059
-8.49612
-73.745
8.11425
-8.41115
-56.9383
6.2901
-5.90007
-30.6586
3.24499
-8.39363
-31.6626
3.6108
-5.2652
-13.5822
1.26562
-3.26512
-4.75856
-0.381866
8.66
-75.3295
9.63308
8.42931
-58.5452
7.77061
8.78237
-46.871
6.60193
4.93656
-20.6331
2.83296
4.64625
-14.5631
2.03306
2.96879
-4.86052
0.168849
-10.5922
-75.2765
8.1427
-10.4602
-58.4635
6.39375
-7.26322
-31.7138
3.54954
-10.6317
-33.3692
4.26389
-7.14504
-14.3538
1.86568
-3.19006
-4.39391
0.311889
1.72511
-135.62
16.0369
2.04774
-2.14266
0.382516
9.7199
-91.1937
11.4496
-2.1299
-1.91265
-0.448403
-18.965
-182.375
19.8309
0.561307
0.382024
-0.185103
-1.15965
-0.442828
0.220494
1.03674
-0.303225
0.13947
-0.917111
-91.956
10.6943
1.90588
-2.26195
-0.716046
-2.23628
-2.42505
0.529072
-0.100468
0.110761
-0.0584323
10.7705
-82.1504
10.5675
10.6441
-65.4509
8.77298
10.1944
-48.8041
7.03828
9.44667
-32.8005
5.3804
7.29498
-19.6004
3.51705
5.19056
-9.00819
1.66847
-8.49117
-82.1079
9.01939
-8.48045
-65.3468
7.19559
-8.25157
-48.7066
5.36578
-7.40745
-33.0928
3.47079
-5.9872
-19.2373
2.07267
-4.39184
-8.68855
0.453363
13.0348
-125.522
15.819
8.58082
-66.9276
8.70417
8.21813
-50.2237
6.82424
5.99862
-27.6706
4.01172
5.52077
-20.5427
2.95766
3.73036
-9.28363
1.05366
-10.5881
-83.6587
9.02796
-10.5363
-66.8771
7.25936
-10.2795
-50.1263
5.54237
-9.09651
-34.4789
4.02284
-7.89393
-20.3066
2.59517
-6.10227
-9.23224
1.16434
38.6554
-298.323
38.6281
47.2279
-289.255
39.1561
34.2653
-160.371
23.4789
18.4631
-67.7819
10.6282
21.7745
-57.1076
9.41339
13.2389
-17.4415
2.40971
-37.8285
-298.057
32.5276
-37.1682
-230.941
25.3636
-28.0365
-135.118
14.4895
-35.1928
-124.108
15.3322
-23.8566
-56.2739
6.34408
-14.1944
-20.6601
-0.0818825
-5.58924
-451.756
53.3797
-5.82129
-350.853
42.5487
-6.78888
-280.388
35.8786
-5.47484
-161.411
21.0977
-7.54905
-85.2592
11.8472
-5.61229
-20.2725
2.50016
6.58638
-442.597
53.3711
4.84228
-284.712
35.5474
5.38876
-243.472
32.5621
6.57995
-171.709
24.5956
3.41373
-80.4912
11.8878
2.19966
-26.0036
3.4487
1.61406
-8.12923
1.019
-0.828334
-3.63324
0.921017
0.499056
-364.758
42.7315
-11.7027
-10.0169
0.391631
-0.0767723
1.03065
-0.100751
5.90266
-5.17048
-0.20319
33.9593
-290.236
36.9598
38.3349
-264.808
34.9792
36.6868
-198.156
27.7906
45.471
-180.547
27.8044
25.225
-80.7795
13.2757
18.1261
-36.6432
5.72766
-42.657
-372.956
40.614
-46.9124
-330.623
36.1453
-36.3231
-197.926
21.7659
-31.9396
-134.909
15.3981
-27.0109
-79.3996
9.35863
-19.9955
-36.2963
3.26446
-5.67543
-522.939
61.2007
-4.84751
-334.272
39.9925
-6.07472
-300.57
37.2419
-4.32788
-175.325
23.4276
-6.90868
-121.294
16.7689
-8.30001
-53.3206
7.0413
5.91263
-431.153
51.422
6.33056
-392.245
47.9566
5.49184
-291.96
37.4016
4.97227
-172.659
23.1706
4.23536
-114.599
16.7788
2.66151
-50.747
7.43596
7.01336
-14.2081
1.08453
4.35625
-27.9035
3.98812
