5.40267
-45.2262
5.86206
-6.33773
-67.8233
7.64147
-0.421103
-0.232296
-0.138791
0.205285
0.0253902
0.0823521
4.32813
-45.9839
5.8561
-7.94904
-68.9849
7.6531
-0.185327
-0.0122088
0.101
0.258629
-0.132028
-0.133794
10.7576
-73.859
9.87977
10.499
-57.138
8.06183
12.2491
-50.7648
7.96161
6.29043
-19.6994
3.51154
6.32465
-13.937
2.61093
3.81024
-5.00542
1.01043
-8.46098
-73.7879
8.34809
-8.37822
-56.9904
6.47437
-5.87956
-30.6994
3.3469
-8.36873
-31.729
3.72426
-5.25358
-13.6182
1.31544
-3.26066
-4.77346
-0.364696
8.62829
-75.35
9.84516
8.39969
-58.5764
7.93453
8.75412
-46.9148
6.7338
4.92297
-20.6584
2.88912
4.63472
-14.5884
2.07199
2.96167
-4.87314
0.182631
-10.613
-75.2976
8.37611
-10.4814
-58.4959
6.57697
-7.28107
-31.7426
3.64987
-10.6641
-33.416
4.37514
-7.16895
-14.3813
1.91444
-3.20312
-4.40607
0.323408
1.76923
-135.669
16.444
2.05896
-2.15227
0.38727
9.71588
-91.2148
11.7098
-2.12841
-1.91806
-0.442282
-18.9506
-182.417
20.3959
0.566954
0.38295
-0.184435
-1.16176
-0.444429
0.219998
1.03833
-0.304831
0.138421
-0.943433
-91.9659
10.9657
1.90238
-2.26891
-0.709169
-2.24675
-2.43451
0.536076
-0.102726
0.110899
-0.0575502
10.7945
-82.1877
10.8037
10.6688
-65.4986
8.96037
10.2203
-48.8595
7.17801
9.47257
-32.8568
5.47484
7.32207
-19.6476
3.57171
5.21339
-9.03734
1.6924
-8.45583
-82.1454
9.27782
-8.44607
-65.3946
7.40456
-8.22085
-48.7612
5.52549
-7.38354
-33.1465
3.58409
-5.9717
-19.2825
2.14215
-4.38393
-8.71425
0.485446
12.9868
-125.544
16.1734
8.54987
-66.9538
8.8921
8.19044
-50.2594
6.96492
5.98088
-27.702
4.08926
5.50598
-20.5732
3.01359
3.72157
-9.30225
1.07804
-10.6088
-83.674
9.28619
-10.5572
-66.9041
7.4676
-10.3012
-50.1632
5.70077
-9.1219
-34.5179
4.13361
-7.91914
-20.3396
2.66336
-6.12368
-9.25362
1.1956
38.6409
-298.449
39.4755
47.2168
-289.462
39.9724
34.2662
-160.555
23.933
18.4728
-67.888
10.8127
21.8015
-57.2334
9.56507
13.2628
-17.4953
2.45289
-37.8011
-298.184
33.4615
-37.1467
-231.109
26.0975
-28.0315
-135.267
14.9278
-35.2064
-124.322
15.7548
-23.8806
-56.397
6.53786
-14.221
-20.7125
-0.0208234
-5.74531
-451.882
54.7162
-5.96913
-351.045
43.5895
-6.94358
-280.654
36.7223
-5.6021
-161.624
21.591
-7.6519
-85.4181
12.1116
-5.66849
-20.3291
2.56955
6.76342
-442.854
54.7085
4.98592
-284.975
36.4185
5.54773
-243.811
33.3193
6.73332
-172.07
25.1516
3.5254
-80.716
12.155
2.27438
-26.1005
3.53763
1.65714
-8.16102
1.04312
-0.846072
-3.64823
0.939712
0.50517
-364.842
43.8172
-11.7294
-10.0466
0.415781
-0.0784743
1.03181
-0.105205
5.91487
-5.18874
-0.193748
33.9457
-290.327
37.7863
38.3225
-264.955
35.7294
36.6824
-198.337
28.3503
45.4789
-180.802
28.313
25.2485
-80.9319
13.4942
18.1534
-36.7363
5.82186
-42.6249
-373.074
41.7763
-46.8811
-330.809
37.1869
-36.3075
-198.106
22.4009
-31.9433
-135.095
15.843
-27.0295
-79.5525
9.63108
-20.0229
-36.385
3.38714
-5.83977
-523.034
62.7456
-4.97499
-334.406
40.984
-6.21802
-300.79
38.1389
-4.44525
-175.527
23.956
-7.02238
-121.486
17.1409
-8.39145
-53.4392
7.21162
6.06744
-431.35
52.7204
6.50689
-392.533
49.1463
5.65924
-292.293
38.3013
5.10123
-172.947
23.7175
4.36288
-114.88
17.1546
2.75545
-50.9095
7.60729
6.99483
-14.2551
1.12546
4.34459
-27.935
4.06793
