5.42098
-45.207
6.11556
-6.2792
-67.7946
8.05476
-0.420598
-0.232191
-0.139276
0.206934
0.0248586
0.0834821
4.2922
-45.9427
6.10967
-7.97211
-68.9231
8.0662
-0.186854
-0.0127646
0.102133
0.257292
-0.131366
-0.134151
10.795
-73.8571
10.2929
10.5382
-57.1714
8.38059
12.3021
-50.8404
8.24675
6.32334
-19.7506
3.61839
6.36781
-13.9932
2.68576
3.84151
-5.03492
1.03472
-8.38325
-73.7866
8.8045
-8.30465
-57.0237
6.83463
-5.83259
-30.7406
3.54669
-8.30923
-31.8158
3.94734
-5.22338
-13.6691
1.41411
-3.24693
-4.7953
-0.329407
8.55704
-75.3048
10.2588
8.33241
-58.5686
8.25457
8.68848
-46.942
6.99156
4.88999
-20.6808
2.99926
4.60525
-14.6175
2.14876
2.94285
-4.89045
0.210886
-10.6439
-75.2535
8.8317
-10.5131
-58.4903
6.93518
-7.3088
-31.7597
3.84643
-10.7163
-33.4633
4.59344
-7.20778
-14.4151
2.0104
-3.22502
-4.4236
0.346367
1.85474
-135.612
17.2375
2.07856
-2.16768
0.39669
9.6984
-91.1543
12.2169
-2.12217
-1.92551
-0.429165
-18.9037
-182.297
21.4976
0.577625
0.384372
-0.182779
-1.16426
-0.446947
0.21866
1.03998
-0.307564
0.136137
-0.994622
-91.8836
11.4946
1.89228
-2.27893
-0.69382
-2.26464
-2.44957
0.549579
-0.107182
0.111047
-0.0556538
10.8313
-82.1672
11.264
10.7071
-65.5149
9.32603
10.261
-48.9075
7.45093
9.51361
-32.924
5.65934
7.36704
-19.7127
3.6786
5.25212
-9.08107
1.7394
-8.37774
-82.1254
9.78194
-8.36975
-65.4112
7.81274
-8.15153
-48.808
5.83811
-7.32777
-33.2084
3.80653
-5.93325
-19.344
2.27914
-4.36198
-8.75175
0.549595
12.8791
-125.448
16.8643
8.48003
-66.9277
9.25879
8.12692
-50.2684
7.23975
5.93882
-27.728
4.24097
5.46929
-20.6051
3.12344
3.69851
-9.32529
1.12665
-10.6396
-83.6103
9.78994
-10.5884
-66.8797
7.87438
-10.3339
-50.1748
6.01077
-9.16224
-34.5501
4.35083
-7.9599
-20.3765
2.79734
-6.15856
-9.2823
1.25728
38.574
-298.354
41.1283
47.1468
-289.524
41.5661
34.2313
-160.715
24.8204
18.4706
-68.0063
11.1738
21.8268
-57.3988
9.86289
13.2921
-17.574
2.53909
-37.7099
-298.093
35.2846
-37.0668
-231.162
27.5324
-27.9917
-135.391
15.787
-35.1923
-124.573
16.5846
-23.8981
-56.5584
6.92022
-14.2546
-20.7841
0.102962
-6.04898
-451.615
57.3237
-6.25707
-351.007
45.623
-7.24489
-280.824
38.3732
-5.85007
-161.829
22.5587
-7.84968
-85.6092
12.6321
-5.77457
-20.4096
2.70764
7.10662
-442.846
57.3178
5.26478
-285.145
38.1203
5.85698
-244.165
34.8007
7.03136
-172.543
26.2423
3.74444
-81.0399
12.681
2.42197
-26.2489
3.71458
1.74215
-8.20918
1.09146
-0.880972
-3.67175
0.976636
0.516666
-364.6
45.9335
-11.7663
-10.089
0.464329
-0.0817894
1.03291
-0.114108
5.93069
-5.21616
-0.173377
33.8853
-290.178
39.3975
38.2598
-264.935
37.1931
36.6354
-198.448
29.4434
45.4443
-181.068
29.3073
25.2637
-81.1195
13.9222
18.1832
-36.8651
6.00779
-42.5199
-372.886
44.0437
-46.7728
-330.789
39.2216
-36.2392
-198.218
23.6438
-31.9148
-135.285
16.7157
-27.0335
-79.7429
10.1673
-20.0513
-36.506
3.63066
-6.15944
-522.634
65.7583
-5.22311
-334.281
42.9196
-6.49715
-300.856
39.8927
-4.67442
-175.698
24.9906
-7.24251
-121.696
17.8716
-8.56529
-53.5941
7.54845
6.36751
-431.244
55.2523
6.84886
-392.634
51.4689
5.98455
-292.584
40.0602
5.35205
-173.285
24.789
4.61198
-115.268
17.893
2.94051
-51.152
7.94578
6.9469
-14.3248
1.20862
4.31659
-27.9612
4.22402
