5.43606
-44.9659
6.59411
-6.14212
-67.4333
8.83586
-0.416902
-0.230434
-0.139462
0.209055
0.0236869
0.085312
4.20586
-45.6596
6.58831
-7.9876
-68.4985
8.84694
-0.188849
-0.0138089
0.103857
0.252785
-0.129074
-0.134011
10.8264
-73.5078
11.0743
10.573
-56.9537
8.98514
12.3538
-50.7162
8.78848
6.35875
-19.7371
3.82148
6.42022
-14.0155
2.82888
3.88249
-5.0581
1.08144
-8.20086
-73.4383
9.66913
-8.12935
-56.8061
7.51972
-5.71623
-30.6581
3.92897
-8.15245
-31.7993
4.37723
-5.13506
-13.6834
1.60731
-3.19973
-4.80543
-0.25493
8.38529
-74.8723
11.0411
8.16759
-58.2707
8.86149
8.52196
-46.7513
7.48175
4.80094
-20.6101
3.21026
4.52011
-14.586
2.29773
2.88611
-4.8913
0.270235
-10.6646
-74.8228
9.69492
-10.5351
-58.1965
7.61655
-7.33307
-31.6292
4.22227
-10.7704
-33.3665
5.01272
-7.24888
-14.394
2.19596
-3.25141
-4.43006
0.392059
2.01361
-134.889
18.7363
2.10586
-2.18223
0.415189
9.62738
-90.63
13.1742
-2.09624
-1.92612
-0.399284
-18.7422
-181.249
23.5798
0.596382
0.385479
-0.178159
-1.1622
-0.449132
0.214585
1.03679
-0.310975
0.130805
-1.09109
-91.3175
12.4937
1.85916
-2.28214
-0.656524
-2.28778
-2.4632
0.574594
-0.115854
0.110837
-0.0513057
10.8618
-81.751
12.1337
10.7402
-65.2322
10.0186
10.2985
-48.7506
7.96914
9.55274
-32.8719
6.01022
7.4193
-19.7214
3.88241
5.30079
-9.10734
1.82987
-8.19483
-81.7101
10.7356
-8.18969
-65.129
8.58735
-7.9838
-48.6492
6.43415
-7.18581
-33.1459
4.23362
-5.82684
-19.3478
2.54476
-4.29315
-8.76837
0.677775
12.6201
-124.697
18.1696
8.3107
-66.5632
9.95323
7.96888
-50.0353
7.76165
5.829
-27.6292
4.53019
5.36727
-20.5476
3.33462
3.62986
-9.31157
1.22315
-10.6601
-83.1111
10.743
-10.6096
-66.518
8.64653
-10.3576
-49.9465
6.60189
-9.20165
-34.4274
4.76718
-8.00259
-20.3296
3.05555
-6.19595
-9.28043
1.37726
38.295
-296.789
44.2549
46.8225
-288.23
44.5889
34.0172
-160.181
26.5075
18.3791
-67.8555
11.8621
21.7594
-57.3694
10.4355
13.2738
-17.6074
2.71082
-37.3917
-296.533
38.7387
-36.7682
-230.135
30.2618
-27.797
-134.923
17.4309
-35.0014
-124.351
18.1802
-23.8101
-56.5281
7.66349
-14.2419
-20.7877
0.357551
-6.62201
-449.026
62.26
-6.80215
-349.236
49.4851
-7.81546
-279.695
41.5207
-6.31977
-161.319
24.4143
-8.21388
-85.4611
13.6385
-5.96106
-20.4318
2.98115
7.74414
-440.756
62.2575
5.7841
-284.064
41.3521
6.43591
-243.552
37.6247
7.58897
-172.461
28.3331
4.16264
-81.1619
13.6985
2.70862
-26.354
4.06479
1.90719
-8.23944
1.18865
-0.948479
-3.69067
1.04861
0.535276
-362.504
49.9308
-11.7722
-10.1009
0.56272
-0.0880217
1.03025
-0.131871
5.92656
-5.23184
-0.126486
33.6381
-288.573
42.4418
37.9882
-263.638
39.9655
36.3931
-197.663
31.5193
45.1768
-180.595
31.2007
25.1645
-81.0082
14.7405
18.1408
-36.8803
6.36937
-42.1576
-370.828
48.3335
-46.3847
-329.177
43.0836
-35.962
-197.435
26.0141
-31.7176
-134.917
18.3897
-26.9095
-79.6442
11.2034
-20
-36.5108
4.11017
-6.76203
-519.511
71.4547
-5.69191
-332.469
46.5894
-7.02576
-299.479
43.23
-5.11002
-175.083
26.9667
-7.65423
-121.395
19.2767
-8.87661
-53.5563
8.20659
6.92489
-429.062
60.0395
7.48447
-390.945
55.8724
6.59182
-291.649
43.4069
5.82186
-172.982
26.8377
5.0832
-115.327
19.3137
3.29752
-51.2888
8.6055
6.80599
-14.3601
1.38034
4.2423
-27.8633
4.52131
