5.43544
-44.8641
6.70747
-6.10405
-67.2806
9.02111
-0.415407
-0.229666
-0.139341
0.209332
0.0233726
0.0856762
4.18143
-45.5476
6.70168
-7.98533
-68.3305
9.03211
-0.18912
-0.0140544
0.104173
0.251265
-0.128291
-0.133793
10.8254
-73.3491
11.2597
10.5727
-56.84
9.12899
12.3554
-50.6272
8.91764
6.36122
-19.7091
3.86994
6.42611
-14.0017
2.86322
3.88811
-5.05614
1.09271
-8.15015
-73.2798
9.87466
-8.0801
-56.6925
7.68316
-5.68271
-30.6028
4.0207
-8.10558
-31.7548
4.48109
-5.10718
-13.6682
1.65467
-3.18377
-4.80073
-0.235503
8.33661
-74.6935
11.2268
8.12037
-58.1375
9.00587
8.47321
-46.652
7.59868
4.77391
-20.5679
3.26093
4.4933
-14.5588
2.33393
2.86787
-4.88415
0.28565
-10.6615
-74.6445
9.90015
-10.5323
-58.0642
7.77917
-7.33277
-31.5619
4.31242
-10.7735
-33.3016
5.11378
-7.25147
-14.3697
2.24098
-3.25432
-4.42549
0.403438
2.05057
-134.583
19.0916
2.11012
-2.18234
0.419733
9.60238
-90.4162
13.4009
-2.0869
-1.92319
-0.39104
-18.6886
-180.821
24.0736
0.600514
0.385391
-0.176731
-1.16018
-0.449067
0.213273
1.03461
-0.311378
0.129311
-1.11397
-91.0936
12.7305
1.84812
-2.27925
-0.645811
-2.29086
-2.46302
0.580433
-0.11797
0.110682
-0.0501004
10.8606
-81.5696
12.3399
10.7395
-65.0961
10.1832
10.2989
-48.6584
8.09259
9.55358
-32.8194
6.09395
7.42439
-19.6976
3.93117
5.30681
-9.10072
1.85169
-8.14403
-81.5289
10.9621
-8.13945
-64.9931
8.77178
-7.93622
-48.5567
6.5767
-7.14424
-33.0908
4.33642
-5.79417
-19.3232
2.6093
-4.27072
-8.75996
0.709758
12.5469
-124.395
18.479
8.2625
-66.4073
10.1182
7.92316
-49.9245
7.88597
5.79631
-27.5726
4.59933
5.33578
-20.5074
3.38549
3.60792
-9.29524
1.24707
-10.6571
-82.9097
10.9693
-10.6066
-66.3627
8.83043
-10.3551
-49.8368
6.7433
-9.20299
-34.3572
4.86731
-8.00516
-20.2922
3.11798
-6.19846
-9.26719
1.40653
38.196
-296.114
44.9969
46.7041
-287.611
45.3082
33.9342
-159.868
26.9098
18.3381
-67.7356
12.0268
21.7176
-57.2848
10.5735
13.2529
-17.5889
2.75352
-37.2854
-295.859
39.5598
-36.6661
-229.642
30.9132
-27.7252
-134.657
17.8253
-34.9201
-124.141
18.5651
-23.7625
-56.4448
7.84458
-14.2219
-20.7585
0.422649
-6.75809
-447.955
63.4326
-6.93204
-348.44
50.4054
-7.95146
-279.104
42.2735
-6.43169
-160.995
24.8605
-8.29841
-85.3102
13.8824
-6.00224
-20.4071
3.0489
7.89237
-439.805
63.4309
5.90509
-283.497
42.122
6.5715
-243.121
38.3001
7.71965
-172.221
28.8358
4.26254
-81.0795
13.9452
2.77825
-26.3388
4.15143
1.94729
-8.23264
1.21301
-0.964865
-3.68919
1.06619
0.538729
-361.648
50.8783
-11.7593
-10.0881
0.587609
-0.0894898
1.02857
-0.136294
5.91788
-5.22719
-0.113484
33.5509
-287.903
43.1636
37.8908
-263.054
40.6243
36.3023
-197.255
32.0139
45.0691
-180.263
31.653
25.1125
-80.8765
14.9368
18.1084
-36.8319
6.45741
-42.0371
-369.968
49.3519
-46.2539
-328.449
44.0034
-35.8646
-197.028
26.5811
-31.6397
-134.668
18.7925
-26.8511
-79.5171
11.4544
-19.9644
-36.4609
4.22836
-6.90497
-518.251
72.8062
-5.80341
-331.691
47.4624
-7.15179
-298.818
44.0267
-5.21411
-174.727
27.4402
-7.75126
-121.165
19.6156
-8.94681
-53.4718
8.36764
7.05451
-428.11
61.1753
7.63232
-390.129
56.92
6.73362
-291.097
44.2058
5.93203
-172.699
27.3289
5.19477
-115.188
19.6565
3.38365
-51.2479
8.76653
6.76117
-14.3461
1.42434
4.22
-27.807
4.59233
