5.4063
-44.1095
7.23377
-5.89284
-66.1488
9.88339
-0.404506
-0.223838
-0.137723
0.209166
0.0216842
0.0869149
4.04295
-44.7445
7.22803
-7.93844
-67.1258
9.89412
-0.189091
-0.0151801
0.105048
0.241297
-0.123101
-0.131608
10.768
-72.1331
12.1229
10.5177
-55.9186
9.80063
12.2959
-49.8343
9.52208
6.335
-19.4209
4.09687
6.41156
-13.8155
3.025
3.88784
-4.9991
1.14605
-7.86844
-72.0646
10.8342
-7.80378
-55.7716
8.44986
-5.49006
-30.1191
4.45413
-7.82685
-31.2881
4.97638
-4.93363
-13.4787
1.88476
-3.07918
-4.73331
-0.133907
8.06017
-73.381
12.0908
7.84949
-57.1212
9.67973
8.18792
-45.8457
8.14619
4.61065
-20.2085
3.50008
4.32622
-14.306
2.50736
2.75232
-4.80329
0.365663
-10.5988
-73.3334
10.8587
-10.4697
-57.0518
8.54252
-7.29372
-31.0179
4.73846
-10.7265
-32.731
5.59445
-7.21825
-14.1328
2.45695
-3.24643
-4.3649
0.459876
2.21733
-132.32
20.7433
2.11568
-2.16122
0.441742
9.43497
-88.8584
14.4537
-2.02315
-1.88977
-0.345305
-18.345
-177.706
26.3725
0.617675
0.382729
-0.167993
-1.14099
-0.44504
0.204992
1.01529
-0.310601
0.120876
-1.22101
-89.4874
13.8316
1.77636
-2.24197
-0.58418
-2.2898
-2.44006
0.607052
-0.128195
0.109316
-0.04338
10.8025
-80.2065
13.2984
10.6833
-64.0275
10.9504
10.2467
-47.8812
8.6698
9.50414
-32.3198
6.48619
7.4014
-19.4216
4.16025
5.29933
-8.98748
1.95524
-7.86216
-80.1664
12.0173
-7.85934
-63.9251
9.63472
-7.66661
-47.7784
7.24753
-6.90152
-32.5789
4.82421
-5.59537
-19.0467
2.91934
-4.12768
-8.64179
0.868602
12.1314
-122.205
19.9172
7.98783
-65.2431
10.8871
7.65857
-49.0558
8.4671
5.60208
-27.0975
4.92397
5.14265
-20.1492
3.62663
3.46959
-9.13492
1.36459
-10.5945
-81.4503
12.0241
-10.5439
-65.2009
9.69132
-10.2936
-48.9733
7.4092
-9.15921
-33.768
5.34211
-7.9694
-19.9489
3.41616
-6.16967
-9.12326
1.54804
37.53
-291.055
48.4506
45.8924
-282.761
48.6663
33.3441
-157.227
28.7935
18.0247
-66.6408
12.8001
21.3577
-56.3927
11.2277
13.0489
-17.3322
2.96365
-36.6017
-290.806
43.3946
-35.9977
-225.772
33.97
-27.2315
-132.424
19.6897
-34.3169
-122.164
20.3971
-23.3713
-55.5691
8.71772
-14.0202
-20.4293
0.755591
-7.39583
-440.084
68.8995
-7.54345
-342.356
54.7133
-8.59161
-274.291
45.8147
-6.95774
-158.199
26.9738
-8.68139
-83.8635
15.0497
-6.17466
-20.0986
3.38214
8.56069
-432.513
68.9011
6.45191
-278.897
45.7255
7.18889
-239.301
41.4766
8.31574
-169.699
31.2161
4.73028
-79.9835
15.1257
3.11178
-26.0099
4.57644
2.13956
-8.11097
1.33426
-1.04352
-3.64333
1.15107
0.546779
-355.417
55.2831
-11.6073
-9.92788
0.713406
-0.096254
1.01427
-0.158188
5.82808
-5.15133
-0.041367
32.9658
-282.962
46.5184
37.2307
-258.587
43.695
35.6699
-193.958
34.3261
44.2877
-177.329
33.7742
24.6883
-79.5898
15.8614
17.8154
-36.2722
6.87996
-41.265
-363.618
54.0993
-45.4066
-322.873
48.3087
-35.2162
-193.735
29.2507
-31.0829
-132.47
20.7029
-26.3971
-78.2624
12.6563
-19.651
-35.9017
4.80672
-7.57374
-509.127
79.0974
-6.32708
-325.879
51.5396
-7.74545
-293.628
47.7648
-5.70514
-171.729
29.6731
-8.20069
-119.081
21.2265
-9.25117
-52.592
9.14764
7.63911
-420.956
66.4622
8.29921
-383.723
61.8125
7.37649
-286.443
47.9533
6.43468
-170.041
29.6468
5.7107
-113.567
21.2869
3.79247
-50.5879
9.54356
6.47958
-14.1368
1.64912
4.08655
-27.3353
4.92569
