4.59326
-48.5511
1.77131
-6.66251
-72.854
0.0912737
-0.604425
-0.33791
-0.182762
0.253607
0.039233
0.091356
4.59053
-50.2715
1.77171
-6.66784
-75.4029
0.081798
-0.22833
-0.0122442
0.111668
0.416798
-0.229286
-0.171874
9.26316
-81.6787
3.54242
9.46388
-66.0857
3.45401
11.9247
-62.3623
3.98161
6.6229
-25.353
2.13478
7.24961
-18.9062
1.84308
4.54689
-7.09524
0.864366
-8.89848
-81.7284
0.166697
-8.96994
-66.0836
0.211453
-6.695
-37.4372
0.0155077
-10.5171
-41.4561
-0.258591
-7.18068
-18.4527
-0.577374
-4.72342
-6.76129
-1.35498
9.21413
-85.1045
3.56172
9.29726
-69.3909
3.47755
10.2688
-59.1272
3.44461
6.29994
-27.4382
1.71066
6.69014
-20.7668
1.30195
4.54799
-7.60731
-0.266227
-8.9497
-85.1042
0.144031
-9.19566
-69.2966
0.18743
-6.94513
-39.6815
0.126326
-11.1288
-44.9695
0.156693
-8.10098
-20.2691
0.038257
-3.78665
-6.40279
-0.216226
0.218061
-145.682
2.72379
2.4755
-3.12845
0.330679
9.18307
-98.8238
3.54425
-3.11438
-2.84405
-0.977403
-17.8275
-197.667
0.227077
0.500849
0.450878
-0.275845
-1.56541
-0.589438
0.301776
1.44787
-0.429489
0.257662
0.138279
-100.547
1.81616
2.9359
-3.76564
-1.22983
-2.72189
-3.6194
0.307879
-0.0319203
0.103611
-0.126168
9.20702
-89.3788
3.54397
9.35422
-73.9328
3.51918
9.54905
-58.084
3.33925
9.48323
-41.5501
3.05342
8.11398
-26.0491
2.33808
6.11937
-12.5194
1.27481
-8.88544
-89.4285
0.128078
-8.9272
-73.9649
0.208066
-8.99696
-58.03
0.166608
-8.78257
-41.6979
-0.142413
-7.87924
-25.6199
-0.364051
-6.17788
-12.0488
-0.89587
13.7754
-139.231
5.33585
9.25866
-77.324
3.54505
9.28096
-61.2634
3.32576
7.24998
-35.9869
2.2731
7.59716
-28.4076
1.88284
5.55512
-13.6781
0.555235
-8.90183
-92.8271
0.118844
-9.06114
-77.2781
0.174354
-9.32899
-61.1227
0.173399
-9.15035
-44.5946
0.113948
-8.60863
-27.9732
0.0814926
-7.15953
-13.3517
-0.0681972
36.9377
-333.589
14.1933
46.6348
-338.7
17.4298
36.0656
-199.524
12.2848
21.1173
-88.4883
6.57026
27.4442
-79.5823
6.71095
17.309
-26.158
1.86343
-35.7327
-333.692
0.642577
-36.1224
-270.831
0.871942
-29.1294
-167.184
0.251826
-40.032
-164.567
0.268732
-29.0506
-78.1351
-0.739237
-18.1403
-30.0434
-3.16175
0.844191
-510.711
11.0869
0.489679
-416.177
10.9986
-0.520869
-353.61
11.0521
-0.9112
-217.003
7.19757
-4.3267
-121.691
4.24801
-4.85544
-31.0849
0.235911
1.16699
-490.337
11.0515
1.31692
-330.562
9.07587
1.63114
-299.176
9.99546
2.28376
-224.552
8.64483
0.389674
-110.106
4.28416
-0.158516
-37.6267
0.818222
0.217048
-12.5058
0.403427
-0.288073
-6.22304
0.493047
0.543454
-395.319
7.29006
-15.1579
-15.2144
-0.857153
-0.127834
1.1331
0.0747281
7.87099
-8.23098
-0.525021
32.2006
-318.852
12.4015
37.1327
-302.542
14.1439
37.4254
-238.79
13.4176
49.2118
-231.911
15.8698
30.6745
-109.326
8.87184
23.3885
-52.5514
4.26925
-40.1089
-410.108
0.556853
-44.913
-378.145
1.0325
-36.2174
-238.479
0.75497
-34.9698
-172.417
0.199989
-31.8358
-107.618
-0.315944
-25.0024
-51.6824
-1.60211
0.830023
-580.17
11.4616
0.671751
-386.67
9.24146
0.0799346
-367.231
10.559
-0.230534
-227.81
7.79454
-2.71688
-168.165
6.13688
-6.28824
-78.5917
1.96023
0.883363
-469.426
9.58801
1.3308
-443.817
11.0971
1.61475
-348.357
10.5437
1.62072
-218.515
7.5115
0.978398
-153.437
6.04327
-0.109219
-71.0228
2.53659
10.7355
-22.5212
0.0653462
5.13373
-35.6493
1.97786
