5.36779
-43.4626
7.51532
-5.74973
-65.1785
10.3476
-0.395308
-0.218805
-0.135954
0.207831
0.0205841
0.0871842
3.9468
-44.0697
7.50958
-7.88194
-66.1135
10.3582
-0.18797
-0.0157693
0.105009
0.233488
-0.119
-0.129438
10.6912
-71.0696
12.5862
10.4416
-55.0874
10.1624
12.2058
-49.0853
9.84842
6.28842
-19.1315
4.21924
6.36776
-13.6119
3.11287
3.86508
-4.92791
1.17511
-7.67733
-71.0015
11.353
-7.61441
-54.941
8.86723
-5.35491
-29.6658
4.6926
-7.62513
-30.8167
5.25243
-4.80308
-13.2761
2.0164
-2.99727
-4.65858
-0.0699325
7.8679
-72.2617
12.5543
7.65929
-56.2344
10.0426
7.9839
-45.1177
8.44216
4.4906
-19.8763
3.63079
4.20026
-14.0625
2.60411
2.66419
-4.71936
0.415349
-10.5232
-72.2147
11.3771
-10.3935
-56.1671
8.95846
-7.24039
-30.5277
4.97282
-10.6488
-32.1952
5.86123
-7.16166
-13.9
2.57825
-3.22391
-4.29886
0.493074
2.30239
-130.379
21.6298
2.10644
-2.13163
0.45412
9.3004
-87.5367
15.0168
-1.97169
-1.85515
-0.314539
-18.0791
-175.062
27.6101
0.625071
0.379351
-0.161549
-1.12237
-0.439721
0.198704
0.997111
-0.307921
0.115073
-1.2794
-88.1378
14.4225
1.72053
-2.20169
-0.541247
-2.27608
-2.40892
0.620824
-0.133991
0.10803
-0.0388346
10.7256
-79.0275
13.8118
10.6068
-63.0799
11.3629
10.172
-47.1659
8.98123
9.43147
-31.8337
6.69806
7.34893
-19.1329
4.28426
5.26489
-8.8568
2.01198
-7.67118
-78.9876
12.5864
-7.66862
-62.9779
10.1027
-7.48006
-47.0631
7.61439
-6.72876
-32.0858
5.09421
-5.4486
-18.7601
3.09394
-4.01795
-8.5113
0.962275
11.8429
-120.352
20.6876
7.79611
-64.2399
11.3002
7.47123
-48.2862
8.7806
5.46131
-26.6611
5.10006
4.99892
-19.8111
3.75912
3.36438
-8.97698
1.4325
-10.5191
-80.2157
12.5931
-10.4681
-64.1988
10.1586
-10.2173
-48.2067
7.77366
-9.09279
-33.2269
5.60455
-7.90938
-19.6203
3.5826
-6.11964
-8.97584
1.62835
36.9928
-286.689
50.3038
45.2293
-278.463
50.4752
32.8504
-154.795
29.8113
17.7506
-65.5945
13.2193
21.0226
-55.4897
11.5864
12.8484
-17.0496
3.08499
-36.0708
-286.442
45.4687
-35.4719
-222.341
35.635
-26.8292
-130.376
20.7157
-33.7998
-120.246
21.4152
-23.0167
-54.6834
9.21177
-13.8195
-20.0885
0.959555
-7.74462
-433.37
71.845
-7.87975
-337.042
57.0474
-8.94315
-269.939
47.7459
-7.24574
-155.593
28.1372
-8.87837
-82.4521
15.7015
-6.25071
-19.7681
3.57553
8.9011
-426.133
71.8481
6.73158
-274.745
47.6771
7.50844
-235.699
43.2083
8.62481
-167.149
32.5256
4.98329
-78.7902
15.7846
3.29838
-25.6152
4.82179
2.2472
-7.96983
1.40544
-1.0877
-3.58559
1.19901
0.54328
-350.13
57.6471
-11.4476
-9.75664
0.789247
-0.099841
1.00098
-0.171029
5.73772
-5.06459
0.00677492
32.4951
-278.737
48.3156
36.6956
-254.684
45.3458
35.1477
-190.984
35.5737
43.6256
-174.561
34.9224
24.304
-78.3244
16.3644
17.536
-35.6874
7.11573
-40.667
-358.189
56.6601
-44.7452
-318
50.6449
-34.6992
-190.767
30.7115
-30.6171
-130.404
21.7595
-25.9973
-77.0233
13.3297
-19.3563
-35.3231
5.14081
-7.93869
-501.41
82.4799
-6.61427
-320.866
53.7418
-8.07207
-289.021
49.7966
-5.97568
-168.97
30.8947
-8.44075
-117.095
22.1177
-9.3955
-51.705
9.59065
7.93701
-414.767
69.3045
8.63918
-378.04
64.4551
7.70699
-282.156
49.9896
6.69554
-167.468
30.9164
5.98446
-111.867
22.1893
4.01817
-49.8354
9.98226
6.26613
-13.9016
1.78586
3.9891
-26.902
5.10653
