5.33315
-42.9511
7.68797
-5.64726
-64.4112
10.6341
-0.388135
-0.21485
-0.134454
0.206438
0.0198173
0.0871657
3.87705
-43.5398
7.68223
-7.83218
-65.3186
10.6447
-0.186775
-0.0161251
0.104751
0.227577
-0.115886
-0.127651
10.6219
-70.2235
12.8707
10.3727
-54.4201
10.385
12.123
-48.4758
10.0492
6.24459
-18.8921
4.29423
6.3242
-13.4398
3.1669
3.8407
-4.86595
1.19292
-7.54042
-70.1556
11.6742
-7.47812
-54.2742
9.12676
-5.25668
-29.2978
4.84193
-7.47672
-30.4262
5.42669
-4.70558
-13.1058
2.10091
-2.93518
-4.59533
-0.0263736
7.72834
-71.3788
12.8389
7.52071
-55.5301
10.2657
7.83422
-44.5334
8.62452
4.40159
-19.608
3.71186
4.10612
-13.8635
2.66486
2.59812
-4.64949
0.448763
-10.4567
-71.332
11.6982
-10.3262
-55.464
9.21722
-7.19231
-30.1346
5.11946
-10.5766
-31.7606
6.02899
-7.10894
-13.7088
2.65507
-3.20167
-4.24309
0.514734
2.35274
-128.845
22.1754
2.09516
-2.10529
0.461874
9.19606
-86.4953
15.3621
-1.93223
-1.82641
-0.292841
-17.8763
-172.979
28.3743
0.628752
0.376357
-0.1568
-1.10714
-0.435024
0.194
0.982377
-0.30525
0.110917
-1.31594
-87.0779
14.7862
1.67837
-2.16784
-0.510482
-2.26162
-2.38129
0.629001
-0.137681
0.10698
-0.0356209
10.6563
-78.0928
14.1269
10.5377
-62.3229
11.6164
10.1039
-46.5881
9.17288
9.36503
-31.4349
6.82829
7.29806
-18.8916
4.36041
5.22971
-8.74497
2.04704
-7.53442
-78.053
12.9382
-7.53176
-62.2212
10.3931
-7.34526
-46.4855
7.84319
-6.60246
-31.6825
5.26397
-5.33978
-18.5212
3.2049
-3.9354
-8.40084
1.02359
11.6336
-118.895
21.1603
7.65676
-63.4461
11.5541
7.3343
-47.6721
8.97358
5.35749
-26.3092
5.20873
4.89195
-19.5365
3.84151
3.28553
-8.84727
1.47615
-10.4527
-79.2443
12.9449
-10.4012
-63.4055
10.4485
-10.1499
-47.5945
8.00104
-9.03183
-32.7907
5.76923
-7.85351
-19.3524
3.68763
-6.07294
-8.8534
1.67957
36.5758
-283.231
51.4419
44.7124
-275.032
51.5879
32.4628
-152.832
30.4378
17.5325
-64.741
13.4774
20.7511
-54.7419
11.8087
12.6833
-16.8108
3.16271
-35.6654
-282.985
46.753
-35.0685
-219.6
36.6707
-26.5166
-128.725
21.3581
-33.3916
-118.676
22.0561
-22.7317
-53.9502
9.52642
-13.6538
-19.8049
1.09616
-7.96309
-428.073
73.6618
-8.09094
-332.82
58.4917
-9.16335
-266.446
48.9454
-7.42567
-153.483
28.8639
-8.99525
-81.2955
16.112
-6.28967
-19.4906
3.70044
9.10251
-421.057
73.6658
6.89767
-271.411
48.8844
7.69984
-232.771
44.2835
8.80977
-165.036
33.3429
5.13965
-77.7829
16.1994
3.41631
-25.275
4.97957
2.31516
-7.84937
1.4516
-1.11566
-3.53528
1.22938
0.537282
-345.965
59.102
-11.3138
-9.61314
0.839473
-0.102036
0.990187
-0.1794
5.66292
-4.99067
0.0403872
32.1299
-275.401
49.4184
36.2796
-251.582
46.3604
34.7394
-188.599
36.3415
43.1036
-172.312
35.6296
23.995
-77.2844
16.6746
17.3081
-35.1992
7.26346
-40.2107
-353.9
58.2432
-44.2391
-314.125
52.0946
-34.3008
-188.384
31.6227
-30.2521
-128.728
22.4229
-25.679
-76.0038
13.7559
-19.117
-34.8415
5.35647
-8.16703
-495.338
84.5636
-6.79438
-316.899
55.1022
-8.27704
-285.344
51.0562
-6.14565
-166.744
31.6546
-8.58768
-115.478
22.6758
-9.47517
-50.9719
9.87283
8.1133
-409.86
71.0554
8.84053
-373.499
66.0873
7.90404
-278.693
51.2516
6.8519
-165.36
31.7069
6.15136
-110.445
22.7546
4.15961
-49.1935
10.2604
6.10653
-13.7019
1.8766
3.91694
-26.5526
5.21821
