5.31307
-42.6714
7.76964
-5.5938
-63.9916
10.7704
-0.384253
-0.212702
-0.133611
0.205595
0.0194242
0.0870976
3.84042
-43.2508
7.7639
-7.80358
-64.8852
10.781
-0.186047
-0.0162918
0.104554
0.224425
-0.114223
-0.126661
10.5817
-69.7598
13.0053
10.3326
-54.053
10.4904
12.0748
-48.139
10.1442
6.21886
-18.7589
4.32958
6.29821
-13.3434
3.19241
3.82582
-4.83086
1.20131
-7.46896
-69.6919
11.8272
-7.40686
-53.9074
9.25076
-5.20509
-29.0946
4.9136
-7.3984
-30.209
5.5107
-4.65381
-13.0106
2.14208
-2.90201
-4.5599
-0.00439787
7.65503
-70.8965
12.9737
7.4478
-55.1444
10.3714
7.75525
-44.2124
8.71094
4.35445
-19.4604
3.75043
4.05613
-13.7536
2.69397
2.56302
-4.61061
0.465468
-10.4184
-70.8499
11.8512
-10.2875
-55.079
9.34088
-7.16448
-29.9186
5.18978
-10.5343
-31.521
6.10963
-7.07815
-13.6028
2.69215
-3.18842
-4.21186
0.525378
2.37602
-128.006
22.4343
2.08802
-2.09025
0.46557
9.13937
-85.9266
15.5255
-1.91103
-1.81044
-0.281682
-17.7669
-171.842
28.7378
0.630211
0.374638
-0.154301
-1.09871
-0.432346
0.191503
0.974262
-0.303662
0.108758
-1.33348
-86.5
14.9587
1.6559
-2.14894
-0.494533
-2.25283
-2.36552
0.632768
-0.139466
0.106397
-0.0339662
10.6161
-77.5811
14.276
10.4976
-61.9073
11.7365
10.0643
-46.2696
9.26365
9.32641
-31.2139
6.88986
7.26793
-18.7569
4.39635
5.20853
-8.68201
2.06363
-7.46306
-77.5413
13.1057
-7.46029
-61.8057
10.5316
-7.27464
-46.1673
7.9527
-6.53598
-31.4592
5.34562
-5.28218
-18.388
3.25861
-3.89143
-8.33892
1.05381
11.5237
-118.1
21.3839
7.58351
-63.012
11.6744
7.26217
-47.3354
9.06502
5.3026
-26.1156
5.26026
4.83524
-19.385
3.88076
3.24363
-8.77545
1.49739
-10.4145
-78.7141
13.1123
-10.3628
-62.9717
10.5869
-10.1111
-47.2587
8.10988
-8.99634
-32.5506
5.84831
-7.82086
-19.2044
3.73822
-6.04567
-8.78527
1.70438
36.3491
-281.338
51.9807
44.4311
-273.149
52.115
32.2513
-151.751
30.7346
17.4129
-64.2692
13.5996
20.6013
-54.3263
11.9142
12.5917
-16.6771
3.20037
-35.4467
-281.094
47.3651
-34.8505
-218.096
37.1656
-26.347
-127.816
21.6664
-33.1686
-117.806
22.3644
-22.5751
-53.5427
9.67887
-13.5616
-19.6471
1.1644
-8.06808
-425.18
74.525
-8.19253
-330.507
59.179
-9.26902
-264.527
49.5172
-7.51188
-152.321
29.2116
-9.04918
-80.6554
16.3093
-6.30557
-19.3356
3.76141
9.19565
-418.275
74.5293
6.9747
-269.577
49.4589
7.78909
-231.153
44.796
8.89585
-163.86
33.7336
5.21405
-77.2188
16.3986
3.47319
-25.0831
5.05635
2.34789
-7.78177
1.47414
-1.12914
-3.50681
1.24402
0.533196
-343.69
59.7923
-11.239
-9.53312
0.864376
-0.103074
0.984215
-0.183515
5.62133
-4.94919
0.0575365
31.9315
-273.578
49.9403
36.0533
-249.882
46.8409
34.5169
-187.287
36.7052
42.8184
-171.07
35.9644
23.825
-76.7079
16.8214
17.182
-34.9271
7.33408
-39.9648
-351.556
58.9969
-43.966
-312.002
52.7864
-34.0851
-187.075
32.0589
-30.0533
-127.802
22.7417
-25.5045
-75.4384
13.9616
-18.9849
-34.5733
5.46182
-8.27672
-492.025
85.5528
-6.88098
-314.729
55.7489
-8.37555
-283.326
51.6562
-6.22742
-165.519
32.0172
-8.65701
-114.585
22.9431
-9.50991
-50.5649
10.0094
8.19481
-407.174
71.8866
8.93372
-371.006
66.8634
7.99567
-276.785
51.8527
6.92479
-164.193
32.0843
6.23008
-109.651
23.0254
4.22749
-48.8326
10.3946
6.02185
-13.59
1.92159
3.8787
-26.3602
5.27122
