5.2673
-42.0641
7.92351
-5.48218
-63.0806
11.0291
-0.375931
-0.208089
-0.131747
0.203625
0.0186194
0.086845
3.7635
-42.6249
7.91777
-7.73871
-63.9462
11.0396
-0.184338
-0.0166029
0.104024
0.217755
-0.110701
-0.124495
10.4902
-68.7514
13.2591
10.2413
-53.2533
10.689
11.9644
-47.4031
10.3229
6.15985
-18.4669
4.3957
6.23795
-13.1308
3.24013
3.79083
-4.75296
1.21689
-7.31976
-68.6837
12.1181
-7.25782
-53.1084
9.48699
-5.09691
-28.6509
5.05073
-7.23365
-29.7325
5.67216
-4.54446
-12.801
2.22204
-2.83162
-4.48186
0.0398066
7.50108
-69.851
13.2275
7.29459
-54.3072
10.5707
7.58903
-43.5141
8.87383
4.25498
-19.1388
3.8234
3.95058
-13.5138
2.74943
2.48895
-4.52544
0.498713
-10.3316
-69.8045
12.1421
-10.1998
-54.2429
9.57649
-7.10114
-29.4488
5.32414
-10.4377
-30.9986
6.26403
-7.00785
-13.3713
2.76343
-3.15778
-4.14302
0.546214
2.41887
-126.183
22.9237
2.07084
-2.05668
0.472544
9.01673
-84.6933
15.8332
-1.86589
-1.77554
-0.25883
-17.5317
-169.375
29.4275
0.632358
0.370758
-0.149073
-1.08031
-0.426362
0.186237
0.956608
-0.300005
0.104288
-1.36714
-85.2481
15.285
1.60837
-2.10746
-0.461647
-2.23225
-2.33029
0.639627
-0.142905
0.105115
-0.0305749
10.5245
-76.4695
14.5569
10.4061
-61.0029
11.9628
9.97393
-45.5749
9.4346
9.23835
-30.73
7.00547
7.19841
-18.4606
4.46362
5.1592
-8.5428
2.09476
-7.3141
-76.4296
13.4237
-7.31096
-60.9016
10.7951
-7.12678
-45.4731
8.1617
-6.39634
-30.9708
5.50227
-5.16074
-18.0953
3.36225
-3.79836
-8.20243
1.11321
11.2929
-116.376
21.8054
7.42966
-62.0703
11.901
7.11045
-46.6037
9.23737
5.18689
-25.694
5.35744
4.71557
-19.0549
3.95509
3.15515
-8.6186
1.53847
-10.328
-77.5652
13.4303
-10.2756
-62.0304
10.8502
-10.0232
-46.5288
8.31755
-8.91531
-32.0278
5.99962
-7.74626
-18.8814
3.83527
-5.98345
-8.63592
1.75227
35.8587
-277.23
52.9959
43.8219
-269.055
53.1083
31.7928
-149.393
31.2934
17.1528
-63.2384
13.8292
20.2744
-53.4155
12.1129
12.3911
-16.383
3.27285
-34.9763
-276.987
48.5283
-34.3811
-214.825
38.1086
-25.9805
-125.835
22.2561
-32.6851
-115.906
22.9554
-22.234
-52.6498
9.97318
-13.3594
-19.3012
1.30033
-8.26951
-418.906
76.1588
-8.38748
-325.487
60.482
-9.47119
-260.351
50.603
-7.67648
-149.789
29.8738
-9.14766
-79.2577
16.6866
-6.33012
-18.995
3.8799
9.36709
-412.225
76.1638
7.11702
-265.582
50.5478
7.9549
-227.619
45.7686
9.05515
-161.281
34.4769
5.35517
-75.9758
16.7797
3.58253
-24.6585
5.20503
2.41066
-7.6329
1.51794
-1.15501
-3.4437
1.27208
0.522935
-338.757
61.0975
-11.0741
-9.35757
0.91356
-0.105036
0.971127
-0.191579
5.53013
-4.85777
0.0923161
31.5022
-269.622
50.9236
35.5636
-246.19
47.7464
34.0348
-184.432
37.3905
42.1997
-168.36
36.5944
23.4547
-75.4467
17.0973
16.9065
-34.3299
7.46809
-39.4357
-346.47
60.4279
-43.3782
-307.389
54.1027
-33.6201
-184.224
32.8914
-29.6232
-125.782
23.3521
-25.1255
-74.201
14.3573
-18.6964
-33.9849
5.66694
-8.4871
-484.844
87.4242
-7.04711
-310.022
56.974
-8.56433
-278.943
52.7946
-6.38436
-162.852
32.7058
-8.78701
-112.638
23.4526
-9.56894
-49.6743
10.2724
8.34479
-401.337
73.4591
9.10544
-365.581
68.3333
8.16547
-272.621
52.9929
7.06005
-161.639
32.802
6.37804
-107.906
23.5416
4.35739
-48.0356
10.6523
5.84334
-13.3435
2.01035
3.7979
-25.9413
5.37128
