5.1842
-41.0336
8.13001
-5.30218
-61.5348
11.3817
-0.362159
-0.200436
-0.128524
0.199988
0.017367
0.0861812
3.63856
-41.5657
8.12427
-7.62151
-62.3575
11.3922
-0.181167
-0.0170143
0.1029
0.206932
-0.104985
-0.120815
10.3239
-67.0392
13.5996
10.0756
-51.8937
10.9551
11.7642
-46.1497
10.5609
6.05268
-17.9678
4.48253
6.12754
-12.7659
3.30274
3.72578
-4.61842
1.23699
-7.0791
-66.9717
12.5157
-7.0171
-51.7501
9.81128
-4.92178
-27.8955
5.24046
-6.96651
-28.9184
5.897
-4.36658
-12.4421
2.33539
-2.71668
-4.3484
0.106304
7.251
-68.0813
13.5682
7.04563
-52.8896
10.8378
7.31879
-42.331
9.09195
4.09312
-18.5944
3.92169
3.77921
-13.1076
2.82496
2.36904
-4.38079
0.547666
-10.1747
-68.0351
12.5397
-10.0416
-52.8271
9.89989
-6.9867
-28.6528
5.5094
-10.2625
-30.113
6.47728
-6.8811
-12.978
2.86246
-3.10182
-4.02504
0.576081
2.47408
-123.092
23.5862
2.03811
-1.99839
0.481782
8.80877
-82.6036
16.2463
-1.79183
-1.71645
-0.223494
-17.1358
-165.196
30.3678
0.63363
0.363841
-0.14072
-1.04907
-0.415919
0.177709
0.92681
-0.293404
0.0972364
-1.41396
-83.1298
15.7266
1.53122
-2.03696
-0.410309
-2.19412
-2.26892
0.648113
-0.147689
0.102899
-0.0253279
10.3583
-74.5826
14.9339
10.2399
-59.4662
12.2662
9.80997
-44.3929
9.66324
9.0792
-29.9048
7.15878
7.07156
-17.9534
4.55202
5.06836
-8.30326
2.13573
-7.07386
-74.5427
13.8577
-7.06997
-59.3657
11.1561
-6.88768
-44.2921
8.44945
-6.17006
-30.1385
5.71991
-4.96355
-17.5946
3.50758
-3.64669
-7.96847
1.19918
10.918
-113.46
22.3709
7.17972
-60.4761
12.2049
6.86385
-45.3644
9.46836
4.99861
-24.9795
5.48754
4.52119
-18.4959
4.05525
3.0116
-8.35275
1.59604
-10.1716
-75.6211
13.8644
-10.1183
-60.437
11.2109
-9.8647
-45.2925
8.60325
-8.76861
-31.1417
6.20857
-7.61137
-18.3335
3.96974
-5.87148
-8.38149
1.81924
35.0271
-270.266
54.358
42.7889
-262.109
54.4397
31.0152
-145.389
32.0398
16.7115
-61.4858
14.134
19.7188
-51.8642
12.3774
12.0488
-15.8805
3.37314
-34.184
-270.025
50.1187
-33.5901
-209.276
39.403
-25.3619
-122.47
23.071
-31.8671
-112.671
23.7736
-21.6551
-51.1286
10.3857
-13.0134
-18.7128
1.50138
-8.5498
-408.289
78.3732
-8.65842
-316.986
62.2512
-9.75016
-253.275
52.0798
-7.90291
-145.5
30.7787
-9.27077
-76.887
17.2052
-6.34849
-18.4142
4.04744
9.5884
-401.952
78.3789
7.30231
-258.789
52.0261
8.17283
-221.6
47.0902
9.26212
-156.873
35.4905
5.54752
-73.8446
17.3031
3.73488
-23.9286
5.41385
2.49756
-7.37904
1.57964
-1.19077
-3.33519
1.31072
0.502732
-330.398
62.864
-10.7905
-9.05905
0.985137
-0.107689
0.948667
-0.203184
5.37448
-4.70159
0.14504
30.7743
-262.917
52.2431
34.7333
-239.927
48.9608
33.2175
-179.587
38.3078
41.1504
-163.752
37.4335
22.8258
-73.3005
17.4629
16.4376
-33.3116
7.64879
-38.545
-337.851
62.3814
-42.3881
-299.566
55.9057
-32.836
-179.385
34.0372
-28.8965
-122.349
24.1967
-24.4834
-72.0946
14.9083
-18.2054
-32.9823
5.95867
-8.77992
-472.693
89.9587
-7.27807
-302.053
58.6359
-8.82576
-271.518
54.3419
-6.60257
-158.33
33.642
-8.95901
-109.338
24.149
-9.6306
-48.1614
10.6387
8.5382
-391.431
75.5886
9.32773
-356.363
70.3272
8.38776
-265.538
54.542
7.23701
-157.286
33.7803
6.57646
-104.919
24.2474
4.53713
-46.6666
11.0089
5.55473
-12.9224
2.13903
3.66593
-25.2307
5.50561
