5.15254
-40.6583
8.19223
-5.23858
-60.9718
11.4897
-0.357255
-0.197709
-0.127343
0.198604
0.0169379
0.0858859
3.59424
-41.1806
8.18648
-7.57691
-61.7798
11.5002
-0.179956
-0.0171369
0.10244
0.203133
-0.10298
-0.119482
10.2606
-66.4158
13.702
10.0126
-51.3989
11.035
11.6882
-45.6938
10.6318
6.01205
-17.7861
4.50793
6.08559
-12.6331
3.321
3.7009
-4.56933
1.24272
-6.99405
-66.3485
12.6378
-6.93201
-51.2559
9.9112
-4.85987
-27.6208
5.29931
-6.87221
-28.6224
5.96708
-4.3038
-12.3116
2.37126
-2.67608
-4.29997
0.1284
7.1623
-67.4382
13.6707
6.95739
-52.3748
10.9181
7.2231
-41.9019
9.15732
4.03589
-18.3972
3.95129
3.71886
-12.9607
2.8479
2.32696
-4.32852
0.563602
-10.1151
-67.3922
12.6619
-9.98145
-52.313
9.9995
-6.94328
-28.364
5.56662
-10.1961
-29.7923
6.54315
-6.8333
-12.8355
2.89319
-3.08059
-3.98213
0.585597
2.49016
-121.966
23.7876
2.02544
-1.97708
0.48449
8.73282
-81.8432
16.3707
-1.7656
-1.69516
-0.211509
-16.9917
-163.675
30.656
0.633531
0.361246
-0.137817
-1.03776
-0.412076
0.174715
0.916062
-0.290932
0.0948031
-1.42858
-82.3596
15.8608
1.50412
-2.01151
-0.392789
-2.17956
-2.2464
0.65043
-0.149173
0.102082
-0.0235487
10.295
-73.8955
15.0474
10.1767
-58.9069
12.3574
9.74766
-43.9628
9.73168
9.01895
-29.6046
7.20419
7.02342
-17.7688
4.57789
5.03377
-8.21595
2.1477
-6.98897
-73.8556
13.9909
-6.98479
-58.8066
11.2671
-6.80315
-43.8625
8.53832
-6.09011
-29.8359
5.78766
-4.89395
-17.4125
3.55313
-3.59313
-7.88337
1.22686
10.785
-112.4
22.5412
7.09109
-59.897
12.2963
6.77646
-44.9147
9.5377
4.93194
-24.7205
5.52649
4.45265
-18.2936
4.08539
2.96112
-8.25669
1.61399
-10.1121
-74.9143
13.9976
-10.0584
-59.8581
11.3218
-9.80457
-44.8437
8.69139
-8.71297
-30.8204
6.27316
-7.56037
-18.1352
4.01137
-5.82935
-8.28925
1.84013
34.7235
-267.733
54.7679
42.412
-259.584
54.8394
30.7319
-143.935
32.2628
16.551
-60.8496
14.2244
19.517
-51.3016
12.4557
11.9243
-15.6983
3.40395
-33.8957
-267.492
50.6071
-33.3022
-207.259
39.8017
-25.1369
-121.248
23.3235
-31.5699
-111.498
24.0271
-21.4448
-50.5769
10.5147
-12.8873
-18.4998
1.56725
-8.63725
-404.43
79.047
-8.74272
-313.9
62.7901
-9.83629
-250.709
52.5297
-7.97264
-143.947
31.0554
-9.3049
-76.0293
17.3643
-6.34961
-18.2037
4.10015
9.65302
-398.212
79.0529
7.35693
-256.317
52.4763
8.23758
-219.411
47.4925
9.32266
-155.269
35.7996
5.60648
-73.069
17.4636
3.7824
-23.6632
5.47913
2.52444
-7.2873
1.59894
-1.2018
-3.29578
1.32257
0.494863
-327.357
63.401
-10.6869
-8.95117
1.00824
-0.108497
0.940434
-0.206901
5.31791
-4.64505
0.162586
30.5085
-260.477
52.6405
34.4302
-237.65
49.326
32.9195
-177.826
38.5827
40.7683
-162.079
37.6833
22.5973
-72.522
17.5709
16.2673
-32.9423
7.70301
-38.2208
-334.715
62.9807
-42.0279
-296.721
56.4602
-32.5508
-177.627
34.3909
-28.6324
-121.103
24.4583
-24.2501
-71.3304
15.0799
-18.0269
-32.6188
6.05113
-8.87135
-468.275
90.7295
-7.35
-299.158
59.1417
-8.90677
-268.823
54.8133
-6.67053
-156.691
33.9268
-9.00983
-108.144
24.3618
-9.64377
-47.6141
10.7524
8.59458
-387.824
76.2362
9.39285
-353.008
70.9341
8.45364
-262.961
55.0138
7.28923
-155.703
34.0789
6.63642
-103.832
24.4631
4.59292
-46.1682
11.1189
5.45354
-12.7699
2.18035
3.61907
-24.9729
5.54595
