4.56767
-48.462
1.80173
-6.48927
-72.7221
0.254811
-0.612113
-0.34269
-0.184182
0.25636
0.0391716
0.0921798
4.52401
-50.1052
1.8031
-6.55762
-75.1534
0.242956
-0.230352
-0.0121356
0.112234
0.424458
-0.233608
-0.174635
9.21998
-81.7524
3.53116
9.44448
-66.3863
3.38347
11.9456
-62.907
3.86245
6.66095
-25.6535
2.06464
7.32084
-19.1912
1.78723
4.59764
-7.22524
0.842305
-8.67466
-81.8083
0.304204
-8.78805
-66.3837
0.2664
-6.61901
-37.7343
0.0169845
-10.5015
-41.972
-0.300198
-7.22287
-18.7196
-0.611474
-4.774
-6.87642
-1.38169
9.08898
-85.033
3.55595
9.21272
-69.5753
3.41861
10.2457
-59.5289
3.35691
6.33159
-27.6967
1.65625
6.77245
-21.0298
1.2459
4.6213
-7.73016
-0.303988
-8.80497
-85.0438
0.271999
-9.07173
-69.494
0.223938
-6.89886
-39.9348
0.104551
-11.1254
-45.4348
0.0881182
-8.13234
-20.5244
-0.00388916
-3.81186
-6.49119
-0.232879
0.349988
-145.417
2.93174
2.50432
-3.19206
0.320242
9.09288
-98.5674
3.60681
-3.1528
-2.89703
-0.994151
-17.4564
-197.157
0.657539
0.501775
0.451847
-0.279689
-1.58317
-0.596677
0.306195
1.46789
-0.437138
0.259953
0.1444
-100.216
1.95457
2.98719
-3.83426
-1.26565
-2.74373
-3.67249
0.301204
-0.0283153
0.103808
-0.129903
9.15805
-89.3238
3.56893
9.3216
-74.1283
3.47503
9.54671
-58.4635
3.25261
9.50773
-41.9868
2.95679
8.18254
-26.4048
2.26434
6.18396
-12.7258
1.2361
-8.65547
-89.3795
0.307685
-8.71921
-74.1636
0.302255
-8.8499
-58.3997
0.188327
-8.72525
-42.1108
-0.15356
-7.90095
-25.9621
-0.400396
-6.23028
-12.2374
-0.926019
13.5768
-138.921
5.378
9.1495
-77.3872
3.50999
9.22636
-61.5467
3.25414
7.25794
-36.2921
2.20616
7.66779
-28.7278
1.81728
5.6352
-13.8693
0.510504
-8.75437
-92.6267
0.293909
-8.92429
-77.3543
0.254151
-9.22516
-61.416
0.173836
-9.12437
-44.9631
0.0681649
-8.62451
-28.2933
0.0313871
-7.19972
-13.5335
-0.100371
36.6118
-333.586
14.153
46.3637
-339.898
17.09
36.0261
-201.036
11.9443
21.2142
-89.4018
6.36223
27.7287
-80.6749
6.48617
17.5193
-26.6119
1.7699
-35.0259
-333.718
1.1647
-35.549
-271.802
1.04457
-28.8783
-168.369
0.216273
-39.9874
-166.398
0.0414643
-29.1756
-79.1719
-0.8882
-18.2855
-30.5002
-3.25049
0.910814
-510.329
11.4526
0.640981
-417.357
10.9326
-0.320145
-356.04
10.7002
-0.769622
-219.192
6.86132
-4.18412
-123.265
3.9672
-4.81802
-31.5686
0.130429
1.71419
-490.816
11.4324
1.73865
-332.103
9.05339
1.99
-301.728
9.67982
2.49653
-227.368
8.24275
0.486468
-111.776
4.02075
-0.15716
-38.3375
0.699323
0.19939
-12.7806
0.36313
-0.260901
-6.3385
0.464914
0.730013
-394.297
7.84958
-15.3005
-15.4758
-0.893356
-0.123426
1.13734
0.0803147
7.97569
-8.39018
-0.571667
31.8954
-318.389
12.491
36.8519
-303.051
13.9766
37.2961
-240.103
13.0886
49.2506
-234.116
15.3758
30.9325
-110.664
8.58287
23.6575
-53.3477
4.1091
-39.2803
-409.542
1.3501
-44.1019
-378.813
1.44969
-35.755
-239.772
0.792671
-34.8227
-173.986
0.0549699
-31.893
-108.925
-0.488294
-25.1618
-52.4246
-1.72006
0.867963
-578.897
12.0909
0.763366
-387.044
9.3629
0.259413
-369.013
10.3461
-0.119508
-229.754
7.46951
-2.54743
-170.117
5.80216
-6.19278
-79.7111
1.7459
1.35606
-469.157
10.1253
1.8712
-445.03
11.2505
2.06405
-350.662
10.3529
1.84729
-220.771
7.23315
1.1392
-155.574
5.72254
-0.0678346
-72.2028
2.34428
10.914
-22.9229
-0.0373435
5.13782
-35.9366
1.91838
