5.11886
-40.2672
8.25107
-5.17307
-60.3852
11.593
-0.352208
-0.194901
-0.126111
0.197137
0.0165031
0.0855544
3.54854
-40.7794
8.24533
-7.52946
-61.178
11.6035
-0.178671
-0.0172522
0.101938
0.19925
-0.100931
-0.1181
10.1932
-65.7664
13.7988
9.94562
-50.8838
11.1102
11.6075
-45.2196
10.6984
5.969
-17.5973
4.53146
6.04115
-12.495
3.33788
3.67449
-4.51832
1.24792
-6.90646
-65.6992
12.7547
-6.84438
-50.7414
10.007
-4.79617
-27.335
5.35592
-6.7753
-28.3147
6.03462
-4.23935
-12.176
2.4061
-2.63443
-4.24974
0.150411
7.07083
-66.7687
13.7676
6.86644
-51.8394
10.9939
7.12458
-41.456
9.21888
3.97706
-18.1926
3.97924
3.65701
-12.8085
2.86964
2.28392
-4.27444
0.57929
-10.0516
-66.7228
12.7787
-9.91755
-51.7783
10.0949
-6.8972
-28.0639
5.62152
-10.1257
-29.4595
6.60629
-6.7828
-12.6879
2.9227
-3.05812
-3.93756
0.594865
2.50511
-120.793
23.9792
2.01192
-1.95492
0.486992
8.65348
-81.0509
16.4884
-1.73866
-1.67317
-0.199453
-16.8413
-162.091
30.9315
0.633168
0.358506
-0.134862
-1.02603
-0.408065
0.17165
0.904937
-0.288336
0.0923326
-1.44269
-81.5572
15.9886
1.4764
-1.9852
-0.37512
-2.16411
-2.22294
0.652481
-0.150597
0.101226
-0.0217598
10.2276
-73.1795
15.1547
10.1095
-58.3244
12.4435
9.68151
-43.5153
9.79609
8.9551
-29.2925
7.24661
6.97243
-17.5769
4.60186
4.99712
-8.12524
2.15878
-6.90154
-73.1397
14.1182
-6.89707
-58.2244
11.3734
-6.71612
-43.4155
8.62361
-6.00787
-29.5213
5.85295
-4.82249
-17.2233
3.59716
-3.53818
-7.79501
1.25399
10.6479
-111.296
22.7023
6.99971
-59.2943
12.3827
6.68644
-44.4471
9.60307
4.86335
-24.4516
5.56314
4.38231
-18.0839
4.11382
2.90944
-8.15721
1.63126
-10.0488
-74.1783
14.125
-9.99479
-59.2557
11.4281
-9.7407
-44.3772
8.77589
-8.65395
-30.4868
6.33513
-7.5064
-17.9294
4.05133
-5.78489
-8.19359
1.86024
34.4063
-265.095
55.1553
42.0184
-256.956
55.2165
30.4365
-142.423
32.4725
16.3838
-60.1889
14.3088
19.3073
-50.718
12.5288
11.795
-15.5096
3.43331
-33.5947
-264.855
51.0746
-33.002
-205.16
40.1839
-24.9024
-119.978
23.5661
-31.2605
-110.279
24.2704
-21.2261
-50.0044
10.6393
-12.7561
-18.2792
1.6324
-8.72163
-400.413
79.688
-8.82388
-310.689
63.3028
-9.91882
-248.042
52.9577
-8.03937
-142.336
31.3191
-9.33544
-75.1405
17.5161
-6.3482
-17.9856
4.15112
9.71326
-394.316
79.6941
7.40816
-253.744
52.9046
8.29854
-217.134
47.875
9.37904
-153.603
36.0937
5.66287
-72.2633
17.6168
3.82821
-23.3878
5.54202
2.55023
-7.19246
1.61753
-1.21234
-3.25495
1.33387
0.486501
-324.187
63.912
-10.579
-8.83954
1.03088
-0.109266
0.931831
-0.210533
5.25916
-4.58652
0.180042
30.2308
-257.936
53.0162
34.1137
-235.28
49.6707
32.6085
-175.995
38.8416
40.3701
-160.341
37.9174
22.3597
-71.7139
17.6716
16.0903
-32.5594
7.75397
-37.8823
-331.448
63.5539
-41.6519
-293.76
56.9913
-32.2533
-175.798
34.7302
-28.3573
-119.808
24.7097
-24.0075
-70.5371
15.2451
-17.8413
-32.2418
6.14098
-8.95962
-463.675
91.4629
-7.41931
-296.146
59.6231
-8.98456
-266.022
55.2618
-6.73599
-154.989
34.1976
-9.05722
-106.906
24.5643
-9.65314
-47.047
10.8615
8.64708
-384.065
76.8524
9.45369
-349.514
71.5116
8.51561
-260.279
55.4627
7.33815
-154.058
34.3632
6.69335
-102.703
24.6685
4.64661
-45.6507
11.2241
5.35011
-12.612
2.22071
3.57078
-24.7052
5.58399
