5.00547
-38.9991
8.40707
-4.96443
-58.483
11.8744
-0.336283
-0.186047
-0.122125
0.192268
0.015165
0.0843495
3.4028
-39.4798
8.40137
-7.36939
-59.2284
11.8848
-0.174396
-0.0175555
0.10019
0.187167
-0.0945653
-0.113685
9.96655
-63.664
14.0546
9.72076
-49.2197
11.3079
11.3377
-43.6921
10.8705
5.82557
-16.9902
4.59031
5.89343
-12.0523
3.3797
3.58651
-4.35504
1.26019
-6.62753
-63.5974
13.0736
-6.56552
-49.0794
10.2691
-4.59397
-26.4143
5.51202
-6.4692
-27.3265
6.22146
-4.03654
-11.7414
2.50408
-2.50365
-4.08947
0.215642
6.77928
-64.6031
14.0237
6.57705
-50.1118
11.1932
6.81205
-40.0219
9.37991
3.79125
-17.5368
4.05266
3.46309
-12.3226
2.92718
2.14977
-4.10248
0.624529
-9.83744
-64.5577
13.0976
-9.70248
-50.0529
10.3558
-6.74273
-27.0983
5.77183
-9.89084
-28.3932
6.77858
-6.61537
-12.2157
3.00352
-2.98354
-3.79487
0.621006
2.54353
-116.988
24.4946
1.96657
-1.88402
0.493158
8.3945
-78.4832
16.8006
-1.65403
-1.60344
-0.163048
-16.3505
-156.955
31.6818
0.630499
0.349435
-0.125729
-0.988502
-0.395101
0.162078
0.869485
-0.279868
0.0847219
-1.48188
-78.9578
16.3321
1.38999
-1.90177
-0.321545
-2.11269
-2.14749
0.656958
-0.154478
0.0984179
-0.0163672
10.0008
-70.8598
15.4388
9.88334
-56.4404
12.6704
9.45973
-42.0714
9.96434
8.74205
-28.2885
7.35515
6.80281
-16.961
4.66171
4.87526
-7.83459
2.18625
-6.6231
-70.8202
14.4654
-6.61779
-56.3416
11.664
-6.43942
-41.9734
8.85759
-5.7474
-28.5092
6.03366
-4.59723
-16.6162
3.71971
-3.36546
-7.51222
1.33179
10.2106
-107.721
23.1287
6.70866
-57.3472
12.6104
6.40034
-42.9406
9.77471
4.64604
-23.5882
5.65871
4.16117
-17.4132
4.18825
2.74784
-7.84015
1.67855
-9.83515
-71.7955
14.4722
-9.78031
-57.3095
11.7181
-9.52613
-42.8741
9.00714
-8.45658
-29.4153
6.50471
-7.32688
-17.2709
4.16059
-5.63797
-7.88791
1.9156
33.3717
-256.558
56.1789
40.7365
-248.473
56.2077
29.4773
-137.557
33.0181
15.8434
-58.0678
14.5248
18.6328
-48.8508
12.715
11.3795
-14.9082
3.51181
-32.613
-256.322
52.35
-32.0238
-198.384
41.2291
-24.1409
-115.889
24.2337
-30.2601
-106.367
24.9372
-20.5212
-48.1725
10.9847
-12.3329
-17.5759
1.82249
-8.9557
-387.421
81.4123
-9.04762
-300.33
64.6811
-10.1436
-239.465
54.106
-8.22072
-137.173
32.0285
-9.40462
-72.3019
17.9252
-6.3286
-17.2905
4.2926
9.86898
-381.703
81.4189
7.54264
-245.432
54.056
8.45968
-209.801
48.8996
9.52359
-148.25
36.8819
5.81677
-69.6813
18.0293
3.95517
-22.509
5.71517
2.6207
-6.89196
1.66855
-1.24087
-3.12512
1.36417
0.45898
-313.916
65.2865
-10.231
-8.48483
1.09569
-0.111341
0.903829
-0.22087
5.07072
-4.40059
0.231443
29.3245
-249.706
54.0109
33.0818
-227.616
50.5798
31.5974
-170.091
39.5191
39.0791
-154.756
38.5216
21.594
-69.1248
17.9273
15.5219
-31.3365
7.88596
-36.7782
-320.869
65.1162
-40.4263
-284.187
58.4419
-31.2854
-169.902
35.6599
-27.4663
-115.646
25.3998
-23.224
-67.9952
15.7004
-17.2434
-31.0375
6.39362
-9.20502
-448.782
93.4357
-7.61085
-286.415
60.9175
-9.19753
-256.997
56.467
-6.91687
-149.524
34.9216
-9.17781
-102.945
25.1075
-9.65798
-45.2386
11.1596
8.7823
-371.887
78.5099
9.61185
-338.215
73.0645
8.67934
-251.629
56.6683
7.46566
-148.765
35.1272
6.84631
-99.0796
25.2198
4.79499
-43.9944
11.5095
5.02791
-12.1097
2.33516
3.41738
-23.8445
5.68372
