4.96349
-38.545
8.45213
-4.89065
-57.8019
11.9586
-0.33074
-0.182968
-0.120706
0.190497
0.014708
0.0838798
3.35126
-39.0146
8.44644
-7.30996
-58.5306
11.969
-0.172837
-0.0176426
0.099529
0.183018
-0.0923838
-0.112131
9.88268
-62.9125
14.1281
9.63775
-48.6265
11.3642
11.2384
-43.1497
10.9184
5.77308
-16.7753
4.60582
5.83958
-11.896
3.39055
3.55441
-4.2976
1.26309
-6.5289
-62.8462
13.1693
-6.46704
-48.487
10.348
-4.52281
-26.0872
5.55939
-6.3621
-26.977
6.27831
-3.96594
-11.588
2.53444
-2.45829
-4.03322
0.237025
6.67622
-63.8294
14.0973
6.47496
-49.4964
11.2502
6.70221
-39.5131
9.42546
3.7263
-17.305
4.07354
3.3959
-12.1516
2.94366
2.10357
-4.04233
0.638892
-9.75794
-63.7843
13.1933
-9.6228
-49.4383
10.4342
-6.68577
-26.7555
5.81701
-9.80468
-28.0166
6.83006
-6.5544
-12.0495
3.02775
-2.95638
-3.7446
0.629112
2.55428
-115.626
24.6465
1.94993
-1.85911
0.494732
8.30104
-77.5638
16.8907
-1.62467
-1.57913
-0.150894
-16.1732
-155.117
31.9064
0.629082
0.34613
-0.122609
-0.975272
-0.390496
0.158774
0.857037
-0.276842
0.0821268
-1.49388
-78.0275
16.4333
1.36026
-1.8727
-0.303602
-2.09393
-2.12082
0.657871
-0.155632
0.0974023
-0.0145715
9.91686
-70.0298
15.5207
9.79974
-55.7678
12.7353
9.378
-41.5575
10.0118
8.66391
-27.9326
7.38485
6.74089
-16.7433
4.67746
4.83085
-7.73217
2.19337
-6.52463
-69.9903
14.5694
-6.51907
-55.6695
11.7513
-6.34181
-41.4602
8.92818
-5.65596
-28.1503
6.08874
-4.51865
-16.4017
3.75724
-3.30545
-7.41264
1.35641
10.0559
-106.443
23.2516
6.60585
-56.6525
12.6757
6.29956
-42.4049
9.82353
4.56981
-23.2824
5.68561
4.08427
-17.1768
4.20928
2.69201
-7.72887
1.69269
-9.75582
-70.9434
14.5762
-9.70075
-56.6152
11.8052
-9.44679
-42.3396
9.07666
-8.38402
-29.0357
6.55561
-7.26126
-17.0386
4.19331
-5.58462
-7.78037
1.93229
32.9985
-253.507
56.4731
40.275
-245.45
56.4901
29.1333
-135.829
33.1713
15.6505
-57.3172
14.5839
18.3936
-48.1931
12.7654
11.2324
-14.6975
3.53451
-32.2586
-253.272
52.7325
-31.6711
-195.97
41.5433
-23.8674
-114.437
24.4357
-29.9027
-104.985
25.1376
-20.2704
-47.527
11.0898
-12.1827
-17.3291
1.88378
-9.02715
-382.779
81.9198
-9.11531
-296.64
65.0861
-10.2106
-236.422
54.4423
-8.27461
-135.35
32.2368
-9.41991
-71.3034
18.0453
-6.31689
-17.0468
4.33562
9.91299
-377.195
81.9267
7.58146
-242.47
54.3944
8.5065
-207.196
49.1991
9.56375
-146.357
37.112
5.86304
-68.7708
18.1504
3.9939
-22.2008
5.76731
2.6418
-6.78737
1.68383
-1.24928
-3.07979
1.37299
0.449182
-310.239
65.6915
-10.1073
-8.36086
1.11612
-0.111953
0.893773
-0.224111
5.00416
-4.33568
0.248114
28.9976
-246.762
54.2976
32.7098
-224.881
50.8401
31.234
-167.99
39.7109
38.6168
-152.778
38.6891
21.3218
-68.211
17.9963
15.3206
-30.9066
7.92254
-36.3794
-317.084
65.5843
-39.9842
-280.771
58.8774
-30.937
-167.805
35.9399
-27.1473
-114.171
25.608
-22.9448
-67.098
15.8382
-17.031
-30.614
6.4718
-9.28015
-443.456
94.0167
-7.669
-282.943
61.2983
-9.26137
-253.789
56.8208
-6.97177
-147.589
35.1325
-9.21047
-101.55
25.2662
-9.65166
-44.6037
11.2486
8.82031
-367.53
78.998
9.65691
-334.181
73.5213
8.72696
-248.551
57.022
7.50194
-146.889
35.3513
6.89152
-97.7999
25.3809
4.84018
-43.4115
11.5939
4.91704
-11.934
2.37079
3.36342
-23.5394
5.71201
