4.91937
-38.0753
8.49367
-4.81466
-57.0974
12.0381
-0.325092
-0.179832
-0.119244
0.188656
0.0142457
0.0833771
3.29822
-38.5335
8.488
-7.24739
-57.8089
12.0484
-0.171215
-0.0177227
0.0988295
0.178819
-0.090179
-0.110539
9.79459
-62.136
14.1956
9.55067
-48.0146
11.4155
11.1346
-42.5913
10.9614
5.7183
-16.5544
4.61921
5.78352
-11.7359
3.39978
3.521
-4.23885
1.26537
-6.42733
-62.07
13.2596
-6.36568
-47.876
10.4226
-4.44972
-25.7504
5.6044
-6.2525
-26.6181
6.33236
-3.89394
-11.4309
2.56359
-2.41215
-3.97574
0.258182
6.57016
-63.0301
14.165
6.37003
-48.8617
11.3022
6.58954
-38.9895
9.46683
3.65989
-17.067
4.09254
3.32753
-11.9766
2.95872
2.05674
-3.98096
0.652846
-9.67426
-62.9853
13.2835
-9.53903
-48.8045
10.5082
-6.62605
-26.4027
5.85968
-9.71462
-27.6301
6.87847
-6.49091
-11.8792
3.05057
-2.92812
-3.69312
0.63689
2.56405
-114.217
24.7882
1.93258
-1.83366
0.496049
8.20395
-76.613
16.9739
-1.5948
-1.55437
-0.13876
-15.9889
-153.215
32.1182
0.627401
0.342687
-0.119458
-0.961711
-0.38576
0.15542
0.844304
-0.273726
0.0795066
-1.50531
-77.0652
16.5278
1.33014
-1.8431
-0.285668
-2.0744
-2.09349
0.658485
-0.156713
0.0963468
-0.0127818
9.82866
-69.1717
15.596
9.71198
-55.0734
12.7948
9.29236
-41.028
10.0549
8.58224
-27.5667
7.41118
6.67637
-16.5199
4.691
4.78463
-7.6273
2.19942
-6.42321
-69.1323
14.6675
-6.41743
-54.9756
11.8337
-6.24144
-40.9313
8.99501
-5.56219
-27.7813
6.14118
-4.43838
-16.1817
3.79306
-3.24433
-7.3107
1.38033
9.89674
-105.122
23.3648
6.5001
-55.9354
12.7356
6.19607
-41.853
9.86806
4.49172
-22.9682
5.70994
4.00587
-16.9344
4.22835
2.63532
-7.61509
1.70597
-9.67232
-70.0625
14.6744
-9.61705
-55.8985
11.8874
-9.36347
-41.789
9.14233
-8.30806
-28.6456
6.60362
-7.1928
-16.8005
4.22411
-5.52917
-7.67031
1.94805
32.611
-250.355
56.7433
39.7962
-242.332
56.748
28.777
-134.051
33.3097
15.4515
-56.5463
14.6363
18.1476
-47.5195
12.8096
11.0814
-14.4824
3.55536
-31.8901
-250.122
53.0936
-31.3049
-193.479
41.8402
-23.584
-112.942
24.6271
-29.5335
-103.565
25.3267
-20.0121
-46.8657
11.1897
-12.028
-17.0769
1.94389
-9.09519
-377.985
82.3934
-9.17938
-292.835
65.4635
-10.2734
-233.291
54.7548
-8.32509
-133.479
32.4305
-9.43117
-70.2812
18.1568
-6.30256
-16.7978
4.37644
9.95326
-372.538
82.4003
7.61746
-239.414
54.7096
8.55006
-204.515
49.477
9.59997
-144.412
37.3253
5.90682
-67.8378
18.2628
4.03079
-21.886
5.81648
2.66165
-6.68099
1.69819
-1.25711
-3.03363
1.38114
0.43917
-306.436
66.0696
-9.98014
-8.23445
1.13589
-0.112525
0.883362
-0.227243
4.93587
-4.26955
0.264487
28.6579
-243.719
54.5615
32.3237
-222.058
51.0786
30.8573
-165.826
39.8853
38.1385
-150.744
38.8391
21.0416
-67.2737
18.0569
15.1138
-30.4668
7.95522
-35.9647
-313.172
66.026
-39.5247
-277.245
59.2887
-30.5755
-165.644
36.2047
-26.8174
-112.655
25.8049
-22.6567
-66.1779
15.9687
-16.8124
-30.1806
6.54679
-9.35183
-437.95
94.559
-7.72418
-279.359
61.6533
-9.32146
-250.483
57.15
-7.02387
-145.599
35.3278
-9.23919
-100.119
25.4131
-9.64128
-43.9545
11.3321
8.85497
-363.025
79.4537
9.69836
-330.017
73.9472
8.77132
-245.379
57.3511
7.53522
-144.96
35.5597
6.9339
-96.4873
25.5303
4.88323
-42.8149
11.6726
4.80469
-11.755
2.40503
3.30807
-23.2257
5.73774
