4.77417
-36.5735
8.59691
-4.57293
-54.8449
12.2476
-0.307591
-0.170133
-0.114617
0.18274
0.0128268
0.0816779
3.12983
-36.9953
8.59133
-7.04053
-55.5015
12.2578
-0.165992
-0.0179217
0.0965088
0.165991
-0.0834612
-0.105565
9.50481
-59.6593
14.3615
9.26496
-46.0697
11.5391
10.7954
-40.8259
11.0603
5.54046
-15.8591
4.64614
5.60258
-11.2345
3.41743
3.41331
-4.05591
1.26829
-6.1043
-59.5946
13.4984
-6.04388
-45.9343
10.6204
-4.21883
-24.6849
5.72501
-5.90901
-25.4898
6.47733
-3.66993
-10.9389
2.64354
-2.26941
-3.7969
0.320068
6.23366
-60.481
14.3317
6.03796
-46.8449
11.4286
6.23472
-37.3343
9.56521
3.45226
-16.3182
4.13804
3.1161
-11.4295
2.99504
1.91302
-3.79064
0.691974
-9.39766
-60.4373
13.5219
-9.26275
-46.7906
10.7039
-6.43022
-25.2867
5.97229
-9.42126
-26.4154
7.00467
-6.2857
-11.3465
3.11019
-2.83697
-3.53224
0.658121
2.58777
-109.712
25.1526
1.87648
-1.75461
0.498378
7.89063
-73.573
17.1806
-1.50249
-1.47787
-0.102632
-15.3924
-147.135
32.6768
0.620787
0.331534
-0.10986
-0.919209
-0.370845
0.145094
0.804566
-0.2639
0.0715181
-1.53618
-73.9889
16.7706
1.23785
-1.75175
-0.232202
-2.01141
-2.00798
0.658482
-0.159486
0.0929416
-0.00747724
9.53838
-66.4309
15.7825
9.42357
-52.8621
12.9397
9.01198
-39.3489
10.157
8.31621
-26.4126
7.46943
6.46766
-15.8188
4.71802
4.63567
-7.29974
2.21091
-6.10062
-66.3921
14.9267
-6.09437
-52.7663
12.0521
-5.92335
-39.2545
9.1727
-5.26697
-26.6171
6.28243
-4.18786
-15.4912
3.88986
-3.05475
-6.99234
1.44761
9.39148
-100.901
23.645
6.16492
-53.6521
12.8821
5.8692
-40.1033
9.97524
4.24642
-21.9775
5.76712
3.76232
-16.1745
4.27334
2.46065
-7.2605
1.74029
-9.39623
-67.2494
14.9334
-9.34062
-53.6167
12.1046
-9.08926
-40.0435
9.31587
-8.05988
-27.4149
6.72987
-6.97068
-16.0539
4.30459
-5.35062
-7.32654
1.98952
31.3611
-240.303
57.4081
38.2553
-232.423
57.3715
27.6357
-128.429
33.6338
14.8179
-54.1194
14.7518
17.3712
-45.4119
12.9044
10.6062
-13.8144
3.60607
-30.698
-240.075
54.0475
-30.1226
-185.565
42.626
-22.6737
-108.213
25.1377
-28.3557
-99.1013
25.8243
-19.193
-44.796
11.457
-11.5393
-16.292
2.11641
-9.27806
-362.693
83.6074
-9.34892
-280.745
66.4267
-10.4354
-223.391
55.5458
-8.45518
-127.597
32.9219
-9.44007
-67.0861
18.4384
-6.24377
-16.024
4.4848
10.0529
-357.682
83.615
7.70973
-229.705
55.5144
8.66214
-196.037
50.178
9.68564
-138.299
37.8612
6.02352
-64.9186
18.5467
4.13024
-20.9085
5.94521
2.71352
-6.35355
1.73534
-1.27692
-2.89118
1.40134
0.40845
-294.276
67.0417
-9.57854
-7.84292
1.19103
-0.113991
0.850029
-0.235933
4.72156
-4.06527
0.311452
27.5621
-233.998
55.2145
31.0797
-213.067
51.6609
29.6479
-158.964
40.3011
36.6097
-144.331
39.1806
20.1542
-64.3331
18.1863
14.4625
-29.0952
8.02869
-34.6228
-300.678
67.192
-38.0397
-266.016
60.3763
-29.4107
-158.792
36.9066
-25.7618
-107.872
26.3266
-21.7406
-63.2909
16.3154
-16.1209
-28.8277
6.7516
-9.54549
-420.367
95.9516
-7.87109
-267.95
62.5619
-9.47808
-240.006
57.9879
-7.16266
-139.328
35.8172
-9.30076
-95.6344
25.7817
-9.58538
-41.931
11.548
8.93988
-348.638
80.6237
9.80237
-316.757
75.0372
8.88613
-235.324
58.1881
7.61764
-138.877
36.0883
7.04465
-92.37
25.9058
4.99952
-40.9534
11.8734
4.46016
-11.2007
2.49861
3.13379
-22.2353
5.79919
