4.55667
-48.3952
1.8344
-6.33406
-72.6227
0.426076
-0.61885
-0.346964
-0.185272
0.25874
0.0390097
0.0928728
4.46898
-49.9579
1.83656
-6.46978
-74.9326
0.412343
-0.232025
-0.0119954
0.112639
0.431476
-0.237544
-0.177194
9.20278
-81.8219
3.51898
9.44081
-66.6379
3.3085
11.9686
-63.3625
3.73809
6.69365
-25.912
1.99166
7.38136
-19.4446
1.72759
4.64173
-7.34566
0.818009
-8.4744
-81.8812
0.446516
-8.6243
-66.6327
0.321396
-6.54743
-37.9829
0.0168016
-10.4772
-42.4153
-0.338948
-7.25379
-18.9569
-0.642513
-4.81655
-6.98252
-1.40497
8.9851
-84.9496
3.54783
9.14129
-69.702
3.35183
10.2252
-59.8421
3.25964
6.35814
-27.908
1.59607
6.84391
-21.2545
1.18605
4.68726
-7.83994
-0.342208
-8.68885
-84.9696
0.406243
-8.96786
-69.6334
0.263704
-6.85573
-40.133
0.0850445
-11.1119
-45.817
0.025895
-8.15197
-20.7432
-0.0431755
-3.83118
-6.56874
-0.248293
0.486284
-145.218
3.15162
2.52965
-3.25199
0.308767
9.02844
-98.3524
3.67346
-3.18607
-2.94645
-1.00869
-17.1361
-196.729
1.1096
0.502146
0.451951
-0.283133
-1.59858
-0.60309
0.310306
1.48577
-0.444182
0.261675
0.147734
-99.9218
2.10091
3.03411
-3.89659
-1.30027
-2.76135
-3.7196
0.29457
-0.0246263
0.103896
-0.133468
9.13742
-89.29
3.59568
9.3107
-74.2952
3.4277
9.55303
-58.7799
3.16099
9.53039
-42.3563
2.85519
8.24053
-26.7154
2.18638
6.23937
-12.9129
1.1944
-8.44956
-89.3494
0.495174
-8.53294
-74.3313
0.398286
-8.71581
-58.7067
0.209067
-8.66714
-42.4598
-0.165973
-7.91219
-26.2611
-0.433968
-6.2723
-12.4081
-0.952852
13.4126
-138.632
5.42147
9.05827
-77.4132
3.46937
9.18001
-61.7585
3.17339
7.26416
-36.5368
2.13286
7.72777
-28.9954
1.74607
5.70604
-14.0361
0.463636
-8.63673
-92.4392
0.47739
-8.81227
-77.3924
0.338346
-9.13501
-61.6381
0.177114
-9.09462
-45.2585
0.0267161
-8.62971
-28.5622
-0.014976
-7.22888
-13.692
-0.130316
36.378
-333.552
14.1073
46.1707
-340.834
16.7179
36.0022
-202.261
11.576
21.2978
-90.1691
6.1395
27.9739
-81.6281
6.24512
17.7041
-27.0253
1.66959
-34.4153
-333.704
1.70922
-35.0452
-272.557
1.22295
-28.6429
-169.329
0.179282
-39.9103
-167.936
-0.167954
-29.2597
-80.0752
-1.02646
-18.402
-30.9111
-3.32961
0.956323
-509.866
11.8314
0.768218
-418.182
10.8534
-0.13525
-357.94
10.3297
-0.630008
-220.987
6.5101
-4.03735
-124.614
3.68247
-4.77274
-31.9986
0.0256674
2.26513
-491.256
11.8268
2.1479
-333.382
9.0213
2.33784
-303.861
9.35104
2.71247
-229.787
7.82814
0.58771
-113.263
3.75348
-0.15102
-38.9986
0.58093
0.183619
-13.0414
0.32236
-0.233016
-6.44319
0.435771
0.918049
-393.44
8.43923
-15.4196
-15.7151
-0.925424
-0.11828
1.13986
0.0858534
8.06916
-8.53702
-0.619368
31.6771
-317.989
12.5861
36.6505
-303.43
13.7924
37.2043
-241.148
12.7313
49.29
-235.936
14.8469
31.1532
-111.808
8.27402
23.8917
-54.0562
3.9371
-38.5655
-409.048
2.18038
-43.3957
-379.31
1.88211
-35.3407
-240.8
0.832598
-34.6652
-175.281
-0.080284
-31.9129
-110.042
-0.648971
-25.2832
-53.0825
-1.8279
0.89
-577.707
12.7507
0.832246
-387.222
9.48328
0.416478
-370.355
10.1154
-0.0104346
-231.315
7.13583
-2.37959
-171.756
5.4601
-6.08771
-80.6909
1.53054
1.83829
-468.991
10.6893
2.40773
-446.058
11.4017
2.49707
-352.577
10.1453
2.07134
-222.679
6.93812
1.30139
-157.442
5.39474
-0.0206062
-73.2751
2.15056
11.077
-23.288
-0.143136
5.14199
-36.167
1.85431
