4.60954
-34.9352
8.66756
-4.30986
-52.3878
12.4138
-0.28939
-0.160079
-0.109657
0.176279
0.0113619
0.0797048
2.94742
-35.317
8.66212
-6.80425
-52.9838
12.4237
-0.160269
-0.0180591
0.0938685
0.152934
-0.0766564
-0.100333
9.17659
-56.9679
14.4716
8.9426
-43.9685
11.6161
10.4154
-38.9341
11.1125
5.34302
-15.1196
4.65248
5.40364
-10.7061
3.41934
3.29525
-3.865
1.26505
-5.75286
-56.9049
13.6884
-5.69478
-43.8369
10.7787
-3.97031
-23.542
5.82367
-5.54404
-24.2924
6.59577
-3.43491
-10.4205
2.7117
-2.12117
-3.61042
0.379139
5.8694
-57.71
14.4426
5.67999
-44.6653
11.5092
5.85511
-35.5602
9.62393
3.23269
-15.5218
4.16565
2.89644
-10.8537
3.01741
1.7656
-3.59304
0.726491
-9.08182
-57.6679
13.7114
-8.94831
-44.6145
10.8592
-6.20927
-24.0895
6.06127
-9.09369
-25.126
7.10135
-6.05922
-10.7851
3.15603
-2.73679
-3.36319
0.675965
2.60364
-104.797
25.4247
1.81477
-1.67254
0.498124
7.54396
-70.2563
17.3222
-1.40681
-1.3989
-0.067199
-14.7288
-140.502
33.1196
0.611829
0.319174
-0.100114
-0.874298
-0.355002
0.134447
0.762851
-0.253474
0.0633806
-1.5616
-70.6324
16.9519
1.14347
-1.65773
-0.179767
-1.94226
-1.91812
0.655638
-0.161514
0.0891823
-0.00232252
9.20935
-63.4459
15.9083
9.09739
-50.4653
13.0335
8.69661
-37.5414
10.2172
8.01921
-25.1812
7.49545
6.23732
-15.0768
4.72378
4.47225
-6.95609
2.21189
-5.74955
-63.4081
15.1325
-5.74324
-50.3722
12.2263
-5.57928
-37.4497
9.31568
-4.95098
-25.3741
6.39912
-3.92352
-14.7606
3.97016
-2.85688
-6.6583
1.50771
8.84416
-96.3043
23.8346
5.80266
-51.1767
12.9778
5.51793
-38.2195
10.0418
3.98513
-20.9202
5.79984
3.50739
-15.3709
4.29928
2.28034
-6.88919
1.76579
-9.08086
-64.1853
15.1391
-9.0254
-51.1433
12.2773
-8.77815
-38.1643
9.45358
-7.78145
-26.1007
6.82868
-6.72407
-15.2641
4.3665
-5.15462
-6.96551
2.02182
29.9797
-229.377
57.8494
36.5577
-221.715
57.7638
26.3868
-122.402
33.8171
14.1318
-51.5369
14.8027
16.5416
-43.1926
12.9395
10.1012
-13.1201
3.63784
-29.3728
-229.157
54.8058
-28.8126
-177.014
43.2523
-21.6728
-103.14
25.5507
-27.0749
-94.3611
26.2139
-18.311
-42.615
11.6735
-11.0163
-15.4721
2.27587
-9.42731
-346.073
84.5073
-9.48239
-267.681
67.1316
-10.5556
-212.781
56.1116
-8.55167
-121.351
33.2743
-9.4102
-63.7249
18.6368
-6.16107
-15.2176
4.57066
10.1232
-341.54
84.5156
7.78047
-219.217
56.1039
8.7483
-186.951
50.6752
9.7379
-131.81
38.236
6.11871
-61.8458
18.747
4.21253
-19.8929
6.04413
2.75349
-6.01817
1.76304
-1.29091
-2.74474
1.41482
0.377928
-281.009
67.7679
-9.14961
-7.4374
1.23933
-0.115058
0.81363
-0.243477
4.49478
-3.85473
0.354518
26.3501
-223.41
55.6557
29.7064
-203.321
52.0389
28.3198
-151.577
40.5514
34.9422
-137.488
39.3541
19.2012
-61.2213
18.234
13.7689
-27.658
8.06344
-33.13
-287.07
68.1178
-36.3913
-253.846
61.2419
-28.1239
-151.414
37.4677
-24.6083
-102.766
26.742
-20.7494
-60.2363
16.5923
-15.3793
-27.4083
6.92455
-9.70543
-401.213
96.9884
-7.98845
-255.583
63.2319
-9.59707
-228.728
58.5959
-7.27385
-132.634
36.1575
-9.32369
-90.8951
26.0377
-9.49153
-39.8127
11.7095
8.99815
-332.97
81.4948
9.87831
-302.388
75.841
8.97585
-224.503
58.7944
7.67515
-132.386
36.468
7.13172
-88.0179
26.168
5.09651
-39.0037
12.0187
4.10712
-10.6273
2.57709
2.94748
-21.1763
5.83632
