4.48904
-33.7692
8.69626
-4.12237
-50.639
12.5004
-0.276942
-0.153223
-0.10618
0.171696
0.0103608
0.078245
2.81805
-34.1221
8.69094
-6.63017
-51.1913
12.5101
-0.156198
-0.0181166
0.0919389
0.144166
-0.0721079
-0.0967249
8.93653
-55.0585
14.5132
8.70752
-42.4852
11.641
10.1399
-37.6084
11.1207
5.20093
-14.6048
4.64491
5.26167
-10.3414
3.41156
3.21125
-3.73444
1.25934
-5.5025
-54.997
13.7878
-5.44668
-42.3567
10.8621
-3.79488
-22.7403
5.87707
-5.28926
-23.4603
6.65965
-3.27267
-10.0625
2.75035
-2.0198
-3.48288
0.416737
5.61123
-55.7435
14.4851
5.42714
-43.1261
11.537
5.5887
-34.3161
9.64047
3.08014
-14.9671
4.17382
2.74616
-10.4564
3.02426
1.66588
-3.45836
0.746678
-8.84918
-55.7027
13.8102
-8.7173
-43.078
10.9402
-6.04806
-23.2493
6.1072
-8.85672
-24.2294
7.14894
-5.89692
-10.3974
3.17866
-2.6653
-3.24678
0.685871
2.61014
-101.299
25.5542
1.77079
-1.61671
0.49645
7.2944
-67.8952
17.3799
-1.34152
-1.34537
-0.0441084
-14.2485
-135.78
33.3501
0.604572
0.310282
-0.0935723
-0.843197
-0.343996
0.127211
0.734124
-0.246254
0.0578969
-1.57536
-68.2426
17.0381
1.07983
-1.59415
-0.145666
-1.89298
-1.85629
0.652136
-0.16243
0.0864835
0.00100229
8.96855
-61.3245
15.958
8.85909
-48.7688
13.0668
8.46722
-36.2697
10.2335
7.80446
-24.3215
7.49438
6.07238
-14.5625
4.71542
4.35587
-6.71985
2.20649
-5.49937
-61.2875
15.24
-5.49329
-48.6778
12.3178
-5.33536
-36.1798
9.39147
-4.72899
-24.5058
6.46302
-3.74011
-14.2545
4.01426
-2.72095
-6.42859
1.54357
8.456
-93.0357
23.9098
5.54624
-49.4239
13.0129
5.27047
-36.8933
10.0631
3.80244
-20.1816
5.80768
3.33184
-14.814
4.30564
2.15768
-6.63412
1.77762
-8.84849
-62.0068
15.2464
-8.79344
-49.392
12.3673
-8.55014
-36.8416
9.52514
-7.57922
-25.1821
6.87894
-6.54648
-14.7167
4.39715
-5.0148
-6.71691
2.03806
28.9861
-221.624
58.0172
35.3398
-214.154
57.8941
25.4959
-118.176
33.8591
13.6466
-49.7376
14.7997
15.9616
-41.6609
12.9286
9.74988
-12.6466
3.64791
-28.4143
-221.41
55.2018
-27.8676
-170.978
43.5801
-20.9554
-99.5817
25.7709
-26.1653
-91.0646
26.4121
-17.69
-41.1087
11.7886
-10.6503
-14.9104
2.37426
-9.50705
-334.279
84.9302
-9.5501
-258.457
67.4556
-10.6112
-205.342
56.3609
-8.5964
-117.007
33.4298
-9.36803
-61.4062
18.7213
-6.09259
-14.6664
4.61472
10.155
-330.09
84.9391
7.81674
-211.816
56.3751
8.79235
-180.582
50.8907
9.75483
-127.3
38.3939
6.17049
-59.7266
18.8326
4.25771
-19.201
6.09273
2.77332
-5.79254
1.77597
-1.29683
-2.64589
1.41991
0.358406
-271.565
68.1138
-8.84997
-7.16164
1.26748
-0.115534
0.787721
-0.247821
4.33761
-3.71226
0.380718
25.4779
-215.883
55.8301
28.7197
-196.421
52.175
27.3696
-146.378
40.6242
33.7558
-132.709
39.3737
18.532
-59.0642
18.2189
13.2856
-26.6707
8.06416
-32.0498
-277.398
68.6008
-35.2004
-245.231
61.6945
-27.1979
-146.222
37.7623
-23.7859
-99.1974
26.9586
-20.0486
-58.1188
16.7369
-14.859
-26.4319
7.02134
-9.79227
-387.596
97.4794
-8.04928
-246.827
63.5438
-9.65423
-220.791
58.8709
-7.33183
-127.958
36.2994
-9.31656
-87.6122
26.1439
-9.40752
-38.3579
11.7855
9.02326
-321.835
81.9074
9.91462
-292.218
76.2153
9.02295
-216.891
59.0681
7.70031
-127.854
36.6364
7.17712
-85.0048
26.2781
5.15048
-37.6652
12.0834
3.86856
-10.238
2.62033
2.81687
-20.4354
5.84719
