4.42559
-33.1646
8.70504
-4.02501
-49.7322
12.5364
-0.270637
-0.149758
-0.104394
0.169326
0.00985327
0.0774733
2.75107
-33.5024
8.69978
-6.53816
-50.2616
12.5459
-0.15409
-0.018135
0.0909249
0.139776
-0.0698364
-0.0948896
8.8102
-54.0704
14.5245
8.58402
-41.7199
11.6453
9.99557
-36.9272
11.1167
5.12684
-14.3414
4.63753
5.188
-10.1557
3.40492
3.16775
-3.66838
1.25541
-5.3725
-54.0097
13.8293
-5.31804
-41.593
10.8971
-3.70428
-22.3282
5.90002
-5.15854
-23.035
6.68702
-3.19
-9.88022
2.7676
-1.96845
-3.41833
0.434964
5.47762
-54.7255
14.4968
5.29654
-42.3317
11.543
5.45162
-33.6766
9.64187
3.00211
-14.6831
4.17479
2.67002
-10.2541
3.02521
1.61571
-3.39032
0.755881
-8.72623
-54.6854
13.8513
-8.59539
-42.285
10.9738
-5.96332
-22.8173
6.12611
-8.73276
-23.7708
7.16761
-5.81248
-10.1999
3.18756
-2.6282
-3.18761
0.690211
2.61221
-99.4852
25.6032
1.74799
-1.58855
0.495152
7.16415
-66.6709
17.3976
-1.3085
-1.31842
-0.0327466
-13.9971
-133.332
33.4458
0.600562
0.305644
-0.0902955
-0.827332
-0.338373
0.123561
0.719519
-0.242574
0.055142
-1.58124
-67.0032
17.0708
1.04787
-1.56219
-0.128922
-1.86743
-1.82489
0.649901
-0.162753
0.0850776
0.00262617
8.84179
-60.2255
15.9724
8.73376
-47.8921
13.0747
8.34688
-35.6147
10.2344
7.69217
-23.8808
7.48823
5.98663
-14.3001
4.70752
4.29556
-6.59992
2.20194
-5.36945
-60.189
15.2847
-5.36358
-47.8022
12.3561
-5.20908
-35.5258
9.42346
-4.61467
-24.0605
6.49077
-3.64637
-13.9962
4.03344
-2.65189
-6.31194
1.5602
8.25506
-91.3419
23.9318
5.41363
-48.5177
13.0216
5.14286
-36.2101
10.0668
3.70865
-19.8027
5.80735
3.24253
-14.5298
4.30548
2.09576
-6.50463
1.78194
-8.72567
-60.8779
15.291
-8.67093
-48.4867
12.4048
-8.42998
-36.1602
9.5548
-7.47321
-24.7108
6.89933
-6.45383
-14.4372
4.40923
-4.94224
-6.59053
2.04457
28.4677
-217.612
58.0627
34.7055
-210.252
57.9193
25.0333
-116.004
33.8558
13.396
-48.8165
14.787
15.6641
-40.8811
12.9126
9.5702
-12.4073
3.64953
-27.9125
-217.401
55.3668
-27.3737
-167.862
43.7169
-20.5819
-97.752
25.8642
-25.6943
-89.3787
26.4925
-17.37
-40.3416
11.8373
-10.4624
-14.6256
2.42097
-9.54076
-328.174
85.088
-9.57733
-253.697
67.5733
-10.6313
-201.518
56.4467
-8.61271
-114.785
33.4834
-9.34016
-60.2262
18.7489
-6.05435
-14.3874
4.63269
10.1666
-324.165
85.0974
7.83179
-207.997
56.4738
8.81053
-177.31
50.9633
9.75805
-124.995
38.4449
6.19292
-58.6485
18.8608
4.27737
-18.8517
6.11172
2.78117
-5.67952
1.78075
-1.29874
-2.59626
1.42126
0.349032
-266.668
68.245
-8.69633
-7.02255
1.28032
-0.115696
0.774288
-0.24978
4.25741
-3.64062
0.393006
25.0227
-211.984
55.8809
28.2053
-192.855
52.2079
26.8755
-143.699
40.632
33.1409
-130.259
39.3543
18.1878
-57.9631
18.197
13.0382
-26.1695
8.05765
-31.4842
-272.386
68.8017
-34.5775
-240.778
61.8831
-26.7147
-143.547
37.8855
-23.359
-97.3673
27.0486
-19.6865
-57.0381
16.7971
-14.5915
-25.9359
7.06408
-9.82952
-380.539
97.6643
-8.07427
-242.301
63.6589
-9.67592
-216.703
58.9689
-7.35581
-125.56
36.3445
-9.30612
-85.9373
26.1774
-9.35903
-37.6195
11.8139
9.03186
-316.067
82.0628
9.92869
-286.963
76.3535
9.04288
-212.971
59.1652
7.70905
-125.531
36.6949
7.19612
-83.4682
26.3134
5.17426
-36.9862
12.106
3.74859
-10.0418
2.63912
2.74972
-20.055
5.84841
