4.36004
-32.5459
8.71007
-3.92525
-48.8044
12.5675
-0.264283
-0.146271
-0.102577
0.166907
0.00934122
0.0766744
2.6826
-32.8681
8.70489
-6.44285
-49.3101
12.5768
-0.151935
-0.0181465
0.0898788
0.135384
-0.0675689
-0.093035
8.67971
-53.0606
14.5293
8.4566
-40.9392
11.6443
9.847
-36.2344
11.1072
5.05077
-14.0741
4.62775
5.11261
-9.96803
3.39643
3.12329
-3.60186
1.25074
-5.23932
-53.0007
13.8653
-5.18638
-40.814
10.9276
-3.61179
-21.9089
5.92047
-5.02568
-22.6039
6.71131
-3.10635
-9.69596
2.78346
-1.91669
-3.35333
0.452799
5.34105
-53.6848
14.5021
5.16323
-41.521
11.5436
5.31204
-33.0259
9.63867
2.92297
-14.3949
4.17366
2.59327
-10.0496
3.02451
1.56537
-3.32188
0.764476
-8.5989
-53.6455
13.8869
-8.46924
-41.4759
11.0028
-5.87586
-22.3775
6.1423
-8.60521
-23.3058
7.18284
-5.7259
-10.0001
3.19485
-2.59023
-3.12783
0.694139
2.61352
-97.6293
25.6418
1.72468
-1.56026
0.493545
7.03032
-65.4178
17.4079
-1.27524
-1.29138
-0.0215149
-13.7381
-130.826
33.5284
0.5963
0.300881
-0.0870173
-0.811268
-0.332675
0.119891
0.704765
-0.238852
0.05238
-1.58644
-65.7347
17.0965
1.01586
-1.53016
-0.1124
-1.8413
-1.79318
0.647344
-0.162986
0.083635
0.00422265
8.71084
-59.1014
15.9799
8.60438
-46.9968
13.0767
8.22283
-34.9474
10.2305
7.57666
-23.4332
7.47833
5.89876
-14.0344
4.69713
4.23389
-6.47889
2.19615
-5.23633
-59.0655
15.3234
-5.23073
-46.9081
12.3893
-5.07996
-34.8595
9.4515
-4.49818
-23.6082
6.5157
-3.55131
-13.7347
4.0507
-2.58215
-6.19419
1.57596
8.04962
-89.6092
23.9435
5.27816
-47.5921
13.0246
5.01273
-35.5138
10.0657
3.61329
-19.4178
5.80417
3.15226
-14.2419
4.30309
2.03348
-6.37395
1.78519
-8.59845
-59.7232
15.3296
-8.54409
-47.5621
12.4372
-8.30575
-35.4659
9.58035
-7.36396
-24.2318
6.91655
-6.35866
-14.1542
4.41915
-4.86797
-6.46287
2.04999
27.9353
-213.51
58.0824
34.0545
-206.271
57.9177
24.5596
-113.794
33.836
13.1402
-47.8817
14.7667
15.3618
-40.0928
12.8896
9.38799
-12.1666
3.64883
-27.3959
-213.303
55.5095
-26.8656
-164.684
43.8355
-20.1985
-95.89
25.9464
-25.2126
-87.669
26.5604
-17.0439
-39.5658
11.88
-10.2713
-14.3387
2.46601
-9.57027
-321.932
85.21
-9.60006
-248.84
67.6613
-10.6463
-197.627
56.5065
-8.62492
-112.53
33.5209
-9.30773
-59.0333
18.7668
-6.01344
-14.1065
4.64792
10.1753
-318.11
85.2197
7.84483
-204.102
56.5478
8.82619
-173.981
51.0123
9.75781
-122.658
38.4771
6.21307
-57.5591
18.8791
4.29508
-18.5004
6.12714
2.78763
-5.56651
1.78438
-1.29995
-2.54656
1.42181
0.339967
-261.656
68.3482
-8.54025
-6.88279
1.29231
-0.115806
0.760545
-0.251592
4.17619
-3.5688
0.404734
24.555
-207.995
55.9075
27.677
-189.212
52.2171
26.3689
-140.97
40.6205
32.5118
-127.77
39.3153
17.8374
-56.8479
18.1656
12.787
-25.6637
8.04652
-30.9017
-267.26
68.9755
-33.9364
-236.23
62.0465
-26.218
-140.822
37.9926
-22.9217
-95.5079
27.1264
-19.3169
-55.9435
16.8491
-14.3192
-25.435
7.10301
-9.86255
-373.321
97.8086
-8.09556
-237.679
63.7467
-9.69292
-212.537
59.0404
-7.37639
-123.123
36.3724
-9.29104
-84.2412
26.1977
-9.30622
-36.8745
11.8357
9.03788
-310.167
82.1841
9.9401
-281.597
76.4589
9.06047
-208.979
59.2359
7.71527
-123.172
36.7362
7.21268
-81.913
26.3355
5.19592
-36.3014
12.122
3.62828
-9.84484
2.65598
2.68137
-19.6683
5.8468
