4.22275
-31.2672
8.70885
-3.71867
-46.8868
12.6149
-0.25144
-0.139237
-0.0988529
0.161923
0.00830419
0.0749963
2.54128
-31.5569
8.70384
-6.24246
-47.343
12.6239
-0.147489
-0.0181483
0.087692
0.126608
-0.0630507
-0.0892721
8.40651
-50.9772
14.5194
8.19021
-39.3332
11.626
9.53727
-34.8149
11.072
4.8928
-13.5287
4.60096
4.95679
-9.58699
3.37389
3.03157
-3.46761
1.23923
-4.96359
-50.9193
13.9207
-4.91415
-39.2116
10.9751
-3.42126
-21.0493
5.95382
-4.75368
-21.725
6.75068
-2.93623
-9.32178
2.81099
-1.81204
-3.22209
0.487268
5.05928
-51.5371
14.4933
4.88869
-39.8526
11.529
5.0256
-31.692
9.6184
2.76149
-13.8064
4.16512
2.43808
-9.63423
3.0181
1.46429
-3.18393
0.779815
-8.3312
-51.4996
13.9414
-8.20437
-39.8107
11.047
-5.69285
-21.4756
6.1665
-8.33951
-22.3571
7.20299
-5.54643
-9.59426
3.20457
-2.51171
-3.00661
0.700754
2.61385
-93.7936
25.6871
1.67656
-1.50337
0.489399
6.75212
-62.8278
17.4058
-1.2081
-1.23707
0.000543073
-13.1979
-125.646
33.6542
0.587027
0.290984
-0.0804623
-0.778577
-0.321064
0.112504
0.674842
-0.231289
0.0468392
-1.59477
-63.1122
17.1266
0.951701
-1.46591
-0.0800584
-1.78731
-1.72893
0.641273
-0.163176
0.0806419
0.00732962
8.43657
-56.7802
15.9739
8.33362
-45.1522
13.0627
7.96381
-33.5772
10.2079
7.33621
-22.5182
7.44723
5.7168
-13.4936
4.66888
4.10658
-6.23381
2.18085
-4.96069
-56.7454
15.3827
-4.95582
-45.0662
12.4408
-4.81335
-33.4913
9.49566
-4.25885
-22.683
6.55709
-3.35741
-13.2026
4.07942
-2.44074
-5.95567
1.60483
7.62562
-86.0299
23.9354
4.99884
-45.6843
13.0127
4.74513
-34.0833
10.0494
3.418
-18.6305
5.78923
2.96902
-13.6557
4.29156
1.90799
-6.10926
1.78842
-8.33096
-57.3378
15.3886
-8.27758
-45.6563
12.4867
-8.04522
-34.0393
9.6191
-7.13592
-23.2518
6.94145
-6.16088
-13.5779
4.43247
-4.71439
-6.20397
2.05759
26.8289
-205.047
58.0442
32.7037
-198.079
57.8341
23.5795
-109.265
33.7473
12.6135
-45.9726
14.7034
14.7434
-38.4919
12.8225
9.01628
-11.6813
3.64049
-26.3187
-204.847
55.7283
-25.8077
-158.145
44.0181
-19.4031
-92.072
26.0772
-24.2179
-84.1813
26.6585
-16.3738
-37.9898
11.9475
-9.88009
-13.7584
2.55097
-9.61642
-309.053
85.3456
-9.63174
-238.844
67.7479
-10.6606
-189.651
56.5476
-8.63691
-107.931
33.5472
-9.22916
-56.6112
18.7731
-5.92368
-13.5392
4.67015
10.1845
-305.618
85.3561
7.86497
-196.091
56.6212
8.85006
-167.16
51.0393
9.74706
-117.894
38.4853
6.24654
-55.3483
18.8863
4.32461
-17.7932
6.14724
2.79639
-5.34077
1.78823
-1.30022
-2.44702
1.4205
0.322892
-251.297
68.4701
-8.22107
-6.60155
1.31379
-0.115866
0.732148
-0.254772
4.0109
-3.42475
0.426474
23.583
-199.756
55.887
26.5801
-181.705
52.1645
25.3191
-135.365
40.5399
31.212
-122.681
39.1784
17.1188
-54.5772
18.0739
12.2742
-24.6395
8.01038
-29.6868
-256.673
69.2412
-32.6005
-226.859
62.2975
-25.1853
-135.224
38.1585
-22.0169
-91.7043
27.2451
-18.5556
-53.7149
16.9287
-13.761
-24.4201
7.16944
-9.91572
-358.409
97.9749
-8.12684
-228.151
63.8399
-9.71263
-203.978
59.1036
-7.40716
-118.138
36.376
-9.24687
-80.7889
26.1987
-9.18762
-35.3658
11.8599
9.04229
-297.985
82.324
9.95503
-270.542
76.571
9.08866
-200.78
59.2972
7.72021
-118.348
36.7669
7.23854
-78.7495
26.34
5.23285
-34.9158
12.1343
3.38686
-9.44883
2.68387
2.54123
-18.8765
5.83507
