4.15106
-30.6078
8.70258
-3.61194
-45.8978
12.6312
-0.244956
-0.135693
-0.096947
0.15936
0.00777953
0.0741179
2.4685
-30.8804
8.69766
-6.13745
-46.3283
12.64
-0.145199
-0.0181386
0.0865521
0.122227
-0.0608015
-0.0873654
8.2639
-49.9046
14.5047
8.05135
-38.5084
11.6086
9.37625
-34.0887
11.0462
4.81098
-13.2507
4.58395
4.87642
-9.39377
3.35985
2.98434
-3.39992
1.23239
-4.82116
-49.8477
13.94
-4.7737
-38.3889
10.9921
-3.32331
-20.6094
5.96672
-4.61465
-21.2775
6.76575
-2.84982
-9.132
2.82266
-1.75919
-3.15591
0.503896
4.91421
-50.4309
14.4792
4.74759
-38.9955
11.5137
4.87888
-31.0092
9.60131
2.67921
-13.5062
4.15769
2.35971
-9.42352
3.0124
1.41359
-3.11446
0.786552
-8.19093
-50.3944
13.9602
-8.06575
-38.9554
11.0622
-5.59737
-21.0137
6.1745
-8.20146
-21.8737
7.20791
-5.45361
-9.38827
3.20701
-2.47119
-2.94521
0.703442
2.61288
-91.8154
25.6939
1.65176
-1.47479
0.486861
6.60787
-61.4918
17.3935
-1.17424
-1.20983
0.0113649
-12.9169
-122.974
33.6973
0.58202
0.285853
-0.077188
-0.761962
-0.315156
0.10879
0.659684
-0.22745
0.0440622
-1.59787
-61.7594
17.1311
0.919591
-1.43372
-0.0642533
-1.75948
-1.6964
0.637763
-0.163134
0.0790929
0.00883879
8.29338
-55.5839
15.9603
8.19236
-44.2035
13.0467
7.82895
-32.8747
10.1893
7.21137
-22.0512
7.42603
5.62279
-13.2187
4.65103
4.04099
-6.10985
2.17134
-4.81828
-55.5498
15.4032
-4.81387
-44.119
12.459
-4.67598
-32.7899
9.51178
-4.13611
-22.2106
6.57355
-3.25863
-12.9321
4.09088
-2.36912
-5.83499
1.61794
7.40726
-84.1847
23.9155
4.85513
-44.7028
12.998
4.60778
-33.3496
10.0341
3.31816
-18.2283
5.77746
2.87613
-13.3576
4.28242
1.84484
-5.97535
1.78841
-8.19078
-56.1081
15.4089
-8.138
-44.676
12.5037
-7.90903
-33.3077
9.63228
-7.01721
-22.751
6.94912
-6.05836
-13.2848
4.43588
-4.63515
-6.07281
2.05977
26.2555
-200.688
57.9862
32.0046
-193.871
57.7518
23.0736
-106.947
33.6783
12.3428
-44.9992
14.6604
14.4275
-37.6799
12.7784
8.82695
-11.437
3.63284
-25.7586
-200.494
55.8042
-25.2583
-154.786
44.0819
-18.9913
-90.1177
26.1257
-23.7053
-82.4046
26.6888
-16.03
-37.1902
11.9723
-9.68006
-13.4653
2.59088
-9.63294
-302.42
85.359
-9.64059
-233.709
67.7464
-10.6598
-185.569
56.529
-8.63663
-105.587
33.5361
-9.18302
-55.3828
18.7615
-5.87484
-13.253
4.67715
10.185
-299.187
85.37
7.87207
-191.978
56.6206
8.85827
-163.671
51.0174
9.73657
-115.468
38.4612
6.25986
-54.2278
18.8752
4.33643
-17.4374
6.15194
2.79868
-5.22813
1.78846
-1.29929
-2.39721
1.41865
0.314929
-245.953
68.4886
-8.05808
-6.46018
1.32328
-0.115812
0.717507
-0.256136
3.92689
-3.35257
0.436474
23.0791
-195.509
55.84
26.0118
-177.844
52.1025
24.7765
-132.49
40.4706
30.542
-120.082
39.0805
16.7509
-53.4226
18.0137
12.0127
-24.1215
7.98536
-29.0549
-251.217
69.3329
-31.9061
-222.039
62.3848
-24.6495
-132.353
38.2171
-21.5496
-89.7615
27.286
-18.1642
-52.5817
16.9563
-13.4752
-23.9063
7.19694
-9.93572
-350.722
97.9965
-8.13674
-223.25
63.8451
-9.71525
-199.59
59.0953
-7.4173
-115.592
36.3518
-9.21776
-79.034
26.1794
-9.12186
-34.6026
11.8622
9.04068
-291.706
82.3422
9.95857
-264.857
76.5775
9.09928
-196.577
59.2879
7.71896
-115.886
36.7563
7.24784
-77.1424
26.3224
5.24812
-34.2155
12.1306
3.26586
-9.24994
2.69488
2.46949
-18.4718
5.82495
