4.56001
-48.3516
1.86883
-6.19894
-72.5573
0.602811
-0.624598
-0.350702
-0.186029
0.26072
0.0387505
0.0934224
4.42609
-49.8313
1.87156
-6.40504
-74.7432
0.587735
-0.233326
-0.0118184
0.112874
0.437807
-0.241059
-0.179546
9.2111
-81.887
3.50646
9.45254
-66.839
3.23056
11.9937
-63.7265
3.60996
6.72098
-26.1271
1.91615
7.431
-19.6649
1.66378
4.67886
-7.45557
0.791065
-8.3002
-81.9471
0.592433
-8.4804
-66.8295
0.376951
-6.48083
-38.1819
0.0157634
-10.4442
-42.7836
-0.374009
-7.27324
-19.1632
-0.670449
-4.85085
-7.07875
-1.42498
8.90361
-84.8559
3.53787
9.0836
-69.7709
3.27865
10.2075
-60.065
3.15407
6.37929
-28.0706
1.53036
6.90398
-21.439
1.12203
4.74548
-7.93539
-0.3813
-8.6023
-84.8833
0.545735
-8.88505
-69.7142
0.307457
-6.81632
-40.2748
0.0687841
-11.089
-46.1134
-0.0290047
-8.15998
-20.9237
-0.0794749
-3.84449
-6.63463
-0.26256
0.624571
-145.088
3.38039
2.55125
-3.30772
0.296045
8.99009
-98.1817
3.74319
-3.21402
-2.99189
-1.0211
-16.8702
-196.389
1.57733
0.501931
0.451188
-0.286194
-1.61153
-0.608623
0.314091
1.50136
-0.450546
0.26278
0.148398
-99.6696
2.25318
3.07641
-3.95184
-1.33392
-2.77456
-3.76014
0.287899
-0.0208488
0.103898
-0.136864
9.14464
-89.2782
3.62399
9.32107
-74.4328
3.37835
9.56785
-59.0315
3.06582
9.55129
-42.6568
2.74942
8.28787
-26.9793
2.10412
6.28531
-13.0795
1.14922
-8.27041
-89.339
0.688365
-8.37058
-74.4673
0.495942
-8.59592
-58.9497
0.229795
-8.60861
-42.7433
-0.178786
-7.91286
-26.5152
-0.46444
-6.30372
-12.5596
-0.976494
13.2846
-138.367
5.46592
8.98591
-77.4028
3.4243
9.14216
-61.8977
3.08495
7.26843
-36.7192
2.05383
7.77658
-29.2082
1.66912
5.76717
-14.1768
0.414174
-8.54988
-92.2673
0.667209
-8.7261
-77.3929
0.426923
-9.05953
-61.7876
0.18439
-9.06174
-45.4789
-0.00931468
-8.62454
-28.7777
-0.0571714
-7.24692
-13.8257
-0.15809
36.2373
-333.489
14.0584
46.0565
-341.502
16.3214
35.994
-203.191
11.1846
21.3679
-90.7856
5.90297
28.1786
-82.4346
5.98628
17.8623
-27.3944
1.56084
-33.9079
-333.652
2.27194
-34.616
-273.094
1.40985
-28.4256
-170.059
0.144719
-39.8021
-169.172
-0.356022
-29.303
-80.8383
-1.15378
-18.4893
-31.2724
-3.39975
0.980879
-509.332
12.2218
0.869645
-418.651
10.7673
0.0309061
-359.301
9.94842
-0.494711
-222.374
6.14686
-3.88824
-125.729
3.39305
-4.71991
-32.3701
-0.0794645
2.81087
-491.657
12.2325
2.53961
-334.395
8.98403
2.67201
-305.566
9.01598
2.93097
-231.798
7.4045
0.693298
-114.559
3.48139
-0.140136
-39.6051
0.461069
0.1697
-13.2858
0.280003
-0.20446
-6.53565
0.405141
1.10457
-392.758
9.05091
-15.5145
-15.9302
-0.953935
-0.112365
1.14075
0.0912458
8.15078
-8.66993
-0.668781
31.547
-317.657
12.6861
36.5293
-303.678
13.5961
37.1503
-241.918
12.3519
49.33
-237.36
14.2876
31.3354
-112.752
7.94502
24.09
-54.6712
3.75124
-37.9728
-408.632
3.03824
-42.8018
-379.636
2.32966
-34.9785
-241.559
0.879205
-34.499
-176.295
-0.201597
-31.8959
-110.963
-0.796547
-25.3662
-53.6506
-1.92613
0.896735
-576.619
13.4337
0.877972
-387.205
9.60489
0.548825
-371.25
9.87439
0.0946688
-232.482
6.79817
-2.2157
-173.068
5.1116
-5.97419
-81.5215
1.31257
2.32189
-468.933
11.2736
2.93237
-446.895
11.5534
2.90946
-354.093
9.92796
2.29173
-224.228
6.63083
1.4647
-159.032
5.06065
0.0324085
-74.2324
1.95355
11.2233
-23.6123
-0.253589
5.14611
-36.3392
1.78639
