4.00179
-29.2501
8.67864
-3.39189
-43.8619
12.6488
-0.231871
-0.128555
-0.0930496
0.154098
0.00671887
0.0722836
2.3189
-29.4874
8.67392
-5.91805
-44.2385
12.6572
-0.140489
-0.0180975
0.0841812
0.113485
-0.0563248
-0.0835044
7.96705
-47.6998
14.4558
7.76265
-36.8172
11.5577
9.04226
-32.6051
10.9784
4.64181
-12.6847
4.54278
4.7109
-9.00218
3.32629
2.88723
-3.26352
1.21655
-4.52755
-47.6452
13.9619
-4.4845
-36.7018
11.0125
-3.12224
-19.7101
5.98492
-4.33084
-20.3673
6.78667
-2.67448
-8.74732
2.84182
-1.6525
-3.0225
0.535932
4.61612
-48.1563
14.4316
4.45811
-37.2371
11.4671
4.5788
-29.6134
9.55328
2.51179
-12.8947
4.13656
2.20156
-8.99631
2.99602
1.31196
-2.9746
0.798159
-7.89791
-48.1219
13.9809
-7.77646
-37.2007
11.0787
-5.39869
-20.0692
6.18232
-7.91523
-20.8898
7.20748
-5.26196
-8.97042
3.20708
-2.3877
-2.82085
0.707595
2.60867
-87.743
25.6753
1.60075
-1.41738
0.480869
6.3095
-58.7411
17.3461
-1.10599
-1.1552
0.0325923
-12.3339
-117.473
33.7436
0.571275
0.275237
-0.0706498
-0.728214
-0.30314
0.101329
0.628995
-0.219662
0.0384982
-1.6019
-58.9735
17.1186
0.855348
-1.36922
-0.0333916
-1.70218
-1.63057
0.629812
-0.162775
0.0758945
0.0117669
7.99524
-53.1228
15.912
7.89847
-42.2557
12.9969
7.54886
-31.4365
10.1374
6.95272
-21.0987
7.37238
5.42888
-12.6603
4.60791
3.90606
-5.85923
2.14865
-4.52467
-53.0901
15.4258
-4.52136
-42.1742
12.4802
-4.39344
-31.354
9.53203
-3.88475
-21.247
6.59795
-3.05763
-12.3828
4.10804
-2.22416
-5.59093
1.64153
6.95844
-80.3873
23.8442
4.56001
-42.6868
12.9507
4.32636
-31.8467
9.98941
3.11436
-17.4077
5.74536
2.68798
-12.7518
4.25743
1.71781
-5.70451
1.78513
-7.89791
-53.5774
15.4311
-7.84652
-42.6623
12.5225
-7.62508
-31.8093
9.64623
-6.77066
-21.7289
6.95494
-5.8462
-12.6892
4.43624
-4.47186
-5.8072
2.06093
25.0698
-191.728
57.792
30.5604
-185.24
57.5065
22.0313
-102.209
33.4912
11.7874
-43.0159
14.5519
13.783
-36.0339
12.6692
8.44162
-10.9451
3.61062
-24.5965
-191.543
55.8885
-24.1199
-147.897
44.1545
-18.1404
-86.1215
26.1889
-22.6507
-78.7881
26.7118
-15.3257
-35.5685
12.0042
-9.2715
-12.8736
2.66562
-9.65264
-288.781
85.2767
-9.64416
-223.175
67.6536
-10.642
-177.223
56.4133
-8.62341
-100.815
33.4652
-9.07709
-52.8929
18.7091
-5.76934
-12.6759
4.68296
10.1775
-285.968
85.2887
7.88028
-183.543
56.5444
8.86717
-156.54
50.9025
9.70544
-110.534
38.3569
6.27965
-51.9581
18.8237
4.3542
-16.7219
6.15072
2.79911
-5.00341
1.78555
-1.29528
-2.2975
1.41255
0.300231
-234.951
68.4402
-7.72553
-6.17601
1.33982
-0.115529
0.687373
-0.25841
3.75625
-3.20793
0.454732
22.0369
-186.771
55.6717
24.8373
-169.915
51.9071
23.657
-126.604
40.2742
29.1632
-114.781
38.8259
15.9986
-51.0764
17.8647
11.48
-23.0741
7.92155
-27.7437
-239.989
69.4335
-30.4665
-212.14
62.4829
-23.5406
-126.474
38.2856
-20.5864
-85.7974
27.331
-17.3605
-50.2791
16.9871
-12.8907
-22.8666
7.2406
-9.96229
-334.903
97.9162
-8.14488
-213.183
63.7726
-9.70589
-190.601
58.9986
-7.42691
-110.396
36.2516
-9.14551
-75.4687
26.1015
-8.97754
-33.0595
11.8473
9.02983
-278.79
82.275
9.9577
-253.185
76.4909
9.11347
-187.974
59.189
7.70897
-110.864
36.6833
7.25916
-73.88
26.2478
5.27227
-32.8008
12.1037
3.02345
-8.85047
2.71106
2.32289
-17.6452
5.7962
