3.92429
-28.5526
8.66097
-3.27871
-42.8159
12.6501
-0.225272
-0.124962
-0.0910587
0.151399
0.00618328
0.0713283
2.24219
-28.7715
8.65636
-5.80378
-43.1646
12.6583
-0.138071
-0.018066
0.0829508
0.109123
-0.0540972
-0.0815508
7.81298
-46.5685
14.4215
7.61297
-35.9513
11.5241
8.86945
-31.848
10.9363
4.55454
-12.3968
4.51864
4.6258
-8.80386
3.30679
2.83737
-3.1948
1.20757
-4.37655
-46.5151
13.9644
-4.33593
-35.8381
11.0158
-3.01925
-19.251
5.99022
-4.18617
-19.9047
6.79254
-2.58559
-8.55246
2.84933
-1.59868
-2.95527
0.551345
4.46328
-46.9889
14.398
4.30992
-36.3365
11.4358
4.42561
-28.9008
9.52235
2.42672
-12.5835
4.12286
2.12182
-8.77986
2.98535
1.26104
-2.9042
0.803035
-7.74532
-46.9556
13.9828
-7.62595
-36.302
11.0799
-5.29558
-19.5868
6.18214
-7.76716
-20.3894
7.20217
-5.1632
-8.75862
3.20473
-2.34476
-2.7579
0.709067
2.60542
-85.6506
25.6499
1.57454
-1.38854
0.47742
6.15554
-57.3275
17.311
-1.07161
-1.1278
0.0430004
-12.0322
-114.646
33.7466
0.565541
0.269754
-0.0673867
-0.711088
-0.297034
0.0975836
0.613469
-0.215712
0.0357124
-1.60282
-57.5418
17.1016
0.823224
-1.33689
-0.0183359
-1.67272
-1.59726
0.62538
-0.162459
0.074247
0.0131858
7.84046
-51.8591
15.8772
7.74598
-41.2573
12.9631
7.40377
-30.7012
10.1042
6.81904
-20.6135
7.33997
5.32905
-12.3769
4.58268
3.83674
-5.73259
2.13548
-4.37366
-51.8272
15.4279
-4.37098
-41.1775
12.4832
-4.24845
-30.6198
9.53616
-3.75626
-20.7559
6.6059
-2.95548
-12.1041
4.11374
-2.15086
-5.46757
1.65202
6.72828
-78.4369
23.7927
4.40878
-41.653
12.9181
4.18245
-31.0781
9.95997
3.01048
-16.9894
5.72505
2.5928
-12.4442
4.2416
1.65397
-5.56762
1.78188
-7.74538
-52.2777
15.433
-7.69479
-41.6298
12.5242
-7.47748
-31.0429
9.64701
-6.64293
-21.2078
6.95311
-5.73666
-12.3868
4.43321
-4.38787
-5.67278
2.05992
24.4582
-187.13
57.6558
29.8162
-180.821
57.3435
21.4954
-99.7904
33.3731
11.5029
-42.0065
14.4864
13.4546
-35.2001
12.6042
8.24571
-10.6975
3.59608
-23.9953
-186.949
55.8967
-23.5315
-144.37
44.1631
-17.7017
-84.081
26.2036
-22.109
-76.9491
26.7047
-14.9653
-34.7467
12.0113
-9.06305
-12.575
2.70045
-9.65574
-281.78
85.1808
-9.63882
-217.781
67.5623
-10.6251
-172.963
56.3164
-8.61047
-98.3882
33.4057
-9.01735
-51.6316
18.6684
-5.71272
-12.3848
4.68181
10.1695
-279.185
85.1934
7.88131
-179.226
56.4689
8.8678
-152.902
50.8098
9.68477
-108.026
38.2769
6.28611
-50.8091
18.7835
4.36015
-16.3622
6.14487
2.79727
-4.89129
1.78245
-1.29221
-2.24757
1.40832
0.293508
-229.297
68.3731
-7.55603
-6.03321
1.34689
-0.115298
0.671893
-0.259319
3.66966
-3.13546
0.462998
21.4992
-182.283
55.5506
24.2317
-165.849
51.7736
23.0808
-123.593
40.1472
28.4551
-112.08
38.6695
15.6145
-49.8852
17.776
11.209
-22.5448
7.88282
-27.0653
-234.223
69.4422
-29.722
-207.066
62.4936
-22.9681
-123.467
38.2954
-20.0909
-83.7771
27.3351
-16.9485
-49.11
16.9904
-12.5921
-22.3408
7.25682
-9.96876
-326.777
97.814
-8.14307
-208.021
63.6947
-9.69388
-186.005
58.9102
-7.42636
-107.748
36.1756
-9.10241
-73.659
26.043
-8.89903
-32.2796
11.8303
9.02052
-272.158
82.1892
9.95322
-247.202
76.3978
9.11696
-183.577
59.0995
7.70022
-108.306
36.621
7.26117
-72.225
26.1908
5.28115
-32.0864
12.0805
2.90209
-8.64985
2.71626
2.24809
-17.2236
5.7776
