3.84494
-27.843
8.63948
-3.16353
-41.7518
12.6463
-0.218636
-0.121353
-0.0890398
0.148655
0.00564448
0.0703477
2.16426
-28.0432
8.63498
-5.68657
-42.0719
12.6543
-0.135609
-0.0180269
0.0816909
0.104769
-0.0518762
-0.079582
7.65526
-45.4187
14.3807
7.45984
-35.0724
11.4851
8.69288
-31.0809
10.8889
4.46552
-12.1057
4.49216
4.53917
-8.60386
3.2855
2.78665
-3.12571
1.19789
-4.22291
-45.3666
13.9612
-4.18485
-34.9615
11.0146
-2.91469
-18.7858
5.99299
-4.03976
-19.4372
6.79536
-2.49592
-8.35593
2.85547
-1.54457
-2.88768
0.566359
4.30807
-45.8021
14.3579
4.15954
-35.4221
11.3992
4.27043
-28.1786
9.48684
2.34078
-12.2687
4.1071
2.04167
-8.56153
2.97306
1.21006
-2.83346
0.807303
-7.5888
-45.7699
13.9789
-7.47166
-35.3896
11.0765
-5.19003
-19.0978
6.17924
-7.61587
-19.8835
7.19349
-5.06252
-8.54491
3.20082
-2.30102
-2.69444
0.710145
2.60138
-83.5221
25.6138
1.54786
-1.35961
0.473675
5.99855
-55.8895
17.2683
-1.03705
-1.10035
0.0532747
-11.724
-111.771
33.7361
0.55957
0.264159
-0.064128
-0.693795
-0.290862
0.09383
0.597823
-0.211723
0.0329245
-1.603
-56.0851
17.0775
0.791099
-1.3045
-0.00352747
-1.64273
-1.56368
0.62065
-0.162052
0.0725684
0.0145749
7.682
-50.574
15.8354
7.58993
-40.2431
12.9232
7.25542
-29.9555
10.0661
6.68253
-20.1225
7.30388
5.22734
-12.0908
4.55504
3.76621
-5.60505
2.12111
-4.21999
-50.5429
15.4238
-4.21801
-40.165
12.4811
-4.1011
-29.8753
9.53628
-3.62599
-20.2589
6.61102
-2.85227
-11.8226
4.11755
-2.07704
-5.34331
1.66164
6.4945
-76.4531
23.7306
4.25525
-40.6027
12.8797
4.03653
-30.2983
9.92582
2.90537
-16.566
5.70191
2.49691
-12.1336
4.22357
1.58991
-5.42972
1.77757
-7.58891
-50.9557
15.4287
-7.53919
-40.5808
12.5206
-7.32625
-30.2655
9.64364
-6.5123
-20.6802
6.94813
-5.62485
-12.0813
4.42807
-4.30234
-5.53726
2.05786
23.8346
-182.456
57.4935
29.058
-176.334
57.1536
20.9501
-97.3396
33.2388
11.214
-40.9856
14.4136
13.1222
-34.3591
12.5324
8.04769
-10.4487
3.5793
-23.3812
-182.281
55.8823
-22.9309
-140.789
44.1534
-17.2546
-82.0131
26.207
-21.5582
-75.09
26.6853
-14.5997
-33.9177
12.0126
-8.85188
-12.2745
2.73363
-9.6543
-274.664
85.0483
-9.62871
-212.304
67.441
-10.6028
-168.645
56.1935
-8.59331
-95.9342
33.3302
-8.95316
-50.3596
18.6182
-5.65354
-12.0921
4.67801
10.1586
-272.292
85.0615
7.88023
-174.843
56.3684
8.86582
-149.215
50.6935
9.6607
-105.491
38.1784
6.29026
-49.6507
18.7337
4.36415
-16.001
6.13557
2.79406
-4.77928
1.77826
-1.28844
-2.19757
1.40331
0.287202
-223.545
68.2774
-7.38443
-5.88989
1.35318
-0.115005
0.656148
-0.260076
3.58223
-3.06284
0.470698
20.9509
-177.719
55.4046
23.6145
-161.719
51.6163
22.494
-120.54
40.001
27.7351
-109.346
38.4937
15.2252
-48.6822
17.678
10.9349
-22.0117
7.83961
-26.3721
-228.359
69.423
-28.9618
-201.911
62.4785
-22.384
-120.418
38.289
-19.5865
-81.7318
27.327
-16.53
-47.9294
16.9858
-12.2895
-21.811
7.26934
-9.97064
-318.513
97.6703
-8.13732
-202.777
63.5891
-9.67698
-181.342
58.7953
-7.42222
-105.067
36.0825
-9.0547
-71.8315
25.9716
-8.81634
-31.4941
11.8069
9.00857
-265.414
82.0686
9.94597
-241.125
76.2715
9.11797
-179.117
58.9833
7.68892
-105.717
36.5416
7.2607
-70.5545
26.121
5.28787
-31.3672
12.051
2.78064
-8.44856
2.71956
2.17235
-16.7967
5.7562
