3.68092
-26.3892
8.58507
-2.92757
-39.5717
12.6235
-0.20525
-0.114085
-0.0849188
0.143035
0.0045583
0.0683114
2.00503
-26.5505
8.58081
-5.44363
-39.8326
12.631
-0.13056
-0.017926
0.0790832
0.0960747
-0.0474511
-0.0755988
7.32928
-43.0654
14.2796
7.14361
-33.2766
11.3909
8.3288
-29.5179
10.7782
4.28238
-11.514
4.43231
4.36139
-8.19872
3.23767
2.68265
-2.98636
1.1765
-3.90819
-43.0161
13.9379
-3.8756
-33.1705
10.9985
-2.70116
-17.8375
5.99093
-3.74197
-18.4877
6.79191
-2.31436
-7.9578
2.86366
-1.43543
-2.75137
0.595212
3.99096
-43.3724
14.2583
3.85268
-33.5533
11.31
3.95449
-26.7063
9.40217
2.16646
-11.6286
4.06942
1.88017
-8.11917
2.94367
1.1079
-2.69088
0.814045
-7.26442
-43.3428
13.9541
-7.15211
-33.525
11.0558
-4.97184
-18.1006
6.16533
-7.30389
-18.8554
7.16614
-4.8555
-8.11171
3.18836
-2.2112
-2.56592
0.711144
2.5909
-79.1611
25.509
1.49312
-1.30141
0.46532
5.67587
-52.9428
17.16
-0.967442
-1.04523
0.0734375
-11.0889
-105.878
33.6745
0.546924
0.252635
-0.0576227
-0.658713
-0.278318
0.0862995
0.566169
-0.203626
0.0273434
-1.60112
-53.0999
17.0075
0.726834
-1.23946
0.0253674
-1.58116
-1.49566
0.610318
-0.160974
0.0691228
0.0172663
7.35445
-47.9424
15.7305
7.2675
-38.169
12.8257
6.94928
-28.4337
9.97553
6.40132
-19.1234
7.22077
5.01841
-11.5102
4.49263
3.62156
-5.34718
2.08887
-3.90517
-47.913
15.3969
-3.90473
-38.0945
12.4614
-3.79974
-28.3559
9.52451
-3.3604
-19.2473
6.61277
-2.64286
-11.2515
4.11949
-1.92786
-5.09204
1.67834
6.01677
-72.3896
23.5746
3.94171
-38.4541
12.7851
3.73902
-28.7064
9.84349
2.69165
-15.7039
5.64725
2.30314
-11.5031
4.18098
1.4612
-5.15085
1.76581
-7.26461
-48.2478
15.4012
-7.21681
-38.435
12.4981
-7.01326
-28.6784
9.62453
-6.24261
-19.6057
6.92881
-5.39462
-11.4613
4.41152
-4.12675
-5.2629
2.0507
22.5533
-172.889
57.0909
27.5011
-167.166
56.6938
19.8323
-92.3437
32.9221
10.6236
-38.9095
14.2461
12.4456
-32.6554
12.3686
7.64534
-9.94746
3.53914
-22.1161
-172.724
55.7849
-21.6946
-133.472
44.0784
-16.336
-77.7967
26.1802
-20.4298
-71.3119
26.6098
-13.8529
-32.2376
11.9979
-8.42151
-11.6676
2.79511
-9.63773
-260.096
84.6734
-9.59424
-201.111
67.1089
-10.5422
-159.842
55.8703
-8.54638
-90.9464
33.1317
-8.81159
-47.7825
18.4895
-5.52762
-11.5012
4.66258
10.1278
-258.185
84.6879
7.87147
-165.89
56.0927
8.8538
-141.702
50.3911
9.60225
-100.343
37.9268
6.29155
-47.3051
18.6059
4.36629
-15.2739
6.10688
2.78357
-4.55531
1.76673
-1.27882
-2.09716
1.39102
0.275797
-211.759
67.9994
-7.03495
-5.60148
1.3635
-0.114231
0.62389
-0.261135
3.40487
-2.91704
0.484448
19.8241
-168.372
55.0385
22.3465
-153.271
51.2307
21.2902
-114.308
39.6516
26.2605
-103.782
38.0851
14.4316
-46.2406
17.4544
10.3776
-20.9338
7.73997
-24.9439
-216.35
69.3002
-27.3962
-191.367
62.3709
-21.1825
-114.193
38.2275
-18.5519
-77.5681
27.2746
-15.6741
-45.5331
16.9528
-11.6723
-20.7393
7.28348
-9.96053
-301.585
97.2581
-8.11396
-192.05
63.2948
-9.62858
-171.823
58.4861
-7.40317
-99.6084
35.8455
-8.94564
-68.1232
25.7906
-8.63863
-29.9057
11.7414
8.97653
-251.604
81.7226
9.92287
-228.698
75.9191
9.11225
-170.016
58.6715
7.6586
-100.449
36.332
7.25222
-67.1663
25.943
5.29487
-29.9141
11.9732
2.53748
-8.04359
2.72058
2.0182
-15.927
5.70507
