3.51017
-24.8917
8.51541
-2.68482
-37.3261
12.5802
-0.191709
-0.106746
-0.0806869
0.137237
0.00346249
0.0661755
1.8417
-25.0126
8.51141
-5.18996
-37.5254
12.5871
-0.125343
-0.017794
0.07636
0.0873922
-0.0430416
-0.0715533
6.99
-40.6443
14.1526
6.81475
-31.4325
11.2753
7.95079
-27.9172
10.6465
4.09266
-10.9096
4.36348
4.17768
-7.78649
3.18303
2.57523
-2.84524
1.15247
-3.58446
-40.5978
13.8917
-3.55779
-31.3313
10.964
-2.48225
-16.866
5.97873
-3.43804
-17.5186
6.77645
-2.12998
-7.55267
2.86652
-1.3251
-2.61336
0.622546
3.66576
-40.8719
14.1329
3.53841
-31.6335
11.1998
3.63174
-25.1978
9.29954
1.98914
-10.9745
4.02368
1.71714
-7.66903
2.908
1.00546
-2.54661
0.81848
-6.92575
-40.8449
13.9064
-6.81875
-31.6095
11.0163
-4.74464
-17.0785
6.14066
-6.97982
-17.8057
7.12568
-4.64117
-7.67064
3.16988
-2.11831
-2.43514
0.710655
2.57709
-74.669
25.3608
1.43651
-1.24263
0.455853
5.34241
-49.9072
17.0213
-0.897134
-0.98973
0.0931192
-10.4307
-99.8072
33.558
0.533355
0.240682
-0.0511308
-0.622961
-0.265502
0.0787401
0.53402
-0.195355
0.0217563
-1.59625
-50.0243
16.9086
0.662506
-1.1739
0.0533496
-1.51749
-1.42639
0.598866
-0.15955
0.0655665
0.019847
7.01348
-45.2329
15.5974
6.93201
-36.0368
12.7046
6.63112
-26.8728
9.86599
6.10962
-18.1017
7.12337
4.80229
-10.9183
4.42098
3.47216
-5.08531
2.05209
-3.58131
-45.2054
15.3448
-3.58258
-35.9661
12.4212
-3.49032
-26.7975
9.4967
-3.08863
-18.2127
6.60323
-2.4297
-10.6695
4.11399
-1.77671
-4.83686
1.69169
5.52676
-68.2049
23.3763
3.62035
-36.2446
12.6671
3.43464
-27.073
9.74263
2.47363
-14.822
5.58156
2.10688
-10.8603
4.12987
1.33168
-4.86766
1.74998
-6.92599
-45.4593
15.3486
-6.88033
-36.2285
12.4547
-6.68696
-27.0499
9.58894
-5.96215
-18.5063
6.89714
-5.15584
-10.829
4.38678
-3.94524
-4.98387
2.03956
21.2295
-163.044
56.5846
25.894
-157.748
56.1281
18.6807
-87.226
32.5419
10.0172
-36.7884
14.05
11.7538
-30.9218
12.1787
7.23465
-9.44033
3.49046
-20.8051
-162.89
55.5957
-20.4146
-125.956
43.9295
-15.387
-73.4765
26.1086
-19.2677
-67.4544
26.4862
-13.0863
-30.5275
11.9609
-7.98058
-11.0523
2.85029
-9.60286
-245.104
84.1519
-9.54085
-189.613
66.6577
-10.4605
-150.823
55.4449
-8.48284
-85.8533
32.8709
-8.65284
-45.1605
18.324
-5.39183
-10.9022
4.63702
10.0845
-243.67
84.1677
7.85335
-156.697
55.7176
8.83049
-134.007
49.9965
9.52986
-95.0889
37.6033
6.28333
-44.9195
18.4413
4.36067
-14.5391
6.06511
2.76776
-4.33085
1.75116
-1.2665
-1.99595
1.37578
0.265878
-199.617
67.6057
-6.67716
-5.31022
1.37094
-0.113201
0.590659
-0.261597
3.22415
-2.77014
0.496099
18.6597
-158.747
54.5737
21.0369
-144.586
50.7508
20.0488
-107.914
39.2271
24.7426
-98.091
37.6015
13.6188
-43.7514
17.1949
9.80845
-19.8395
7.62321
-23.4638
-203.984
69.0641
-25.7746
-180.526
62.1597
-19.9396
-107.807
38.101
-17.4848
-73.3087
27.1741
-14.7939
-43.09
16.8887
-11.0395
-19.6503
7.28345
-9.93181
-284.153
96.6792
-8.07486
-181.02
62.8896
-9.5609
-162.057
58.0716
-7.36981
-94.0242
35.5416
-8.81877
-64.3433
25.5597
-8.44484
-28.2925
11.6517
8.93316
-237.385
81.2365
9.88766
-215.924
75.4339
9.09557
-160.682
58.2543
7.61767
-95.0626
36.0552
7.23345
-63.7142
25.7148
5.29319
-28.4395
11.871
2.29387
-7.6346
2.71442
1.86079
-15.0367
5.643
