3.24249
-22.5704
8.38244
-2.31001
-33.8452
12.4763
-0.171083
-0.095586
-0.0741303
0.128202
0.00180604
0.0627857
1.59023
-22.6283
8.37887
-4.79117
-33.9486
12.4823
-0.117199
-0.0175361
0.0720618
0.0743554
-0.0364317
-0.0653611
6.4582
-36.895
13.9138
6.29962
-28.581
11.0628
7.35937
-25.4479
10.4109
3.79635
-9.97919
4.24409
3.89117
-7.15381
3.08888
2.40769
-2.62945
1.11178
-3.08467
-36.8531
13.7791
-3.06748
-28.4877
10.8778
-2.14525
-15.3669
5.94144
-2.97203
-16.0279
6.7311
-1.8485
-6.93092
2.86106
-1.15734
-2.40254
0.660852
3.1652
-36.9988
13.8967
3.05522
-28.6644
10.9958
3.13665
-22.8699
9.11266
1.71815
-9.96766
3.94038
1.46984
-6.9784
2.84323
0.851065
-2.32626
0.821076
-6.39337
-36.9761
13.7912
-6.29506
-28.6471
10.9222
-4.38822
-15.5009
6.08371
-6.47237
-16.1905
7.04109
-4.30647
-6.99345
3.13128
-1.97328
-2.2343
0.707297
2.54973
-67.7061
25.0568
1.34805
-1.15296
0.439704
4.82427
-45.2013
16.7563
-0.790272
-0.905439
0.121846
-9.40508
-90.3965
33.2792
0.511319
0.221991
-0.0414055
-0.568043
-0.245734
0.0673457
0.484809
-0.182576
0.0133647
-1.58331
-45.256
16.7058
0.565714
-1.07411
0.0937933
-1.41804
-1.31981
0.579704
-0.156794
0.0600447
0.02353
6.47898
-41.035
15.3451
6.40628
-32.7372
12.4791
6.13304
-24.4616
9.66687
5.65368
-16.5276
6.95139
4.46507
-10.0087
4.29692
3.23922
-4.68404
1.98883
-3.08127
-41.0104
15.2191
-3.08535
-32.6726
12.322
-3.01332
-24.3902
9.42488
-2.67093
-16.6184
6.56783
-2.10362
-9.77511
4.09205
-1.54642
-4.44589
1.7057
4.77234
-61.7198
23.0002
3.12589
-32.8246
12.4466
2.96708
-24.5492
9.55723
2.13961
-13.4628
5.46294
1.8082
-9.87263
4.03776
1.1358
-4.43391
1.71898
-6.39365
-41.1379
15.222
-6.35153
-32.8132
12.3504
-6.17469
-24.5338
9.5048
-5.52259
-16.8114
6.82692
-4.78243
-9.85723
4.33481
-3.66217
-4.55578
2.01573
19.173
-147.796
55.6326
23.3991
-143.184
55.0844
16.8958
-79.3291
31.8558
9.07972
-33.5225
13.7043
10.6881
-28.2618
11.847
6.60284
-8.66591
3.40236
-18.7628
-147.661
55.1383
-18.422
-114.333
43.567
-13.912
-66.809
25.9174
-17.4661
-61.5183
26.2127
-11.9009
-27.9024
11.8644
-7.29967
-10.111
2.92189
-9.51639
-221.883
83.095
-9.42589
-171.831
65.7595
-10.2993
-136.906
54.6185
-8.35703
-78.0163
32.3656
-8.38386
-41.1376
18.0095
-5.17026
-9.98545
4.58069
9.99408
-221.195
83.1129
7.80688
-142.482
54.9703
8.77275
-122.137
49.2346
9.39448
-87.0056
36.987
6.25263
-41.2597
18.128
4.33777
-13.4182
5.97919
2.73429
-3.99119
1.72072
-1.24315
-1.84161
1.34765
0.253271
-180.795
66.7973
-6.12484
-4.86627
1.37711
-0.111164
0.539125
-0.2612
2.94654
-2.54659
0.509987
16.8506
-143.832
53.6924
19.003
-131.143
49.8565
18.1229
-98.0359
38.4523
22.3917
-89.3217
36.74
12.365
-39.9256
16.7413
8.93262
-18.1632
7.41758
-21.1576
-184.822
68.4954
-23.2491
-163.749
61.6476
-18.006
-97.9411
37.7897
-15.8287
-66.7439
26.9346
-13.4311
-39.3348
16.7359
-10.062
-17.9813
7.25789
-9.85377
-257.138
95.4974
-7.98701
-163.947
62.075
-9.42407
-146.969
57.2551
-7.29323
-85.4175
34.9634
-8.5964
-58.5357
25.1227
-8.12518
-25.8213
11.4736
8.84533
-215.356
80.2441
9.81018
-196.156
74.458
9.04801
-146.265
57.4331
7.5355
-86.7636
35.5167
7.18514
-58.4104
25.2816
5.27421
-26.1816
11.6739
1.92719
-7.01075
2.69254
1.61933
-13.6638
5.5299
