4.57704
-48.3315
1.90442
-6.0854
-72.526
0.782738
-0.629309
-0.35387
-0.186448
0.262267
0.0384012
0.0938136
4.39559
-49.7267
1.90752
-6.36351
-74.5869
0.766865
-0.234228
-0.0115981
0.112931
0.443395
-0.244108
-0.181685
9.24377
-81.9475
3.49405
9.47909
-66.9891
3.15115
12.021
-63.9977
3.47954
6.74306
-26.2977
1.83844
7.46961
-19.8502
1.59555
4.70864
-7.55367
0.761122
-8.1539
-82.0059
0.740805
-8.35766
-66.9738
0.433653
-6.4198
-38.3307
0.0147018
-10.4029
-43.0748
-0.404654
-7.28124
-19.3365
-0.695312
-4.87668
-7.16398
-1.4419
8.84505
-84.7534
3.52657
9.04002
-69.7823
3.20066
10.1926
-60.1967
3.04165
6.39486
-28.1832
1.45945
6.95221
-21.5809
1.05356
4.7955
-8.01489
-0.421626
-8.54555
-84.7863
0.689418
-8.82393
-69.7368
0.355874
-6.78128
-40.3596
0.0566742
-11.0577
-46.3216
-0.0757138
-8.15667
-21.0637
-0.112679
-3.85166
-6.68783
-0.275765
0.762391
-145.027
3.61484
2.56881
-3.3585
0.281898
8.97745
-98.0564
3.81482
-3.23643
-3.03279
-1.03147
-16.6612
-196.138
2.05472
0.501094
0.449574
-0.288891
-1.62188
-0.613203
0.317532
1.51449
-0.456128
0.263228
0.14655
-99.461
2.40923
3.11377
-3.999
-1.36679
-2.78313
-3.79335
0.281123
-0.0169856
0.103844
-0.140087
9.17844
-89.2883
3.65353
9.35178
-74.5405
3.32812
9.59096
-59.2175
2.96859
9.57065
-42.8871
2.64039
8.32459
-27.1947
2.01759
6.3215
-13.2239
1.10019
-8.11999
-89.3484
0.88508
-8.23371
-74.5713
0.595087
-8.49129
-59.128
0.25153
-8.55027
-42.9602
-0.191128
-7.90313
-26.7225
-0.49156
-6.32442
-12.6904
-0.997125
13.1936
-138.131
5.51082
8.93287
-77.3571
3.37595
9.11299
-61.9642
2.9904
7.27066
-36.8382
1.96983
7.81387
-29.3641
1.58643
5.8181
-14.2895
0.361718
-8.49397
-92.1128
0.86126
-8.66623
-77.3567
0.519831
-8.99953
-61.8643
0.196746
-9.02662
-45.623
-0.0389534
-8.60959
-28.9377
-0.0948189
-7.25383
-13.9327
-0.18375
36.1888
-333.399
14.0083
46.0202
-341.903
15.9088
36.0015
-203.825
10.7753
21.4243
-91.247
5.65383
28.3416
-83.0862
5.70853
17.9926
-27.714
1.44215
-33.5079
-333.565
2.84866
-34.2651
-273.412
1.60813
-28.2289
-170.556
0.116419
-39.6654
-170.098
-0.519593
-29.306
-81.453
-1.27013
-18.5467
-31.579
-3.46161
0.985124
-508.735
12.6219
0.944165
-418.764
10.681
0.175588
-360.114
9.56468
-0.366317
-223.342
5.77482
-3.73911
-126.594
3.09837
-4.66004
-32.677
-0.18597
3.34266
-492.017
12.6473
2.90923
-335.138
8.94618
2.98987
-306.836
8.68173
3.15088
-233.389
6.9755
0.802516
-115.652
3.20364
-0.124853
-40.1495
0.337787
0.157509
-13.5106
0.234961
-0.175338
-6.61399
0.37258
1.28651
-392.257
9.67607
-15.5842
-16.1177
-0.979488
-0.105663
1.14015
0.096384
8.21975
-8.78681
-0.720484
31.5037
-317.397
12.7896
36.4874
-303.797
13.3923
37.1341
-242.414
11.9567
49.3708
-238.381
13.703
31.4785
-113.487
7.59604
24.2508
-55.1852
3.54981
-37.5072
-408.3
3.91414
-42.3254
-379.792
2.79238
-34.6718
-242.047
0.936947
-34.3268
-177.021
-0.305075
-31.8435
-111.68
-0.929819
-25.4107
-54.1218
-2.01538
0.888988
-575.642
14.1324
0.900738
-387
9.73009
0.654648
-371.697
9.63096
0.193682
-233.248
6.46134
-2.05848
-174.04
4.75775
-5.8538
-82.1911
1.09057
2.79862
-468.982
11.8715
3.43747
-447.539
11.7082
3.29722
-355.206
9.7082
2.50703
-225.413
6.31598
1.62822
-160.331
4.72124
0.0906538
-75.0646
1.75145
11.3519
-23.8906
-0.370112
5.1501
-36.4522
1.71542
