3.15045
-21.7784
8.33057
-2.18273
-32.6575
12.4311
-0.164118
-0.0918199
-0.0718889
0.125099
0.00125181
0.0616063
1.50497
-21.8147
8.32714
-4.65382
-32.728
12.4369
-0.114398
-0.0174337
0.0705728
0.0699965
-0.034223
-0.0632617
6.27535
-35.6162
13.8215
6.12254
-27.609
10.9817
7.15615
-24.6071
10.3226
3.6946
-9.66261
4.20017
3.79278
-6.93878
3.05441
2.35011
-2.55622
1.09705
-2.91496
-35.5759
13.7299
-2.90103
-27.5185
10.8398
-2.03097
-14.8564
5.92395
-2.81433
-15.5209
6.71015
-1.75344
-6.71965
2.85671
-1.10079
-2.33107
0.672941
2.9955
-35.6777
13.8053
2.89152
-27.6522
10.9175
2.96912
-22.0772
9.0418
1.62662
-9.62519
3.90881
1.38668
-6.74384
2.81876
0.79935
-2.25155
0.820932
-6.21002
-35.6565
13.7412
-6.11476
-27.6373
10.8815
-4.26557
-14.9635
6.05947
-6.29784
-15.6411
7.00668
-4.1915
-6.76333
3.11561
-1.92344
-2.16599
0.705518
2.53873
-65.3302
24.9336
1.3176
-1.12255
0.433836
4.64731
-43.5955
16.6528
-0.754247
-0.876974
0.131236
-9.05426
-87.1852
33.1583
0.503536
0.215567
-0.0381632
-0.549381
-0.238991
0.0635315
0.468125
-0.178205
0.0105645
-1.57751
-43.6289
16.6236
0.533317
-1.04032
0.106917
-1.38383
-1.28348
0.572817
-0.155717
0.0581589
0.0247129
6.29519
-39.6028
15.2472
6.22552
-31.6121
12.3925
5.96185
-23.6401
9.59144
5.49709
-15.9918
6.8874
4.34927
-9.69936
4.25134
3.15921
-4.54774
1.96571
-2.91146
-39.5793
15.1643
-2.91653
-31.5495
12.2785
-2.85145
-23.5701
9.39292
-2.52939
-16.0758
6.55043
-1.99339
-9.47101
4.08116
-1.46873
-4.31314
1.70882
4.51656
-59.5072
22.854
2.9583
-31.6584
12.3617
2.80874
-23.6893
9.48651
2.02665
-13.0002
5.41818
1.70758
-9.53695
4.00309
1.07005
-4.2867
1.70681
-6.2103
-39.6635
15.1669
-6.16942
-31.6486
12.3051
-5.99837
-23.6765
9.4686
-5.37136
-16.2345
6.79755
-4.65408
-9.52687
4.31363
-3.565
-4.41032
2.00598
18.4707
-142.596
55.2645
22.5474
-138.22
54.6854
16.2869
-76.6399
31.5971
8.76029
-32.4114
13.5758
10.3256
-27.3581
11.7245
6.38797
-8.40337
3.36922
-18.0643
-142.467
54.9393
-17.7406
-110.372
43.4091
-13.408
-64.5383
25.8314
-16.8512
-59.4991
26.0986
-11.4967
-27.0104
11.8218
-7.06754
-9.79178
2.94294
-9.47854
-213.962
82.6697
-9.37847
-165.77
65.4017
-10.2356
-132.166
54.2937
-8.30717
-75.3512
32.1676
-8.28631
-39.7712
17.8876
-5.09178
-9.67423
4.55736
9.95667
-213.529
82.6883
7.7858
-137.637
54.6723
8.747
-118.094
48.9362
9.34201
-84.256
36.7476
6.23736
-40.0162
18.0064
4.32629
-13.0384
5.94467
2.72061
-3.87664
1.7088
-1.23413
-1.78925
1.33695
0.249521
-174.372
66.4697
-5.93653
-4.71595
1.37793
-0.110353
0.521528
-0.260786
2.85219
-2.47091
0.513754
16.2328
-138.744
53.35
18.3086
-126.559
49.5125
17.4657
-94.6703
38.158
21.5901
-86.337
36.4177
11.9382
-38.6251
16.5736
8.63478
-17.5942
7.34132
-20.3687
-178.285
68.248
-22.3854
-158.028
61.4246
-17.345
-94.5794
37.6537
-15.2632
-64.5094
26.8315
-12.9662
-38.0582
16.6702
-9.72886
-17.4146
7.24283
-9.81849
-247.921
95.0199
-7.95008
-158.125
61.7485
-9.3693
-141.828
56.9316
-7.26075
-82.4881
34.7388
-8.51408
-56.5619
24.9537
-8.0112
-24.9823
11.4031
8.80958
-207.84
79.8431
9.77727
-189.416
74.067
9.02563
-141.353
57.108
7.50232
-83.9391
35.305
7.16345
-56.6072
25.1137
5.26343
-25.4151
11.597
1.8045
-6.79929
2.6821
1.5376
-13.1964
5.48701
