2.86682
-19.3532
8.15254
-1.79566
-29.0209
12.2638
-0.142921
-0.0803618
-0.0649959
0.115511
-0.000412178
0.0579195
1.24595
-19.3238
8.14956
-4.23017
-28.9911
12.2686
-0.105737
-0.0170768
0.0659393
0.0568418
-0.0275556
-0.0568479
5.71185
-31.7007
13.5072
5.57681
-24.6331
10.7083
6.52974
-22.0326
10.029
3.38084
-8.69308
4.05676
3.4891
-6.28012
2.94234
2.17213
-2.33181
1.04964
-2.39888
-31.6653
13.5472
-2.39493
-24.551
10.6981
-1.68355
-13.2934
5.85633
-2.33529
-13.9682
6.63013
-1.46488
-6.07266
2.83628
-0.929179
-2.11243
0.707308
2.47996
-31.6332
13.4937
2.39431
-24.554
10.6531
2.46052
-19.6507
8.80434
1.34897
-8.57723
3.80317
1.13497
-6.0262
2.73722
0.643218
-2.02289
0.817764
-5.64451
-31.6165
13.5558
-5.55871
-24.5461
10.7315
-3.88722
-13.3187
5.97118
-5.75924
-13.9599
6.88545
-3.83683
-6.05892
3.06061
-1.76948
-1.95649
0.69835
2.49968
-58.0555
24.4986
1.2233
-1.02932
0.414918
4.10572
-38.6791
16.2978
-0.644841
-0.790119
0.158948
-7.97959
-77.3533
32.7104
0.478914
0.195752
-0.0284189
-0.492277
-0.218269
0.0520323
0.417157
-0.16471
0.00215486
-1.5557
-38.6473
16.3334
0.435511
-0.936887
0.145422
-1.27804
-1.17173
0.550756
-0.152044
0.0523823
0.0281479
5.72884
-35.2177
14.912
5.66847
-28.1674
12.0989
5.43424
-21.1249
9.33884
5.01456
-14.3512
6.67638
3.99203
-8.75196
4.1027
2.9121
-4.13017
1.89066
-2.39509
-35.1973
14.9612
-2.40316
-28.1112
12.1165
-2.35929
-21.059
9.27299
-2.09926
-14.4144
6.48149
-1.6587
-8.53976
4.038
-1.23292
-3.90664
1.7137
3.73946
-52.7334
22.3537
2.44923
-28.0883
12.0732
2.32791
-21.057
9.24836
1.68374
-11.5843
5.26891
1.40274
-8.50989
3.88777
0.871247
-3.83631
1.66516
-5.64478
-35.1497
14.9629
-5.60781
-28.0833
12.1378
-5.45463
-21.0521
9.33568
-4.90474
-14.4685
6.69201
-4.25807
-8.51578
4.23903
-3.26528
-3.9648
1.97156
16.3213
-126.673
54.0104
19.9407
-123.022
53.339
14.4236
-68.4075
30.7339
7.78291
-29.0103
13.1525
9.2166
-24.5921
11.3235
5.73023
-7.59972
3.25941
-15.9244
-126.563
54.2013
-15.6537
-98.2429
42.8241
-11.8643
-57.5872
25.5074
-14.9677
-53.3174
25.6893
-10.2587
-24.2799
11.6633
-6.35579
-8.81495
2.99817
-9.33846
-189.713
81.1757
-9.20986
-147.215
64.1549
-10.0157
-117.658
53.175
-8.13467
-67.1955
31.4874
-7.97141
-35.5898
17.4734
-4.84314
-8.72072
4.47465
9.82082
-190.058
81.1964
7.70405
-122.803
53.6336
8.64863
-105.718
47.9109
9.16188
-75.8363
35.931
6.1759
-36.2078
17.5932
4.28045
-11.8756
5.82464
2.67219
-3.52694
1.66821
-1.20357
-1.62846
1.3011
0.238986
-154.708
65.3121
-5.35885
-4.25624
1.37704
-0.107529
0.467597
-0.258739
2.56344
-2.23925
0.522837
14.3419
-123.165
52.1788
16.1832
-112.525
48.3459
15.4546
-84.3671
37.1706
19.137
-77.2005
35.3499
10.6326
-34.6442
16.0239
7.72344
-15.8524
7.09101
-17.9521
-158.27
67.3311
-19.7398
-140.513
60.5982
-15.3205
-84.2882
37.1489
-13.5311
-57.6691
26.4532
-11.5423
-34.1499
16.4303
-8.70815
-15.6798
7.17896
-9.68521
-219.702
93.3374
-7.81698
-140.303
60.6062
-9.17865
-126.091
55.8102
-7.14297
-73.5217
33.9724
-8.24392
-50.5221
24.3795
-7.64818
-22.4143
11.1604
8.68139
-184.828
78.43
9.65528
-168.778
72.6982
8.93694
-126.314
55.9811
7.38453
-75.2918
34.5759
7.08074
-51.0849
24.5426
5.21755
-23.0674
11.3348
1.43441
-6.15159
2.64221
1.28934
-11.7658
5.34334
