2.57338
-16.8638
7.94139
-1.4036
-25.2879
12.0482
-0.121236
-0.0686311
-0.0578502
0.105495
-0.00207031
0.0540109
0.983615
-16.7677
7.93886
-3.79176
-25.1564
12.0521
-0.0966795
-0.0166439
0.0610601
0.0435117
-0.0207885
-0.0502455
5.12877
-27.6793
13.1379
5.01184
-21.5739
10.3914
5.88051
-19.3826
9.69491
3.05513
-7.69325
3.89698
3.17278
-5.59924
2.81827
1.98615
-2.0991
0.997862
-1.87614
-27.6488
13.3114
-1.88209
-21.5005
10.5148
-1.33125
-11.6849
5.76602
-1.84922
-12.3666
6.52478
-1.17169
-5.40423
2.80513
-0.754509
-1.88636
0.73902
1.95783
-27.481
13.1271
1.89068
-21.3709
10.3452
1.94518
-17.1549
8.53101
1.06745
-7.49854
3.6819
0.879942
-5.28628
2.6443
0.485242
-1.78629
0.810951
-5.0593
-27.4687
13.3173
-4.9832
-21.37
10.5398
-3.49508
-11.627
5.85989
-5.19994
-12.2283
6.73813
-3.46822
-5.33211
2.99417
-1.60899
-1.7395
0.688646
2.45096
-50.5881
23.9656
1.12445
-0.932414
0.394244
3.55103
-33.6331
15.8765
-0.533257
-0.700537
0.186108
-6.87872
-67.2625
32.1338
0.45245
0.175186
-0.0186236
-0.433425
-0.196755
0.0404325
0.364713
-0.150576
-0.00626673
-1.52742
-33.5353
15.9779
0.336451
-0.829611
0.182947
-1.16747
-1.05535
0.526742
-0.147752
0.046451
0.0314455
5.14287
-30.7153
14.5162
5.09192
-24.628
11.7561
4.88778
-18.5378
9.0483
4.51452
-12.661
6.43832
3.62049
-7.77381
3.93743
2.65437
-3.69792
1.80782
-1.87206
-30.6982
14.6994
-1.8831
-24.5785
11.9072
-1.86042
-18.4764
9.11705
-1.66292
-12.7034
6.38758
-1.31887
-7.57852
3.97951
-0.993136
-3.48632
1.71215
2.95243
-45.7808
21.7625
1.93362
-24.4218
11.7356
1.84076
-18.3513
8.9725
1.3361
-10.1272
5.0981
1.09385
-7.45185
3.75643
0.669886
-3.37146
1.61643
-5.05957
-30.5168
14.7001
-5.02658
-24.4217
11.9231
-4.89174
-18.3543
9.16661
-4.42059
-12.6511
6.56089
-3.84668
-7.47365
4.14844
-2.95361
-3.50436
1.92987
14.1198
-110.323
52.5364
17.2698
-107.404
51.7754
12.5133
-59.9373
29.7457
6.77956
-25.5067
12.6758
8.07583
-21.7371
10.876
5.05233
-6.76775
3.13554
-13.7323
-110.233
53.2509
-13.5151
-85.7784
42.0723
-10.2808
-50.4363
25.0846
-13.0328
-46.946
25.1825
-8.98481
-21.4615
11.4611
-5.62125
-7.80584
3.04237
-9.15963
-164.819
79.3574
-9.00334
-128.152
62.6527
-9.75486
-102.736
51.8455
-7.92928
-58.7981
30.6831
-7.62529
-31.2766
16.9906
-4.57564
-7.73312
4.37432
9.64668
-165.952
79.3802
7.59197
-107.554
52.3813
8.51612
-92.98
46.696
8.9465
-67.1514
34.9728
6.09015
-32.2712
17.1108
4.2176
-10.6708
5.68175
2.61314
-3.16495
1.62104
-1.16812
-1.46077
1.26008
0.228443
-134.526
63.8933
-4.76183
-3.78077
1.37155
-0.104134
0.412122
-0.255553
2.26566
-1.99895
0.529196
12.4052
-107.172
50.7952
14.006
-98.1096
46.9823
13.3933
-73.7734
36.0319
16.621
-67.7928
34.1386
9.29094
-30.5396
15.4089
6.78521
-14.0526
6.81106
-15.4766
-137.724
66.1496
-17.0293
-122.521
59.5351
-13.2452
-73.7067
36.5
-11.753
-50.6267
25.9736
-10.0783
-30.1193
16.1283
-7.65669
-13.8877
7.08843
-9.51161
-190.74
91.2817
-7.6516
-122
59.2219
-8.95043
-109.915
54.4669
-6.9957
-64.2933
33.0721
-7.94121
-44.2979
23.7094
-7.25543
-19.7616
10.8736
8.51948
-161.201
76.7033
9.49549
-147.575
71.0394
8.81295
-110.846
54.6319
7.23791
-66.3844
33.7102
6.97031
-45.3828
23.875
5.15104
-20.6378
11.0281
1.06044
-5.47976
2.59085
1.03743
-10.2937
5.17808
