2.37321
-15.1742
7.7826
-1.1412
-22.7543
11.8775
-0.106485
-0.0606401
-0.0529479
0.0985756
-0.00316742
0.0512828
0.807862
-15.0337
7.78038
-3.49293
-22.5551
11.8807
-0.0904203
-0.0163131
0.0576738
0.034493
-0.0161997
-0.0457301
4.73092
-24.9475
12.8621
4.62607
-19.4927
10.1569
5.43648
-17.5755
9.45092
2.83185
-7.00957
3.78213
2.95503
-5.13191
2.72953
1.85769
-1.9386
0.961214
-1.52626
-24.9203
13.1246
-1.53859
-19.4251
10.3693
-1.09491
-10.5884
5.69323
-1.52243
-11.271
6.44076
-0.973968
-4.94574
2.77862
-0.63631
-1.73091
0.758793
1.60799
-24.662
12.8531
1.55303
-19.2071
10.1168
1.59928
-15.4549
8.32985
0.878097
-6.76253
3.5929
0.708076
-4.77991
2.57657
0.378688
-1.62351
0.804684
-4.66039
-24.6527
13.1287
-4.59076
-19.2109
10.3888
-3.22716
-10.4748
5.77313
-4.81674
-11.0458
6.62599
-3.21522
-4.83445
2.94386
-1.49845
-1.59032
0.680893
2.41272
-45.5201
23.5562
1.05598
-0.865352
0.379628
3.17583
-30.2094
15.5596
-0.457563
-0.638974
0.203983
-6.13471
-60.4157
31.6773
0.433829
0.1611
-0.0120502
-0.393181
-0.181943
0.0326329
0.328871
-0.140758
-0.0118846
-1.50507
-30.0675
15.7048
0.269517
-0.755539
0.207623
-1.09111
-0.974905
0.509737
-0.144579
0.0424251
0.033588
4.74312
-27.6584
14.2194
4.69841
-22.2221
11.5011
4.5144
-16.7759
8.83455
4.17247
-11.5068
6.26562
3.36518
-7.1037
3.81881
2.47667
-3.40062
1.74873
-1.52201
-27.6434
14.4919
-1.53492
-22.177
11.7412
-1.52606
-16.7176
8.99312
-1.36991
-11.5354
6.31116
-1.09004
-6.92013
3.93221
-0.831163
-3.19757
1.70771
2.42515
-41.0629
21.319
1.58808
-21.9312
11.4841
1.51399
-16.5104
8.76853
1.10251
-9.13355
4.97296
0.885907
-6.72884
3.66062
0.534087
-3.05281
1.58042
-4.66067
-27.3728
14.492
-4.63033
-21.9343
11.7536
-4.50773
-16.5186
9.03399
-4.08928
-11.4118
6.45964
-3.56458
-6.76117
4.07957
-2.73948
-3.18844
1.89829
12.6304
-99.2197
51.4352
15.4617
-96.7836
50.6172
11.2186
-54.1651
29.0212
6.09791
-23.1142
12.3304
7.29813
-19.781
10.5541
4.589
-6.19489
3.04616
-12.2505
-99.1421
52.4987
-12.0687
-77.3017
41.4786
-9.20804
-45.5642
24.7485
-11.7186
-42.5918
24.7922
-8.11724
-19.5306
11.303
-5.11915
-7.11301
3.06614
-9.01966
-147.917
77.9674
-8.84573
-115.192
61.5123
-9.55966
-92.5706
50.8461
-7.77509
-53.0655
30.0809
-7.37865
-28.3233
16.633
-4.38751
-7.05333
4.29856
9.50761
-149.576
77.9914
7.49881
-97.1793
51.4302
8.40734
-84.2943
45.7844
8.78264
-61.2098
34.2591
6.01899
-29.5691
16.7533
4.16636
-9.84
5.57492
2.56813
-2.91485
1.58639
-1.142
-1.34435
1.23013
0.220707
-120.832
62.8032
-4.35304
-3.45349
1.36559
-0.101568
0.374388
-0.252843
2.06189
-1.83293
0.532311
11.0951
-96.3169
49.7579
12.5326
-88.3138
45.9676
11.9972
-66.5626
35.1927
14.9145
-61.3733
33.2563
8.37767
-27.7319
14.9656
6.14478
-12.8172
6.60969
-13.8035
-123.777
65.214
-15.1967
-110.295
58.6945
-11.8408
-66.5041
35.9878
-10.5469
-45.8221
25.5988
-9.08269
-27.3617
15.8937
-6.93947
-12.6582
7.01405
-9.37414
-171.086
89.7059
-7.52426
-109.566
58.167
-8.77872
-98.9083
53.4515
-6.88185
-58
32.4007
-7.72281
-40.0428
23.2124
-6.97833
-17.9416
10.66
8.3914
-145.16
75.3795
9.36616
-133.16
69.775
8.70887
-100.311
53.6121
7.1233
-60.3029
33.0599
6.8805
-41.4754
23.3793
5.09504
-18.9668
10.8007
0.808435
-5.01606
2.55113
0.868059
-9.29014
5.05654
