2.27196
-14.3218
7.6979
-1.01007
-21.4761
11.7839
-0.0990171
-0.05659
-0.050456
0.0950433
-0.00371233
0.0498826
0.719934
-14.1592
7.69584
-3.34191
-21.2432
11.7869
-0.0872245
-0.016135
0.0559414
0.0299374
-0.013878
-0.0434365
4.52965
-23.5681
12.7155
4.43079
-18.4405
10.0329
5.21144
-16.6603
9.32285
2.71847
-6.66257
3.72237
2.84414
-4.89403
2.6835
1.79211
-1.8566
0.942319
-1.3514
-23.5426
13.0222
-1.36683
-18.3759
10.2897
-0.976565
-10.0333
5.65308
-1.35847
-10.7146
6.39466
-0.874503
-4.71246
2.76367
-0.576681
-1.65164
0.768287
1.43295
-23.2393
12.7074
1.38401
-18.1139
9.99578
1.42593
-14.5946
8.22381
0.783023
-6.38956
3.54608
0.6216
-4.5227
2.5411
0.325002
-1.54048
0.801099
-4.45879
-23.2315
13.0255
-4.39236
-18.1199
10.3065
-3.0915
-9.89185
5.72603
-4.62232
-10.4462
6.56585
-3.08665
-4.58158
2.91696
-1.44215
-1.5143
0.676657
2.39179
-42.9631
23.3353
1.02096
-0.831002
0.372103
2.98702
-28.4823
15.3906
-0.41931
-0.607576
0.212864
-5.76064
-56.9619
31.4273
0.424236
0.153955
-0.00874756
-0.372751
-0.174392
0.0287108
0.310676
-0.135723
-0.0146933
-1.49289
-28.3186
15.5575
0.235743
-0.717657
0.219901
-1.05215
-0.933781
0.500954
-0.142906
0.0403937
0.0346467
4.54091
-26.1156
14.0614
4.49928
-21.0066
11.3659
4.32529
-15.8845
8.72191
3.99908
-10.9215
6.1753
3.23532
-6.76308
3.75716
2.38607
-3.24905
1.71813
-1.34707
-26.1016
14.3783
-1.36088
-20.9637
11.6503
-1.35878
-15.8278
8.92519
-1.22306
-10.9434
6.26883
-0.975083
-6.58552
3.90612
-0.749571
-3.05048
1.7045
2.16135
-38.6827
21.0828
1.41516
-20.6736
11.3506
1.35033
-15.5797
8.66074
0.985348
-8.63029
4.90716
0.781393
-6.362
3.61039
0.465699
-2.89074
1.56145
-4.45908
-25.7867
14.3781
-4.43004
-20.6783
11.6609
-4.31351
-15.5904
8.96175
-3.92134
-10.7842
6.40494
-3.42134
-6.39957
4.04267
-2.63057
-3.02768
1.88142
11.8808
-93.6147
50.8499
14.5512
-91.4162
50.0045
10.5659
-51.2431
28.6402
5.75365
-21.901
12.1499
6.90427
-18.7865
10.3867
4.35389
-5.90253
2.99965
-11.5054
-93.5434
52.087
-11.3411
-73.0176
41.1541
-8.66764
-43.0983
24.5642
-11.0552
-40.3826
24.5816
-7.67835
-18.5491
11.2172
-4.86447
-6.76018
3.07641
-8.94364
-139.387
77.2196
-8.76122
-108.644
60.9013
-9.45602
-87.4264
50.3134
-7.69305
-50.1595
29.7607
-7.25088
-26.8226
16.4441
-4.29066
-6.70659
4.25821
9.43084
-141.307
77.2442
7.44638
-91.9342
50.9204
8.34651
-79.8956
45.299
8.69448
-58.1929
33.8806
5.97911
-28.1936
16.5644
4.13796
-9.41545
5.51829
2.54398
-2.78678
1.56819
-1.12826
-1.28461
1.21443
0.216473
-113.924
62.2153
-4.14543
-3.28647
1.36197
-0.100199
0.35532
-0.251323
1.9584
-1.74798
0.533616
10.4358
-90.8393
49.2054
11.7909
-83.3664
45.4295
11.2938
-62.9157
34.75
14.0539
-58.1203
32.7939
7.91569
-26.3064
14.7346
5.82012
-12.1882
6.50499
-12.9623
-116.739
64.7017
-14.2751
-104.119
58.2347
-11.1339
-62.8614
35.708
-9.93862
-43.3878
25.395
-8.57959
-25.9614
15.7666
-6.57621
-12.0324
6.97281
-9.29905
-161.17
88.857
-7.45567
-103.287
57.6005
-8.6873
-93.343
52.9086
-6.82039
-54.8125
32.0443
-7.60895
-37.8833
22.9495
-6.83548
-17.0154
10.5468
8.32102
-137.063
74.6664
9.29428
-125.878
69.096
8.65003
-94.9812
53.0669
7.06076
-57.2198
32.7135
6.83058
-39.4889
23.1169
5.06352
-18.1148
10.6806
0.681531
-4.77901
2.52983
0.783079
-8.78198
4.99251
