4.60678
-48.334
1.94051
-5.9944
-72.528
0.963631
-0.632934
-0.356426
-0.186526
0.263344
0.0379727
0.0940299
4.37746
-49.6442
1.94377
-6.34474
-74.4639
0.947498
-0.234704
-0.011328
0.112803
0.448172
-0.246637
-0.183599
9.29908
-82.0028
3.48212
9.51963
-67.0886
3.07169
12.0506
-64.1763
3.34836
6.76007
-26.4227
1.75902
7.49707
-19.9983
1.52277
4.73064
-7.63833
0.727919
-8.03666
-82.0573
0.890548
-8.25703
-67.0662
0.492113
-6.36501
-38.4293
0.0144413
-10.3543
-43.287
-0.430252
-7.27803
-19.4747
-0.717171
-4.8939
-7.23681
-1.45594
8.80937
-84.6433
3.51435
9.01066
-69.7379
3.11948
10.1805
-60.2375
2.92396
6.40482
-28.2446
1.38378
6.98817
-21.6779
0.980486
4.83683
-8.07658
-0.463466
-8.51813
-84.6796
0.836225
-8.78474
-69.7024
0.409532
-6.75127
-40.3874
0.0495161
-11.0192
-46.4395
-0.113474
-8.1425
-21.1608
-0.142674
-3.85261
-6.72721
-0.287973
0.897299
-145.034
3.85165
2.58199
-3.40339
0.266192
8.98948
-97.9761
3.88705
-3.25311
-3.06842
-1.03989
-16.5098
-195.977
2.53581
0.499602
0.447141
-0.291242
-1.62947
-0.616749
0.320607
1.52496
-0.460805
0.262983
0.142376
-99.2963
2.56687
3.14581
-4.03685
-1.39899
-2.78685
-3.81836
0.274198
-0.0130491
0.103769
-0.143125
9.23691
-89.3194
3.6838
9.40148
-74.6185
3.27807
9.62206
-59.3383
2.87079
9.5888
-43.0462
2.52913
8.35077
-27.3594
1.92698
6.34761
-13.3439
1.04704
-7.99951
-89.3768
1.08321
-8.12339
-74.6437
0.695637
-8.4028
-59.2422
0.275287
-8.49289
-43.1096
-0.202155
-7.88347
-26.881
-0.51514
-6.3344
-12.7986
-1.01495
13.1395
-137.923
5.55556
8.8992
-77.2774
3.32549
9.09258
-61.9591
2.89144
7.27089
-36.8933
1.88173
7.8394
-29.4609
1.49815
5.85834
-14.3719
0.30597
-8.46841
-91.9764
1.05747
-8.63252
-77.285
0.616959
-8.95562
-61.869
0.215142
-8.99033
-45.69
-0.0613558
-8.58566
-29.0401
-0.127571
-7.24974
-14.011
-0.207333
36.2288
-333.286
13.9585
46.0593
-342.041
15.4883
36.0251
-204.161
10.3535
21.467
-91.5498
5.39363
28.4619
-83.5735
5.41131
18.0935
-27.9778
1.3123
-33.2168
-333.446
3.43524
-33.9949
-273.516
1.82047
-28.0553
-170.821
0.0980275
-39.5038
-170.706
-0.655878
-29.2703
-81.9104
-1.37552
-18.5741
-31.8254
-3.51591
0.970098
-508.083
13.0297
0.991288
-418.532
10.6012
0.296269
-360.383
9.18666
-0.247603
-223.882
5.39748
-3.59273
-127.195
2.79821
-4.59387
-32.9123
-0.294649
3.85224
-492.335
13.0687
3.25269
-335.615
8.91236
3.28875
-307.672
8.3554
3.37045
-234.549
6.54512
0.914023
-116.528
2.91975
-0.105818
-40.6228
0.209326
0.146842
-13.7118
0.186229
-0.145825
-6.67601
0.337721
1.46086
-391.936
10.306
-15.628
-16.2739
-1.00265
-0.0981743
1.13824
0.101155
8.27519
-8.88513
-0.774916
31.5438
-317.208
12.8952
36.522
-303.79
13.1857
37.1551
-242.637
11.5524
49.4133
-238.994
13.099
31.582
-114.004
7.22785
24.3727
-55.5894
3.33156
-37.1708
-408.052
4.79874
-41.9691
-379.783
3.27023
-34.4233
-242.267
1.01005
-34.152
-177.458
-0.387191
-31.758
-112.185
-1.04774
-25.4172
-54.4881
-2.09628
0.867727
-574.782
14.8389
0.901276
-386.613
9.86106
0.732639
-371.701
9.39292
0.28442
-233.61
6.13021
-1.91103
-174.658
4.4
-5.72857
-82.6864
0.863447
3.2605
-469.135
12.4758
3.91598
-447.991
11.8688
3.65675
-355.918
9.49334
2.71554
-226.229
5.9985
1.79042
-161.326
4.37776
0.153075
-75.7593
1.54275
11.4615
-24.1163
-0.493838
5.15391
-36.5059
1.64231
