2.17002
-13.4648
7.60972
-0.879134
-20.1909
11.6849
-0.0914871
-0.0525024
-0.0479376
0.0914626
-0.00425432
0.0484584
0.63206
-13.2803
7.60781
-3.18996
-19.9246
11.6876
-0.0839849
-0.0159486
0.0541834
0.0253487
-0.0115366
-0.0411185
4.32698
-22.1806
12.5632
4.23407
-17.3812
9.9046
4.98451
-15.7375
9.19088
2.60399
-6.31213
3.66113
2.73192
-4.65328
2.63643
1.72564
-1.77338
0.923073
-1.1768
-22.1567
12.9139
-1.19524
-17.3195
10.2054
-0.858218
-9.47364
5.61042
-1.19425
-10.1526
6.34586
-0.774672
-4.47643
2.74761
-0.516701
-1.57129
0.777526
1.25801
-21.8087
12.556
1.215
-17.0137
9.87042
1.25245
-13.7277
8.11426
0.687732
-6.01334
3.49775
0.534769
-4.26278
2.50461
0.271031
-1.45633
0.797241
-4.25595
-21.8023
12.9164
-4.19268
-17.022
10.2195
-2.95482
-9.30451
5.67647
-4.42612
-9.84112
6.50305
-2.95676
-4.32599
2.88894
-1.38517
-1.43732
0.672189
2.36964
-40.3923
23.1039
0.985423
-0.796075
0.364446
2.79756
-26.7463
15.2146
-0.380781
-0.575742
0.22171
-5.38561
-53.4901
31.1628
0.414459
0.146746
-0.00543333
-0.352115
-0.166742
0.024773
0.292296
-0.130602
-0.017501
-1.48003
-26.5608
15.4032
0.201752
-0.679183
0.232157
-1.01267
-0.892037
0.491991
-0.141177
0.0383511
0.0356987
4.33732
-24.5641
13.8971
4.29873
-19.7834
11.2257
4.13471
-14.9865
8.60553
3.82421
-10.3309
6.08244
3.10404
-6.41873
3.69403
2.29432
-3.09546
1.68688
-1.17241
-24.5511
14.2581
-1.18707
-19.7427
11.5541
-1.19159
-14.9313
8.85328
-1.0761
-10.3461
6.22375
-0.859815
-6.24727
3.87841
-0.667593
-2.90151
1.70063
1.89771
-36.29
20.837
1.2423
-19.4085
11.2121
1.18662
-14.6425
8.54919
0.868015
-8.12285
4.83929
0.676547
-5.99163
3.55867
0.396981
-2.7268
1.54188
-4.25626
-24.1922
14.2575
-4.2285
-19.4148
11.563
-4.11801
-14.6558
8.88559
-3.75199
-10.1514
6.34756
-3.27672
-6.0344
4.00416
-2.52048
-2.86502
1.86385
11.1285
-87.9775
50.2419
13.6371
-86.0134
49.37
9.9101
-48.298
28.247
5.40727
-20.6768
11.9645
6.50714
-17.7809
10.2152
4.11649
-5.60604
2.95203
-10.7584
-87.9125
51.6516
-10.6112
-68.7052
40.8112
-8.12503
-40.6132
24.3691
-10.3881
-38.1523
24.361
-7.23625
-17.5567
11.127
-4.6074
-6.40293
3.08563
-8.86369
-130.809
76.437
-8.67302
-102.054
60.2633
-9.34849
-82.2429
49.7591
-7.6078
-47.2272
29.4281
-7.12028
-25.3057
16.2487
-4.19202
-6.35513
4.2163
9.3491
-132.988
76.4622
7.38992
-86.6529
50.388
8.28128
-75.4607
44.7942
8.60214
-55.1452
33.4881
5.93633
-26.8014
16.3688
4.10773
-8.98449
5.45961
2.51877
-2.65654
1.54945
-1.11407
-1.22379
1.19828
0.211931
-106.98
61.5989
-3.9357
-3.11709
1.35793
-0.0987758
0.336129
-0.249699
1.85382
-1.66167
0.53479
9.77422
-85.3319
48.6309
11.0465
-78.3887
44.8713
10.5874
-59.2427
34.2923
13.1888
-54.839
32.3178
7.4503
-24.8663
14.4978
5.49253
-11.5515
6.39777
-12.1189
-109.663
64.1597
-13.3508
-97.9061
57.7487
-10.4246
-59.1925
35.4124
-9.32736
-40.9326
25.1805
-8.07325
-24.5467
15.6331
-6.20995
-11.3992
6.92893
-9.21981
-151.203
87.9676
-7.38388
-96.9716
57.0082
-8.5923
-87.7388
52.3427
-6.75599
-51.5984
31.6746
-7.49214
-35.7025
22.6774
-6.6899
-16.078
10.4296
8.24632
-128.921
73.9193
9.21746
-118.55
68.386
8.58652
-89.611
52.4986
6.99468
-54.1089
32.3531
6.77726
-37.4802
22.8451
5.02963
-17.2514
10.5563
0.553992
-4.53833
2.50765
0.697957
-8.2697
4.92637
