2.06744
-12.6037
7.51811
-0.748516
-18.8996
11.5805
-0.0838943
-0.0483765
-0.0453931
0.0878337
-0.004793
0.0470106
0.544301
-12.3973
7.51634
-3.0372
-18.6
11.5829
-0.0807018
-0.0157539
0.0524001
0.0207253
-0.00917467
-0.0387757
4.12302
-20.7854
12.4054
4.03601
-16.315
9.77199
4.75582
-14.8073
9.05511
2.48845
-5.95829
3.59847
2.6184
-4.40963
2.58836
1.65828
-1.6889
0.903498
-1.00261
-20.7631
12.7997
-1.02397
-16.2562
10.1165
-0.73995
-8.90967
5.56526
-1.02986
-9.58499
6.29438
-0.674506
-4.23763
2.73045
-0.456376
-1.48985
0.786512
1.08328
-20.3708
12.399
1.04612
-15.907
9.74075
1.07893
-12.8546
8.00125
0.592261
-5.63393
3.44798
0.447595
-4.00014
2.46714
0.216768
-1.37102
0.79313
-4.05203
-20.3659
12.8013
-3.99188
-15.9175
10.1279
-2.8172
-8.71295
5.62446
-4.22824
-9.23061
6.43763
-2.8256
-4.06768
2.8598
-1.32752
-1.35937
0.667496
2.34623
-37.8092
22.8618
0.949368
-0.760551
0.356668
2.60758
-25.0021
15.0317
-0.341978
-0.543456
0.230524
-5.00989
-50.0021
30.8838
0.404504
0.139477
-0.00210684
-0.331274
-0.158993
0.020819
0.273729
-0.125393
-0.0203069
-1.46653
-24.795
15.2417
0.167536
-0.640102
0.244403
-0.972671
-0.849667
0.482853
-0.139396
0.0362982
0.036745
4.13245
-23.0047
13.7265
4.09686
-18.553
11.0806
3.94275
-14.082
8.48549
3.64794
-9.7351
5.98712
2.97136
-6.07062
3.62947
2.20143
-2.93983
1.65501
-0.998157
-22.9927
14.1312
-1.01363
-18.5145
11.4527
-1.02464
-14.0285
8.77741
-0.929125
-9.74366
6.17593
-0.744289
-5.90536
3.84909
-0.585243
-2.75064
1.69611
1.63441
-33.8859
20.582
1.06962
-18.1366
11.0687
1.02297
-13.6992
8.43395
0.750568
-7.61135
4.7694
0.571394
-5.61774
3.50552
0.327932
-2.56098
1.52174
-4.05236
-22.5902
14.1304
-4.02586
-18.1444
11.4598
-3.92134
-13.715
8.80551
-3.58132
-9.51363
6.28752
-3.13077
-5.66569
3.96407
-2.40924
-2.70045
1.84559
10.3741
-82.3106
49.6115
12.72
-80.5771
48.714
9.25161
-45.3307
27.8419
5.0589
-19.4416
11.7743
6.10681
-16.7641
10.0398
3.87683
-5.30532
2.90337
-10.0099
-82.2518
51.1924
-9.87966
-64.366
40.4499
-7.58054
-38.1097
24.1633
-9.7176
-35.9009
24.1304
-6.79109
-16.5533
11.0324
-4.34801
-6.04119
3.09381
-8.77988
-122.188
75.6198
-8.58122
-95.4254
59.5986
-9.23718
-77.0214
49.1835
-7.51943
-44.2692
29.0833
-6.98696
-23.7726
16.047
-4.09165
-5.99888
4.17289
9.26231
-124.625
75.6455
7.32935
-81.3373
49.8334
8.21157
-70.9905
44.2703
8.50556
-52.0669
33.0818
5.89063
-25.3922
16.1668
4.07567
-8.54692
5.39896
2.49252
-2.52403
1.5302
-1.09946
-1.16186
1.18169
0.207037
-100.004
60.9542
-3.72387
-2.94528
1.35348
-0.0972998
0.316821
-0.247974
1.74815
-1.57396
0.535858
9.1108
-79.7974
48.0345
10.2998
-73.3827
44.2934
9.87839
-55.5447
33.8199
12.3196
-51.53
31.8285
6.98162
-23.4118
14.2553
5.16204
-10.907
6.28816
-11.274
-102.553
63.588
-12.4247
-91.6575
57.2363
-9.71334
-55.4987
35.1011
-8.71345
-38.457
24.9553
-7.56386
-23.1177
15.4934
-5.8408
-10.7584
6.88244
-9.13646
-141.188
87.0382
-7.30896
-90.6211
56.3903
-8.49382
-82.0978
51.7539
-6.68869
-48.3585
31.2916
-7.37247
-33.5004
22.3961
-6.54167
-15.1296
10.3084
8.16721
-120.737
73.1385
9.13559
-111.178
67.6455
8.51825
-84.2024
51.9073
6.92501
-50.9705
31.9791
6.7205
-35.4492
22.5642
4.99337
-16.3765
10.428
0.425802
-4.29394
2.48465
0.612735
-7.75342
4.85817
