1.96429
-11.7388
7.42309
-0.618316
-17.6026
11.4707
-0.0762387
-0.044212
-0.0428232
0.0841571
-0.00532802
0.0455396
0.456717
-11.5109
7.42148
-2.88374
-17.2702
11.4728
-0.0773757
-0.015551
0.0505919
0.0160663
-0.00679151
-0.0364079
3.91789
-19.3833
12.242
3.83672
-15.2423
9.63519
4.52546
-13.87
8.91563
2.3719
-5.60107
3.53443
2.5036
-4.16304
2.53934
1.59005
-1.60315
0.883615
-0.828966
-19.3626
12.6795
-0.853151
-15.1865
10.0229
-0.621838
-8.34148
5.5176
-0.86537
-9.01171
6.24022
-0.574034
-3.99605
2.71219
-0.395712
-1.40728
0.795247
0.908878
-18.9264
12.2365
0.877464
-14.7942
9.60685
0.905459
-11.9753
7.88488
0.496646
-5.25141
3.3968
0.360088
-3.73481
2.42874
0.16221
-1.28456
0.788786
-3.84715
-18.9229
12.6803
-3.79009
-14.8069
10.0318
-2.67872
-8.11737
5.57002
-4.02878
-8.61477
6.36961
-2.6932
-3.80666
2.82957
-1.26923
-1.28044
0.662584
2.32156
-35.2148
22.6092
0.912799
-0.724414
0.34878
2.4172
-23.2507
14.842
-0.3029
-0.510707
0.239307
-4.63378
-46.4996
30.5904
0.394372
0.132152
0.00123237
-0.310229
-0.151144
0.0168483
0.254976
-0.120095
-0.0231102
-1.45237
-23.0223
15.0733
0.133089
-0.600402
0.256648
-0.932172
-0.806664
0.473545
-0.137565
0.0342359
0.0377867
3.92643
-21.438
13.5498
3.8938
-17.3158
10.9307
3.74951
-13.1714
8.36189
3.47034
-9.13409
5.88942
2.83733
-5.71874
3.56355
2.10742
-2.78211
1.62255
-0.824466
-21.427
13.9978
-0.840711
-17.2795
11.3459
-0.858039
-13.1195
8.69758
-0.782221
-9.13613
6.12537
-0.628549
-5.55979
3.81819
-0.502538
-2.59785
1.69096
1.37164
-31.4716
20.3177
0.897243
-16.8583
10.9203
0.859459
-12.7501
8.3151
0.633062
-7.0959
4.69755
0.465961
-5.24039
3.45098
0.258555
-2.39327
1.50105
-3.84751
-20.9813
13.9967
-3.82225
-16.8676
11.3515
-3.72363
-12.7683
8.72154
-3.40941
-8.87095
6.22485
-2.98356
-5.29348
3.92241
-2.29686
-2.53396
1.82666
9.61795
-76.6167
48.9592
11.8005
-75.1095
48.0371
8.59073
-42.3418
27.4253
4.70868
-18.1956
11.5794
5.70336
-15.7361
9.86065
3.63493
-5.00031
2.85375
-9.26057
-76.564
50.7095
-9.14693
-60.0015
40.0704
-7.03452
-35.5883
23.9468
-9.04396
-33.6288
23.8899
-6.343
-15.539
10.9334
-4.08635
-5.67491
3.10096
-8.69227
-113.527
74.7684
-8.4859
-88.7596
58.9077
-9.1222
-71.7636
48.5869
-7.428
-41.2859
28.7265
-6.85102
-22.2234
15.8391
-3.9896
-5.63779
4.12802
9.17039
-116.219
74.7946
7.2646
-75.9891
49.2566
8.13731
-66.4861
43.7276
8.40473
-48.958
32.662
5.84198
-23.966
15.9586
4.04179
-8.10258
5.3364
2.46523
-2.38918
1.51046
-1.08445
-1.09881
1.16467
0.201749
-92.9984
60.2815
-3.50997
-2.77099
1.34863
-0.0957733
0.297405
-0.246151
1.6414
-1.4848
0.536846
8.44595
-74.2384
47.4166
9.55135
-68.3505
43.6961
9.16716
-51.8228
33.3333
11.4469
-48.1939
31.3264
6.50976
-21.9428
14.0073
4.8287
-10.2545
6.1763
-10.4282
-95.4101
62.9866
-11.4972
-85.3761
56.6977
-9.00063
-51.781
34.7741
-8.09721
-35.9614
24.7195
-7.05163
-21.6745
15.3473
-5.46884
-10.11
6.83338
-9.04909
-131.13
86.0689
-7.23098
-84.2388
55.7472
-8.39196
-76.4218
51.1426
-6.61857
-45.0935
30.8957
-7.25004
-31.2775
22.106
-6.39089
-14.1699
10.1834
8.08363
-112.515
72.3242
9.0486
-103.765
66.8745
8.44513
-78.7567
51.2935
6.85172
-47.8052
31.5916
6.66026
-33.3959
22.2742
4.95474
-15.4897
10.2958
0.296949
-4.04575
2.46089
0.527454
-7.23327
4.78795
