1.86063
-10.8706
7.32473
-0.488634
-16.3006
11.3554
-0.0685207
-0.0400088
-0.0402287
0.0804333
-0.00585903
0.0440456
0.369363
-10.6214
7.32326
-2.72967
-15.9358
11.3572
-0.0740072
-0.01534
0.0487594
0.0113709
-0.00438674
-0.0340149
3.71171
-17.9747
12.0733
3.6363
-14.1634
9.49428
4.29354
-12.9257
8.77256
2.25436
-5.24052
3.46907
2.38755
-3.91353
2.48942
1.52095
-1.51609
0.863446
-0.656001
-17.9556
12.5534
-0.6829
-14.1106
9.92481
-0.503959
-7.76923
5.46745
-0.700868
-8.43287
6.18341
-0.473288
-3.75167
2.69285
-0.334718
-1.32358
0.803731
0.734921
-17.4761
12.0686
0.709142
-13.6758
9.46881
0.732129
-11.0903
7.76522
0.400922
-4.86586
3.34424
0.272264
-3.46681
2.38944
0.107357
-1.19692
0.784226
-3.64146
-17.474
12.5534
-3.58742
-13.6906
9.93118
-2.53945
-7.51795
5.51317
-3.82781
-7.99374
6.29902
-2.55961
-3.54297
2.79826
-1.2103
-1.20054
0.657456
2.2956
-32.6104
22.3462
0.875718
-0.687651
0.34079
2.22653
-21.4928
14.6456
-0.263552
-0.477484
0.248058
-4.25753
-42.9842
30.2825
0.38407
0.124774
0.00458462
-0.288982
-0.143196
0.0128605
0.236037
-0.114708
-0.0259098
-1.43758
-21.2434
14.8979
0.0984064
-0.560075
0.268903
-0.891178
-0.763028
0.464071
-0.135684
0.0321649
0.0388247
3.71938
-19.8648
13.367
3.68965
-16.0723
10.776
3.55508
-12.2549
8.2348
3.2915
-8.52803
5.78941
2.70198
-5.36314
3.49632
2.0123
-2.62229
1.58953
-0.651466
-19.8548
13.8577
-0.668431
-16.0382
11.2339
-0.691903
-12.2047
8.61381
-0.635471
-8.52363
6.07209
-0.512642
-5.21058
3.7857
-0.419499
-2.44312
1.68516
1.10956
-29.0483
20.0443
0.725262
-15.5742
10.7672
0.696189
-11.7956
8.19272
0.515551
-6.57664
4.62378
0.360275
-4.85962
3.3951
0.188856
-2.22368
1.47985
-3.64186
-19.3664
13.8564
-3.6178
-15.5849
11.2378
-3.52499
-11.8162
8.63369
-3.23635
-8.22357
6.15956
-2.83513
-4.91782
3.87921
-2.1834
-2.36556
1.80706
8.86057
-70.8981
48.2852
10.8789
-69.6125
47.3396
7.92777
-39.3321
26.9974
4.35673
-16.9391
11.3801
5.29689
-14.697
9.67793
3.39081
-4.69094
2.80323
-8.51086
-70.8514
50.203
-8.4135
-55.6135
39.6725
-6.48728
-33.0498
23.7197
-8.36752
-31.3364
23.6396
-5.89216
-14.5138
10.8302
-3.82247
-5.30407
3.1071
-8.60093
-104.831
73.883
-8.38714
-82.0596
58.1906
-9.00365
-66.4709
47.9697
-7.3336
-38.278
28.3579
-6.71254
-20.658
15.6252
-3.88593
-5.27185
4.08174
9.07328
-107.774
73.9096
7.19561
-70.6101
48.658
8.05846
-61.9486
43.1664
8.29964
-45.819
32.2289
5.79037
-22.5227
15.7442
4.0061
-7.65135
5.272
2.43694
-2.2519
1.49026
-1.06904
-1.03461
1.14726
0.196031
-85.9675
59.5808
-3.29404
-2.5942
1.34339
-0.0941987
0.277888
-0.244234
1.53358
-1.39418
0.537777
7.78006
-68.6574
46.7775
8.80147
-63.2941
43.0798
8.45409
-48.0783
32.8326
10.571
-44.8315
30.8118
6.03488
-20.4597
13.7541
4.49258
-9.59421
6.0623
-9.58199
-88.2392
62.3556
-10.5692
-79.0643
56.1329
-8.2869
-48.0407
34.4314
-7.47897
-33.4465
24.4731
-6.53678
-20.2171
15.1951
-5.09419
-9.45402
6.78177
-8.95774
-121.035
85.0602
-7.15
-77.8273
55.0791
-8.2868
-70.7128
50.5091
-6.54568
-41.8043
30.487
-7.12494
-29.0339
21.8072
-6.23764
-13.199
10.0548
7.99554
-104.259
71.4767
8.95642
-96.3141
66.0735
8.36709
-73.2757
50.6573
6.77477
-44.6136
31.1908
6.59652
-31.3204
21.9755
4.91374
-14.5911
10.1598
0.167432
-3.79372
2.43643
0.442154
-6.70938
4.71578
