1.75651
-9.99937
7.22306
-0.359562
-14.9942
11.2347
-0.0607411
-0.035767
-0.0376104
0.0766629
-0.00638567
0.0425291
0.282292
-9.72931
7.22174
-2.57509
-14.5974
11.2362
-0.0705971
-0.0151211
0.046903
0.00663885
-0.00196017
-0.0315969
3.50458
-16.5603
11.8992
3.43484
-13.0789
9.34935
4.06016
-11.9747
8.62599
2.13589
-4.8767
3.40245
2.27028
-3.66109
2.43863
1.451
-1.42772
0.84301
-0.483838
-16.5427
12.4214
-0.513334
-13.0289
9.8221
-0.386382
-7.19306
5.41482
-0.53643
-7.84856
6.12396
-0.372303
-3.5045
2.67243
-0.273405
-1.23873
0.811963
0.56151
-16.0205
11.8954
0.541244
-12.5521
9.32671
0.559024
-10.1998
7.64236
0.305127
-4.47739
3.29036
0.184141
-3.19618
2.34927
0.0522109
-1.10812
0.779468
-3.43508
-16.0197
12.4206
-3.38401
-12.569
9.826
-2.39947
-6.91488
5.45391
-3.62544
-7.36764
6.22589
-2.42489
-3.27664
2.76589
-1.15075
-1.11967
0.652117
2.26835
-29.9971
22.0728
0.838134
-0.650251
0.332708
2.03568
-19.7294
14.4426
-0.223938
-0.44378
0.256777
-3.88139
-39.4576
29.9601
0.373601
0.117348
0.00795004
-0.267535
-0.135148
0.00885562
0.216914
-0.109232
-0.0287046
-1.42217
-19.4592
14.7155
0.0634884
-0.519117
0.281175
-0.849697
-0.718761
0.454435
-0.133757
0.0300859
0.0398594
3.51139
-18.2857
13.1783
3.48452
-14.823
10.6166
3.35956
-11.3328
8.10432
3.11148
-7.91702
5.68716
2.56536
-5.00383
3.42784
1.91609
-2.46037
1.55599
-0.47928
-18.2767
13.7111
-0.496913
-14.791
11.1167
-0.526339
-11.2843
8.52611
-0.488956
-7.9063
6.01608
-0.396615
-4.85776
3.75164
-0.336146
-2.28644
1.67873
0.84832
-26.6172
19.7619
0.553782
-14.2849
10.6094
0.533244
-10.836
8.06687
0.398088
-6.05372
4.54815
0.254367
-4.47553
3.33793
0.118844
-2.05222
1.45817
-3.43553
-17.7462
13.7095
-3.41264
-14.297
11.119
-3.32555
-10.859
8.54197
-3.06222
-7.57168
6.09168
-2.68555
-4.53879
3.83448
-2.06888
-2.19528
1.7868
8.10235
-65.1573
47.59
9.95592
-64.0881
46.6219
7.26305
-36.3027
26.5586
4.00319
-15.6723
11.1764
4.88749
-13.6468
9.49181
3.14453
-4.37721
2.75188
-7.76128
-65.1166
49.6728
-7.67983
-51.2036
39.2565
-5.93911
-30.495
23.482
-7.68861
-29.024
23.3796
-5.43871
-13.4779
10.7228
-3.55645
-4.92867
3.11223
-8.50592
-96.1029
72.9639
-8.28503
-75.3282
57.4479
-8.88163
-61.1452
47.3322
-7.23627
-35.2461
27.9778
-6.57162
-19.0769
15.4054
-3.78068
-4.90107
4.03412
8.97092
-99.2945
72.9909
7.12233
-65.2023
48.0378
7.97496
-57.3791
42.5869
8.19026
-42.6503
31.7829
5.7358
-21.0623
15.524
3.96862
-7.19315
5.20583
2.40766
-2.11215
1.46962
-1.05326
-0.969255
1.12945
0.189849
-78.9142
58.8525
-3.07614
-2.41487
1.33775
-0.0925783
0.258277
-0.242227
1.4247
-1.30208
0.538672
7.1135
-63.057
46.1175
8.05062
-58.2156
42.4447
7.73952
-44.3125
32.3183
9.69234
-41.4436
30.2851
5.55711
-18.9626
13.4959
4.15374
-8.92599
5.94629
-8.73606
-81.0433
61.695
-9.6411
-72.7248
55.5421
-7.57257
-44.2792
34.0733
-6.85903
-30.9129
24.2162
-6.0195
-18.746
15.0367
-4.71696
-8.79042
6.72765
-8.86248
-110.907
84.0123
-7.06608
-71.3894
54.3862
-8.17843
-64.9729
49.8537
-6.47006
-38.4918
30.0658
-6.99728
-26.7701
21.4998
-6.08202
-12.217
9.92252
7.90289
-95.9722
70.5962
8.859
-88.8283
65.2428
8.28407
-67.7611
49.9991
6.69415
-41.3964
30.777
6.52926
-29.2228
21.6681
4.87037
-13.6805
10.0202
0.0372526
-3.53783
2.41132
0.356872
-6.18192
4.64169
