1.65197
-9.12562
7.11814
-0.231185
-13.6839
11.1086
-0.0529012
-0.0314869
-0.0349692
0.0728469
-0.00690762
0.0409906
0.195553
-8.83494
7.11696
-2.42008
-13.2557
11.1099
-0.0671462
-0.0148943
0.0450232
0.00187009
0.000488118
-0.029154
3.2966
-15.1406
11.72
3.23245
-11.9889
9.2005
3.82542
-11.0172
8.47602
2.01652
-4.50968
3.33461
2.15183
-3.40575
2.38703
1.3802
-1.33804
0.822327
-0.312588
-15.1245
12.2834
-0.34456
-11.9419
9.71482
-0.269174
-6.61315
5.35971
-0.372135
-7.25888
6.06187
-0.271113
-3.25459
2.65093
-0.211787
-1.15273
0.819941
0.388741
-14.5603
11.7169
0.37386
-11.4237
9.18064
0.386225
-9.30406
7.51638
0.209298
-4.08609
3.23518
0.0957397
-2.92297
2.30829
-0.00322144
-1.01815
0.774527
-3.22813
-14.5609
12.2819
-3.17996
-11.4427
9.71631
-2.25885
-6.30839
5.39227
-3.42173
-6.73666
6.15025
-2.28907
-3.00772
2.73246
-1.0906
-1.03784
0.64657
2.23981
-27.376
21.7891
0.800053
-0.612211
0.324543
1.84474
-17.9612
14.2331
-0.184065
-0.409592
0.265461
-3.50559
-35.9215
29.6233
0.362969
0.109877
0.0113286
-0.245894
-0.127003
0.00483347
0.19761
-0.103666
-0.0314933
-1.40613
-17.6705
14.5264
0.0283357
-0.477532
0.29347
-0.807742
-0.673869
0.44464
-0.131784
0.0279995
0.0408916
3.30257
-16.7014
12.9837
3.27849
-13.5684
10.4527
3.16303
-10.4054
7.97051
2.93037
-7.30124
5.58276
2.42749
-4.64087
3.35816
1.81883
-2.29635
1.52196
-0.30802
-16.6934
13.558
-0.326266
-13.5385
10.9942
-0.361447
-10.3587
8.43448
-0.342752
-7.28431
5.95736
-0.280516
-4.5014
3.71602
-0.252505
-2.12784
1.67167
0.588077
-24.1792
19.4707
0.382895
-12.9909
10.4471
0.370706
-9.87159
7.93766
0.280724
-5.5273
4.47072
0.14827
-4.08819
3.27951
0.0485298
-1.87893
1.43601
-3.22863
-16.1215
13.5561
-3.20689
-13.0044
10.995
-3.12541
-9.89694
8.44642
-2.88711
-6.91549
6.02121
-2.53489
-4.15647
3.78824
-1.95334
-2.02313
1.7659
7.34369
-59.3968
46.8739
9.03187
-58.5386
45.8846
6.59688
-33.2543
26.109
3.6482
-14.3956
10.9685
4.47528
-12.5858
9.30245
2.89613
-4.05912
2.69977
-7.01229
-59.3619
49.1192
-6.94635
-46.7734
38.8223
-5.39032
-27.9247
23.2337
-7.00753
-26.6923
23.1099
-4.98283
-12.4314
10.6111
-3.28837
-4.54874
3.11635
-8.4073
-87.3472
72.0115
-8.17963
-68.5681
56.6797
-8.75621
-55.7883
46.6746
-7.13609
-32.1912
27.5863
-6.42834
-17.4803
15.18
-3.67391
-4.52548
3.98518
8.86329
-90.7829
72.0389
7.04472
-59.7675
47.3963
7.88679
-52.779
41.9894
8.0766
-39.4525
31.3241
5.67826
-19.5849
15.2979
3.92937
-6.72793
5.13793
2.3774
-1.9699
1.44856
-1.03711
-0.902752
1.11126
0.183175
-71.8417
58.0968
-2.85631
-2.23302
1.33172
-0.0909147
0.238581
-0.240132
1.31477
-1.2085
0.539551
6.44661
-57.4395
45.437
7.29917
-53.1171
41.7914
7.02379
-40.5267
31.7907
8.81121
-38.0312
29.7467
5.0766
-17.4518
13.2329
3.81226
-8.24996
5.82837
-7.89088
-73.8254
61.0049
-8.71354
-66.3601
54.9252
-6.85805
-40.4977
33.6996
-6.2377
-28.3614
23.9489
-5.50003
-17.2612
14.8722
-4.33727
-8.11933
6.67103
-8.76336
-100.75
82.9256
-6.97929
-64.9279
53.6687
-8.06694
-59.2044
49.1766
-6.39177
-35.1571
29.6323
-6.86711
-24.4866
21.1842
-5.9241
-11.2241
9.78678
7.80564
-87.6578
69.6832
8.7563
-81.3104
64.3827
8.19605
-62.2146
49.3192
6.60986
-38.1542
30.3504
6.45847
-27.1035
21.3524
4.82462
-12.758
9.87694
-0.0935752
-3.2781
2.38561
0.271646
-5.65105
4.56573
