1.54708
-8.24967
7.01002
-0.103582
-12.3703
10.9771
-0.0450025
-0.0271693
-0.0323062
0.0689863
-0.00742455
0.0394306
0.109191
-7.93876
7.00898
-2.26473
-11.9113
10.9781
-0.0636555
-0.0146599
0.0431208
-0.00293485
0.00295781
-0.0266864
3.08786
-13.7162
11.5356
3.02921
-10.894
9.0478
3.58942
-10.0537
8.32274
1.89631
-4.13957
3.2656
2.03222
-3.14756
2.33465
1.3086
-1.24704
0.801415
-0.142356
-13.7016
12.1396
-0.176676
-10.8499
9.60299
-0.152397
-6.02968
5.30213
-0.208058
-6.66397
5.99716
-0.169756
-3.00196
2.62836
-0.149882
-1.0656
0.827661
0.216704
-13.0962
11.5333
0.207073
-10.291
9.03068
0.213811
-8.40348
7.38735
0.11347
-3.6921
3.17876
0.00708453
-2.64726
2.26651
-0.0589309
-0.927048
0.769417
-3.02072
-13.098
12.1374
-2.97537
-10.312
9.60212
-2.11766
-5.69869
5.32825
-3.21679
-6.10098
6.07211
-2.15222
-2.73628
2.698
-1.02988
-0.955088
0.640815
2.20996
-24.7484
21.4952
0.761487
-0.573529
0.316304
1.65382
-16.1889
14.0171
-0.143943
-0.374919
0.274109
-3.13034
-32.3772
29.2722
0.35218
0.102365
0.01472
-0.224064
-0.118762
0.000794212
0.17813
-0.098013
-0.0342746
-1.38949
-15.8782
14.3304
-0.00704778
-0.435325
0.305794
-0.765327
-0.628361
0.434689
-0.129768
0.0259064
0.0419216
3.09303
-15.1126
12.7833
3.07167
-12.3089
10.2843
2.96558
-9.47307
7.83348
2.74823
-6.68083
5.47626
2.28844
-4.27433
3.28733
1.72053
-2.13026
1.48747
-0.137791
-15.1055
13.3983
-0.156592
-12.2811
10.8665
-0.197319
-9.42809
8.33896
-0.196933
-6.65781
5.89593
-0.164392
-4.14156
3.67883
-0.1686
-1.96732
1.66398
0.328965
-21.7356
19.1709
0.21269
-11.6927
10.2802
0.208653
-8.90287
7.80514
0.163508
-4.99756
4.39153
0.0420183
-3.69773
3.21989
-0.0220695
-1.70385
1.41343
-3.02127
-14.493
13.3962
-3.00064
-11.7075
10.8658
-2.92467
-8.9305
8.34704
-2.7111
-6.25521
5.94819
-2.38319
-3.77098
3.7405
-1.83682
-1.84917
1.74437
6.58495
-53.6189
46.1373
8.10723
-52.966
45.128
5.92953
-30.1882
25.6491
3.29189
-13.1093
10.7567
4.06038
-11.5141
9.11001
2.64569
-3.73671
2.64694
-6.2643
-53.5897
48.5421
-6.21344
-42.3246
38.3701
-4.84118
-25.3398
22.9748
-6.32457
-24.3419
22.8307
-4.52469
-11.3745
10.4953
-3.0183
-4.16435
3.11946
-8.30513
-78.5676
71.0262
-8.07101
-61.7821
55.8864
-8.6275
-50.4021
45.9972
-7.03312
-29.1141
27.1836
-6.2828
-15.8685
14.9489
-3.56568
-4.14518
3.93496
8.75036
-82.243
71.0538
6.96276
-54.3077
46.7338
7.79394
-48.1497
41.3743
7.95866
-36.2263
30.8529
5.61774
-18.0909
15.0661
3.88835
-6.25569
5.06836
2.34619
-1.82511
1.4271
-1.02061
-0.835109
1.09272
0.175986
-64.7531
57.3139
-2.63462
-2.04865
1.32529
-0.0892105
0.218805
-0.237954
1.20382
-1.11344
0.540433
5.77973
-51.8075
44.7363
6.54748
-48.0006
41.1201
6.30724
-36.7223
31.25
7.92803
-34.5953
29.197
4.59351
-15.9278
12.9652
3.46825
-7.56624
5.70865
-7.04691
-66.5886
60.2855
-7.787
-59.9728
54.2825
-6.14372
-36.6976
33.3106
-5.61527
-25.7926
23.6712
-4.97856
-15.7633
14.7017
-3.95526
-7.44086
6.61192
-8.66044
-90.5704
81.8004
-6.88967
-58.4455
52.9271
-7.95239
-53.4093
48.4782
-6.31086
-31.8012
29.1867
-6.73454
-22.1841
20.8605
-5.76398
-10.2204
9.64765
7.7038
-79.3194
68.7379
8.64828
-73.7632
63.4935
8.10298
-56.638
48.6179
6.52188
-34.8881
29.9111
6.38415
-24.9628
21.0284
4.77652
-11.8236
9.73021
-0.225032
-3.01454
2.35934
0.186513
-5.11695
4.48795
