1.33638
-6.49259
6.78439
0.149034
-9.73535
10.698
-0.0290378
-0.0184253
-0.0269194
0.0611363
-0.00844216
0.0362484
-0.0622347
-6.14252
6.78362
-1.95332
-9.21656
10.6986
-0.0565596
-0.0141689
0.0392505
-0.0126493
0.00795883
-0.0216793
2.6685
-10.8555
11.1518
2.62053
-8.69094
8.73123
3.11403
-8.10935
8.00665
1.65352
-3.39045
3.12425
1.78971
-2.62283
2.2277
1.16302
-1.06116
0.758977
0.194697
-10.8438
11.8345
0.156076
-8.65259
9.36574
0.0796357
-4.85284
5.1796
0.119157
-5.45914
5.85993
0.0333074
-2.48881
2.58001
-0.0252863
-0.887957
0.84231
-0.124848
-10.1585
11.151
-0.124408
-8.0147
8.71943
-0.129568
-6.5891
7.12048
-0.0780305
-2.89664
3.06232
-0.170874
-2.08871
2.18073
-0.171126
-0.741521
0.758741
-2.60491
-10.1628
11.831
-2.56501
-8.03945
9.36039
-1.8338
-4.47064
5.19315
-2.80354
-4.81646
5.90843
-1.87562
-2.18622
2.62597
-0.906779
-0.786885
0.62869
2.14635
-19.4776
20.8773
0.682943
-0.494253
0.299632
1.27235
-12.6354
13.5665
-0.0629967
-0.304136
0.291276
-2.38225
-25.2707
28.5273
0.330146
0.0872333
0.0215395
-0.179861
-0.101998
-0.00733418
0.138662
-0.0864493
-0.0398087
-1.35443
-12.2858
13.9184
-0.078479
-0.349096
0.330539
-0.679172
-0.535559
0.414332
-0.125612
0.021702
0.0439753
2.67212
-11.9239
12.3657
2.65601
-9.77722
9.9344
2.56825
-7.59473
7.55003
2.38116
-5.42695
5.25727
2.00697
-3.53092
3.14242
1.52098
-1.79195
1.41719
0.199214
-11.9185
13.0594
0.17948
-9.75365
10.5955
0.128311
-7.55336
8.13626
0.0932782
-5.39212
5.76497
0.0677401
-3.41184
3.59981
-0.000122517
-1.64067
1.64668
-0.185377
-16.8356
18.5459
-0.125359
-9.08614
9.9332
-0.113711
-6.95391
7.53052
-0.0702814
-3.92892
4.22811
-0.170799
-2.90799
3.09722
-0.164044
-1.34853
1.36702
-2.60561
-11.2274
13.0569
-2.58708
-9.10351
10.5921
-2.52178
-6.98593
8.13691
-2.35665
-4.92342
5.79455
-2.07697
-2.99102
3.64058
-1.60104
-1.49601
1.69939
5.0686
-42.0208
44.6041
6.25779
-41.7604
43.5587
4.59248
-24.0068
24.6992
2.57587
-10.5098
10.3214
3.22308
-9.33993
8.71644
2.13898
-3.07919
2.5394
-4.77283
-42.0026
47.3181
-4.75082
-33.3784
37.4119
-3.74286
-20.1299
22.4258
-4.95424
-19.588
22.2437
-3.60233
-9.23082
10.2512
-2.4726
-3.38256
3.12258
-8.09038
-60.9518
68.9581
-7.8444
-48.1432
54.2257
-8.36049
-39.5503
44.5845
-6.819
-22.8979
26.3456
-5.98518
-12.6019
14.4706
-3.34501
-3.37088
3.83085
8.50859
-65.0913
68.9863
6.78577
-43.3212
45.3466
7.59419
-38.8096
40.0921
7.71002
-29.6925
29.8737
5.48782
-15.054
14.586
3.80108
-5.29042
4.92438
2.28095
-1.52798
1.38305
-0.986616
-0.696485
1.05459
0.159997
-50.5396
55.6678
-2.18595
-1.67253
1.31121
-0.0856904
0.179047
-0.233356
0.979004
-0.91897
0.542263
4.44718
-40.5093
43.2758
5.04474
-37.7219
39.7252
4.87291
-29.0634
30.1309
6.15697
-27.6577
28.0648
3.6203
-12.8417
12.4168
2.77305
-6.17643
5.46424
-5.36436
-52.0708
58.7591
-5.93886
-47.1406
52.9198
-4.71696
-29.0474
32.4865
-4.36823
-20.607
23.0848
-3.93052
-12.7298
14.3426
-3.18481
-6.06257
6.48627
-8.44343
-70.1569
79.4367
-6.70215
-45.4287
51.3723
-7.7144
-41.7491
47.0184
-6.14137
-25.0312
28.2601
-6.46243
-17.5252
20.1892
-5.43741
-8.18216
9.35953
7.48629
-62.5843
66.7518
8.41632
-58.5923
61.6292
7.90172
-45.4027
47.1521
6.33493
-28.2879
28.9953
6.2249
-20.6197
20.3563
4.67328
-9.92018
9.42663
-0.489706
-2.47625
2.30528
0.0166613
-4.03987
4.32712
