1.23067
-5.61216
6.66699
0.27393
-8.41501
10.5506
-0.0209773
-0.0140017
-0.0241981
0.0571499
-0.00894226
0.0346277
-0.147227
-5.24321
6.66635
-1.79738
-7.86743
10.5509
-0.0529571
-0.0139126
0.0372842
-0.0175557
0.0104882
-0.0191411
2.45804
-9.42028
10.9527
2.41526
-7.58359
8.56753
2.87483
-7.12932
7.84402
1.53103
-3.0117
3.05199
1.6669
-2.35647
2.1732
1.0891
-0.966331
0.737482
0.361362
-9.41006
11.6732
0.320793
-7.54811
9.24037
0.194789
-4.25989
5.11468
0.282155
-4.84963
5.78742
0.134932
-2.22845
2.55423
0.0373569
-0.797501
0.849225
-0.29422
-8.68621
10.9526
-0.288963
-6.87198
8.55832
-0.300395
-5.67605
6.98279
-0.173628
-2.49547
3.00237
-0.260113
-1.80609
2.13679
-0.227574
-0.647177
0.753196
-2.39669
-8.69166
11.6691
-2.35941
-6.89855
9.23289
-1.69127
-3.85278
5.1221
-2.5954
-4.16813
5.82292
-1.73598
-1.90782
2.58843
-0.844456
-0.701506
0.622318
2.1126
-16.8365
20.5536
0.642995
-0.453678
0.291215
1.08196
-10.8556
13.332
-0.0222024
-0.268042
0.299785
-2.00974
-21.7112
28.1336
0.318911
0.0796221
0.0249662
-0.157504
-0.0934813
-0.0114221
0.118687
-0.0805433
-0.0425581
-1.33602
-10.4872
13.7025
-0.114506
-0.305113
0.342961
-0.635467
-0.488304
0.40393
-0.123474
0.0195918
0.044999
2.46091
-10.3252
12.1487
2.44734
-8.50604
9.75312
2.36853
-6.64944
7.40378
2.19638
-4.79392
5.1449
1.86466
-3.15429
3.06844
1.4198
-1.61985
1.38146
0.365833
-10.3207
12.8803
0.345725
-8.48451
10.4523
0.289668
-6.60991
8.02913
0.237545
-4.75336
5.69547
0.183652
-3.04219
3.55798
0.0843859
-1.47464
1.63708
-0.440389
-14.3813
18.221
-0.29306
-7.77882
9.75333
-0.27389
-5.97448
7.38857
-0.186763
-3.39046
4.14396
-0.277283
-2.50902
3.03425
-0.235369
-1.16844
1.34325
-2.39748
-9.59167
12.8776
-2.37994
-7.79739
10.4475
-2.3198
-6.00861
8.0262
-2.17837
-4.25244
5.71395
-1.92255
-2.59685
3.58842
-1.48187
-1.31696
1.67596
4.31162
-36.2051
43.8084
5.33375
-36.1318
42.7469
3.92331
-20.894
24.2098
2.21643
-9.19747
10.0982
2.80099
-8.23829
8.51558
1.8829
-2.74432
2.48478
-4.03002
-36.1923
46.6715
-4.02174
-28.8846
36.9061
-3.19416
-17.5069
22.1357
-4.26744
-17.1863
21.9361
-3.13848
-8.14486
10.123
-2.19718
-2.98543
3.12257
-7.97789
-52.1228
67.8762
-7.72651
-41.2961
53.359
-8.22232
-34.0891
43.8497
-6.70796
-19.7613
25.9106
-5.83325
-10.9483
14.2236
-3.23267
-2.97721
3.777
8.37979
-56.4862
67.9046
6.69076
-37.7986
44.6225
7.48732
-34.1021
39.4255
7.57937
-26.3872
29.3663
5.41846
-13.5122
14.3379
3.75487
-4.79762
4.85005
2.24697
-1.37569
1.36048
-0.969135
-0.625567
1.03504
0.151178
-43.4206
54.8052
-1.95914
-1.4809
1.30355
-0.0838799
0.159078
-0.230943
0.865208
-0.819631
0.543236
3.78205
-34.8476
42.5167
4.2943
-32.5638
39.0023
4.1557
-25.2119
29.5531
5.26979
-24.1587
27.483
3.13054
-11.2808
12.1364
2.42212
-5.47084
5.33973
-4.52652
-44.7956
57.9525
-5.01807
-40.7008
52.2002
-4.00517
-25.2002
32.0516
-3.74414
-17.9922
22.7763
-3.40437
-11.1954
14.1541
-2.79668
-5.36323
6.41973
-8.32943
-59.932
78.1989
-6.60435
-38.8999
50.5598
-7.59109
-35.8887
46.2578
-6.05288
-21.6197
27.7795
-6.32302
-15.1707
19.842
-5.27112
-7.14841
9.21068
7.37066
-54.194
65.7118
8.29241
-50.9745
60.6549
7.79355
-39.7481
46.3882
6.23599
-24.9562
28.5192
6.14002
-18.4186
20.0086
4.61817
-8.95164
9.26992
-0.62284
-2.20173
2.27756
-0.0679894
-3.49731
4.24415
