1.12477
-4.7309
6.54661
0.397819
-7.09343
10.3978
-0.0128691
-0.00954609
-0.0214602
0.0531248
-0.00943622
0.0329881
-0.231697
-4.3436
6.5461
-1.64137
-6.51785
10.3979
-0.0493204
-0.0136495
0.035298
-0.0224922
0.0130351
-0.016581
2.24716
-7.98259
10.7488
2.20947
-6.47292
8.40033
2.63474
-6.14455
7.67844
1.40789
-2.63037
2.97873
1.54312
-2.08758
2.11807
1.01448
-0.870285
0.715824
0.5267
-7.97376
11.5062
0.48432
-6.4403
9.11056
0.309308
-3.66423
5.04732
0.444658
-4.23571
5.71234
0.236561
-1.9657
2.52739
0.100195
-0.705999
0.855857
-0.462571
-7.21242
10.7494
-0.452646
-5.72688
8.39366
-0.470561
-4.75963
6.84236
-0.269074
-2.09226
2.94132
-0.349475
-1.52142
2.09219
-0.284227
-0.551845
0.747523
-2.18837
-7.21901
11.5015
-2.15363
-5.75521
9.101
-1.5484
-3.23273
5.04872
-2.38636
-3.51614
5.73499
-1.59552
-1.62734
2.54987
-0.781651
-0.615332
0.61574
2.07757
-14.1929
20.2201
0.602618
-0.412498
0.282751
0.89189
-9.07459
13.0915
0.0187829
-0.231496
0.308236
-1.63845
-18.1496
27.726
0.307537
0.0719856
0.0284027
-0.13499
-0.0848792
-0.0155248
0.0985647
-0.0745583
-0.0452934
-1.31704
-8.68807
13.4802
-0.150722
-0.260582
0.355415
-0.591369
-0.440512
0.393381
-0.121298
0.0174769
0.0460201
2.24932
-8.72452
11.9263
2.2382
-7.23192
9.56775
2.1682
-5.70055
7.25461
2.01086
-4.15715
5.0307
1.72137
-2.77458
2.99349
1.31773
-1.44586
1.34537
0.531111
-8.72079
12.6948
0.510689
-7.21242
10.304
0.44997
-5.66289
7.91818
0.381176
-4.111
5.62329
0.299398
-2.66954
3.51461
0.169026
-1.30688
1.62683
-0.693835
-11.9254
17.888
-0.459797
-6.46954
9.56931
-0.43332
-4.9923
7.24364
-0.302909
-2.84954
4.05826
-0.38376
-2.10755
2.97024
-0.306881
-0.98684
1.31913
-2.18925
-7.9549
12.6919
-2.17268
-6.48925
10.298
-2.11757
-5.02849
7.91175
-1.99947
-3.57846
5.63086
-1.76736
-2.20013
3.5348
-1.3619
-1.13637
1.6519
3.5558
-30.3815
42.9937
4.41062
-30.4891
41.9176
3.25404
-17.7681
23.7111
1.85623
-7.87755
9.87156
2.37684
-7.12757
8.31219
1.62513
-2.40556
2.42966
-3.28953
-30.374
46.002
-3.29453
-24.3792
36.3827
-2.64605
-14.8733
21.8353
-3.57992
-14.7694
21.6191
-2.67312
-7.05009
9.99073
-1.9202
-2.58437
3.12149
-7.86207
-43.2848
66.7629
-7.60563
-34.4343
52.4686
-8.08113
-28.6074
43.0964
-6.59432
-16.6075
25.4651
-5.67933
-9.28225
13.9714
-3.11908
-2.57946
3.72199
8.24575
-47.866
66.7914
6.59145
-32.2592
43.8785
7.37585
-29.3721
38.7423
7.44456
-23.0578
28.8472
5.34618
-11.9555
14.0846
3.70695
-4.2983
4.7742
2.21209
-1.22099
1.33757
-0.951345
-0.553635
1.01516
0.141805
-36.2971
53.9166
-1.73081
-1.287
1.29546
-0.0820392
0.139058
-0.228456
0.750549
-0.718951
0.544262
3.11803
-29.1805
41.7389
3.54486
-27.396
38.263
3.43882
-21.3477
28.9635
4.38197
-20.6415
26.8913
2.63895
-9.70881
11.852
2.06916
-4.75853
5.21381
-3.6914
-37.5134
57.1173
-4.09995
-34.2487
51.4553
-3.2948
-21.3405
31.6017
-3.12002
-15.3642
22.4576
-2.87709
-9.64996
13.9597
-2.40683
-4.6575
6.35072
-8.21184
-49.7006
76.9245
-6.50391
-32.361
49.7243
-7.46496
-30.0115
45.4769
-5.96194
-18.1927
27.2875
-6.18144
-12.8009
19.4873
-5.10292
-6.10557
9.05874
7.2505
-45.7929
64.6411
8.16325
-43.3389
59.653
7.68039
-34.0717
45.6041
6.13345
-21.6051
28.0313
6.05166
-16.199
19.6532
4.56077
-7.97236
9.11002
-0.756435
-1.9238
2.24942
-0.152414
-2.95238
4.15954
