0.912522
-2.96721
6.29714
0.642429
-4.44848
10.0768
0.0034743
-0.000547277
-0.0159403
0.0449663
-0.0104047
0.0296559
-0.398963
-2.54485
6.29687
-1.32934
-3.81939
10.0765
-0.0419512
-0.0131035
0.0312699
-0.0324448
0.0181749
-0.011399
1.82444
-5.10185
10.3272
1.79661
-4.24341
8.05578
2.15227
-4.16242
7.33877
1.15981
-1.86059
2.82935
1.29287
-1.54272
2.00602
0.863238
-0.674738
0.672072
0.853197
-5.09572
11.1552
0.807599
-4.21644
8.8377
0.536283
-2.46577
4.90539
0.767928
-2.99574
5.55448
0.439656
-1.43353
2.4705
0.226335
-0.520034
0.868232
-0.796002
-4.26272
10.3292
-0.777183
-3.43142
8.05403
-0.80867
-2.91832
6.55357
-0.459357
-1.28049
2.81606
-0.528405
-0.946528
2.0011
-0.398031
-0.358459
0.735818
-1.77169
-4.27145
11.1494
-1.74181
-3.4631
8.82423
-1.26186
-1.98716
4.8951
-1.96591
-2.20247
5.5519
-1.3124
-1.06075
2.46972
-0.654714
-0.440798
0.601955
2.00372
-8.90215
19.5245
0.520656
-0.328407
0.265708
0.512973
-5.51196
12.5932
0.101245
-0.157124
0.324934
-0.899989
-11.0247
26.8692
0.284395
0.0566531
0.0353003
-0.0895307
-0.0674355
-0.0237698
0.0579137
-0.062366
-0.0507139
-1.27738
-5.09066
13.0164
-0.22365
-0.170009
0.380401
-0.502078
-0.343436
0.371848
-0.116834
0.0132342
0.0480524
1.82523
-5.51927
11.4659
1.81883
-4.67685
9.18505
1.76601
-3.79352
6.94783
1.63789
-2.87351
4.79703
1.4321
-2.00658
2.84084
1.11114
-1.09258
1.27218
0.857445
-5.51712
12.3049
0.83658
-4.66133
9.99234
0.767203
-3.75968
7.68491
0.666323
-2.81656
5.47098
0.530195
-1.91595
3.42327
0.338548
-0.966548
1.60438
-1.19572
-7.01282
17.1987
-0.790163
-3.84722
9.18922
-0.749717
-3.02142
6.94509
-0.534023
-1.76139
3.88237
-0.596507
-1.29799
2.83926
-0.450325
-0.619541
1.26988
-1.77278
-4.68075
12.3018
-1.75802
-3.86909
9.9839
-1.71263
-3.06154
7.67177
-1.64012
-2.2228
5.45724
-1.45489
-1.39987
3.42322
-1.11983
-0.770988
1.6019
2.04864
-18.7194
41.3092
2.56833
-19.1702
40.2079
1.91618
-11.4827
22.6868
1.13412
-5.21734
9.40824
1.52309
-4.88113
7.89823
1.10506
-1.71719
2.31808
-1.81647
-18.7219
44.5951
-1.84665
-15.3415
35.2835
-1.55237
-9.57893
21.2038
-2.20379
-9.89484
20.9574
-1.73861
-4.83634
9.71384
-1.36209
-1.77135
3.11602
-7.62056
-25.5954
64.4442
-7.35508
-20.6784
50.6177
-7.78988
-17.5931
41.5353
-6.35941
-10.2549
24.5436
-5.36569
-5.91625
13.452
-2.88828
-1.77271
3.60854
7.96225
-30.5929
64.4728
6.38013
-21.139
42.3318
7.13928
-19.8526
37.3271
7.16265
-16.3334
27.7748
5.19302
-8.80063
13.5628
3.60612
-3.28103
4.61806
2.13971
-0.904643
1.29076
-0.914867
-0.406949
0.974483
0.121423
-22.0472
52.0632
-1.27003
-0.89282
1.27793
-0.0782776
0.098895
-0.22327
0.51886
-0.513827
0.546491
1.79413
-17.8388
40.1287
2.04993
-17.0392
36.7364
2.00707
-13.5881
27.7503
2.60571
-13.5587
25.6789
1.65106
-6.53493
11.2722
1.3578
-3.31528
4.95802
-2.03037
-22.9388
55.3619
-2.27287
-21.3176
49.8905
-1.87927
-13.5897
30.6571
-1.87257
-10.0731
21.79
-1.82
-6.52935
13.5532
-1.62265
-3.22837
6.20521
-7.96606
-29.2342
74.2681
-6.29524
-19.2639
47.9857
-7.20444
-18.2167
43.856
-5.77287
-11.2983
26.2705
-5.89199
-8.02034
18.7558
-4.76104
-3.99502
8.74573
6.99677
-28.9703
62.4089
7.88947
-28.026
57.568
7.43938
-22.6629
43.9764
5.91777
-14.8506
27.0206
5.86468
-11.7085
18.92
4.43916
-5.98356
8.78089
-1.02475
-1.35846
2.19196
-0.320463
-1.85643
3.98554
