0.806243
-2.08539
6.16816
0.763094
-3.12603
9.90866
0.0117006
0.00399087
-0.0131616
0.0408372
-0.0108788
0.027965
-0.481716
-1.64637
6.16802
-1.1734
-2.4715
9.90813
-0.0382226
-0.0128212
0.0292297
-0.0374544
0.0207638
-0.00877968
1.61273
-3.65986
10.1098
1.58968
-3.12544
7.87859
1.91006
-3.16595
7.16483
1.03497
-1.47254
2.7533
1.16652
-1.26704
1.94915
0.786699
-0.575354
0.65
1.01428
-3.65503
10.9713
0.967273
-3.10128
8.69474
0.648673
-1.86349
4.83086
0.928575
-2.37031
5.47172
0.541029
-1.16439
2.44045
0.289569
-0.425678
0.873955
-0.960993
-2.78795
10.1124
-0.937944
-2.28206
7.87922
-0.976502
-1.99431
6.40534
-0.554118
-0.872353
2.7519
-0.617882
-0.65666
1.95466
-0.455118
-0.260547
0.729793
-1.56345
-2.79769
10.965
-1.53589
-2.31531
8.67941
-1.11829
-1.36223
4.81487
-1.75467
-1.5415
5.45677
-1.16986
-0.774971
2.42814
-0.590643
-0.352551
0.594743
1.96494
-6.25685
19.1628
0.479114
-0.285548
0.257139
0.324229
-3.73157
12.3355
0.142676
-0.119341
0.333163
-0.533006
-7.46416
26.4204
0.272636
0.0489648
0.0387581
-0.0666099
-0.0586031
-0.0279093
0.0374086
-0.0561671
-0.0533949
-1.25671
-3.29373
12.7751
-0.26032
-0.124039
0.392921
-0.456931
-0.29422
0.360866
-0.114549
0.0111072
0.0490621
1.61286
-3.91587
11.2282
1.60873
-3.39687
8.98791
1.56429
-2.83618
6.79035
1.45057
-2.22724
4.67766
1.28625
-1.6187
2.76322
1.00671
-0.913492
1.23512
1.01843
-3.91449
12.1007
0.99743
-3.38331
9.82903
0.924052
-2.80427
7.56267
0.807746
-2.16508
5.39088
0.645151
-1.53539
3.3753
0.423345
-0.794152
1.59217
-1.44402
-4.55798
16.8427
-0.953703
-2.53526
8.99334
-0.90659
-2.0336
6.79163
-0.648908
-1.21471
3.79226
-0.702677
-0.890352
2.77235
-0.522181
-0.434077
1.24478
-1.56465
-3.04461
12.0974
-1.55075
-2.55813
9.81946
-1.51004
-2.07561
7.5463
-1.45979
-1.54179
5.36675
-1.29774
-0.99677
3.36527
-0.997825
-0.586424
1.57596
1.29774
-12.8853
40.4402
1.64974
-13.4987
39.3284
1.24804
-8.32598
22.1617
0.772489
-3.87838
9.17178
1.0939
-3.74669
7.68787
0.843012
-1.36802
2.26168
-1.08428
-12.8927
43.8582
-1.12638
-10.8128
34.708
-1.00715
-6.92055
20.8728
-1.5157
-7.43965
20.6126
-1.26987
-3.71863
9.56926
-1.08123
-1.35988
3.11157
-7.49495
-16.751
63.2396
-7.22547
-13.7902
49.6581
-7.6399
-12.0656
40.728
-6.2382
-7.05938
24.0678
-5.20608
-4.21836
13.185
-2.77118
-1.36429
3.55012
7.81293
-21.9464
63.2682
6.26826
-15.5625
41.5297
7.01435
-15.0673
36.5956
7.01568
-12.9416
27.2219
5.11221
-7.20417
13.2943
3.55324
-2.7637
4.5378
2.10223
-0.743209
1.26687
-0.896192
-0.332324
0.953698
0.11044
-14.9259
51.099
-1.0378
-0.692806
1.26847
-0.0763617
0.0787649
-0.220574
0.401954
-0.409535
0.547701
1.13462
-12.1683
39.297
1.30489
-11.8543
35.9499
1.29266
-9.69594
27.1273
1.7179
-9.99671
25.0589
1.15521
-4.93469
10.977
0.999766
-2.58521
4.8283
-1.20489
-15.6518
54.4423
-1.36439
-14.8438
49.0711
-1.17452
-9.70208
30.1627
-1.24968
-7.41257
21.4412
-1.29062
-4.95584
13.3411
-1.22868
-2.50581
6.1287
-7.83794
-19.0069
72.887
-6.18708
-12.7109
47.0832
-7.07013
-12.3045
43.0166
-5.6748
-7.83438
25.7458
-5.74418
-5.6123
18.3792
-4.5875
-2.92867
8.58477
6.86334
-20.5549
61.2485
7.745
-20.3546
56.4857
7.31168
-16.9353
43.1335
5.80475
-11.4504
26.4981
5.76615
-9.43996
18.5425
4.37501
-4.97516
8.61175
-1.15932
-1.07146
2.16267
-0.404028
-1.30595
3.89624
