0.6999
-1.20398
6.03645
0.882642
-1.80419
9.73545
0.0199565
0.00855107
-0.0103727
0.0366781
-0.0113459
0.0262588
-0.563858
-0.74891
6.03642
-1.01756
-1.12514
9.73472
-0.0344674
-0.0125329
0.0271735
-0.0424814
0.0233625
-0.00614339
1.40085
-2.2175
9.88803
1.38249
-2.00595
7.69823
1.66732
-2.16649
6.98826
0.909677
-1.08264
2.67638
1.03942
-0.989428
1.89176
0.709603
-0.474987
0.627813
1.17389
-2.21395
10.7818
1.1256
-1.98458
8.54748
0.760295
-1.25954
4.75396
1.08849
-1.74171
5.38643
0.642221
-0.893443
2.40933
0.352865
-0.330488
0.879352
-1.12479
-1.31399
9.89125
-1.09765
-1.13225
7.7012
-1.14345
-1.06867
6.25466
-0.648574
-0.463017
2.68677
-0.707301
-0.365427
1.90765
-0.51228
-0.161927
0.723656
-1.35533
-1.3247
10.7751
-1.33004
-1.16702
8.53036
-0.974576
-0.736278
4.73239
-1.54284
-0.878282
5.35926
-1.02675
-0.487789
2.38555
-0.526213
-0.263736
0.587312
1.92495
-3.61276
18.7918
0.437229
-0.242188
0.248543
0.136023
-1.9526
12.0723
0.184206
-0.0811948
0.341301
-0.16762
-3.90644
25.9582
0.26076
0.041267
0.0422196
-0.0435794
-0.0497042
-0.0320579
0.0168006
-0.049906
-0.0560537
-1.2355
-1.49884
12.5278
-0.297096
-0.0776717
0.405448
-0.411482
-0.244604
0.349742
-0.112227
0.00897686
0.0500661
1.40036
-2.31271
10.9855
1.39843
-2.1159
8.78703
1.36224
-1.87683
6.63024
1.26279
-1.57845
4.55668
1.13968
-1.22853
2.68477
0.901608
-0.732919
1.19778
1.17792
-2.31206
11.8903
1.15685
-2.10428
9.66082
1.07968
-1.8469
7.43672
0.948345
-1.51119
5.30817
0.759746
-1.15262
3.32581
0.508107
-0.620416
1.57929
-1.69049
-2.10529
16.4792
-1.1161
-1.22346
8.79368
-1.06252
-1.04481
6.63546
-0.763292
-0.666673
3.70077
-0.808644
-0.481132
2.70453
-0.594067
-0.247578
1.21938
-1.35665
-1.40989
11.8869
-1.34357
-1.24728
9.65017
-1.30745
-1.08863
7.41722
-1.27911
-0.859148
5.27383
-1.14006
-0.592021
3.30588
-0.875258
-0.400783
1.54939
0.54887
-7.05209
39.5539
0.73318
-7.82234
38.4329
0.580715
-5.162
21.6282
0.410672
-2.53448
8.93225
0.663463
-2.60573
7.47538
0.579826
-1.01588
2.20492
-0.355184
-7.06424
43.0993
-0.408767
-6.2802
34.1156
-0.463216
-4.25639
20.5319
-0.827946
-4.97437
20.2587
-0.800431
-2.59461
9.4206
-0.799361
-0.945486
3.10595
-7.36614
-7.91123
62.0055
-7.09302
-6.89904
48.6761
-7.48706
-6.52817
39.9033
-6.11452
-3.85352
23.5821
-5.04466
-2.51203
12.9132
-2.65301
-0.95293
3.49058
7.65871
-13.2976
62.0341
6.15235
-9.97824
40.7089
6.88509
-10.2679
35.8486
6.86481
-9.53267
26.6581
5.02865
-5.59634
13.021
3.49874
-2.24105
4.4561
2.06392
-0.579765
1.24266
-0.877233
-0.256943
0.932621
0.0989539
-7.8104
50.1105
-0.804531
-0.491041
1.25853
-0.0744257
0.0586115
-0.217812
0.28443
-0.304207
0.548975
0.476972
-6.50076
38.4482
0.561725
-6.66788
35.1484
0.579495
-5.79791
26.4936
0.830721
-6.42335
24.43
0.658399
-3.32685
10.6784
0.64041
-1.85017
4.69743
-0.382981
-8.36847
53.4951
-0.459556
-8.36781
48.2273
-0.472014
-5.80854
29.6536
-0.627631
-4.74394
21.0825
-0.760976
-3.37475
13.1232
-0.833721
-1.77857
6.04967
-7.70639
-8.7886
71.4716
-6.07639
-6.15863
46.1592
-6.93314
-6.38605
42.1582
-5.57442
-4.36182
25.2104
-5.59436
-3.19439
17.9956
-4.41228
-1.85595
8.42086
6.72564
-12.1406
60.0591
7.59562
-12.6772
55.3775
7.17931
-11.1955
42.2715
5.68835
-8.03712
25.9645
5.66435
-7.15757
18.1578
4.30867
-3.9583
8.43963
-1.29404
-0.781907
2.13302
-0.487251
-0.75416
3.80544
