0.593517
-0.323272
5.90205
1.00106
-0.483385
9.55728
0.0282367
0.0131302
-0.00757541
0.0324913
-0.0118058
0.0245384
-0.645376
0.147232
5.90213
-0.861847
0.219235
9.55635
-0.0306879
-0.012239
0.0251021
-0.0475218
0.0259685
-0.00349171
1.18887
-0.775265
9.66203
1.17511
-0.885383
7.51478
1.42412
-1.16455
6.80912
0.78397
-0.691122
2.59861
0.911663
-0.710061
1.83386
0.631996
-0.373713
0.605518
1.33201
-0.772975
10.587
1.28255
-0.866798
8.39597
0.871126
-0.654229
4.67473
1.24761
-1.11031
5.29862
0.743184
-0.620855
2.37714
0.416183
-0.234535
0.884411
-1.28735
0.158623
9.66586
-1.25626
0.0175061
7.52004
-1.30947
-0.141889
6.10158
-0.742686
-0.0527238
2.62069
-0.796611
-0.0730354
1.8601
-0.569477
-0.0626863
0.717404
-1.14737
0.146968
10.5798
-1.12429
-0.0187303
8.37712
-0.83076
-0.109614
4.64768
-1.33052
-0.213219
5.25939
-0.883137
-0.1994
2.34195
-0.461458
-0.174422
0.57966
1.88379
-0.970763
18.4119
0.395027
-0.198364
0.239923
-0.0516034
-0.175663
11.8038
0.225808
-0.0427164
0.349336
0.196117
-0.352752
25.4828
0.248771
0.0335635
0.0456827
-0.0204535
-0.0407445
-0.0362137
-0.00389612
-0.0435881
-0.0586879
-1.21374
0.293415
12.2745
-0.33395
-0.0309525
0.417972
-0.365756
-0.194629
0.338477
-0.109872
0.00684352
0.0510633
1.18777
-0.710319
10.738
1.18799
-0.834456
8.5825
1.15992
-0.915925
6.46757
1.07461
-0.927481
4.43412
0.992456
-0.836311
2.60552
0.795879
-0.550993
1.16015
1.33591
-0.710392
11.6739
1.31482
-0.824748
9.48776
1.23406
-0.887977
7.30711
1.08808
-0.855245
5.22287
0.873934
-0.767867
3.27481
0.592787
-0.445461
1.56573
-1.93509
0.34437
16.1086
-1.27731
0.0876468
8.59034
-1.21747
-0.0554864
6.47666
-0.877138
-0.117589
3.60793
-0.914353
-0.0705989
2.63584
-0.665939
-0.0601856
1.19369
-1.14883
0.222835
11.6703
-1.13655
0.0629264
9.47608
-1.1049
-0.101066
7.28455
-1.09814
-0.175235
5.17848
-0.98192
-0.185883
3.24506
-0.752186
-0.214203
1.52219
-0.197797
-1.22188
38.6508
-0.181113
-2.14352
37.522
-0.085587
-1.99232
21.0866
0.0488131
-1.18641
8.68975
0.232003
-1.45904
7.26085
0.315656
-0.661069
2.14782
0.37071
-1.23867
42.3187
0.306052
-1.74549
33.5063
0.0792989
-1.58776
20.181
-0.140761
-2.50046
19.8957
-0.330498
-1.46507
9.26785
-0.516638
-0.52848
3.09911
-7.23418
0.920539
60.7425
-6.95773
-0.00792264
47.6721
-7.33139
-0.983712
39.0615
-5.98841
-0.639234
23.0869
-4.88147
-0.79847
12.6366
-2.53381
-0.538983
3.42993
7.4997
-4.6494
60.771
6.0325
-4.38845
39.8697
6.75162
-5.45682
35.0861
6.71011
-6.10849
26.0836
4.94238
-3.97821
12.7428
3.44266
-1.7135
4.37298
2.02479
-0.414454
1.21814
-0.857994
-0.180886
0.911258
0.0869918
-0.702914
49.098
-0.570343
-0.287695
1.24808
-0.0724717
0.0384415
-0.214985
0.166364
-0.197944
0.550308
-0.178687
-0.838103
37.5825
-0.179394
-1.48186
34.3323
-0.132213
-1.89576
25.8496
-0.0555365
-2.84064
23.7924
0.160862
-1.71241
10.3766
0.279943
-1.11071
4.56548
0.435232
-1.09136
52.5209
0.441495
-1.89223
47.3594
0.228102
-1.9109
29.1302
-0.00660686
-2.06861
20.714
-0.231279
-1.78711
12.8994
-0.437959
-1.04717
5.96809
-7.57144
1.4172
70.0223
-5.9632
0.39045
45.2139
-6.7935
-0.464095
41.2812
-5.47174
-0.882524
24.6646
-5.44256
-0.768186
17.605
-4.23546
-0.777696
8.25406
6.58379
-3.73032
58.8413
7.44145
-4.99677
54.2438
7.04239
-5.44617
41.3909
5.56867
-4.61262
25.4199
5.55934
-4.86282
17.766
4.24018
-2.93371
8.26454
-1.42884
-0.490061
2.10302
-0.570104
-0.201365
3.7132
