4.69904
-48.4013
2.01143
-5.88107
-72.6231
1.32005
-0.63671
-0.359517
-0.185655
0.263943
0.0369381
0.0938701
4.37655
-49.5425
2.01446
-6.37122
-74.3132
1.30487
-0.234271
-0.0106128
0.111964
0.454968
-0.249901
-0.18668
9.46854
-82.0951
3.46066
9.63823
-67.1401
2.91792
12.1177
-64.2598
3.09005
6.77992
-26.532
1.5974
7.51813
-20.1729
1.36418
4.74947
-7.7597
0.6513
-7.89068
-82.1363
1.19018
-8.12405
-67.1008
0.616579
-6.27666
-38.4775
0.0193856
-10.2398
-43.4672
-0.464261
-7.23986
-19.6362
-0.752192
-4.90205
-7.33883
-1.47607
8.8038
-84.4033
3.48863
8.99388
-69.4908
2.95406
10.1657
-60.0528
2.67955
6.40824
-28.2112
1.22046
7.02211
-21.7273
0.82071
4.89123
-8.13833
-0.552172
-8.54642
-84.4407
1.13496
-8.77134
-69.4712
0.534154
-6.70907
-40.2754
0.0525957
-10.9269
-46.3997
-0.159674
-8.08433
-21.2174
-0.192458
-3.83576
-6.75947
-0.309485
1.14918
-145.231
4.31948
2.59363
-3.47111
0.229888
9.0806
-97.9415
4.02789
-3.26844
-3.12058
-1.05113
-16.3775
-195.905
3.48689
0.494518
0.440033
-0.294973
-1.63582
-0.620383
0.325566
1.53703
-0.466871
0.260311
0.127852
-99.0929
2.87838
3.19212
-4.07926
-1.46143
-2.77889
-3.83991
0.259883
-0.00506291
0.103723
-0.148561
9.41763
-89.4366
3.74424
9.55068
-74.6865
3.18215
9.70659
-59.3894
2.67918
9.62294
-43.1503
2.30449
8.37226
-27.529
1.73527
6.36824
-13.5014
0.928198
-7.84979
-89.4838
1.47591
-7.98382
-74.6962
0.900699
-8.27688
-59.2833
0.332576
-8.38504
-43.2056
-0.217123
-7.81745
-27.0432
-0.551114
-6.32282
-12.9383
-1.04296
13.137
-137.593
5.64154
8.88803
-77.0237
3.22273
9.07798
-61.7425
2.68728
7.26605
-36.8124
1.69709
7.85495
-29.4699
1.30627
5.90487
-14.4362
0.184169
-8.50281
-91.7564
1.44853
-8.64064
-77.0423
0.823012
-8.91764
-61.6703
0.273005
-8.91935
-45.5936
-0.0818113
-8.51509
-29.0642
-0.177101
-7.20958
-14.0727
-0.248181
36.5514
-332.985
13.8647
46.3481
-341.561
14.6551
36.1203
-203.962
9.49607
21.5129
-91.6693
4.84832
28.5708
-84.0168
4.76008
18.2012
-28.3104
1.01663
-32.9572
-333.114
4.62208
-33.6996
-273.109
2.29632
-27.7878
-170.665
0.103833
-39.1254
-170.946
-0.837265
-29.0913
-82.316
-1.55314
-18.5378
-32.1119
-3.60413
0.887685
-506.633
13.8592
1.00406
-417.085
10.4846
0.456867
-359.324
8.47946
-0.0507945
-223.653
4.6427
-3.32108
-127.547
2.18376
-4.44667
-33.137
-0.520083
4.77532
-492.83
13.9209
3.84773
-335.797
8.87388
3.81875
-308.061
7.75398
3.79862
-235.54
5.69774
1.13564
-117.57
2.33432
-0.060412
-41.313
-0.0681668
0.128943
-14.024
0.074629
-0.0867374
-6.74115
0.260268
1.77546
-391.793
11.5468
-15.6348
-16.475
-1.04358
-0.0809484
1.13142
0.109155
8.34143
-9.0144
-0.892793
31.8512
-317.028
13.1045
36.8025
-303.415
12.7808
37.3038
-242.295
10.7426
49.5061
-239
11.8585
31.6699
-114.356
6.44079
24.494
-56.031
2.84291
-36.8788
-407.787
6.55894
-41.6157
-379.294
4.27001
-34.1092
-241.928
1.21682
-33.8108
-177.462
-0.475528
-31.5015
-112.523
-1.23378
-25.3196
-54.871
-2.23499
0.78875
-573.403
16.244
0.840628
-385.335
10.1477
0.802264
-370.434
8.96234
0.432331
-233.122
5.50454
-1.65894
-174.786
3.68118
-5.47364
-83.0977
0.392477
4.11043
-469.713
13.6765
4.7687
-448.337
12.2164
4.27859
-356.175
9.10613
3.10374
-226.751
5.37606
2.10178
-162.355
3.68608
0.28395
-76.6795
1.10214
11.6175
-24.3817
-0.765324
5.16105
-36.4372
1.49347
