-0.150484
5.7996
4.89129
1.7987
8.69916
8.17782
0.0863538
0.0454059
0.0120819
0.00264835
-0.0148129
0.0121861
-1.19791
6.36003
4.89209
0.223153
9.53958
8.17572
-0.00375595
-0.0100452
0.0102739
-0.0827722
0.0441715
0.0153429
-0.294186
9.27373
7.97017
-0.277721
6.94835
6.15009
-0.284327
5.87392
5.48817
-0.102975
2.07377
2.03239
0.0046096
1.27653
1.4156
0.0786035
0.352825
0.446942
2.39744
9.26773
9.07722
2.34272
6.94773
7.22133
1.62355
3.595
4.05702
2.33521
3.35271
4.61485
1.43919
1.31574
2.12169
0.856403
0.451466
0.909253
-2.38964
10.3848
7.97777
-2.33395
8.02276
6.17029
-2.44211
6.33603
4.96778
-1.38859
2.82428
2.13365
-1.41385
1.98695
1.51297
-0.966976
0.640979
0.670089
0.301666
10.3675
9.06759
0.310482
7.97783
7.19189
0.175937
4.26923
3.99408
0.163332
4.45682
4.49494
0.130667
1.83431
2.0086
-0.00214067
0.458232
0.519502
1.56561
17.397
15.5153
0.0931294
0.117749
0.179073
-1.34637
12.1605
9.78403
0.51643
0.232868
0.401794
2.69436
24.3185
21.8024
0.162157
-0.0202159
0.0697598
0.142743
0.0231146
-0.0653041
-0.149926
0.00171851
-0.0762551
-1.04661
12.7189
10.3431
-0.591481
0.301384
0.504384
-0.0403465
0.16123
0.255708
-0.092418
-0.00814815
0.0577279
-0.299154
10.4407
8.8808
-0.285144
8.10777
7.05577
-0.259114
5.81609
5.26213
-0.248286
3.65789
3.5353
-0.0501265
1.94329
2.03027
0.0437223
0.747607
0.889912
2.40012
10.4361
9.99784
2.38021
8.10449
8.14656
2.27907
5.82959
6.30123
2.03971
3.76225
4.55547
1.65783
1.95796
2.87568
1.17902
0.801389
1.45139
-3.59308
17.3396
13.3264
-2.3713
9.20316
7.07117
-2.27225
6.84463
5.29673
-1.65597
3.72795
2.92318
-1.64226
2.8153
2.13231
-1.1642
1.26302
1.0061
0.299208
11.5508
9.99376
0.306427
9.17338
8.12868
0.308872
6.78831
6.25921
0.172254
4.61393
4.44484
0.132515
2.67155
2.77961
0.118034
1.105
1.31375
-5.35248
39.3318
31.8883
-6.50222
37.4737
30.7414
-4.7055
20.2134
17.0845
-2.47302
8.29555
6.91534
-2.79582
6.65409
5.70679
-1.54631
1.86891
1.73949
5.35832
39.2849
36.2741
5.22548
29.8923
28.7889
3.82806
17.1008
17.456
4.63402
14.9214
17.1032
2.95429
6.52413
8.08426
1.47225
2.43309
3.01425
-6.22389
62.2543
51.1354
-5.93266
47.9787
40.0617
-6.16349
37.7747
32.7116
-5.03867
21.9196
19.3603
-3.69178
11.2849
10.5716
-1.67423
2.39723
2.97359
6.26487
55.6109
51.1624
5.09402
34.6928
33.5072
5.71029
28.3341
29.3396
5.529
18.096
21.7733
4.26814
7.53097
10.6646
3.00768
2.0751
3.75107
1.72873
0.77992
1.0375
-0.715638
0.362496
0.753849
-0.00699357
48.6401
41.3776
1.08202
1.16326
1.15945
-0.0584572
-0.102646
-0.193403
-0.668232
0.56223
0.56055
-4.70384
38.5074
31.0856
-5.29871
34.6392
28.2383
-5.05919
25.3788
21.0726
-6.20981
22.3219
19.1056
-3.32083
9.67772
8.18024
-2.25538
4.13688
3.61418
6.05527
49.4737
44.9769
6.63672
43.2141
40.6397
5.05391
25.332
25.0763
4.29747
16.715
17.865
3.4601
9.41581
11.1714
2.33704
4.13838
5.32437
-6.53413
72.2242
58.9837
-5.10202
45.9277
38.0347
-5.74255
40.848
34.6476
-4.69046
23.4878
20.564
-4.32542
16.2999
14.683
-2.95672
6.8463
7.00605
5.48485
54.7983
49.5655
6.24054
48.6026
45.6328
5.96861
34.8367
34.7299
4.64693
19.504
21.3143
4.7415
11.4074
14.8335
3.70412
4.38202
6.95785
-2.36508
1.59077
1.88248
-1.13764
3.67004
3.02938
