-0.256459
6.66519
4.73764
1.90836
9.99731
7.96299
0.0945969
0.0499998
0.0148776
-0.00165516
-0.0152111
0.010391
-1.27423
7.23591
4.73853
0.377329
10.8536
7.96074
0.000127834
-0.00971542
0.00812271
-0.0877392
0.0467285
0.0180472
-0.505479
10.6966
7.71391
-0.484871
8.06012
5.94444
-0.528337
6.87615
5.29052
-0.230025
2.46896
1.94857
-0.125873
1.56189
1.35412
-0.00125662
0.457878
0.423967
2.54396
10.6895
8.84192
2.48879
8.05678
7.03805
1.7276
4.19976
3.96015
2.48629
3.99097
4.50756
1.53646
1.59372
2.08091
0.918307
0.550377
0.911131
-2.54194
11.828
7.72202
-2.48307
9.15432
5.96665
-2.59927
7.25393
4.79754
-1.47855
3.23269
2.06082
-1.50015
2.28017
1.46146
-1.02274
0.741483
0.662726
0.507567
11.81
8.83201
0.514427
9.10834
7.00726
0.319389
4.88961
3.89236
0.376933
5.12044
4.37657
0.275885
2.1241
1.95696
0.0638775
0.548667
0.50991
1.51636
19.9937
15.0698
0.0494457
0.163642
0.17031
-1.52843
13.9021
9.47696
0.557459
0.272626
0.408608
3.04447
27.8014
21.2294
0.149465
-0.027837
0.0731419
0.166035
0.0323118
-0.0694257
-0.170744
0.00826541
-0.0786135
-1.02066
14.4706
10.0461
-0.627783
0.348911
0.516347
0.00654008
0.212308
0.243334
-0.0897862
-0.0102941
0.0586139
-0.510962
12.0183
8.59895
-0.495092
9.37526
6.82506
-0.461586
6.77292
5.08103
-0.4373
4.31205
3.40143
-0.199846
2.34158
1.94535
-0.0646292
0.93467
0.850387
2.54643
12.013
9.73673
2.52682
9.37017
7.93742
2.42328
6.78429
6.14411
2.17158
4.42069
4.45048
1.76704
2.34842
2.81276
1.2612
0.980765
1.43219
-3.82211
19.7366
12.9041
-2.52254
10.4905
6.84146
-2.41839
7.82103
5.11911
-1.76424
4.27351
2.82072
-1.7438
3.22557
2.05735
-1.234
1.45159
0.978204
0.504962
13.1485
9.7326
0.511485
10.4602
7.91876
0.509932
7.76338
6.09951
0.35363
5.29333
4.33084
0.292004
3.07811
2.7075
0.242794
1.29331
1.28136
-6.07749
45.0642
30.864
-7.39213
43.0847
29.7191
-5.35711
23.3671
16.4847
-2.82991
9.64575
6.65158
-3.22627
7.81382
5.47778
-1.81186
2.23239
1.67994
6.05749
45.0132
35.3323
5.91585
34.3733
28.0536
4.35561
19.7543
17.0299
5.30841
17.4042
16.6692
3.42016
7.66592
7.8989
1.75566
2.85743
2.99642
-6.06744
70.9102
49.6604
-5.77514
54.7625
38.8961
-5.98552
43.2672
31.7425
-4.89358
25.1239
18.7923
-3.51529
13.0062
10.2585
-1.54834
2.81696
2.90372
6.07313
64.1436
49.6872
4.94749
40.2395
32.5327
5.54807
33.1451
28.4631
5.34768
21.5577
21.1181
4.16264
9.18437
10.3495
2.93981
2.62321
3.65643
1.6834
0.953374
1.01036
-0.694206
0.440457
0.730243
-0.0213425
55.6061
40.1903
1.31801
1.37181
1.14438
-0.0564256
-0.122706
-0.190062
-0.78752
0.671592
0.56197
-5.34019
44.0651
30.0996
-6.01901
39.7496
27.3173
-5.75339
29.2465
20.3544
-7.07869
25.9015
18.4061
-3.81488
11.3029
7.85529
-2.61637
4.88846
3.47454
6.8429
56.6163
43.8018
7.50555
49.596
39.5925
5.73189
29.1952
24.444
4.90434
19.3866
17.4208
3.98254
11.0144
10.9019
2.73151
4.88062
5.22184
-6.37303
82.2109
57.2874
-4.96927
52.3591
36.9337
-5.58193
46.6948
33.6331
-4.57011
26.9456
19.94
-4.15812
18.7278
14.2396
-2.76871
7.93413
6.81631
5.31449
63.0784
48.14
6.0537
56.2002
44.3122
5.80076
40.5624
33.7113
4.50459
22.944
20.6879
4.61402
13.7394
14.3884
3.62002
5.43597
6.75975
-2.49634
1.88932
1.84927
-1.21665
4.21943
2.92659
