-0.468015
8.38707
4.42401
2.12467
12.5796
7.52109
0.110967
0.0591317
0.0204403
-0.0102607
-0.0159835
0.00678925
-1.42493
8.97651
4.42509
0.685029
13.4648
7.51853
0.00789534
-0.00904613
0.00380799
-0.0975646
0.051777
0.0234429
-0.927294
13.5278
7.19141
-0.898437
10.2732
5.52573
-1.01557
8.87228
4.88892
-0.483828
3.25664
1.77882
-0.386723
2.13123
1.22992
-0.161018
0.667794
0.377776
2.83301
13.5184
8.35771
2.77708
10.2644
6.66071
1.9331
5.40415
3.76036
2.7848
5.26318
4.28607
1.72883
2.1482
1.99616
1.04089
0.747853
0.913504
-2.84266
14.6961
7.20049
-2.77757
11.4035
5.55194
-2.90979
9.07889
4.45133
-1.65638
4.04478
1.91288
-1.67072
2.86329
1.35701
-1.13297
0.941344
0.647434
0.918485
14.6768
8.34726
0.921415
11.3556
6.62725
0.605749
6.12306
3.68298
0.803552
6.44023
4.13316
0.565919
2.70062
1.85069
0.195821
0.728704
0.489936
1.41545
25.1592
14.1572
-0.0380143
0.255435
0.15272
-1.89022
17.3647
8.85016
0.638797
0.351976
0.421612
3.73981
34.7263
20.0505
0.123898
-0.0430016
0.0798315
0.212418
0.0506834
-0.077611
-0.212166
0.0213451
-0.0831965
-0.967269
17.9518
9.43758
-0.699644
0.443385
0.539792
0.1003
0.314108
0.218187
-0.0844162
-0.014585
0.0603171
-0.933798
15.1568
8.02391
-0.914233
11.8978
6.35496
-0.865834
8.678
4.71266
-0.814713
5.61535
3.12983
-0.499066
3.13581
1.77352
-0.281294
1.30812
0.770662
2.83505
15.1502
9.19952
2.81612
11.889
7.50695
2.70801
8.6851
5.82045
2.43209
5.7324
4.23363
1.98294
3.12698
2.68261
1.42384
1.33874
1.39161
-4.27434
24.5003
12.0425
-2.82119
13.0492
6.37333
-2.70707
9.76205
4.75762
-1.97824
5.3583
2.61257
-1.94445
4.04138
1.90529
-1.37198
1.8266
0.921547
0.915591
16.3238
9.19531
0.9207
13.0178
7.48676
0.911166
9.70188
5.77078
0.715807
6.64432
4.09623
0.610543
3.88678
2.55917
0.491965
1.66804
1.21461
-7.51825
56.4636
28.7753
-9.16083
54.2457
27.6376
-6.65244
29.6425
15.2655
-3.53967
12.3335
6.11681
-4.08285
10.1236
5.01471
-2.34063
2.95685
1.55983
7.44618
56.4047
33.3944
7.2873
43.2867
26.5399
5.40402
25.0343
16.1516
6.64929
22.347
15.7756
4.34709
9.93996
7.51613
2.32011
3.70279
2.95614
-5.74565
88.1133
46.6397
-5.45181
68.2472
36.5104
-5.62125
54.1878
29.7606
-4.59645
31.4959
17.6311
-3.15759
16.4301
9.6192
-1.29464
3.65206
2.76034
5.68009
81.1219
46.6659
4.6467
51.2804
30.538
5.21518
42.7267
26.671
4.97692
28.4578
19.7793
3.94559
12.4831
9.70583
2.80006
3.71845
3.46269
1.59058
1.30012
0.954986
-0.650507
0.595559
0.682184
-0.0502209
69.4561
37.7576
1.78831
1.78748
1.11229
-0.0523509
-0.162682
-0.183181
-1.02517
0.889505
0.564583
-6.60476
55.116
28.0878
-7.4505
49.9133
25.4404
-7.13322
36.9412
18.8934
-8.80612
33.026
16.9863
-4.79777
14.5387
7.1974
-3.33492
6.38581
3.1925
8.40723
70.8188
41.3841
9.23133
62.2887
37.4373
7.07893
36.8809
23.142
6.11069
24.7039
16.5057
5.02164
14.1976
10.3461
3.51671
6.35919
5.00876
-6.04144
102.058
53.8125
-4.69656
65.1422
34.6794
-5.25281
58.3182
31.5574
-4.32301
33.8213
18.6648
-3.81774
23.5565
13.334
-2.38908
10.0982
6.4282
4.96536
79.5517
45.2201
5.67052
71.3207
41.6082
5.45611
51.9626
31.6273
4.21313
29.7973
19.4068
4.35217
18.3898
13.4791
3.44669
7.54003
6.35503
-2.75572
2.48377
1.78133
-1.37293
5.31212
2.71743
