-0.573568
9.24287
4.26415
2.23138
13.8631
7.29426
0.119079
0.0636608
0.0232035
-0.0145564
-0.0163576
0.00498501
-1.49931
9.84078
4.26532
0.838548
14.7614
7.29154
0.0117736
-0.00870703
0.00164692
-0.102411
0.0542618
0.0261295
-1.13775
14.9352
6.92534
-1.10477
11.3734
5.31279
-1.25864
9.86497
4.68507
-0.61047
3.64854
1.69291
-0.51693
2.41469
1.16719
-0.240805
0.772421
0.354556
2.97562
14.9246
8.10906
2.91935
11.3619
6.46681
2.03454
6.00307
3.65751
2.93215
5.89613
4.17194
1.82384
2.42421
1.95221
1.10148
0.846206
0.913977
-2.9911
16.1202
6.9349
-2.92294
12.5203
5.34099
-3.06309
9.98494
4.27543
-1.74416
4.44789
1.8378
-1.75485
3.15267
1.30409
-1.18733
1.04048
0.639478
1.1235
16.1002
8.09834
1.12444
12.4714
6.43206
0.748607
6.73546
3.5754
1.01642
7.09544
4.00816
0.710594
2.98686
1.79607
0.261666
0.818132
0.479547
1.3639
27.7264
13.6904
-0.0817247
0.30122
0.143888
-2.06992
19.0848
8.53067
0.679035
0.391473
0.42778
4.08511
38.1664
19.4454
0.111034
-0.0505394
0.0831324
0.235472
0.0598416
-0.0816675
-0.232732
0.0278639
-0.0854172
-0.939829
19.6804
9.12635
-0.735125
0.490211
0.551232
0.147111
0.364722
0.205417
-0.0816772
-0.016729
0.0611303
-1.14476
16.7168
7.73094
-1.12335
13.1518
6.11571
-1.06751
9.62528
4.52547
-1.00298
6.2636
2.99214
-0.648404
3.53109
1.68663
-0.389464
1.49414
0.730458
2.97744
16.7096
8.92371
2.95887
13.1412
7.28583
2.84855
9.63021
5.65406
2.5607
6.3848
4.12188
2.08953
3.51441
2.61541
1.50418
1.51699
1.37022
-4.49755
26.8655
11.6035
-2.9686
14.3195
6.13506
-2.84958
10.7257
4.57384
-2.0839
5.89684
2.50692
-2.04344
4.44629
1.8282
-1.44004
2.01268
0.892774
1.12046
17.9005
8.91946
1.12485
14.2877
7.26489
1.1113
10.6644
5.60189
0.896511
7.31505
3.97568
0.769464
4.28825
2.48296
0.616237
1.85412
1.18025
-8.2339
62.1268
27.7117
-10.0394
59.7909
26.5789
-7.29584
32.7606
14.6464
-3.89224
13.6691
5.84587
-4.50843
11.2716
4.78066
-2.60346
3.31701
1.49923
8.1358
62.0639
32.3993
7.9684
47.7151
25.7623
5.92476
27.6578
15.6998
7.31537
24.8034
15.3163
4.80769
11.0702
7.31877
2.60079
4.12295
2.93365
-5.58035
96.6549
45.0953
-5.28602
74.9424
35.2911
-5.43494
59.6098
28.7484
-4.44444
34.659
17.0381
-2.97639
18.1296
9.29294
-1.16691
4.06653
2.68679
5.47918
89.5615
45.1211
4.4928
56.7697
29.5185
5.04488
47.4916
25.7558
4.78777
31.8909
19.0961
3.8342
14.1253
9.3774
2.72823
4.26429
3.36357
1.5431
1.47294
0.926741
-0.628237
0.672489
0.657726
-0.0646432
76.3363
36.5134
2.02227
1.99412
1.09526
-0.0503089
-0.182585
-0.179638
-1.14334
0.997774
0.565728
-7.23289
60.6059
27.0629
-8.16153
54.9628
24.4852
-7.81858
40.7643
18.1508
-9.66417
36.5662
16.2661
-5.28605
16.1469
6.86451
-3.69198
7.13009
3.05006
9.18406
77.8743
40.1428
10.0884
68.5946
36.3304
7.74796
40.6995
22.4729
6.7099
27.3461
16.0352
5.5379
15.7795
10.06
3.907
7.09411
4.89821
-5.87101
111.913
52.0355
-4.55661
71.4891
33.5271
-5.08429
64.0892
30.4969
-4.19629
37.2349
18.014
-3.64468
25.9534
12.8719
-2.19755
11.1723
6.22981
4.78695
87.7396
43.7269
5.47458
78.8374
40.2259
5.2797
57.6311
30.5626
4.06427
33.206
18.7525
4.21803
20.7042
13.0151
3.35758
8.58797
6.14842
-2.88357
2.77894
1.74652
-1.45015
5.85476
2.6111
