-0.889126
11.7867
3.77312
2.54605
17.678
6.59172
0.14304
0.0770478
0.031399
-0.0273776
-0.0174316
-0.000427843
-1.71864
12.4068
3.77455
1.29774
18.6109
6.58852
0.0233537
-0.0076743
-0.00483618
-0.11662
0.0615202
0.0341157
-1.76688
19.1181
6.10889
-1.72142
14.6432
4.66029
-1.98478
12.8144
4.06165
-0.988686
4.81299
1.43111
-0.905734
3.25706
0.976524
-0.479122
1.08358
0.284359
3.39614
19.1042
7.3385
3.33895
14.6234
5.86544
2.33362
7.78255
3.3378
3.36616
7.77654
3.81651
2.10352
3.24428
1.81416
1.27984
1.13845
0.912424
-3.42877
20.3469
6.11991
-3.35146
15.8333
4.69443
-3.51477
12.6713
3.73706
-2.00254
5.64223
1.60823
-2.0019
4.00915
1.14247
-1.34672
1.33337
0.614196
1.73666
20.325
7.32698
1.73145
15.7818
5.82678
1.17557
8.55143
3.24156
1.65243
9.03674
3.6204
1.14243
3.83456
1.62641
0.458231
1.08304
0.446747
1.20542
35.3575
12.2509
-0.21239
0.437457
0.117208
-2.60412
24.1948
7.54929
0.797604
0.508684
0.444832
5.11183
48.3859
17.5714
0.0721818
-0.072944
0.0928192
0.303862
0.0871099
-0.0936488
-0.293637
0.0472542
-0.0917765
-0.854604
24.8123
8.16652
-0.839312
0.628344
0.584165
0.286894
0.5148
0.166353
-0.0732399
-0.0231478
0.0633922
-1.77546
21.3536
6.83146
-1.74844
16.8787
5.38205
-1.67012
12.4401
3.95237
-1.56528
8.18947
2.57172
-1.09436
4.70561
1.42209
-0.712464
2.04708
0.608432
3.39729
21.3445
8.06927
3.37984
16.8627
6.60033
3.26303
12.4385
5.13761
2.93972
8.32297
3.77393
2.40335
4.66547
2.4056
1.74071
2.04667
1.30163
-5.15573
33.887
10.2557
-3.40321
18.0893
5.40432
-3.26963
13.5839
4.01095
-2.39516
7.49304
2.18387
-2.33431
5.64527
1.59276
-1.63975
2.56306
0.804582
1.73324
22.5808
8.06489
1.73533
18.0561
6.57715
1.70954
13.5192
5.07796
1.4365
9.3033
3.60156
1.24405
5.4775
2.24639
0.986995
2.40514
1.07326
-10.3611
78.9473
24.4479
-12.6503
76.2558
23.3347
-9.20712
42.0151
12.7523
-4.93903
17.6319
5.01912
-5.77106
14.6759
4.06834
-3.38334
4.38439
1.31496
10.1863
78.8723
29.3155
9.99328
60.8641
23.3508
7.47239
35.4447
14.2963
9.29371
32.0907
13.8899
6.17539
14.4221
6.70326
3.43447
5.36825
2.85645
-5.06723
122.007
40.3334
-4.77225
94.8056
31.533
-4.85939
75.6862
25.6303
-3.97481
44.0301
15.2109
-2.42369
23.1608
8.28817
-0.78064
5.29235
2.45854
4.86138
114.646
40.3582
4.0191
73.0819
26.3766
4.52063
61.6485
22.9373
4.20692
42.0904
16.9927
3.4896
19.0051
8.36602
2.50533
5.88709
3.057
1.3965
1.98631
0.839659
-0.55972
0.899575
0.58262
-0.107214
96.7756
32.6762
2.71743
2.60639
1.04011
-0.0441665
-0.241866
-0.168582
-1.49404
1.3182
0.568218
-9.10005
76.9133
23.916
-10.2749
69.9582
21.5558
-9.85492
52.1137
15.877
-12.2126
47.0713
14.0657
-6.73507
20.9167
5.85026
-4.75122
9.33668
2.61687
11.4939
98.8322
36.2974
12.6364
87.3213
32.8991
9.73672
52.0357
20.3968
8.49007
35.187
14.5734
7.071
20.4719
9.16985
5.06595
9.27308
4.55059
-5.34164
141.167
46.5559
-4.12262
90.3231
29.9748
-4.563
81.2059
27.2289
-3.80366
47.3532
16.0101
-3.11407
33.0518
11.4495
-1.61656
14.3508
5.61727
4.23842
112.077
39.1223
4.87189
101.177
35.9648
4.73651
74.4745
27.2819
3.60671
43.3327
16.7367
3.80413
27.5806
11.5867
3.08111
11.7026
5.51166
-3.25827
3.65201
1.63837
-1.67786
7.46393
2.28541
