-0.01499
-6.31771
-0.00434625
-0.0234328
-9.47717
0.00645655
-0.289119
-0.182923
-0.0693742
0.121201
-0.00291522
0.0407869
-0.0106883
-6.30963
-0.00377379
-0.0117591
-9.46131
0.00261442
-0.109835
-0.0145393
0.0468172
0.23608
-0.145001
-0.08101
-0.0326806
-12.6545
-0.00365157
-0.0017359
-12.7591
-0.00989127
0.297992
-16.2936
-0.0928596
0.776854
-9.37901
-0.0983209
2.10456
-10.2266
-0.0692966
1.97382
-5.07428
-0.0655971
-0.0290801
-12.6616
0.0214484
-0.0260956
-12.8149
0.0639188
-0.130756
-9.70917
0.175952
-0.859111
-16.2736
0.228998
-1.57101
-9.9585
0.065067
-1.8402
-4.54871
-0.427004
-0.0227203
-12.6361
-0.00106788
0.008719
-12.7235
0.0186964
0.213323
-14.5252
0.0825079
0.663325
-9.33267
0.233079
1.89325
-10.26
0.149552
2.01375
-5.17219
-0.333877
-0.0110615
-12.6368
0.0144275
-0.0123713
-12.7438
0.0439947
-0.206651
-9.63495
0.0661142
-1.12341
-16.1701
-0.123927
-1.84742
-10.0942
-0.120354
-1.37019
-3.79339
-0.166941
-0.0414058
-18.9513
0.000876728
1.2188
-2.51227
-0.0751139
-0.02145
-12.6264
-0.00604635
-1.40345
-2.10473
-0.413377
-0.0720655
-25.2517
0.0141141
0.135821
0.0590684
-0.12035
-0.728783
-0.337291
0.123417
0.719001
-0.298539
0.0913795
-0.0266006
-12.6187
-0.00303381
1.50182
-2.88994
-0.645964
-1.2005
-2.44889
0.0366328
0.0180087
-0.0154099
-0.0721341
-0.0312389
-12.638
-0.00584052
-0.02755
-12.6904
-0.00403903
0.0719698
-12.8565
-0.0236793
0.424119
-13.1
-0.0838209
1.65584
-11.7887
-0.0588752
2.25735
-7.86818
-0.0960769
-0.0306761
-12.6395
0.011872
-0.0251891
-12.7128
0.0400922
-0.0473629
-12.9271
0.111378
-0.354758
-12.9946
0.266364
-1.13734
-11.8331
0.16383
-1.88471
-7.36523
-0.152899
-0.0346362
-18.9318
-0.00612964
-0.0160299
-12.6698
0.00533375
0.0600639
-12.8193
0.0450184
0.334138
-10.5169
0.120825
1.4766
-11.8282
0.25382
2.05515
-7.80064
-0.0496054
-0.0153461
-12.6192
0.00748105
-0.0161295
-12.6677
0.027067
-0.038686
-12.8659
0.0682586
-0.538936
-12.8754
0.0408709
-1.34378
-11.8803
-0.0869298
-2.15779
-7.54515
-0.166306
-0.0722334
-50.5697
-0.0118589
0.0762947
-63.6431
0.0232922
0.838146
-50.2884
0.0307868
2.42414
-30.9201
0.153505
7.60814
-40.8313
0.29931
6.88829
-18.2318
-0.194494
-0.185208
-50.6057
0.071655
-0.306715
-51.0968
0.215422
-0.947535
-41.9705
0.619747
-3.97312
-61.2481
0.0403642
-6.29932
-40.1031
0.0609372
-6.48702
-18.6992
-0.988373
-0.197456
-75.8208
0.0176907
-0.226809
-76.4067
0.144987
0.0495765
-87.1151
0.333901
0.153093
-76.7166
1.0029
0.718216
-61.7797
0.274361
-0.979192
-20.5775
-0.469279
-0.142855
-75.9509
0.0569369
0.0474654
-64.0116
0.0987721
0.472519
-78.3346
0.029057
0.786484
-87.2812
0.48906
1.65309
-61.1431
0.276565
0.30558
-27.9993
-0.263667
-0.155415
-10.8546
-0.0755184
0.138023
-5.2198
0.108712
-0.112257
-50.5075
0.000214823
-6.22773
-10.9641
-0.299703
-0.126529
0.0622399
0.130471
3.62548
-6.47924
-0.607489
-0.0716233
-44.1947
-0.0164209
-0.0382219
-50.7042
-0.00046892
0.366261
-51.3217
0.00946188
2.18767
-70.1291
0.186195
6.153
-46.9784
0.318318
8.10445
-31.2534
0.0592058
-0.1786
-56.8446
0.0456069
-0.312532
-63.4541
0.171435
-0.504369
-51.5123
0.375045
-2.26497
-51.9156
0.400103
-4.77495
-47.2598
0.2437
-7.23297
-30.0019
-0.377291
-0.192909
-78.8776
0.00211405
-0.160556
-63.3946
0.0427767
-0.100041
-77.176
0.252206
-0.229224
-66.6594
0.23246
0.974735
-71.9214
0.615275
-0.339842
-46.1316
-0.270588
-0.135276
-66.3521
0.0237956
-0.105271
-76.2147
0.0971425
0.244458
-77.5172
0.149443
0.469352
-68.6461
0.465553
1.65165
-71.8475
0.419648
1.06108
-45.6518
-0.00695407
4.75111
-16.8809
-0.600824
0.175096
-9.76519
0.0444379
