4.75847
-48.4616
2.0449
-5.85808
-72.7101
1.49191
-0.636757
-0.35996
-0.18471
0.263393
0.0363684
0.0934623
4.3923
-49.5201
2.04757
-6.41345
-74.2807
1.47784
-0.233315
-0.0101571
0.111248
0.456812
-0.250509
-0.187802
9.57739
-82.1302
3.45134
9.71367
-67.0958
2.84589
12.1553
-64.1693
2.96603
6.78332
-26.5152
1.51667
7.51164
-20.1945
1.2792
4.74537
-7.79226
0.608049
-7.86112
-82.1627
1.33827
-8.09176
-67.047
0.683495
-6.24436
-38.4293
0.0259174
-10.177
-43.4328
-0.471871
-7.20629
-19.6546
-0.765461
-4.89291
-7.36454
-1.48245
8.83137
-84.2741
3.47568
9.0055
-69.294
2.87283
10.1633
-59.8329
2.55633
6.4021
-28.1161
1.13432
7.01969
-21.6755
0.734658
4.90322
-8.1342
-0.598887
-8.59854
-84.3095
1.2848
-8.79595
-69.28
0.605461
-6.69812
-40.1388
0.0637193
-10.8767
-46.241
-0.167167
-8.04204
-21.1725
-0.211851
-3.81803
-6.74988
-0.318716
1.26206
-145.409
4.54453
2.59132
-3.4915
0.209369
9.15518
-97.9795
4.09388
-3.26673
-3.13532
-1.05401
-16.3924
-195.978
3.94689
0.490879
0.435501
-0.296374
-1.6343
-0.620289
0.327403
1.53819
-0.467954
0.25786
0.117879
-99.0479
3.02829
3.20541
-4.08103
-1.49141
-2.7669
-3.83452
0.252585
-0.00109568
0.103838
-0.150897
9.53391
-89.5173
3.77314
9.64603
-74.678
3.13779
9.75897
-59.3241
2.58802
9.6397
-43.0963
2.19359
8.36803
-27.5301
1.63555
6.36213
-13.5338
0.862915
-7.81965
-89.5575
1.667
-7.95405
-74.6783
1.00503
-8.2403
-59.2144
0.367648
-8.33682
-43.1528
-0.219678
-7.77317
-27.043
-0.563269
-6.30186
-12.9651
-1.05344
13.1841
-137.465
5.68123
8.9087
-76.8537
3.17245
9.08351
-61.5373
2.58548
7.26147
-36.6782
1.60271
7.84518
-29.3793
1.20391
5.91031
-14.4136
0.118381
-8.55878
-91.6701
1.63982
-8.67998
-76.8752
0.931255
-8.92383
-61.4726
0.313421
-8.88733
-45.4324
-0.0789411
-8.47088
-28.9829
-0.193268
-7.17433
-14.0517
-0.265238
36.8188
-332.795
13.822
46.5868
-340.967
14.2568
36.1915
-203.442
9.07214
21.5168
-91.4834
4.56833
28.5583
-83.9543
4.40915
18.205
-28.3643
0.850973
-32.9814
-332.901
5.21472
-33.6729
-272.617
2.56285
-27.6988
-170.255
0.133266
-38.92
-170.571
-0.878613
-28.9539
-82.2459
-1.62486
-18.4747
-32.1388
-3.63874
0.823309
-505.842
14.2759
0.971145
-415.906
10.4579
0.493251
-358.027
8.16484
0.0215945
-222.881
4.27407
-3.20277
-127.27
1.87252
-4.36814
-33.1107
-0.636537
5.17642
-493.001
14.3463
4.09403
-335.524
8.87652
4.04447
-307.634
7.49153
4.00097
-235.358
5.29037
1.24045
-117.704
2.03509
-0.0365129
-41.5065
-0.218267
0.121053
-14.1243
0.010937
-0.057912
-6.73914
0.217669
1.91068
-391.942
12.1421
-15.5966
-16.5108
-1.06185
-0.0713292
1.12704
0.112184
8.35016
-9.03916
-0.956066
32.1036
-317.021
13.204
37.0361
-303.058
12.5896
37.4278
-241.75
10.3498
49.5582
-238.402
11.2363
31.6549
-114.177
6.02751
24.4908
-56.049
2.57372
-36.9139
-407.753
7.41869
-41.6131
-378.829
4.79036
-34.0458
-241.389
1.35604
-33.6535
-177.035
-0.47716
-31.3386
-112.344
-1.30008
-25.2185
-54.8697
-2.29319
0.732937
-572.865
16.928
0.782569
-384.466
10.3059
0.793567
-369.201
8.78273
0.48537
-232.284
5.21946
-1.56125
-174.277
3.32585
-5.34969
-82.9855
0.149842
4.48579
-470.112
14.2598
5.13285
-448.241
12.4068
4.53558
-355.747
8.94619
3.2786
-226.463
5.08132
2.24516
-162.364
3.34312
0.34825
-76.8749
0.870382
11.6607
-24.4064
-0.912951
5.16446
-36.3173
1.41973
