-0.993887
12.6259
3.60583
2.64918
18.9366
6.35063
0.150878
0.0814293
0.0340939
-0.0316192
-0.0177735
-0.0022286
-1.79048
13.2524
3.60735
1.45032
19.8795
6.34727
0.0271868
-0.0073255
-0.00699311
-0.121227
0.0638644
0.0367453
-1.97573
20.4978
5.83095
-1.92604
15.7211
4.43841
-2.22554
13.786
3.85001
-1.114
5.19644
1.34249
-1.03447
3.53434
0.912127
-0.558031
1.18602
0.260766
3.53397
20.4826
7.07391
3.47647
15.6985
5.65876
2.43157
8.3688
3.22768
3.50801
8.39559
3.69384
2.1948
3.51418
1.76613
1.33801
1.23459
0.910888
-3.57211
21.7392
5.84245
-3.49173
16.9238
4.47454
-3.66249
13.5546
3.55417
-2.08689
6.03447
1.5303
-2.08226
4.28998
1.08765
-1.39846
1.42916
0.605247
1.94039
21.7166
7.06212
1.93304
16.8714
5.61879
1.31726
9.14861
3.12675
1.86331
9.67424
3.48701
1.28541
4.11268
1.56795
0.523302
1.16995
0.435265
1.15149
37.8751
11.7587
-0.255685
0.482314
0.108242
-2.78049
25.8797
7.21493
0.8363
0.547174
0.450002
5.45108
51.7556
16.9283
0.0591618
-0.0803345
0.095965
0.326342
0.0961046
-0.0975675
-0.313616
0.0536407
-0.0937905
-0.825251
26.5036
7.83834
-0.873165
0.673423
0.594609
0.333172
0.564076
0.15309
-0.070353
-0.0252807
0.0640806
-1.98483
22.8831
6.52513
-1.9559
18.1077
5.13242
-1.87001
13.3677
3.75763
-1.75165
8.8237
2.42919
-1.24206
5.09227
1.33263
-0.819398
2.22909
0.567269
3.53491
22.8734
7.77597
3.51782
18.0898
6.36485
3.39884
13.364
4.95999
3.06374
8.96127
3.6539
2.50583
5.04436
2.33301
1.81787
2.22097
1.27731
-5.37132
36.2005
9.79665
-3.54553
19.3306
5.15567
-3.40709
14.5242
3.81961
-2.4969
8.01755
2.07422
-2.42905
6.0387
1.5129
-1.70464
2.74335
0.774528
1.93685
24.1228
7.77154
1.93812
19.297
6.34092
1.90815
14.4584
4.89784
1.61561
9.95674
3.47284
1.40131
5.86786
2.16496
1.10967
2.58586
1.0363
-11.0633
84.4913
23.3368
-13.512
81.6793
22.2314
-9.83737
45.0609
12.1092
-5.28382
18.9351
4.73898
-6.18636
15.7942
3.82748
-3.6398
4.73454
1.25263
10.8638
84.4123
28.2567
10.6621
65.1952
22.5221
7.98317
38.0076
13.8131
9.94584
34.4867
13.3988
6.62585
15.5233
6.49045
3.70899
5.77693
2.82743
-4.89055
130.358
38.7055
-4.59559
101.343
30.2485
-4.66203
80.9722
24.5649
-3.81381
47.1073
14.5864
-2.23649
24.8107
7.94469
-0.650992
5.69372
2.37988
4.6511
122.919
38.7299
3.85777
78.4592
25.3027
4.34201
66.3122
21.9744
4.00932
45.4483
16.2742
3.37155
20.6112
8.02034
2.42866
6.42104
2.95172
1.34628
2.15497
0.809818
-0.536307
0.973722
0.557002
-0.121006
103.515
31.3642
2.94637
2.80717
1.02036
-0.0421132
-0.261458
-0.164749
-1.60935
1.42311
0.568645
-9.71649
82.2895
22.8443
-10.9725
74.8993
20.5591
-10.5267
55.8507
15.1043
-13.0527
50.527
13.3193
-7.21192
22.4844
5.50701
-5.09953
10.0612
2.47043
12.2571
105.741
34.9775
13.4782
93.4919
31.7204
10.3934
55.7684
19.6828
9.07718
37.7665
14.0701
7.57615
22.0141
8.86281
5.44757
9.98857
4.42946
-5.15931
150.805
44.6825
-3.97329
96.5245
28.7605
-4.38401
86.837
26.112
-3.6687
50.6782
15.3256
-2.93344
35.3812
10.9635
-1.4209
15.3924
5.40729
4.05173
120.105
37.5481
4.66671
108.543
34.5082
4.55143
80.0251
26.1607
3.45095
46.6675
16.0477
3.66272
29.844
11.0987
2.9861
12.7276
5.29378
-3.3798
3.93778
1.60095
-1.75238
7.99302
2.17468
