-1.0984
13.4603
3.43682
2.75147
20.188
6.10631
0.15863
0.0857635
0.0367676
-0.0358399
-0.0181073
-0.0040259
-1.86168
14.0928
3.43843
1.60265
21.1403
6.10279
0.0310023
-0.0069747
-0.009146
-0.125761
0.0661663
0.0393548
-2.18407
21.8692
5.55026
-2.1301
16.7922
4.21442
-2.46554
14.7509
3.6365
-1.23886
5.57709
1.25322
-1.16265
3.80946
0.847305
-0.636587
1.28763
0.237069
3.67068
21.8529
6.8057
3.61284
16.7668
5.44914
2.52862
8.95105
3.11588
3.64839
9.01
3.56916
2.28502
3.78197
1.71711
1.39547
1.32992
0.908833
-3.71418
23.1223
5.56225
-3.63071
18.0065
4.25256
-3.80875
14.431
3.36961
-2.1703
6.42337
1.45168
-2.16154
4.5681
1.03233
-1.44941
1.52387
0.596013
2.14377
23.0991
6.79363
2.13423
17.9533
5.40786
1.45858
9.74121
3.01024
2.07352
10.3062
3.35163
1.42781
4.38822
1.50857
0.588086
1.25604
0.42351
1.09707
40.3783
11.2607
-0.2988
0.526806
0.0992338
-2.95598
27.5547
6.87715
0.874529
0.585299
0.454901
5.78883
55.1053
16.2765
0.0461156
-0.0876825
0.0990638
0.348635
0.105039
-0.101442
-0.333406
0.0599786
-0.0957496
-0.79544
28.1844
7.5063
-0.906522
0.717935
0.604751
0.379244
0.612899
0.139713
-0.0674283
-0.027409
0.0647332
-2.19372
24.4038
6.2157
-2.16285
19.3291
4.88036
-2.06932
14.2892
3.5611
-1.9374
9.45338
2.28548
-1.38916
5.476
1.24253
-0.925853
2.40965
0.525855
3.6714
24.3934
7.4787
3.65467
19.3093
6.1261
3.53349
14.2833
4.77978
3.18658
9.59502
3.53195
2.60717
5.42035
2.25912
1.89411
2.39388
1.25226
-5.585
38.4992
9.333
-3.68656
20.5635
4.9046
-3.54325
15.4576
3.6265
-2.5976
8.53778
1.9636
-2.52259
6.42853
1.43237
-1.76861
2.92181
0.74413
2.14012
25.6551
7.47423
2.14054
20.5295
6.10139
2.10632
15.3907
4.71512
1.79421
10.6049
3.3422
1.55799
6.25473
2.08227
1.23179
2.76486
0.99872
-11.762
90.0007
22.2147
-14.369
87.0666
21.1177
-10.4639
48.0843
11.4603
-5.62631
20.228
4.4566
-6.59845
16.9027
3.58489
-3.89421
5.08125
1.18979
11.5383
89.9177
27.1833
11.3278
69.4974
21.6817
8.49127
40.5519
13.3227
10.594
36.8633
12.9002
7.07323
16.6149
6.27393
3.98155
6.18175
2.79675
-4.71113
138.654
37.0584
-4.41626
107.835
28.9489
-4.46195
86.2171
23.487
-3.65063
50.1579
13.9543
-2.04784
26.4449
7.597
-0.520962
6.09082
2.29991
4.43896
131.142
37.0825
3.69499
83.8021
24.2162
4.16173
70.9437
21.0003
3.80996
48.7811
15.5473
3.25204
22.2045
7.67045
2.35084
6.95052
2.84487
1.2954
2.32203
0.779556
-0.512605
1.04695
0.53109
-0.134521
110.214
30.0367
3.17368
3.00594
0.999934
-0.0400563
-0.280954
-0.16084
-1.72373
1.52687
0.568825
-10.3298
87.633
21.7617
-11.6664
79.8085
19.5527
-11.1946
59.5615
14.3244
-13.8876
53.9561
12.5666
-7.68526
24.039
5.16118
-5.44505
10.779
2.32292
13.0169
112.609
33.6396
14.3161
99.6226
30.5254
11.0469
59.4749
18.9586
9.66091
40.3263
13.5592
8.07801
23.5434
8.55077
5.8265
10.6976
4.30573
-4.97412
160.383
42.787
-3.82169
102.684
27.5319
-4.20244
92.4265
24.982
-3.53175
53.9762
14.6332
-2.75095
37.6894
10.4718
-1.22433
16.4235
5.19441
3.86338
128.086
35.9554
4.45971
115.864
33.0345
4.36466
85.539
25.0264
3.29379
49.9785
15.3506
3.51977
32.09
10.6049
2.88974
13.7443
5.07311
-3.49945
4.2204
1.56278
-1.82617
8.51796
2.0629
