-1.20265
14.2897
3.26617
2.85294
21.4318
5.85891
0.166291
0.0900465
0.0394187
-0.040037
-0.0184332
-0.00581876
-1.93225
14.9278
3.26787
1.7547
22.3929
5.85522
0.0347977
-0.00662201
-0.0112937
-0.130218
0.0684233
0.041942
-2.39186
23.2318
5.2669
-2.33357
17.8559
3.98839
-2.7047
15.7086
3.42117
-1.36318
5.95467
1.16328
-1.2902
4.08219
0.782055
-0.714741
1.38831
0.213261
3.80628
23.2144
6.53401
3.74808
17.8278
5.23671
2.62479
9.52896
3.00246
3.78725
9.61933
3.44253
2.37415
4.04741
1.66712
1.45216
1.42435
0.906253
-3.85497
24.4959
5.27939
-3.76837
19.0812
4.02854
-3.9535
15.3001
3.18343
-2.25273
6.80868
1.37238
-2.23967
4.8433
0.976526
-1.49954
1.61742
0.586478
2.34678
24.4721
6.52165
2.33499
19.0272
5.19409
1.59951
10.3289
2.8921
2.28297
10.9323
3.21431
1.56955
4.66097
1.44828
0.652548
1.34124
0.411481
1.04223
42.8663
10.7572
-0.341705
0.570882
0.0901789
-3.13057
29.219
6.53607
0.912261
0.623018
0.459524
6.12509
58.4339
15.6166
0.0330483
-0.0949858
0.102112
0.370726
0.113907
-0.10527
-0.352991
0.0662623
-0.0976528
-0.765179
29.8543
7.17055
-0.939348
0.761833
0.614571
0.425083
0.661229
0.126226
-0.0644656
-0.0295317
0.0653483
-2.40206
25.915
5.9033
-2.36922
20.5425
4.62595
-2.26799
15.2042
3.36282
-2.12243
10.0781
2.14061
-1.53558
5.8565
1.15179
-1.03177
2.58861
0.484182
3.80678
25.904
7.17763
3.7904
20.5209
5.8842
3.66698
15.1961
4.59708
3.3082
10.2238
3.40813
2.70734
5.79315
2.18399
1.96938
2.56522
1.22649
-5.79677
40.7827
8.86487
-3.82629
21.7875
4.65118
-3.67807
16.3836
3.43165
-2.69721
9.05341
1.85205
-2.61487
6.8145
1.35116
-1.8316
3.09827
0.713376
2.34303
27.1772
7.17311
2.34256
21.7531
5.85871
2.304
16.3157
4.52989
1.97223
11.2474
3.20969
1.71403
6.63783
1.99835
1.35329
2.94199
0.960516
-12.457
95.4736
21.0819
-15.2213
92.4152
19.9937
-11.0866
51.0838
10.8057
-5.96636
21.5097
4.172
-7.00707
18.0006
3.34056
-4.14639
5.42419
1.12642
12.2097
95.3865
26.096
11.9903
73.7686
20.83
8.9966
43.0763
12.8252
11.2379
39.2191
12.3942
7.51732
17.6961
6.05375
4.25197
6.58236
2.7644
-4.52901
146.892
35.3929
-4.23431
114.278
27.6346
-4.25917
91.4184
22.3969
-3.4853
53.1799
13.3149
-1.8578
28.062
7.24514
-0.390591
6.4833
2.21863
4.22516
139.314
35.4167
3.53093
89.1084
23.1175
3.97996
75.5404
20.0153
3.60898
52.0864
14.8122
3.13116
23.7839
7.3164
2.27192
7.47496
2.73644
1.24387
2.48727
0.748864
-0.488612
1.11917
0.504884
-0.147719
116.872
28.6944
3.39919
3.20248
0.97883
-0.0379953
-0.300345
-0.156854
-1.83708
1.62937
0.568733
-10.94
92.9421
20.6688
-12.3566
84.684
18.5369
-11.8587
63.2445
13.5376
-14.7171
57.3565
11.8077
-8.15486
25.5793
4.81278
-5.78757
11.4896
2.17433
13.7734
119.432
32.2847
15.1501
105.711
29.3146
11.6971
63.1537
18.2243
10.2411
42.8649
13.0408
8.5764
25.0588
8.23387
6.20252
11.3996
4.17946
-4.78613
169.897
40.8703
-3.66784
108.799
26.2895
-4.01832
97.9718
23.8393
-3.39283
57.2451
13.933
-2.56664
39.9747
9.97441
-1.02688
17.4433
4.97866
3.67356
136.018
34.3448
4.2511
123.137
31.5443
4.17637
91.0134
23.8793
3.13533
53.2633
14.6456
3.37541
34.3169
10.1054
2.79209
14.7517
4.84967
-3.61712
4.49958
1.52382
-1.89922
9.03846
1.95009
