-1.51355
16.7448
2.7449
3.15242
25.1136
5.09957
0.188665
0.102553
0.047223
-0.0524603
-0.0193627
-0.0111617
-2.1401
17.3974
2.74687
2.20898
26.0978
5.09535
0.046041
-0.00555375
-0.0176942
-0.143076
0.0749026
0.0495486
-3.01144
27.2624
4.40167
-2.93982
20.9983
3.29854
-3.41628
18.5326
2.76453
-1.73251
7.06648
0.889564
-1.66838
4.88386
0.583704
-0.946312
1.68383
0.141124
4.20649
27.2413
5.69962
4.14697
20.9618
4.58367
2.90783
11.2335
2.65306
4.19436
11.4126
3.05152
2.63448
4.8276
1.51156
1.61732
1.70136
0.895338
-4.26954
28.5549
4.41568
-4.17329
22.2522
3.34482
-4.37839
17.8592
2.61549
-2.49381
7.9409
1.13047
-2.46671
5.64956
0.806123
-1.64453
1.89025
0.555926
2.95322
28.5292
5.68633
2.93431
22.1958
4.5369
2.01953
12.06
2.52845
2.90604
12.7713
2.79122
1.9902
5.46058
1.26219
0.843663
1.59085
0.373782
0.875545
50.2311
9.21545
-0.468898
0.70016
0.062698
-3.64861
34.144
5.49423
1.02219
0.733347
0.471677
7.12472
68.2832
13.591
-0.0062321
-0.116609
0.110926
0.435625
0.14004
-0.116432
-0.410373
0.0847373
-0.103019
-0.671807
34.7935
6.14254
-1.03434
0.889441
0.641909
0.560936
0.802874
0.0851569
-0.0553492
-0.0358573
0.0669535
-3.02338
30.387
4.9492
-2.98441
24.1294
3.84927
-2.85956
17.9049
2.75789
-2.67267
11.9186
1.69922
-1.97004
6.97579
0.875735
-1.34564
3.11425
0.357556
4.20638
30.3739
6.25333
4.19092
24.1021
5.14098
4.06043
17.8903
4.03502
3.66558
12.0766
3.0262
3.00038
6.88965
1.95139
2.18893
3.06845
1.14498
-6.4205
47.5339
7.43521
-4.2376
25.4021
3.87756
-4.07432
19.1135
2.83711
-2.98925
10.5701
1.51187
-2.88373
7.94685
1.10347
-2.01425
3.61445
0.618887
2.94922
31.6773
6.24861
2.94589
25.3666
5.11301
2.8938
19.0427
3.96008
2.50226
13.1376
2.80155
2.17769
7.76212
1.73958
1.71343
3.46084
0.842297
-14.5188
111.654
17.6231
-17.7479
108.207
16.5635
-12.9297
59.9228
8.80959
-6.97046
25.2804
3.30511
-8.20988
21.222
2.59692
-4.88793
6.42727
0.932795
14.2055
111.554
22.7567
13.9581
86.3789
18.2116
10.4949
50.5164
11.293
13.1423
46.1459
10.8345
8.82785
20.8694
5.37222
5.04895
7.75552
2.65739
-3.96708
171.238
30.2927
-3.6731
133.289
23.6092
-3.63507
106.734
19.0574
-2.97685
62.0567
11.3543
-1.27961
32.8001
6.16514
0.00217342
7.62981
1.96689
3.57561
163.482
30.3156
3.0325
104.783
19.7526
3.42713
89.096
16.9979
2.99763
61.8147
12.5594
2.76106
28.425
6.22994
2.0288
9.01276
2.40174
1.08549
2.9702
0.654143
-0.4149
1.32917
0.424503
-0.185035
136.571
24.5846
4.06362
3.77696
0.911529
-0.0317791
-0.35781
-0.144412
-2.17018
1.92825
0.566553
-12.7504
108.646
17.3307
-14.4037
99.0892
15.4358
-13.8258
74.1088
11.1371
-17.1705
67.3662
9.49452
-9.53879
30.1046
3.75223
-6.79502
13.5721
1.7217
16.0222
139.613
28.1248
17.6284
123.7
25.5943
13.6271
74.0056
15.9656
11.959
50.3391
11.4434
10.0487
29.5105
7.25518
7.31125
13.4575
3.78573
-4.20608
198.025
35.0014
-3.19321
126.857
22.4847
-3.45098
114.319
20.3387
-2.96466
66.8607
11.788
-2.0031
46.6792
8.4494
-0.429835
20.427
4.31425
3.09675
159.49
29.4133
3.61734
144.636
26.9805
3.60409
107.171
20.3659
2.65336
62.9411
12.4848
2.93478
40.8657
8.57402
2.49195
17.7099
4.16294
-3.95716
5.31391
1.4019
-2.11364
10.5706
1.60569
