-2.22426
22.2428
1.48206
3.82163
33.3584
3.24648
0.2367
0.129354
0.0644273
-0.0801905
-0.0212515
-0.0233236
-2.60108
22.9216
1.4847
3.25325
34.3854
3.24086
0.071197
-0.00301023
-0.03225
-0.169663
0.0881123
0.0661612
-4.42696
36.264
2.30556
-4.32181
27.9871
1.62757
-5.0315
24.775
1.1756
-2.56633
9.51107
0.229296
-2.51688
6.63489
0.105669
-1.46462
2.32527
-0.0319425
5.10054
36.2338
3.6602
5.03596
27.9305
2.98358
3.53403
15.0041
1.79288
5.08345
15.3489
2.08308
3.19576
6.53162
1.11929
1.96985
2.30187
0.8515
-5.18847
37.6073
2.32346
-5.06745
29.2914
1.68895
-5.31005
23.5024
1.24039
-3.01613
10.421
0.543812
-2.94825
7.39879
0.390747
-1.94715
2.47405
0.471754
4.34693
37.5766
3.6442
4.30891
29.2295
2.92606
2.97804
15.8805
1.63402
4.31912
16.794
1.74766
2.93741
7.19861
0.80096
1.27251
2.13216
0.277059
0.479025
66.7239
5.4667
-0.753876
0.979848
-0.00370804
-4.81856
45.1666
2.97026
1.25668
0.970203
0.489679
9.39601
90.3271
8.64742
-0.0977563
-0.165177
0.129213
0.57742
0.197554
-0.140189
-0.534746
0.125158
-0.113497
-0.440596
45.8418
3.64295
-1.23248
1.15971
0.691253
0.865366
1.11025
-0.0134141
-0.0327718
-0.050224
0.0691523
-4.44348
40.3898
2.63778
-4.38869
32.1252
1.96778
-4.20556
23.895
1.29306
-3.91931
15.9739
0.632468
-2.94725
9.42798
0.209976
-2.04869
4.25903
0.0521987
5.0993
40.3714
3.9961
5.08497
32.0841
3.3224
4.935
23.8656
2.6553
4.45192
16.161
2.08294
3.63581
9.29107
1.3718
2.65984
4.16426
0.931885
-7.80389
62.6157
3.97187
-5.14799
33.4465
2.00374
-4.94691
25.1554
1.39746
-3.62697
13.9023
0.68826
-3.45898
10.4145
0.502482
-2.39862
4.72876
0.384369
4.34269
41.73
3.99068
4.33127
33.408
3.28781
4.24411
25.0781
2.56109
3.70781
17.2935
1.79595
3.22559
10.214
1.09986
2.52152
4.58543
0.547634
-19.1718
147.764
9.24376
-23.4371
143.297
8.25516
-17.0592
79.4406
3.9784
-9.20284
33.5586
1.21011
-10.8563
28.2339
0.798982
-6.51327
8.58672
0.457021
18.738
147.633
14.5937
18.4168
114.396
11.7948
13.8711
66.9543
7.52175
17.3981
61.3285
6.98353
11.7347
27.7812
3.67292
6.80808
10.2918
2.3515
-2.57496
225.53
17.8822
-2.28251
175.488
13.8028
-2.09478
140.509
10.9112
-1.7253
81.4771
6.55943
0.109248
43.0805
3.51297
0.922844
10.0943
1.3344
2.03232
217.454
17.9035
1.84894
139.634
11.5564
2.10973
119.063
9.63967
1.53746
83.171
7.0545
1.86284
38.5535
3.56339
1.42825
12.3393
1.56682
0.695457
4.00224
0.417218
-0.233106
1.77411
0.226941
-0.25577
180.659
14.5919
5.52818
5.01038
0.73301
-0.0169368
-0.486713
-0.112424
-2.8983
2.56572
0.54734
-16.838
143.749
9.24396
-19.0193
131.174
7.92371
-18.2444
98.1802
5.32435
-22.6546
89.3886
3.89948
-12.5959
39.994
1.19039
-9.00575
18.0858
0.622763
21.1314
184.722
17.9653
23.2508
163.763
16.4895
17.991
98.0503
10.4203
15.8119
66.7922
7.50495
13.3266
39.2393
4.8285
9.76304
17.9236
2.78791
-2.76965
260.86
20.7266
-2.01719
167.04
13.2218
-2.04753
150.493
11.8053
-1.90528
87.9901
6.55315
-0.633322
61.2862
4.7166
0.98292
26.8715
2.66863
1.72548
211.987
17.4188
2.11206
192.553
15.8702
2.24349
143.001
11.8025
1.50292
84.2659
7.20868
1.87446
55.1997
4.82556
1.75565
24.1443
2.46991
-4.66467
7.05431
1.08411
-2.58359
13.9439
0.770543
