-2.32356
22.9973
1.29724
3.9135
34.4898
2.97459
0.243032
0.132878
0.0667586
-0.0839829
-0.0214891
-0.0250172
-2.66393
23.6794
1.29998
3.39986
35.5224
2.96875
0.0746448
-0.00264146
-0.0342729
-0.173037
0.0897679
0.068383
-4.62463
37.4961
1.99864
-4.51443
28.9399
1.38277
-5.25578
25.621
0.942846
-2.68154
9.84061
0.132714
-2.63344
6.86935
0.035691
-1.53566
2.41056
-0.0572524
5.22324
37.4645
3.36063
5.15768
28.8803
2.74809
3.61917
15.5155
1.66584
5.20283
15.8786
1.93941
3.27018
6.75978
1.06034
2.0161
2.38162
0.843212
-5.31366
38.8458
2.01712
-5.18883
30.2504
1.44639
-5.43565
24.2665
1.03888
-3.08574
10.7547
0.457639
-3.01107
7.63203
0.329385
-1.98594
2.5509
0.458129
4.54256
38.8144
3.34416
4.50155
30.1877
2.68891
3.11177
16.3982
1.50199
4.51516
17.3345
1.59325
3.068
7.43072
0.732476
1.33144
2.20431
0.262351
0.421984
68.9873
4.91736
-0.792972
1.0169
-0.0134932
-4.98044
46.6791
2.60088
1.28741
1.00135
0.491067
9.712
93.3517
7.92205
-0.110752
-0.171878
0.131533
0.59643
0.205309
-0.143279
-0.551299
0.130589
-0.114762
-0.406285
47.3575
3.27666
-1.25784
1.19495
0.696472
0.90715
1.15125
-0.0277001
-0.0294055
-0.052213
0.0692797
-4.64187
41.7609
2.29942
-4.58464
33.2177
1.6922
-4.39285
24.7095
1.07845
-4.09211
16.5218
0.476268
-3.08181
9.75734
0.112545
-2.14513
4.41183
0.00742533
5.22188
41.7417
3.66474
5.20758
33.1745
3.05504
5.05443
24.678
2.45196
4.55828
16.7131
1.94332
3.72054
9.61351
1.28544
2.72193
4.31052
0.899082
-7.99248
64.6824
3.4649
-5.27185
34.545
1.72931
-5.06504
25.9763
1.18653
-3.7126
14.352
0.567503
-3.5347
10.7449
0.414109
-2.44834
4.87666
0.349185
4.53833
43.1075
3.65919
4.5256
34.5061
3.0194
4.43304
25.8981
2.35486
3.87549
17.8546
1.6473
3.37053
10.5425
1.00505
2.63258
4.73523
0.503711
-19.8152
152.706
8.01681
-24.2221
148.079
7.03802
-17.6265
82.0848
3.27058
-9.50727
34.6739
0.903219
-11.2137
29.1708
0.535068
-6.7319
8.87212
0.385999
19.3683
152.57
13.3945
19.0356
118.214
10.8502
14.3372
69.1825
6.96482
17.9813
63.371
6.4134
12.1302
28.7053
3.41956
7.04627
10.6283
2.3018
-2.36826
232.957
16.062
-2.07588
181.237
12.3628
-1.86642
145.082
9.71339
-1.54017
84.087
5.8527
0.311144
44.4512
3.12053
1.0542
10.4201
1.23917
1.81055
224.841
16.0832
1.67893
144.384
10.353
1.91985
123.125
8.55787
1.32655
86.0456
6.24353
1.73144
39.9085
3.16898
1.33908
12.7801
1.44169
0.637612
4.13722
0.381559
-0.206092
1.83217
0.197643
-0.263861
186.709
13.1276
5.7262
5.17289
0.70535
-0.014759
-0.504412
-0.107508
-2.99595
2.64923
0.542693
-17.4035
148.561
8.06015
-19.6569
135.557
6.82347
-18.8528
101.452
4.4727
-23.4062
92.3618
3.07973
-13.0102
41.3205
0.814968
-9.30349
18.6864
0.460692
21.8422
190.904
16.4739
24.0319
169.235
15.1507
18.5954
101.318
9.60291
16.3416
69.0146
6.92255
13.7741
40.5443
4.46812
10.0956
18.5185
2.63745
-2.55647
269.47
18.634
-1.8425
172.527
11.8625
-1.83916
155.406
10.5513
-1.74796
90.8415
5.78296
-0.432475
63.2415
4.16585
1.18594
27.7271
2.42348
1.52833
219.183
15.6605
1.89581
199.099
14.2399
2.04784
147.872
10.5443
1.33683
87.1469
6.4321
1.72042
57.1232
4.27247
1.64698
25.002
2.21854
-4.75508
7.28296
1.0346
-2.6469
14.3999
0.648048
