-2.42216
23.7431
1.11151
4.00432
35.6081
2.70134
0.249225
0.136322
0.0690566
-0.0877294
-0.0217186
-0.0266984
-2.72594
24.4286
1.11435
3.54562
36.6463
2.69528
0.0780526
-0.00227133
-0.0362792
-0.176302
0.091365
0.0705639
-4.8209
38.7131
1.69013
-4.70559
29.88
1.13666
-5.47817
26.4545
0.708829
-2.79563
10.1648
0.0356308
-2.74872
7.09959
-0.0346826
-1.60588
2.49417
-0.0827108
5.34451
38.6802
3.05947
5.27791
29.8175
2.51125
3.70312
16.0194
1.53797
5.32017
16.3996
1.79466
3.34306
6.98385
1.00078
2.06126
2.45977
0.834443
-5.43718
40.0693
1.70922
-5.30847
31.1967
1.20254
-5.55922
25.0192
0.836252
-3.15401
11.0829
0.370922
-3.07233
7.86093
0.267533
-2.02359
2.62607
0.444091
4.73705
40.0371
3.04253
4.69298
31.1332
2.45038
3.24452
16.9083
1.3691
4.70951
17.866
1.43778
3.19724
7.6586
0.663458
1.38973
2.27512
0.24745
0.36492
71.2244
4.36528
-0.831624
1.05319
-0.0233571
-5.14079
48.1741
2.22968
1.31742
1.03178
0.492166
10.0254
96.3415
7.19305
-0.123717
-0.178515
0.133775
0.615106
0.21294
-0.146287
-0.567531
0.13593
-0.11597
-0.371711
48.8557
2.90855
-1.28243
1.22934
0.70121
0.948465
1.1915
-0.0420122
-0.0260068
-0.0541821
0.0693597
-4.83886
43.1158
1.95936
-4.77917
34.2963
1.41517
-4.57866
25.5126
0.862661
-4.26338
17.0612
0.319225
-3.21495
10.0811
0.0145848
-2.24047
4.56176
-0.0376282
5.34305
43.0958
3.33168
5.32873
34.251
2.78621
5.17234
25.4791
2.24739
4.66301
17.2566
1.80272
3.80365
9.93041
1.19833
2.78266
4.45401
0.865752
-8.17857
66.7247
2.95539
-5.39401
35.6296
1.45346
-5.18139
26.7857
0.974461
-3.79676
14.7946
0.44605
-3.60873
11.0695
0.325146
-2.49673
5.02163
0.313579
4.73283
44.4687
3.326
4.71877
35.5902
2.7495
4.62074
26.7066
2.14737
4.04183
18.407
1.49765
3.5141
10.8652
0.909532
2.74241
4.88219
0.459408
-20.4525
157.587
6.78356
-24.9992
152.798
5.81435
-18.1874
84.6901
2.55888
-9.80772
35.7711
0.594609
-11.5655
30.0905
0.269469
-6.94691
9.15147
0.314177
19.9935
157.447
12.1889
19.6489
121.982
9.90019
14.7987
71.3781
6.40424
18.5575
65.3796
5.83921
12.5202
29.6127
3.16397
7.28093
10.9581
2.25071
-2.15995
240.295
14.2323
-1.86758
186.909
10.9148
-1.63631
149.587
8.50842
-1.35373
86.6534
5.14133
0.513646
45.7963
2.72512
1.18537
10.7392
1.14281
1.58875
232.138
14.2533
1.50891
149.071
9.14291
1.72977
127.127
7.46969
1.11533
88.8726
5.42729
1.5994
41.2389
2.77159
1.24916
13.2117
1.31519
0.579288
4.26889
0.345461
-0.178841
1.88885
0.168097
-0.27146
192.688
11.6561
5.92121
5.33182
0.677227
-0.0125628
-0.521907
-0.102506
-3.0919
2.73081
0.537529
-17.9636
153.315
6.87039
-20.2884
139.884
5.71745
-19.4547
104.678
3.61642
-24.149
95.2885
2.25543
-13.4185
42.624
0.437369
-9.59638
19.2754
0.297356
22.5472
197.013
14.9747
24.8064
174.638
13.8045
19.1942
104.541
8.78054
16.8655
71.2026
6.33616
14.2159
41.8267
4.10491
10.4234
19.1021
2.48529
-2.34166
277.978
16.5307
-1.66643
177.944
10.4959
-1.62915
160.251
9.29017
-1.58937
93.6484
5.00809
-0.230624
65.1622
3.61131
1.38903
28.5659
2.17605
1.33113
226.293
13.8933
1.67954
205.562
12.6008
1.8521
152.675
9.27897
1.17049
89.983
5.6507
1.56592
59.0133
3.71556
1.53756
25.8433
1.96502
-4.84273
7.50649
0.984028
-2.70918
14.8489
0.524857
