-2.52003
24.4798
0.92493
4.09402
36.7128
2.42686
0.255277
0.139684
0.071321
-0.0914289
-0.0219398
-0.0283669
-2.78709
25.1687
0.927882
3.69046
37.7567
2.42057
0.0814196
-0.00189982
-0.0382684
-0.179458
0.0929039
0.0727029
-5.01567
39.9146
1.38015
-4.89521
30.8071
0.88931
-5.69857
27.2751
0.473625
-2.90857
10.4836
-0.0619273
-2.86267
7.32558
-0.105437
-1.67526
2.57606
-0.108316
5.4643
39.8802
2.75688
5.39659
30.7417
2.27318
3.78583
16.5156
1.40934
5.4354
16.9116
1.6489
3.41439
7.20376
0.940623
2.10534
2.53628
0.825205
-5.55896
41.2772
1.39985
-5.42631
32.13
0.957467
-5.68072
25.7605
0.63257
-3.22093
11.4056
0.283679
-3.13202
8.08546
0.205201
-2.06008
2.69957
0.429638
4.93029
41.2442
2.73946
4.88312
32.0657
2.2106
3.37622
17.4107
1.23543
4.90207
18.3883
1.28131
3.32511
7.8822
0.59395
1.44736
2.34457
0.232367
0.307855
73.4344
3.81072
-0.869822
1.08869
-0.0332997
-5.29954
49.651
1.85678
1.3467
1.06148
0.492982
10.3361
99.2951
6.46077
-0.136644
-0.185087
0.135938
0.633444
0.220444
-0.149211
-0.58344
0.141181
-0.117123
-0.336896
50.3359
2.53877
-1.30625
1.26289
0.705464
0.9893
1.231
-0.0563412
-0.022577
-0.0561298
0.0693926
-5.03437
44.4539
1.61771
-4.97219
35.3605
1.13679
-4.76288
26.3041
0.645778
-4.43303
17.5918
0.161385
-3.34663
10.3991
-0.0838807
-2.33468
4.70878
-0.0829554
5.46273
44.433
2.9971
5.44837
35.3132
2.51605
5.28864
26.2686
2.04169
4.76605
17.7914
1.66121
3.88513
10.2417
1.11054
2.842
4.59472
0.831918
-8.36207
68.7417
2.4435
-5.51441
36.6999
1.17626
-5.29591
27.5835
0.761305
-3.87942
15.2301
0.323933
-3.68105
11.3883
0.235609
-2.54375
5.16366
0.277552
4.9261
45.813
2.99127
4.91068
36.66
2.47825
4.80709
27.5035
1.93873
4.20674
18.9505
1.34708
3.65625
11.1822
0.813376
2.85098
5.02631
0.414755
-21.0832
162.406
5.54441
-25.768
157.452
4.58454
-18.7416
87.2556
1.84351
-10.1041
36.8501
0.284363
-11.9116
30.9929
0.00223239
-7.15825
9.42478
0.241551
20.6131
162.261
10.9775
20.2565
125.697
8.94518
15.2552
73.5404
5.8403
19.1265
67.3538
5.2613
12.9048
30.5031
2.90632
7.51198
11.2811
2.1983
-1.95014
247.538
12.3939
-1.65774
192.503
9.45945
-1.4046
154.024
7.29682
-1.16608
89.1756
4.42562
0.716651
47.1157
2.32688
1.3163
11.0515
1.04536
1.36698
239.34
12.4147
1.3389
153.693
7.92669
1.53954
131.067
6.37558
0.903867
91.6512
4.60614
1.46679
42.5444
2.37139
1.15852
13.6339
1.18737
0.520505
4.39724
0.308935
-0.151364
1.94417
0.138316
-0.278582
198.596
10.1778
6.11315
5.48716
0.64867
-0.0103471
-0.539189
-0.0974181
-3.18613
2.81044
0.531839
-18.518
158.01
5.67509
-20.9133
144.154
4.60601
-20.0499
107.858
2.75577
-24.8826
98.1679
1.4268
-13.8206
43.9043
0.0576772
-9.88436
19.8526
0.132773
23.2461
203.046
13.4687
25.574
179.969
12.4516
19.7872
107.717
7.95361
17.3832
73.3555
5.74612
14.6518
43.0862
3.73907
10.7463
19.6743
2.33153
-2.12534
286.381
14.4177
-1.48907
183.289
9.12257
-1.41761
165.026
8.02233
-1.4296
96.4099
4.22885
-0.0278805
67.048
3.05322
1.59208
29.3877
1.92645
1.13395
233.315
12.1179
1.46331
211.938
10.9537
1.65631
157.408
8.00693
1.00397
92.7733
4.86479
1.411
60.8696
3.15505
1.42742
26.6679
1.70945
-4.92759
7.72491
0.932397
-2.7704
15.2908
0.401009
