-2.71332
25.9247
0.549515
4.26986
38.8795
1.87479
0.266953
0.146163
0.0757481
-0.0986842
-0.0223572
-0.0316644
-2.90666
26.6205
0.552682
3.97699
39.9348
1.86804
0.0880282
-0.00115257
-0.0421928
-0.185441
0.0958094
0.0768529
-5.40032
42.2686
0.756197
-5.26943
32.6208
0.391243
-6.13299
28.877
-3.78302e-05
-3.13078
11.1046
-0.258344
-3.08644
7.76458
-0.248021
-1.81142
2.73468
-0.159952
5.69906
42.2314
2.14804
5.62897
32.5497
1.79385
3.94736
17.4845
1.15004
5.65936
17.9084
1.35468
3.55231
7.63095
0.818708
2.19019
2.68439
0.805369
-5.79702
43.6444
0.777133
-5.65636
33.9562
0.463985
-5.91723
27.2077
0.222285
-3.3506
12.0342
0.107707
-3.24664
8.52131
0.0791491
-2.12957
2.8416
0.399495
5.31258
43.6098
2.12961
5.25907
33.8902
1.72777
3.63625
18.3918
0.966051
5.28151
19.4051
0.96581
3.57651
8.31653
0.453636
1.56055
2.47944
0.201704
0.193789
77.7686
2.69506
-0.944825
1.15735
-0.053418
-5.61186
52.5479
1.10649
1.40304
1.11872
0.493783
10.9486
105.088
4.98787
-0.162375
-0.198032
0.140023
0.669092
0.235067
-0.154799
-0.61428
0.151415
-0.119266
-0.266629
53.2395
1.79488
-1.35158
1.3275
0.712508
1.06949
1.30776
-0.0850135
-0.0156302
-0.0599555
0.0693187
-5.42052
47.077
0.930145
-5.35327
37.4443
0.576328
-5.12627
27.8509
0.209001
-4.76722
18.6263
-0.156491
-3.60543
11.0176
-0.282217
-2.5196
4.99402
-0.174395
5.69733
47.0544
2.32402
5.68278
37.3929
1.97231
5.51615
27.8114
1.62735
4.9669
18.8343
1.37576
4.04303
10.8471
0.933064
2.95649
4.86768
0.76284
-8.72089
72.6969
1.41336
-5.74965
38.796
0.618191
-5.51922
29.1429
0.33201
-4.04007
16.0792
0.07785
-3.82047
12.008
0.0549043
-2.63372
5.43892
0.20426
5.30846
48.4491
2.31788
5.29024
38.7551
1.93226
5.17535
29.0611
1.51844
4.532
20.0107
1.04352
3.93606
11.7986
0.619369
3.06423
5.306
0.324519
-22.3239
171.85
3.05018
-27.2791
166.558
2.10813
-19.8292
92.2641
0.402661
-10.6841
38.952
-0.340683
-12.5864
32.7452
-0.536914
-7.56973
9.95325
0.0939034
21.8343
171.695
8.53999
21.4531
132.966
7.02222
16.1528
77.7626
4.70358
20.2422
71.1979
4.09566
13.6566
32.2326
2.38545
7.96301
11.9066
2.08966
-1.52661
261.734
8.69403
-1.23399
203.448
6.52895
-0.936904
162.685
4.85582
-0.787616
94.0861
2.98235
1.12374
49.6769
1.5226
1.57726
11.656
0.847387
0.923815
253.452
8.71462
0.999111
162.734
5.47782
1.1588
138.759
4.17145
0.480505
97.0604
2.95045
1.19996
45.0795
1.56319
0.975168
14.4505
0.927989
0.401642
4.64393
0.234643
-0.0957819
2.05081
0.0780871
-0.291473
210.182
7.20405
6.48765
5.78706
0.590377
-0.00585259
-0.573082
-0.0869908
-3.36936
2.96393
0.518853
-19.6088
167.216
3.26958
-22.142
152.515
2.36839
-21.2187
114.072
1.02247
-26.321
103.782
-0.24244
-14.6058
46.3943
-0.707586
-10.4453
20.9716
-0.200032
24.6236
214.874
10.4389
27.0861
190.407
9.72836
20.9541
113.925
6.28781
18.3995
77.5538
4.55636
15.5053
45.5359
3.00042
11.3769
20.7841
2.01962
-1.68874
302.859
10.1662
-1.131
193.757
6.35805
-0.990515
174.359
5.46873
-1.10686
101.795
2.65862
0.379811
70.7141
1.92733
1.99771
30.9805
1.42113
0.739852
247.081
8.54557
1.03118
224.423
7.63804
1.2648
166.656
5.44497
0.67053
98.2131
3.2808
1.10011
64.4789
2.02421
1.2051
28.2669
1.19259
-5.08896
8.14657
0.825982
-2.88956
16.153
0.15151
