-2.80865
26.6322
0.360817
4.35586
39.9403
1.59746
0.272576
0.149279
0.0779104
-0.102239
-0.0225533
-0.0332929
-2.96501
27.3316
0.364093
4.11851
41.0016
1.59048
0.0912685
-0.00077679
-0.0441268
-0.18827
0.0971777
0.0788632
-5.58998
43.42
0.442451
-5.45384
33.5067
0.140698
-6.34682
29.6578
-0.238328
-3.23998
11.4067
-0.357135
-3.19621
7.97756
-0.319808
-1.87817
2.81141
-0.185974
5.81387
43.3815
1.84208
5.74251
33.4327
1.55282
4.02608
17.9569
1.0195
5.76798
18.3929
1.2064
3.61886
7.83818
0.757022
2.23095
2.75597
0.794799
-5.91316
44.8027
0.464014
-5.76843
34.8485
0.215743
-6.03213
27.9132
0.0158172
-3.41331
12.3399
0.0190274
-3.30156
8.73265
0.0154607
-2.16258
2.91017
0.383811
5.50139
44.7673
1.82313
5.44465
34.7817
1.48498
3.76443
18.8703
0.830483
5.46822
19.8995
0.806956
3.69997
8.52724
0.382918
1.61609
2.54486
0.186149
0.136818
79.8908
2.13445
-0.981618
1.19051
-0.0635907
-5.76526
53.9665
0.729359
1.43011
1.14625
0.493781
11.2499
107.925
4.24797
-0.175171
-0.204401
0.141944
0.686398
0.242184
-0.15746
-0.62921
0.156399
-0.120257
-0.231223
54.6616
1.42108
-1.37308
1.35859
0.7153
1.10883
1.34504
-0.0993382
-0.0121163
-0.0618306
0.069213
-5.61095
48.3608
0.584485
-5.54114
38.4629
0.29445
-5.30526
28.6058
-0.0107408
-4.93161
19.1299
-0.316418
-3.73246
11.3181
-0.382025
-2.61028
5.13222
-0.220485
5.81207
48.3373
1.98585
5.79738
38.4095
1.69899
5.6272
28.5643
1.41891
5.06458
19.342
1.23198
4.1194
11.1411
0.843495
3.01161
4.99991
0.727646
-8.89597
74.6332
0.895475
-5.86434
39.821
0.33752
-5.62788
29.9041
0.116012
-4.118
16.4926
-0.0460402
-3.88755
12.3089
-0.0362151
-2.67666
5.57217
0.167011
5.49731
49.7397
1.97956
5.47766
39.7795
1.65779
5.35706
29.8214
1.30701
4.69218
20.527
0.890705
4.0736
12.0979
0.521638
3.16883
5.44159
0.278998
-22.9331
176.47
1.79598
-28.0206
171.006
0.86239
-20.3621
94.7057
-0.32233
-10.9675
39.9745
-0.655283
-12.915
33.595
-0.808682
-7.7698
10.2085
0.018899
22.435
176.31
7.31506
22.0414
136.517
6.05526
16.5932
79.8212
4.13137
20.7882
73.067
3.50861
14.0237
33.0716
2.12256
8.1829
12.2091
2.03356
-1.31316
268.68
6.83416
-1.02035
208.796
5.0551
-0.701218
166.907
3.62748
-0.597026
96.4737
2.25542
1.3276
50.9187
1.11692
1.70718
11.9484
0.746963
0.702511
260.355
6.85464
0.829379
167.15
4.24622
0.968344
142.508
3.0624
0.268732
99.69
2.11664
1.06581
46.3088
1.15555
0.882529
14.8447
0.796538
0.341608
4.7623
0.196905
-0.067702
2.10219
0.0476651
-0.297289
215.857
5.70975
6.67014
5.93167
0.560703
-0.00357189
-0.589676
-0.0816546
-3.45834
3.03784
0.511553
-20.1445
171.722
2.06024
-22.7452
156.603
1.24299
-21.7918
117.105
0.150416
-27.0251
106.515
-1.0825
-14.9886
47.6037
-1.09293
-10.7182
21.5135
-0.368182
25.3014
220.664
8.91666
27.8298
195.511
8.35944
21.5273
116.955
5.44981
18.8975
79.5981
3.95731
15.9225
46.7257
2.62805
11.6845
21.3217
1.8617
-1.46873
310.926
8.0294
-0.950508
198.876
4.96804
-0.775234
178.915
4.18407
-0.944082
104.417
1.86834
0.584511
72.4941
1.36003
2.20009
31.7517
1.16565
0.543042
253.818
6.75021
0.815379
230.526
5.97093
1.06912
171.169
4.15616
0.503693
100.861
2.48339
0.944198
66.2315
1.45436
1.09298
29.0412
0.931519
-5.16547
8.34994
0.771222
-2.94744
16.573
0.025947
