-2.99638
28.0154
-0.0182007
4.52367
42.0145
1.04087
0.283395
0.155266
0.082132
-0.1092
-0.0229196
-0.0365081
-3.07863
28.7224
-0.0147011
4.39758
43.0882
1.03343
0.0976192
-2.07896e-05
-0.0479358
-0.193609
0.0997506
0.0827527
-5.96344
45.6695
-0.187995
-5.81677
35.235
-0.362948
-6.76723
31.1777
-0.717368
-3.45435
11.9937
-0.555687
-3.41139
8.39042
-0.464253
-2.00898
2.95973
-0.238389
6.03786
45.6281
1.22784
5.96384
35.1553
1.06865
4.17915
18.8767
0.756999
5.97824
19.334
0.907876
3.74705
8.23988
0.632389
2.30915
2.89422
0.772423
-6.13926
47.0664
-0.16517
-5.9863
36.59
-0.283296
-6.25492
29.2875
-0.399402
-3.53437
12.9342
-0.159579
-3.40662
9.14222
-0.113143
-2.22516
3.04255
0.351249
5.87369
47.0293
1.20782
5.81044
36.5214
0.997238
4.01678
19.8025
0.557956
5.83521
20.86
0.487524
3.94217
8.93583
0.240592
1.72498
2.67173
0.154658
0.0230654
84.0401
1.00887
-1.05376
1.25453
-0.0841505
-6.06605
56.7407
-0.0281325
1.48202
1.19916
0.493004
11.8417
113.473
2.76301
-0.2006
-0.216925
0.14554
0.719963
0.256025
-0.162515
-0.65809
0.166109
-0.122086
-0.159981
57.4431
0.670574
-1.41379
1.41846
0.719434
1.18596
1.41742
-0.127918
-0.00501668
-0.0654985
0.068868
-5.98594
50.87
-0.10994
-5.91098
40.4516
-0.272075
-5.65734
30.077
-0.452518
-5.2546
20.1094
-0.637945
-3.98163
11.9012
-0.582736
-2.78797
5.3998
-0.313335
6.03594
50.8447
1.30707
6.02089
40.394
1.15012
5.8435
30.0316
1.00003
5.25418
20.3296
0.94265
4.26685
11.7116
0.662953
3.11755
5.25589
0.656078
-9.23691
78.4191
-0.144941
-6.08752
41.8229
-0.226584
-5.83893
31.3884
-0.318298
-4.26889
17.2971
-0.295304
-4.01639
12.8929
-0.219843
-2.75846
5.83003
0.0913626
5.86971
52.2629
1.30045
5.84717
41.7803
1.10661
5.71505
31.3039
0.882132
5.00726
21.5318
0.583441
4.34372
12.679
0.32502
3.37387
5.70433
0.187307
-24.1274
185.497
-0.724212
-29.4732
179.686
-1.64189
-21.4044
99.4606
-1.78012
-11.5206
41.9621
-1.28807
-13.5541
35.2421
-1.35617
-8.15854
10.7013
-0.133388
23.6146
185.328
4.85578
23.1957
143.446
4.11276
17.4562
83.8309
2.98077
21.8557
76.6984
2.32778
14.7395
34.6982
1.59269
8.61117
12.7939
1.91806
-0.883581
282.255
3.09855
-0.590291
219.233
2.09339
-0.226945
175.132
1.15787
-0.213726
101.112
0.792653
1.73535
53.3252
0.29948
1.96564
12.5138
0.54352
0.260659
273.84
3.11881
0.490325
175.764
1.77134
0.587386
149.807
0.832802
-0.154713
104.797
0.438965
0.796203
48.6912
0.33414
0.695479
15.6055
0.530439
0.220456
4.98929
0.120328
-0.0110382
2.20127
-0.0137246
-0.307806
226.953
2.70953
7.02546
6.21038
0.500458
0.0010603
-0.62212
-0.0707475
-3.63099
3.18016
0.495341
-21.1949
180.531
-0.369287
-23.9275
164.585
-1.01889
-22.9138
123.018
-1.60292
-28.4016
111.832
-2.77196
-15.7342
49.9508
-1.86836
-11.2485
22.5622
-0.707739
26.6324
231.982
5.86116
29.2896
205.476
5.61035
22.6516
122.862
3.76571
19.8719
83.5753
2.75253
16.7371
49.035
1.87829
12.2837
22.3627
1.54244
-1.026
326.698
3.73852
-0.587244
208.873
2.17552
-0.341942
187.797
1.60184
-0.616181
109.519
0.27928
0.994961
75.9479
0.218069
2.60351
33.2444
0.649699
0.150092
266.986
3.14489
0.384451
242.44
2.62174
0.678009
179.965
1.56565
0.169948
106.011
0.879531
0.631622
69.6316
0.307146
0.86702
30.5393
0.404721
-5.31023
8.74221
0.658694
-3.05969
17.3906
-0.226563
