-3.08866
28.6905
-0.208371
4.60532
43.0267
0.761864
0.28859
0.158137
0.0841911
-0.112606
-0.0230897
-0.0380944
-3.13381
29.4014
-0.204758
4.53493
44.1069
0.754187
0.100729
0.000359457
-0.0498098
-0.196122
0.100958
0.0846318
-6.14701
46.7664
-0.504448
-5.99508
36.0767
-0.615849
-6.9736
31.9166
-0.957918
-3.55945
12.2786
-0.655362
-3.51675
8.59032
-0.536853
-2.07302
3.03137
-0.264765
6.14683
46.7235
0.919832
6.07143
35.9942
0.82574
4.2534
19.3239
0.625154
6.07978
19.7904
0.757807
3.80867
8.43436
0.569519
2.34658
2.9609
0.760648
-6.24905
48.1708
-0.48099
-6.09196
37.4386
-0.533901
-6.36269
29.956
-0.607994
-3.59268
13.2226
-0.249442
-3.45676
9.34052
-0.178011
-2.25475
3.10642
0.33439
6.05692
48.1328
0.899274
5.9904
37.3691
0.752534
4.1408
20.256
0.421142
6.01532
21.326
0.327139
4.06084
9.13375
0.169075
1.77832
2.73321
0.138748
-0.0336967
86.0651
0.44437
-1.08911
1.28541
-0.0945306
-6.21325
58.0949
-0.4082
1.50687
1.22455
0.492244
12.1317
116.181
2.01862
-0.213225
-0.223077
0.147216
0.736223
0.262749
-0.164907
-0.672043
0.170837
-0.122924
-0.124192
58.8011
0.294188
-1.43302
1.44728
0.720786
1.22374
1.45255
-0.142154
-0.001435
-0.0672886
0.0686307
-6.17028
52.0941
-0.458434
-6.09274
41.4208
-0.5565
-5.83026
30.7929
-0.674376
-5.41305
20.5851
-0.799413
-4.10369
12.1838
-0.683557
-2.87496
5.52921
-0.360059
6.14487
52.068
0.966767
6.12961
41.3612
0.874827
5.94856
30.7457
0.789787
5.34599
20.8093
0.797255
4.33787
11.9881
0.572084
3.16837
5.37966
0.619757
-9.4025
80.267
-0.667069
-6.19584
42.799
-0.5098
-5.94117
32.1111
-0.536446
-4.34178
17.688
-0.420584
-4.07813
13.176
-0.312286
-2.79734
5.95471
0.0529916
6.053
53.4944
0.959974
6.029
42.7558
0.830151
5.89111
32.0257
0.668903
5.162
22.0201
0.429164
4.47618
12.9607
0.226255
3.47425
5.83153
0.141201
-24.7118
189.9
-1.98923
-30.1835
183.915
-2.89945
-21.9134
101.773
-2.51235
-11.7901
42.927
-1.60601
-13.8646
36.0396
-1.63168
-8.34718
10.939
-0.210621
24.1926
189.726
3.62258
23.7609
146.821
3.13816
17.8781
85.781
2.40294
22.3765
78.4604
1.73468
15.0881
35.4859
1.32605
8.8195
13.0763
1.85877
-0.667741
288.877
1.2244
-0.374164
224.318
0.60682
0.0113179
179.132
-0.0822812
-0.0212617
103.363
0.0574922
1.93899
54.4903
-0.111876
2.09407
12.787
0.440623
0.0401691
280.415
1.24456
0.321018
179.959
0.529139
0.396909
153.355
-0.286714
-0.366281
107.275
-0.404102
0.660802
49.8443
-0.0792294
0.601134
15.9722
0.395932
0.159389
5.098
0.0815281
0.017514
2.24905
-0.0446616
-0.31257
232.369
1.20488
7.19825
6.34458
0.469951
0.0034129
-0.637954
-0.0651817
-3.71466
3.24865
0.486439
-21.7088
184.83
-1.58854
-24.5058
168.477
-2.15449
-23.4621
125.897
-2.48351
-29.0733
114.414
-3.6207
-16.0969
51.0886
-2.25815
-11.506
23.0693
-0.879027
27.2847
237.505
4.32928
30.0046
210.334
4.23147
23.2017
125.738
2.92046
20.3478
85.5076
2.14745
17.1341
50.1544
1.50137
12.5753
22.8662
1.38134
-0.803574
334.397
1.58623
-0.404721
213.747
0.774213
-0.124238
192.121
0.305417
-0.45126
111.998
-0.518747
1.20044
77.622
-0.356035
2.80433
33.9662
0.389505
-0.0459862
273.41
1.33647
0.169369
248.246
0.941099
0.48259
184.244
0.265117
0.00309565
108.512
0.0738058
0.475008
71.2791
-0.269675
0.753228
31.2635
0.139258
-5.37852
8.93132
0.600978
-3.114
17.7881
-0.353407
