-3.17982
29.3541
-0.39888
4.68537
44.0218
0.482548
0.293645
0.160928
0.0862158
-0.115963
-0.0232509
-0.0396662
-3.18785
30.0691
-0.395154
4.67069
45.1086
0.474638
0.103794
0.000741211
-0.0516628
-0.198533
0.102114
0.0864671
-6.32833
47.8441
-0.82155
-6.17115
36.9031
-0.86933
-7.17729
32.6412
-1.19901
-3.6631
12.5577
-0.755243
-3.6206
8.78591
-0.609662
-2.13615
3.10134
-0.291239
6.25366
47.7998
0.611425
6.17686
36.8177
0.582423
4.32605
19.7626
0.492998
6.17885
20.2375
0.607308
3.86861
8.62462
0.506332
2.38291
3.026
0.748502
-6.35656
49.2563
-0.797461
-6.19533
38.272
-0.785097
-6.46796
30.6118
-0.817129
-3.64949
13.5053
-0.339632
-3.50532
9.53452
-0.243221
-2.28322
3.1688
0.317158
6.23802
49.2174
0.590321
6.16823
38.2016
0.50743
4.26328
20.701
0.284057
6.19308
21.7827
0.166435
4.17783
9.32747
0.0973844
1.83089
2.79341
0.122748
-0.0903711
88.0557
-0.120946
-1.12397
1.31555
-0.104971
-6.35817
59.4262
-0.788946
1.531
1.24925
0.491247
12.4174
118.844
1.27341
-0.225787
-0.229153
0.148811
0.752135
0.269343
-0.167208
-0.685675
0.175484
-0.123714
-0.0883212
60.1364
-0.082743
-1.4515
1.47538
0.721671
1.26099
1.487
-0.156342
0.0021651
-0.0690477
0.0683517
-6.35236
53.2971
-0.807595
-6.27225
42.3727
-0.841546
-6.00097
31.4954
-0.896756
-5.56939
21.0513
-0.961255
-4.22402
12.4605
-0.784628
-2.96069
5.65575
-0.406956
6.25166
53.2701
0.62606
6.23616
42.3111
0.599131
6.05145
31.4463
0.579143
5.43571
21.2794
0.651467
4.40706
12.2587
0.480886
3.21775
5.50065
0.583114
-9.56467
82.0835
-1.1902
-6.30187
43.7581
-0.793641
-6.04114
32.8206
-0.75514
-4.41291
18.0712
-0.546228
-4.13807
13.4532
-0.405098
-2.83488
6.0766
0.0142789
6.23416
54.7051
0.619094
6.20871
43.7143
0.553289
6.06505
32.7343
0.455289
5.31476
22.499
0.274571
4.60684
13.2366
0.127268
3.57316
5.95601
0.0949661
-25.287
194.226
-3.25685
-30.8826
188.067
-4.15995
-22.414
104.041
-3.24639
-12.0548
43.8724
-1.92479
-14.169
36.8198
-1.90822
-8.532
11.1711
-0.28854
24.762
194.048
2.38775
24.3176
150.136
2.16196
18.2934
87.694
1.82381
22.8884
80.1867
1.14025
15.4303
36.2567
1.05849
9.02392
13.3521
1.79855
-0.451393
295.386
-0.652899
-0.15751
229.312
-0.882675
0.250111
183.057
-1.32522
0.17158
105.569
-0.679715
2.14232
55.6302
-0.524697
2.22189
13.0541
0.337028
-0.180002
286.875
-0.632845
0.15186
184.077
-0.715512
0.206444
156.835
-1.40868
-0.577682
109.701
-1.24944
0.525036
50.9723
-0.494091
0.506287
16.33
0.260553
0.0980316
5.20362
0.0424155
0.0461905
2.29572
-0.075738
-0.317049
237.694
-0.301952
7.36778
6.47545
0.439231
0.00579026
-0.653518
-0.059545
-3.79658
3.31543
0.477017
-22.2148
189.055
-2.81012
-25.075
172.3
-3.29259
-24.0015
128.722
-3.36623
-29.7336
116.946
-4.47161
-16.4526
52.2025
-2.6491
-11.7582
23.565
-1.05123
27.9273
242.933
2.79557
30.709
215.106
2.85056
23.7434
128.56
2.07361
20.8159
87.4019
1.54102
17.5242
51.2505
1.12337
12.8614
23.3586
1.21941
-0.580628
341.964
-0.56942
-0.221773
218.536
-0.629649
0.0939656
196.366
-0.993759
-0.285828
114.429
-1.31859
1.4059
79.261
-0.931832
3.00442
34.672
0.128026
-0.241768
279.723
-0.474763
-0.0454411
253.949
-0.742606
0.287262
188.444
-1.03816
-0.163711
110.963
-0.733948
0.318208
72.8918
-0.848252
0.638937
31.9712
-0.127393
-5.44412
9.11592
0.542337
-3.16706
18.1778
-0.480571
