-3.26979
30.0059
-0.589651
4.76373
44.999
0.20304
0.298559
0.163639
0.0882059
-0.119269
-0.0234031
-0.0412234
-3.24071
30.725
-0.585811
4.80475
46.0927
0.194899
0.106815
0.00112447
-0.0534945
-0.200844
0.10322
0.0882589
-6.50727
48.9021
-1.13917
-6.34488
37.7138
-1.12328
-7.37818
33.3514
-1.44054
-3.76527
12.831
-0.855277
-3.72292
8.97722
-0.682645
-2.19834
3.16969
-0.317799
6.35822
48.8565
0.30275
6.28
37.6257
0.338813
4.39703
20.1925
0.360592
6.2754
20.6751
0.456459
3.92687
8.81069
0.442867
2.41814
3.08951
0.736
-6.46169
50.3223
-1.11445
-6.29635
39.09
-1.03678
-6.57066
31.2548
-1.02672
-3.70477
13.7822
-0.430111
-3.55229
9.7243
-0.308743
-2.31057
3.22972
0.299568
6.41686
50.2825
0.281099
6.34381
39.0187
0.262043
4.38415
21.1374
0.146771
6.36838
22.2299
0.0055088
4.29313
9.51702
0.0255654
1.88271
2.85236
0.10667
-0.146951
90.0107
-0.686843
-1.15834
1.34497
-0.115468
-6.50072
60.734
-1.17021
1.55441
1.27327
0.49002
12.6987
121.459
0.527679
-0.238279
-0.235151
0.150325
0.7677
0.275807
-0.169418
-0.698989
0.18005
-0.124457
-0.0523927
61.4483
-0.46006
-1.46925
1.50281
0.722095
1.2977
1.52078
-0.170472
0.00578134
-0.0707745
0.0680322
-6.53207
54.4785
-1.15728
-6.4494
43.3069
-1.12709
-6.16938
32.1844
-1.11956
-5.72353
21.508
-1.12339
-4.3426
12.7313
-0.885899
-3.04515
5.77943
-0.454004
6.35619
54.4506
0.285093
6.34044
43.2433
0.323154
6.15206
32.1334
0.368195
5.52329
21.74
0.505355
4.47439
12.5236
0.389411
3.26568
5.61888
0.546175
-9.72329
83.868
-1.71412
-6.40553
44.6997
-1.07799
-6.13876
33.5166
-0.974287
-4.48226
18.4469
-0.672182
-4.19621
13.7245
-0.498239
-2.8711
6.19575
-0.0247559
6.41307
55.8944
0.277954
6.38617
44.6553
0.276148
6.23676
33.4294
0.241393
5.46547
22.9683
0.119749
4.73565
13.5066
0.0281188
3.6706
6.0778
0.048633
-25.8528
198.475
-4.52654
-31.5699
192.142
-5.42283
-22.9057
106.264
-3.98191
-12.3146
44.7984
-2.24428
-14.4672
37.5829
-2.18566
-8.713
11.3977
-0.367106
25.3225
198.292
1.15185
24.8654
153.388
1.18458
18.7016
89.5696
1.24365
23.3912
81.8771
0.54484
15.766
37.0107
0.790186
9.2244
13.6215
1.73745
-0.234682
301.778
-2.53255
0.0595174
234.214
-2.37443
0.489266
186.905
-2.57036
0.364672
107.729
-1.41861
2.34519
56.7453
-0.938758
2.34904
13.3153
0.232804
-0.399838
293.217
-2.5126
-0.0171522
188.117
-1.96206
0.0159954
160.246
-2.53255
-0.78887
112.076
-2.09664
0.388934
52.0752
-0.910224
0.410975
16.679
0.124384
0.0364122
5.30622
0.00301403
0.0749736
2.34133
-0.106936
-0.32128
242.925
-1.81033
7.53405
6.60304
0.408327
0.0081925
-0.668807
-0.0538408
-3.87673
3.38055
0.467085
-22.7126
193.205
-4.03354
-25.6347
176.052
-4.43271
-24.5316
131.493
-4.25069
-30.382
119.427
-5.32432
-16.8013
53.2927
-3.04102
-12.0053
24.0494
-1.22426
28.5599
248.265
1.26069
31.4022
219.791
1.46824
24.2763
131.328
1.22558
21.2757
89.258
0.93356
17.907
52.3234
0.744526
13.1419
23.8399
1.05676
-0.357306
349.398
-2.72751
-0.0385285
223.238
-2.03545
0.312509
200.53
-2.2951
-0.119988
116.811
-2.11984
1.61121
80.8651
-1.50902
3.20368
35.3621
-0.134585
-0.437233
285.922
-2.28805
-0.25997
259.546
-2.42864
0.0920199
192.562
-2.34359
-0.330451
113.364
-1.54335
0.161245
74.4697
-1.42829
0.524177
32.6627
-0.395085
-5.50707
9.29613
0.482811
-3.21885
18.5599
-0.607996
