-3.35851
30.6454
-0.780602
4.84032
45.958
-0.0765429
0.303335
0.166271
0.0901616
-0.122525
-0.0235462
-0.0427657
-3.29234
31.369
-0.776648
4.93701
47.0587
-0.0849129
0.109792
0.00150922
-0.0553045
-0.203057
0.104279
0.0900072
-6.68372
49.9399
-1.45717
-6.51617
38.5086
-1.37759
-7.57619
34.0471
-1.68239
-3.86592
13.0985
-0.955414
-3.82368
9.16427
-0.755763
-2.25962
3.23644
-0.34443
6.46041
49.8929
-0.00606174
6.38077
38.4178
0.0950175
4.46629
20.6137
0.227995
6.36939
21.1033
0.305338
3.98344
8.9926
0.379162
2.45227
3.15148
0.723159
-6.56436
51.3684
-1.43183
-6.39492
39.8922
-1.28883
-6.67073
31.885
-1.23666
-3.75851
14.0533
-0.520839
-3.59768
9.90988
-0.374545
-2.33684
3.28923
0.281634
6.5933
51.3277
-0.0282591
6.51701
39.8201
0.0164844
4.50334
21.5651
0.00935371
6.54116
22.6676
-0.155545
4.40668
9.70245
-0.0463356
1.93374
2.91008
0.0905281
-0.203429
91.9292
-1.25308
-1.19222
1.37368
-0.126014
-6.64079
62.0176
-1.55184
1.5771
1.29663
0.488573
12.9752
124.026
-0.218248
-0.250698
-0.24107
0.151759
0.782919
0.282143
-0.171538
-0.711987
0.184538
-0.125152
-0.0164295
62.7361
-0.837604
-1.48628
1.52957
0.72207
1.33388
1.5539
-0.184536
0.00941136
-0.0724678
0.0676736
-6.70927
55.6375
-1.50734
-6.62408
44.2231
-1.41301
-6.3354
32.8595
-1.34268
-5.87541
21.9552
-1.28575
-4.45938
12.9963
-0.987318
-3.12834
5.90031
-0.501177
6.45836
55.6088
-0.0559879
6.44234
44.1575
0.0470141
6.25032
32.8068
0.157037
5.60866
22.1909
0.358989
4.53984
12.7827
0.297709
3.31217
5.7344
0.508968
-9.87821
85.6194
-2.2386
-6.50673
45.6235
-1.36272
-6.23397
34.199
-1.19379
-4.54978
18.8148
-0.798387
-4.25255
13.9899
-0.591666
-2.90601
6.31221
-0.0640909
6.58957
57.0616
-0.0633
6.56123
45.5786
-0.0011479
6.40611
34.111
0.0273187
5.61404
23.4281
-0.035219
4.86257
13.7709
-0.0711316
3.76653
6.19694
0.00223423
-26.4088
202.643
-5.79777
-32.245
196.137
-6.68754
-23.3885
108.443
-4.71857
-12.5693
45.705
-2.5643
-14.7593
38.329
-2.46385
-8.89018
11.6189
-0.446277
25.8735
202.455
-0.0846075
25.4037
156.577
0.206487
19.1026
91.4073
0.662742
23.8846
83.5317
-0.0512248
16.0951
37.7481
0.521293
9.42093
13.8846
1.67554
-0.0177505
308.05
-4.41374
0.276764
239.021
-3.86779
0.728615
190.677
-3.81712
0.557889
109.843
-2.15881
2.54748
57.8357
-1.35383
2.47547
13.5707
0.128022
-0.619328
299.438
-4.39391
-0.186025
192.078
-3.20995
-0.174435
163.586
-3.6578
-0.999802
114.401
-2.94525
0.252519
53.1535
-1.3274
0.315233
17.0195
-0.0124912
-0.0254394
5.40589
-0.0366508
0.103845
2.38593
-0.138238
-0.325299
248.059
-3.31963
7.69704
6.72744
0.377272
0.0106195
-0.683812
-0.0480728
-3.95515
3.44406
0.456657
-23.2016
197.277
-5.25827
-26.1847
179.733
-5.57434
-25.0521
134.209
-5.1365
-31.0184
121.856
-6.17841
-17.143
54.3594
-3.43371
-12.2471
24.5229
-1.39803
29.1818
253.497
-0.274715
32.0835
224.385
0.0851117
24.7998
134.041
0.376756
21.7272
91.0758
0.325379
18.2825
53.373
0.365053
13.4169
24.3103
0.893496
-0.133751
356.695
-4.88713
0.144885
227.851
-3.44258
0.531235
204.613
-3.598
0.0461566
119.145
-2.9221
1.81621
82.4345
-2.08729
3.40198
36.0367
-0.398169
-0.632365
292.004
-4.10263
-0.474214
265.034
-4.11627
-0.103145
196.598
-3.65057
-0.497103
115.715
-2.354
0.0041376
76.0131
-2.00948
0.408982
33.3382
-0.663663
-5.56741
9.47211
0.422441
-3.26933
18.9342
-0.735624
