-3.61659
32.4878
-1.35372
5.05863
48.7205
-0.914628
0.316843
0.173708
0.0958215
-0.131994
-0.0239194
-0.0473017
-3.43939
33.225
-1.34942
5.32196
49.8434
-0.923663
0.118454
0.00267206
-0.0606
-0.209132
0.107184
0.0949952
-7.19699
52.9278
-2.41203
-7.01431
40.7949
-2.14143
-8.15191
36.0456
-2.40856
-4.15839
13.8664
-1.25587
-4.11653
9.70046
-0.975517
-2.43784
3.42745
-0.424599
6.75163
52.8768
-0.932049
6.66778
40.6962
-0.636441
4.6632
21.8239
-0.17036
6.63545
22.3319
-0.148882
4.1429
9.51386
0.186983
2.54818
3.32838
0.682755
-6.85671
54.3824
-2.38486
-6.67523
42.2019
-2.04611
-6.95455
33.6973
-1.86764
-3.91031
14.8319
-0.794075
-3.72451
10.442
-0.573262
-2.40928
3.4597
0.225936
7.10683
54.3391
-0.955857
7.02104
42.1272
-0.720121
4.85007
22.7953
-0.403008
7.04357
23.9246
-0.638543
4.73653
10.2345
-0.262078
2.08213
3.07606
0.041854
-0.372203
97.4555
-2.95152
-1.29094
1.45581
-0.15788
-7.04511
65.7163
-2.69728
1.64095
1.36287
0.482986
13.7738
131.423
-2.45424
-0.287472
-0.25833
0.155587
0.826524
0.300389
-0.177359
-0.749126
0.197556
-0.126968
0.0914434
66.4481
-1.97003
-1.53318
1.60621
0.719404
1.43918
1.64954
-0.226242
0.0203593
-0.0773356
0.0663776
-7.22476
58.9755
-2.55823
-7.13215
46.8597
-2.2717
-6.81816
34.8006
-2.01286
-6.31674
23.2392
-1.77325
-4.79874
13.7561
-1.29189
-3.37017
6.24656
-0.643175
6.74956
58.9443
-1.07854
6.73268
46.7884
-0.781229
6.52999
34.7426
-0.476766
5.85098
23.4856
-0.0809822
4.72469
13.5255
0.0217391
3.443
6.06506
0.395991
-10.3194
90.6669
-3.81316
-6.79476
48.2844
-2.21795
-6.50445
36.1626
-1.85343
-4.74108
19.8722
-1.1779
-4.41074
14.7515
-0.873177
-3.00301
6.64593
-0.183649
7.1033
60.4255
-1.08636
7.07074
48.2375
-0.832776
6.89886
36.0721
-0.614974
6.04614
24.7496
-0.500176
5.23142
14.5293
-0.368898
4.04507
6.53889
-0.13704
-28.0132
214.648
-9.61495
-34.1926
207.635
-10.4868
-24.7797
114.705
-6.93176
-13.3024
48.308
-3.52594
-15.5981
40.4679
-3.30141
-9.39898
12.2516
-0.686908
27.4646
214.447
-3.79214
26.9577
165.755
-2.72786
20.2593
96.6902
-1.08183
25.3061
88.2819
-1.84003
17.0421
39.8623
-0.287274
9.98665
14.6371
1.48546
0.63296
326.122
-10.0585
0.928297
252.861
-8.35067
1.44613
201.522
-7.56096
1.13703
115.913
-4.3835
3.14958
60.9626
-2.60265
2.84983
14.3035
-0.188934
-1.27564
317.348
-10.039
-0.691899
203.471
-6.95606
-0.745621
173.185
-7.03623
-1.63064
121.07
-5.4952
-0.158344
56.2429
-2.58281
0.0258059
17.9912
-0.426457
-0.212073
5.68829
-0.15695
0.190791
2.51419
-0.232568
-0.336449
262.852
-7.84678
8.16638
7.08235
0.28349
0.0180451
-0.727056
-0.0304261
-4.18005
3.62557
0.422561
-24.6131
209.008
-8.93499
-27.7716
190.33
-9.00319
-26.5532
142.021
-7.79773
-32.8516
128.834
-8.74461
-18.1251
57.4192
-4.61432
-12.9415
25.8789
-1.9228
30.9779
268.569
-4.87782
34.0509
237.613
-4.06323
26.3106
141.846
-2.17064
23.0284
96.298
-1.50038
19.3636
56.3845
-0.774981
14.2078
25.658
0.401173
0.536923
377.722
-11.366
0.694885
241.136
-7.66575
1.18692
216.361
-7.51
0.545388
125.852
-5.3308
2.42799
86.9377
-3.82541
3.99012
37.9706
-1.1931
-1.21564
309.52
-9.54644
-1.11523
280.828
-9.18132
-0.688291
208.199
-7.57471
-0.996345
122.463
-4.78951
-0.467849
80.4385
-3.7568
0.0611002
35.2717
-1.47311
-5.73315
9.9761
0.236767
-3.41272
20.01
-1.11908
