-3.78133
33.6491
-1.73517
5.19378
50.4619
-1.47173
0.325184
0.178294
0.0994219
-0.138057
-0.0241202
-0.0502477
-3.53043
34.396
-1.73065
5.56771
51.6002
-1.48119
0.124004
0.00345387
-0.0640147
-0.212738
0.10891
0.0981103
-7.52464
54.8107
-3.04785
-7.33231
42.2349
-2.65016
-8.5195
37.3035
-2.8919
-4.34512
14.3496
-1.45561
-4.30372
10.0376
-1.12189
-2.55198
3.54747
-0.478092
6.9319
54.7571
-1.54779
6.84536
42.1311
-1.12314
4.78482
22.5855
-0.435845
6.79909
23.1047
-0.451665
4.24061
9.84147
0.0583422
2.60679
3.43914
0.654406
-7.03768
56.2835
-3.01951
-6.84849
43.6582
-2.55065
-7.1295
34.8393
-2.28818
-4.00348
15.322
-0.976626
-3.80137
10.7767
-0.706428
-2.45244
3.56704
0.187418
7.43469
56.2386
-1.57263
7.34283
43.5818
-1.21008
5.07147
23.5706
-0.677353
7.36445
24.716
-0.959503
4.9471
10.5694
-0.405501
2.17703
3.18097
0.00932738
-0.484121
100.939
-4.08123
-1.35431
1.50742
-0.179233
-7.30037
68.0488
-3.45965
1.68009
1.40402
0.478304
14.278
136.087
-3.94056
-0.31154
-0.269399
0.157757
0.853907
0.311932
-0.180798
-0.772379
0.205883
-0.12796
0.163128
68.79
-2.72325
-1.5611
1.65452
0.7156
1.50664
1.71034
-0.253556
0.02768
-0.0803939
0.0653454
-7.55381
61.0793
-3.25783
-7.45649
48.5208
-2.84357
-7.12636
36.0227
-2.45918
-6.59836
24.0472
-2.09769
-5.01554
14.2341
-1.49458
-3.52488
6.46424
-0.737929
6.92983
61.0465
-1.75836
6.91238
48.4458
-1.33214
6.70294
35.9613
-0.898692
6.00043
24.3002
-0.37439
4.83815
13.9927
-0.162478
3.52304
6.27269
0.3198
-10.5926
93.851
-4.86142
-6.97294
49.9624
-2.78762
-6.67147
37.4004
-2.29304
-4.85889
20.5383
-1.43098
-4.50715
15.2307
-1.06135
-3.0614
6.85585
-0.264367
7.43127
62.5475
-1.7665
7.39604
49.9143
-1.38584
7.21342
37.3083
-1.04227
6.3221
25.5821
-0.809394
5.46695
15.0067
-0.566846
4.22286
6.7544
-0.229648
-29.026
222.217
-12.1568
-35.4217
214.88
-13.0176
-25.6572
118.649
-8.40603
-13.7643
49.9462
-4.1665
-16.1261
41.8129
-3.86055
-9.71936
12.6492
-0.849333
28.4692
222.006
-6.25742
27.9385
171.539
-4.68004
20.989
100.017
-2.24386
26.2024
91.2718
-3.02988
17.6389
41.192
-0.826315
10.3438
15.1093
1.35573
1.06534
337.521
-13.8145
1.36099
261.587
-11.3348
1.92235
208.357
-10.0537
1.52146
119.734
-5.86614
3.54568
62.9302
-3.43573
3.09471
14.7658
-0.40164
-1.71133
328.634
-13.7954
-1.02863
210.646
-9.44983
-1.12633
179.225
-9.28517
-2.04916
125.265
-7.19402
-0.433336
58.1848
-3.42053
-0.168579
18.6001
-0.704274
-0.337063
5.86373
-0.237937
0.248832
2.59557
-0.295601
-0.343485
272.182
-10.858
8.46293
7.30462
0.220731
0.023108
-0.754345
-0.0184215
-4.32151
3.73964
0.397692
-25.5043
216.406
-11.3827
-28.7732
197.009
-11.2869
-27.5002
146.942
-9.57055
-34.0075
133.227
-10.454
-18.7434
59.3439
-5.40115
-13.3785
26.7314
-2.27437
32.1119
278.073
-7.93803
35.2928
245.952
-6.8223
27.2639
146.762
-3.86599
23.849
99.5855
-2.71559
20.0451
58.2792
-1.53426
14.7064
26.5053
0.0719073
0.982714
390.987
-15.6763
1.06013
249.514
-10.4765
1.6221
223.765
-10.1146
0.877854
130.077
-6.934
2.83173
89.7714
-4.98363
4.37546
39.188
-1.72481
-1.60261
320.56
-13.1681
-1.54117
290.778
-12.5524
-1.07822
215.504
-10.1873
-1.32839
126.709
-6.41207
-0.782862
83.2214
-4.92156
-0.172389
36.4861
-2.01416
-5.83139
10.2936
0.109746
-3.50132
20.6876
-1.37453
