-3.93969
34.7542
-2.1153
5.31988
52.1189
-2.02661
0.333009
0.182595
0.102883
-0.143921
-0.0242814
-0.0531291
-3.61547
35.5109
-2.11056
5.80385
53.2728
-2.03646
0.129374
0.00424008
-0.0673337
-0.216012
0.110483
0.101062
-7.83964
56.6023
-3.68161
-7.63811
43.6054
-3.15726
-8.87324
38.501
-3.3733
-4.52495
14.81
-1.65429
-4.48435
10.3591
-1.26769
-2.66236
3.662
-0.531433
7.10009
56.5463
-2.16121
7.01103
43.4968
-1.60822
4.89823
23.3105
-0.700768
6.95133
23.8408
-0.753764
4.33138
10.1537
-0.0703904
2.66123
3.54449
0.625065
-7.20669
58.0938
-3.65216
-7.01017
45.0452
-3.05376
-7.29249
35.9275
-2.70756
-4.0901
15.789
-1.159
-3.87218
11.0959
-0.839722
-2.49168
3.66971
0.147993
7.74973
58.0472
-2.18701
7.65209
44.9672
-1.69822
5.28442
24.3093
-0.950663
7.6734
25.4703
-1.27883
5.14992
10.889
-0.548206
2.26864
3.28149
-0.023146
-0.595516
104.254
-5.20671
-1.41572
1.55673
-0.200587
-7.54328
70.2688
-4.2194
1.71657
1.44293
0.472929
14.7575
140.527
-5.42089
-0.335205
-0.280097
0.159632
0.879964
0.322992
-0.183894
-0.794462
0.213947
-0.128785
0.234439
71.0196
-3.47363
-1.5865
1.70083
0.710308
1.57189
1.76891
-0.280406
0.0349934
-0.0832946
0.0641936
-7.87014
63.0812
-3.9551
-7.76836
50.1015
-3.41362
-7.42282
37.186
-2.90397
-6.86928
24.8166
-2.42078
-5.22454
14.6896
-1.69636
-3.67429
6.67187
-0.832431
7.09802
63.0469
-2.4355
7.08002
50.023
-1.88109
6.86427
37.1214
-1.31935
6.13968
25.0756
-0.667311
4.9436
14.4377
-0.346456
3.59738
6.47052
0.243137
-10.8478
96.8828
-5.90624
-7.1393
51.5605
-3.35559
-6.82724
38.5795
-2.73146
-4.96862
21.173
-1.68345
-4.59632
15.6875
-1.24937
-3.11493
7.05615
-0.345598
7.74642
64.568
-2.44394
7.70866
51.5112
-1.9368
7.51578
38.4859
-1.46798
6.58768
26.3755
-1.1173
5.69376
15.4619
-0.763827
4.39415
6.96035
-0.321792
-29.9898
229.422
-14.6904
-36.5915
221.778
-15.5408
-26.4922
122.405
-9.87548
-14.204
51.5069
-4.80481
-16.6289
43.0951
-4.41851
-10.0248
13.0286
-1.01272
29.4246
229.203
-8.71324
28.8713
177.045
-6.62533
21.6832
103.185
-3.40279
27.0557
94.1211
-4.21472
18.2074
42.4598
-1.36394
10.6848
15.5593
1.22409
1.49538
348.375
-17.5572
1.79103
269.898
-14.3089
2.39537
214.868
-12.538
1.90344
123.375
-7.34468
3.93637
64.8068
-4.26681
3.33528
15.2085
-0.614725
-2.14547
339.374
-17.5386
-1.36502
217.475
-11.9354
-1.50693
184.976
-11.5261
-2.46566
129.261
-8.88759
-0.708923
60.0359
-4.2565
-0.363713
19.1798
-0.982636
-0.462179
6.02992
-0.319249
0.30674
2.67406
-0.358549
-0.350512
281.061
-13.858
8.74644
7.51624
0.158014
0.0282493
-0.780347
-0.00627115
-4.45633
3.8487
0.371337
-26.3523
223.447
-13.8222
-29.7264
203.368
-13.5636
-28.4014
151.629
-11.3378
-35.1074
137.412
-12.1575
-19.332
61.178
-6.18542
-13.7949
27.5444
-2.62611
33.1904
287.12
-10.9862
36.4738
253.889
-9.5712
28.1707
151.444
-5.55573
24.6299
102.717
-3.92657
20.6941
60.0852
-2.29107
15.1816
27.3132
-0.257247
1.42628
403.617
-19.9708
1.42315
257.493
-13.2775
2.05431
230.819
-12.7106
1.20911
134.103
-8.53112
3.23091
92.4727
-6.13829
4.7544
40.3504
-2.25625
-1.98797
331.065
-16.7766
-1.96597
300.247
-15.912
-1.4681
222.456
-12.7913
-1.6596
130.751
-8.02986
-1.09795
85.8735
-6.08307
-0.406789
37.6437
-2.55471
-5.92025
10.5976
-0.0192734
-3.58411
21.3333
-1.62915
