-4.09127
35.8007
-2.49338
5.43634
53.688
-2.57849
0.340333
0.186621
0.106204
-0.149584
-0.024402
-0.0559431
-3.69419
36.5671
-2.48843
6.02964
54.8575
-2.5887
0.134563
0.00502959
-0.0705539
-0.218973
0.111915
0.103854
-8.14119
58.2997
-4.31203
-7.93098
44.9048
-3.66158
-9.2124
39.6376
-3.85159
-4.69761
15.2476
-1.85137
-4.6583
10.6654
-1.41249
-2.76894
3.77135
-0.58444
7.2554
58.2414
-2.77143
7.16408
44.7916
-2.09094
5.00303
23.9985
-0.964729
7.09185
24.5408
-1.05464
4.41518
10.4508
-0.198952
2.71157
3.64468
0.594842
-7.36311
59.8098
-4.28154
-7.15973
46.3609
-3.55433
-7.4431
36.9609
-3.1248
-4.17005
16.2328
-1.34074
-3.93702
11.3999
-0.972749
-2.52715
3.76796
0.107854
8.051
59.7617
-2.79812
7.94793
46.2814
-2.18378
5.48839
25.0108
-1.22247
7.96986
26.1876
-1.59587
5.34473
11.1936
-0.689878
2.35689
3.37777
-0.0554751
-0.706345
107.393
-6.32609
-1.47518
1.60389
-0.221858
-7.77309
72.3718
-4.97508
1.75045
1.47975
0.466916
15.2105
144.732
-6.89321
-0.358427
-0.290402
0.161225
0.904715
0.33358
-0.186656
-0.815404
0.22176
-0.129445
0.305227
73.1321
-4.21994
-1.60948
1.74533
0.703656
1.6349
1.82537
-0.306734
0.0422772
-0.0860323
0.0629353
-8.17292
64.9773
-4.64867
-8.06696
51.5996
-3.98064
-7.70689
38.2895
-3.34621
-7.12899
25.5476
-2.74166
-5.42554
15.1231
-1.89666
-3.81835
6.86987
-0.92638
7.25335
64.9416
-3.10904
7.23486
51.5178
-2.42727
7.01334
38.2218
-1.73809
6.26833
25.812
-0.959292
5.04093
14.8611
-0.529848
3.66605
6.65891
0.166183
-11.084
99.7558
-6.94556
-7.29323
53.0758
-3.92067
-6.97128
39.6985
-3.1677
-5.07005
21.7763
-1.9347
-4.67824
16.122
-1.43674
-3.16371
7.24715
-0.42706
8.04777
66.4827
-3.11775
8.00766
53.0254
-2.48486
7.8051
39.6035
-1.89143
6.84232
27.1295
-1.42332
5.91151
15.8951
-0.959428
4.55877
7.157
-0.413253
-30.9018
236.249
-17.2108
-37.6985
228.32
-18.0507
-27.2828
125.972
-11.3366
-14.6208
52.9903
-5.43919
-17.1063
44.316
-4.97365
-10.3155
13.3909
-1.17644
30.3273
236.023
-11.1561
29.753
182.267
-8.5608
22.3401
106.193
-4.55677
27.8643
96.8309
-5.39227
18.7469
43.6671
-1.89902
11.0096
15.9878
1.09096
1.92215
358.664
-21.2802
2.21735
277.781
-17.2675
2.86397
221.053
-15.0089
2.28207
126.836
-8.8159
4.32066
66.5945
-5.09381
3.57106
15.6326
-0.82754
-2.57798
349.548
-21.2621
-1.7011
223.95
-14.4081
-1.88737
190.434
-13.7545
-2.87976
133.061
-10.5721
-0.984837
61.7987
-5.08863
-0.559233
19.7323
-1.26072
-0.587129
6.18768
-0.400611
0.364343
2.74998
-0.42123
-0.35776
289.472
-16.8418
9.01693
7.71787
0.0955123
0.0334551
-0.805019
0.00598198
-4.5846
3.95316
0.343718
-27.1546
230.118
-16.2489
-30.6284
209.396
-15.8283
-29.2545
156.075
-13.0956
-36.1493
141.388
-13.8508
-19.8904
62.9228
-6.96492
-14.1906
28.3194
-2.97688
34.2094
295.691
-14.018
37.5899
261.414
-12.3059
29.028
155.886
-7.2372
25.3692
105.692
-5.13118
21.3094
61.8035
-3.04391
15.6332
28.0831
-0.585528
1.86669
415.586
-24.2425
1.7831
265.059
-16.064
2.48245
237.513
-15.293
1.53839
137.929
-10.1187
3.62447
95.0431
-7.28666
5.12607
41.4598
-2.78598
-2.3716
341.016
-20.3659
-2.3896
309.221
-19.2541
-1.85794
229.051
-15.3817
-1.98978
134.59
-9.63951
-1.41291
88.3974
-7.23862
-0.641773
38.747
-3.09331
-6.00011
10.8891
-0.149726
-3.66089
21.9466
-1.88237
