-4.16439
36.3013
-2.68142
5.49079
54.4387
-2.85309
0.343811
0.188534
0.107811
-0.15234
-0.0244467
-0.057324
-3.73108
37.0725
-2.67637
6.13845
55.6157
-2.86347
0.137089
0.00542517
-0.0721261
-0.220342
0.11258
0.105191
-8.28667
59.1122
-4.62557
-8.07235
45.5274
-3.91234
-9.37631
40.1829
-4.08918
-4.78117
15.458
-1.94914
-4.74272
10.8129
-1.48437
-2.82079
3.82417
-0.610757
7.32801
59.0528
-3.07508
7.23566
45.412
-2.33122
5.05208
24.3285
-1.09623
7.15761
24.8773
-1.20447
4.45445
10.5939
-0.263091
2.73523
3.69293
0.579432
-7.43641
60.6314
-4.59459
-7.22979
46.9914
-3.80332
-7.51364
37.4568
-3.33231
-4.20749
16.446
-1.43122
-3.96722
11.5462
-1.03903
-2.54351
3.81549
0.0875793
8.19618
60.5826
-3.1022
8.09055
46.9112
-2.42537
5.58686
25.3473
-1.35766
8.11323
26.5324
-1.75334
5.43906
11.3403
-0.760234
2.39974
3.42434
-0.0715595
-0.761531
108.895
-6.88293
-1.50416
1.62671
-0.232435
-7.88287
73.3779
-5.35094
1.76644
1.49742
0.463686
15.4266
146.745
-7.62576
-0.369859
-0.2954
0.161919
0.916605
0.338699
-0.187916
-0.825455
0.225575
-0.129714
0.340383
74.1429
-4.59119
-1.6201
1.76693
0.699861
1.66555
1.85283
-0.319687
0.045901
-0.0873388
0.0622702
-8.31898
65.8847
-4.99362
-8.21106
52.317
-4.26263
-7.84407
38.8185
-3.56604
-7.25449
25.8987
-2.90101
-5.52297
15.3317
-1.99607
-3.88835
6.96538
-0.973047
7.32596
65.8483
-3.44417
7.30725
52.2336
-2.6991
7.0831
38.7492
-1.94655
6.32856
26.1655
-1.10479
5.08651
15.0648
-0.621221
3.69827
6.74967
0.12765
-11.1947
101.131
-7.46251
-7.36535
53.8016
-4.20174
-7.03876
40.2351
-3.38469
-5.11757
22.0659
-2.05966
-4.71649
16.3309
-1.53002
-3.18637
7.33923
-0.467785
8.193
67.3991
-3.45301
8.15178
53.7507
-2.75755
7.94462
40.1395
-2.10209
6.96537
27.4916
-1.57546
6.01687
16.1035
-1.05659
4.63854
7.2519
-0.458665
-31.3374
239.518
-18.4643
-38.2276
231.454
-19.2988
-27.6609
127.683
-12.0629
-14.8204
53.703
-5.75435
-17.3355
44.9038
-5.24962
-10.4553
13.5659
-1.25822
30.758
239.288
-12.3717
30.1737
184.77
-9.52397
22.6539
107.636
-5.13136
28.2513
98.1335
-5.97763
19.0056
44.2484
-2.16527
11.1659
16.1943
1.02395
2.13404
363.591
-23.1323
2.42881
281.559
-18.7392
3.09625
224.021
-16.2378
2.46986
128.499
-9.54775
4.51011
67.4555
-5.50512
3.687
15.8379
-0.933643
-2.79359
354.419
-23.1144
-1.86901
227.052
-15.6382
-2.07747
193.052
-14.8625
-3.08579
134.888
-11.4098
-1.12282
62.6478
-5.5026
-0.657019
19.9989
-1.39939
-0.649447
6.26365
-0.44122
0.392978
2.78705
-0.452412
-0.361528
293.497
-18.3261
9.14729
7.81512
0.0643891
0.0360768
-0.816845
0.0121331
-4.64631
4.00377
0.329509
-27.5378
233.311
-17.4558
-31.0593
212.283
-16.9547
-29.6624
158.207
-13.9695
-36.6477
143.297
-14.6923
-20.1582
63.762
-7.35216
-14.3807
28.693
-3.15152
34.6955
299.793
-15.5265
38.1224
265.018
-13.6667
29.4372
158.016
-8.07404
25.7228
107.12
-5.73045
21.6042
62.6301
-3.41838
15.85
28.4542
-0.749119
2.08546
421.315
-26.3675
1.96168
268.683
-17.4502
2.69467
240.724
-16.5776
1.70207
139.767
-10.9079
3.81883
96.2795
-7.85763
5.30892
41.995
-3.04974
-2.56273
345.777
-22.1514
-2.60095
313.518
-20.9167
-2.05284
232.213
-16.6701
-2.1544
136.433
-10.4402
-1.57025
89.612
-7.8133
-0.759374
39.2789
-3.36142
-6.03677
11.0303
-0.215304
-3.69697
22.241
-2.00825
