-4.30506
37.2562
-3.05504
5.59181
55.8706
-3.39916
0.350405
0.192166
0.110916
-0.157699
-0.0245047
-0.0600314
-3.79975
38.0366
-3.0498
6.34753
57.0621
-3.40984
0.142001
0.00621695
-0.0751925
-0.222865
0.113816
0.107751
-8.56662
60.6631
-5.24847
-8.34457
46.7172
-4.41033
-9.69237
41.2272
-4.56051
-4.9426
15.8619
-2.14275
-4.90637
11.097
-1.62679
-2.9216
3.92624
-0.662893
7.46274
60.6017
-3.67899
7.36859
46.5976
-2.80916
5.1433
24.9602
-1.35803
7.28
25.5235
-1.50259
4.52773
10.8692
-0.39094
2.77954
3.78584
0.54807
-7.57285
62.1999
-5.21658
-7.36022
48.1966
-4.29798
-7.64494
38.4065
-3.74444
-4.27723
16.8548
-1.61109
-4.02323
11.8276
-1.17086
-2.57357
3.90748
0.0467526
8.47517
62.1496
-3.70686
8.36473
48.115
-2.90574
5.77648
25.9918
-1.62638
8.38997
27.1942
-2.06584
5.6214
11.6226
-0.899814
2.48282
3.51442
-0.10352
-0.871403
111.759
-7.98977
-1.56064
1.67094
-0.253413
-8.09178
75.297
-6.09774
1.79655
1.53136
0.456804
15.8372
150.582
-9.08247
-0.392338
-0.305073
0.163113
0.939422
0.348594
-0.1902
-0.844727
0.233027
-0.13013
0.410142
76.071
-5.32911
-1.63966
1.80893
0.691413
1.72513
1.90623
-0.345139
0.053099
-0.0898248
0.0608755
-8.59999
67.6158
-5.67899
-8.48842
53.6871
-4.82276
-8.10839
39.8305
-4.00244
-7.4965
26.5718
-3.21698
-5.71156
15.7328
-2.19301
-4.02422
7.14957
-1.06556
7.46069
67.5782
-4.11065
7.44163
53.6006
-3.23975
7.21271
39.7582
-2.3613
6.44063
26.843
-1.39456
5.17143
15.4563
-0.803127
3.7585
6.92449
0.0505715
-11.4008
103.755
-8.48965
-7.4996
55.188
-4.76018
-7.1644
41.2616
-3.81576
-5.20613
22.6212
-2.30784
-4.78753
16.7322
-1.71539
-3.22826
7.51665
-0.549025
8.47204
69.1478
-4.11971
8.42877
55.136
-3.29981
8.21295
41.1648
-2.52092
7.20264
28.1855
-1.87766
6.2204
16.504
-1.2494
4.79286
7.43496
-0.548735
-32.1666
245.757
-20.9548
-39.2351
237.445
-21.7781
-28.3817
130.959
-13.5048
-15.2017
55.0702
-6.3795
-17.7746
46.0349
-5.79719
-10.7238
13.9042
-1.42116
31.5761
245.52
-14.789
30.9734
189.552
-11.4395
23.2513
110.398
-6.27464
28.9899
100.634
-7.14023
19.5007
45.3667
-2.69456
11.4662
16.5922
0.889248
2.55433
372.995
-26.8136
2.84777
288.78
-21.6642
3.55611
229.704
-18.6791
2.8419
131.691
-11.0019
4.88306
69.1123
-6.32203
3.9147
16.2354
-1.14484
-3.22337
363.715
-26.7964
-2.20452
232.982
-18.083
-2.45733
198.066
-17.0634
-3.49553
138.397
-13.0735
-1.39864
64.2828
-6.32501
-0.852394
20.5135
-1.67547
-0.773574
6.4102
-0.522113
0.449809
2.85952
-0.514342
-0.369446
301.172
-21.2766
9.39819
8.00279
0.00247579
0.0413455
-0.839454
0.0244557
-4.76492
4.10194
0.30045
-28.2672
239.402
-19.8538
-31.8797
217.797
-19.1924
-30.4393
162.284
-15.705
-37.5983
146.958
-16.362
-20.6706
65.3742
-8.12017
-14.7454
29.413
-3.49852
35.6189
307.619
-18.5265
39.1342
271.901
-16.373
30.2156
162.09
-9.73842
26.3968
109.858
-6.92174
22.1676
64.2186
-4.16262
16.2656
29.1689
-1.07479
2.51963
432.246
-30.5913
2.31559
275.605
-20.2053
3.1148
246.865
-19.1302
2.02708
143.29
-12.4748
4.20216
98.6551
-8.99142
5.66816
43.0273
-3.57412
-2.94348
354.861
-25.7006
-3.02261
321.726
-24.2214
-2.4425
238.261
-19.2306
-2.48253
139.966
-12.0313
-1.8845
91.9477
-8.95472
-0.994558
40.3045
-3.89436
-6.10375
11.3044
-0.346775
-3.76443
22.8052
-2.25819
