-4.37253
37.71
-3.24043
5.63829
56.551
-3.67046
0.353524
0.193886
0.112413
-0.160302
-0.0245177
-0.0613568
-3.83148
38.4948
-3.23509
6.44765
57.7495
-3.68129
0.144386
0.00661268
-0.0766859
-0.224024
0.114389
0.108974
-8.70092
61.4009
-5.5575
-8.47526
47.2842
-4.65726
-9.84437
41.7261
-4.79393
-5.02042
16.0554
-2.23846
-4.98556
11.2337
-1.69721
-2.97053
3.97554
-0.688659
7.52472
61.3386
-3.97906
7.42982
47.1626
-3.04668
5.18539
25.2619
-1.48825
7.33656
25.8332
-1.65077
4.56173
11.0015
-0.454594
2.8002
3.83056
0.532141
-7.63588
62.9459
-5.52519
-7.42047
48.7707
-4.54335
-7.70563
38.86
-3.94879
-4.30951
17.0504
-1.70035
-4.04905
11.9628
-1.23629
-2.58729
3.95195
0.0262534
8.60879
62.8951
-4.00727
8.49611
48.6885
-3.14436
5.86753
26.2995
-1.75979
8.52321
27.5111
-2.22072
5.70936
11.7582
-0.968972
2.52304
3.55793
-0.11938
-0.92607
113.121
-8.53931
-1.58812
1.69237
-0.26379
-8.19077
76.2091
-6.46831
1.81068
1.54765
0.453163
16.0312
152.406
-9.80619
-0.403373
-0.309742
0.163615
0.950351
0.353372
-0.191228
-0.853951
0.236664
-0.130276
0.444717
76.9873
-5.69549
-1.64863
1.82933
0.686793
1.75404
1.93218
-0.357629
0.0566676
-0.0910039
0.0601489
-8.73479
68.4389
-6.01904
-8.62152
54.3393
-5.10059
-8.23538
40.3132
-4.21874
-7.6129
26.8939
-3.37337
-5.80267
15.9254
-2.2904
-4.09006
7.23833
-1.11132
7.52266
68.4007
-4.44178
7.50347
54.2515
-3.50841
7.27246
40.2395
-2.56744
6.4924
27.167
-1.53873
5.21074
15.6442
-0.893586
3.78651
7.00861
0.0120627
-11.4959
105.002
-8.9993
-7.56162
55.8479
-5.03723
-7.22246
41.7511
-4.02956
-5.24712
22.8867
-2.4309
-4.82032
16.9245
-1.80734
-3.24751
7.60202
-0.589461
8.60568
69.9792
-4.45094
8.56147
55.7955
-3.56918
8.34159
41.6538
-2.72893
7.31674
28.5173
-2.0276
6.31848
16.696
-1.34497
4.86738
7.52313
-0.59335
-32.5596
248.725
-22.1904
-39.7129
240.299
-23.0076
-28.7239
132.524
-14.2193
-15.3832
55.7246
-6.68903
-17.9845
46.5783
-6.06834
-10.8525
14.0675
-1.50215
31.963
248.485
-15.99
31.3519
191.831
-12.3912
23.5346
111.716
-6.84293
29.3412
101.832
-7.717
19.7369
45.904
-2.95736
11.6102
16.7837
0.821637
2.76255
377.468
-28.6412
3.05507
292.22
-23.116
3.78343
232.418
-19.8903
3.02595
133.218
-11.7234
5.06636
69.9083
-6.7271
4.02633
16.4277
-1.24977
-3.43749
368.138
-28.6244
-2.37207
235.807
-19.2966
-2.64701
200.461
-18.1551
-3.69913
140.079
-13.8987
-1.53638
65.0691
-6.73293
-0.949879
20.7619
-1.81267
-0.835306
6.48093
-0.562321
0.477964
2.89494
-0.545043
-0.373624
304.82
-22.7415
9.51872
8.09332
-0.028288
0.043987
-0.850229
0.0306156
-4.82182
4.14955
0.285663
-28.6128
242.298
-21.0436
-32.2686
220.422
-20.3023
-30.808
164.229
-16.5654
-38.0501
148.708
-17.189
-20.915
66.1473
-8.50032
-14.9199
29.7596
-3.67054
36.0555
311.34
-20.0169
39.6128
275.178
-17.7176
30.5841
164.033
-10.5654
26.7168
111.167
-7.5133
22.4359
64.9805
-4.53206
16.4642
29.5128
-1.23671
2.73487
437.443
-32.6884
2.49075
278.9
-21.573
3.32249
249.794
-20.397
2.18825
144.974
-13.2517
4.3909
99.7941
-9.55356
5.84435
43.5244
-3.83439
-3.13303
359.181
-27.4628
-3.23287
325.633
-25.8619
-2.63721
241.147
-20.5013
-2.64595
141.656
-12.8209
-2.04132
93.0691
-9.52078
-1.11204
40.7986
-4.15882
-6.13413
11.4373
-0.412511
-3.79577
23.0748
-2.38208
