-4.43804
38.1478
-3.42475
5.68201
57.2075
-3.9405
0.356525
0.195544
0.113873
-0.162852
-0.02452
-0.0626627
-3.86142
38.9367
-3.41932
6.54476
58.4125
-3.95145
0.146724
0.00700796
-0.0781522
-0.225115
0.114931
0.11016
-8.83135
62.1133
-5.86467
-8.60225
47.8323
-4.9026
-9.99226
42.2093
-5.02565
-5.09625
16.2432
-2.33333
-5.06297
11.3667
-1.76703
-3.01847
4.02371
-0.714187
7.58303
62.05
-4.27774
7.48747
47.7089
-3.28312
5.22511
25.5539
-1.61795
7.38999
26.134
-1.79828
4.59396
11.1303
-0.518033
2.81989
3.87415
0.516057
-7.69537
63.6661
-5.83196
-7.47736
49.3255
-4.78723
-7.76296
39.2991
-4.15184
-4.34004
17.2401
-1.78908
-4.07342
12.0942
-1.30133
-2.60015
3.99541
0.00573263
8.73839
63.6146
-4.30626
8.62358
49.2428
-3.38182
5.95601
26.5973
-1.89251
8.65296
27.8186
-2.37462
5.79514
11.8901
-1.03767
2.56236
3.60042
-0.135148
-0.980543
114.434
-9.08596
-1.61509
1.71336
-0.274077
-8.28602
77.0888
-6.83674
1.8242
1.5635
0.449392
16.2177
154.166
-10.5265
-0.414266
-0.314295
0.164056
0.96096
0.358036
-0.192182
-0.862901
0.240242
-0.130382
0.479073
77.8711
-6.05994
-1.65707
1.84935
0.681932
1.78235
1.95763
-0.369953
0.0602125
-0.0921401
0.0594046
-8.86567
69.2332
-6.35709
-8.75082
54.9694
-5.37671
-8.35884
40.7802
-4.43358
-7.72616
27.2062
-3.52856
-5.89161
16.1126
-2.38695
-4.15449
7.32489
-1.15669
7.58096
69.1945
-4.77138
7.56167
54.8802
-3.77584
7.32877
40.7052
-2.77267
6.54127
27.481
-1.68235
5.24794
15.8269
-0.983668
3.81312
7.09056
-0.0264028
-11.5858
106.206
-9.50598
-7.62016
56.4853
-5.31262
-7.2773
42.2246
-4.24205
-5.28589
23.144
-2.55314
-4.85129
17.1112
-1.89872
-3.26566
7.68515
-0.629719
8.73529
70.7813
-4.78061
8.69018
56.4324
-3.83728
8.46646
42.1268
-2.93591
7.42774
28.8388
-2.17669
6.41405
16.8825
-1.43992
4.94011
7.60907
-0.637658
-32.9378
251.59
-23.4185
-40.1731
243.058
-24.2294
-29.0539
134.039
-14.929
-15.5586
56.3594
-6.99622
-18.1878
47.107
-6.33741
-10.9775
14.2271
-1.58268
32.3347
251.347
-17.1854
31.7156
194.034
-13.3384
23.8073
112.993
-7.40872
29.6802
102.996
-8.29043
19.9654
46.4265
-3.21878
11.75
16.9703
0.753898
2.96939
381.787
-30.4591
3.26078
295.545
-24.5598
4.00887
235.046
-21.0943
3.20859
134.7
-12.4407
5.2474
70.6825
-7.12959
4.13642
16.6156
-1.35416
-3.65103
372.408
-30.4426
-2.53946
238.539
-20.5035
-2.83647
202.781
-19.2402
-3.90179
141.712
-14.7188
-1.67394
65.8347
-7.13831
-1.04716
21.0044
-1.94916
-0.896765
6.55006
-0.602322
0.505918
2.92983
-0.575538
-0.37796
308.339
-24.1987
9.63595
8.18167
-0.0589087
0.0466293
-0.860648
0.0367669
-4.87713
4.1962
0.27075
-28.9454
245.093
-22.2264
-32.643
222.958
-21.4055
-31.1632
166.111
-17.4202
-38.4859
150.406
-18.0101
-21.1516
66.8983
-8.87751
-15.0892
30.0973
-3.84136
36.4749
314.931
-21.5004
40.0727
278.343
-19.0559
30.9386
165.913
-11.3884
27.0253
112.436
-8.10183
22.6951
65.7208
-4.89951
16.6567
29.8477
-1.39793
2.94877
442.457
-34.7745
2.66463
282.082
-22.9334
3.52847
252.627
-21.6567
2.34843
146.607
-14.0236
4.57757
100.901
-10.1121
6.01813
44.0089
-4.09313
-3.322
363.349
-29.2156
-3.44269
329.408
-27.4936
-2.83179
243.938
-21.7648
-2.80888
143.294
-13.6059
-2.19787
94.1598
-10.0833
-1.22938
41.2804
-4.42169
-6.16247
11.5675
-0.47814
-3.8255
23.336
-2.50515
