-4.50155
38.5694
-3.60789
5.72294
57.8397
-4.20919
0.359408
0.19714
0.115295
-0.165349
-0.0245114
-0.0639486
-3.88955
39.3621
-3.60238
6.63879
59.0508
-4.22027
0.149013
0.00740251
-0.0795909
-0.22614
0.115444
0.11131
-8.95783
62.7999
-6.16982
-8.72548
48.3614
-5.14622
-10.136
42.6768
-5.25551
-5.17009
16.4254
-2.42731
-5.13856
11.4962
-1.83618
-3.0654
4.07078
-0.739453
7.63762
62.7358
-4.57494
7.5415
48.2361
-3.51841
5.26241
25.8364
-1.74709
7.44028
26.426
-1.94509
4.62442
11.2555
-0.581231
2.83859
3.91662
0.499828
-7.75128
64.3601
-6.13675
-7.53084
49.8609
-5.02945
-7.81689
39.7236
-4.35343
-4.36882
17.4238
-1.87719
-4.09633
12.2218
-1.36591
-2.61216
4.03787
-0.014783
8.86388
64.308
-4.60374
8.74708
49.7777
-3.61804
6.04187
26.8853
-2.0245
8.77916
28.1166
-2.52746
5.8787
12.0183
-1.10588
2.60077
3.64188
-0.150819
-1.03481
115.699
-9.62951
-1.64154
1.73391
-0.28426
-8.37749
77.9359
-7.20283
1.83712
1.57893
0.445496
16.3964
155.86
-11.2432
-0.425009
-0.318729
0.164438
0.971249
0.362587
-0.193064
-0.871577
0.24376
-0.130446
0.513198
78.7219
-6.42231
-1.66499
1.86897
0.676843
1.81007
1.98257
-0.382109
0.063731
-0.0932335
0.0586439
-8.99258
69.9984
-6.69297
-8.87624
55.5772
-5.65095
-8.47871
41.2315
-4.64684
-7.83623
27.5088
-3.68242
-5.97835
16.2945
-2.4826
-4.21748
7.40928
-1.20163
7.63554
69.9592
-5.09933
7.61618
55.4867
-4.04197
7.3816
41.1551
-2.97692
6.58723
27.7852
-1.82538
5.28302
16.0043
-1.07334
3.83832
7.17037
-0.0648088
-11.6702
107.365
-10.0094
-7.67518
57.0998
-5.58619
-7.32887
42.6818
-4.45306
-5.32241
23.3931
-2.67449
-4.88043
17.2924
-1.98943
-3.28269
7.76605
-0.669759
8.86079
71.5539
-5.10864
8.81486
57.0465
-4.10401
8.58748
42.5836
-3.14178
7.5356
29.15
-2.32488
6.50708
17.0635
-1.53421
5.01102
7.69275
-0.681641
-33.301
254.352
-24.6387
-40.6152
245.72
-25.4428
-29.3713
135.504
-15.6333
-15.7277
56.9746
-7.30085
-18.3846
47.6208
-6.60417
-11.0988
14.3829
-1.66267
32.6909
254.106
-18.3748
32.0645
196.16
-14.2809
24.0694
114.227
-7.97182
30.0068
104.123
-8.8603
20.1862
46.9345
-3.47872
11.8856
17.1519
0.686062
3.17477
385.948
-32.2664
3.46483
298.754
-25.995
4.23232
237.587
-22.2906
3.38972
136.136
-13.1533
5.42609
71.4348
-7.52922
4.2449
16.7992
-1.45793
-3.86396
376.524
-32.2504
-2.70663
241.176
-21.7032
-3.02565
205.025
-20.3182
-4.10345
143.297
-15.5332
-1.81126
66.5798
-7.5409
-1.14418
21.2413
-2.08485
-0.957911
6.61765
-0.642079
0.533651
2.96418
-0.605802
-0.382461
311.727
-25.6477
9.74986
8.26789
-0.0893773
0.0492692
-0.870706
0.0429037
-4.93084
4.24191
0.255741
-29.2648
247.785
-23.4016
-33.0026
225.403
-22.5013
-31.5048
167.928
-18.2689
-38.9054
152.049
-18.8246
-21.3801
67.6273
-9.25142
-15.2532
30.4262
-4.01081
36.8769
318.39
-22.9765
40.5137
281.396
-20.3875
31.2789
167.729
-12.2074
27.3222
113.664
-8.68712
22.9453
66.4395
-5.26482
16.843
30.1736
-1.55838
3.16127
447.287
-36.8486
2.83715
285.151
-24.2857
3.73263
255.363
-22.9086
2.50754
148.187
-14.7902
4.76206
101.974
-10.6667
6.18942
44.4808
-4.35017
-3.51032
367.365
-30.9585
-3.65204
333.049
-29.1158
-3.0262
246.636
-23.0205
-2.97127
144.881
-14.3859
-2.35409
95.2196
-10.6419
-1.34652
41.7501
-4.6828
-6.18881
11.6949
-0.543584
-3.85359
23.5887
-2.62731
