5.04632
-48.8138
2.15261
-5.96574
-73.2229
2.10542
-0.623708
-0.353433
-0.17765
0.254969
0.0342171
0.0894123
4.5385
-49.5637
2.15284
-6.73124
-74.3499
2.09842
-0.224291
-0.00762328
0.106477
0.451887
-0.244797
-0.188861
10.1071
-82.1676
3.42228
10.0875
-66.505
2.60921
12.3315
-63.0062
2.53761
6.75979
-25.9714
1.21575
7.37354
-19.7953
0.922546
4.63085
-7.68929
0.412046
-8.00183
-82.1591
1.90144
-8.1775
-66.4153
0.986003
-6.20529
-37.7914
0.089016
-9.93023
-42.4615
-0.433995
-6.99702
-19.2661
-0.788976
-4.7703
-7.26076
-1.4837
9.1001
-83.6891
3.42651
9.16544
-68.0997
2.58608
10.1907
-58.2014
2.0961
6.33266
-27.2298
0.782904
6.88164
-20.9265
0.368071
4.83913
-7.84303
-0.791406
-9.00609
-83.7046
1.86476
-9.07724
-68.0918
0.945502
-6.73157
-39.1118
0.174702
-10.6884
-44.7083
-0.0875668
-7.80842
-20.4724
-0.245793
-3.68898
-6.51672
-0.342129
1.59205
-146.451
5.33185
2.52081
-3.45597
0.116496
9.58474
-98.3765
4.30369
-3.19444
-3.09882
-1.04637
-16.9096
-196.76
5.59567
0.469069
0.413041
-0.298851
-1.59453
-0.605414
0.32997
1.5059
-0.455998
0.240961
0.0628076
-99.1325
3.55329
3.18192
-3.92967
-1.59498
-2.6644
-3.68625
0.225559
0.0131699
0.106164
-0.156684
10.0977
-89.9021
3.86627
10.1126
-74.3797
2.9948
10.0191
-58.5252
2.27934
9.71024
-42.2056
1.79017
8.25842
-26.9486
1.23689
6.22377
-13.3012
0.578061
-7.96425
-89.9094
2.36531
-8.0776
-74.3376
1.42933
-8.27025
-58.4072
0.560052
-8.20812
-42.2986
-0.185502
-7.55057
-26.4682
-0.570018
-6.12823
-12.7375
-1.07189
13.6213
-137.111
5.80163
9.13282
-75.9308
2.99596
9.18271
-60.1644
2.21502
7.23583
-35.5631
1.23864
7.69712
-28.3757
0.776498
5.80726
-13.9165
-0.163971
-8.98229
-91.4223
2.34384
-9.03113
-75.9491
1.3862
-9.10904
-60.1168
0.551845
-8.81033
-44.0896
0.0230517
-8.26492
-28.0235
-0.19394
-6.94619
-13.5843
-0.305042
38.3812
-331.704
13.6798
48.0105
-336.557
12.9091
36.6158
-198.856
7.53795
21.4171
-89.1297
3.47587
28.0622
-81.6545
2.91873
17.8598
-27.6753
0.102679
-33.9571
-331.682
7.49894
-34.3086
-268.993
3.82052
-27.682
-166.618
0.460767
-38.1303
-165.819
-0.688534
-28.1678
-79.9929
-1.78032
-17.9388
-31.3373
-3.70953
0.442129
-502.219
15.894
0.606598
-408.663
10.6323
0.325223
-348.312
7.29903
0.0834166
-215.548
2.9741
-2.92395
-122.943
0.677701
-4.05595
-31.9279
-1.10026
6.28262
-493.029
15.9806
4.70099
-332.313
9.08499
4.62759
-302.142
6.81084
4.64688
-230.116
3.89391
1.54826
-115.368
0.863096
0.0350939
-41.008
-0.871565
0.089618
-14.0322
-0.288493
0.0411771
-6.44812
0.0305995
2.26051
-393.515
14.2187
-15.1634
-16.1255
-1.11635
-0.028511
1.10968
0.116272
8.202
-8.80572
-1.2237
33.563
-317.291
13.5209
38.4177
-300.623
11.9537
38.1902
-237.407
8.98015
49.8114
-232.257
8.91173
31.2197
-111.032
4.34745
24.0338
-54.5823
1.38897
-38.0764
-407.972
10.577
-42.6285
-375.67
6.96592
-34.4079
-237.078
2.17624
-33.2148
-172.631
-0.173812
-30.5659
-109.221
-1.36481
-24.5147
-53.4087
-2.44104
0.414438
-571.348
19.399
0.403747
-379.71
11.044
0.482232
-360.854
8.40653
0.521022
-225.265
4.36322
-1.43011
-168.359
2.02875
-4.94788
-80.1655
-0.81273
5.55402
-472.016
16.3578
6.10032
-446.229
13.2898
5.15997
-350.758
8.63274
3.78861
-221.818
4.12391
2.65906
-158.845
2.08148
0.54237
-75.5723
-0.0881131
11.5672
-23.6294
-1.55187
5.17782
-35.3165
1.15208
