-4.62248
39.3633
-3.97029
5.7963
59.0302
-4.74222
0.364825
0.200147
0.118022
-0.170182
-0.0244615
-0.0664573
-3.94033
40.1628
-3.96462
6.81744
60.252
-4.7535
0.153444
0.00818821
-0.0823834
-0.227996
0.116383
0.113498
-9.19871
64.095
-6.77337
-8.96042
49.362
-5.62766
-10.4106
43.5643
-5.70902
-5.31163
16.7729
-2.61227
-5.28423
11.7444
-1.97225
-3.15618
4.1616
-0.789086
7.73548
64.0294
-5.16455
7.63858
49.2333
-3.98524
5.32969
26.3723
-2.00352
7.53134
26.983
-2.23635
4.68
11.4954
-0.706812
2.87305
3.99823
0.466966
-7.85219
65.668
-6.73964
-7.62743
50.8721
-5.50837
-7.91448
40.5284
-4.75173
-4.42109
17.7729
-2.05135
-4.13781
12.4657
-1.49348
-2.63368
4.11971
-0.055694
9.10234
65.6149
-5.19382
8.9819
50.7881
-4.08648
6.2056
27.4309
-2.28605
9.02072
28.6839
-2.82975
6.03907
12.2635
-1.24071
2.6748
3.72167
-0.18184
-1.14266
118.08
-10.7064
-1.69285
1.77375
-0.304269
-8.54886
79.5306
-7.92728
1.86112
1.60854
0.437337
16.7301
159.049
-12.665
-0.446026
-0.327229
0.16503
0.990862
0.371348
-0.194615
-0.888105
0.250612
-0.130446
0.580713
80.3232
-7.14024
-1.67928
1.90702
0.666045
1.86365
2.03091
-0.405898
0.0706788
-0.0952918
0.0570778
-9.23421
71.4405
-7.35746
-9.1152
56.7249
-6.19319
-8.70748
42.0864
-5.06801
-8.04662
28.0846
-3.98576
-6.14513
16.6423
-2.67087
-4.33909
7.57154
-1.29005
7.73335
71.4004
-5.74993
7.71397
56.632
-4.56995
7.47669
42.0074
-3.38221
6.67031
28.3635
-2.10948
5.34678
16.3435
-1.25132
3.88454
7.32356
-0.141382
-11.8226
109.548
-11.0055
-7.77451
58.2592
-6.12721
-7.42212
43.5469
-4.87017
-5.38867
23.8661
-2.91417
-4.9332
17.6376
-2.16861
-3.31344
7.92105
-0.749021
9.09923
73.0089
-5.75935
9.05182
58.2052
-4.63304
8.81775
43.4481
-3.54994
7.74171
29.7408
-2.61834
6.68537
17.4087
-1.7207
5.14729
7.85329
-0.768562
-33.9817
259.558
-27.052
-41.4448
250.752
-27.8412
-29.9682
138.284
-17.0241
-16.047
58.1454
-7.90148
-18.7583
48.6041
-7.12981
-11.3301
14.6833
-1.82064
33.3565
259.307
-20.7342
32.717
200.178
-16.1502
24.5609
116.568
-9.08917
30.6224
106.273
-9.98856
20.6044
47.9062
-3.99374
12.1441
17.5005
0.55021
3.58087
393.79
-35.8463
3.86762
304.815
-28.8365
4.67285
242.404
-24.6576
3.74717
138.867
-14.563
5.77608
72.8734
-8.31894
4.4568
17.1533
-1.6633
-4.28774
384.289
-35.8312
-3.04019
246.164
-24.0787
-3.40293
209.284
-22.4507
-4.50346
146.322
-17.1436
-2.08495
68.0084
-8.33667
-1.33724
21.6984
-2.35341
-1.07911
6.74832
-0.720711
0.58838
3.03125
-0.665551
-0.391957
318.106
-28.5184
9.9676
8.43394
-0.149831
0.0545287
-0.889732
0.0551114
-5.03342
4.33047
0.225569
-29.8633
252.856
-25.7267
-33.6769
230.017
-24.6681
-32.1462
171.368
-19.9455
-39.6951
155.173
-20.4317
-21.8131
69.0183
-9.98821
-15.5654
31.0572
-4.34493
37.6276
324.906
-25.9046
41.3377
287.158
-23.0289
31.9158
171.166
-13.8317
27.8804
115.998
-9.84718
23.4178
67.8113
-5.98849
17.1968
30.7985
-1.87673
3.58176
456.381
-40.9574
3.17789
290.941
-26.9639
4.13521
260.541
-25.3866
2.82231
151.188
-16.3058
5.12418
104.021
-11.7627
6.52415
45.386
-4.85846
-3.88486
374.933
-34.4111
-4.06907
339.925
-32.3284
-3.41428
251.747
-25.506
-3.29417
147.9
-15.9293
-2.66533
97.247
-11.7462
-1.57996
42.653
-5.19903
-6.23553
11.9416
-0.673599
-3.90483
24.0684
-2.86861
