-4.67984
39.7354
-4.14936
5.82869
59.5881
-5.0064
0.367358
0.201559
0.119325
-0.172516
-0.0244202
-0.0676788
-3.96294
40.5377
-4.14361
6.90199
60.8144
-5.01777
0.155584
0.00857873
-0.0837363
-0.228828
0.116809
0.114537
-9.313
64.7031
-7.07143
-9.07203
49.8331
-5.86518
-10.5414
43.984
-5.93237
-5.37928
16.9381
-2.70311
-5.35425
11.8632
-2.03905
-3.2
4.20536
-0.813401
7.77869
64.6368
-5.45678
7.68156
49.7029
-4.21663
5.35964
26.6256
-2.13073
7.57207
27.248
-2.3807
4.70511
11.61
-0.769149
2.8888
4.03738
0.450346
-7.89713
66.2813
-7.03741
-7.67049
51.3477
-5.74477
-7.95808
40.9083
-4.94818
-4.44455
17.9383
-2.13726
-4.15637
12.5818
-1.55636
-2.64318
4.15907
-0.0760379
9.2152
66.2278
-5.48624
9.09312
51.2633
-4.31855
6.2834
27.6884
-2.41554
9.13598
28.953
-2.9791
6.11581
12.3803
-1.30729
2.71039
3.75997
-0.197179
-1.19621
119.196
-11.2393
-1.71768
1.79304
-0.31407
-8.62867
80.2776
-8.28525
1.87222
1.62273
0.433078
16.8849
160.543
-13.3697
-0.456288
-0.331287
0.165243
1.00018
0.375558
-0.195288
-0.895954
0.253943
-0.130381
0.614086
81.073
-7.4955
-1.68567
1.92543
0.660364
1.8895
2.05429
-0.417524
0.0741032
-0.096257
0.0562745
-9.34883
72.1168
-7.68571
-9.22865
57.2644
-6.46085
-8.81628
42.4897
-5.27566
-8.14686
28.3576
-4.13502
-6.2251
16.8082
-2.76334
-4.39766
7.64942
-1.33344
7.77653
72.0763
-6.07238
7.75719
57.1704
-4.83164
7.51889
42.4094
-3.58311
6.70739
28.6375
-2.25045
5.37543
16.5051
-1.33956
3.90554
7.39694
-0.179521
-11.8904
110.571
-11.4975
-7.81876
58.8035
-6.39435
-7.46374
43.9544
-5.07599
-5.41837
24.0898
-3.03232
-4.95681
17.8016
-2.25691
-3.32717
7.99509
-0.788162
9.21208
73.6906
-6.08183
9.164
58.7492
-4.89517
8.9269
43.8553
-3.75208
7.83987
30.0203
-2.7635
6.77056
17.5728
-1.81283
5.2126
7.93009
-0.81147
-34.2989
262.001
-28.2438
-41.8318
253.12
-29.0248
-30.2473
139.597
-17.7096
-16.197
58.7006
-8.19704
-18.935
49.0732
-7.38823
-11.44
14.8278
-1.89843
33.6654
261.748
-21.9034
33.0202
202.069
-17.0766
24.7903
117.673
-9.64305
30.9111
107.294
-10.5465
20.8016
48.3698
-4.24862
12.2669
17.6675
0.482244
3.78149
397.468
-37.6173
4.06622
307.665
-30.2415
4.88975
244.678
-25.8271
3.92334
140.162
-15.2593
5.94721
73.5591
-8.70854
4.56011
17.3237
-1.76477
-4.49847
387.934
-37.6027
-3.20646
248.512
-25.2534
-3.59088
211.298
-23.5041
-4.70166
147.76
-17.9386
-2.2212
68.6919
-8.72937
-1.43315
21.9186
-2.48608
-1.13908
6.81148
-0.759517
0.615338
3.06392
-0.694991
-0.396946
321.093
-29.9391
10.0714
8.51377
-0.179806
0.0571414
-0.898695
0.0611713
-5.08227
4.37331
0.210468
-30.142
255.233
-26.8753
-33.9912
232.186
-25.7378
-32.4457
172.99
-20.7725
-40.065
156.652
-21.2231
-22.0173
69.6801
-10.3505
-15.7134
31.3592
-4.50926
37.976
327.961
-27.3558
41.7204
289.865
-24.3378
32.2122
172.786
-14.6365
28.1415
117.103
-10.4216
23.64
68.4641
-6.34659
17.3642
31.0973
-2.0345
3.78966
460.642
-42.9905
3.346
293.659
-28.2885
4.33346
262.98
-26.6115
2.97784
152.608
-17.0539
5.30166
104.994
-12.3035
6.68743
45.819
-5.10938
-4.07096
378.483
-36.1195
-4.27663
343.158
-33.9174
-3.60781
254.158
-26.7347
-3.45455
149.331
-16.6919
-2.82022
98.2142
-12.2912
-1.69615
43.0863
-5.4538
-6.25593
12.0608
-0.738016
-3.92796
24.2952
-2.98759
