-4.83924
40.7504
-4.6769
5.9085
61.1103
-5.78862
0.374252
0.205426
0.122985
-0.179173
-0.0242303
-0.0712032
-4.01953
41.5584
-4.67096
7.13616
62.3458
-5.80019
0.161688
0.00973676
-0.087614
-0.230941
0.117908
0.117436
-9.6308
66.3671
-7.94869
-9.38291
51.1285
-6.56322
-10.9071
45.1459
-6.58701
-5.56943
17.3988
-2.9683
-5.55268
12.1977
-2.2338
-3.32494
4.33001
-0.884031
7.88523
66.299
-6.32208
7.78812
50.9939
-4.90182
5.43462
27.3261
-2.50781
7.67494
27.9881
-2.80811
4.76966
11.9324
-0.954088
2.93016
4.14818
0.399792
-8.00962
67.9559
-7.91398
-7.7785
52.6511
-6.43994
-8.06791
41.956
-5.52509
-4.50414
18.3965
-2.38951
-4.20325
12.9063
-1.74068
-2.66671
4.27057
-0.136329
9.52782
67.9013
-6.35193
9.40155
52.5661
-5.00525
6.50017
28.3982
-2.79831
9.45918
29.7005
-3.41935
6.33188
12.7073
-1.50341
2.8113
3.86825
-0.24246
-1.35515
122.241
-12.8131
-1.78881
1.84835
-0.342522
-8.84426
82.3135
-9.33989
1.90186
1.66283
0.419588
17.3008
164.615
-15.4559
-0.486014
-0.342662
0.165562
1.02617
0.387489
-0.196911
-0.917802
0.263534
-0.129917
0.712567
83.1144
-8.54469
-1.70182
1.97803
0.642346
1.96312
2.12107
-0.45129
0.0841515
-0.0988995
0.0537943
-9.66741
73.9646
-8.65235
-9.54432
58.744
-7.24815
-9.11981
43.602
-5.88528
-8.42725
29.1165
-4.57184
-6.45097
17.2732
-3.03319
-4.56412
7.86985
-1.45984
7.88293
73.9231
-7.02714
7.86397
58.6471
-5.60655
7.62397
43.518
-4.17811
6.80067
29.3982
-2.66851
5.44842
16.9581
-1.60096
3.96006
7.60409
-0.293196
-12.0603
113.359
-12.9467
-7.9296
60.2924
-7.18038
-7.5684
45.0743
-5.68093
-5.49365
24.7088
-3.37904
-5.01649
18.2579
-2.51587
-3.3617
8.20292
-0.903153
9.52462
75.549
-7.03663
9.47491
60.2375
-5.67105
9.22993
44.9748
-4.35003
8.11436
30.7932
-3.19215
7.00992
18.03
-2.08434
5.39689
8.14616
-0.937811
-35.1561
268.678
-31.7519
-42.8799
259.619
-32.5039
-31.0062
143.224
-19.7209
-16.6079
60.2436
-9.06198
-19.4242
50.3887
-8.14314
-11.7464
15.238
-2.12593
34.4954
268.42
-25.3653
33.8367
207.26
-19.8185
25.4114
120.724
-11.2833
31.6996
110.136
-12.1937
21.3449
49.6692
-5.00176
12.609
18.1379
0.27843
4.37295
407.51
-42.8452
4.65014
315.478
-34.3859
5.52608
250.95
-29.2722
4.44094
143.755
-17.3096
6.44429
75.4778
-9.85352
4.85888
17.8065
-2.0635
-5.12507
397.911
-42.8323
-3.70247
254.971
-28.7186
-4.15104
216.872
-26.6064
-5.288
151.78
-20.2776
-2.62675
70.6171
-9.8838
-1.71781
22.5456
-2.87651
-1.31605
6.99227
-0.873476
0.694385
3.15818
-0.781316
-0.412764
329.237
-34.1348
10.3619
8.74014
-0.268689
0.0648681
-0.923357
0.0791112
-5.21889
4.49584
0.165468
-30.8951
261.72
-30.2577
-34.8413
238.123
-28.8846
-33.2584
177.454
-23.2012
-41.0726
160.755
-23.5419
-22.5799
71.5275
-11.4093
-16.1245
32.2101
-4.98941
38.9116
336.297
-31.6525
42.7496
297.28
-28.2128
33.0121
177.246
-17.0187
28.8519
120.165
-12.1197
24.2495
70.2874
-7.40443
17.8276
31.938
-2.50162
4.4033
472.259
-48.9935
3.84073
301.096
-32.1976
4.91533
269.685
-30.2228
3.43631
156.536
-19.2552
5.81891
107.705
-13.8934
7.16002
47.0372
-5.84732
-4.6238
388.18
-41.1639
-4.89455
352.024
-38.6067
-4.18546
260.808
-30.3569
-3.93058
153.306
-18.9384
-3.28112
100.927
-13.8938
-2.04181
44.3128
-6.20277
-6.30536
12.4009
-0.928009
-3.98724
24.9221
-3.33692
