-4.9348
41.342
-5.01961
5.94726
61.9975
-6.30071
0.378251
0.207694
0.125207
-0.183312
-0.0240489
-0.0734281
-4.04784
42.1511
-5.01356
7.27589
63.235
-6.31236
0.165483
0.0104939
-0.0900425
-0.232025
0.118486
0.119184
-9.82146
67.3414
-8.5178
-9.56989
51.8923
-7.01505
-11.1282
45.8381
-7.00919
-5.68527
17.6764
-3.13834
-5.67497
12.402
-2.35839
-3.40257
4.40739
-0.928943
7.937
67.2724
-6.88856
7.84048
51.7553
-5.35038
5.47218
27.7426
-2.75499
7.72736
28.4349
-3.08786
4.80364
12.1289
-1.07546
2.95275
4.21637
0.365553
-8.06594
68.932
-8.48276
-7.83277
53.4154
-6.8903
-8.12356
42.5759
-5.89808
-4.53481
18.6696
-2.55249
-4.2271
13.1019
-1.85943
-2.67821
4.33905
-0.175677
9.71439
68.8769
-6.91852
9.58588
53.3303
-5.4544
6.63063
28.8179
-3.04834
9.65543
30.1474
-3.70589
6.46384
12.9049
-1.63093
2.87351
3.93463
-0.271997
-1.45946
124.016
-13.8394
-1.83326
1.88302
-0.360587
-8.96791
83.4979
-10.0251
1.91854
1.68748
0.410001
17.5372
166.983
-16.8216
-0.504892
-0.349548
0.16552
1.0418
0.394845
-0.197674
-0.930913
0.269566
-0.129372
0.77679
84.2998
-9.22887
-1.71006
2.01069
0.629631
2.00881
2.16261
-0.472848
0.0906417
-0.100454
0.052089
-9.85843
75.0436
-9.27994
-9.7339
59.6131
-7.75838
-9.30278
44.2608
-6.27928
-8.59691
29.5713
-4.85295
-6.5895
17.5554
-3.20611
-4.66711
8.00551
-1.54059
7.93458
75.0016
-7.65217
7.91607
59.5145
-6.11387
7.67607
44.1746
-4.56768
6.84784
29.8533
-2.94272
5.48621
17.2328
-1.77216
3.98929
7.73108
-0.368246
-12.1452
114.981
-13.8877
-7.98515
61.1626
-7.69003
-7.62123
45.7337
-6.0725
-5.53223
25.0767
-3.60291
-5.04686
18.5314
-2.68284
-3.37914
8.32898
-0.977412
9.71111
76.63
-7.66163
9.66057
61.1076
-6.17871
9.41133
45.6343
-4.74094
8.28038
31.2525
-3.47177
7.15566
18.3047
-2.26101
5.50977
8.2777
-1.01994
-35.6482
272.579
-34.0279
-43.4834
263.44
-34.7567
-31.4458
145.376
-21.0197
-16.8486
61.1674
-9.61839
-19.7153
51.1866
-8.62727
-11.9307
15.4911
-2.27182
34.9677
272.318
-27.6312
34.3028
210.313
-21.6126
25.7692
122.533
-12.3571
32.1598
111.843
-13.2677
21.6662
50.4569
-5.49343
12.8147
18.4252
0.142782
4.7582
413.364
-46.2519
5.02905
320.062
-37.0835
5.93769
254.663
-31.5106
4.77634
145.9
-18.6408
6.76145
76.6368
-10.5948
5.04824
18.1035
-2.25731
-5.53726
403.753
-46.2402
-4.03001
258.78
-30.9742
-4.52042
220.191
-28.6213
-5.6711
154.206
-21.7945
-2.89371
71.7936
-10.6314
-1.90444
22.935
-3.12961
-1.4312
7.10542
-0.947079
0.745402
3.21748
-0.837004
-0.423865
333.974
-36.871
10.5377
8.87969
-0.327071
0.06989
-0.937931
0.0908221
-5.30145
4.57218
0.135997
-31.3271
265.501
-32.4538
-35.33
241.602
-30.9244
-33.7277
180.09
-24.7718
-41.6583
163.203
-25.0363
-22.9125
72.6409
-12.0891
-16.3705
32.7296
-5.29725
39.4437
341.156
-34.4652
43.3359
301.625
-30.7487
33.4703
179.88
-18.5772
29.2639
121.991
-13.2293
24.6075
71.387
-8.09481
18.1036
32.4504
-2.80739
4.80361
479.016
-52.907
4.1622
305.444
-34.7436
5.29198
273.635
-32.5716
3.73468
158.872
-20.6831
6.15053
109.333
-14.9233
7.46
47.7786
-6.32544
-4.98703
393.844
-44.4525
-5.30163
357.232
-41.661
-4.56712
264.748
-32.7127
-4.24287
155.686
-20.398
-3.58444
102.575
-14.9323
-2.26918
45.0675
-6.68774
-6.32844
12.612
-1.05126
-4.01829
25.2945
-3.56274
