-5.0217
41.8649
-5.3543
5.97455
62.7816
-6.80449
0.38176
0.209705
0.127245
-0.187197
-0.0238241
-0.0755453
-4.06864
42.6727
-5.34817
7.40246
64.0175
-6.8162
0.169047
0.0112356
-0.0923395
-0.232842
0.118933
0.120782
-9.99496
68.2065
-9.07283
-9.74042
52.5752
-7.45478
-11.3309
46.4629
-7.4187
-5.79214
17.9298
-3.30241
-5.78893
12.5909
-2.47832
-3.47543
4.47997
-0.971903
7.97352
68.1367
-7.44586
7.87802
52.4359
-5.79168
5.49985
28.1181
-2.99842
7.76683
28.8432
-3.36305
4.83031
12.3102
-1.19511
2.97128
4.27982
0.330912
-8.10734
69.7941
-9.03758
-7.87286
54.0943
-7.32889
-8.16513
43.1313
-6.26064
-4.55817
18.9156
-2.71073
-4.24492
13.2801
-1.97442
-2.68628
4.40243
-0.214158
9.8834
69.7387
-7.47581
9.75309
54.0094
-5.89594
6.7497
29.1937
-3.29387
9.83601
30.5515
-3.98647
6.58583
13.0854
-1.75571
2.9315
3.99602
-0.300988
-1.56222
125.585
-14.8453
-1.8752
1.91583
-0.377834
-9.07543
84.5424
-10.6943
1.93268
1.71039
0.399927
17.741
169.072
-18.1651
-0.522963
-0.355849
0.16528
1.05604
0.401703
-0.198191
-0.942809
0.27528
-0.12863
0.839817
85.343
-9.89948
-1.71625
2.04118
0.616437
2.05164
2.20155
-0.493625
0.0969476
-0.101846
0.0503467
-10.0322
75.9993
-9.89245
-9.90659
60.3871
-8.25553
-9.46999
44.8524
-6.66221
-8.75247
29.9842
-5.12507
-6.71807
17.8146
-3.37283
-4.76341
8.13172
-1.61817
7.97095
75.957
-8.26708
7.95305
60.2872
-6.61298
7.71392
44.7639
-4.95098
6.88302
30.2657
-3.21289
5.51524
17.4849
-1.94065
4.01273
7.8488
-0.442616
-12.2077
116.41
-14.8062
-8.02606
61.9333
-8.1868
-7.66052
46.3215
-6.45353
-5.56149
25.4077
-3.82024
-5.0696
18.7793
-2.84467
-3.39201
8.4444
-1.04942
9.88004
77.5828
-8.27647
9.82884
61.8782
-6.67795
9.5761
46.2225
-5.12507
8.43259
31.6656
-3.74607
7.29008
18.5542
-2.43398
5.61438
8.39862
-1.10028
-36.0764
276.033
-36.2476
-44.0104
266.845
-36.9498
-31.832
147.311
-22.281
-17.0623
62.0045
-10.1568
-19.9775
51.9181
-9.0942
-12.0985
15.7266
-2.41235
35.3753
275.771
-29.8601
34.7064
213.034
-23.3769
26.0819
124.158
-13.4136
32.5669
113.395
-14.3208
21.954
51.1789
-5.97607
13.0018
18.6905
0.00742858
5.13587
418.535
-49.5887
5.39931
324.134
-39.7229
6.33872
257.989
-33.6973
5.10359
147.837
-19.9401
7.0667
77.6946
-11.3165
5.22928
18.3787
-2.44634
-5.94406
408.941
-49.5783
-4.3542
262.185
-33.1814
-4.88554
223.186
-30.589
-6.04706
156.423
-23.2736
-3.15722
72.8812
-11.3595
-2.08802
23.3003
-3.37617
-1.54376
7.2123
-1.01851
0.79494
3.27348
-0.891029
-0.435218
338.152
-39.553
10.6987
9.0095
-0.384765
0.0747745
-0.950999
0.102292
-5.37694
4.6438
0.107179
-31.7029
268.841
-34.5973
-35.7558
244.692
-32.9121
-34.1385
182.448
-26.299
-42.1744
165.415
-26.4848
-23.2102
73.6559
-12.7456
-16.5931
33.2088
-5.59394
39.9025
345.45
-37.2322
43.8425
305.484
-33.2429
33.8683
182.236
-20.1097
29.6264
123.64
-14.3191
24.9262
72.3902
-8.7723
18.3527
32.9222
-3.10826
5.19654
484.971
-56.7418
4.47671
309.294
-37.2362
5.65924
277.157
-34.8682
4.0268
160.974
-22.0761
6.47114
110.811
-15.9267
7.74732
48.4597
-6.79122
-5.34518
398.86
-47.6749
-5.70383
361.871
-44.6513
-4.94501
268.287
-35.0162
-4.55028
157.845
-21.8235
-3.88381
104.09
-15.9443
-2.49346
45.7697
-7.15986
-6.34349
12.8093
-1.17119
-4.04253
25.6292
-3.78223
