5.12314
-48.9137
2.17121
-6.03492
-73.3691
2.23602
-0.61703
-0.349593
-0.175112
0.251277
0.033807
0.0877915
4.58976
-49.5933
2.17072
-6.83808
-74.3953
2.23111
-0.220755
-0.00681824
0.104858
0.447262
-0.241138
-0.188137
10.2495
-82.1431
3.41638
10.191
-66.2656
2.56521
12.38
-62.5363
2.45352
6.74561
-25.7201
1.15117
7.31206
-19.5685
0.835825
4.57711
-7.59786
0.361087
-8.09228
-82.1243
2.03166
-8.2474
-66.1654
1.06931
-6.21921
-37.5309
0.114753
-9.87779
-42.0163
-0.406943
-6.93105
-19.0479
-0.786511
-4.71918
-7.17715
-1.47731
9.19592
-83.5215
3.41505
9.22799
-67.7163
2.52806
10.2068
-57.6313
1.99673
6.30597
-26.8904
0.699153
6.81655
-20.6036
0.277086
4.79382
-7.69632
-0.837086
-9.14544
-83.5301
2.00055
-9.18592
-67.7061
1.04126
-6.75974
-38.7502
0.218034
-10.6513
-44.1155
-0.0402849
-7.73906
-20.1664
-0.241459
-3.6436
-6.40714
-0.343407
1.63992
-146.747
5.49306
2.48718
-3.41325
0.092481
9.71139
-98.5064
4.3393
-3.15986
-3.06256
-1.03909
-17.1318
-197.017
5.9479
0.461993
0.40687
-0.298601
-1.576
-0.597842
0.329341
1.48805
-0.448443
0.23517
0.0453957
-99.191
3.66096
3.15513
-3.84819
-1.61405
-2.62564
-3.61513
0.220396
0.015967
0.107361
-0.156998
10.2484
-89.9934
3.88175
10.2393
-74.2421
2.96855
10.0922
-58.2071
2.21997
9.72879
-41.826
1.70582
8.2096
-26.6561
1.14448
6.16084
-13.1448
0.506312
-8.05661
-89.9926
2.5188
-8.16127
-74.1893
1.53515
-8.31977
-58.0878
0.62101
-8.19652
-41.9347
-0.16456
-7.49001
-26.1796
-0.560444
-6.06546
-12.5899
-1.06978
13.7746
-137.036
5.8197
9.21543
-75.6471
2.96024
9.22387
-59.7051
2.13741
7.22892
-35.1544
1.15688
7.63561
-27.97
0.672362
5.75025
-13.6869
-0.234364
-9.12501
-91.3682
2.49952
-9.15718
-75.6618
1.50177
-9.19164
-59.6583
0.628451
-8.80802
-43.597
0.0703246
-8.21201
-27.6296
-0.176852
-6.87106
-13.3678
-0.305917
38.8475
-331.322
13.6497
48.4452
-335.016
12.6502
36.7494
-197.158
7.21876
21.3656
-88.1589
3.22831
27.8305
-80.556
2.55099
17.6813
-27.2542
-0.0920857
-34.3816
-331.265
8.03275
-34.6313
-267.73
4.17512
-27.766
-165.263
0.595615
-37.9669
-163.857
-0.550244
-27.9307
-78.9248
-1.77999
-17.7399
-30.8913
-3.70647
0.320119
-501.179
16.2733
0.464566
-406.328
10.7498
0.205454
-344.903
7.19938
0.0350648
-212.725
2.71906
-2.9157
-121.05
0.416051
-3.98596
-31.3436
-1.20502
6.42461
-492.832
16.3596
4.7549
-331.046
9.18967
4.68333
-299.919
6.74839
4.74962
-227.713
3.63055
1.58304
-114.03
0.599492
0.0410459
-40.5225
-1.03521
0.0809888
-13.8648
-0.368719
0.0592101
-6.29729
-0.0164518
2.29428
-394.031
14.643
-14.9868
-15.8824
-1.12228
-0.0173668
1.10667
0.115182
8.11665
-8.65407
-1.28864
33.9949
-317.366
13.5726
38.8347
-299.784
11.8327
38.4295
-235.855
8.70738
49.8839
-229.866
8.40929
31.0236
-109.646
3.9502
23.8086
-53.8085
1.08709
-38.5744
-408.035
11.2744
-43.0999
-374.587
7.5189
-34.6428
-235.533
2.44313
-33.1696
-170.912
-0.0208021
-30.3645
-107.845
-1.3258
-24.2763
-52.6593
-2.45095
0.311314
-571.021
19.9289
0.279268
-378.247
11.2508
0.34113
-358.051
8.40901
0.481591
-222.686
4.23755
-1.47221
-165.937
1.76172
-4.8843
-78.8424
-1.03093
5.70099
-472.468
16.8051
6.21265
-445.345
13.5369
5.20956
-348.791
8.64682
3.8565
-219.845
3.96033
2.70704
-157.068
1.81858
0.5642
-74.6784
-0.316634
11.4721
-23.194
-1.71096
5.18111
-34.9507
1.09648
