-5.13577
42.5199
-5.8398
5.99442
63.764
-7.5431
0.386069
0.212223
0.12994
-0.192521
-0.0234066
-0.078504
-4.08591
43.3206
-5.83357
7.56776
64.9895
-7.55481
0.173936
0.0123125
-0.0955266
-0.233543
0.119334
0.122888
-10.2229
69.2978
-9.87632
-9.96517
53.4456
-8.08947
-11.5997
47.271
-8.0071
-5.93524
18.2627
-3.53645
-5.94364
12.8438
-2.64866
-3.57533
4.57915
-1.03234
8.00023
69.2272
-8.26294
7.90705
53.3036
-6.43863
5.52305
28.6027
-3.35574
7.80182
29.3808
-3.76649
4.85646
12.5521
-1.37106
2.99127
4.36556
0.278226
-8.14177
70.8709
-9.84094
-7.90666
54.9496
-7.96249
-8.20122
43.8395
-6.78294
-4.57942
19.2322
-2.93826
-4.26009
13.5127
-2.13903
-2.6918
4.48697
-0.26995
10.1041
70.8155
-8.29267
9.9718
54.8654
-6.5427
6.90681
29.6725
-3.65304
10.077
31.0741
-4.3955
6.7496
13.3219
-1.93743
3.01026
4.07804
-0.34342
-1.71298
127.55
-16.3123
-1.93311
1.96119
-0.402022
-9.2066
85.8453
-11.665
1.949
1.74125
0.383867
17.9864
171.678
-20.1347
-0.54846
-0.364159
0.16456
1.07466
0.411003
-0.198515
-0.95826
0.283187
-0.127127
0.932021
86.6388
-10.8774
-1.72155
2.08229
0.595857
2.11025
2.25456
-0.523294
0.106032
-0.103638
0.0476673
-10.2603
77.2002
-10.7802
-10.1338
61.3682
-8.97429
-9.69097
45.6113
-7.21388
-8.95896
30.5226
-5.51495
-6.89162
18.1585
-3.6103
-4.89475
8.30226
-1.72806
7.99738
77.1575
-9.16862
7.98069
61.2666
-7.34471
7.74438
45.5199
-5.51296
6.91352
30.8023
-3.60975
5.54231
17.8189
-2.18784
4.03687
8.00707
-0.552733
-12.2596
118.19
-16.1375
-8.06023
62.8995
-8.90534
-7.69424
47.0662
-7.0033
-5.58792
25.8323
-4.13271
-5.08918
19.1006
-3.07671
-3.40253
8.59615
-1.15269
10.1006
78.7695
-9.17782
10.0487
62.845
-7.4095
9.79204
46.9683
-5.68745
8.63473
32.1955
-4.14681
7.46996
18.8787
-2.68605
5.75525
8.5587
-1.21732
-36.5996
280.37
-39.4613
-44.6573
271.159
-40.1163
-32.3102
149.795
-24.0956
-17.3315
63.0919
-10.9274
-20.3149
52.8845
-9.75917
-12.3177
16.0443
-2.61183
35.8664
280.105
-33.1273
35.1954
216.482
-25.9621
26.4664
126.24
-14.9623
33.0773
115.418
-15.8589
22.3219
52.1322
-6.68189
13.2467
19.0439
-0.194899
5.68763
424.995
-54.4499
5.93794
329.266
-43.5624
6.91969
262.232
-36.8712
5.57844
150.337
-21.8239
7.50149
79.08
-12.3591
5.48449
18.7472
-2.72007
-6.54213
415.486
-54.4416
-4.83236
266.528
-36.3924
-5.42313
227.058
-33.444
-6.59576
159.344
-25.4152
-3.54458
74.3372
-12.4117
-2.35677
23.7996
-3.73254
-1.70718
7.35971
-1.12114
0.866263
3.35028
-0.968661
-0.452274
343.364
-43.4644
10.9115
9.18439
-0.470059
0.0817825
-0.967767
0.118978
-5.47631
4.74131
0.0655262
-32.1616
273.019
-37.7038
-36.2769
248.587
-35.7862
-34.6448
185.454
-28.5004
-42.8167
168.276
-28.5631
-23.59
74.9859
-13.6825
-16.8819
33.847
-6.0158
40.4549
350.821
-41.2886
44.4544
310.35
-36.8984
34.3533
185.239
-22.3549
30.0766
125.77
-15.9137
25.3297
73.7058
-9.76259
18.6744
33.5491
-3.54974
5.77154
492.387
-62.3317
4.93502
314.124
-40.8652
6.19197
281.623
-38.2059
4.45253
163.672
-24.0941
6.93077
112.732
-17.3776
8.15362
49.3599
-7.46459
-5.87116
405.164
-52.3723
-6.29586
367.753
-49.005
-5.50258
272.827
-38.3638
-5.00063
160.658
-23.8921
-4.32382
106.102
-17.4079
-2.8229
46.7183
-7.84172
-6.35054
13.0765
-1.3439
-4.06612
26.0587
-4.09848
