-5.16947
42.7037
-5.99689
5.99555
64.0396
-7.78438
0.387242
0.212924
0.130737
-0.194154
-0.0232464
-0.0794288
-4.08801
43.5006
-5.99064
7.61636
65.2595
-7.79608
0.175438
0.0126604
-0.0965172
-0.233629
0.11939
0.123511
-10.2903
69.6063
-10.1358
-10.0318
53.6943
-8.29393
-11.6798
47.5052
-8.1959
-5.97826
18.3607
-3.61106
-5.99073
12.9195
-2.70274
-3.606
4.60945
-1.05135
8.00183
69.5356
-8.52986
7.9096
53.5515
-6.64997
5.52598
28.7428
-3.47259
7.80706
29.5394
-3.8983
4.86145
12.6243
-1.4287
2.9958
4.39147
0.260477
-8.14599
71.1718
-10.1005
-7.91099
55.1906
-8.16673
-8.20629
44.0415
-6.95088
-4.58282
19.3233
-3.01128
-4.26201
13.5805
-2.19164
-2.69182
4.5121
-0.287976
10.169
71.1164
-8.55947
10.0362
55.1067
-6.75383
6.95344
29.809
-3.77017
10.1492
31.2252
-4.52854
6.79895
13.3912
-1.9965
3.03423
4.10252
-0.357278
-1.76222
128.101
-16.7892
-1.95101
1.9752
-0.409606
-9.24235
86.2091
-11.9792
1.9531
1.75054
0.378251
18.0523
172.406
-20.7781
-0.556509
-0.366615
0.164224
1.08011
0.413828
-0.198503
-0.962743
0.28563
-0.126518
0.962113
86.9988
-11.1954
-1.72222
2.09462
0.588802
2.12822
2.27068
-0.532778
0.108955
-0.104159
0.0467567
-10.3277
77.5383
-11.0671
-10.201
61.6469
-9.20615
-9.75663
45.8295
-7.39129
-9.02055
30.6799
-5.63971
-6.94418
18.2607
-3.68589
-4.93489
8.35381
-1.76284
7.99888
77.4956
-9.46313
7.98266
61.5448
-7.58375
7.74766
45.7372
-5.69656
6.91781
30.9587
-3.7396
5.54693
17.918
-2.26865
4.04193
8.05467
-0.58902
-12.2659
118.686
-16.568
-8.06448
63.1706
-9.13722
-7.69883
47.2772
-7.18032
-5.59209
25.9541
-4.233
-5.09178
19.1937
-3.151
-3.40363
8.64068
-1.18574
10.1655
79.1
-9.47225
10.1134
63.1163
-7.64838
9.85572
47.1798
-5.87097
8.69508
32.3475
-4.27737
7.52403
18.9731
-2.76802
5.7978
8.60604
-1.25537
-36.7424
281.588
-40.4993
-44.8348
272.383
-41.1367
-32.4427
150.509
-24.6785
-17.4073
63.408
-11.1737
-20.4122
53.1699
-9.97074
-12.3819
16.14
-2.67506
35.9986
281.324
-34.1945
35.3278
217.461
-26.8062
26.5722
126.838
-15.4682
33.2206
116.008
-16.3598
22.4272
52.4137
-6.91206
13.3185
19.1491
-0.262128
5.8675
426.8
-56.0291
6.11292
330.712
-44.808
7.10772
263.443
-37.8989
5.73231
151.058
-22.4332
7.64012
79.4852
-12.6953
5.56504
18.8571
-2.80854
-6.73775
417.336
-56.0214
-4.98912
267.769
-37.4341
-5.59912
228.179
-34.3682
-6.77417
160.206
-26.1072
-3.67125
74.7735
-12.751
-2.44437
23.9521
-3.84748
-1.76009
7.40506
-1.15406
0.8892
3.3737
-0.993572
-0.457853
344.819
-44.7362
10.9744
9.23697
-0.498168
0.0840204
-0.972599
0.124388
-5.50559
4.77088
0.0521248
-32.2866
274.189
-38.7081
-36.4194
249.686
-36.7135
-34.7843
186.311
-29.2086
-42.9956
169.105
-29.2291
-23.6984
75.3758
-13.9812
-16.9656
34.0369
-6.14979
40.6033
352.325
-42.6137
44.6194
311.724
-38.0922
34.4854
186.096
-23.0879
30.2018
126.386
-16.4339
25.444
74.0919
-10.0854
18.7675
33.7353
-3.69415
5.95923
494.453
-64.1484
5.08412
315.479
-42.0433
6.3646
282.889
-39.2878
4.59097
164.446
-24.7466
7.07819
113.29
-17.8459
8.28227
49.6254
-7.68188
-6.04306
406.939
-53.899
-6.48968
369.424
-50.4185
-5.68542
274.133
-39.4489
-5.14747
161.478
-24.5617
-4.46769
106.7
-17.8804
-2.93057
47.005
-8.06152
-6.34862
13.1571
-1.39938
-4.0706
26.1819
-4.20019
