-5.20101
42.8702
-6.15148
5.99401
64.2894
-8.02305
0.388279
0.213553
0.131482
-0.195714
-0.0230759
-0.0803216
-4.08831
43.6625
-6.14521
7.66176
65.5025
-8.03474
0.176872
0.0130023
-0.0974708
-0.233638
0.119406
0.124092
-10.3534
69.8871
-10.391
-10.0943
53.9221
-8.49465
-11.7552
47.7216
-8.38085
-6.01891
18.452
-3.68389
-6.03552
12.9908
-2.75542
-3.63532
4.63829
-1.06976
7.99986
69.8162
-8.79389
7.90868
53.7785
-6.85901
5.52655
28.8721
-3.58823
7.80911
29.6874
-4.0287
4.86457
12.6923
-1.48581
2.99924
4.41597
0.242635
-8.14663
71.4434
-10.3556
-7.9119
55.4093
-8.36731
-8.20792
44.2262
-7.11558
-4.58437
19.4069
-3.0828
-4.26232
13.6432
-2.24307
-2.69091
4.53559
-0.305697
10.2297
71.3881
-8.82336
10.0964
55.3259
-6.9626
6.9972
29.9337
-3.88593
10.2174
31.3643
-4.65985
6.84562
13.4556
-2.05478
3.05704
4.12548
-0.37099
-1.81089
128.601
-17.2598
-1.96818
1.98861
-0.416942
-9.27416
86.5376
-12.2883
1.95649
1.7593
0.372498
18.1104
173.063
-21.4145
-0.564324
-0.368911
0.16384
1.08517
0.416509
-0.198432
-0.966879
0.287969
-0.125853
0.991875
87.3227
-11.5091
-1.72232
2.1062
0.581653
2.14537
2.28596
-0.542057
0.111823
-0.104642
0.0458373
-10.3908
77.8452
-11.3494
-10.2641
61.9013
-9.43396
-9.81828
46.0302
-7.5653
-9.0785
30.8259
-5.76177
-6.99404
18.3564
-3.75962
-4.97314
8.40258
-1.79667
7.9968
77.8025
-9.75446
7.98108
61.7988
-7.8202
7.74757
45.9369
-5.87817
6.9192
31.1036
-3.86815
5.54935
18.0108
-2.34863
4.04548
8.09958
-0.625084
-12.2668
119.133
-16.9914
-8.06521
63.4158
-9.36509
-7.70013
47.4693
-7.35405
-5.59395
26.0659
-4.33126
-5.09241
19.2795
-3.22366
-3.4035
8.68202
-1.21806
10.2261
79.3979
-9.76349
10.1739
63.3618
-7.88464
9.91527
47.3725
-6.0524
8.75189
32.4869
-4.40634
7.5751
19.0603
-2.84893
5.8381
8.65022
-1.29293
-36.8695
282.693
-41.5198
-44.9934
273.498
-42.1384
-32.5618
151.165
-25.2498
-17.4762
63.7003
-11.4146
-20.5016
53.4362
-10.177
-12.4414
16.2302
-2.73658
36.1152
282.428
-35.2501
35.445
218.353
-27.641
26.6668
127.387
-15.9687
33.3504
116.556
-16.8546
22.5238
52.6763
-7.13958
13.3852
19.2477
-0.329241
6.04531
428.43
-57.5863
6.28557
332.026
-46.0355
7.29289
264.551
-38.9107
5.88391
151.721
-23.0327
7.77554
79.861
-13.0257
5.64325
18.9603
-2.89556
-6.93128
419.021
-57.5794
-5.14438
268.905
-38.4607
-5.77328
229.215
-35.2779
-6.95015
161.01
-26.7876
-3.79656
75.1842
-13.0844
-2.5309
24.0973
-3.9604
-1.81217
7.44835
-1.1863
0.911703
3.39591
-1.01798
-0.463329
346.133
-45.991
11.0333
9.28651
-0.526122
0.0862041
-0.977053
0.129718
-5.53286
4.79888
0.0389845
-32.3979
275.248
-39.6961
-36.5465
250.685
-37.6247
-34.9093
187.096
-29.9035
-43.1568
169.869
-29.881
-23.7976
75.738
-14.2728
-17.043
34.2149
-6.28031
40.7342
353.686
-43.9245
44.7652
312.973
-39.273
34.6029
186.881
-23.8128
30.3145
126.955
-16.9481
25.5483
74.4507
-10.4043
18.8533
33.9096
-3.83712
6.14488
496.314
-65.9405
5.23136
316.705
-43.2048
6.53473
284.042
-40.3535
4.7276
165.157
-25.3884
7.22267
113.805
-18.3061
8.40745
49.8728
-7.89542
-6.21307
408.551
-55.4049
-6.68151
370.949
-51.8119
-5.86652
275.334
-40.5177
-5.29251
162.239
-25.2208
-4.61
107.261
-18.3447
-3.03706
47.2762
-8.2774
-6.34452
13.2331
-1.45374
-4.07338
26.295
-4.29997
