-5.28278
43.2665
-6.59948
5.97377
64.8838
-8.72237
0.390547
0.214992
0.133393
-0.199936
-0.0225041
-0.082799
-4.07866
44.0405
-6.59318
7.77894
66.0696
-8.73397
0.180762
0.0139877
-0.100102
-0.233181
0.119189
0.12558
-10.5172
70.5629
-11.1288
-10.2569
54.479
-9.07339
-11.9527
48.2614
-8.91181
-6.12644
18.6849
-3.89144
-6.15571
13.177
-2.90473
-3.71478
4.71545
-1.12135
7.97317
70.4918
-9.56755
7.88559
54.3335
-7.47151
5.51436
29.1936
-3.9274
7.79626
30.0656
-4.41098
4.86257
12.8688
-1.65375
3.00287
4.48055
0.188562
-8.12757
72.0828
-11.0936
-7.89448
55.9306
-8.94601
-8.19236
44.6743
-7.58939
-4.57795
19.6119
-3.28801
-4.25348
13.7996
-2.38992
-2.68239
4.59563
-0.35695
10.3861
72.028
-9.59647
10.2519
55.8489
-7.57394
7.11132
30.2361
-4.2246
10.3973
31.7081
-5.04314
6.96934
13.6175
-2.22483
3.11824
4.18483
-0.411247
-1.95322
129.79
-18.6312
-2.01511
2.02497
-0.437408
-9.34624
87.312
-13.1842
1.9624
1.7822
0.354394
18.2388
174.611
-23.2791
-0.586322
-0.37482
0.162399
1.09793
0.423652
-0.197858
-0.977122
0.294323
-0.123513
1.07912
88.0788
-12.4233
-1.71908
2.13606
0.559641
2.19178
2.3265
-0.568648
0.120091
-0.105869
0.0430227
-10.5544
78.5794
-12.1668
-10.4278
62.5181
-10.0919
-9.9792
46.5254
-8.0661
-9.23034
31.1942
-6.11109
-7.12706
18.6035
-3.9693
-5.07628
8.53134
-1.89221
7.96976
78.5368
-10.6081
7.9557
62.4146
-8.51303
7.72757
46.4295
-6.41036
6.90621
31.4681
-4.24548
5.54339
18.2498
-2.58329
4.04689
8.21733
-0.73185
-12.2379
120.179
-18.2174
-8.04671
63.9965
-10.0234
-7.68462
47.9309
-7.85464
-5.58578
26.3391
-4.61331
-5.08226
19.4917
-3.43158
-3.39553
8.78597
-1.3105
10.3824
80.0959
-10.6168
10.3299
63.9437
-8.57665
10.0694
47.8362
-6.58352
8.90108
32.828
-4.78339
7.71019
19.2776
-3.08503
5.94517
8.76285
-1.40258
-37.1583
285.323
-44.4712
-45.3569
276.192
-45.0277
-32.8387
152.778
-26.8915
-17.6407
64.4307
-12.103
-20.7219
54.1156
-10.7631
-12.5915
16.4658
-2.91044
36.3737
285.059
-38.3428
35.7077
220.509
-30.0862
26.8848
128.734
-17.4352
33.6589
117.931
-18.3008
22.7603
53.3459
-7.80554
13.5544
19.5015
-0.529825
6.56595
432.268
-62.1201
6.78935
335.159
-49.6041
7.83096
267.24
-41.8462
6.32482
153.353
-24.7701
8.16229
80.8034
-13.9799
5.86358
19.226
-3.14763
-7.49795
423.075
-62.1154
-5.59985
271.685
-41.4455
-6.28343
231.796
-37.9165
-7.46239
163.065
-28.757
-4.16347
76.256
-14.0475
-2.78356
24.4852
-4.2866
-1.96321
7.56477
-1.27879
0.976533
3.45461
-1.08806
-0.478839
349.23
-49.6478
11.1846
9.41562
-0.609064
0.0924035
-0.988137
0.145203
-5.6023
4.87255
0.00120097
-32.6503
277.753
-42.5565
-36.8361
253.08
-40.2564
-35.1975
189.007
-31.9041
-43.5349
171.768
-31.7492
-24.0388
76.6529
-15.1036
-17.2358
34.6735
-6.65027
41.0236
356.908
-47.7649
45.0898
315.968
-42.7319
34.8688
188.791
-25.9359
30.5787
128.365
-18.453
25.7999
75.3585
-11.3373
19.0671
34.3574
-4.25712
6.68916
500.676
-71.1608
5.66164
319.611
-46.5841
7.02984
286.816
-43.4491
5.12636
166.896
-27.2476
7.63829
115.085
-19.6368
8.76182
50.5005
-8.51275
-6.71052
412.406
-59.7918
-7.24363
374.648
-55.8663
-6.39786
278.298
-43.6222
-5.71579
164.157
-27.1323
-5.02651
108.71
-19.6874
-3.34879
47.9916
-8.90063
-6.31864
13.4318
-1.60989
-4.07169
26.572
-4.58715
