-5.30579
43.3643
-6.74333
5.96199
65.0305
-8.94957
0.391013
0.215316
0.133919
-0.201185
-0.0222939
-0.0835552
-4.07201
44.1307
-6.73703
7.81176
66.2049
-8.96113
0.181916
0.0143018
-0.1009
-0.23286
0.119025
0.125988
-10.5634
70.7326
-11.3652
-10.3029
54.6222
-9.2582
-12.0089
48.4043
-9.08057
-6.15742
18.7485
-3.95688
-6.19092
13.2294
-2.95152
-3.73835
4.73786
-1.13729
7.95757
70.6615
-9.81891
7.87132
54.4762
-7.67051
5.50577
29.2783
-4.03772
7.7857
30.169
-4.53528
4.85811
12.9182
-1.70855
3.0018
4.49893
0.170359
-8.11438
72.2374
-11.3301
-7.88209
56.0591
-9.13093
-8.18046
44.7877
-7.74031
-4.57213
19.6646
-3.35317
-4.24722
13.8408
-2.43632
-2.67756
4.61195
-0.373377
10.4299
72.1829
-9.84762
10.2954
55.9781
-7.77245
7.14367
30.3126
-4.33448
10.449
31.7975
-5.16723
7.00506
13.6606
-2.27986
3.13617
4.20128
-0.424369
-1.99933
130.083
-19.0741
-2.02916
2.0357
-0.443706
-9.3626
87.4999
-13.4719
1.96289
1.78862
0.348067
18.2667
174.987
-23.8848
-0.593158
-0.376459
0.16182
1.10134
0.42572
-0.197545
-0.979788
0.296205
-0.122616
1.1075
88.2591
-12.7186
-1.71678
2.14426
0.552109
2.20552
2.33814
-0.577092
0.122731
-0.106206
0.0420647
-10.6005
78.762
-12.4289
-10.474
62.6747
-10.3024
-10.0248
46.6545
-8.2257
-9.27359
31.2932
-6.22175
-7.16578
18.672
-4.03526
-5.10666
8.56812
-1.92203
7.95403
78.7194
-10.8854
7.94057
62.571
-8.73813
7.7145
46.5578
-6.58329
6.89626
31.5656
-4.36831
5.537
18.3159
-2.65966
4.04424
8.25064
-0.766934
-12.218
120.43
-18.6107
-8.0338
64.1382
-10.2341
-7.67309
48.0461
-8.01435
-5.57851
26.4091
-4.70294
-5.07484
19.5469
-3.4974
-3.39028
8.81362
-1.33975
10.4262
80.2634
-10.8941
10.3736
64.0859
-8.80142
10.1127
47.9522
-6.75593
8.94371
32.9154
-4.90563
7.74911
19.3347
-3.16146
5.97616
8.79346
-1.43809
-37.2242
285.971
-45.4167
-45.441
276.871
-45.9505
-32.9044
153.195
-27.4138
-17.6815
64.6241
-12.3207
-20.779
54.3007
-10.9472
-12.6317
16.532
-2.96472
36.4301
285.707
-39.3475
35.7661
221.052
-30.8804
26.9357
129.082
-17.9118
33.7348
118.298
-18.7696
22.8212
53.5283
-8.02178
13.6003
19.5715
-0.596414
6.73513
433.196
-63.5831
6.95246
335.932
-50.7539
8.00441
267.921
-42.79
6.46705
153.775
-25.328
8.28463
81.0535
-14.2853
5.93215
19.2991
-3.22858
-7.68172
424.094
-63.5791
-5.74782
272.4
-42.4072
-6.44891
232.479
-38.7646
-7.62753
163.628
-29.3885
-4.28248
76.5575
-14.3557
-2.86532
24.5977
-4.39102
-2.01175
7.59869
-1.30818
0.997229
3.47131
-1.11035
-0.483605
349.982
-50.8291
11.2264
9.45173
-0.636408
0.0943449
-0.991073
0.150191
-5.62117
4.8934
-0.0108361
-32.7077
278.366
-43.474
-36.9026
253.676
-41.0983
-35.2649
189.495
-32.5419
-43.6257
172.267
-32.3418
-24.1001
76.8987
-15.3654
-17.2866
34.8001
-6.76617
41.0864
357.696
-49.0126
45.161
316.714
-43.8554
34.9292
189.278
-26.6254
30.6422
128.735
-18.9414
25.8632
75.6029
-11.64
19.1234
34.4805
-4.39403
6.86623
501.722
-72.8463
5.80118
320.32
-47.6738
7.18972
287.51
-44.4456
5.25544
167.343
-27.8444
7.77083
115.42
-20.063
8.87276
50.6697
-8.71052
-6.87176
413.365
-61.2082
-7.42606
375.588
-57.1736
-6.57049
279.071
-44.6215
-5.85259
164.671
-27.7466
-5.16154
109.112
-20.1176
-3.4499
48.1957
-9.09998
-6.30536
13.4875
-1.65956
-4.06781
26.6432
-4.67868
