5.19928
-49.0119
2.18617
-6.11761
-73.5131
2.35659
-0.608994
-0.344856
-0.172291
0.24698
0.033478
0.0859462
4.64447
-49.6245
2.18496
-6.95227
-74.4429
2.35379
-0.216747
-0.00595443
0.103099
0.441216
-0.236557
-0.186973
10.3912
-82.1013
3.41073
10.2952
-65.9935
2.52767
12.429
-62.0038
2.3806
6.72833
-25.4255
1.09294
7.24054
-19.2912
0.75325
4.51362
-7.47869
0.311319
-8.20055
-82.0725
2.1565
-8.33395
-65.8828
1.15465
-6.24251
-37.2343
0.144262
-9.8316
-41.4954
-0.372892
-6.86156
-18.7812
-0.780101
-4.66049
-7.06932
-1.46775
9.29872
-83.3426
3.40391
9.29692
-67.3051
2.47649
10.2261
-57.0072
1.90617
6.27629
-26.5089
0.619526
6.74028
-20.2292
0.189472
4.73678
-7.51976
-0.879778
-9.2951
-83.3442
2.13112
-9.30662
-67.2913
1.1396
-6.79538
-38.3534
0.266708
-10.62
-43.4478
0.0175377
-7.66719
-19.8102
-0.231172
-3.59373
-6.27718
-0.342264
1.67332
-147.039
5.63853
2.44726
-3.35599
0.0691386
9.84078
-98.6364
4.36766
-3.11882
-3.01475
-1.02933
-17.3821
-197.274
6.27344
0.454416
0.400686
-0.297941
-1.55414
-0.588715
0.32819
1.46628
-0.438983
0.228882
0.0264176
-99.2526
3.7582
3.11962
-3.74876
-1.62908
-2.58212
-3.53028
0.216375
0.0183054
0.108834
-0.156765
10.398
-90.0746
3.89366
10.366
-74.08
2.94607
10.1664
-57.8479
2.16869
9.74722
-41.3896
1.63043
8.15297
-26.3066
1.05819
6.08712
-12.948
0.437065
-8.16693
-90.0659
2.66266
-8.26236
-74.0167
1.63974
-8.38458
-57.7271
0.686296
-8.19422
-41.5161
-0.138576
-7.42974
-25.8349
-0.546
-5.99627
-12.405
-1.06434
13.9383
-136.955
5.83252
9.30494
-75.3445
2.92832
9.27005
-59.2081
2.06748
7.22214
-34.7011
1.08108
7.56567
-27.5073
0.572662
5.68127
-13.4161
-0.302089
-9.27761
-91.3101
2.64572
-9.29442
-75.3547
1.61637
-9.28651
-59.1606
0.710324
-8.81321
-43.0503
0.125497
-8.16033
-27.1787
-0.152472
-6.79028
-13.1123
-0.302223
39.326
-330.883
13.6208
48.8959
-333.324
12.4258
36.8897
-195.272
6.93309
21.3043
-87.0483
2.99869
27.5587
-79.2541
2.19811
17.4668
-26.7305
-0.282548
-34.8619
-330.792
8.54598
-35.0087
-266.345
4.54019
-27.8842
-163.756
0.749692
-37.8245
-161.612
-0.376222
-27.684
-77.66
-1.76075
-17.5182
-30.3453
-3.69271
0.188057
-500.072
16.6376
0.305092
-403.821
10.8949
0.0566863
-341.17
7.15026
-0.0393607
-209.55
2.50227
-2.93496
-118.846
0.181052
-3.92187
-30.6431
-1.29972
6.51197
-492.533
16.7224
4.76973
-329.615
9.3139
4.70027
-297.396
6.73181
4.82295
-224.901
3.41198
1.59661
-112.39
0.359175
0.040658
-39.8836
-1.19137
0.0721117
-13.6346
-0.447483
0.0735294
-6.1144
-0.0615232
2.30535
-394.547
15.0256
-14.7849
-15.5781
-1.12327
-0.0063236
1.1046
0.113292
8.01194
-8.46335
-1.34986
34.4367
-317.416
13.6119
39.2647
-298.858
11.7274
38.6802
-234.147
8.4676
49.9576
-227.173
7.95227
30.7957
-108.036
3.57536
23.5412
-52.8716
0.793916
-39.1354
-408.067
11.9289
-43.6412
-373.393
8.06807
-34.9289
-233.83
2.73021
-33.1538
-168.974
0.16102
-30.1669
-106.245
-1.26275
-24.0181
-51.7565
-2.44667
0.198004
-570.67
20.4182
0.144818
-376.688
11.4635
0.177844
-355.016
8.45061
0.422737
-219.823
4.15248
-1.54568
-163.168
1.52913
-4.83941
-77.2761
-1.22969
5.79852
-472.866
17.217
6.2729
-444.314
13.7911
5.21565
-346.575
8.69835
3.89663
-217.578
3.83346
2.728
-154.944
1.58778
0.572143
-73.5502
-0.530412
11.3476
-22.6594
-1.863
5.18427
-34.5453
1.04695
