-5.34553
43.5086
-7.02238
5.93119
65.247
-9.39446
0.391492
0.215721
0.134799
-0.203435
-0.0218452
-0.0849588
-4.05371
44.2575
-7.01609
7.86822
66.3951
-9.40593
0.183999
0.0149065
-0.102375
-0.23195
0.118547
0.126667
-10.6431
70.9887
-11.8229
-10.3825
54.8444
-9.61517
-12.1071
48.6336
-9.40534
-6.21201
18.8538
-4.082
-6.25387
13.319
-3.04053
-3.78093
4.77736
-1.16727
7.91672
70.9176
-10.3111
7.83327
54.6976
-8.06021
5.48198
29.4136
-4.25393
7.75529
30.341
-4.77888
4.84342
13.0021
-1.81625
2.99616
4.53068
0.133692
-8.07806
72.4587
-11.7881
-7.84768
56.2478
-9.48827
-8.14674
44.9598
-8.03121
-4.55496
19.7457
-3.47846
-4.22963
13.906
-2.52517
-2.66482
4.63867
-0.405231
10.5053
72.4048
-10.3394
10.3704
56.1684
-8.16105
7.19988
30.4286
-4.54946
10.54
31.9371
-5.40965
7.06807
13.7301
-2.38735
3.16821
4.22888
-0.450161
-2.08934
130.516
-19.9376
-2.05478
2.05491
-0.455506
-9.38405
87.771
-14.03
1.96159
1.79953
0.33496
18.3005
175.53
-25.071
-0.60606
-0.379234
0.160511
1.10688
0.429364
-0.196734
-0.983946
0.299592
-0.120642
1.16316
88.5127
-13.2942
-1.71025
2.15784
0.536735
2.23028
2.35841
-0.593338
0.127835
-0.106772
0.0401161
-10.6801
79.0344
-12.9371
-10.554
62.9142
-10.7095
-10.1041
46.858
-8.53348
-9.34898
31.4548
-6.43412
-7.2346
18.7875
-4.16112
-5.16124
8.6319
-1.97854
7.91292
78.9919
-11.4285
7.90071
62.8102
-9.17894
7.67909
46.7598
-6.92199
6.86809
31.7239
-4.60919
5.51764
18.4269
-2.80945
4.03419
8.30789
-0.836292
-12.1632
120.786
-19.3731
-7.99815
64.3434
-10.6416
-7.6407
48.2178
-8.32264
-5.55723
26.5167
-4.87536
-5.05389
19.6332
-3.62364
-3.3758
8.85788
-1.39584
10.5015
80.501
-11.4369
10.4487
64.2923
-9.24148
10.1872
48.1258
-7.09338
9.01834
33.0499
-5.14469
7.81765
19.4252
-3.31076
6.03089
8.84374
-1.50753
-37.311
286.925
-47.2478
-45.5546
277.897
-47.7333
-32.9962
153.847
-28.4197
-17.7417
64.9335
-12.738
-20.8683
54.6057
-11.2982
-12.6971
16.6445
-3.06768
36.4993
286.663
-41.3148
35.8403
221.874
-32.4352
27.0054
129.624
-18.8452
33.8463
118.889
-19.6862
22.9159
53.8288
-8.44526
13.6756
19.688
-0.729139
7.06668
434.526
-66.4325
7.27129
337.07
-52.9908
8.34226
268.957
-44.6233
6.74418
154.43
-26.4105
8.51929
81.4534
-14.8765
6.06178
19.4208
-3.38576
-8.04077
425.631
-66.43
-6.03721
273.51
-44.2781
-6.7722
233.572
-40.4115
-7.94875
164.564
-30.6129
-4.51509
77.0726
-14.9524
-3.02492
24.7954
-4.59318
-2.10598
7.65847
-1.36474
1.03722
3.5
-1.15327
-0.492363
351.066
-53.1317
11.2965
9.51279
-0.69064
0.0980284
-0.995808
0.159897
-5.65225
4.92909
-0.0340775
-32.783
279.257
-45.2526
-36.991
254.565
-42.727
-35.3573
190.243
-33.7723
-43.755
173.059
-33.4803
-24.1939
77.2984
-15.8656
-17.3675
35.0114
-6.98659
41.1629
358.844
-51.4559
45.2497
317.827
-46.0553
35.0082
190.026
-27.9753
30.7325
129.32
-19.8974
25.9591
76.0012
-12.2324
19.2133
34.6853
-4.66302
7.21353
503.206
-76.1307
6.07427
321.349
-49.7951
7.5016
288.546
-46.3828
5.50762
168.03
-29.0022
8.02679
115.949
-20.8887
9.08368
50.9447
-9.09368
-7.18663
414.795
-63.9681
-7.78262
377.025
-59.7187
-6.90814
280.289
-46.5641
-6.11915
165.507
-28.9393
-5.42531
109.791
-20.9508
-3.64757
48.5491
-9.48567
-6.27156
13.5819
-1.75524
-4.05512
26.7531
-4.85522
