-5.36227
43.5553
-7.15746
5.91227
65.317
-9.61192
0.391501
0.215798
0.135152
-0.204433
-0.021607
-0.085605
-4.04212
44.2942
-7.15118
7.89192
66.4502
-9.62335
0.184926
0.0151966
-0.103049
-0.231357
0.11823
0.126936
-10.6768
71.0751
-12.0441
-10.4163
54.9233
-9.7872
-12.1489
48.7196
-9.56125
-6.23559
18.8954
-4.14164
-6.28155
13.3559
-3.08273
-3.7999
4.79433
-1.1813
7.89161
71.0041
-10.5518
7.80963
54.7761
-8.25072
5.46684
29.4639
-4.35973
7.73548
30.409
-4.89809
4.83319
13.0364
-1.86912
2.99155
4.54394
0.115231
-8.05504
72.5255
-12.0094
-7.82577
56.3079
-9.66055
-8.125
45.0182
-8.17108
-4.54364
19.774
-3.53854
-4.21828
13.9297
-2.56759
-2.65687
4.64896
-0.420656
10.5369
72.4719
-10.5798
10.4019
56.2293
-8.35096
7.22376
30.4679
-4.65447
10.5792
31.9871
-5.5279
7.09532
13.7562
-2.43978
3.1823
4.23996
-0.462828
-2.13317
130.656
-20.3577
-2.06632
2.06332
-0.461007
-9.38923
87.8544
-14.3002
1.95978
1.80396
0.328176
18.3068
175.697
-25.6508
-0.61212
-0.380369
0.159779
1.10898
0.430932
-0.196234
-0.985424
0.301089
-0.119565
1.19043
88.5863
-13.5743
-1.706
2.16314
0.528882
2.24127
2.36699
-0.601137
0.130298
-0.107003
0.0391247
-10.7136
79.1242
-13.1829
-10.5878
62.997
-10.9059
-10.1378
46.9321
-8.68155
-9.38113
31.517
-6.53578
-7.26464
18.8341
-4.221
-5.18536
8.65873
-2.00523
7.88768
79.0818
-11.694
7.87611
62.8929
-9.39443
7.65686
46.8333
-7.08759
6.84994
31.7843
-4.72714
5.50467
18.4716
-2.88281
4.02676
8.33164
-0.870545
-12.1285
120.891
-19.7419
-7.97551
64.407
-10.8384
-7.61992
48.2742
-8.47108
-5.54325
26.5541
-4.95809
-5.04035
19.664
-3.68402
-3.36653
8.87431
-1.42268
10.5331
80.5713
-11.7023
10.4802
64.3564
-9.45657
10.2185
48.1832
-7.25827
9.05033
33.0967
-5.26141
7.84726
19.4583
-3.38359
6.05459
8.86325
-1.54143
-37.3324
287.231
-48.1326
-45.5844
278.244
-48.5926
-33.0224
154.08
-28.9029
-17.7611
65.0488
-12.9375
-20.9003
54.7248
-11.4649
-12.722
16.6905
-3.11633
36.5126
286.97
-42.2764
35.8564
222.152
-33.1951
27.0244
129.816
-19.3016
33.882
119.113
-20.1338
22.9495
53.9461
-8.65235
13.7051
19.7342
-0.795255
7.22896
434.928
-67.8177
7.42694
337.433
-54.0769
8.5066
269.309
-45.512
6.87901
154.661
-26.9348
8.63157
81.6018
-15.1622
6.1228
19.4689
-3.46195
-8.21575
426.15
-67.8159
-6.17839
273.905
-45.1866
-6.92974
233.981
-41.2096
-8.10462
164.934
-31.2053
-4.62853
77.2848
-15.2406
-3.10267
24.88
-4.69088
-2.15165
7.68407
-1.3919
1.05651
3.51187
-1.17388
-0.496304
351.4
-54.252
11.3247
9.53751
-0.717522
0.0997675
-0.997606
0.164615
-5.66438
4.94377
-0.045291
-32.8013
279.537
-46.1128
-37.0133
254.857
-43.5131
-35.3824
190.503
-34.3644
-43.7935
173.35
-34.0258
-24.2261
77.4511
-16.104
-17.3973
35.0955
-7.09106
41.1772
359.204
-52.6502
45.2676
318.194
-47.1305
35.0272
190.286
-28.6351
30.7595
129.535
-20.3646
25.9916
76.154
-12.5218
19.2467
34.7665
-4.79503
7.38365
503.644
-77.728
6.20776
321.668
-50.8257
7.65355
288.888
-47.3227
5.63064
168.27
-29.5628
8.15017
116.14
-21.2878
9.1836
51.0496
-9.27898
-7.34004
415.267
-65.3104
-7.95646
377.522
-60.9552
-7.07287
280.734
-47.5066
-6.24872
165.828
-29.5173
-5.55386
110.065
-21.3536
-3.744
48.6975
-9.67191
-6.25096
13.6202
-1.80125
-4.04634
26.7917
-4.94016
