-5.37695
43.585
-7.28951
5.89109
65.3616
-9.82592
0.391351
0.215788
0.135445
-0.205344
-0.0213599
-0.0862133
-4.02895
44.3133
-7.28323
7.91263
66.4789
-9.8373
0.185775
0.0154783
-0.103682
-0.230669
0.117861
0.127156
-10.7063
71.1338
-12.26
-10.446
54.9806
-9.95483
-12.186
48.7863
-9.71277
-6.25667
18.9294
-4.19933
-6.30665
13.3875
-3.12338
-3.81727
4.80937
-1.19469
7.86347
71.0629
-10.7886
7.78299
54.8331
-8.43822
5.4496
29.5025
-4.46391
7.71262
30.4649
-5.0155
4.82103
13.0655
-1.92131
2.98574
4.55539
0.0966898
-8.02886
72.5632
-12.2255
-7.80077
56.3451
-9.82848
-8.10006
45.0579
-8.30716
-4.53048
19.794
-3.59688
-4.20519
13.9475
-2.60867
-2.64785
4.65712
-0.43575
10.5645
72.51
-10.8163
10.4293
56.2674
-8.53782
7.24483
30.4946
-4.75777
10.6143
32.0235
-5.64413
7.1197
13.7764
-2.49132
3.19507
4.24916
-0.475339
-2.17618
130.746
-20.7698
-2.07699
2.0709
-0.466242
-9.39077
87.9032
-14.5643
1.95717
1.80768
0.321234
18.3061
175.794
-26.2213
-0.617915
-0.381335
0.158994
1.11063
0.432326
-0.195669
-0.986491
0.30245
-0.118428
1.2173
88.6245
-13.849
-1.70108
2.16741
0.520912
2.25133
2.3745
-0.608718
0.132701
-0.107198
0.038121
-10.743
79.1832
-13.423
-10.6175
63.0552
-11.0976
-10.1675
46.9878
-8.82568
-9.40956
31.5666
-6.63437
-7.29174
18.8732
-4.27882
-5.20734
8.68207
-2.03088
7.85941
79.1409
-11.9553
7.8485
62.951
-9.6065
7.63169
46.8883
-7.25058
6.82912
31.8321
-4.84335
5.48952
18.5088
-2.95511
4.01771
8.35205
-0.904501
-12.089
120.948
-20.1021
-7.94975
64.4445
-11.0303
-7.59614
48.3108
-8.61565
-5.52708
26.5804
-5.03847
-5.02475
19.6864
-3.74255
-3.35588
8.88685
-1.4487
10.5607
80.6093
-11.9634
10.5078
64.3946
-9.66822
10.2459
48.2209
-7.42049
9.07878
33.1298
-5.37621
7.87372
19.4831
-3.45518
6.07582
8.8789
-1.57478
-37.3392
287.424
-48.9964
-45.5964
278.479
-49.43
-33.0356
154.251
-29.3728
-17.7734
65.1375
-13.1307
-20.9238
54.8211
-11.6257
-12.7417
16.7293
-3.16309
36.512
287.163
-43.2227
35.8588
222.342
-33.9429
27.033
129.956
-19.7509
33.9042
119.288
-20.574
22.9739
54.0409
-8.85625
13.7289
19.772
-0.861194
7.38884
435.155
-69.1756
7.58003
337.66
-55.1408
8.66785
269.551
-46.3816
7.01131
154.827
-27.4474
8.74046
81.715
-15.441
6.18126
19.5081
-3.53652
-8.38751
426.503
-69.1745
-6.31705
274.191
-46.0765
-7.08437
234.297
-41.9905
-8.25719
165.239
-31.7841
-4.73996
77.4659
-15.522
-3.17901
24.9546
-4.7863
-2.19632
7.70665
-1.41831
1.07532
3.52202
-1.19394
-0.499921
351.595
-55.351
11.3482
9.55818
-0.744245
0.101437
-0.999025
0.169241
-5.67418
4.95624
-0.0562427
-32.8069
279.706
-46.9532
-37.0212
255.049
-44.2799
-35.3937
190.686
-34.9408
-43.8146
173.57
-34.5553
-24.2486
77.5718
-16.3344
-17.42
35.1648
-7.19167
41.1758
359.422
-53.8255
45.2682
318.434
-48.1886
35.0327
190.47
-29.2844
30.7745
129.697
-20.8243
26.0137
76.2753
-12.8066
19.2724
34.833
-4.92532
7.55134
503.881
-79.2944
6.33915
321.858
-51.8357
7.80279
289.111
-48.243
5.75157
168.44
-30.1109
8.27047
116.282
-21.6776
9.27979
51.1321
-9.46003
-7.49059
415.577
-66.6267
-8.12715
377.872
-62.167
-7.23466
281.067
-48.4294
-6.37568
166.083
-30.0827
-5.68005
110.295
-21.747
-3.83876
48.8262
-9.85368
-6.22784
13.6524
-1.84604
-4.03596
26.8192
-5.02284
