-5.38959
43.5979
-7.41845
5.86769
65.3808
-10.0363
0.391041
0.215691
0.135678
-0.206167
-0.0211041
-0.0867831
-4.01422
44.3148
-7.41219
7.9304
66.4812
-10.0477
0.186544
0.0157514
-0.104271
-0.229884
0.117437
0.127327
-10.7318
71.1648
-12.4705
-10.4717
55.0163
-10.118
-12.2183
48.8335
-9.85986
-6.27524
18.9558
-4.25506
-6.32915
13.4136
-3.16248
-3.83304
4.82243
-1.20743
7.83238
71.0939
-11.0214
7.75343
54.8686
-8.62259
5.43027
29.5294
-4.56643
7.68675
30.5083
-5.13105
4.80695
13.0892
-1.9728
2.97871
4.56498
0.0780699
-7.99958
72.5718
-12.4362
-7.77275
56.3593
-9.992
-8.07194
45.079
-8.43941
-4.51552
19.8056
-3.65347
-4.19037
13.9591
-2.64839
-2.63773
4.66312
-0.450515
10.5882
72.519
-11.0489
10.4529
56.2827
-8.72153
7.26312
30.5087
-4.8593
10.6451
32.0464
-5.75829
7.14119
13.7907
-2.54194
3.20651
4.25646
-0.487693
-2.21834
130.784
-21.1736
-2.08677
2.07762
-0.471214
-9.3887
87.9175
-14.8222
1.95375
1.81067
0.314135
18.2985
175.823
-26.7822
-0.623442
-0.382132
0.158155
1.11183
0.433542
-0.195039
-0.98714
0.303671
-0.11723
1.24377
88.6276
-14.1182
-1.69546
2.17062
0.512818
2.26044
2.3809
-0.616077
0.135043
-0.107359
0.0371047
-10.7683
79.2115
-13.6573
-10.6432
63.0888
-11.2843
-10.1933
47.0249
-8.96581
-9.43429
31.6035
-6.72988
-7.31587
18.9046
-4.33458
-5.22715
8.70183
-2.05547
7.82818
79.1693
-12.2122
7.81793
62.9844
-9.81504
7.60364
46.9247
-7.41088
6.80567
31.867
-4.95775
5.47219
18.5384
-3.02633
4.00705
8.36904
-0.938149
-12.0448
120.956
-20.4538
-7.92091
64.4561
-11.2174
-7.5694
48.3275
-8.75629
-5.50872
26.5955
-5.11647
-5.0071
19.7004
-3.79922
-3.34385
8.89542
-1.4739
10.5843
80.6152
-12.2202
10.5314
64.4069
-9.87631
10.2694
48.2387
-7.57998
9.10369
33.149
-5.48902
7.89704
19.4995
-3.5255
6.09455
8.89062
-1.60756
-37.3317
287.503
-49.8388
-45.5908
278.604
-50.2452
-33.0359
154.359
-29.8291
-17.7786
65.1993
-13.3177
-20.9386
54.894
-11.7807
-12.7561
16.7607
-3.20798
36.4977
287.243
-44.1532
35.8477
222.442
-34.6781
27.0311
130.044
-20.1928
33.9131
119.413
-21.0066
22.9891
54.1128
-9.05689
13.7471
19.8014
-0.92694
7.54626
435.208
-70.5056
7.73052
337.749
-56.182
8.82595
269.68
-47.2318
7.14103
154.927
-27.9483
8.84594
81.7924
-15.7131
6.23714
19.5384
-3.60948
-8.55593
426.689
-70.5053
-6.45308
274.37
-46.9475
-7.23597
234.52
-42.7539
-8.40635
165.476
-32.3492
-4.84931
77.6152
-15.7964
-3.25391
25.0191
-4.87943
-2.24
7.72609
-1.44397
1.09365
3.53039
-1.21342
-0.503193
351.653
-56.4279
11.3671
9.57471
-0.770803
0.103035
-1.00007
0.173775
-5.68162
4.96645
-0.0669423
-32.7999
279.765
-47.7734
-37.0148
255.138
-45.0271
-35.3913
190.793
-35.5014
-43.8185
173.719
-35.0686
-24.2612
77.66
-16.5568
-17.4355
35.219
-7.28844
41.1589
359.499
-54.9811
45.2518
318.548
-49.229
35.025
190.576
-29.9227
30.7775
129.805
-21.2763
26.0255
76.3646
-13.0867
19.2902
34.8846
-5.05386
7.71652
503.917
-80.8291
6.46842
321.917
-52.8247
7.94929
289.216
-49.1432
5.87035
168.539
-30.6463
8.38766
116.374
-22.058
9.37222
51.1917
-9.6368
-7.63818
415.726
-67.9164
-8.29455
378.074
-63.3535
-7.39339
281.29
-49.332
-6.49995
166.27
-30.6353
-5.80381
110.481
-22.131
-3.9318
48.9348
-10.0309
-6.20217
13.6782
-1.88963
-4.02398
26.8356
-5.10325
