-5.40877
43.5732
-7.66684
5.81444
65.3438
-10.4459
0.38993
0.215227
0.135963
-0.207546
-0.020567
-0.0878056
-3.98021
44.2655
-7.66062
7.95719
66.4072
-10.4571
0.187842
0.016271
-0.105319
-0.228014
0.116422
0.127518
-10.7705
71.1438
-12.8754
-10.511
55.0227
-10.4308
-12.2685
48.8689
-10.1406
-6.30485
18.9851
-4.36059
-6.36623
13.4489
-3.23604
-3.85967
4.84237
-1.23103
7.76161
71.0732
-11.4748
7.68576
54.8745
-8.98158
5.38552
29.5476
-4.76625
7.62605
30.5575
-5.35639
4.77296
13.1202
-2.07359
2.96094
4.57839
0.0406093
-7.93193
72.5021
-12.8414
-7.7078
56.3191
-10.3056
-8.00633
45.0646
-8.69228
-4.48016
19.8034
-3.76133
-4.15548
13.9637
-2.72378
-2.61418
4.66842
-0.479078
10.6239
72.4501
-11.5017
10.4883
56.2445
-9.07913
7.29136
30.4989
-5.05689
10.6943
32.0507
-5.98024
7.17545
13.8007
-2.64038
3.22535
4.2652
-0.511918
-2.29995
130.71
-21.9558
-2.10361
2.08837
-0.480378
-9.37395
87.8434
-15.319
1.94446
1.81436
0.29946
18.2631
175.675
-27.8741
-0.633683
-0.383218
0.156313
1.1128
0.435427
-0.193577
-0.987162
0.305685
-0.114653
1.29546
88.529
-14.6397
-1.68211
2.17376
0.49623
2.27574
2.39034
-0.630125
0.139546
-0.107576
0.0350319
-10.8068
79.1761
-14.1083
-10.6823
63.0818
-11.6428
-10.233
47.0429
-9.23394
-9.47261
31.6387
-6.9116
-7.35514
18.9439
-4.4399
-5.26014
8.7303
-2.10152
7.75715
79.1342
-12.7123
7.74822
62.9774
-10.221
7.53909
46.9415
-7.72307
6.751
31.8982
-5.18093
5.43102
18.5747
-3.16535
3.9808
8.39243
-1.00447
-11.9428
120.829
-21.1305
-7.8542
64.4013
-11.5766
-7.50723
48.3013
-9.02562
-5.46553
26.592
-5.26527
-4.96561
19.7024
-3.90693
-3.31556
8.90039
-1.52187
10.62
80.5311
-12.7201
10.5669
64.3535
-10.2814
10.3049
48.215
-7.89041
9.14288
33.1453
-5.70851
7.93419
19.5069
-3.66221
6.12444
8.90204
-1.6714
-37.2744
287.321
-51.4584
-45.5273
278.517
-51.8082
-32.998
154.384
-30.7009
-17.7678
65.2408
-13.6728
-20.9422
54.9687
-12.073
-12.7687
16.8009
-3.29217
36.4287
287.063
-45.9646
35.7855
222.376
-36.1094
26.9967
130.059
-21.0537
33.8909
119.511
-21.8484
22.9916
54.1865
-9.44808
13.7663
19.8339
-1.0578
7.85345
434.793
-73.0796
8.02348
337.515
-58.1948
9.13258
269.601
-48.8725
7.39257
154.928
-28.9141
9.04659
81.8381
-16.2364
6.34106
19.5713
-3.75049
-8.88216
426.565
-73.0807
-6.71678
274.402
-48.631
-7.52956
234.683
-44.2267
-8.69407
165.746
-33.4377
-5.06148
77.8159
-16.3243
-3.39925
25.116
-5.05878
-2.3243
7.75507
-1.49306
1.12886
3.54162
-1.25067
-0.508628
351.356
-58.5139
11.3905
9.59489
-0.823395
0.106017
-1.00101
0.18257
-5.68928
4.9798
-0.0876339
-32.7487
279.555
-49.352
-36.96
255.014
-46.4618
-35.3454
190.774
-36.5743
-43.7748
173.8
-36.0464
-24.2565
77.737
-16.9776
-17.4444
35.281
-7.47045
41.0797
359.231
-57.2308
45.1687
318.396
-51.2542
34.9702
190.558
-31.1656
30.7478
129.861
-22.1563
26.018
76.4454
-13.6321
19.3022
34.9419
-5.30551
8.0391
503.39
-83.8006
6.72039
321.648
-54.7375
8.23392
289.068
-50.8822
6.10133
168.523
-31.6783
8.61262
116.405
-22.7902
9.54573
51.2411
-9.97736
-7.92399
415.541
-70.4134
-8.6189
378.034
-65.6485
-7.70111
281.398
-51.0755
-6.74003
166.443
-31.7015
-6.04364
110.713
-22.8698
-4.11252
49.09
-10.3718
-6.14302
13.7102
-1.97321
-3.99531
26.8347
-5.25712
