-5.41534
43.5357
-7.78618
5.7847
65.2876
-10.6448
0.389125
0.214858
0.136015
-0.208098
-0.0202862
-0.0882575
-3.96098
44.2148
-7.77999
7.96626
66.3312
-10.656
0.188368
0.0165173
-0.105776
-0.226927
0.115829
0.127536
-10.7839
71.0919
-13.0695
-10.5247
54.9932
-10.5804
-12.2864
48.8568
-10.2743
-6.31586
18.9879
-4.41039
-6.38078
13.4579
-3.2705
-3.87048
4.84916
-1.24188
7.72206
71.0214
-11.695
7.64777
54.8449
-9.156
5.36015
29.5388
-4.86344
7.59127
30.5629
-5.46606
4.75306
13.1273
-2.12284
2.95018
4.58213
0.0217772
-7.89368
72.424
-13.0357
-7.67098
56.2647
-10.4556
-7.96891
45.0291
-8.81283
-4.4598
19.7894
-3.81259
-4.1354
13.9565
-2.75944
-2.60072
4.66765
-0.49289
10.6359
72.3725
-11.7216
10.5002
56.1911
-9.25283
7.30133
30.4748
-5.15285
10.7126
32.0319
-6.08793
7.18819
13.7965
-2.68816
3.23273
4.26658
-0.523784
-2.33935
130.598
-22.3337
-2.11066
2.09235
-0.484575
-9.36134
87.7552
-15.5577
1.93856
1.81502
0.291883
18.2355
175.499
-28.4044
-0.638394
-0.383509
0.155307
1.11258
0.43609
-0.192744
-0.986523
0.306471
-0.113275
1.32066
88.4276
-14.8916
-1.67436
2.17365
0.487721
2.28192
2.39333
-0.636807
0.141706
-0.107632
0.0339745
-10.82
79.1126
-14.3248
-10.6959
63.0413
-11.8145
-10.247
47.0237
-9.36188
-9.48621
31.6368
-6.99779
-7.37025
18.9515
-4.48947
-5.27328
8.73887
-2.12299
7.71747
79.0708
-12.9552
7.7092
62.9369
-10.4183
7.50272
46.9218
-7.87479
6.71983
31.8941
-5.28958
5.40719
18.581
-3.23311
3.96521
8.3987
-1.03713
-11.8852
120.695
-21.4554
-7.81645
64.3351
-11.7486
-7.47187
48.2584
-9.15424
-5.44074
26.5732
-5.33603
-4.94177
19.6904
-3.95796
-3.29928
8.89668
-1.54464
10.6321
80.4415
-12.9629
10.5788
64.2881
-10.4782
10.3168
48.1733
-8.04119
9.15718
33.1223
-5.81509
7.94801
19.4977
-3.72856
6.13556
8.90162
-1.70244
-37.2248
287.06
-52.235
-45.4698
278.306
-52.5555
-32.9599
154.302
-31.1161
-17.7517
65.2202
-13.8409
-20.9308
54.9698
-12.2103
-12.7668
16.8093
-3.33151
36.3744
286.803
-46.8445
35.7348
222.209
-36.8046
26.9642
129.986
-21.4722
33.86
119.484
-22.2572
22.9789
54.1876
-9.63847
13.7672
19.8368
-1.12287
8.00309
434.326
-74.3224
8.16586
337.192
-59.1654
9.28101
269.392
-49.6624
7.51429
154.827
-29.3786
9.14171
81.8054
-16.4876
6.38907
19.5735
-3.81854
-9.03971
426.254
-74.3241
-6.84422
274.256
-49.4429
-7.67133
234.621
-44.9356
-8.83244
165.777
-33.9607
-5.16417
77.8662
-16.5776
-3.46963
25.148
-5.14498
-2.3649
7.76439
-1.51649
1.14574
3.5444
-1.26844
-0.51076
351.004
-59.5218
11.3949
9.59835
-0.849414
0.1074
-1.00091
0.186831
-5.68944
4.98284
-0.0976543
-32.7048
279.287
-50.1098
-36.9118
254.8
-47.1488
-35.3023
190.648
-37.0863
-43.7273
173.731
-36.5107
-24.2393
77.7252
-17.176
-17.4378
35.2882
-7.55573
41.0178
358.887
-58.3235
45.1025
318.13
-52.238
34.9235
190.433
-31.7695
30.7152
129.808
-22.5839
25.9987
76.4362
-13.8973
19.2964
34.9472
-5.42853
8.19632
502.829
-85.2359
6.84298
321.319
-55.6605
8.37195
288.815
-51.7202
6.21343
168.407
-32.1746
8.72034
116.343
-23.1417
9.62676
51.2301
-10.1411
-8.06199
415.208
-71.6195
-8.77559
377.792
-66.7559
-7.84984
281.283
-51.9157
-6.85569
166.427
-32.2146
-6.15956
110.759
-23.2246
-4.2001
49.1356
-10.5354
-6.10949
13.7161
-2.01325
-3.97865
26.8173
-5.33056
