-5.41991
43.4816
-7.90223
5.75295
65.2065
-10.8397
0.388151
0.214394
0.136004
-0.208559
-0.0199976
-0.0886694
-3.94032
44.1469
-7.89606
7.97249
66.2294
-10.8508
0.188811
0.0167544
-0.106189
-0.225735
0.115178
0.127502
-10.7932
71.0125
-13.2579
-10.5344
54.942
-10.7253
-12.2996
48.8248
-10.4034
-6.32433
18.9828
-4.45822
-6.39264
13.461
-3.30343
-3.87962
4.85377
-1.25212
7.67982
70.9421
-11.9107
7.60709
54.7935
-9.3269
5.33283
29.5179
-4.95874
7.55357
30.5554
-5.57366
4.73123
13.1287
-2.17132
2.93816
4.58383
0.00288401
-7.85255
72.3172
-13.2244
-7.63132
56.1874
-10.6009
-7.92847
44.9745
-8.92944
-4.43765
19.7669
-3.86206
-4.11355
13.9429
-2.79376
-2.58611
4.66457
-0.5064
10.6441
72.2662
-11.9371
10.5083
56.1149
-9.42299
7.30855
30.438
-5.24685
10.7266
31.9991
-6.19337
7.19798
13.7859
-2.73496
3.23873
4.26595
-0.535479
-2.37777
130.436
-22.7026
-2.11677
2.09537
-0.488523
-9.3453
87.6332
-15.7899
1.93183
1.81486
0.284147
18.2015
175.255
-28.9239
-0.642829
-0.383632
0.154243
1.11188
0.436562
-0.191841
-0.985444
0.307108
-0.111838
1.3454
88.2918
-15.1376
-1.66587
2.17239
0.479058
2.28711
2.39514
-0.643259
0.143805
-0.107653
0.0329023
-10.8292
79.0187
-14.5352
-10.7054
62.9762
-11.981
-10.257
46.9856
-9.48569
-9.4961
31.6217
-7.08085
-7.38231
18.951
-4.53699
-5.28416
8.74356
-2.14343
7.67511
78.9771
-13.1932
7.66749
62.8718
-10.6115
7.46367
46.8832
-8.02347
6.68617
31.8769
-5.39619
5.38122
18.5794
-3.29964
3.94796
8.40127
-1.06942
-11.8232
120.512
-21.7711
-7.77583
64.2431
-11.9156
-7.43372
48.1955
-9.27879
-5.41384
26.543
-5.40437
-4.91589
19.6695
-4.00712
-3.28157
8.88878
-1.56662
10.6403
80.3202
-13.2007
10.587
64.1969
-10.671
10.325
48.1117
-8.18891
9.16795
33.0852
-5.91948
7.95863
19.4798
-3.79352
6.14412
8.89705
-1.73286
-37.1616
286.687
-52.9891
-45.3954
277.984
-53.2797
-32.9092
154.155
-31.5174
-17.7285
65.1716
-14.0027
-20.9106
54.9463
-12.3418
-12.7593
16.8098
-3.36905
36.3072
286.432
-47.7064
35.6713
221.952
-37.4858
26.9218
129.86
-21.8824
33.8158
119.405
-22.6576
22.9569
54.1646
-9.82529
13.7623
19.8306
-1.18769
8.14999
433.686
-75.5348
8.30542
336.732
-60.1117
9.42612
269.069
-50.4317
7.63327
154.659
-29.8308
9.23334
81.7352
-16.7317
6.43443
19.5662
-3.88494
-9.19338
425.778
-75.5372
-6.96858
274.001
-50.2344
-7.8096
234.464
-45.6258
-8.96704
165.738
-34.4694
-5.26453
77.8825
-16.8238
-3.53846
25.1687
-5.22888
-2.40446
7.77013
-1.53918
1.16214
3.54524
-1.28564
-0.512484
350.516
-60.5057
11.3944
9.59729
-0.875233
0.108712
-1.00043
0.191002
-5.68712
4.98338
-0.107479
-32.6489
278.91
-50.8462
-36.8499
254.486
-47.8153
-35.2458
190.445
-37.582
-43.6629
173.589
-36.9585
-24.212
77.6793
-17.3665
-17.4237
35.2793
-7.63725
40.9414
358.403
-59.3939
45.0203
317.739
-53.2018
34.864
190.23
-32.3611
30.671
129.699
-23.003
25.9691
76.3934
-14.1572
19.2825
34.9366
-5.54961
8.35073
502.07
-86.6366
6.96324
320.861
-56.5607
8.50707
288.443
-52.5367
6.32321
168.219
-32.6575
8.82484
116.229
-23.4834
9.70395
51.1949
-10.3005
-8.19658
414.716
-72.7966
-8.92845
377.402
-67.836
-7.99499
281.055
-52.7343
-6.96831
166.342
-32.7141
-6.27271
110.757
-23.5695
-4.28577
49.1595
-10.6943
-6.07329
13.7151
-2.05214
-3.96045
26.7886
-5.40164
