-5.42249
43.411
-8.01493
5.71922
65.1006
-11.0303
0.387007
0.213836
0.135932
-0.208926
-0.0197013
-0.0890411
-3.91824
44.0618
-8.00879
7.97588
66.1018
-11.0414
0.189171
0.0169823
-0.106557
-0.224439
0.114468
0.127414
-10.7985
70.9056
-13.4407
-10.5402
54.869
-10.8655
-12.308
48.7727
-10.528
-6.33027
18.9695
-4.50409
-6.40179
13.4582
-3.33484
-3.88705
4.85615
-1.26174
7.63495
70.8353
-12.1218
7.56378
54.7204
-9.49417
5.3036
29.485
-5.0521
7.51298
30.5347
-5.67913
4.70747
13.1243
-2.21898
2.92488
4.58347
-0.0160643
-7.8086
72.1818
-13.4073
-7.58887
56.0872
-10.7417
-7.88505
44.901
-9.04208
-4.41374
19.7357
-3.90975
-4.08994
13.9229
-2.82675
-2.57036
4.65914
-0.519615
10.6486
72.1313
-12.1479
10.5127
56.0159
-9.58952
7.31304
30.3884
-5.33884
10.7365
31.9522
-6.29651
7.20483
13.7691
-2.78075
3.24336
4.26329
-0.547002
-2.41517
130.224
-23.0623
-2.12195
2.0974
-0.492225
-9.32586
87.4775
-16.0153
1.92425
1.81388
0.276253
18.1611
174.943
-29.4321
-0.646986
-0.383588
0.15312
1.11068
0.436842
-0.190866
-0.983923
0.307594
-0.110344
1.36968
88.1218
-15.3774
-1.65665
2.16998
0.470233
2.2913
2.39577
-0.649477
0.145844
-0.107639
0.0318151
-10.8344
78.8945
-14.7394
-10.711
62.8864
-12.1424
-10.2632
46.9285
-9.60536
-9.50228
31.5933
-7.16078
-7.39131
18.9422
-4.58245
-5.29277
8.74432
-2.16286
7.63012
78.853
-13.426
7.62315
62.782
-10.8007
7.422
46.8257
-8.16903
6.65003
31.8463
-5.50069
5.35311
18.5697
-3.36492
3.92906
8.4001
-1.10134
-11.757
120.283
-22.0775
-7.7324
64.1254
-12.0773
-7.39282
48.1127
-9.39924
-5.38486
26.5014
-5.47027
-4.88795
19.6398
-4.0544
-3.26242
8.87667
-1.58782
10.6448
80.1676
-13.4335
10.5913
64.0801
-10.8596
10.3294
48.0303
-8.33348
9.17519
33.0338
-6.02164
7.96606
19.4532
-3.85708
6.15011
8.88831
-1.76267
-37.0847
286.202
-53.7204
-45.3041
277.55
-53.9807
-32.846
153.944
-31.9048
-17.6983
65.0951
-14.1582
-20.8816
54.8979
-12.4674
-12.7464
16.8022
-3.40482
36.2273
285.948
-48.5499
35.595
221.607
-38.1524
26.8694
129.679
-22.2841
33.7585
119.275
-23.0496
22.9255
54.1172
-10.0085
13.7516
19.8151
-1.25222
8.29407
432.876
-76.7164
8.4421
336.136
-61.0331
9.56785
268.633
-51.18
7.74943
154.423
-30.2704
9.32144
81.6273
-16.9688
6.47712
19.5492
-3.9497
-9.34306
425.138
-76.7194
-7.08976
273.636
-51.0051
-7.94427
234.21
-46.2972
-9.09777
165.628
-34.9636
-5.36248
77.8642
-17.0628
-3.6057
25.1778
-5.31046
-2.44296
7.77219
-1.56115
1.17805
3.54413
-1.30226
-0.513791
349.893
-61.4651
11.3891
9.59162
-0.900842
0.109954
-0.999576
0.195083
-5.6823
4.9814
-0.117126
-32.5811
278.425
-51.5609
-36.7745
254.07
-48.4611
-35.1761
190.164
-38.0611
-43.5816
173.373
-37.3899
-24.1747
77.5992
-17.549
-17.4021
35.2541
-7.71503
40.8506
357.78
-60.4414
44.922
317.222
-54.1449
34.792
189.95
-32.9402
30.615
129.536
-23.4133
25.9291
76.317
-14.4118
19.2606
34.91
-5.66871
8.50223
501.115
-88.002
7.08112
320.275
-57.4377
8.63921
287.951
-53.3315
6.43062
167.958
-33.1268
8.92611
116.063
-23.8153
9.77727
51.1354
-10.4555
-8.32764
414.064
-73.944
-9.07736
376.864
-68.8881
-8.13643
280.714
-53.5311
-7.07782
166.186
-33.2
-6.38301
110.706
-23.9044
-4.3695
49.1612
-10.8486
-6.0344
13.7072
-2.08992
-3.94073
26.7484
-5.47035
