-5.42309
43.3238
-8.12425
5.68357
64.9698
-11.2166
0.385692
0.213182
0.135799
-0.2092
-0.0193975
-0.0893724
-3.89477
43.9598
-8.11814
7.97646
65.9488
-11.2277
0.189446
0.0172009
-0.106878
-0.223036
0.113699
0.127272
-10.8
70.7712
-13.6178
-10.5421
54.7742
-11.0011
-12.3117
48.7005
-10.648
-6.33366
18.9482
-4.54799
-6.40822
13.4493
-3.36473
-3.89278
4.85626
-1.27077
7.58751
70.7011
-12.3282
7.51788
54.6255
-9.65771
5.27247
29.4399
-5.14347
7.46952
30.5008
-5.78242
4.68178
13.114
-2.26581
2.91033
4.581
-0.0350613
-7.76187
72.018
-13.5846
-7.54368
55.9644
-10.8777
-7.83867
44.8086
-9.15073
-4.38808
19.6959
-3.95565
-4.06456
13.8965
-2.8584
-2.55345
4.65134
-0.532545
10.6493
71.968
-12.354
10.5132
55.8942
-9.75231
7.31478
30.326
-5.42877
10.7421
31.8911
-6.39729
7.2087
13.7459
-2.82551
3.24659
4.25857
-0.558346
-2.45154
129.962
-23.4127
-2.12617
2.09843
-0.495686
-9.30305
87.2883
-16.234
1.91581
1.81204
0.268203
18.1143
174.565
-29.9289
-0.650866
-0.383379
0.151937
1.109
0.436927
-0.189819
-0.981954
0.307926
-0.108792
1.39347
87.9177
-15.6109
-1.64667
2.16639
0.461238
2.29447
2.3952
-0.655457
0.147821
-0.10759
0.0307124
-10.8357
78.7401
-14.9373
-10.7127
62.772
-12.2986
-10.2655
46.8525
-9.72088
-9.50476
31.5516
-7.23758
-7.39725
18.9252
-4.62588
-5.29908
8.7411
-2.18128
7.58256
78.6987
-13.6536
7.57622
62.6676
-10.9855
7.37775
46.7492
-8.31138
6.61144
31.8023
-5.60303
5.32288
18.5518
-3.42892
3.9085
8.39511
-1.13288
-11.6866
120.007
-22.3745
-7.68621
63.9821
-12.2339
-7.34921
48.01
-9.51558
-5.35381
26.4483
-5.53373
-4.85797
19.6012
-4.09982
-3.24183
8.86031
-1.60823
10.6455
79.9837
-13.6609
10.5919
63.9376
-11.044
10.33
47.929
-8.47482
9.17892
32.9682
-6.1215
7.9703
19.4177
-3.9192
6.1535
8.87535
-1.79185
-36.9945
285.606
-54.4288
-45.1963
277.005
-54.6583
-32.7703
153.669
-32.2782
-17.661
64.9903
-14.3074
-20.8437
54.8246
-12.5874
-12.7278
16.7864
-3.43887
36.1347
285.352
-49.3744
35.5061
221.173
-38.8041
26.8071
129.445
-22.677
33.6881
119.092
-23.4328
22.8848
54.0451
-10.1879
13.735
19.7903
-1.31644
8.43524
431.895
-77.8665
8.57583
335.403
-61.9293
9.70614
268.084
-51.9072
7.86274
154.118
-30.6973
9.406
81.4814
-17.1987
6.51714
19.5223
-4.01281
-9.48862
424.332
-77.8701
-7.20765
273.163
-51.7548
-8.07524
233.86
-46.9494
-9.22456
165.446
-35.4431
-5.45798
77.8111
-17.2946
-3.67134
25.1751
-5.38973
-2.48041
7.77048
-1.5824
1.19347
3.54104
-1.31831
-0.514674
349.136
-62.3994
11.3787
9.58129
-0.926228
0.111125
-0.998339
0.199075
-5.67496
4.97686
-0.126613
-32.5016
277.832
-52.2537
-36.6857
253.554
-49.0861
-35.0932
189.805
-38.5237
-43.4835
173.083
-37.8048
-24.1275
77.4846
-17.7236
-17.373
35.2124
-7.78913
40.7456
357.019
-61.4651
44.8081
316.579
-55.0669
34.7075
189.592
-33.5064
30.5475
129.318
-23.8146
25.8788
76.2065
-14.6609
19.2306
34.8671
-5.78577
8.65073
499.965
-89.3315
7.19653
319.561
-58.2911
8.76832
287.341
-54.1042
6.53561
167.626
-33.5825
9.0241
115.844
-24.1372
9.84672
51.0514
-10.606
-8.45509
413.254
-75.0612
-9.2222
376.179
-69.9119
-8.27406
280.259
-54.3056
-7.18415
165.961
-33.672
-6.49041
110.607
-24.2292
-4.45124
49.1404
-10.9983
-5.99281
13.6922
-2.12661
-3.91951
26.6969
-5.53669
