-5.42173
43.2202
-8.23014
5.64604
64.8144
-11.3985
0.384203
0.212432
0.135604
-0.20938
-0.0190865
-0.0896631
-3.86995
43.8408
-8.22406
7.97425
65.7704
-11.4095
0.189636
0.0174102
-0.107154
-0.221526
0.11287
0.127075
-10.7974
70.6094
-13.789
-10.54
54.6575
-11.1319
-12.3106
48.608
-10.7634
-6.33451
18.9187
-4.58994
-6.41192
13.4344
-3.39313
-3.89679
4.85409
-1.27921
7.53755
70.5395
-12.5297
7.46945
54.5088
-9.81742
5.23948
29.3828
-5.23278
7.42321
30.4537
-5.88346
4.65417
13.0979
-2.31178
2.89451
4.5764
-0.0540996
-7.71243
71.826
-13.7561
-7.49579
55.8188
-11.0091
-7.78938
44.6971
-9.2554
-4.36067
19.6473
-3.99976
-4.03742
13.8635
-2.88874
-2.53539
4.64118
-0.545201
10.6462
71.7765
-12.5553
10.51
55.7499
-9.91127
7.31381
30.2508
-5.51659
10.7435
31.8158
-6.49567
7.20962
13.7163
-2.86923
3.24843
4.25179
-0.569508
-2.48685
129.652
-23.7534
-2.12944
2.09844
-0.498913
-9.27693
87.0657
-16.4458
1.90652
1.80935
0.259999
18.0614
174.12
-30.4137
-0.654467
-0.383006
0.150693
1.10683
0.436815
-0.188699
-0.979537
0.308104
-0.107184
1.41677
87.6799
-15.8381
-1.63594
2.16163
0.452066
2.29664
2.39343
-0.661198
0.149738
-0.107504
0.0295939
-10.833
78.5555
-15.1289
-10.7104
62.6329
-12.4495
-10.2639
46.7575
-9.83221
-9.50355
31.4965
-7.31127
-7.40011
18.8998
-4.66729
-5.3031
8.73384
-2.19871
7.53249
78.5142
-13.8758
7.52677
62.5287
-11.1661
7.33097
46.6538
-8.45043
6.57044
31.745
-5.70315
5.29054
18.5258
-3.4916
3.88629
8.38628
-1.16402
-11.6122
119.684
-22.6621
-7.6373
63.8133
-12.3852
-7.30293
47.8875
-9.62777
-5.32073
26.3838
-5.59475
-4.82596
19.5538
-4.14338
-3.2198
8.83968
-1.62788
10.6425
79.7688
-13.883
10.5887
63.7697
-11.2241
10.3269
47.8079
-8.61283
9.17912
32.8885
-6.21902
7.97133
19.3735
-3.97985
6.15431
8.85817
-1.82038
-36.8909
284.898
-55.114
-45.0719
276.349
-55.3124
-32.6823
153.33
-32.6377
-17.6167
64.8574
-14.4503
-20.7969
54.7261
-12.7016
-12.7036
16.7623
-3.47121
36.0296
284.645
-50.1794
35.4048
220.649
-39.4405
26.7351
129.157
-23.061
33.6046
118.857
-23.8071
22.8348
53.9484
-10.3635
13.7124
19.7561
-1.38032
8.57341
430.744
-78.9846
8.70653
334.534
-62.8
9.84094
267.421
-52.6128
7.97313
153.745
-31.1115
9.48699
81.2974
-17.4215
6.55447
19.4857
-4.07427
-9.62995
423.363
-78.9888
-7.32218
272.581
-52.4831
-8.20243
233.412
-47.5823
-9.34732
165.192
-35.9079
-5.55098
77.7227
-17.5191
-3.73536
25.1604
-5.4667
-2.5168
7.76493
-1.60294
1.20841
3.53597
-1.33379
-0.515129
348.246
-63.3082
11.3634
9.56624
-0.951375
0.112227
-0.996723
0.202978
-5.66508
4.96972
-0.135961
-32.4104
277.132
-52.9244
-36.5836
252.938
-49.6901
-34.9973
189.369
-38.9697
-43.3688
172.719
-38.2032
-24.0702
77.3354
-17.8903
-17.3363
35.1541
-7.85959
40.6266
356.12
-62.4646
44.6785
315.811
-55.967
34.6106
189.157
-34.0594
30.4684
129.044
-24.2067
25.8183
76.0619
-14.9045
19.1927
34.8079
-5.90074
8.79612
498.621
-90.6243
7.30942
318.72
-59.1204
8.89433
286.612
-54.8545
6.63813
167.22
-34.0244
9.11877
115.572
-24.449
9.91226
50.9428
-10.7522
-8.57882
412.285
-76.1476
-9.36286
375.346
-70.9069
-8.40778
279.69
-55.0577
-7.28724
165.666
-34.13
-6.59483
110.459
-24.544
-4.53096
49.0969
-11.1434
-5.94849
13.6702
-2.16225
-3.8968
26.634
-5.60064
