-5.41312
42.9638
-8.43152
5.56546
64.4298
-11.7485
0.380705
0.210638
0.135031
-0.209456
-0.0184437
-0.0901229
-3.81631
43.5526
-8.4255
7.96147
65.338
-11.7593
0.189762
0.017801
-0.107568
-0.218184
0.111035
0.126515
-10.7806
70.204
-14.114
-10.5242
54.3589
-11.3794
-12.2943
48.3624
-10.9806
-6.32856
18.835
-4.66803
-6.41111
13.3862
-3.44551
-3.89962
4.84274
-1.29435
7.43027
70.1344
-12.9175
7.36515
54.2102
-10.1249
5.168
29.2319
-5.40502
7.32217
30.3193
-6.07858
4.59321
13.0477
-2.40107
2.85905
4.56071
-0.0922676
-7.60556
71.3576
-14.0814
-7.39208
55.4601
-11.2577
-7.68222
44.4176
-9.45274
-4.30069
19.5243
-4.08268
-3.97787
13.7782
-2.94554
-2.49578
4.6137
-0.569735
10.6289
71.3091
-12.9425
10.4923
55.3937
-10.2173
7.30369
30.0623
-5.68569
10.7338
31.6228
-6.685
7.20252
13.6379
-2.95343
3.24791
4.23203
-0.591264
-2.55416
128.883
-24.4054
-2.13309
2.09535
-0.504687
-9.21481
86.521
-16.8487
1.88535
1.80132
0.24314
17.937
173.031
-31.3466
-0.66083
-0.381772
0.148017
1.10099
0.435994
-0.186232
-0.973351
0.307996
-0.103805
1.4618
87.1034
-16.2728
-1.61221
2.14858
0.433158
2.29792
2.38627
-0.671943
0.153389
-0.107226
0.0273083
-10.8159
78.0962
-15.4929
-10.694
62.2812
-12.7354
-10.2491
46.5104
-10.0423
-9.49004
31.3459
-7.44931
-7.39659
18.8236
-4.7441
-5.30419
8.70708
-2.23066
7.42499
78.0552
-14.3033
7.42047
62.1772
-11.5136
7.22998
46.406
-8.71829
6.4813
31.5898
-5.89645
5.21956
18.4489
-3.61286
3.8369
8.35695
-1.22504
-11.4513
118.9
-23.2084
-7.53151
63.3998
-12.6719
-7.20251
47.5832
-9.83972
-5.24852
26.2205
-5.70948
-4.75589
19.4321
-4.22497
-3.17141
8.78562
-1.66495
10.6254
79.2465
-14.3103
10.5712
63.3579
-11.5706
10.3095
47.5066
-8.87858
9.16899
32.6863
-6.40681
7.96379
19.2586
-4.09663
6.14811
8.8111
-1.87545
-36.6444
283.149
-56.4142
-44.7741
274.703
-56.5496
-32.4694
152.458
-33.3146
-17.507
64.5066
-14.7174
-20.6766
54.4533
-12.9133
-12.6384
16.6893
-3.53101
35.7826
282.899
-51.7286
35.1652
219.337
-40.6655
26.5619
128.419
-23.8011
33.3986
118.229
-24.5282
22.7066
53.6803
-10.7028
13.6497
19.6592
-1.50695
8.84038
427.937
-81.1225
8.95855
332.391
-64.4631
10.0998
265.756
-53.9587
8.18493
152.794
-31.9009
9.63815
80.815
-17.8455
6.62106
19.3829
-4.19226
-9.8995
420.932
-81.1279
-7.5408
271.091
-53.8741
-8.4451
232.226
-48.789
-9.5805
164.467
-36.7929
-5.72929
77.4391
-17.9463
-3.85845
25.0945
-5.61377
-2.58636
7.74205
-1.64193
1.23682
3.51984
-1.36306
-0.514749
346.067
-65.0472
11.3179
9.52185
-1.00089
0.114231
-0.99235
0.210524
-5.63769
4.94762
-0.154319
-32.1935
275.413
-54.1986
-36.3401
251.407
-50.8346
-34.7669
188.263
-39.8115
-43.0896
171.768
-38.9508
-23.9256
76.9325
-18.2004
-17.2403
34.9874
-7.98987
40.3471
353.911
-64.3878
44.3733
313.901
-57.6997
34.3802
188.053
-35.1244
30.2759
128.332
-24.9622
25.6663
75.67
-15.3744
19.0925
34.6404
-6.12418
9.07717
495.355
-93.0975
7.52733
316.657
-60.7054
9.13679
284.798
-56.2868
6.83553
166.192
-34.8661
9.29804
114.871
-25.0425
10.0316
50.6514
-11.0312
-8.81476
409.874
-78.2258
-9.63122
373.238
-72.8085
-8.66311
278.211
-56.4934
-7.48344
164.864
-35.0033
-6.7945
110.014
-25.143
-4.68423
48.9408
-11.4196
-5.85171
13.6046
-2.23047
-3.84698
26.4739
-5.72139
