-5.39671
42.6423
-8.61877
5.47775
63.9476
-12.0791
0.376511
0.208452
0.134214
-0.209155
-0.0177746
-0.0904207
-3.7575
43.1979
-8.61283
7.9376
64.8061
-12.0899
0.189548
0.0181551
-0.107797
-0.214412
0.108964
0.12573
-10.7481
69.6899
-14.4152
-10.4928
53.9732
-11.6078
-12.2591
48.0356
-11.1796
-6.31243
18.7182
-4.73843
-6.39933
13.3132
-3.49211
-3.89552
4.82195
-1.30729
7.31345
69.6206
-13.2841
7.25121
53.8247
-10.4159
5.08936
29.0322
-5.56839
7.21007
30.1312
-6.26402
4.52466
12.9735
-2.48663
2.81851
4.53625
-0.130497
-7.48834
70.7779
-14.3831
-7.27805
55.012
-11.4873
-7.56382
44.0629
-9.63409
-4.23392
19.3669
-4.15856
-3.91137
13.667
-2.99726
-2.45153
4.57674
-0.593303
10.5968
70.7305
-13.3086
10.4598
54.9481
-10.5067
7.28274
29.8233
-5.84572
10.7071
31.3733
-6.86406
7.18355
13.534
-3.03318
3.24179
4.20404
-0.612223
-2.61692
127.918
-25.017
-2.13289
2.08804
-0.509599
-9.13973
85.8447
-17.2233
1.86075
1.78974
0.225705
17.7884
171.678
-32.2281
-0.666076
-0.3799
0.145088
1.09318
0.43437
-0.183457
-0.965362
0.307268
-0.100219
1.50464
86.3942
-16.6805
-1.58543
2.13084
0.413451
2.29513
2.3743
-0.681685
0.156798
-0.106799
0.0249571
-10.7832
77.5174
-15.8309
-10.6621
61.8316
-13
-10.2189
46.1873
-10.2356
-9.46181
31.1415
-7.57498
-7.38074
18.7135
-4.81302
-5.29603
8.66382
-2.25883
7.30798
77.4767
-14.7075
7.30458
61.7278
-11.8422
7.11931
46.0824
-8.97192
6.38282
31.3805
-6.08011
5.14031
18.3387
-3.72842
3.78094
8.3119
-1.28427
-11.2749
117.932
-23.7157
-7.41538
62.8859
-12.9373
-7.09185
47.2006
-10.035
-5.1684
26.0117
-5.81453
-4.67785
19.275
-4.29931
-3.11729
8.71453
-1.69913
10.5934
78.6021
-14.7143
10.5388
62.8458
-11.8984
10.2772
47.127
-9.13003
9.14482
32.4278
-6.58454
7.94343
19.1086
-4.20714
6.13153
8.74711
-1.92776
-36.346
280.961
-57.6197
-44.4117
272.617
-57.6918
-32.2079
151.33
-33.9355
-17.3696
64.0427
-14.9598
-20.521
54.0791
-13.103
-12.5508
16.5828
-3.58457
35.487
280.714
-53.1932
34.8771
217.672
-41.8245
26.3502
127.466
-24.5026
33.1409
117.391
-25.211
22.5413
53.3127
-11.0257
13.5633
19.5243
-1.63187
9.0942
424.463
-83.1261
9.19751
329.711
-66.0196
10.3437
263.641
-55.2158
8.38436
151.571
-32.6379
9.77468
80.1804
-18.2406
6.67682
19.2407
-4.30367
-10.1509
417.849
-83.1325
-7.74498
269.165
-55.176
-8.67169
230.651
-49.9156
-9.79678
163.451
-37.6176
-5.89709
77.0118
-18.3443
-3.97484
24.9792
-5.75173
-2.65162
7.70312
-1.67821
1.26328
3.49578
-1.39008
-0.512666
343.362
-66.6784
11.2523
9.45825
-1.04925
0.115976
-0.986455
0.217728
-5.6001
4.91503
-0.172366
-31.9312
273.271
-55.3819
-36.0448
249.479
-51.8936
-34.4854
186.849
-40.5865
-42.7447
170.52
-39.633
-23.7413
76.3905
-18.4799
-17.1142
34.7536
-8.10637
40.013
351.159
-66.2055
44.0073
311.496
-59.3382
34.1014
186.641
-36.1323
30.038
127.398
-25.6781
25.4734
75.1409
-15.8203
18.9603
34.4069
-6.33853
9.34454
491.326
-95.4162
7.73424
314.093
-62.1899
9.366
282.515
-57.6261
7.02237
164.876
-35.651
9.46357
113.959
-25.5952
10.135
50.2615
-11.2925
-9.03478
406.837
-80.1743
-9.88166
370.543
-74.5895
-8.90171
276.277
-57.8357
-7.66596
163.778
-35.8189
-6.9816
109.37
-25.701
-4.82908
48.6916
-11.6771
-5.74406
13.5104
-2.29486
-3.7914
26.2686
-5.83256
