-5.37251
42.2561
-8.79166
5.38312
63.3683
-12.3895
0.371622
0.205873
0.133158
-0.208476
-0.0170809
-0.0905578
-3.69367
42.7777
-8.78578
7.90266
64.1758
-12.4002
0.188994
0.0184731
-0.107839
-0.210211
0.106662
0.124719
-10.7
69.0676
-14.6925
-10.4459
53.5009
-11.817
-12.2051
47.6279
-11.3605
-6.28616
18.5685
-4.80127
-6.3766
13.2154
-3.5331
-3.88451
4.79164
-1.31811
7.18737
68.9987
-13.6285
7.12787
53.3528
-10.6895
5.00372
28.784
-5.72246
7.08711
29.8893
-6.4393
4.44865
12.8752
-2.56828
2.77294
4.50296
-0.168704
-7.36107
70.0884
-14.6609
-7.15399
54.4755
-11.6977
-7.43446
43.6341
-9.79948
-4.16051
19.1754
-4.2275
-3.83803
13.5302
-3.04405
-2.40269
4.53043
-0.615997
10.5498
70.0421
-13.6526
10.4124
54.4141
-10.7788
7.25097
29.5342
-5.99625
10.6637
31.0679
-7.03239
7.15272
13.4049
-3.10828
3.23009
4.16789
-0.632334
-2.67493
126.76
-25.5868
-2.12885
2.07647
-0.513704
-9.05185
85.0383
-17.5692
1.83273
1.77455
0.207732
17.6158
170.065
-33.0556
-0.670206
-0.377406
0.141898
1.08338
0.43194
-0.180367
-0.955579
0.305925
-0.0964401
1.54514
85.5538
-17.0604
-1.55561
2.1085
0.392894
2.28828
2.35756
-0.690394
0.159964
-0.106221
0.0225399
-10.7348
76.8199
-16.1426
-10.6145
61.2845
-13.243
-10.1734
45.7885
-10.4122
-9.41889
30.8831
-7.68838
-7.35257
18.5695
-4.87421
-5.27863
8.60398
-2.28336
7.18174
76.7794
-15.087
7.17938
61.1811
-12.1511
6.99921
45.6832
-9.21062
6.2752
31.1173
-6.25366
5.05291
18.1952
-3.83801
3.71848
8.25105
-1.34157
-11.0835
116.784
-24.1835
-7.2892
62.2728
-13.1812
-6.9712
46.7405
-10.2136
-5.08054
25.7581
-5.90996
-4.592
19.0829
-4.36652
-3.0575
8.62663
-1.73054
10.5467
77.8373
-15.0936
10.4915
62.2345
-12.2064
10.2302
46.67
-9.36651
9.10665
32.1134
-6.75175
7.9103
18.9238
-4.31112
6.10457
8.66637
-1.97719
-35.9964
278.337
-58.7294
-43.9857
270.093
-58.7384
-31.8984
149.948
-34.5007
-17.2047
63.4665
-15.1778
-20.3301
53.6041
-13.2713
-12.4408
16.4429
-3.63229
35.1434
278.092
-54.569
34.5409
215.657
-42.914
26.1005
126.299
-25.1636
32.8321
116.344
-25.854
22.3389
52.8459
-11.3314
13.4535
19.3514
-1.75477
9.33403
420.329
-84.9911
9.42269
326.502
-67.4667
10.5722
261.082
-56.3824
8.57092
150.079
-33.3216
9.89634
79.3953
-18.6065
6.72174
19.0598
-4.40848
-10.3836
414.117
-84.9986
-7.93422
266.807
-56.3864
-8.88172
228.688
-50.9607
-9.99569
162.143
-38.3812
-6.0541
76.4403
-18.7129
-4.08442
24.814
-5.88067
-2.71256
7.64792
-1.71186
1.28779
3.46394
-1.41489
-0.508931
340.136
-68.1981
11.1669
9.37547
-1.09629
0.11748
-0.979038
0.224598
-5.55233
4.87201
-0.190267
-31.6242
270.711
-56.4729
-35.6984
247.157
-52.8664
-34.1536
185.128
-41.2944
-42.3349
168.977
-40.2505
-23.5175
75.71
-18.7294
-16.958
34.4531
-8.20965
39.625
347.869
-67.9126
43.5814
308.599
-60.878
33.7749
184.923
-37.0806
29.755
126.245
-26.3526
25.24
74.4754
-16.2413
18.796
34.1079
-6.54331
9.59733
486.543
-97.5758
7.92948
311.033
-63.571
9.58133
279.768
-58.8704
7.1982
163.275
-36.3781
9.61498
112.839
-26.1068
10.2226
49.7742
-11.536
-9.23826
403.175
-81.989
-10.1135
367.263
-76.2464
-9.12303
273.888
-59.0826
-7.83445
162.41
-36.5757
-7.15578
108.526
-26.2175
-4.96532
48.3488
-11.9162
-5.62565
13.388
-2.3557
-3.73018
26.0184
-5.93416
