-5.34054
41.8057
-8.94994
5.28173
62.6926
-12.6788
0.366047
0.202904
0.131868
-0.207424
-0.0163642
-0.0905362
-3.62496
42.2928
-8.94415
7.85662
63.4484
-12.6894
0.188103
0.018756
-0.107696
-0.20559
0.104135
0.123479
-10.6364
68.338
-14.9456
-10.3835
52.9426
-12.0071
-12.1323
47.1398
-11.5232
-6.24977
18.386
-4.85664
-6.34298
13.0929
-3.56863
-3.86664
4.75182
-1.32694
7.05224
68.2694
-13.9497
6.99535
52.7948
-10.945
4.91121
28.4875
-5.86682
6.95351
29.5941
-6.60397
4.36528
12.7529
-2.6458
2.72241
4.46084
-0.206797
-7.22402
69.2905
-14.9144
-7.02014
53.8519
-11.889
-7.29439
43.1321
-9.94897
-4.08059
18.9504
-4.2896
-3.75799
13.3683
-3.08606
-2.34935
4.475
-0.637903
10.4881
69.2453
-13.9733
10.3502
53.7931
-11.0328
7.20839
29.196
-6.1369
10.6034
30.7076
-7.18954
7.11009
13.2509
-3.17853
3.21284
4.12375
-0.651541
-2.72806
125.408
-26.1135
-2.12098
2.06063
-0.517056
-8.95132
84.1028
-17.8859
1.80134
1.75576
0.189269
17.4195
168.195
-33.8267
-0.673228
-0.374305
0.138444
1.07162
0.428707
-0.176957
-0.944027
0.303978
-0.0924846
1.58316
84.584
-17.4115
-1.52279
2.08168
0.371447
2.27741
2.33616
-0.698036
0.162889
-0.105488
0.0200579
-10.671
76.0044
-16.4275
-10.5514
60.6407
-13.4643
-10.1125
45.3143
-10.5719
-9.36133
30.5713
-7.78963
-7.31216
18.3916
-4.92782
-5.25205
8.52761
-2.30441
7.04649
75.9641
-15.4407
7.04506
60.5377
-12.4394
6.86986
45.2089
-9.43376
6.15861
30.8005
-6.41663
4.95752
18.0186
-3.94134
3.64963
8.17446
-1.3968
-10.8774
115.458
-24.6113
-7.15323
61.5619
-13.4033
-6.8408
46.2041
-10.3756
-4.98511
25.4602
-5.99586
-4.49851
18.8563
-4.42677
-2.99218
8.52226
-1.75933
10.4851
76.9535
-15.4472
10.4295
61.5255
-12.4937
10.1684
46.1367
-9.58737
9.05449
31.744
-6.908
7.86443
18.7048
-4.4083
6.06733
8.5692
-2.0236
-35.5962
275.281
-59.7423
-43.4967
267.136
-59.6891
-31.5414
148.313
-35.0104
-17.0125
62.7791
-15.3719
-20.1046
53.0293
-13.4191
-12.3087
16.2701
-3.67458
34.7523
275.039
-55.8521
34.1571
213.296
-43.9312
25.813
124.921
-25.7822
32.4726
115.091
-26.4553
22.0999
52.2812
-11.6192
13.3203
19.141
-1.87534
9.55902
415.545
-86.714
9.63334
322.77
-68.8019
10.7846
258.086
-57.4569
8.74408
148.323
-33.9514
10.0028
78.4624
-18.9433
6.7558
18.8409
-4.50671
-10.5968
409.741
-86.7225
-8.1081
264.02
-57.5032
-9.07479
226.339
-51.9226
-10.1768
160.546
-39.0832
-6.2001
75.7254
-19.0519
-4.1871
24.5989
-6.00066
-2.76914
7.57638
-1.74299
1.31034
3.42454
-1.43751
-0.503629
336.395
-69.6031
11.0618
9.27369
-1.14184
0.118761
-0.9701
0.231139
-5.49448
4.81875
-0.208183
-31.2729
267.736
-57.4705
-35.3014
244.447
-53.7525
-33.7718
183.105
-41.9355
-41.8609
167.143
-40.8039
-23.2548
74.8926
-18.9495
-16.7722
34.0866
-8.30029
39.1836
344.046
-69.5039
43.096
305.216
-62.3146
33.4009
182.902
-37.9667
29.4274
124.876
-26.9837
24.9664
73.6751
-16.6362
18.6
33.7441
-6.73797
9.83464
481.018
-99.5716
8.11239
307.484
-64.8461
9.78209
276.563
-60.0176
7.36255
161.394
-37.0465
9.75187
111.514
-26.5768
10.2941
49.1914
-11.7617
-9.42466
398.895
-83.666
-10.3262
363.403
-77.7762
-9.32661
271.049
-60.2321
-7.98859
160.761
-37.2729
-7.31674
107.483
-26.6922
-5.0928
47.9126
-12.1366
-5.49667
13.2379
-2.41326
-3.66344
25.724
-6.02619
