5.34561
-49.1917
2.20551
-6.31659
-73.7769
2.56718
-0.589001
-0.332768
-0.16587
0.236731
0.0330933
0.0816684
4.75979
-49.6805
2.20293
-7.19666
-74.5283
2.56854
-0.207474
-0.00408777
0.0992475
0.424925
-0.224719
-0.183291
10.6651
-81.9573
3.39984
10.5001
-65.3563
2.47184
12.5245
-60.7685
2.27092
6.68443
-24.7161
0.999386
7.06961
-18.5917
0.607298
4.35941
-7.15862
0.219848
-8.46181
-81.9099
2.38784
-8.55054
-65.225
1.32815
-6.31556
-36.5424
0.213174
-9.76055
-40.243
-0.284369
-6.71511
-18.1093
-0.753915
-4.52214
-6.78249
-1.43779
9.5169
-82.9447
3.38258
9.44813
-66.4078
2.39333
10.2727
-55.6197
1.75523
6.20921
-25.6339
0.477516
6.55732
-19.3382
0.0312376
4.5889
-7.0817
-0.951667
-9.61725
-82.9322
2.37397
-9.57685
-66.3841
1.33986
-6.88654
-37.468
0.377501
-10.5753
-41.9125
0.16311
-7.51871
-18.9589
-0.191235
-3.48243
-5.95969
-0.331502
1.69747
-147.572
5.88227
2.34989
-3.19835
0.0267155
10.0995
-98.8731
4.40336
-3.01826
-2.88495
-1.00165
-17.9507
-197.741
6.84289
0.43819
0.388633
-0.295233
-1.50097
-0.565988
0.324331
1.41151
-0.414546
0.215147
-0.016725
-99.363
3.92139
3.02285
-3.49838
-1.64432
-2.48238
-3.32164
0.212792
0.0213407
0.112578
-0.154515
10.6858
-90.1896
3.90687
10.6125
-73.6804
2.91198
10.3133
-57.0163
2.09134
9.78162
-40.3611
1.51042
8.01786
-25.4473
0.910445
5.90967
-12.4371
0.312106
-8.43238
-90.1667
2.92023
-8.50891
-73.5973
1.84225
-8.55543
-56.8924
0.8268
-8.21756
-40.5285
-0.0722524
-7.31316
-24.9868
-0.501774
-5.84119
-11.9272
-1.0418
14.2835
-136.753
5.84292
9.49732
-74.6836
2.87593
9.37361
-58.1157
1.95258
7.20899
-33.677
0.951177
7.40357
-26.4275
0.393617
5.50966
-12.7589
-0.423629
-9.60437
-91.1675
2.90814
-9.59464
-74.6834
1.83902
-9.50713
-58.0637
0.885771
-8.84499
-41.8147
0.257089
-8.06253
-26.1215
-0.0814693
-6.61493
-12.4913
-0.279249
40.2888
-329.806
13.5658
49.815
-329.521
12.0805
37.1789
-190.999
6.47321
21.1529
-84.4455
2.60787
26.9042
-76.0782
1.56496
16.9359
-25.3853
-0.633345
-35.9581
-329.648
9.50057
-35.9032
-263.236
5.28631
-28.2149
-160.329
1.10753
-37.6083
-156.35
0.0748828
-27.1721
-74.5772
-1.65852
-17.0138
-28.9651
-3.62712
-0.10695
-497.619
17.3136
-0.0607925
-398.352
11.2571
-0.319753
-332.86
7.20355
-0.262143
-202.259
2.20149
-3.05575
-113.582
-0.183712
-3.81526
-28.9119
-1.44643
6.52722
-491.58
17.3917
4.68478
-326.29
9.61324
4.61589
-291.537
6.83463
4.87415
-218.144
3.12717
1.55638
-108.246
-0.0262514
0.0204009
-38.1523
-1.46243
0.0547271
-12.9869
-0.59143
0.0894276
-5.6567
-0.140878
2.25941
-395.486
15.6662
-14.3107
-14.7913
-1.10588
0.0149225
1.1036
0.10738
7.74696
-7.96818
-1.45455
35.322
-317.388
13.6537
40.1357
-296.746
11.5626
39.1976
-230.31
8.09189
50.0996
-220.98
7.19787
30.2528
-104.191
2.92018
22.8876
-50.5325
0.258618
-40.4093
-407.968
13.103
-44.897
-370.679
9.13738
-35.6362
-229.999
3.35052
-33.2101
-164.509
0.603269
-29.7917
-102.422
-1.06132
-23.4518
-49.5135
-2.38762
-0.0621274
-569.802
21.2711
-0.151989
-373.293
11.8978
-0.207798
-348.344
8.64468
0.25035
-213.353
4.11014
-1.78295
-156.682
1.19002
-4.80903
-73.4589
-1.54552
5.84866
-473.422
17.932
6.24142
-441.805
14.3101
5.09859
-341.459
8.90718
3.88922
-212.237
3.69787
2.68439
-149.717
1.24474
0.544015
-70.6117
-0.889624
11.0123
-21.304
-2.13014
5.18966
-33.6305
0.968439
