-5.27796
41.0106
-9.15957
5.11721
61.4999
-13.0711
0.356425
0.197733
0.129507
-0.205159
-0.0152495
-0.0902127
-3.51294
41.4458
-9.15389
7.76658
62.178
-13.0815
0.186147
0.0191174
-0.107137
-0.197897
0.0999469
0.121196
-10.5117
67.0439
-15.2795
-10.2609
51.9453
-12.256
-11.9882
46.2587
-11.7335
-6.17637
18.0514
-4.92594
-6.2724
12.8635
-3.61204
-3.82714
4.67448
-1.33667
6.83289
66.976
-14.3859
6.77962
51.7985
-11.2927
4.75983
27.9532
-6.06431
6.73361
29.0525
-6.83009
4.22682
12.5252
-2.75389
2.63756
4.38131
-0.263498
-7.00052
67.8939
-15.2489
-6.80147
52.7565
-12.14
-7.0647
42.2452
-10.1436
-3.94888
18.5518
-4.37019
-3.6258
13.08
-3.14046
-2.26114
4.37544
-0.669452
10.3674
67.8503
-14.4088
10.2289
52.7016
-11.3782
7.12425
28.5983
-6.32843
10.4818
30.0668
-7.40328
7.02428
12.9749
-3.27438
3.17671
4.04305
-0.67852
-2.7983
123.023
-26.8203
-2.10214
2.02898
-0.52079
-8.77697
82.4606
-18.3054
1.74811
1.7209
0.160778
17.0806
164.91
-34.8724
-0.675699
-0.368559
0.132768
1.05038
0.422371
-0.171232
-0.923463
0.299961
-0.0862582
1.6352
82.8902
-17.8827
-1.46807
2.03348
0.337552
2.25367
2.29565
-0.707434
0.166823
-0.104085
0.0162191
-10.5459
74.5618
-16.8042
-10.4276
59.4952
-13.7553
-9.99262
44.4635
-10.78
-9.24772
30.0046
-7.919
-7.2288
18.0622
-4.99441
-5.19522
8.38248
-2.32973
6.82701
74.5219
-15.9208
6.82679
59.393
-12.8311
6.65881
44.3581
-9.73789
5.96728
30.226
-6.64029
4.79983
17.6925
-4.08399
3.53467
8.03046
-1.47543
-10.5414
113.139
-25.1768
-6.93133
60.3157
-13.6957
-6.62736
45.2594
-10.5873
-4.82815
24.9325
-6.10706
-4.34445
18.4539
-4.50443
-2.88413
8.33589
-1.79785
10.3648
75.4083
-15.927
10.3084
60.2818
-12.8842
10.0478
45.1968
-9.88798
8.9501
31.0896
-7.12082
7.77192
18.3141
-4.54069
5.9924
8.3936
-2.08724
-34.9018
269.898
-61.0783
-42.646
261.901
-60.9352
-30.918
145.398
-35.6713
-16.6742
61.5437
-15.6187
-19.7025
51.9846
-13.6034
-12.0701
15.9507
-3.72868
34.0767
269.66
-57.5944
33.4924
209.116
-45.3147
25.3116
122.465
-26.6274
31.8395
112.833
-27.2755
21.6738
51.2547
-12.0155
13.0778
18.7568
-2.05107
9.86681
407.171
-89.024
9.92039
316.211
-70.59
11.0714
252.79
-58.8924
8.97751
145.205
-34.7935
10.1336
76.7946
-19.3933
6.78656
18.4443
-4.6416
-10.8791
401.98
-89.0338
-8.33944
259.04
-58.9988
-9.33201
222.101
-53.2068
-10.4146
157.614
-40.0189
-6.3981
74.3877
-19.5049
-4.32802
24.1836
-6.164
-2.84582
7.43875
-1.7851
1.34048
3.35204
-1.46739
-0.492993
329.826
-71.4884
10.8678
9.08633
-1.20698
0.120307
-0.95384
0.240345
-5.38919
4.72029
-0.2354
-30.6634
262.505
-58.7894
-34.6118
239.662
-54.9181
-33.1068
179.509
-42.7717
-41.0311
163.856
-41.5151
-22.7889
73.4155
-19.226
-16.4393
33.4162
-8.41382
38.4215
337.324
-71.6633
42.2567
299.243
-64.267
32.7514
179.312
-39.1735
28.8531
122.422
-27.8452
24.4818
72.2273
-17.1774
18.2477
33.0798
-7.00983
10.1596
471.357
-102.249
8.36207
301.261
-66.5549
10.0544
270.915
-61.5525
7.58654
158.06
-37.937
9.92904
109.156
-27.2031
10.3709
48.1441
-12.0667
-9.67131
391.322
-85.9156
-10.6083
356.535
-79.8263
-9.59803
265.954
-61.7697
-8.19242
157.767
-38.205
-7.53292
105.551
-27.3252
-5.26733
47.0856
-12.4325
-5.28402
12.9626
-2.49401
-3.55323
25.2012
-6.14635
