-5.25318
40.7139
-9.22194
5.05908
61.0549
-13.1904
0.35289
0.195822
0.128611
-0.204225
-0.0148682
-0.0900289
-3.47325
41.1321
-9.2163
7.73092
61.7073
-13.2007
0.185333
0.0192217
-0.106859
-0.195137
0.0984507
0.120322
-10.4623
66.5597
-15.3784
-10.2123
51.5707
-12.3293
-11.9309
45.9259
-11.7946
-6.14694
17.924
-4.94542
-6.24358
12.7751
-3.62395
-3.81066
4.6441
-1.33903
6.75537
66.4921
-14.5187
6.70323
51.4244
-11.3987
4.70604
27.7516
-6.12487
6.65522
28.8461
-6.89968
4.17718
12.4377
-2.78764
2.60694
4.35053
-0.282226
-6.92132
67.3759
-15.3481
-6.72389
52.3495
-12.214
-6.98302
41.9147
-10.2006
-3.9019
18.4031
-4.39376
-3.57862
12.9721
-3.15637
-2.22964
4.33808
-0.679651
10.3196
67.3328
-14.5414
10.1809
52.2958
-11.4835
7.09079
28.3756
-6.38691
10.4329
29.8273
-7.46844
6.9899
12.8713
-3.30369
3.16198
4.01244
-0.686993
-2.81914
122.133
-27.0331
-2.09401
2.01637
-0.521714
-8.71259
81.8502
-18.4302
1.72877
1.70754
0.1511
16.9557
163.689
-35.1903
-0.675978
-0.366361
0.130744
1.04236
0.419869
-0.169161
-0.91577
0.298341
-0.0841138
1.65115
82.2627
-18.0246
-1.44842
2.01541
0.325789
2.24382
2.27999
-0.709999
0.168013
-0.103534
0.0149106
-10.4964
74.023
-16.9161
-10.3785
59.0659
-13.8414
-9.94501
44.1432
-10.841
-9.2026
29.7897
-7.95617
-7.19503
17.9361
-5.01298
-5.17182
8.32612
-2.33657
6.74946
73.9832
-16.0669
6.7496
58.964
-12.9505
6.58396
44.0379
-9.83083
5.89918
30.0085
-6.70909
4.74347
17.5677
-4.12812
3.49333
7.97485
-1.50045
-10.4223
112.279
-25.3448
-6.85266
59.8531
-13.7822
-6.55155
44.908
-10.6495
-4.77222
24.7356
-6.13948
-4.28952
18.3035
-4.527
-2.84554
8.26613
-1.8095
10.3172
74.8355
-16.073
10.2605
59.8201
-13.0031
10.0002
44.847
-9.9797
8.90834
30.8453
-7.1858
7.73482
18.1677
-4.58111
5.96243
8.32739
-2.1068
-34.6453
267.893
-61.4744
-42.3314
259.945
-61.3024
-30.687
144.305
-35.8642
-16.5482
61.0786
-15.6894
-19.5518
51.5891
-13.6552
-11.9801
15.8288
-3.74441
33.8277
267.657
-58.1248
33.2471
207.555
-45.7366
25.1258
121.544
-26.8862
31.6037
111.981
-27.5263
21.514
50.8659
-12.1378
12.9857
18.611
-2.10809
9.96106
404.065
-89.7193
10.008
313.774
-71.1276
11.1581
250.816
-59.3232
9.04804
144.041
-35.0465
10.1693
76.1695
-19.5284
6.7914
18.2947
-4.68323
-10.9631
399.076
-89.7295
-8.40858
257.17
-59.4484
-9.40903
220.501
-53.5918
-10.4847
156.497
-40.2992
-6.45844
73.8725
-19.641
-4.37146
24.021
-6.21403
-2.86918
7.38496
-1.79796
1.34954
3.32451
-1.47629
-0.4888
327.384
-72.0561
10.7937
9.01492
-1.22774
0.120733
-0.947662
0.243254
-5.34927
4.68273
-0.244626
-30.4384
260.559
-59.1812
-34.357
237.878
-55.2627
-32.8607
178.164
-43.0171
-40.7232
162.621
-41.7207
-22.6149
72.8578
-19.3043
-16.3141
33.1615
-8.44595
38.1408
334.823
-72.3202
41.9473
297.015
-64.8617
32.5113
177.969
-39.542
28.6398
121.5
-28.1089
24.3007
71.6804
-17.3436
18.1149
32.8276
-7.0948
10.2592
467.777
-103.055
8.43837
298.951
-67.069
10.137
268.814
-62.0137
7.65495
156.816
-38.2035
9.98035
108.273
-27.3907
10.3883
47.7506
-12.1594
-9.74455
388.494
-86.5929
-10.6924
353.961
-80.4431
-9.67934
264.036
-62.2316
-8.25298
156.633
-38.4849
-7.59817
104.811
-27.5149
-5.321
46.7648
-12.5219
-5.2082
12.8582
-2.51955
-3.51385
25.0059
-6.18165
