5.41423
-49.2677
2.2103
-6.4296
-73.8883
2.65727
-0.577172
-0.325496
-0.162312
0.230889
0.033041
0.0792924
4.81841
-49.7
2.20709
-7.32425
-74.5583
2.66062
-0.202308
-0.00310878
0.0972021
0.41478
-0.217555
-0.180771
10.7941
-81.8504
3.39457
10.598
-64.9931
2.45332
12.5687
-60.0743
2.23515
6.65765
-24.3067
0.965738
6.97151
-18.175
0.547153
4.27013
-6.96007
0.18036
-8.61054
-81.7946
2.49332
-8.67715
-64.8517
1.41441
-6.36402
-36.1514
0.251633
-9.73603
-39.5216
-0.230339
-6.63936
-17.7092
-0.733365
-4.44343
-6.60555
-1.41672
9.62846
-82.7221
3.3725
9.52755
-65.9254
2.36179
10.2987
-54.8669
1.6963
6.17226
-25.148
0.4174
6.45234
-18.8299
-0.0359963
4.49916
-6.82417
-0.978643
-9.78612
-82.7027
2.48506
-9.72278
-65.8957
1.43958
-6.94036
-36.9862
0.438186
-10.5612
-41.0589
0.249771
-7.44316
-18.4715
-0.160991
-3.42202
-5.77497
-0.321343
1.68913
-147.798
5.98124
2.29341
-3.09913
0.00873485
10.2253
-98.969
4.41156
-2.95939
-2.80387
-0.983401
-18.2612
-197.931
7.08684
0.429793
0.382907
-0.2931
-1.47009
-0.552561
0.321641
1.37898
-0.399786
0.207882
-0.0411513
-99.4014
3.98781
2.96216
-3.34969
-1.64327
-2.42717
-3.19973
0.21369
0.0219291
0.114802
-0.152452
10.821
-90.2157
3.90858
10.7292
-73.4417
2.90008
10.3836
-56.5483
2.06545
9.79622
-39.7768
1.4674
7.94015
-24.9443
0.852005
5.80747
-12.1269
0.259339
-8.58314
-90.1863
3.03353
-8.65044
-73.3493
1.93858
-8.65874
-56.4228
0.900192
-8.24246
-39.9668
-0.0325471
-7.2578
-24.4902
-0.47168
-5.75652
-11.6378
-1.0238
14.459
-136.621
5.84119
9.59674
-74.3253
2.8554
9.42894
-57.5273
1.90819
7.20237
-33.115
0.898773
7.3129
-25.8204
0.317661
5.40855
-12.3786
-0.474509
-9.77498
-91.0761
3.02387
-9.75395
-74.3197
1.94523
-9.62956
-57.4716
0.977133
-8.87026
-41.1363
0.332106
-8.01674
-25.5248
-0.034847
-6.52185
-12.1314
-0.259149
40.7597
-329.151
13.5397
50.2694
-327.424
11.9587
37.3215
-188.644
6.30302
21.0629
-82.975
2.45321
26.5271
-74.2319
1.29829
16.6238
-24.5751
-0.785048
-36.559
-328.962
9.93719
-36.4072
-261.523
5.65889
-28.4215
-158.434
1.30642
-37.534
-153.378
0.34902
-26.9103
-72.7858
-1.57231
-16.7351
-28.1423
-3.57237
-0.270547
-496.252
17.6221
-0.264637
-395.414
11.4678
-0.542407
-328.349
7.30393
-0.406828
-198.21
2.12516
-3.15516
-110.569
-0.301459
-3.77404
-27.8965
-1.49232
6.45867
-490.898
17.6953
4.587
-324.407
9.7835
4.51494
-288.24
6.95135
4.85029
-214.253
3.06832
1.50254
-105.774
-0.159097
0.00121883
-37.0722
-1.56772
0.0470529
-12.5737
-0.651839
0.09042
-5.38608
-0.17276
2.20306
-395.867
15.9261
-14.0424
-14.3151
-1.08528
0.0248731
1.10468
0.103532
7.58884
-7.66783
-1.49478
35.7533
-317.284
13.6576
40.564
-295.556
11.5022
39.4551
-228.203
7.95711
50.1623
-217.53
6.91033
29.9418
-101.989
2.65262
22.5071
-49.1503
0.0288429
-41.1047
-407.804
13.6204
-45.5939
-369.156
9.64838
-36.0466
-227.893
3.67555
-33.2788
-162.018
0.858932
-29.6159
-100.232
-0.921855
-23.148
-48.1923
-2.32896
-0.210457
-569.241
21.6346
-0.313734
-371.457
12.1151
-0.426165
-344.751
8.79232
0.139641
-209.801
4.15447
-1.94289
-153.026
1.09391
-4.82363
-71.2427
-1.65125
5.80446
-473.537
18.2351
6.15296
-440.321
14.5695
4.97704
-338.588
9.0595
3.84085
-209.205
3.69158
2.61948
-146.657
1.14273
0.508241
-68.8236
-1.02302
10.8039
-20.4949
-2.23745
5.19149
-33.1285
0.940377
