-4.98372
37.7811
-9.58295
4.5349
56.6559
-13.9252
0.319171
0.177428
0.119628
-0.193716
-0.011665
-0.087267
-3.11429
38.0706
-9.57765
7.34164
57.115
-13.9351
0.176067
0.0197928
-0.103054
-0.16993
0.0849523
0.111402
-9.92498
61.7584
-15.9454
-9.6837
47.8394
-12.7411
-11.3065
42.5884
-12.1225
-5.82391
16.6328
-5.03714
-5.92145
11.866
-3.67512
-3.62202
4.32395
-1.34332
6.05596
61.6934
-15.3406
6.01196
47.6983
-12.0598
4.21717
25.7325
-6.50904
5.94052
26.7548
-7.34517
3.72147
11.5419
-3.01307
2.32316
4.03247
-0.426846
-6.20478
62.3199
-15.917
-6.0211
48.3729
-12.6325
-6.24101
38.6798
-10.5159
-3.47407
16.9484
-4.52454
-3.14997
11.9174
-3.24543
-1.94339
3.97311
-0.756167
9.79867
62.281
-15.3616
9.66005
48.329
-12.1381
6.72564
26.1943
-6.75199
9.89467
27.4778
-7.87241
6.61437
11.8507
-3.48705
2.99784
3.7071
-0.744219
-2.93825
113.335
-28.3095
-1.9976
1.88107
-0.523995
-8.08496
75.8556
-19.1529
1.54775
1.57151
0.0717204
15.7407
151.701
-37.1489
-0.668645
-0.344023
0.112274
0.962367
0.39325
-0.149723
-0.840316
0.280791
-0.0660642
1.7512
76.1401
-18.8755
-1.26802
1.83977
0.223649
2.13182
2.12006
-0.719791
0.175306
-0.0975623
0.00403799
-9.95788
68.688
-17.5609
-9.84425
54.7995
-14.3303
-9.42719
40.9428
-11.178
-8.71305
27.6259
-8.14757
-6.82055
16.6493
-5.09832
-4.90825
7.74088
-2.36429
6.05012
68.6497
-16.9685
6.05228
54.7012
-13.6918
5.90506
40.8401
-10.4134
5.27915
27.8212
-7.14954
4.22802
16.2979
-4.41503
3.11205
7.40186
-1.67634
-9.34542
103.892
-26.3137
-6.1406
55.3362
-14.2751
-5.86365
41.4717
-10.9984
-4.26298
22.8075
-6.31622
-3.79092
16.8333
-4.65
-2.49463
7.58421
-1.88281
9.79734
69.2459
-16.9741
9.73933
55.3095
-13.7407
9.48375
41.423
-10.5514
8.44992
28.451
-7.59116
7.32776
16.73
-4.83311
5.63609
7.67247
-2.23072
-32.1442
248.176
-63.7447
-39.2602
240.665
-63.3709
-28.4286
133.485
-36.9153
-15.3115
56.458
-16.0498
-18.0637
47.6364
-13.9043
-11.0817
14.6004
-3.83362
31.4031
247.953
-61.4064
30.8549
192.158
-48.3627
23.306
112.436
-28.5193
29.2835
103.508
-29.0968
19.9294
46.9807
-12.926
12.0588
17.1522
-2.52961
10.5511
373.743
-93.8855
10.5496
289.951
-74.343
11.6809
231.482
-61.886
9.47222
132.642
-36.5607
10.3075
70.0349
-20.3385
6.73344
16.8191
-4.95439
-11.4478
370.279
-93.8986
-8.81707
238.542
-62.1383
-9.86743
204.462
-55.8752
-10.8771
145.17
-41.9605
-6.83802
68.5808
-20.4572
-4.65419
22.315
-6.53417
-3.01586
6.82298
-1.88025
1.40386
3.05274
-1.52841
-0.446455
303.407
-75.4613
10.0403
8.29719
-1.37336
0.122881
-0.884719
0.263604
-4.94878
4.30641
-0.322582
-28.2441
241.436
-61.4396
-31.8714
220.307
-57.2237
-30.4573
164.88
-44.3802
-37.7099
150.362
-42.8083
-20.9014
67.3023
-19.6863
-15.0737
30.6086
-8.60731
35.4079
310.245
-76.3754
38.9329
275.076
-68.552
30.1662
164.702
-41.8457
26.5461
112.351
-29.7671
22.5122
66.2281
-18.3998
16.7904
30.3027
-7.66318
10.885
432.835
-107.887
8.91238
276.39
-70.1474
10.6409
248.255
-64.7676
8.08218
144.619
-39.7754
10.2435
99.6243
-28.5026
10.379
43.8824
-12.7362
-10.1652
360.489
-90.6537
-11.1816
328.382
-84.1365
-10.164
244.872
-64.9882
-8.60333
145.22
-40.1571
-7.99629
97.2618
-28.6429
-5.66808
43.4401
-13.0676
-4.52159
11.8197
-2.70155
-3.15337
23.0854
-6.37828
