-4.89637
36.8956
-9.63425
4.38728
55.3278
-14.0456
0.309367
0.172045
0.116921
-0.1903
-0.0108277
-0.0862379
-3.01313
37.1563
-9.62903
7.21484
55.7433
-14.0554
0.173034
0.0198686
-0.101679
-0.162877
0.0812309
0.108667
-9.75084
60.3071
-16.024
-9.51266
46.7099
-12.7951
-11.1049
41.5762
-12.1594
-5.7195
16.2393
-5.04231
-5.81667
11.587
-3.6759
-3.56
4.22438
-1.34056
5.8589
60.243
-15.4767
5.81681
46.5707
-12.171
4.07893
25.1205
-6.57607
5.73864
26.1178
-7.42414
3.59245
11.2677
-3.05626
2.24245
3.93472
-0.461005
-6.00285
60.8114
-15.9961
-5.82302
47.1879
-12.6886
-6.03177
37.7173
-10.5556
-3.35355
16.5169
-4.5414
-3.03001
11.6058
-3.25734
-1.86344
3.86603
-0.773872
9.62914
60.7735
-15.4972
9.49118
47.1464
-12.2474
6.60728
25.5448
-6.81344
9.71994
26.7799
-7.9391
6.49359
11.5475
-3.51788
2.9446
3.61586
-0.7553
-2.95466
110.678
-28.5069
-1.9653
1.8386
-0.523241
-7.89668
74.0557
-19.2557
1.4959
1.53018
0.0516805
15.3759
148.101
-37.4698
-0.664213
-0.337199
0.10707
0.938313
0.384893
-0.144105
-0.817942
0.275269
-0.0613877
1.7681
74.3113
-19.007
-1.21723
1.78866
0.196109
2.09514
2.07161
-0.719145
0.176494
-0.0956217
0.00124602
-9.7833
67.0764
-17.6516
-9.6712
53.509
-14.3966
-9.25986
39.9732
-11.2201
-8.55549
26.9686
-8.166
-6.69907
16.2559
-5.10227
-4.82224
7.56032
-2.36396
5.85316
67.0386
-17.1169
5.85563
53.4121
-13.8154
5.71317
39.8716
-10.5125
5.10384
27.1573
-7.22779
4.08233
15.9103
-4.4674
3.00388
7.22591
-1.71293
-9.04193
101.388
-26.4501
-5.93992
53.9893
-14.3426
-5.66964
40.4484
-11.044
-4.11926
22.2344
-6.33758
-3.65124
16.3982
-4.66503
-2.3965
7.38324
-1.89577
9.62807
67.577
-17.1223
9.57005
53.9641
-13.8633
9.31668
40.4027
-10.6474
8.30113
27.7387
-7.65915
7.19622
16.303
-4.8752
5.53158
7.47765
-2.25207
-31.3941
242.255
-64.0596
-38.3392
234.875
-63.6448
-27.7521
130.236
-37.0413
-14.9412
55.0702
-16.0835
-17.6181
46.4488
-13.9218
-10.8114
14.231
-3.84647
30.675
242.037
-61.9492
30.1364
187.535
-48.8026
22.7592
109.701
-28.8011
28.5865
100.962
-29.3624
19.4522
45.8129
-13.0671
11.7775
16.7146
-2.62363
10.6501
364.696
-94.529
10.6379
282.851
-74.8377
11.7612
225.728
-62.2755
9.53732
129.26
-36.7945
10.2999
68.2182
-20.4639
6.69231
16.3829
-5.00435
-11.5168
361.575
-94.5427
-8.87923
232.904
-62.5523
-9.93853
199.599
-56.2194
-10.9283
141.719
-42.211
-6.90414
66.9584
-20.5841
-4.70651
21.7861
-6.59148
-3.04113
6.64967
-1.89511
1.41225
2.97302
-1.53613
-0.434155
296.207
-75.988
9.81033
8.08168
-1.40325
0.123144
-0.865294
0.267846
-4.82787
4.19413
-0.343306
-27.5859
235.694
-61.7573
-31.126
215.031
-57.4905
-29.7373
160.891
-44.5535
-36.8076
146.68
-42.9257
-20.3885
65.6337
-19.7151
-14.7017
29.8413
-8.62212
34.5874
302.866
-77.0428
38.028
268.488
-69.1661
29.4617
160.719
-42.2352
25.9172
109.603
-30.0504
21.9743
64.5899
-18.584
16.3904
29.5439
-7.77201
10.991
422.403
-108.634
8.99045
269.662
-70.6222
10.7201
242.131
-65.1899
8.15392
140.992
-40.0089
10.2664
97.0605
-28.6702
10.3349
42.738
-12.8335
-10.224
352.03
-91.2815
-11.253
320.645
-84.7064
-10.2396
239.067
-65.4103
-8.65368
141.755
-40.4141
-8.06139
94.9551
-28.8143
-5.7317
42.4159
-13.1561
-4.33034
11.5116
-2.74101
-3.05112
22.5125
-6.40351
