-4.84968
36.4306
-9.65396
4.31096
54.6304
-14.0961
0.304282
0.16925
0.115505
-0.188483
-0.0104044
-0.0856755
-2.96086
36.6774
-9.6488
7.14695
55.025
-14.1058
0.171418
0.0198972
-0.100932
-0.159257
0.0793302
0.10723
-9.65777
59.545
-16.0536
-9.42132
46.117
-12.8147
-10.9974
41.045
-12.1711
-5.66386
16.0327
-5.04221
-5.76084
11.4405
-3.67449
-3.52691
4.17199
-1.33862
5.757
59.4814
-15.534
5.71587
45.9789
-12.2182
4.00745
24.7993
-6.60511
5.6344
25.7836
-7.45857
3.52588
11.1238
-3.07577
2.2008
3.8834
-0.477706
-5.8985
60.0218
-16.0261
-5.72069
46.5683
-12.7093
-5.92372
37.2146
-10.5696
-3.2914
16.2918
-4.54744
-2.96834
11.4436
-3.26174
-1.8224
3.81051
-0.782486
9.53839
59.9845
-15.5543
9.40089
46.5279
-12.2937
6.54407
25.2054
-6.83953
9.62668
26.416
-7.96708
6.42934
11.3895
-3.53094
2.91625
3.56828
-0.760317
-2.96086
109.283
-28.5869
-1.94801
1.81622
-0.522669
-7.79783
73.1118
-19.2953
1.46911
1.50855
0.0416836
15.1842
146.213
-37.6042
-0.661616
-0.333611
0.104389
0.925733
0.380481
-0.14119
-0.806284
0.27236
-0.0590363
1.77527
73.3536
-19.0603
-1.19109
1.76224
0.182091
2.07559
2.0463
-0.718345
0.176989
-0.0945835
-0.000154271
-9.68999
66.2301
-17.6862
-9.57873
52.8314
-14.4213
-9.17056
39.4643
-11.2347
-8.47155
26.6237
-8.17076
-6.63433
16.0494
-5.10162
-4.7764
7.46543
-2.36271
5.75132
66.1926
-17.1792
5.75394
52.7353
-13.8677
5.61391
39.3634
-10.5548
5.01324
26.809
-7.26198
4.00715
15.7069
-4.49055
2.94806
7.13353
-1.73003
-8.88508
100.077
-26.5023
-5.83623
53.2847
-14.3679
-5.56942
39.9137
-11.0605
-4.04506
21.9353
-6.34482
-3.57937
16.1716
-4.67018
-2.34608
7.27879
-1.90144
9.53745
66.7033
-17.1846
9.47949
53.2601
-13.915
9.22743
39.8694
-10.6881
8.22169
27.3669
-7.68796
7.12613
16.0804
-4.89297
5.47606
7.37614
-2.26123
-31.0004
239.152
-64.1786
-37.8559
231.842
-63.7448
-27.3975
128.536
-37.0836
-14.7473
54.3442
-16.0918
-17.3851
45.8282
-13.9239
-10.6699
14.0382
-3.85149
30.2925
238.935
-62.1777
29.7591
185.113
-48.9891
22.4721
108.269
-28.9223
28.221
99.6308
-29.4753
19.2021
45.2026
-13.1289
11.6299
16.4861
-2.6687
10.692
359.96
-94.7898
10.6746
279.137
-75.0378
11.7934
222.722
-62.4318
9.56348
127.496
-36.8892
10.2896
67.2723
-20.5148
6.66779
16.1562
-5.02652
-11.5435
357.004
-94.8039
-8.90441
229.945
-62.7198
-9.96765
197.047
-56.3567
-10.9468
139.908
-42.3109
-6.93287
66.1065
-20.6356
-4.72986
21.5081
-6.61659
-3.05201
6.55874
-1.90165
1.41564
2.93177
-1.53918
-0.42785
292.432
-76.2016
9.68962
7.96925
-1.41712
0.123244
-0.855041
0.269832
-4.76458
4.1357
-0.353827
-27.2404
232.683
-61.8786
-30.7347
212.266
-57.59
-29.3596
158.802
-44.6148
-36.3347
144.754
-42.961
-20.1202
64.7614
-19.7195
-14.5072
29.4405
-8.62573
34.1564
298.996
-77.3231
37.5526
265.036
-69.4255
29.0917
158.633
-42.4012
25.5873
108.165
-30.1717
21.6924
63.7334
-18.6636
16.1808
29.1476
-7.82113
11.0361
416.941
-108.937
9.02312
266.142
-70.8146
10.7524
238.93
-65.3602
8.18432
139.099
-40.1012
10.2712
95.7247
-28.737
10.3066
42.1426
-12.8748
-10.2465
347.588
-91.5361
-11.2811
316.583
-84.9373
-10.2706
236.021
-65.5804
-8.6733
139.937
-40.5179
-8.0888
93.7444
-28.883
-5.76
41.8778
-13.193
-4.2322
11.3514
-2.75979
-2.99825
22.2131
-6.41249
