-4.69756
34.9482
-9.68923
4.07191
52.4072
-14.2083
0.288347
0.160478
0.111019
-0.182614
-0.00911738
-0.0838029
-2.79726
35.1557
-9.68422
6.92526
52.7422
-14.2177
0.166186
0.0199468
-0.0984523
-0.148065
0.073493
0.102654
-9.35464
57.1165
-16.1039
-9.12415
44.2288
-12.8435
-10.6484
39.3551
-12.1784
-5.48347
15.3757
-5.03102
-5.58
10.9745
-3.66297
-3.41962
4.00512
-1.3305
5.43785
57.0546
-15.6629
5.39965
44.0943
-12.3262
3.7837
23.7776
-6.6741
5.30892
24.7212
-7.5414
3.31833
10.6663
-3.12579
2.07101
3.72037
-0.526127
-5.57196
57.5153
-16.0773
-5.40067
44.6041
-12.7416
-5.58617
35.6242
-10.5876
-3.09769
15.5816
-4.55598
-2.77705
10.9335
-3.26863
-1.69537
3.63675
-0.807254
9.24215
57.4796
-15.6824
9.10659
44.5671
-12.3985
6.33839
24.1316
-6.89909
9.3238
25.2673
-8.02921
6.22155
10.8918
-3.56048
2.82455
3.41836
-0.773195
-2.97146
104.836
-28.7518
-1.89175
1.74486
-0.520153
-7.48251
70.1075
-19.3662
1.3855
1.44012
0.0118933
14.5721
140.205
-37.9029
-0.652312
-0.322168
0.096056
0.88591
0.366364
-0.132051
-0.769559
0.263081
-0.0519512
1.79162
70.3102
-19.1702
-1.11006
1.67995
0.139195
2.01227
1.96636
-0.714019
0.178071
-0.0911984
-0.00435595
-9.386
63.5326
-17.7467
-9.27768
50.6729
-14.461
-8.8803
37.8444
-11.2528
-8.19932
25.5271
-8.16701
-6.42458
15.3926
-5.08909
-4.62796
7.16351
-2.35457
5.43236
63.4961
-17.3185
5.43537
50.5792
-13.9862
5.30299
37.7457
-10.6529
4.72991
25.7015
-7.3446
3.77264
15.0604
-4.54769
2.7741
6.83987
-1.77637
-8.39421
95.9131
-26.5939
-5.51182
51.0493
-14.4095
-5.25609
38.22
-11.0847
-3.81338
20.9902
-6.35265
-3.35611
15.4575
-4.67612
-2.18986
6.95082
-1.91509
9.24155
63.928
-17.3236
9.18405
51.0268
-14.0317
8.93683
38.1802
-10.7808
7.96342
26.1916
-7.75331
6.89897
15.3785
-4.93293
5.2969
7.0565
-2.28247
-29.7446
229.28
-64.3808
-36.3156
222.205
-63.8961
-26.269
123.141
-37.1268
-14.1314
52.0444
-16.0823
-16.6468
43.8663
-13.9029
-10.2218
13.4301
-3.8608
29.071
229.072
-62.6909
28.5546
177.418
-49.4137
21.5569
103.727
-29.207
27.0585
95.4142
-29.7334
18.4076
43.2728
-13.2784
11.161
15.7653
-2.79562
10.7867
344.927
-95.3264
10.7545
267.366
-75.4469
11.8578
213.211
-62.7448
9.61597
121.932
-37.0834
10.2326
64.2952
-20.6191
6.57847
15.4451
-5.08148
-11.5926
342.44
-95.3415
-8.95664
220.522
-63.0627
-10.0295
188.929
-56.628
-10.9743
134.151
-42.5082
-7.00177
63.3983
-20.7421
-4.7885
20.6236
-6.67742
-3.07749
6.27042
-1.91763
1.42252
2.8032
-1.54501
-0.408502
280.415
-76.6423
9.30567
7.61493
-1.45417
0.123419
-0.822168
0.275225
-4.56402
3.95224
-0.385884
-26.1382
223.103
-62.0911
-29.4873
203.476
-57.7517
-28.1569
152.17
-44.6962
-34.8308
138.649
-42.9725
-19.2694
62.0011
-19.6921
-13.8914
28.1745
-8.62108
32.7796
286.685
-77.9491
36.0348
254.061
-70.0117
27.9113
152.01
-42.7826
24.537
103.607
-30.4529
20.7961
61.023
-18.8514
15.5147
27.8954
-7.94671
11.1394
399.593
-109.562
9.09522
254.976
-71.2095
10.8192
228.794
-65.7066
8.25331
133.115
-40.279
10.2585
91.5149
-28.8686
10.1964
40.2714
-12.9691
-10.2864
333.429
-92.0608
-11.3355
303.643
-85.4115
-10.3371
226.324
-65.9256
-8.7101
134.157
-40.7294
-8.15054
89.8955
-29.0202
-5.83075
40.1668
-13.2736
-3.92875
10.8492
-2.81203
-2.83288
21.2658
-6.42476
