-4.58616
33.8887
-9.69271
3.90417
50.8181
-14.2503
0.2772
0.154336
0.107841
-0.178368
-0.00824655
-0.0824042
-2.6826
34.0718
-9.6878
6.76247
51.1162
-14.2595
0.162393
0.0199501
-0.0966086
-0.140362
0.0695086
0.0993954
-9.13271
55.3819
-16.1048
-8.90691
42.8818
-12.8375
-10.3939
38.1517
-12.16
-5.35225
14.9082
-5.01434
-5.44872
10.6432
-3.64909
-3.3417
3.88643
-1.32313
5.21387
55.3214
-15.7127
5.17773
42.7501
-12.3699
3.6269
23.0499
-6.70492
5.08168
23.9659
-7.57937
3.17383
10.3413
-3.15193
1.98077
3.60471
-0.556883
-5.34315
55.7325
-16.079
-5.17664
43.2098
-12.7382
-5.35026
34.4984
-10.5795
-2.96278
15.0804
-4.55355
-2.6447
10.5752
-3.26783
-1.60778
3.51555
-0.82275
9.02468
55.6979
-15.7317
8.89093
43.1751
-12.44
6.18805
23.371
-6.92306
9.10296
24.4569
-8.05224
6.07085
10.5414
-3.57204
2.75806
3.31287
-0.779917
-2.97193
101.658
-28.7989
-1.85075
1.69407
-0.517778
-7.25675
67.964
-19.3734
1.3273
1.39181
-0.00771617
14.1332
135.918
-38.0146
-0.644862
-0.313985
0.0902826
0.85773
0.356262
-0.125651
-0.743715
0.256469
-0.0472167
1.79819
68.1424
-19.2015
-1.05407
1.62289
0.11004
1.96632
1.91002
-0.709523
0.178446
-0.0887195
-0.00714368
-9.1634
61.6052
-17.7508
-9.0574
49.132
-14.4586
-8.66837
36.6897
-11.243
-8.00114
24.7467
-8.14928
-6.27217
14.9257
-5.07173
-4.52022
6.94886
-2.34539
5.20853
61.5694
-17.3714
5.21178
49.0402
-14.0331
5.08487
36.5927
-10.694
4.53167
24.9134
-7.38293
3.6092
14.6009
-4.57537
2.65307
6.6313
-1.80302
-8.05019
92.9489
-26.6006
-5.28459
49.4608
-14.4086
-5.03687
37.0192
-11.0795
-3.6516
20.3222
-6.34614
-3.2013
14.9548
-4.67198
-2.08196
6.72098
-1.92128
9.02428
61.9523
-17.3763
8.96736
49.4396
-14.0772
8.72418
36.9823
-10.818
7.77487
25.3605
-7.77914
6.73377
14.8839
-4.9483
5.1673
6.83174
-2.29135
-28.8457
222.245
-64.3856
-35.2141
215.347
-63.8717
-25.4636
119.312
-37.0851
-13.6932
50.4149
-16.0468
-16.1235
42.4805
-13.8658
-9.90434
13.0022
-3.86196
28.1951
222.041
-62.8888
27.6916
171.942
-49.5836
20.9023
100.501
-29.3303
26.2297
92.4283
-29.8376
17.8423
41.9092
-13.3478
10.8274
15.2575
-2.873
10.8239
334.234
-95.4783
10.7823
259.01
-75.5593
11.8734
206.478
-62.8226
9.62908
118.006
-37.1371
10.1725
62.2025
-20.6477
6.50588
14.9476
-5.10819
-11.5999
332.039
-95.494
-8.97229
213.801
-63.1572
-10.0498
183.148
-56.6906
-10.9693
130.057
-42.5533
-7.03327
61.474
-20.7721
-4.81794
19.9954
-6.7055
-3.0884
6.06653
-1.9251
1.42431
2.71402
-1.54608
-0.395372
271.841
-76.7684
9.03242
7.36583
-1.47498
0.123435
-0.79853
0.278325
-4.42194
3.82385
-0.407496
-25.3491
216.271
-62.1058
-28.5947
197.216
-57.7444
-27.2978
147.456
-44.6641
-33.7586
134.32
-42.9005
-18.6656
60.0487
-19.6394
-13.4551
27.2817
-8.60472
31.7923
277.905
-78.1866
34.947
246.244
-70.2418
27.066
147.302
-42.9392
23.7872
100.374
-30.5708
20.1579
59.1058
-18.9337
15.0411
27.0118
-8.01188
11.1814
387.244
-109.739
9.12145
247.041
-71.3201
10.8384
221.607
-65.7992
8.28059
128.885
-40.3139
10.2272
88.5506
-28.8982
10.1019
38.9589
-13.0066
-10.2902
323.312
-92.2105
-11.3471
294.406
-85.5446
-10.3595
219.413
-66.0168
-8.71637
130.044
-40.7864
-8.17471
87.1599
-29.0534
-5.86602
38.9511
-13.3017
-3.71971
10.4981
-2.84313
-2.71714
20.5952
-6.42057
