-4.52749
33.3381
-9.6884
3.81781
49.9924
-14.2615
0.271482
0.151184
0.106198
-0.176149
-0.00780768
-0.081661
-2.62362
33.5095
-9.68355
6.6766
50.2727
-14.2705
0.160409
0.0199428
-0.0956312
-0.136449
0.0674939
0.0977077
-9.01585
54.481
-16.0955
-8.79262
42.1827
-12.8268
-10.2602
37.5279
-12.1437
-5.28343
14.6661
-5.00318
-5.37996
10.4718
-3.64024
-3.30089
3.82503
-1.31883
5.09855
54.4212
-15.7268
5.06347
42.0526
-12.3833
3.54627
22.6727
-6.71575
4.96511
23.5749
-7.59314
3.09986
10.1732
-3.1628
1.93464
3.54494
-0.571769
-5.22546
54.8084
-16.07
-5.06149
42.488
-12.7289
-5.22914
33.9167
-10.5694
-2.89367
14.822
-4.54984
-2.5772
10.3909
-3.26577
-1.56321
3.45351
-0.83015
8.90999
54.7744
-15.7455
8.77731
42.4545
-12.4522
6.10896
22.9779
-6.93029
8.98699
24.0391
-8.05819
5.99196
10.3611
-3.57535
2.72326
3.2586
-0.782706
-2.9702
100.006
-28.8036
-1.82923
1.6678
-0.516369
-7.13924
66.8511
-19.3649
1.29753
1.36692
-0.0174225
13.9045
133.693
-38.0442
-0.640765
-0.309731
0.0873378
0.843181
0.351017
-0.122367
-0.730415
0.253045
-0.0448499
1.80017
67.0179
-19.2046
-1.02555
1.59379
0.0953418
1.94227
1.881
-0.70679
0.178527
-0.0874149
-0.00852928
-9.04617
60.6037
-17.7418
-8.94145
48.3319
-14.4487
-8.55696
36.0908
-11.2315
-7.89714
24.3426
-8.13576
-6.1923
14.684
-5.06029
-4.46382
6.83781
-2.33964
5.09329
60.5684
-17.3859
5.09665
48.2412
-14.0469
4.9726
35.9947
-10.7072
4.42982
24.5052
-7.39704
3.52546
14.3631
-4.58606
2.59116
6.52345
-1.81504
-7.8732
91.4118
-26.5875
-5.16773
48.638
-14.3994
-4.92422
36.3982
-11.0704
-3.5686
19.9774
-6.3393
-3.12223
14.696
-4.66742
-2.02699
6.60298
-1.92346
8.90968
60.9279
-17.3907
8.85313
48.6174
-14.0903
8.61223
36.3628
-10.8292
7.67577
24.9314
-7.7867
6.64715
14.629
-4.95258
5.09955
6.71613
-2.29418
-28.378
218.594
-64.3486
-34.6412
211.793
-63.8214
-25.0454
117.33
-37.0428
-13.4661
49.5729
-16.0202
-15.853
41.7658
-13.8401
-9.74029
12.7822
-3.86091
27.7388
218.394
-62.9444
27.2423
169.105
-49.6346
20.562
98.8321
-29.372
25.7996
90.8858
-29.8691
17.5494
41.206
-13.3732
10.6546
14.996
-2.90942
10.8347
328.692
-95.4922
10.7885
254.685
-75.5671
11.8729
202.999
-62.8218
9.62902
115.983
-37.1409
10.1359
61.1262
-20.6495
6.46569
14.6924
-5.11846
-11.596
326.636
-95.5082
-8.97445
210.313
-63.1641
-10.0537
180.151
-56.6861
-10.9598
127.938
-42.5495
-7.04469
60.4786
-20.7745
-4.82972
19.6708
-6.71567
-3.092
5.96146
-1.92783
1.42434
2.66854
-1.54574
-0.388769
267.39
-76.7811
8.89088
7.23779
-1.48418
0.123413
-0.786209
0.279718
-4.34854
3.75804
-0.418315
-24.9384
212.725
-62.0748
-28.1304
193.97
-57.706
-26.8514
145.015
-44.6219
-33.2021
132.081
-42.8401
-18.3531
59.0409
-19.6025
-13.2297
26.8217
-8.5924
31.278
273.348
-78.2514
34.3804
242.191
-70.3086
26.6261
144.863
-42.9881
23.3977
98.702
-30.6088
19.8269
58.1161
-18.9619
14.7958
26.5566
-8.0388
11.1943
380.84
-109.757
9.12797
242.931
-71.3294
10.8404
217.89
-65.8036
8.28857
126.702
-40.3061
10.2046
87.0241
-28.8952
10.0484
38.2846
-13.0175
-10.2854
318.056
-92.225
-11.3455
289.611
-85.556
-10.3643
215.829
-66.0205
-8.71406
127.914
-40.7894
-8.18172
85.7443
-29.0522
-5.88006
38.3225
-13.3078
-3.61341
10.3182
-2.85745
-2.65769
20.2486
-6.4147
