-0.0251903
-7.02969
-0.00734619
-0.0309897
-10.546
0.0115547
-0.298133
-0.185334
-0.0726158
0.123572
0.00083013
0.0414034
-0.0172891
-7.01526
-0.0063258
-0.0137266
-10.5189
0.00709262
-0.111238
-0.0124824
0.0481187
0.239419
-0.1437
-0.0844566
-0.0510839
-14.095
-0.00615552
0.00853095
-14.2567
-0.0128215
0.463653
-18.2566
-0.114599
0.997604
-10.2758
-0.109736
2.41031
-10.6013
-0.0630801
2.05683
-4.96165
-0.0413071
-0.0330339
-14.1109
0.0341338
-0.0218504
-14.3445
0.0952364
-0.178268
-10.8522
0.229121
-1.1313
-17.8235
0.253008
-1.88217
-10.2451
0.00830122
-1.97193
-4.47413
-0.483799
-0.0339245
-14.0629
1.36004e-05
0.0234796
-14.2034
0.0337891
0.334496
-16.2614
0.125858
0.865503
-10.2215
0.266857
2.21129
-10.6505
0.122491
2.14658
-5.03406
-0.374948
-0.00501531
-14.0691
0.0293727
-0.000905419
-14.2436
0.0716062
-0.275557
-10.763
0.0875238
-1.4541
-17.7497
-0.171257
-2.15364
-10.4281
-0.145705
-1.459
-3.75584
-0.173086
-0.0642312
-21.0871
0.00161002
1.23775
-2.41789
-0.0622041
-0.0372627
-14.0438
-0.0109313
-1.46343
-2.04777
-0.437446
-0.0940505
-28.0876
0.0272629
0.144008
0.081517
-0.128848
-0.749421
-0.335408
0.133873
0.734358
-0.288186
0.0978064
-0.0372466
-14.0298
-0.0029823
1.55341
-2.76135
-0.69164
-1.23344
-2.37102
0.046784
0.0189175
-0.00322002
-0.07555
-0.0514481
-14.0668
-0.00985484
-0.0381768
-14.1529
-0.00597906
0.12701
-14.3902
-0.0287999
0.619858
-14.5699
-0.0912085
2.01174
-12.6296
-0.0640315
2.44631
-7.88109
-0.0784188
-0.0391029
-14.0713
0.0201094
-0.0229763
-14.1937
0.0613694
-0.0557463
-14.4898
0.157031
-0.484853
-14.4378
0.334157
-1.44099
-12.591
0.143422
-2.12348
-7.35818
-0.220646
-0.0548334
-21.0549
-0.00931571
-0.0198919
-14.1186
0.0119264
0.107557
-14.3381
0.0737248
0.479222
-11.7018
0.156066
1.81626
-12.6751
0.267966
2.27871
-7.83291
-0.0951956
-0.0153569
-14.0361
0.0171258
-0.00744439
-14.125
0.0488088
-0.0433796
-14.4102
0.0990446
-0.724032
-14.3158
0.0427709
-1.66311
-12.6869
-0.121045
-2.38412
-7.56457
-0.179341
-0.120141
-56.3031
-0.0176813
0.143557
-71.0698
0.0489073
1.25998
-56.2823
0.0924589
3.06381
-33.8627
0.203959
8.77144
-42.3549
0.282631
7.32876
-17.7942
-0.224089
-0.219346
-56.3724
0.124651
-0.341262
-57.1405
0.329384
-1.21806
-46.9125
0.803071
-5.03303
-67.0845
-0.0117754
-7.4002
-41.3698
-0.0802938
-6.96167
-18.481
-1.14454
-0.247116
-84.3965
0.0579204
-0.187531
-85.3557
0.263057
0.290754
-97.5894
0.52467
0.323703
-84.1719
1.17773
0.646932
-63.8517
0.136212
-1.10091
-20.0991
-0.544654
-0.20462
-84.6218
0.0862407
0.11195
-71.6214
0.1542
0.704081
-87.7406
0.0774273
1.01575
-95.6742
0.595138
1.5727
-63.0018
0.188967
0.139558
-27.2434
-0.347164
-0.202707
-10.3858
-0.102103
0.140272
-4.93345
0.0796051
-0.16833
-56.1779
0.00339803
-6.51792
-10.6232
-0.338778
-0.109368
0.149545
0.131089
3.75251
-6.20839
-0.638288
-0.123784
-49.1703
-0.0278371
-0.0551143
-56.5256
0.00476773
0.581316
-57.4207
0.0437379
3.09492
-78.0534
0.285666
7.43087
-50.3043
0.352571
8.91716
-31.3656
0.0169723
-0.226321
-63.2592
0.0854146
-0.356572
-70.7982
0.274871
-0.610613
-57.6894
0.527173
-2.91768
-57.7089
0.485114
-5.8846
-50.3649
0.164823
-8.07879
-30.0671
-0.533656
-0.262556
-87.7271
0.0219283
-0.16555
-70.6805
0.103664
0.042589
-86.4359
0.413451
-0.108883
-74.1768
0.336095
1.1259
-76.9276
0.592663
-0.564031
-46.0998
-0.43227
-0.205731
-73.8619
0.0371838
-0.123406
-85.053
0.145128
0.41776
-86.8929
0.232887
0.653935
-76.366
0.615902
1.81357
-76.6963
0.425628
0.841978
-45.476
-0.122514
5.02608
-16.2474
-0.688602
0.264477
-10.8973
0.0651178
