-4.33976
31.6053
-9.65115
3.54887
47.3937
-14.2559
0.253803
0.141435
0.101066
-0.169126
-0.00647884
-0.0792593
-2.44016
31.7434
-9.64648
6.40131
47.6233
-14.2645
0.15412
0.0198849
-0.0924826
-0.124497
0.061379
0.0924273
-8.64204
51.6478
-16.0277
-8.42744
39.9873
-12.7638
-9.83392
35.5728
-12.066
-5.06448
13.9083
-4.95818
-5.16169
9.93611
-3.60581
-3.17138
3.6333
-1.30337
4.73943
51.5905
-15.7261
4.70778
39.8622
-12.3897
3.29566
21.49
-6.72998
4.60412
22.3518
-7.61353
2.87148
9.64787
-3.18653
1.79251
3.3586
-0.614342
-4.85945
51.9095
-16.0035
-4.70373
40.2279
-12.6705
-4.85354
32.0997
-10.5141
-2.68009
14.0169
-4.52857
-2.36988
9.81909
-3.25263
-1.4268
3.26215
-0.85076
8.54238
51.8773
-15.7437
8.41358
40.1978
-12.4547
5.85631
21.7496
-6.93299
8.61742
22.7381
-8.05367
5.74156
9.80089
-3.57532
2.61291
3.09011
-0.788746
-2.95727
94.8082
-28.7418
-1.76083
1.58578
-0.511193
-6.76856
63.3521
-19.2909
1.20576
1.28963
-0.0460666
13.1821
126.695
-38.0286
-0.627
-0.29633
0.0783021
0.797818
0.334551
-0.112208
-0.689109
0.242331
-0.0377626
1.80092
63.4859
-19.1632
-0.93819
1.50446
0.0509644
1.86598
1.79086
-0.696662
0.178334
-0.0832481
-0.0126363
-8.67107
57.4532
-17.6708
-8.57068
45.8174
-14.3836
-8.20131
34.2115
-11.1702
-7.56591
23.0768
-8.07627
-5.93854
13.9281
-5.01466
-4.28487
6.49095
-2.31753
4.73442
57.4193
-17.3816
4.73817
45.7303
-14.0498
4.62326
34.1185
-10.7177
4.11375
23.2267
-7.41916
3.26662
13.6197
-4.60541
2.40022
6.18673
-1.84576
-7.32274
86.5866
-26.4821
-4.80447
46.0587
-14.3369
-4.5745
34.4556
-11.0168
-3.31146
18.902
-6.30422
-2.87881
13.8915
-4.64353
-1.85847
6.2376
-1.9261
8.5423
57.7118
-17.3861
8.4872
46.0401
-14.0909
8.2542
34.4245
-10.833
7.35959
23.5926
-7.78791
6.37166
13.8364
-4.95167
4.88493
6.35734
-2.29618
-26.9029
207.129
-64.0792
-32.836
200.647
-63.517
-23.73
111.128
-36.8286
-12.7537
46.9434
-15.9039
-15.0076
39.5409
-13.7337
-9.22811
12.0997
-3.8508
26.2976
206.938
-62.9386
25.8241
160.206
-49.6517
19.4896
93.6074
-29.4168
24.4485
86.072
-29.8811
16.6314
39.016
-13.4124
10.1137
14.1843
-3.0093
10.8357
311.306
-95.2853
10.7761
241.14
-75.3959
11.8384
192.131
-62.6596
9.6023
109.682
-37.0593
9.99934
57.7854
-20.6039
6.32965
13.9037
-5.13658
-11.5545
309.647
-95.3024
-8.95863
199.361
-63.022
-10.0409
170.76
-56.5281
-10.9037
121.308
-42.4317
-7.06157
57.3691
-20.731
-4.85309
18.6584
-6.73017
-3.09519
5.63515
-1.9318
1.42093
2.52899
-1.54116
-0.368896
253.394
-76.6175
8.44765
6.84105
-1.50691
0.12321
-0.7473
0.283237
-4.11949
3.55484
-0.450535
-23.643
201.581
-61.8272
-26.6665
183.781
-57.4499
-25.4459
137.366
-44.3888
-31.4534
125.087
-42.5598
-17.3752
55.8988
-19.4484
-12.5259
25.3918
-8.53814
29.6533
259.027
-78.2312
32.5916
229.468
-70.3165
25.2386
137.224
-43.0174
22.1729
93.4762
-30.6385
18.7884
55.0307
-18.9939
14.0276
25.1407
-8.09664
11.2007
360.737
-109.521
9.12122
230.047
-71.1726
10.8153
206.263
-65.6486
8.2898
119.891
-40.1803
10.1092
82.2787
-28.8144
9.86264
36.1958
-13.0183
-10.2442
301.521
-92.0275
-11.3121
274.54
-85.3686
-10.3531
204.583
-65.8626
-8.68552
121.243
-40.6954
-8.18254
81.3191
-28.9765
-5.90765
36.3601
-13.294
-3.28826
9.76294
-2.89494
-2.47318
19.1665
-6.38183
