-4.27333
31.0014
-9.6306
3.45601
46.4881
-14.2411
0.247747
0.138095
0.0992892
-0.166666
-0.00603226
-0.0784023
-2.37689
31.129
-9.626
6.30374
46.7016
-14.2495
0.151915
0.0198533
-0.0913628
-0.120453
0.0593216
0.090599
-8.50981
50.6614
-15.9918
-8.29841
39.2239
-12.7324
-9.6836
34.8942
-12.0304
-4.98743
13.6456
-4.93927
-5.08505
9.75081
-3.59164
-3.12592
3.56705
-1.29732
4.61542
50.6049
-15.7115
4.585
39.1006
-12.3806
3.20931
21.0795
-6.72864
4.48019
21.9282
-7.61335
2.79333
9.46621
-3.19146
1.74399
3.2943
-0.627809
-4.73324
50.9021
-15.9681
-4.58049
39.4439
-12.6407
-4.7244
31.471
-10.4872
-2.6069
13.7391
-4.51801
-2.29928
9.62252
-3.24587
-1.38053
3.19676
-0.85704
8.41211
50.8706
-15.7287
8.28483
39.4149
-12.4442
5.76706
21.3244
-6.92756
8.48717
22.2893
-8.04471
5.65364
9.60809
-3.57198
2.57419
3.03217
-0.789977
-2.95041
92.9968
-28.6961
-1.73677
1.55746
-0.509131
-6.63903
62.1338
-19.25
1.17442
1.26306
-0.0554366
12.9294
124.259
-37.9889
-0.621921
-0.291653
0.0752319
0.782155
0.328832
-0.10873
-0.6749
0.238619
-0.0354069
1.79945
62.2571
-19.1327
-0.908535
1.47408
0.0361346
1.83921
1.75984
-0.692647
0.178121
-0.0817778
-0.0139842
-8.53836
56.3557
-17.6324
-8.43958
44.9424
-14.3501
-8.07575
33.5585
-11.1406
-7.44923
22.638
-8.05002
-5.84935
13.6664
-4.99559
-4.22206
6.37104
-2.30849
4.6105
56.3223
-17.3644
4.61439
44.8566
-14.0381
4.50273
33.4667
-10.7115
4.005
22.7834
-7.4198
3.17792
13.3624
-4.60762
2.33496
6.07038
-1.8542
-7.13288
84.9087
-26.4248
-4.67925
45.1631
-14.3043
-4.4541
33.7825
-10.9901
-3.22314
18.5304
-6.28758
-2.79573
13.6144
-4.63208
-1.80119
6.11225
-1.92561
8.41209
56.5935
-17.3688
8.35759
45.1452
-14.0783
8.12758
33.7529
-10.8243
7.24802
23.1299
-7.78115
6.27474
13.5632
-4.94677
4.80971
6.23398
-2.29467
-26.3876
203.141
-63.9361
-32.206
196.776
-63.3638
-23.2717
108.979
-36.7278
-12.5062
46.034
-15.8527
-14.715
38.7738
-13.688
-9.05101
11.8654
-3.84493
25.7935
202.953
-62.8794
25.3284
157.115
-49.6124
19.1155
91.7965
-29.405
23.9784
84.4082
-29.8576
16.3127
38.2607
-13.413
9.92618
13.9051
-3.03939
10.8257
305.264
-95.1335
10.7617
236.441
-75.2739
11.8158
188.371
-62.5519
9.58455
107.508
-37.0007
9.94498
56.6367
-20.5715
6.27917
13.6336
-5.13828
-11.5308
303.732
-95.1509
-8.946
195.553
-62.9204
-10.0284
167.5
-56.4271
-10.8759
119.012
-42.3566
-7.0614
56.2938
-20.6992
-4.85684
18.3091
-6.72951
-3.09368
5.52304
-1.93165
1.4186
2.48153
-1.53841
-0.362267
248.521
-76.4958
8.29397
6.70495
-1.51285
0.123093
-0.733702
0.28418
-4.04035
3.48536
-0.46111
-23.1904
197.703
-61.6929
-26.1553
180.239
-57.3173
-24.9559
134.713
-44.2753
-30.8448
122.666
-42.4328
-17.0363
54.8139
-19.3823
-12.2826
24.8995
-8.51403
29.0849
254.043
-78.1533
31.9661
225.046
-70.2552
24.7539
134.574
-42.9881
21.7462
91.6672
-30.6204
18.4276
53.9654
-18.9871
13.7612
24.6532
-8.10822
11.1922
353.747
-109.347
9.11022
225.574
-71.0587
10.7968
202.235
-65.5406
8.28265
117.537
-40.1041
10.0682
80.6443
-28.7632
9.79238
35.4788
-13.0077
-10.2218
295.76
-91.8814
-11.2914
269.296
-85.2323
-10.341
200.676
-65.7535
-8.66884
118.93
-40.6295
-8.1761
79.7877
-28.927
-5.91196
35.682
-13.2785
-3.17803
9.57309
-2.90545
-2.40971
18.7921
-6.36571
