-4.20502
30.3848
-9.60597
3.36157
45.5635
-14.2198
0.241615
0.134714
0.0974807
-0.16415
-0.00558409
-0.0775174
-2.31258
30.5021
-9.60143
6.20332
45.7611
-14.2281
0.149657
0.0198154
-0.0902085
-0.116382
0.0572566
0.0887388
-8.37384
49.6545
-15.9492
-8.16579
38.4453
-12.6957
-9.52926
34.2029
-11.9898
-4.90841
13.3782
-4.91837
-5.00652
9.56232
-3.57607
-3.07935
3.49972
-1.29081
4.48932
49.599
-15.6899
4.46016
38.3238
-12.366
3.12159
20.6612
-6.72427
4.35454
21.4972
-7.60969
2.71423
9.28146
-3.19491
1.69493
3.22898
-0.640902
-4.60497
49.8747
-15.9259
-4.45531
38.645
-12.6057
-4.59335
30.8312
-10.4562
-2.53277
13.4567
-4.50569
-2.228
9.42313
-3.23786
-1.33391
3.13061
-0.862993
8.27804
49.844
-15.7067
8.15239
38.6172
-12.428
5.67534
20.8917
-6.91898
8.35348
21.8332
-8.03203
5.56355
9.41241
-3.56698
2.53453
2.97338
-0.790813
-2.94229
91.1472
-28.6377
-1.71211
1.52868
-0.50689
-6.5066
60.8902
-19.2009
1.14273
1.23613
-0.064709
12.6709
121.772
-37.932
-0.616599
-0.286873
0.072137
0.766236
0.323004
-0.105211
-0.660484
0.234841
-0.0330553
1.79713
61.0033
-19.0938
-0.878646
1.44342
0.0213151
1.81179
1.72835
-0.688315
0.177832
-0.0802683
-0.0153193
-8.40189
55.2352
-17.5865
-8.30479
44.0497
-14.3106
-7.94677
32.8928
-11.1065
-7.32949
22.1911
-8.02051
-5.75793
13.4001
-4.97455
-4.15773
6.24912
-2.29858
4.48449
55.2024
-17.3393
4.48852
43.9651
-14.02
4.38023
32.8022
-10.7005
3.89462
22.332
-7.41709
3.08808
13.1006
-4.6077
2.26895
5.9521
-1.86174
-6.93991
83.1971
-26.3564
-4.55203
44.2502
-14.2658
-4.33186
33.0971
-10.9588
-3.13357
18.1525
-6.26843
-2.71174
13.3331
-4.61882
-1.74342
5.98522
-1.9244
8.27807
55.4527
-17.3436
8.22423
44.2329
-14.0593
7.99739
33.0689
-10.8108
7.13345
22.6592
-7.77083
6.17534
13.2858
-4.93959
4.73271
6.10884
-2.29208
-25.8608
199.072
-63.7663
-31.5621
192.829
-63.1844
-22.8039
106.791
-36.6119
-12.2538
45.1089
-15.7953
-14.4172
37.9947
-13.6372
-8.87088
11.6278
-3.83773
25.2778
198.888
-62.7919
24.8214
153.965
-49.5506
18.7332
89.9523
-29.38
23.4989
82.7161
-29.8203
15.988
37.4936
-13.4074
9.73516
13.6219
-3.06786
10.8106
299.103
-94.9402
10.7423
231.654
-75.1193
11.7878
184.544
-62.4174
9.5624
105.3
-36.9263
9.88622
55.4713
-20.5303
6.22614
13.36
-5.13775
-11.5023
297.695
-94.958
-8.92976
191.669
-62.7916
-10.012
164.179
-56.3017
-10.8435
116.675
-42.2634
-7.05832
55.2004
-20.6586
-4.85853
17.9543
-6.72604
-3.09086
5.40944
-1.93073
1.41566
2.43365
-1.53504
-0.35564
243.547
-76.3407
8.13746
6.56706
-1.51797
0.122948
-0.719801
0.285003
-3.95988
3.41508
-0.471556
-22.7277
193.745
-61.5326
-25.6328
176.627
-57.1608
-24.4553
132.009
-44.1436
-30.2236
120.202
-42.2886
-16.6912
53.7113
-19.3085
-12.035
24.3999
-8.48678
28.5034
248.957
-78.0402
31.3264
220.536
-70.1623
24.2584
131.874
-42.9394
21.3106
89.8261
-30.5883
18.0596
52.8826
-18.9715
13.4898
24.1582
-8.11592
11.1784
346.616
-109.126
9.0949
221.014
-70.9139
10.7731
198.133
-65.4043
8.27171
115.143
-40.0106
10.0226
78.9849
-28.6997
9.71796
34.7521
-12.9916
-10.1949
289.88
-91.6951
-11.2661
263.945
-85.059
-10.3247
196.693
-65.616
-8.6486
116.575
-40.5463
-8.1663
78.2297
-28.8652
-5.91381
34.9928
-13.2573
-3.067
9.38103
-2.91489
-2.34528
18.4112
-6.34698
