-4.13485
29.7558
-9.57726
3.26559
44.6202
-14.1922
0.235412
0.131294
0.095641
-0.161577
-0.00513448
-0.0766049
-2.24725
29.8629
-9.57279
6.10008
44.8021
-14.2003
0.147347
0.019771
-0.0890204
-0.112288
0.055185
0.086848
-8.23419
48.6277
-15.8999
-8.02964
37.6518
-12.6537
-9.37094
33.499
-11.9442
-4.82743
13.1062
-4.89545
-4.92614
9.37078
-3.5591
-3.03169
3.43135
-1.28381
4.36115
48.5732
-15.6612
4.33331
37.5323
-12.3457
3.03254
20.2353
-6.71689
4.22721
21.0588
-7.60255
2.63421
9.09373
-3.19686
1.64538
3.1627
-0.653613
-4.47469
48.8278
-15.8771
-4.32824
37.8317
-12.5655
-4.46045
30.1805
-10.4208
-2.45772
13.1699
-4.49156
-2.15606
9.22098
-3.22859
-1.28695
3.06374
-0.868601
8.14022
48.7978
-15.6776
8.01632
37.805
-12.4063
5.58119
20.4515
-6.90725
8.21639
21.3701
-8.01563
5.47134
9.21393
-3.56031
2.49395
2.91377
-0.791255
-2.93292
89.2602
-28.5669
-1.68686
1.49947
-0.504464
-6.37129
59.6219
-19.1436
1.11072
1.20885
-0.0738794
12.4066
119.235
-37.858
-0.611033
-0.281988
0.06902
0.750068
0.31707
-0.101653
-0.645868
0.230997
-0.0307081
1.79397
59.7248
-19.0465
-0.848542
1.41249
0.00652326
1.78373
1.69641
-0.683668
0.177467
-0.0787207
-0.0166405
-8.2617
54.0923
-17.5332
-8.16638
43.1395
-14.2651
-7.8144
32.2148
-11.0678
-7.20673
21.7364
-7.9877
-5.66431
13.1294
-4.9515
-4.0919
6.12526
-2.28779
4.35641
54.0601
-17.3064
4.3606
43.0563
-13.9956
4.25578
32.1253
-10.6846
3.78265
21.8725
-7.41104
2.99713
12.8345
-4.60567
2.20223
5.83197
-1.86837
-6.7439
81.4523
-26.2769
-4.42282
43.3202
-14.2212
-4.20782
32.3995
-10.9231
-3.04278
17.7684
-6.24673
-2.62688
13.0476
-4.60374
-1.68517
5.85657
-1.92245
8.1403
54.2898
-17.3106
8.08717
43.3036
-14.034
7.86369
32.3729
-10.7924
7.0159
22.1808
-7.75695
6.07351
13.0043
-4.93012
4.65395
5.98199
-2.2884
-25.3227
194.924
-63.5696
-30.9047
188.809
-62.9786
-22.3265
104.564
-36.4811
-11.9967
44.1686
-15.7314
-14.1144
37.204
-13.581
-8.6878
11.3872
-3.82912
24.7506
194.744
-62.6762
24.3034
150.756
-49.4666
18.3429
88.0756
-29.3418
23.0099
80.9967
-29.7693
15.6574
36.7148
-13.3955
9.54076
13.3349
-3.09468
10.7904
292.824
-94.7057
10.7177
226.779
-74.9321
11.7542
180.652
-62.2558
9.53586
103.057
-36.8361
9.82306
54.2897
-20.4802
6.17057
13.0833
-5.13497
-11.4691
291.539
-94.7238
-8.90991
187.711
-62.6355
-9.99147
160.798
-56.1519
-10.8065
114.298
-42.1521
-7.05232
54.0894
-20.6093
-4.85817
17.5943
-6.71969
-3.08672
5.29444
-1.92902
1.4121
2.38534
-1.53103
-0.349015
238.474
-76.1522
7.97818
6.42747
-1.52227
0.122774
-0.705602
0.285704
-3.87812
3.34403
-0.481845
-22.2549
189.709
-61.3463
-25.0991
172.946
-56.9804
-23.9443
129.256
-43.9936
-29.5902
117.697
-42.1272
-16.3399
52.5914
-19.2271
-11.7833
23.8932
-8.4563
27.909
243.771
-77.892
30.6725
215.941
-70.0377
23.7523
129.124
-42.8713
20.8663
87.9538
-30.5422
17.6847
51.7829
-18.9472
13.2135
23.6562
-8.11976
11.1594
339.347
-108.856
9.07526
216.369
-70.7384
10.7443
193.958
-65.2398
8.25701
112.71
-39.8997
9.97232
77.3013
-28.6239
9.63942
34.016
-12.9698
-10.1638
283.882
-91.4689
-11.2362
258.49
-84.8487
-10.3043
192.636
-65.4501
-8.62482
114.179
-40.4456
-8.15316
76.646
-28.7909
-5.91318
34.2929
-13.2305
-2.95523
9.18685
-2.92318
-2.27992
18.0239
-6.32561
