-3.91346
27.7966
-9.46656
2.96871
41.6821
-14.0715
0.216403
0.120817
0.089939
-0.153529
-0.00377834
-0.0737022
-2.04539
27.8739
-9.46232
5.77395
41.8182
-14.079
0.140116
0.0195972
-0.085257
-0.0998871
0.0489386
0.0810034
-7.79368
45.4325
-15.7114
-7.60057
35.1856
-12.4956
-8.87283
31.3158
-11.7773
-4.57315
12.2638
-4.81438
-4.67421
8.77877
-3.49944
-2.88236
3.22042
-1.2598
3.96474
45.3811
-15.5334
3.94114
35.0725
-12.252
2.75773
18.9139
-6.67676
3.83574
19.7021
-7.56039
2.38904
8.51363
-3.19375
1.49394
2.95842
-0.689412
-4.07219
45.5736
-15.6902
-3.93607
35.3074
-12.413
-4.05111
28.1659
-10.2886
-2.22736
12.2841
-4.43816
-1.93664
8.59876
-3.19292
-1.14435
2.85897
-0.883157
7.70489
45.5458
-15.5484
7.58686
35.2843
-12.3077
5.28457
19.0881
-6.85338
7.78538
19.9403
-7.94431
5.1823
8.60248
-3.53039
2.36685
2.73022
-0.790219
-2.89743
83.3832
-28.2797
-1.6076
1.40943
-0.495998
-5.94868
55.6735
-18.9228
1.01287
1.12513
-0.100743
11.5802
111.339
-37.5353
-0.59288
-0.266722
0.0595626
0.700152
0.298663
-0.0907793
-0.600884
0.219081
-0.0236942
1.7795
55.7469
-18.8548
-0.757114
1.31814
-0.0375149
1.69583
1.59798
-0.667869
0.175901
-0.0738619
-0.0205087
-7.81945
50.534
-17.3283
-7.72993
40.3087
-14.0923
-7.39757
30.1092
-10.9237
-6.82087
20.3273
-7.86916
-5.37066
12.292
-4.87007
-3.88564
5.74279
-2.24987
3.96026
50.5038
-17.1617
3.965
40.2301
-13.8851
3.87128
30.0237
-10.6084
3.43764
20.4488
-7.37294
2.71805
12.0115
-4.58688
1.99805
5.46112
-1.88278
-6.13821
76.0256
-25.9711
-4.02383
40.4316
-14.0516
-3.82528
30.237
-10.7884
-2.76347
16.5808
-6.16611
-2.36739
12.1676
-4.54724
-1.5079
5.4613
-1.9119
7.70509
50.673
-17.1654
7.65441
40.4171
-13.9205
7.44203
30.2148
-10.7081
6.64595
20.701
-7.69412
5.75382
12.1361
-4.88806
4.40746
5.59152
-2.27088
-23.6423
182.024
-62.8176
-28.8531
176.325
-62.2021
-20.8397
97.6637
-35.9967
-11.198
41.2601
-15.5007
-13.1768
34.7654
-13.3794
-8.12162
10.648
-3.79436
23.1025
181.856
-62.1615
22.6851
140.789
-49.0819
17.1257
82.2584
-29.1482
21.4891
75.6811
-29.5347
14.6312
34.3128
-13.3227
8.93808
12.4521
-3.16522
10.6997
273.308
-93.7548
10.614
211.651
-74.1754
11.6208
168.6
-61.609
9.4301
96.1327
-36.4696
9.60744
50.6524
-20.2767
5.98872
12.234
-5.11279
-11.3408
272.381
-93.774
-8.82897
175.412
-62.0042
-9.90598
150.31
-55.5561
-10.6686
106.941
-41.7083
-7.01679
50.6569
-20.4074
-4.84452
16.4853
-6.68299
-3.06625
4.94181
-1.91894
1.39772
2.23801
-1.51509
-0.329147
222.681
-75.3877
7.48444
5.99917
-1.5303
0.122048
-0.661297
0.287039
-3.62552
3.12657
-0.511475
-20.7784
177.149
-60.6305
-23.433
161.505
-56.2944
-22.3514
120.715
-43.4326
-27.6187
109.943
-41.5375
-15.2511
49.1329
-18.9353
-11.0049
22.333
-8.34459
26.0504
227.633
-77.2395
28.6291
201.657
-69.4769
22.1721
120.593
-42.552
19.4825
82.1571
-30.3211
16.5199
48.3867
-18.8221
12.3569
22.1096
-8.10806
11.0714
316.738
-107.764
8.99087
201.942
-70.0274
10.6278
181.017
-64.5762
8.19045
105.187
-39.4629
9.79433
72.1105
-28.3218
9.37918
31.7536
-12.8704
-10.0452
265.207
-90.5512
-11.1188
241.526
-83.9967
-10.2185
180.04
-64.782
-8.53229
106.754
-40.0382
-8.09368
71.7488
-28.4932
-5.89631
32.1326
-13.1155
-2.61601
8.59225
-2.94072
-2.07856
16.8252
-6.24551
