-3.83616
27.1205
-9.42147
2.86691
40.6682
-14.0189
0.209943
0.117259
0.0879787
-0.15074
-0.00332436
-0.07268
-1.97623
27.1879
-9.41731
5.65994
40.7891
-14.0262
0.137607
0.0195252
-0.0839376
-0.0957202
0.0468479
0.0790017
-7.63989
44.3306
-15.635
-7.45089
34.3363
-12.4321
-8.6993
30.5653
-11.7114
-4.48471
11.9747
-4.78319
-4.58673
8.57596
-3.47656
-2.83052
3.14828
-1.25074
3.82881
44.2804
-15.477
3.80673
34.2254
-12.2099
2.66371
18.4596
-6.65744
3.70227
19.2366
-7.53948
2.30573
8.31493
-3.18975
1.44261
2.88864
-0.700552
-3.93432
44.4524
-15.6143
-3.80187
34.4389
-12.3516
-3.91131
27.4742
-10.2357
-2.14894
11.9807
-4.4166
-1.8624
8.3863
-3.17832
-1.09632
2.78937
-0.887188
7.55272
44.4253
-15.4916
7.43685
34.4171
-12.2639
5.18111
18.6199
-6.82924
7.63532
19.4507
-7.91323
5.08195
8.39352
-3.51713
2.32273
2.6675
-0.78909
-2.88318
81.3551
-28.1593
-1.58005
1.37867
-0.492757
-5.80243
54.3114
-18.8328
0.979694
1.09664
-0.109472
11.294
108.615
-37.3946
-0.586345
-0.26143
0.056383
0.683065
0.292335
-0.0870978
-0.585529
0.214983
-0.0213653
1.77304
54.375
-18.7745
-0.726319
1.28619
-0.0520261
1.66532
1.56432
-0.661994
0.17522
-0.0721745
-0.0217628
-7.66503
49.3064
-17.2451
-7.57759
39.3331
-14.0225
-7.25225
29.3847
-10.8662
-6.68657
19.8434
-7.82285
-5.26864
12.0048
-4.83873
-3.81405
5.61187
-2.23532
3.82441
49.2769
-17.0983
3.82936
39.2561
-13.8359
3.73956
29.3005
-10.5736
3.31976
19.9598
-7.35365
2.62308
11.7294
-4.57642
1.92876
5.33422
-1.88575
-5.93069
74.1549
-25.8467
-3.88721
39.437
-13.983
-3.69447
29.4936
-10.7343
-2.66817
16.1735
-6.13396
-2.27938
11.8667
-4.52455
-1.44805
5.32655
-1.90674
7.55294
49.4262
-17.1018
7.50317
39.4232
-13.8703
7.29483
29.473
-10.6704
6.51704
20.1935
-7.66617
5.64266
11.839
-4.86952
4.32199
5.45819
-2.26289
-23.0609
177.577
-62.5127
-28.1439
172.027
-61.8897
-20.3265
95.2929
-35.8042
-10.923
40.2627
-15.4105
-12.855
33.9314
-13.3008
-7.92748
10.3962
-3.77958
22.5318
177.414
-61.9348
22.125
137.359
-48.91
16.7051
80.2595
-29.0576
20.9648
73.8591
-29.4294
14.2782
33.4912
-13.2861
8.73095
12.1509
-3.18541
10.6596
266.584
-93.3558
10.5695
206.447
-73.8581
11.5656
164.462
-61.3392
9.38623
93.7617
-36.3154
9.52693
49.4103
-20.1907
5.92309
11.9448
-5.1007
-11.2888
265.774
-93.3753
-8.79494
171.177
-61.7395
-9.86953
146.704
-55.3086
-10.6136
104.418
-41.5236
-6.99908
49.4814
-20.322
-4.83574
16.1066
-6.66473
-3.05671
4.82197
-1.91387
1.39166
2.18809
-1.50845
-0.322517
217.233
-75.0669
7.31477
5.85341
-1.53138
0.12173
-0.645984
0.28722
-3.53898
3.05271
-0.520842
-20.2675
172.818
-60.3395
-22.8568
157.563
-56.0172
-21.8011
117.777
-43.2082
-26.9387
107.282
-41.3052
-14.8769
47.9486
-18.8218
-10.7379
21.8001
-8.3003
25.4067
222.067
-76.9537
27.9216
196.736
-69.2282
21.6255
117.659
-42.4076
19.0051
80.1676
-30.2199
16.1188
47.2238
-18.7631
12.0624
21.5812
-8.09645
11.032
308.945
-107.305
8.95439
196.975
-69.7291
10.5791
176.568
-64.2983
8.16083
102.606
-39.2825
9.72599
70.3355
-28.196
9.28431
30.9821
-12.8257
-9.99727
258.765
-90.1661
-11.0706
235.679
-83.6392
-10.1818
175.706
-64.5025
-8.49442
104.203
-39.8673
-8.06718
70.0702
-28.3688
-5.88564
31.3936
-13.0655
-2.50182
8.39017
-2.94393
-2.00975
16.4138
-6.21341
