5.53959
-49.379
2.21174
-6.67493
-74.0508
2.80759
-0.550317
-0.308814
-0.154628
0.218123
0.0331897
0.0742381
4.93332
-49.7106
2.20743
-7.58469
-74.5753
2.81475
-0.191224
-0.00113259
0.0929974
0.390947
-0.201111
-0.17443
11.0305
-81.555
3.38492
10.7781
-64.1792
2.43438
12.6437
-58.5527
2.2032
6.59365
-23.395
0.927969
6.75383
-17.2275
0.459537
4.0719
-6.49637
0.118834
-8.93412
-81.4837
2.68138
-8.95803
-64.0183
1.58094
-6.48029
-35.2907
0.333771
-9.70704
-37.9186
-0.104272
-6.48469
-16.7998
-0.675665
-4.26971
-6.19374
-1.36096
9.84821
-82.2201
3.35412
9.68705
-64.8992
2.31841
10.352
-53.2683
1.614
6.09218
-24.1009
0.323807
6.22008
-17.7138
-0.139057
4.29207
-6.2468
-1.00976
-10.1315
-82.1881
2.68393
-10.0272
-64.8567
1.63278
-7.05907
-35.9604
0.566398
-10.5455
-39.2181
0.447474
-7.29094
-17.398
-0.0791704
-3.29435
-5.36361
-0.290518
1.63503
-148.127
6.13656
2.16818
-2.86541
-0.0183369
10.4629
-99.0917
4.41195
-2.82664
-2.61362
-0.937531
-18.9165
-198.172
7.49465
0.413106
0.372292
-0.287098
-1.40115
-0.522239
0.314818
1.30525
-0.366066
0.193016
-0.0962151
-99.4212
4.0924
2.81873
-3.01406
-1.6214
-2.30903
-2.92775
0.221705
0.0210701
0.119748
-0.146414
11.0681
-90.1859
3.90408
10.9437
-72.8812
2.88611
10.5117
-55.5173
2.03919
9.81608
-38.489
1.41819
7.7663
-23.814
0.772282
5.58086
-11.4124
0.179753
-8.91046
-90.1452
3.22846
-8.96027
-72.7715
2.1172
-8.89326
-55.3881
1.04822
-8.31468
-38.7275
0.0578093
-7.15344
-23.3742
-0.395052
-5.57554
-10.9726
-0.972363
14.8033
-136.272
5.82678
9.79414
-73.5515
2.82542
9.54117
-56.2802
1.84614
7.18763
-31.9131
0.822372
7.11587
-24.5009
0.200369
5.18031
-11.5351
-0.549818
-10.1232
-90.8365
3.22359
-10.0824
-73.5351
2.14304
-9.88967
-56.2154
1.16153
-8.93426
-39.6851
0.496772
-7.93046
-24.2242
0.0799807
-6.32825
-11.3319
-0.200338
41.652
-327.563
13.4922
51.1353
-322.858
11.8122
37.585
-183.568
6.08832
20.8537
-79.7573
2.23873
25.6883
-70.1139
0.894906
15.9214
-22.7236
-1.02133
-37.8312
-327.316
10.7182
-37.4951
-257.8
6.38128
-28.8973
-154.34
1.73055
-37.4423
-146.882
0.984696
-26.3802
-68.7915
-1.32351
-16.1356
-26.2746
-3.4128
-0.631277
-493.184
18.174
-0.707794
-389.17
11.931
-1.04194
-318.768
7.64254
-0.749991
-189.482
2.13452
-3.42157
-103.936
-0.382178
-3.71713
-25.6234
-1.51598
6.1814
-489.052
18.2349
4.28771
-320.209
10.1519
4.2005
-281.008
7.30467
4.70498
-205.609
3.1306
1.33264
-100.148
-0.278373
-0.0510238
-34.5398
-1.69557
0.0364099
-11.5909
-0.738301
0.0777642
-4.77753
-0.215552
2.02721
-396.353
16.3336
-13.455
-13.2228
-1.01563
0.042859
1.10946
0.0945584
7.22916
-6.97878
-1.5439
36.5688
-316.83
13.6384
41.3785
-292.895
11.423
39.9448
-223.662
7.79383
50.2537
-210.055
6.53285
29.2504
-97.1316
2.26491
21.6557
-46.0324
-0.327015
-42.5726
-407.169
14.5122
-47.0822
-365.761
10.6003
-36.9498
-223.348
4.33363
-33.4815
-156.614
1.42574
-29.2865
-95.3972
-0.564734
-22.5084
-45.2188
-2.14532
-0.546321
-567.765
22.2391
-0.662747
-367.505
12.5392
-0.903503
-337.142
9.1738
-0.12138
-202.203
4.37394
-2.33085
-145.066
1.06946
-4.90824
-66.3144
-1.73372
5.58892
-473.342
18.7363
5.84158
-436.862
15.0745
4.61475
-332.276
9.44446
3.65688
-202.524
3.80364
2.40827
-139.779
1.09857
0.398281
-64.6998
-1.17029
10.3149
-18.6603
-2.38206
5.19213
-32.0536
0.908173
