-3.51042
24.3091
-9.20021
2.44671
36.4524
-13.7476
0.183553
0.102732
0.0798474
-0.139065
-0.00150276
-0.0683191
-1.69101
24.3368
-9.19641
5.17902
36.5118
-13.754
0.127095
0.0191611
-0.0783457
-0.0789275
0.0384517
0.0707563
-6.99198
39.7531
-15.2613
-6.82075
30.8125
-12.1237
-7.96976
27.4578
-11.3962
-4.11357
10.7794
-4.63704
-4.22014
7.73942
-3.36949
-2.61323
2.85138
-1.20888
3.26779
39.7078
-15.1844
3.25227
30.7112
-11.9882
2.27666
16.578
-6.55097
3.15497
17.3141
-7.42208
1.9654
7.49555
-3.15901
1.23356
2.60185
-0.741095
-3.36582
39.7965
-15.243
-3.24919
30.8381
-12.0517
-3.33684
24.6126
-9.97927
-1.8279
10.7283
-4.31091
-1.56064
7.51231
-3.10562
-0.902164
2.50435
-0.898717
6.91088
39.7728
-15.1969
6.80456
30.8215
-12.0348
4.74567
16.6823
-6.70241
7.00483
17.4309
-7.75309
4.66145
7.53326
-3.44796
2.13792
2.40927
-0.780722
-2.81436
72.9218
-27.5554
-1.46433
1.25217
-0.477518
-5.19242
48.6486
-18.3912
0.844572
0.98015
-0.143217
10.0992
97.2905
-36.6698
-0.557804
-0.239261
0.0435931
0.612638
0.266123
-0.0721617
-0.522439
0.197974
-0.012088
1.73936
48.6729
-18.3716
-0.601902
1.15578
-0.108813
1.53742
1.42544
-0.63555
0.171688
-0.0651233
-0.0265773
-7.01438
44.204
-16.8371
-6.93599
35.2825
-13.6822
-6.64084
26.3812
-10.5884
-6.12247
17.8417
-7.60289
-4.84084
10.8193
-4.69178
-3.5141
5.0724
-2.16706
3.2637
44.1776
-16.7706
3.26966
35.2124
-13.5792
3.19663
26.3029
-10.388
2.83529
17.937
-7.24407
2.23447
10.5648
-4.51384
1.64615
4.81155
-1.88858
-5.07485
66.3825
-25.2369
-3.32413
35.3097
-13.6475
-3.15623
26.4147
-10.4708
-2.27705
14.4908
-5.9784
-1.92058
10.627
-4.41372
-1.20542
4.7732
-1.87725
6.91116
44.2461
-16.7734
6.86547
35.2989
-13.6089
6.67478
26.4003
-10.4726
5.97495
18.0958
-7.52007
5.17625
10.6149
-4.77321
3.96435
4.90963
-2.22041
-20.6365
159.108
-61.0208
-25.1884
154.203
-60.3692
-18.1916
85.4803
-34.8768
-9.78174
36.1426
-14.9814
-11.5245
30.4967
-12.927
-7.12564
9.36285
-3.70295
20.1495
158.963
-60.7592
19.7888
123.131
-48.0085
14.9534
71.9852
-28.5673
18.787
66.3366
-28.8758
12.8152
30.1064
-13.0786
7.87324
10.9139
-3.24952
10.4517
238.663
-91.3539
10.3438
184.869
-72.2661
11.2921
147.345
-59.9895
9.16855
83.9804
-35.5368
9.16262
44.3002
-19.7557
5.63588
10.7583
-5.02827
-11.0349
238.33
-91.3748
-8.62401
153.606
-60.4107
-9.68418
131.776
-54.0742
-10.3497
93.9915
-40.5996
-6.89874
44.635
-19.8885
-4.77911
14.5509
-6.56055
-3.00471
4.33258
-1.88447
1.36106
1.98413
-1.47501
-0.295826
194.583
-73.4587
6.61219
5.25648
-1.52791
0.119999
-0.582218
0.286557
-3.18197
2.75069
-0.555005
-18.1367
154.819
-58.9132
-20.4546
141.204
-54.6639
-19.5101
105.605
-42.121
-24.1121
96.2818
-40.1934
-13.3276
43.0643
-18.2842
-9.63498
19.6088
-8.08566
22.7195
198.94
-75.4769
24.9696
176.313
-67.9321
19.3471
105.502
-41.6437
17.0194
71.9416
-29.6806
14.4545
42.4273
-18.4421
10.843
19.4075
-8.01194
10.8253
276.565
-105.006
8.76805
176.362
-68.2318
10.3359
158.145
-62.9047
8.0059
91.9449
-38.3861
9.40871
63.0231
-27.5663
8.86498
27.8127
-12.5878
-9.76503
231.987
-88.2345
-10.8336
211.407
-81.8446
-9.99456
157.742
-63.1012
-8.30812
93.6565
-39.0071
-7.92785
63.1424
-27.7438
-5.81749
28.3504
-12.8057
-2.04073
7.56292
-2.9422
-1.72689
14.7128
-6.05761
