-3.33826
22.844
-9.06514
2.2296
34.2553
-13.5765
0.170057
0.09531
0.0756109
-0.132924
-0.000590822
-0.0659759
-1.54373
22.851
-9.06153
4.92461
34.2828
-13.5825
0.12156
0.0189305
-0.0753665
-0.0704717
0.0342344
0.0665036
-6.6496
37.3696
-15.0335
-6.48796
28.9801
-11.9365
-7.58489
25.845
-11.2072
-3.91807
10.16
-4.55096
-4.02723
7.30689
-3.30634
-2.4988
2.69821
-1.1844
2.97794
37.327
-14.9987
2.96599
28.8839
-11.846
2.07722
15.6014
-6.48052
2.87412
16.3185
-7.34349
1.79145
7.07202
-3.13494
1.12704
2.45417
-0.758946
-3.07234
37.3724
-15.0166
-2.96425
28.9659
-11.8692
-3.04136
23.128
-9.82377
-1.66341
10.0801
-4.2461
-1.40721
7.06127
-3.06037
-0.804101
2.35782
-0.90149
6.57136
37.3506
-15.0101
6.47027
28.9521
-11.8887
4.51574
15.6767
-6.62118
6.67239
16.3857
-7.652
4.44027
7.08893
-3.40388
2.04067
2.27577
-0.774277
-2.77303
68.5268
-27.1813
-1.40326
1.18697
-0.468447
-4.8735
45.6975
-18.1215
0.775697
0.920503
-0.159378
9.47408
91.3889
-36.2128
-0.542104
-0.227584
0.0371854
0.576247
0.252505
-0.0646049
-0.489942
0.189094
-0.00746676
1.71796
45.7014
-18.1221
-0.539107
1.08893
-0.136254
1.47005
1.35343
-0.620625
0.16943
-0.0614376
-0.0288532
-6.67052
41.5459
-16.5882
-6.59702
33.1746
-13.4752
-6.3181
24.8208
-10.4206
-5.82518
16.8039
-7.4718
-4.61564
10.2057
-4.60505
-3.35624
4.79374
-2.12665
2.974
41.5211
-16.5634
2.98055
33.1082
-13.4155
2.91649
24.7456
-10.2679
2.58608
16.8882
-7.17015
2.03548
9.96225
-4.47032
1.50193
4.54172
-1.8846
-4.63294
62.3337
-24.8647
-3.0336
33.1622
-13.443
-2.87899
24.8154
-10.3106
-2.07614
13.6187
-5.88413
-1.73757
9.98627
-4.34591
-1.08244
4.48805
-1.85691
6.57164
41.5477
-16.5658
6.52821
33.153
-13.4428
6.34715
24.8043
-10.346
5.68892
17.0084
-7.42684
4.93062
9.98204
-4.71203
3.77645
4.62642
-2.19299
-19.3693
149.492
-60.1113
-23.6447
144.934
-59.4453
-17.0782
80.3882
-34.3174
-9.18809
34.0086
-14.7251
-10.8347
28.7227
-12.7032
-6.71032
8.83111
-3.65337
18.9033
149.356
-60.0138
18.5675
115.733
-47.4321
14.0392
67.6907
-28.2467
17.6529
62.442
-28.521
12.055
28.3578
-12.9389
7.42778
10.2768
-3.2717
10.3202
224.126
-90.1121
10.203
173.651
-71.2777
11.1246
138.463
-59.1529
9.03498
78.9192
-35.0506
8.9557
41.6628
-19.4829
5.47768
10.147
-4.97739
-10.8812
224.041
-90.1336
-8.51788
144.469
-59.5855
-9.56786
124.028
-53.3111
-10.1915
88.5923
-40.0264
-6.83079
42.1304
-19.6162
-4.73776
13.7502
-6.48935
-2.97032
4.08238
-1.86409
1.34189
1.87932
-1.45407
-0.282285
182.78
-72.4622
6.24725
4.94998
-1.52167
0.118817
-0.548944
0.285364
-2.99729
2.59571
-0.569737
-17.0227
145.443
-58.0429
-19.1993
132.692
-53.84
-18.3143
99.282
-41.4626
-22.6393
90.5801
-39.5262
-12.5234
40.5383
-17.9639
-9.06363
18.4786
-7.95477
21.3136
186.893
-74.5434
23.4259
165.686
-67.1071
18.1567
99.1865
-41.1523
15.9844
67.6773
-29.3316
13.5889
39.9466
-18.2315
10.2098
18.286
-7.9472
10.6936
259.697
-103.581
8.65144
165.638
-67.3025
10.1861
148.576
-62.0394
7.90696
86.4195
-37.8336
9.22438
59.2444
-27.1754
8.6319
26.179
-12.433
-9.62502
218.037
-87.0369
-10.6889
198.776
-80.7306
-9.87694
148.409
-62.2316
-8.1942
88.1887
-38.4713
-7.83821
59.5583
-27.3546
-5.76797
26.7798
-12.6395
-1.80811
7.13776
-2.93192
-1.58131
13.8308
-5.9631
