-3.25003
22.0978
-8.99153
2.1195
33.1363
-13.4823
0.16324
0.091563
0.0734506
-0.12978
-0.000135156
-0.0647637
-1.46906
22.0941
-8.98803
4.79418
33.1473
-13.488
0.118725
0.0188023
-0.0738323
-0.0662317
0.0321206
0.0643478
-6.47413
36.156
-14.9094
-6.31745
28.0476
-11.8347
-7.38775
25.0249
-11.1048
-3.81797
9.84526
-4.50464
-3.92846
7.08725
-3.27231
-2.44018
2.6205
-1.17124
2.83097
36.1148
-14.8963
2.82086
27.954
-11.7673
1.9762
15.1047
-6.44107
2.73211
15.8127
-7.29932
1.70364
6.85699
-3.12076
1.07334
2.37932
-0.767269
-2.92356
36.1379
-14.8931
-2.81987
28.0131
-11.7698
-2.89181
22.3729
-9.73913
-1.58029
9.75065
-4.21065
-1.32994
6.83232
-3.03544
-0.75487
2.28352
-0.902077
6.3973
36.1171
-14.9071
6.29892
28.0006
-11.808
4.39792
15.1652
-6.57621
6.50211
15.8547
-7.59633
4.32708
6.86331
-3.37953
1.99088
2.20793
-0.770505
-2.75067
66.2884
-26.9765
-1.37193
1.15391
-0.46353
-4.71087
44.1944
-17.9746
0.740962
0.890353
-0.167281
9.15523
88.3829
-35.9612
-0.5339
-0.2216
0.0339853
0.557774
0.245573
-0.0608131
-0.473467
0.184559
-0.00515881
1.70616
44.1877
-17.9854
-0.507595
1.05505
-0.149693
1.43553
1.31678
-0.612755
0.168177
-0.0595601
-0.0299563
-6.49428
40.1923
-16.4526
-6.42331
32.1016
-13.3624
-6.15276
24.0269
-10.3294
-5.67295
16.2764
-7.40093
-4.50035
9.89401
-4.55832
-3.27542
4.65229
-2.10483
2.82709
40.1684
-16.4492
2.83396
32.0371
-13.3251
2.77452
23.9533
-10.2013
2.45993
16.3551
-7.12849
1.93496
9.6562
-4.44556
1.42918
4.4048
-1.88128
-4.40889
60.2716
-24.6619
-2.88634
32.0688
-13.3316
-2.73857
24.0017
-10.2233
-1.97449
13.1754
-5.83282
-1.64527
9.66089
-4.30882
-1.02059
4.34337
-1.84528
6.39759
40.1734
-16.4515
6.35532
32.0606
-13.3511
6.17924
23.9922
-10.276
5.54238
16.4556
-7.37531
4.80486
9.6606
-4.67826
3.68033
4.48261
-2.17777
-18.7232
144.595
-59.6157
-22.8578
140.218
-58.9423
-16.511
77.7985
-34.0136
-8.88591
32.9241
-14.5863
-10.484
27.822
-12.5818
-6.49924
8.56152
-3.6256
18.2676
144.465
-59.6027
17.9447
111.968
-47.1133
13.5732
65.5066
-28.0679
17.0755
60.4631
-28.3245
11.6682
27.4699
-12.8603
7.20112
9.95379
-3.28035
10.2477
216.723
-89.4317
10.1259
167.941
-70.7359
11.0333
133.946
-58.6944
8.96218
76.3476
-34.7833
8.84622
40.324
-19.3327
5.395
9.83681
-4.94825
-10.7977
216.765
-89.4536
-8.45969
139.82
-59.1331
-9.50381
120.088
-52.8933
-10.106
85.8491
-39.7121
-6.79235
40.8588
-19.4661
-4.71379
13.3444
-6.44891
-2.95101
3.95598
-1.85244
1.33133
1.82612
-1.44254
-0.275438
176.768
-71.9167
6.06153
4.79475
-1.51748
0.118137
-0.53199
0.284546
-2.90348
2.5172
-0.576433
-16.4547
140.667
-57.5686
-18.5593
128.358
-53.3911
-17.705
96.065
-41.1045
-21.8892
87.6817
-39.1645
-12.1144
39.2553
-17.7906
-8.77326
17.9051
-7.88319
20.5965
180.757
-74.0291
22.6386
160.277
-66.6515
17.5498
95.9733
-40.8798
15.4572
65.5094
-29.1377
13.1482
38.6865
-18.1139
9.88771
17.7168
-7.90932
10.621
251.106
-102.8
8.58749
160.178
-66.7932
10.1045
143.707
-61.565
7.85223
83.6104
-37.5314
9.12598
57.3253
-26.9608
8.50964
25.3499
-12.3466
-9.54918
210.934
-86.3811
-10.6102
192.347
-80.12
-9.81216
143.661
-61.755
-8.13208
85.4095
-38.1771
-7.78839
57.7379
-27.1408
-5.73932
25.9828
-12.5472
-1.6914
6.92219
-2.92427
-1.50759
13.3823
-5.91168
