-3.16043
21.343
-8.9139
2.00846
32.0044
-13.3824
0.156379
0.0877929
0.0712624
-0.126587
0.000320074
-0.0635246
-1.39376
21.3284
-8.91049
4.66172
31.9986
-13.3879
0.115844
0.0186652
-0.0722689
-0.0619846
0.0300031
0.0621734
-6.29594
34.9287
-14.7785
-6.1443
27.1048
-11.7274
-7.18759
24.1961
-10.9971
-3.71636
9.52723
-4.45612
-3.82819
6.86542
-3.23663
-2.38064
2.54206
-1.15746
2.68275
34.8889
-14.7876
2.67453
27.0139
-11.6836
1.8744
14.6027
-6.39884
2.58913
15.3017
-7.25194
1.61531
6.63983
-3.10518
1.01936
2.30382
-0.775192
-2.77352
34.8892
-14.7629
-2.67432
27.0495
-11.6649
-2.74114
21.6095
-9.6499
-1.49663
9.41779
-4.17314
-1.25232
6.60109
-3.00897
-0.70552
2.20851
-0.902116
6.22051
34.8694
-14.7978
6.12491
27.0385
-11.7222
4.27828
14.6482
-6.52838
6.32923
15.3181
-7.5373
4.2122
6.6354
-3.35365
1.94033
2.13935
-0.766373
-2.7272
64.0242
-26.7599
-1.34008
1.12053
-0.458352
-4.54623
42.6738
-17.8196
0.706039
0.859992
-0.175067
8.83244
85.3419
-35.6945
-0.525461
-0.21552
0.03079
0.53912
0.238562
-0.0570153
-0.456843
0.17996
-0.00285199
1.69365
42.6564
-17.841
-0.476016
1.02086
-0.162931
1.40047
1.27968
-0.604618
0.166841
-0.0576616
-0.0310355
-6.31532
38.8232
-16.3095
-6.24691
31.0166
-13.2435
-5.98488
23.2245
-10.2334
-5.51843
15.7433
-7.32651
-4.38331
9.57914
-4.50934
-3.19334
4.50946
-2.08192
2.67893
38.8001
-16.3281
2.68614
30.9541
-13.229
2.6314
23.1525
-10.1302
2.33285
15.8164
-7.08375
1.8338
9.34707
-4.41882
1.35602
4.26657
-1.87709
-4.18294
58.1855
-24.4479
-2.73786
30.963
-13.214
-2.59705
23.1789
-10.1313
-1.87212
12.7273
-5.77871
-1.55248
9.33221
-4.2696
-0.958518
4.19729
-1.83265
6.22081
38.7831
-16.3302
6.17973
30.9556
-13.2536
6.00873
23.1711
-10.2016
5.39359
15.8969
-7.32054
4.67719
9.33587
-4.6424
3.58279
4.33733
-2.16157
-18.0691
139.642
-59.0931
-22.0613
135.448
-58.412
-15.9372
75.1809
-33.6937
-8.58034
31.8283
-14.4404
-10.1296
26.9125
-12.454
-6.28594
8.28944
-3.59578
17.6242
139.517
-59.1664
17.3144
108.161
-46.7743
13.1017
63.2988
-27.877
16.4913
58.4635
-28.1155
11.2771
26.5732
-12.7758
6.9719
9.62776
-3.2874
10.1709
209.235
-88.7121
10.0444
162.167
-70.1626
10.9372
129.38
-58.2093
8.88543
73.7494
-34.4999
8.7328
38.9718
-19.1733
5.30996
9.52344
-4.91665
-10.7099
209.407
-88.7343
-8.39809
135.12
-58.6544
-9.43583
116.106
-52.4515
-10.0161
83.0776
-39.3793
-6.75094
39.5747
-19.3067
-4.68763
12.935
-6.40521
-2.9303
3.82874
-1.83979
1.32013
1.77237
-1.43028
-0.268531
170.686
-71.3399
5.8737
4.6382
-1.51258
0.117393
-0.514835
0.283579
-2.80873
2.43798
-0.582654
-15.8797
135.837
-57.0683
-17.9115
123.976
-52.9178
-17.0883
92.8126
-40.7271
-21.1304
84.7526
-38.784
-11.7009
37.9593
-17.6084
-8.47984
17.326
-7.80746
19.8705
174.551
-73.4835
21.8416
154.805
-66.1675
16.9356
92.7248
-40.5897
14.9238
63.3186
-28.9311
12.7026
37.4137
-17.9882
9.56207
17.1421
-7.86783
10.5438
242.415
-101.975
8.51985
154.656
-66.2544
10.0184
138.784
-61.0629
7.79405
80.7713
-37.2121
9.02353
55.3868
-26.7337
8.38364
24.5126
-12.2541
-9.46947
203.749
-85.6875
-10.5271
185.846
-79.4741
-9.74339
138.862
-61.2506
-8.06654
82.6012
-37.8655
-7.73525
55.8992
-26.9143
-5.70808
25.1783
-12.4489
-1.57446
6.70458
-2.91491
-1.4333
12.929
-5.85747
