-2.97734
19.809
-8.74662
1.78385
29.7041
-13.166
0.142531
0.0801864
0.0668035
-0.120055
0.00122851
-0.0609654
-1.24142
19.7718
-8.74343
4.391
29.6634
-13.171
0.10995
0.0183636
-0.0690559
-0.0534701
0.0257557
0.0577717
-5.93183
32.435
-14.4965
-5.79051
25.1897
-11.4964
-6.7786
22.5132
-10.7661
-3.50877
8.88168
-4.35251
-3.62325
6.41536
-3.16028
-2.25885
2.38298
-1.12799
2.38293
32.398
-14.5515
2.37858
25.1043
-11.5012
1.66863
13.5834
-6.30615
2.3005
14.2647
-7.1477
1.43721
6.19933
-3.06984
0.910612
2.15088
-0.789849
-2.47004
32.3511
-14.4823
-2.38005
25.0914
-11.4388
-2.43675
20.059
-9.45764
-1.32781
8.742
-4.09194
-1.09614
6.13187
-2.95131
-0.606503
2.0563
-0.900505
5.85922
32.3333
-14.5605
5.76928
25.0833
-11.5357
4.03379
13.5978
-6.42427
5.97596
14.2288
-7.40933
3.97754
6.17279
-3.29744
1.83698
1.99998
-0.757052
-2.67696
59.4226
-26.2921
-1.27485
1.05285
-0.447205
-4.21136
39.583
-17.4855
0.635658
0.79865
-0.190293
8.17584
79.161
-35.1165
-0.507888
-0.203075
0.0244199
0.501285
0.224303
-0.0494102
-0.423161
0.170565
0.00176012
1.66651
39.5433
-17.529
-0.412684
0.951474
-0.188763
1.32873
1.20412
-0.587571
0.163923
-0.0538074
-0.033121
-5.94961
36.0411
-16.0012
-5.88645
28.8124
-12.9874
-5.64184
21.5948
-10.0269
-5.20279
14.6611
-7.16699
-4.14416
8.9402
-4.40458
-3.02555
4.21973
-2.03278
2.37923
36.0198
-16.0654
2.38715
28.7538
-13.02
2.342
21.5261
-9.97514
2.07612
14.7228
-6.9851
1.62973
8.71981
-4.35949
1.20859
3.98628
-1.86611
-3.72586
53.9448
-23.9868
-2.43757
28.7155
-12.9606
-2.31101
21.5073
-9.93286
-1.66536
11.8173
-5.66209
-1.36552
8.66509
-4.18469
-0.833774
3.9009
-1.80436
5.85952
35.9569
-16.0671
5.82086
28.71
-13.0421
5.66029
21.5029
-10.0396
5.08954
14.7621
-7.20146
4.41637
8.67669
-4.56454
3.38359
4.04237
-2.12626
-16.7388
129.577
-57.9667
-20.4417
125.758
-57.2696
-14.7706
69.8649
-33.0056
-7.95947
29.6037
-14.1274
-9.41
25.0671
-12.1791
-5.85286
7.73775
-3.52989
16.3153
129.463
-58.2192
16.0324
100.427
-46.0367
12.1431
58.8152
-27.4592
15.3042
54.4046
-27.6607
10.4827
24.7537
-12.5898
6.50608
8.96681
-3.29675
10.0046
194.015
-87.1564
9.86851
150.434
-68.9222
10.7307
120.104
-57.16
8.7203
68.4749
-33.8852
8.49437
36.2278
-18.8268
5.13288
8.88714
-4.84602
-10.5214
194.457
-87.1792
-8.2647
125.572
-57.6187
-9.28809
108.022
-51.4965
-9.82376
77.4531
-38.6589
-6.65918
36.9699
-18.9601
-4.62872
12.1058
-6.30804
-2.88465
3.57173
-1.8115
1.29581
1.66306
-1.4036
-0.254497
158.323
-70.0937
5.49186
4.32112
-1.50076
0.115704
-0.479958
0.281195
-2.61642
2.27739
-0.593606
-14.7101
126.02
-55.9903
-16.594
115.07
-51.8979
-15.8345
86.206
-39.9147
-19.5881
78.8055
-37.9665
-10.8613
35.3292
-17.2175
-7.88416
16.1515
-7.64337
18.3938
161.937
-72.3003
20.2207
143.689
-65.1158
15.6867
86.1261
-39.9574
13.8397
58.8703
-28.4803
11.7972
34.8303
-17.713
8.90057
15.9763
-7.77414
10.3764
224.749
-100.19
8.37379
143.432
-65.089
9.83318
128.783
-59.9765
7.66747
75.0055
-36.5222
8.80666
51.4522
-26.2416
8.1206
22.8135
-12.0513
-9.29864
189.148
-84.1885
-10.3483
172.638
-78.0769
-9.59392
129.116
-60.1591
-7.92524
76.9008
-37.1901
-7.61901
52.1684
-26.4232
-5.6378
23.5468
-12.2338
-1.33998
6.26303
-2.89094
-1.28315
12.0084
-5.74069
