5.59554
-49.4095
2.2092
-6.80439
-74.0946
2.86811
-0.535532
-0.299573
-0.150559
0.211363
0.0333673
0.0716359
4.98822
-49.6974
2.20442
-7.71558
-74.5562
2.87709
-0.185441
-0.000168589
0.090889
0.377514
-0.19203
-0.170658
11.1361
-81.3614
3.38098
10.8581
-63.7286
2.43373
12.6718
-57.7329
2.20723
6.55604
-22.9
0.9247
6.63589
-16.7067
0.434216
3.9652
-6.23708
0.0983682
-9.10514
-81.283
2.763
-9.10859
-63.5583
1.6592
-6.54586
-34.8251
0.376275
-9.70075
-37.0504
-0.0330028
-6.40608
-16.3002
-0.638051
-4.17592
-5.96392
-1.32589
9.9536
-81.9369
3.34626
9.76447
-64.357
2.30635
10.3774
-52.4319
1.59119
6.04907
-23.5487
0.291851
6.0947
-17.1182
-0.172394
4.17671
-5.93444
-1.01239
-10.3052
-81.8992
2.77078
-10.1821
-64.3082
1.72425
-7.12148
-35.4225
0.632464
-10.5415
-38.2471
0.556949
-7.21448
-16.8236
-0.0276466
-3.2282
-5.14196
-0.269695
1.59096
-148.217
6.19449
2.10103
-2.73408
-0.0266777
10.5725
-99.1095
4.40576
-2.75387
-2.50688
-0.909878
-19.2548
-198.205
7.65925
0.405085
0.367443
-0.283179
-1.36379
-0.505687
0.310728
1.2649
-0.347574
0.185595
-0.126908
-99.3944
4.13161
2.73741
-2.83172
-1.59999
-2.24741
-2.78125
0.228989
0.0195951
0.122355
-0.142464
11.1784
-90.1228
3.89893
11.0394
-72.5568
2.88399
10.5671
-54.9571
2.0387
9.81953
-37.7943
1.41267
7.67088
-23.1972
0.752848
5.45865
-11.0164
0.154983
-9.0832
-90.077
3.30987
-9.1248
-72.439
2.19785
-9.02095
-54.826
1.12084
-8.35965
-38.0582
0.107464
-7.10398
-22.7655
-0.348506
-5.48017
-10.6043
-0.93834
14.9679
-136.045
5.81565
9.88934
-73.1346
2.81594
9.5958
-55.6264
1.82848
7.17868
-31.2822
0.799313
7.01074
-23.8016
0.161428
5.05529
-11.0819
-0.572076
-10.298
-90.6825
3.30736
-10.2483
-73.1133
2.23304
-10.0235
-55.5567
1.25245
-8.97022
-38.9229
0.584849
-7.88904
-23.5331
0.147626
-6.22893
-10.9016
-0.161436
42.0644
-326.613
13.4727
51.5352
-320.393
11.7859
37.6984
-180.875
6.04492
20.7339
-78.0368
2.18271
25.2333
-67.8865
0.767718
15.538
-21.7059
-1.09945
-38.4892
-326.339
11.0586
-38.0651
-255.793
6.72273
-29.1568
-152.164
1.95023
-37.4173
-143.414
1.34147
-26.1121
-66.6315
-1.15966
-15.8192
-25.2525
-3.30638
-0.828356
-491.46
18.416
-0.944432
-385.876
12.1768
-1.31248
-313.753
7.87573
-0.942398
-184.881
2.22334
-3.58279
-100.39
-0.337729
-3.70127
-24.3946
-1.48987
5.97851
-487.857
18.4696
4.08968
-317.895
10.3448
3.99057
-277.109
7.53595
4.58622
-200.927
3.25433
1.2206
-97.055
-0.256723
-0.0815956
-33.1198
-1.71089
0.0346111
-11.0347
-0.760618
0.0641365
-4.44809
-0.224772
1.90991
-396.421
16.4854
-13.1412
-12.6207
-0.96536
0.0506904
1.11275
0.0896371
7.03151
-6.59941
-1.55064
36.9451
-316.458
13.6188
41.7553
-291.417
11.4041
40.168
-221.241
7.76471
50.2747
-206.082
6.44763
28.8738
-94.5218
2.15307
21.1927
-44.3333
-0.444037
-43.3303
-406.666
14.8855
-47.8563
-363.881
11.0326
-37.429
-220.926
4.65818
-33.6065
-153.738
1.73113
-29.1298
-92.7997
-0.34784
-22.1757
-43.6009
-2.01824
-0.734006
-566.811
22.4827
-0.849343
-365.383
12.7423
-1.15813
-333.157
9.40125
-0.267322
-198.214
4.54749
-2.5517
-140.84
1.14672
-4.97506
-63.6609
-1.70309
5.42312
-472.993
18.9367
5.62394
-434.871
15.3153
4.3779
-328.853
9.67052
3.52373
-198.92
3.92103
2.26598
-136.029
1.16217
0.327564
-62.4122
-1.17557
10.0391
-17.6592
-2.41384
5.19028
-31.488
0.904347
