-2.78941
18.245
-8.56348
1.55633
27.3588
-12.9276
0.128523
0.0724957
0.0622356
-0.113334
0.002133
-0.0582993
-1.08709
18.184
-8.56053
4.11313
27.2813
-12.9321
0.10388
0.0180242
-0.0657303
-0.0449305
0.0214893
0.0533037
-5.5581
29.8929
-14.1877
-5.42736
23.238
-11.2436
-6.3587
20.7987
-10.5142
-3.29561
8.22406
-4.24016
-3.41263
5.95699
-3.07728
-2.1335
2.22103
-1.09596
2.07924
29.8588
-14.2912
2.07888
23.1581
-11.2995
1.46037
12.545
-6.20265
2.00875
13.2084
-7.03104
1.25739
5.7508
-3.02903
0.800905
1.99542
-0.802938
-2.1626
29.7623
-14.1749
-2.08207
23.0944
-11.191
-2.12881
18.478
-9.24703
-1.15723
8.05321
-4.00245
-0.938811
5.65371
-2.88733
-0.507122
1.90109
-0.896592
5.48838
29.7465
-14.2989
5.40424
23.0894
-11.3296
3.78278
12.5267
-6.30911
5.61316
13.1184
-7.26847
3.73661
5.70123
-3.23539
1.73072
1.85763
-0.74636
-2.62239
54.7312
-25.7787
-1.2076
0.983948
-0.434984
-3.86968
36.431
-17.1198
0.564602
0.736492
-0.205065
7.50593
72.8575
-34.4801
-0.489398
-0.190261
0.0180865
0.462771
0.209739
-0.0418055
-0.388912
0.160903
0.00637291
1.63665
36.3677
-17.1866
-0.349155
0.880671
-0.213688
1.25487
1.1267
-0.569529
0.160677
-0.0498869
-0.0351078
-5.57426
33.2048
-15.6637
-5.51646
26.5656
-12.707
-5.2897
19.9341
-9.80111
-4.87884
13.5587
-6.99331
-3.8985
8.2894
-4.29079
-2.853
3.9247
-1.9792
2.07565
33.1852
-15.776
2.08433
26.5111
-12.7892
2.049
19.8688
-9.80309
1.81641
13.6089
-6.87443
1.42359
8.08102
-4.29249
1.05981
3.70101
-1.85173
-3.26278
49.6192
-23.4818
-2.13342
26.4233
-12.683
-2.02147
19.8026
-9.7154
-1.45626
10.8896
-5.53427
-1.17693
7.98524
-4.09112
-0.708308
3.59885
-1.77198
5.48869
33.0741
-15.7773
5.4525
26.4196
-12.8085
5.30263
19.8018
-9.86054
4.77733
13.6051
-7.06993
4.14854
8.00483
-4.47866
3.17907
3.74154
-2.08718
-15.3814
119.314
-56.7331
-18.7893
115.879
-56.0186
-13.5808
64.4466
-32.2534
-7.3265
27.3368
-13.7859
-8.67673
23.1872
-11.8783
-5.41145
7.17593
-3.45549
14.9799
119.211
-57.1747
14.7246
92.5417
-45.2212
11.1654
54.2454
-26.9942
14.0937
50.2684
-27.1577
9.67268
22.9
-12.3815
6.03076
8.29405
-3.29988
9.82181
178.491
-85.4472
9.67592
138.468
-67.5583
10.5055
110.647
-56.006
8.54002
63.099
-33.2071
8.24091
33.4313
-18.4439
4.94668
8.23776
-4.76557
-10.3159
179.217
-85.4706
-8.11779
115.841
-56.4797
-9.12469
99.7847
-50.4474
-9.61459
71.7242
-37.8658
-6.55552
34.3176
-18.5767
-4.56103
11.2628
-6.19784
-2.8334
3.31133
-1.77919
1.26893
1.55116
-1.37405
-0.240119
145.716
-68.7258
5.10206
3.99868
-1.48633
0.113731
-0.444385
0.278206
-2.42052
2.1138
-0.602473
-13.5167
116.008
-54.8099
-15.2499
105.99
-50.7808
-14.5556
79.4715
-39.0257
-18.0153
72.7448
-37.0739
-10.0056
32.6496
-16.7912
-7.27716
14.9551
-7.46227
16.8872
149.074
-70.9967
18.5671
132.354
-63.9544
14.4128
79.3995
-39.257
12.7342
54.3371
-27.9802
10.8741
32.1981
-17.4066
8.22609
14.7888
-7.66648
10.192
206.728
-98.2312
8.21377
131.986
-63.8081
9.63111
118.585
-58.7815
7.52753
69.1272
-35.7648
8.57433
47.4425
-25.6997
7.84318
21.0815
-11.8245
-9.11278
174.264
-82.5424
-10.1527
159.176
-76.5411
-9.42857
119.184
-58.9589
-7.77038
71.0943
-36.446
-7.48952
48.3687
-25.8817
-5.55713
21.8862
-11.9945
-1.10485
5.81271
-2.85981
-1.13115
11.0699
-5.61284
