-2.69378
17.4527
-8.46604
1.44166
26.1707
-12.8004
0.121461
0.06862
0.0599114
-0.109903
0.0025833
-0.0569264
-1.00928
17.3793
-8.4632
3.97174
26.074
-12.8046
0.100781
0.01784
-0.0640263
-0.0406518
0.0193482
0.0510463
-5.3679
28.6052
-14.0233
-5.24252
22.2494
-11.1091
-6.14491
19.9302
-10.3804
-3.18706
7.89091
-4.18074
-3.30526
5.72477
-3.03328
-2.06953
2.13898
-1.07898
1.9262
28.5726
-14.152
1.92786
22.1723
-11.1914
1.35546
12.019
-6.14692
1.86187
12.6734
-6.96814
1.16691
5.52362
-3.00661
0.745719
1.91676
-0.808903
-2.00762
28.4502
-14.0113
-1.9319
22.0823
-11.0591
-1.9737
17.6766
-9.13488
-1.07136
7.70411
-3.9546
-0.859765
5.41131
-2.85296
-0.457313
1.82232
-0.893759
5.29966
28.4355
-14.1591
5.21846
22.0788
-11.2194
3.655
11.9839
-6.24747
5.42839
12.5556
-7.19332
3.61388
5.46213
-3.20223
1.67654
1.78534
-0.740515
-2.59351
52.3545
-25.5051
-1.17322
0.949032
-0.428469
-3.69654
34.8339
-16.9252
0.528837
0.705109
-0.212286
7.1665
69.6635
-34.1405
-0.479816
-0.183719
0.0149365
0.443268
0.202344
-0.0380076
-0.37158
0.15597
0.00868036
1.62073
34.7583
-17.0041
-0.317328
0.844705
-0.225795
1.21716
1.08729
-0.560148
0.158932
-0.0479054
-0.0360639
-5.38324
31.7679
-15.484
-5.32815
25.4275
-12.5578
-5.11045
19.0929
-9.68108
-4.71393
13.0002
-6.9012
-3.77332
7.9597
-4.23052
-2.765
3.77523
-1.95075
1.92265
31.7493
-15.6214
1.93172
25.3751
-12.6657
1.90137
19.0293
-9.71081
1.6856
13.0447
-6.81466
1.31984
7.75744
-4.25617
0.984957
3.55653
-1.84329
-3.02933
47.4269
-23.213
-1.98011
25.2615
-12.5352
-1.87558
18.9386
-9.59958
-1.35096
10.4194
-5.46617
-1.0821
7.64064
-4.04109
-0.645333
3.4457
-1.75424
5.29998
31.613
-15.6225
5.26504
25.2588
-12.6837
5.12059
18.9396
-9.7647
4.61835
13.0187
-6.99959
4.01213
7.66425
-4.43278
3.07489
3.58893
-2.06627
-14.6936
114.114
-56.0766
-17.952
110.874
-55.3527
-12.978
61.7011
-31.8534
-7.0058
26.1882
-13.6045
-8.30521
22.2346
-11.7182
-5.18772
6.89117
-3.41505
14.3034
114.016
-56.6166
14.062
88.5463
-44.7848
10.67
51.9299
-26.7443
13.4803
48.1723
-26.8885
9.26223
21.9606
-12.2691
5.78968
7.95325
-3.29916
9.72438
170.623
-84.5359
9.57355
132.404
-66.8307
10.3861
105.854
-55.3904
8.44435
60.3743
-32.8446
8.10871
32.0136
-18.239
4.85022
7.90804
-4.7217
-10.2068
171.497
-84.5596
-8.03927
110.912
-55.872
-9.03711
95.6125
-49.8879
-9.50378
68.8221
-37.4423
-6.49924
32.974
-18.3713
-4.52391
10.8361
-6.13788
-2.80569
3.17983
-1.76152
1.25454
1.49417
-1.35819
-0.232781
139.328
-67.9969
4.90427
3.83541
-1.47818
0.112632
-0.426359
0.276485
-2.32126
2.03083
-0.606097
-12.912
110.936
-54.1817
-14.5688
101.39
-50.1862
-13.9076
76.0591
-38.5527
-17.2184
69.6737
-36.5996
-9.57202
31.2918
-16.5647
-6.96958
14.3488
-7.36531
16.1238
142.556
-70.3006
17.7292
126.61
-63.3335
13.7674
75.9911
-38.8818
12.174
52.0401
-27.7121
10.4063
30.8643
-17.242
7.88423
14.187
-7.60753
10.0936
197.595
-97.1869
8.12867
126.184
-63.125
9.52394
113.416
-58.1438
7.45264
66.1476
-35.3612
8.45254
45.41
-25.4102
7.69923
20.2031
-11.7022
-9.01429
166.723
-81.665
-10.0486
152.357
-75.7219
-9.33993
114.154
-58.3184
-7.6879
68.1532
-36.0484
-7.41981
46.4439
-25.5923
-5.5129
21.0452
-11.8657
-0.987085
5.58412
-2.84153
-1.05454
10.5942
-5.54479
