-2.40085
15.0391
-8.15058
1.0949
22.5515
-12.3874
0.100059
0.0568774
0.0527818
-0.0993347
0.00392401
-0.0526509
-0.773896
14.9263
-8.14811
3.53875
22.3939
-12.3908
0.0912312
0.0172281
-0.0587547
-0.0277809
0.0128886
0.0441875
-4.78526
24.6822
-13.491
-4.67616
19.2369
-10.6737
-5.48942
17.2834
-9.94865
-2.854
6.8751
-3.98969
-2.97528
5.01635
-2.89146
-1.87254
1.88858
-1.02422
1.46342
24.654
-13.6997
1.47123
19.1685
-10.8393
1.03827
10.416
-5.96409
1.418
11.0419
-6.7616
0.893526
4.83076
-2.93148
0.578964
1.67711
-0.824522
-1.53877
24.4498
-13.4812
-1.4777
18.9956
-10.6315
-1.50477
15.2318
-8.77141
-0.811852
6.63878
-3.79874
-0.621323
4.67105
-2.74038
-0.307504
1.58121
-0.881733
4.72174
24.4384
-13.7048
4.6494
18.9969
-10.8607
3.26331
10.3277
-6.04672
4.86151
10.8378
-6.94956
3.23718
4.73179
-3.09451
1.5099
1.56395
-0.721062
-2.50056
45.1146
-24.6182
-1.06717
0.842403
-0.407311
-3.16913
29.967
-16.2952
0.420654
0.609749
-0.233304
6.13289
59.9307
-33.0377
-0.449749
-0.163573
0.00556534
0.383812
0.179721
-0.0266495
-0.318778
0.140761
0.015609
1.56909
29.8524
-16.4127
-0.221641
0.734415
-0.260646
1.10102
0.966138
-0.530639
0.153219
-0.0418919
-0.0387832
-4.79814
27.3909
-14.9024
-4.75125
21.9602
-12.0745
-4.56104
16.5295
-9.29278
-4.20839
11.2977
-6.60409
-3.38892
6.95415
-4.03641
-2.49431
3.31913
-1.85878
1.46
27.3751
-15.1194
1.4703
21.9139
-12.2639
1.45501
16.4712
-9.40952
1.29019
11.325
-6.61799
1.00633
6.77067
-4.13621
0.758795
3.11596
-1.81307
-2.32307
40.7437
-22.3426
-1.51637
21.7189
-12.0563
-1.43441
16.3032
-9.22408
-1.03258
8.98442
-5.24531
-0.795789
6.58869
-3.87808
-0.455582
2.97771
-1.69482
4.7221
27.159
-15.1198
4.69087
21.7194
-12.2777
4.56291
16.3097
-9.45263
4.1308
11.2291
-6.77081
3.59351
6.62445
-4.28379
2.75499
3.12231
-1.9982
-12.5984
98.2655
-53.95
-15.4013
95.6152
-53.1959
-11.1412
53.3291
-30.5591
-6.02836
22.6846
-13.0185
-7.17232
19.3271
-11.1992
-4.50502
6.02126
-3.28081
12.243
98.1839
-54.8024
12.0442
76.3667
-43.3634
9.16103
44.8696
-25.9267
11.6107
41.7773
-26.0123
8.01066
19.0933
-11.9001
5.05347
6.91327
-3.28812
9.40877
146.635
-81.5795
9.24293
113.909
-64.4685
10.0017
91.2291
-53.3914
8.13583
52.0588
-31.6645
7.69103
27.6835
-17.5709
4.54785
6.89833
-4.57569
-9.85466
147.978
-81.604
-7.78353
95.8931
-53.8991
-8.75098
82.8968
-48.0729
-9.14688
59.9731
-36.0662
-6.31266
28.8759
-17.7014
-4.39956
9.53535
-5.93883
-2.71434
2.78002
-1.70252
1.20768
1.31874
-1.30638
-0.210084
119.862
-65.634
4.29985
3.33731
-1.45014
0.10887
-0.371425
0.270421
-2.01846
1.777
-0.613663
-11.07
95.477
-52.1474
-12.4939
87.3667
-48.2601
-11.9333
65.6556
-37.0212
-14.7903
60.307
-35.0661
-8.25038
27.1492
-15.8328
-6.03143
12.4978
-7.04888
13.7991
122.694
-68.0393
15.1778
109.105
-61.3131
11.8017
65.5997
-37.658
10.4673
45.0348
-26.8372
8.98027
26.7941
-16.7036
6.84137
12.3498
-7.41077
9.77423
169.753
-93.8004
7.85376
108.494
-60.9078
9.17875
97.6494
-56.0731
7.2088
57.0551
-34.0525
8.06556
39.2049
-24.4692
7.24712
17.5181
-11.3004
-8.69688
143.753
-78.8197
-9.71174
131.582
-73.0634
-9.05024
98.8241
-56.2389
-7.42046
59.1883
-34.7557
-7.191
40.5736
-24.6507
-5.36475
18.4796
-11.444
-0.633223
4.88416
-2.77577
-0.82273
9.14314
-5.32439
