-2.30138
14.2236
-8.03784
0.978657
21.3286
-12.2394
0.0928569
0.0529261
0.0503542
-0.0957225
0.00436686
-0.0511743
-0.694933
14.0969
-8.0355
3.39177
21.1497
-12.2426
0.0879657
0.017004
-0.0569457
-0.0234793
0.0107224
0.0418739
-4.5874
23.3565
-13.3007
-4.48375
18.2186
-10.5181
-5.26655
16.3882
-9.79471
-2.74066
6.53129
-3.92183
-2.86277
4.77639
-2.84096
-1.80524
1.80369
-1.00471
1.30829
23.3298
-13.5375
1.31816
18.153
-10.7128
0.931924
9.87386
-5.89804
1.26918
10.4897
-6.68693
0.801846
4.59614
-2.90387
0.523016
1.59602
-0.828982
-1.38149
23.0969
-13.2916
-1.32536
17.9513
-10.4785
-1.34753
14.404
-8.64137
-0.724833
6.27792
-3.74273
-0.541472
4.42002
-2.69973
-0.257462
1.49922
-0.876552
4.52555
23.0866
-13.542
4.45617
17.9542
-10.732
3.1302
9.76697
-5.97465
4.66863
10.2558
-6.86236
3.10891
4.48408
-3.05592
1.45305
1.48865
-0.713959
-2.46752
42.6684
-24.3009
-1.03087
0.806228
-0.399728
-2.99101
28.3221
-16.07
0.384316
0.577557
-0.240101
5.78395
56.6411
-32.6428
-0.439297
-0.156692
0.00247037
0.363689
0.172037
-0.0228795
-0.300917
0.135552
0.0179206
1.55063
28.1938
-16.2011
-0.189688
0.696824
-0.271766
1.06132
0.92478
-0.520365
0.151158
-0.0398686
-0.0396403
-4.59945
25.9119
-14.6945
-4.5553
20.7883
-11.9017
-4.37434
15.6627
-9.15411
-4.03652
10.7217
-6.49825
-3.25797
6.61368
-3.96736
-2.40193
3.16458
-1.82595
1.30491
25.897
-14.9394
1.31562
20.7441
-12.1196
1.30537
15.6062
-9.30109
1.1576
10.7432
-6.54675
0.901212
6.43661
-4.09263
0.682938
2.96676
-1.8014
-2.08614
38.4838
-22.0314
-1.36082
20.5206
-11.885
-1.28645
15.4113
-9.08971
-0.925809
8.49841
-5.16624
-0.699849
6.23217
-3.8195
-0.392095
2.81889
-1.67297
4.52594
25.6529
-14.9397
4.49593
20.5221
-12.1321
4.37349
15.4197
-9.34059
3.965
10.6231
-6.68876
3.45102
6.272
-4.23043
2.64601
2.96388
-1.9738
-11.8908
92.9076
-53.1898
-14.5396
90.455
-52.4247
-10.5206
50.4961
-30.0967
-5.69788
21.4983
-12.8094
-6.78893
18.3418
-11.0136
-4.27378
5.72604
-3.23177
11.5475
92.8316
-54.1519
11.363
72.2476
-42.8529
8.65128
42.4807
-25.6319
10.9786
39.6115
-25.698
7.58721
18.1216
-11.7667
4.80395
6.56078
-3.28154
9.296
138.522
-80.5213
9.12512
107.652
-63.6223
9.86501
86.2777
-52.6754
8.02601
49.2418
-31.2409
7.54502
26.2149
-17.3308
4.44285
6.55482
-4.52232
-9.72904
140.031
-80.546
-7.69158
90.816
-53.1923
-8.64782
78.5962
-47.4231
-9.01987
56.978
-35.5729
-6.24459
27.4879
-17.4605
-4.35382
9.09487
-5.86619
-2.68119
2.64492
-1.68089
1.19084
1.25871
-1.28772
-0.202271
113.282
-64.7887
4.09483
3.16846
-1.43965
0.107456
-0.352856
0.268102
-1.9159
1.69071
-0.615076
-10.4479
90.2516
-51.4203
-11.7931
82.6252
-47.5714
-11.2663
62.1363
-36.4738
-13.9697
57.1363
-34.5187
-7.80332
25.746
-15.5716
-5.71381
11.8701
-6.93498
13.0143
115.98
-67.229
14.3164
103.186
-60.5882
11.1379
62.0845
-37.218
9.89049
42.6636
-26.5225
8.49799
25.4153
-16.5096
6.48834
11.727
-7.33871
9.65994
160.338
-92.5885
7.75577
102.51
-60.1139
9.05603
92.3134
-55.3311
7.12127
53.9757
-33.5842
7.9296
37.1018
-24.1317
7.08989
16.6066
-11.155
-8.58386
135.991
-77.8015
-9.59125
124.56
-72.1113
-8.94576
93.6407
-55.4939
-7.3247
56.1555
-34.2919
-7.1082
38.586
-24.3128
-5.31025
17.6106
-11.2917
-0.515133
4.64598
-2.75022
-0.744924
8.65183
-5.24558
