-1.99827
11.7496
-7.6775
0.628953
17.6186
-11.7655
0.0710586
0.0409675
0.0429253
-0.0846279
0.00568037
-0.0465954
-0.457207
11.5791
-7.67554
2.94409
17.3725
-11.768
0.0779323
0.0162717
-0.0513708
-0.0105427
0.00418231
0.0348577
-3.98437
19.3332
-12.6923
-3.89709
15.1266
-10.0207
-4.5863
13.6676
-9.30379
-2.3943
5.48541
-3.70616
-2.51813
4.04552
-2.68008
-1.59863
1.54483
-0.942516
0.841623
19.311
-13.0174
0.85763
15.0697
-10.3065
0.611851
8.22665
-5.68491
0.821084
8.80963
-6.44596
0.525562
3.88176
-2.81357
0.354244
1.34917
-0.84017
-0.907997
18.9878
-12.6855
-0.866708
14.7774
-9.98906
-0.874095
11.8859
-8.22535
-0.462722
5.17933
-3.56281
-0.301085
3.65457
-2.56866
-0.10712
1.24833
-0.857566
3.92793
18.981
-13.02
3.86733
14.7853
-10.3192
2.7241
8.06148
-5.7434
4.07937
8.48321
-6.58363
2.71661
3.72865
-2.93246
1.27878
1.25833
-0.69088
-2.36229
35.2469
-23.2859
-0.919199
0.695787
-0.375435
-2.4511
23.3299
-15.3502
0.274553
0.479762
-0.259882
4.72685
46.6576
-31.3778
-0.406708
-0.135585
-0.00672037
0.302464
0.148572
-0.0116321
-0.246586
0.119511
0.0248585
1.49158
23.1583
-15.5242
-0.0937008
0.581485
-0.303634
0.939412
0.797774
-0.488312
0.144521
-0.0337581
-0.0420663
-3.99398
21.4243
-14.0298
-3.95799
17.2309
-11.3494
-3.80479
13.03
-8.71115
-3.51194
8.97011
-6.16099
-2.85729
5.5773
-3.74756
-2.11867
2.69356
-1.72117
0.838349
21.4121
-14.363
0.850312
17.1932
-11.6569
0.855109
12.9789
-8.95244
0.758464
8.97468
-6.31638
0.584544
5.41983
-3.95143
0.454235
2.51236
-1.76173
-1.37286
31.6218
-21.0365
-0.892513
16.88
-11.3369
-0.840988
12.6995
-8.65973
-0.604234
7.01919
-4.91317
-0.410945
5.14592
-3.63132
-0.201094
2.33411
-1.60141
3.92842
21.0797
-14.3626
3.902
16.8848
-11.6651
3.79612
12.7136
-8.98111
3.45879
8.77857
-6.42585
3.01549
5.19804
-4.05971
2.31253
2.48008
-1.89565
-9.74571
76.641
-50.7588
-11.927
74.7795
-49.9587
-8.63778
41.8825
-28.6195
-4.69435
17.8886
-12.1421
-5.62304
15.3394
-10.4197
-3.56972
4.8246
-3.0721
9.44016
76.5815
-52.0669
9.29849
59.7343
-41.2147
7.1055
35.2182
-24.6828
9.05954
33.0182
-24.6901
6.30008
15.1606
-11.3364
4.04393
5.48613
-3.25338
8.93572
113.882
-77.1337
8.74977
88.635
-60.9125
9.43057
71.2154
-50.3823
7.67642
40.6638
-29.882
7.08769
21.7362
-16.56
4.11578
5.50341
-4.34854
-9.32783
115.91
-77.1589
-7.39573
75.3992
-50.9286
-8.31516
65.5273
-45.3436
-8.6152
47.8651
-33.9924
-6.023
23.2607
-16.6866
-4.20402
7.75279
-5.62998
-2.57387
2.23393
-1.61025
1.13682
1.07377
-1.22766
-0.178016
93.3147
-62.0841
3.4698
2.65347
-1.40494
0.102731
-0.296494
0.260276
-1.60365
1.42664
-0.616033
-8.56219
74.3906
-49.0955
-9.66844
68.2262
-45.3691
-9.24335
51.4413
-34.724
-11.4795
47.4906
-32.771
-6.44468
21.473
-14.7378
-4.74741
9.95609
-6.56872
10.6368
95.6002
-64.6328
11.7065
85.2109
-58.2632
9.126
51.4018
-35.8047
8.14031
35.451
-25.5118
7.03292
21.2159
-15.8857
5.41447
9.82789
-7.10383
9.29428
131.751
-88.7102
7.44343
84.3306
-57.5717
8.66589
76.0895
-52.9547
6.84048
44.6028
-32.0864
7.5019
30.693
-23.0503
6.59958
13.8233
-10.6857
-8.22349
112.44
-74.5429
-9.20544
103.244
-69.0628
-8.60867
77.8957
-53.1079
-7.01789
46.9351
-32.8052
-6.84044
32.5352
-23.2293
-5.13164
14.9626
-10.8011
-0.160694
3.91654
-2.66298
-0.510416
7.15706
-4.99364
