5.64661
-49.4203
2.20507
-6.93655
-74.1089
2.91902
-0.520031
-0.289864
-0.146384
0.204466
0.0335929
0.0690356
5.04063
-49.6694
2.19987
-7.84565
-74.5148
2.92978
-0.179594
0.000756055
0.0888092
0.363274
-0.182532
-0.166532
11.2324
-81.1338
3.37805
10.93
-63.2485
2.43888
12.6919
-56.8785
2.22458
6.51439
-22.3842
0.932132
6.51302
-16.1619
0.422194
3.85504
-5.96413
0.0855072
-9.27985
-81.0487
2.83574
-9.26337
-63.0692
1.73288
-6.6147
-34.3388
0.41898
-9.69825
-36.1475
0.0431671
-6.32661
-15.7778
-0.594456
-4.07839
-5.72215
-1.28594
10.0544
-81.6298
3.33969
9.83869
-63.7962
2.3006
10.4006
-51.5765
1.58077
6.00381
-22.9836
0.270531
5.9644
-16.5063
-0.192368
4.05497
-5.61196
-1.00572
-10.4777
-81.5868
2.84866
-10.3363
-63.7412
1.81109
-7.18414
-34.8716
0.69893
-10.538
-37.2535
0.672359
-7.13776
-16.2325
0.030681
-3.16124
-4.91343
-0.245313
1.53679
-148.247
6.24036
2.032
-2.59565
-0.0312172
10.6747
-99.0926
4.39649
-2.67767
-2.39433
-0.879181
-19.596
-198.17
7.79807
0.397445
0.362899
-0.278635
-1.32502
-0.488473
0.306218
1.22286
-0.328357
0.178291
-0.159625
-99.3378
4.16283
2.65082
-2.6432
-1.57144
-2.185
-2.63042
0.238454
0.0174298
0.124963
-0.137933
11.2791
-90.023
3.89265
11.1263
-72.2009
2.88522
10.6154
-54.3687
2.04653
9.81741
-37.0716
1.42008
7.57027
-22.5538
0.747821
5.33205
-10.6011
0.141187
-9.25955
-89.9723
3.38041
-9.29324
-72.0754
2.27171
-9.1531
-54.2359
1.19125
-8.4086
-37.3616
0.159409
-7.05569
-22.1308
-0.296591
-5.38208
-10.2183
-0.898575
15.1251
-135.778
5.80308
9.98055
-72.6968
2.8102
9.64791
-54.9553
1.81966
7.16798
-30.6372
0.786753
6.90191
-23.0849
0.1368
4.92449
-10.6151
-0.583002
-10.4717
-90.5017
3.38023
-10.4132
-72.6709
2.31615
-10.1573
-54.8807
1.34122
-9.00677
-38.1433
0.67572
-7.84791
-22.8239
0.22154
-6.12865
-10.4578
-0.116323
42.4491
-325.547
13.4575
51.9059
-317.807
11.7899
37.7948
-178.096
6.04428
20.6034
-76.2604
2.16245
24.759
-65.5792
0.694752
15.1383
-20.6453
-1.14771
-39.1532
-325.247
11.3631
-38.643
-253.691
7.04596
-29.4238
-149.915
2.1715
-37.4001
-139.838
1.72062
-25.8415
-64.3946
-0.969526
-15.4947
-24.1889
-3.18181
-1.03597
-489.594
18.635
-1.18915
-382.471
12.4279
-1.59253
-308.625
8.14778
-1.14441
-180.174
2.36888
-3.75826
-96.7427
-0.233767
-3.69335
-23.126
-1.4369
5.73706
-486.46
18.6806
3.86213
-315.435
10.5405
3.7487
-273.045
7.79986
4.43956
-196.058
3.44001
1.09402
-93.8206
-0.177393
-0.113192
-31.6228
-1.69035
0.0359158
-10.446
-0.767147
0.0458243
-4.10837
-0.225096
1.77489
-396.351
16.6052
-12.8179
-11.9924
-0.904483
0.0576253
1.11626
0.0845529
6.82492
-6.20406
-1.54456
37.2964
-315.975
13.5955
42.1063
-289.833
11.3991
40.3711
-218.73
7.77005
50.2738
-201.987
6.43311
28.4791
-91.8248
2.09968
20.7104
-42.5682
-0.516018
-44.0944
-406.021
15.2097
-48.6392
-361.87
11.4307
-37.9171
-218.413
4.9745
-33.7401
-150.773
2.04733
-28.9754
-90.1159
-0.106561
-21.8361
-41.9217
-1.86712
-0.934215
-565.689
22.6891
-1.04325
-363.157
12.9375
-1.42045
-329.07
9.64906
-0.420509
-194.134
4.76177
-2.78525
-136.507
1.28554
-5.0555
-60.9247
-1.62145
5.22269
-472.453
19.1055
5.36892
-432.693
15.5456
4.10711
-325.263
9.91475
3.36561
-195.172
4.07794
2.10286
-132.118
1.285
0.249276
-60.0118
-1.13134
9.7463
-16.6209
-2.41602
5.1865
-30.9081
0.908762
