-1.37552
6.70997
-6.86188
-0.0684837
10.0611
-10.6873
0.0267257
0.0166312
0.0274755
-0.0613672
0.00822097
-0.0368122
0.017938
6.44399
-6.86072
2.02542
9.66876
-10.6883
0.0568823
0.0145421
-0.0396089
0.015444
-0.00907807
0.0205268
-2.74494
11.1293
-11.3149
-2.68978
8.81035
-8.89614
-3.18259
8.09543
-8.19897
-1.67722
3.33661
-3.22423
-1.80029
2.53813
-2.31923
-1.16601
1.00873
-0.802979
-0.0890192
11.1158
-11.8324
-0.0612906
8.7709
-9.378
-0.0279441
4.85429
-5.19378
-0.0767417
5.35594
-5.89095
-0.0298795
2.40954
-2.60081
0.0136914
0.840125
-0.852943
0.0384337
10.5966
-11.3125
0.0504641
8.28344
-8.88013
0.0734417
6.71886
-7.28324
0.063065
2.91961
-3.15259
0.181449
2.07295
-2.26801
0.193782
0.725172
-0.805004
2.70141
10.5968
-11.8312
2.65767
8.3016
-9.37792
1.88734
4.56293
-5.2163
2.86034
4.83344
-5.95313
1.90257
2.16721
-2.6529
0.915184
0.778915
-0.637275
-2.12518
20.1293
-20.983
-0.684344
0.466335
-0.320484
-1.35508
13.1546
-13.7208
0.0522924
0.278775
-0.296748
2.58402
26.3085
-28.5001
-0.336387
-0.0915584
-0.0246513
0.176566
0.0999085
0.010521
-0.134898
0.0856251
0.0386906
1.35771
12.8884
-13.9887
0.0984977
0.339358
-0.360884
0.683978
0.53106
-0.419139
0.129334
-0.0214342
-0.0462917
-2.74988
12.2789
-12.5251
-2.72966
9.97156
-10.0994
-2.63134
7.64576
-7.71099
-2.42924
5.37641
-5.40331
-2.02498
3.44379
-3.25515
-1.52724
1.72025
-1.48535
-0.0920848
12.272
-13.0506
-0.0777611
9.94632
-10.6009
-0.043912
7.60588
-8.15393
-0.0403097
5.34829
-5.78353
-0.0510642
3.32724
-3.62401
-0.00634513
1.57484
-1.66232
0.052762
17.6188
-18.7835
0.0436832
9.43888
-10.0955
0.0501599
7.14386
-7.68533
0.0401562
3.97913
-4.3397
0.168832
2.90644
-3.20245
0.182071
1.32971
-1.43296
2.70225
11.7474
-13.049
2.6825
9.45046
-10.6011
2.60905
7.16954
-8.16137
2.41347
4.98851
-5.82816
2.11316
2.9832
-3.67299
1.61941
1.47687
-1.71851
-5.39001
43.4469
-45.2548
-6.61759
42.7339
-44.3772
-4.80487
24.225
-25.2831
-2.64509
10.4696
-10.6392
-3.23155
9.14278
-9.07728
-2.12079
2.95298
-2.70017
5.16793
43.42
-47.3174
5.11002
34.1511
-37.4756
3.96223
20.3349
-22.5039
5.14287
19.4527
-22.398
3.66415
9.04962
-10.3476
2.47903
3.26376
-3.16074
8.12046
63.5644
-69.4426
7.9055
49.725
-54.7572
8.45796
40.3079
-45.1773
6.89147
23.0086
-26.7886
6.09303
12.478
-14.8048
3.41164
3.31035
-3.94338
-8.41803
66.7242
-69.4686
-6.71507
43.9043
-45.7861
-7.54727
38.762
-40.6289
-7.70348
29.1321
-30.4035
-5.50366
14.5428
-14.9224
-3.85001
4.97763
-5.0804
-2.32568
1.38552
-1.44496
1.01398
0.681939
-1.09049
-0.125614
52.6157
-55.9477
2.17987
1.58627
-1.32188
0.09115
-0.181512
0.240911
-0.960687
0.875221
-0.604134
-4.73387
42.0456
-43.8325
-5.35288
38.819
-40.3828
-5.12882
29.5503
-30.7672
-6.40558
27.6842
-28.8299
-3.66331
12.6726
-12.86
-2.76192
5.99684
-5.73327
5.81717
54.039
-58.7232
6.41363
48.4987
-52.9618
5.04108
29.5356
-32.5743
4.57466
20.6452
-23.2031
4.03791
12.5643
-14.4583
3.21071
5.90179
-6.55421
8.4642
73.4143
-79.908
6.74014
47.1717
-51.7981
7.79226
42.8507
-47.5564
6.2007
25.3399
-28.695
6.56387
17.4756
-20.5949
5.54209
8.05132
-9.60646
-7.40911
64.4435
-67.147
-8.32619
59.7449
-62.1387
-7.82923
45.6935
-47.6888
-6.31884
28.0239
-29.4237
-6.21992
20.076
-20.7661
-4.70858
9.49304
-9.67665
0.547161
2.39173
-2.44367
-0.0397839
4.08813
-4.42386
