-1.27014
5.86229
-6.71434
-0.183711
8.78992
-10.4913
0.0192609
0.0125296
0.0248345
-0.0573661
0.00863077
-0.0351082
0.096591
5.57967
-6.71331
1.87015
8.37212
-10.4921
0.0532597
0.0142213
-0.0375773
0.0197829
-0.0113075
0.018105
-2.53516
9.74795
-11.0658
-2.48522
7.74507
-8.69302
-2.94421
7.15326
-8.00013
-1.55509
2.97224
-3.13795
-1.67744
2.28162
-2.25452
-1.09167
0.917143
-0.777977
-0.242773
9.73591
-11.6168
-0.21321
7.70851
-9.20879
-0.13392
4.2843
-5.10383
-0.225851
4.77
-5.78939
-0.122457
2.15916
-2.56138
-0.0432843
0.753435
-0.853852
0.195115
9.18265
-11.0641
0.202394
7.18728
-8.67957
0.230585
5.8444
-7.11299
0.150483
2.53634
-3.07819
0.261813
1.80365
-2.21335
0.24384
0.635439
-0.794519
2.49407
9.18399
-11.615
2.45303
7.20714
-9.20666
1.74542
3.97101
-5.12045
2.65289
4.21387
-5.83909
1.76368
1.90127
-2.60232
0.852881
0.696822
-0.627436
-2.08229
17.5865
-20.5655
-0.643854
0.427021
-0.310597
-1.17137
11.4425
-13.426
0.0149955
0.24461
-0.302539
2.2253
22.8846
-27.9769
-0.324062
-0.0840268
-0.0275799
0.155201
0.0915948
0.0141638
-0.115947
0.0797596
0.0409786
1.33342
11.1598
-13.7103
0.130502
0.297611
-0.369637
0.640065
0.485089
-0.407012
0.126575
-0.0193749
-0.0469188
-2.53936
10.7399
-12.2529
-2.52166
8.74835
-9.8735
-2.43232
6.73666
-7.53056
-2.24533
4.76782
-5.26714
-1.88284
3.08135
-3.16688
-1.42582
1.55431
-1.443
-0.245801
10.7339
-12.8119
-0.231122
8.72517
-10.4086
-0.192649
6.69868
-8.00823
-0.172784
4.73446
-5.68572
-0.156823
2.97183
-3.56387
-0.0832498
1.4152
-1.64325
0.288752
15.2608
-18.3759
0.198703
8.18402
-9.8709
0.197855
6.20501
-7.50912
0.147159
3.46393
-4.23606
0.265316
2.52585
-3.12472
0.24589
1.15831
-1.4019
2.49499
10.1759
-12.8101
2.47628
8.19673
-10.4076
2.40808
6.23261
-8.01222
2.23585
4.34631
-5.71969
1.9594
2.60668
-3.603
1.50098
1.30556
-1.68646
-4.65974
37.8556
-44.2594
-5.7267
37.3271
-43.3684
-4.1607
21.2383
-24.6812
-2.29969
9.21172
-10.3688
-2.82681
8.08819
-8.83538
-1.87487
2.63277
-2.63207
4.45264
37.834
-46.4533
4.40826
29.8343
-36.7947
3.43447
17.8182
-22.1058
4.48308
17.1505
-21.982
3.21869
8.00969
-10.167
2.21338
2.88479
-3.14076
7.97275
55.0854
-68.0479
7.75324
43.1569
-53.641
8.2832
35.0772
-44.2344
6.75014
20.0125
-26.2275
5.91778
10.901
-14.4866
3.28842
2.93413
-3.86896
-8.25279
58.4421
-68.0739
-6.59029
38.592
-44.8535
-7.40632
34.2368
-39.7754
-7.53882
25.954
-29.7536
-5.4076
13.0593
-14.6024
-3.78432
4.50388
-4.9796
-2.28026
1.2407
-1.41459
0.991739
0.613929
-1.0656
-0.116372
45.7676
-54.835
1.96047
1.40389
-1.30636
0.0889616
-0.162141
0.237236
-0.851469
0.780452
-0.600549
-4.09213
36.6007
-42.8804
-4.62911
33.8618
-39.4812
-4.43791
25.8525
-30.0526
-5.55211
24.3289
-28.1199
-3.19341
11.1777
-12.5222
-2.4254
5.32167
-5.58198
5.01032
47.0424
-57.6484
5.52719
42.3098
-51.997
4.35617
25.8421
-31.9856
3.97494
18.1376
-22.7827
3.5326
11.0943
-14.1983
2.83761
5.23261
-6.45279
8.31346
63.5904
-78.3118
6.61317
40.905
-50.7511
7.63522
37.2332
-46.5778
6.08441
22.0753
-28.0817
6.39766
15.2286
-20.1504
5.35682
7.06555
-9.40977
-7.26153
56.3666
-65.8058
-8.16598
52.4148
-60.883
-7.68593
40.2559
-46.7064
-6.19164
24.8221
-28.8105
-6.10584
17.959
-20.3199
-4.6299
8.56076
-9.47211
0.664725
2.12958
-2.40184
0.0384507
3.56843
-4.32098
