-1.05844
4.16331
-6.4099
-0.412776
6.24207
-10.0856
0.00428458
0.00429627
0.0195063
-0.0492712
0.00943682
-0.0316444
0.253086
3.84714
-6.40913
1.55833
5.77298
-10.0859
0.0459294
0.0135538
-0.03346
0.0284587
-0.015777
0.0132377
-2.11363
6.978
-10.552
-2.07399
5.60723
-8.27434
-2.46452
5.26026
-7.59092
-1.30904
2.23918
-2.96078
-1.42939
1.76467
-2.12162
-0.941306
0.732213
-0.726678
-0.54843
6.96876
-11.1705
-0.515329
5.57641
-8.85839
-0.344874
3.13927
-4.91724
-0.523062
3.59087
-5.57882
-0.307317
1.65473
-2.47922
-0.157265
0.578634
-0.85463
0.506879
6.3469
-10.5517
0.504804
4.9872
-8.26595
0.543573
4.08724
-6.76206
0.324818
1.76545
-2.9247
0.422243
1.26106
-2.10052
0.343758
0.454092
-0.772228
2.0777
6.35051
-11.1675
2.04193
5.01042
-8.85224
1.45999
2.78171
-4.92218
2.23503
2.96715
-5.60373
1.48361
1.36537
-2.49794
0.72703
0.531029
-0.607022
-1.99372
12.4899
-19.7028
-0.561853
0.347538
-0.29029
-0.803793
8.01079
-12.8177
-0.0597192
0.175759
-0.313806
1.50799
16.0216
-26.8944
-0.298949
-0.0688333
-0.0333852
0.112206
0.0748146
0.0214049
-0.0778116
0.0678614
0.0455271
1.28318
7.69487
-13.1351
0.194427
0.213067
-0.386521
0.551242
0.392
-0.382288
0.120877
-0.0152563
-0.04811
-2.11639
7.65471
-11.6914
-2.10365
6.29466
-9.40757
-2.03207
4.91131
-7.15885
-1.8752
3.54415
-4.98711
-1.59612
2.35154
-2.98557
-1.22089
1.21963
-1.35598
-0.551376
7.65041
-12.3179
-0.536032
6.27557
-10.0105
-0.488549
4.87715
-7.70639
-0.436652
3.50054
-5.48267
-0.367823
2.25621
-3.43902
-0.23695
1.09339
-1.60305
0.758301
10.5329
-17.5349
0.507197
5.66645
-9.40767
0.491919
4.31969
-7.14578
0.360411
2.42804
-4.02248
0.457831
1.75967
-2.96444
0.373318
0.812632
-1.33748
2.07878
7.02494
-12.3158
2.06207
5.68143
-10.0069
2.00425
4.35109
-7.7036
1.87833
3.05515
-5.49547
1.64955
1.84859
-3.45851
1.26205
0.959985
-1.6203
-3.19844
26.643
-42.2059
-3.94333
26.476
-41.2886
-2.87024
15.2372
-23.4415
-1.60684
6.68157
-9.81236
-2.01337
5.96338
-8.33773
-1.37997
1.98608
-2.49129
3.0222
26.6317
-44.665
3.00441
21.1705
-35.3852
2.37767
12.7619
-21.2809
3.15988
12.5179
-21.1221
2.32404
5.9145
-9.79307
1.67878
2.12049
-3.09702
7.66749
38.0803
-65.1664
7.43921
29.9739
-51.3357
7.92338
24.5663
-42.2879
6.45894
13.9846
-25.069
5.55989
7.723
-13.83
3.03747
2.17377
-3.71472
-7.91093
41.8344
-65.1924
-6.33126
27.9308
-42.9272
-7.11364
25.145
-38.014
-7.19908
19.5584
-28.4126
-5.20766
10.0695
-13.9419
-3.64754
3.54756
-4.77084
-2.18619
0.948266
-1.3517
0.945874
0.475832
-1.01425
-0.0974747
32.0414
-52.536
1.51859
1.03568
-1.27391
0.0843858
-0.123284
0.229532
-0.631587
0.588702
-0.592197
-2.80808
25.6846
-40.9162
-3.18062
23.9173
-37.6218
-3.05435
18.4276
-28.5801
-3.84168
17.5827
-26.6585
-2.2498
8.16813
-11.8276
-1.74864
3.96011
-5.27031
3.3969
33.0153
-55.4243
3.75423
29.8943
-49.9998
2.98554
18.4255
-30.7667
2.77307
13.0964
-21.9128
2.5185
8.13452
-13.6603
2.08765
3.88344
-6.24194
8.00161
43.8939
-75.0139
6.35116
28.3322
-48.5881
7.31182
25.9523
-44.5568
5.84392
15.5113
-26.8168
6.0574
10.7043
-19.2334
4.9793
5.07679
-9.00315
-6.9565
40.1748
-63.0348
-7.83411
37.711
-58.2889
-7.38815
29.3378
-44.6779
-5.92846
18.3852
-27.5443
-5.86891
13.6955
-19.3992
-4.46587
6.68049
-9.04962
0.899234
1.5992
-2.31419
0.194439
2.5238
-4.10897
