-0.84573
2.46167
-6.09348
-0.639651
3.6902
-9.66216
-0.0107371
-0.00396891
0.0141253
-0.0410645
0.0102235
-0.0281122
0.408268
2.11183
-6.09298
1.24521
3.16967
-9.66205
0.038496
0.012854
-0.0292767
0.0371232
-0.0202542
0.00834255
-1.69002
4.20186
-10.0183
-1.66049
3.46233
-7.83991
-1.98157
3.35796
-7.16723
-1.06091
1.50121
-2.77793
-1.17856
1.24308
-1.98446
-0.788927
0.545133
-0.673823
-0.85117
4.19536
-10.7044
-0.814723
3.43721
-8.49234
-0.554207
1.98891
-4.72191
-0.818534
2.40345
-5.35854
-0.491549
1.14594
-2.39281
-0.271151
0.402105
-0.854024
0.816051
3.50472
-10.0194
0.804841
2.77988
-7.83649
0.854392
2.32161
-6.39802
0.498246
0.98986
-2.76534
0.582071
0.713976
-1.98337
0.443308
0.270538
-0.748314
1.65957
3.51057
-10.7004
1.62893
2.8064
-8.48229
1.17282
1.58685
-4.71534
1.81382
1.71215
-5.35889
1.20089
0.824905
-2.38939
0.599698
0.363354
-0.585651
-1.90147
7.38531
-18.8044
-0.478612
0.266986
-0.269347
-0.436516
4.57363
-12.1855
-0.13451
0.106268
-0.324638
0.791813
9.14777
-25.7644
-0.273261
-0.0534951
-0.0391217
0.0689099
0.0578499
0.0285856
-0.0394138
0.0557597
0.0500275
1.23076
4.22434
-12.5361
0.258182
0.127274
-0.402619
0.46122
0.29754
-0.356965
0.114955
-0.0111395
-0.0492194
-1.69138
4.56381
-11.1079
-1.68346
3.83431
-8.92381
-1.62939
3.07865
-6.77347
-1.5025
2.31329
-4.69748
-1.30653
1.61598
-2.79841
-1.01346
0.881545
-1.26617
-0.854023
4.56114
-11.8022
-0.838085
3.81926
-9.59466
-0.781936
3.04834
-7.39093
-0.698719
2.2597
-5.26991
-0.577857
1.53505
-3.3082
-0.39032
0.76853
-1.56015
1.22391
5.79609
-16.661
0.813178
3.14201
-8.92655
0.783797
2.42689
-6.76864
0.572367
1.38632
-3.80099
0.649485
0.987953
-2.79817
0.500313
0.463665
-1.27026
1.66085
3.86802
-11.7998
1.64605
3.15922
-9.58872
1.5984
2.46204
-7.3815
1.51824
1.75683
-5.26181
1.33699
1.08485
-3.3082
1.02067
0.610976
-1.55149
-1.73811
15.4051
-40.0728
-2.16026
15.5893
-39.13
-1.5787
9.20719
-22.1566
-0.912168
4.13558
-9.23672
-1.19575
3.82047
-7.82308
-0.881672
1.33187
-2.34498
1.59389
15.404
-42.798
1.60199
12.478
-33.9134
1.32055
7.68218
-20.4184
1.83366
7.85381
-20.2262
1.42556
3.80158
-9.40248
1.1405
1.34869
-3.04827
7.34927
21.0366
-62.1661
7.11278
16.7472
-48.9364
7.55024
14.0046
-40.2638
6.15669
7.91802
-23.8641
5.19262
4.51779
-13.1478
2.78093
1.40407
-3.55365
-7.55413
25.1892
-62.1921
-6.0598
17.2339
-40.9223
-6.80692
16.0091
-36.1831
-6.84588
13.1179
-27.0192
-4.99762
7.05268
-13.2554
-3.50382
2.58032
-4.55308
-2.08801
0.652304
-1.28614
0.898264
0.335235
-0.960948
-0.0780539
18.2935
-50.1415
1.07317
0.663329
-1.23962
0.0795662
-0.0843161
0.221384
-0.41005
0.394277
-0.58243
-1.52501
14.748
-38.8752
-1.7328
13.9457
-35.691
-1.67038
10.9732
-27.0527
-2.12892
10.7977
-25.1454
-1.30236
5.13629
-11.1095
-1.0678
2.58534
-4.94753
1.78599
18.9618
-53.1025
1.98355
17.4446
-47.9145
1.61568
10.9793
-29.4938
1.56958
8.02703
-21.0049
1.50109
5.15245
-13.0989
1.33365
2.52158
-6.02065
7.67612
24.16
-71.5796
6.07856
15.7249
-46.3364
6.97627
14.6262
-42.454
5.59315
8.91027
-25.5029
5.70713
6.14619
-18.281
4.59306
3.06812
-8.57984
-6.63848
23.9526
-60.1491
-7.48725
22.9668
-55.5882
-7.07572
18.3754
-42.5674
-5.65386
11.9114
-26.2273
-5.62057
9.39773
-18.4427
-4.29324
4.78117
-8.61021
1.13267
1.06151
-2.22162
0.349573
1.47365
-3.88911
