-0.632311
0.759865
-5.76569
-0.863966
1.13807
-9.22127
-0.0257819
-0.0122546
0.00870304
-0.0327617
0.0109892
-0.0245197
0.56188
0.376596
-5.76546
0.931226
0.566494
-9.22075
0.0309739
0.0121246
-0.0250347
0.0457638
-0.0247297
0.00342472
-1.26494
1.42358
-9.46585
-1.24532
1.31351
-7.39077
-1.4961
1.44918
-6.73016
-0.811081
0.759409
-2.58991
-0.925377
0.717609
-1.8435
-0.634803
0.356157
-0.619623
-1.15051
1.41977
-10.2191
-1.11092
1.29405
-8.11103
-0.761593
0.834896
-4.51807
-1.1118
1.2095
-5.12882
-0.674867
0.633547
-2.30224
-0.384769
0.224081
-0.852026
1.12212
0.660883
-9.46825
1.10202
0.569142
-7.39223
1.16255
0.550655
-6.02182
0.670488
0.210999
-2.60061
0.741037
0.163466
-1.86233
0.542348
0.0851943
-0.722943
1.24027
0.668922
-10.214
1.21463
0.598883
-8.09719
0.884348
0.388552
-4.50018
1.38991
0.451196
-5.10489
0.915986
0.280909
-2.27681
0.47111
0.194146
-0.563349
-1.80562
2.28021
-17.8714
-0.394284
0.185475
-0.247863
-0.0700908
1.13639
-11.5305
-0.209263
0.0362203
-0.335009
0.0778357
2.27373
-24.5879
-0.247055
-0.0380482
-0.044789
0.0253815
0.0407265
0.035705
-0.000819511
0.0434809
0.0544649
1.1762
0.753966
-11.9141
0.321689
0.0404507
-0.417985
0.370167
0.201922
-0.331075
0.108826
-0.00702625
-0.0502494
-1.26494
1.47171
-10.5037
-1.26171
1.37091
-8.4233
-1.22488
1.24136
-6.37537
-1.12778
1.07708
-4.39905
-1.01453
0.875766
-2.60595
-0.803865
0.540537
-1.17389
-1.15325
1.47061
-11.2652
-1.1368
1.35986
-9.1616
-1.07235
1.21494
-7.06221
-0.958573
1.01381
-5.04769
-0.786594
0.809395
-3.1716
-0.543121
0.441078
-1.5146
1.68482
1.0582
-15.7559
1.11614
0.614983
-8.42861
1.07302
0.529934
-6.37866
0.782687
0.340664
-3.57224
0.83996
0.212169
-2.62644
0.626679
0.112126
-1.20052
1.24175
0.710362
-11.2625
1.2288
0.634366
-9.15332
1.19113
0.568736
-7.04629
1.15614
0.453696
-5.01899
1.02223
0.316891
-3.15225
0.777268
0.259231
-1.48011
-0.280969
4.15968
-37.8646
-0.380203
4.68436
-36.8976
-0.28809
3.15822
-20.8298
-0.216801
1.578
-8.64355
-0.375315
1.66317
-7.29323
-0.380809
0.671314
-2.19387
0.169819
4.16849
-40.854
0.203111
3.77063
-32.3809
0.264731
2.58719
-19.5194
0.506492
3.16609
-19.2953
0.524703
1.6746
-8.99577
0.599429
0.570741
-2.99456
7.01831
3.98272
-59.0518
6.77424
3.49952
-46.4473
7.16425
3.41085
-38.1661
5.84377
1.82385
-22.6155
4.81659
1.29163
-12.4417
2.5193
0.626728
-3.38625
-7.18275
8.53091
-59.0776
-5.77623
6.517
-38.8422
-6.48659
6.84254
-34.2863
-6.47973
6.64189
-25.5765
-4.77786
4.01332
-12.5448
-3.3535
1.60341
-4.32703
-1.98599
0.353141
-1.21819
0.849037
0.192525
-0.905857
-0.0581566
4.54517
-47.6552
0.624947
0.287469
-1.20349
0.0745319
-0.0452884
0.21282
-0.18722
0.197571
-0.571453
-0.244871
3.80815
-36.7615
-0.287869
3.96287
-33.6931
-0.288123
3.50132
-25.4743
-0.416511
3.98534
-23.5846
-0.352635
2.0873
-10.37
-0.384045
1.19977
-4.61493
0.180006
4.90365
-50.6851
0.217814
4.98071
-45.7432
0.248632
3.51577
-28.1681
0.366334
2.93781
-20.0601
0.482006
2.15316
-12.5148
0.576833
1.14943
-5.78921
7.33719
4.42158
-68.014
5.79558
3.10426
-43.9996
6.62896
3.27445
-40.2735
5.33244
2.28411
-24.1428
5.34737
1.56303
-17.2954
4.19881
1.04366
-8.14102
-6.30779
7.72405
-57.1531
-7.12573
8.20401
-52.7855
-6.74905
7.38499
-40.3789
-5.36828
5.41023
-24.8622
-5.36124
5.07205
-17.4525
-4.11239
2.8655
-8.15511
1.36472
0.517688
-2.12469
0.503604
0.419813
-3.66194
