0.116389
-5.16344
-4.53841
-1.62461
-7.74497
-7.54714
-0.0782426
-0.0412162
-0.0104147
-0.00319644
0.0134828
-0.0115955
1.08406
-5.65644
-4.53906
-0.169147
-8.48421
-7.54526
0.00417442
0.00938279
-0.00984302
0.0755871
-0.0402116
-0.0138772
0.226757
-8.25994
-7.40195
0.212983
-6.19213
-5.71855
0.212647
-5.23913
-5.11146
0.0708778
-1.84932
-1.8989
-0.0272385
-1.13902
-1.32705
-0.0859962
-0.315401
-0.422482
-2.16567
-8.25473
-8.37588
-2.11682
-6.192
-6.66232
-1.46799
-3.20676
-3.74121
-2.11446
-2.99178
-4.25451
-1.30493
-1.17549
-1.95422
-0.777472
-0.406455
-0.833843
2.16275
-9.23782
-7.40871
2.11346
-7.13968
-5.73637
2.21357
-5.64126
-4.62398
1.26
-2.51795
-1.98922
1.28655
-1.77224
-1.41451
0.882538
-0.570271
-0.62513
-0.229223
-9.22263
-8.3674
-0.238092
-7.09954
-6.63613
-0.129788
-3.80033
-3.68527
-0.105571
-3.97164
-4.14801
-0.0912031
-1.63345
-1.85306
0.0147173
-0.404148
-0.478251
-1.44328
-15.4887
-14.3553
-0.0930854
-0.105279
-0.169804
1.19874
-10.8206
-9.07801
-0.468684
-0.211689
-0.367203
-2.39072
-21.6389
-20.1212
-0.152084
0.0163314
-0.0640614
-0.127641
-0.0200106
0.0601187
0.134708
-0.000428989
0.0692575
0.968789
-11.3118
-9.56974
0.540583
-0.267623
-0.466717
0.0460406
-0.138144
-0.236438
0.0859771
0.00733076
-0.0532482
0.231164
-9.29724
-8.24362
0.218881
-7.22338
-6.55637
0.19721
-5.18505
-4.89648
0.191463
-3.26276
-3.29717
0.0191396
-1.73358
-1.89936
-0.0590896
-0.667376
-0.836414
-2.16792
-9.29313
-9.22607
-2.15035
-7.22078
-7.51656
-2.05985
-5.19754
-5.81264
-1.84526
-3.35767
-4.19931
-1.50216
-1.7479
-2.65036
-1.06973
-0.717212
-1.33496
3.25162
-15.4226
-12.37
2.14661
-8.18811
-6.57014
2.05837
-6.0926
-4.92709
1.50133
-3.32039
-2.72387
1.49256
-2.51098
-1.99077
1.06077
-1.12626
-0.941056
-0.226957
-10.2739
-9.22245
-0.233805
-8.16177
-7.50071
-0.237774
-6.04197
-5.77526
-0.119305
-4.1085
-4.10109
-0.089307
-2.38061
-2.56481
-0.0841558
-0.981547
-1.21129
4.76608
-35.0086
-29.6146
5.79118
-33.3715
-28.5827
4.1946
-18.0114
-15.9079
2.20654
-7.39695
-6.45483
2.49736
-5.93823
-5.34596
1.3789
-1.66923
-1.63784
-4.7549
-34.9668
-33.4727
-4.63896
-26.6184
-26.5629
-3.3993
-15.2388
-16.1009
-4.11624
-13.2997
-15.7779
-2.6253
-5.81917
-7.45292
-1.30199
-2.17696
-2.76772
5.76287
-55.3795
-47.3275
5.49823
-42.6985
-37.0936
5.7186
-33.6316
-30.3049
4.67031
-19.5423
-17.9413
3.44027
-10.0599
-9.80812
1.57125
-2.1242
-2.75725
-5.77421
-49.5323
-47.3522
-4.69425
-30.9186
-31.0248
-5.26622
-25.273
-27.182
-5.10455
-16.1464
-20.1856
-3.93875
-6.72611
-9.89359
-2.78069
-1.86791
-3.48069
-1.60235
-0.712158
-0.965381
0.665837
-0.316617
-0.701464
0.0143112
-43.2808
-38.2835
-0.953723
-1.04393
-1.0622
0.0556998
0.0910834
0.18004
0.596934
-0.501585
-0.526465
4.18828
-34.269
-28.855
4.71873
-30.8384
-26.2392
4.50807
-22.6072
-19.6063
5.53716
-19.8969
-17.8112
2.96606
-8.63441
-7.64887
2.01406
-3.69286
-3.3927
-5.37283
-44.0281
-41.5056
-5.89075
-38.4722
-37.4994
-4.48773
-22.5642
-23.1351
-3.81749
-14.8993
-16.4788
-3.07437
-8.39632
-10.3029
-2.07531
-3.69308
-4.90327
6.04823
-64.2396
-54.5816
4.72643
-40.8632
-35.2094
5.32561
-36.3608
-32.0887
4.34674
-20.9175
-19.058
4.02064
-14.5335
-13.6172
2.76624
-6.09614
-6.49991
-5.05572
-48.7967
-45.8663
-5.75153
-43.3024
-42.2423
-5.50102
-31.0593
-32.1649
-4.28915
-17.407
-19.7474
-4.37396
-10.1809
-13.7562
-3.42044
-3.91993
-6.45672
2.1604
-1.41279
-1.759
1.03071
-3.269
-2.81789
