0.754528
-10.1447
-3.40417
-2.24096
-15.2152
-5.96279
-0.122226
-0.0655886
-0.0266401
0.0223063
0.0153583
-0.000306657
1.5084
-10.7145
-3.40553
-1.1063
-16.0723
-5.95982
-0.0189612
0.0068794
0.00339322
0.100154
-0.052917
-0.0286354
1.49845
-16.4157
-5.50224
1.45703
-12.5277
-4.18805
1.67251
-10.9031
-3.64137
0.826421
-4.06746
-1.27854
0.745584
-2.72599
-0.866858
0.387967
-0.893542
-0.249326
-2.98848
-16.403
-6.63136
-2.93368
-12.5108
-5.29124
-2.04358
-6.62764
-3.00368
-2.93427
-6.56565
-3.42536
-1.82305
-2.72026
-1.62027
-1.10255
-0.947104
-0.803831
3.00855
-17.544
-5.51245
2.93646
-13.6174
-4.21912
3.07073
-10.8558
-3.3501
1.74227
-4.81938
-1.43463
1.73326
-3.4086
-1.01126
1.16135
-1.12625
-0.533918
-1.48064
-17.5234
-6.62036
-1.47529
-13.5698
-5.25546
-0.995376
-7.3278
-2.91697
-1.38602
-7.70594
-3.25118
-0.95442
-3.2544
-1.45638
-0.377908
-0.913042
-0.396967
-1.10268
-30.4317
-11.0686
0.167937
-0.356717
-0.101556
2.25956
-20.8605
-6.81118
-0.684589
-0.423989
-0.388734
-4.45126
-41.7175
-15.8945
-0.0681009
0.0624249
-0.0798002
-0.257443
-0.0721954
0.0803419
0.249325
-0.0383341
0.0806008
0.771791
-21.4278
-7.37842
0.721069
-0.529207
-0.503062
-0.233602
-0.429163
-0.151036
0.0650592
0.0195772
-0.0550693
1.50642
-18.3596
-6.15875
1.4815
-14.4691
-4.84241
1.41108
-10.6174
-3.54752
1.3186
-6.94511
-2.30145
0.906958
-3.95802
-1.26687
0.582765
-1.70301
-0.537134
-2.99011
-18.3512
-7.29613
-2.97246
-14.4549
-5.95963
-2.86303
-10.6175
-4.62958
-2.56901
-7.06477
-3.39214
-2.08884
-3.92704
-2.15456
-1.50417
-1.70858
-1.15707
4.52491
-29.2451
-9.24601
2.9845
-15.5796
-4.86288
2.86108
-11.6629
-3.60039
2.08858
-6.40682
-1.9536
2.02623
-4.81034
-1.41678
1.41658
-2.1743
-0.706707
-1.47774
-19.4867
-7.29188
-1.47932
-15.5484
-5.93794
-1.45504
-11.6038
-4.57514
-1.2099
-7.95491
-3.23748
-1.04147
-4.66102
-2.01443
-0.822838
-2.03442
-0.959218
8.98664
-67.9352
-22.0202
10.9565
-65.4206
-20.9693
7.95228
-35.8858
-11.4307
4.2442
-14.994
-4.48156
4.92328
-12.3968
-3.60583
2.87049
-3.66806
-1.14477
-8.86662
-67.8669
-26.4887
-8.6854
-52.212
-21.0618
-6.46903
-30.2864
-12.8638
-8.00211
-27.2499
-12.4703
-5.28372
-12.1857
-5.99535
-2.91529
-4.51635
-2.52494
4.57356
-105.193
-36.3924
4.29972
-81.5237
-28.3975
4.37379
-64.8311
-23.0282
3.57782
-37.5722
-13.6257
2.20049
-19.6659
-7.39105
0.73171
-4.46183
-2.17562
-4.44615
-98.4357
-36.4155
-3.66902
-62.5191
-23.7561
-4.11364
-52.4661
-20.6102
-3.82591
-35.5329
-15.22
-3.14512
-15.9057
-7.4603
-2.24098
-4.85645
-2.70317
-1.24684
-1.63162
-0.736173
0.49829
-0.751243
-0.515966
0.077962
-83.4385
-29.5229
-2.29674
-2.18087
-0.92204
0.0388951
0.206543
0.149206
1.26305
-1.09933
-0.484212
7.89493
-66.2575
-21.561
8.90688
-60.1177
-19.3946
8.52492
-44.6203
-14.2502
10.5324
-40.0939
-12.5838
5.76335
-17.7272
-5.20758
4.04264
-7.85813
-2.30411
-10.008
-85.1364
-32.8186
-10.9926
-75.0324
-29.7019
-8.44967
-44.5534
-18.377
-7.32877
-29.9814
-13.099
-6.06964
-17.3451
-8.21781
-4.31887
-7.81335
-4.05614
4.82349
-121.827
-42.0379
3.71847
-77.7831
-27.0227
4.10876
-69.7045
-24.4939
3.42057
-40.4808
-14.3671
2.81176
-28.1353
-10.2365
1.49053
-12.1485
-4.99052
-3.87703
-96.3606
-35.3262
-4.45337
-86.7277
-32.4228
-4.3177
-63.5579
-24.5436
-3.2794
-36.7623
-15.0171
-3.44266
-23.187
-10.358
-2.76502
-9.73712
-4.89945
2.81103
-3.05913
-1.42529
1.46256
-6.38035
-2.04809
