1.07035
-12.5824
-2.81495
-2.53535
-18.8711
-5.12493
-0.14358
-0.0774518
-0.0345736
0.0349369
0.0161958
0.00532913
1.71135
-13.1823
-2.81665
-1.57013
-19.7746
-5.12143
-0.0304268
0.00560307
0.0100054
0.111896
-0.0589412
-0.0359106
2.12783
-20.4091
-4.51846
2.07262
-15.632
-3.39876
2.39477
-13.6812
-2.88724
1.20041
-5.15715
-0.962873
1.12853
-3.50735
-0.634293
0.623103
-1.17925
-0.162893
-3.38158
-20.3927
-5.70879
-3.32439
-15.6067
-4.56629
-2.31922
-8.30513
-2.61309
-3.32694
-8.32129
-2.98625
-2.07167
-3.48038
-1.44207
-1.25898
-1.21367
-0.783609
3.41309
-21.5962
-4.53033
3.33017
-16.7774
-3.43629
3.48104
-13.3996
-2.69556
1.97315
-5.94157
-1.15101
1.94658
-4.206
-0.806353
1.29439
-1.39676
-0.486871
-2.09993
-21.5731
-5.69663
-2.08725
-16.7266
-4.52596
-1.42362
-9.04887
-2.51154
-2.01988
-9.52765
-2.77924
-1.38132
-4.04543
-1.24775
-0.572295
-1.16174
-0.353571
-0.923525
-37.7446
-9.34639
0.29766
-0.481258
-0.0676484
2.77753
-25.7663
-5.63353
-0.788827
-0.52851
-0.397014
-5.4568
-51.5287
-13.6594
-0.0257364
0.084979
-0.0873436
-0.321012
-0.0979787
0.0901559
0.305273
-0.0570369
0.0856663
0.66724
-26.3634
-6.23019
0.807601
-0.656197
-0.519453
-0.372191
-0.57177
-0.107116
0.0542693
0.0256703
-0.0557075
2.13757
-22.7956
-5.07725
2.10636
-18.018
-3.95655
2.01168
-13.2803
-2.85356
1.87608
-8.75229
-1.79258
1.34672
-5.05193
-0.945967
0.900929
-2.21367
-0.386567
-3.38284
-22.7851
-6.27547
-3.36541
-17.9981
-5.13635
-3.24747
-13.2742
-4.00396
-2.91569
-8.88371
-2.96406
-2.37004
-4.99831
-1.89149
-1.71293
-2.19694
-1.06028
5.13389
-35.9887
-7.62538
3.38528
-19.1854
-3.98024
3.24526
-14.3802
-2.91725
2.36986
-7.91233
-1.55903
2.28113
-5.93112
-1.12427
1.58648
-2.68474
-0.58764
-2.09677
-23.9815
-6.27095
-2.09553
-19.1522
-5.11189
-2.05699
-14.3174
-3.94131
-1.74968
-9.83152
-2.78216
-1.5126
-5.77363
-1.72487
-1.18798
-2.54848
-0.826403
11.0474
-84.0276
-18.0873
13.4788
-81.089
-17.0426
9.78731
-44.6281
-9.13256
5.23973
-18.7115
-3.47546
6.10937
-15.5593
-2.72543
3.60085
-4.64781
-0.897842
-10.8733
-83.9463
-22.7959
-10.6607
-64.7244
-18.1546
-7.96845
-37.6459
-11.1519
-9.90105
-34.0774
-10.7268
-6.58439
-15.3033
-5.22477
-3.7063
-5.66205
-2.38673
3.9433
-129.496
-30.6722
3.66788
-100.465
-23.8592
3.66954
-80.0529
-19.2422
3.00573
-46.365
-11.3852
1.56513
-24.3501
-6.14149
0.307374
-5.60142
-1.87362
-3.74685
-122.381
-30.6943
-3.12844
-78.0021
-19.9626
-3.50748
-65.8023
-17.192
-3.15863
-45.0571
-12.6458
-2.72741
-20.4247
-6.20257
-1.95757
-6.33324
-2.30159
-1.06202
-2.08629
-0.619095
0.411882
-0.962685
-0.420969
0.109505
-103.061
-24.9323
-2.95611
-2.73815
-0.845128
0.0305456
0.263344
0.13308
1.58961
-1.3918
-0.463005
9.7048
-81.8896
-17.7773
10.9519
-74.4296
-15.8567
10.4863
-55.3841
-11.4941
12.972
-49.9752
-9.90975
7.13048
-22.1781
-3.96779
5.03497
-9.89855
-1.75555
-12.27
-105.225
-28.2247
-13.4827
-92.9035
-25.58
-10.3843
-55.3056
-15.8627
-9.04419
-37.3604
-11.3143
-7.5342
-21.7258
-7.11723
-5.41757
-9.83139
-3.60462
4.17343
-149.922
-35.47
3.18574
-95.7945
-22.7447
3.46968
-85.9719
-20.5359
2.93321
-50.025
-11.9315
2.18702
-34.7684
-8.48666
0.842504
-15.0997
-4.20946
-3.25671
-119.643
-29.8073
-3.76943
-107.997
-27.2916
-3.69386
-79.4881
-20.5719
-2.75091
-46.2603
-12.5581
-2.95311
-29.5828
-8.59903
-2.41978
-12.6052
-4.09542
3.12103
-3.86299
-1.25516
1.66988
-7.89951
-1.65216
