1.17496
-13.3854
-2.61586
-2.63134
-20.0752
-4.83958
-0.150575
-0.0813422
-0.037181
0.0391134
0.0164595
0.00719938
1.77753
-13.9939
-2.61767
-1.72379
-20.9921
-4.83589
-0.0342192
0.00517625
0.0122013
0.115711
-0.0608888
-0.0383121
2.33628
-21.7245
-4.18652
2.27646
-16.6546
-3.13294
2.63383
-14.5963
-2.63383
1.32418
-5.51625
-0.857178
1.25526
-3.76499
-0.556677
0.700928
-1.27358
-0.134216
-3.50976
-21.7069
-5.39458
-3.45184
-16.6265
-4.31939
-2.40915
-8.85772
-2.47999
-3.45497
-8.8998
-2.83658
-2.15274
-3.73095
-1.38114
-1.31003
-1.3016
-0.77608
3.54502
-22.9285
-4.19893
3.45856
-17.8161
-3.1726
3.61483
-14.2353
-2.4755
2.04839
-6.31002
-1.05587
2.01594
-4.46757
-0.737822
1.33761
-1.48534
-0.471044
-2.30508
-22.9047
-5.38204
-2.28989
-17.7643
-4.27758
-1.56539
-9.61439
-2.37356
-2.22969
-10.1258
-2.61876
-1.5225
-4.30511
-1.17682
-0.636586
-1.2434
-0.338714
-0.862668
-40.1533
-8.76223
0.340622
-0.522406
-0.0564243
2.94806
-27.3809
-5.23561
-0.822884
-0.562954
-0.399373
-5.78783
-54.7577
-12.8982
-0.0116048
0.0923984
-0.0898023
-0.341924
-0.106494
0.0933755
0.323646
-0.0632037
0.0872541
0.631569
-27.9865
-5.8407
0.835773
-0.697708
-0.524641
-0.418037
-0.618635
-0.092323
0.050634
0.0276949
-0.0558776
2.34661
-24.2568
-4.71207
2.3133
-19.1871
-3.65791
2.21051
-14.1576
-2.62009
2.06056
-9.34767
-1.62187
1.49225
-5.41251
-0.838667
1.00621
-2.38214
-0.336427
-3.51089
-24.2456
-5.92784
-3.49357
-19.1653
-4.85596
-3.3729
-14.1493
-3.79087
-3.02877
-9.48293
-2.81808
-2.46171
-5.35137
-1.80174
-1.78102
-2.35798
-1.0269
5.33251
-38.2063
-7.07814
3.51599
-20.3708
-3.68266
3.37055
-15.2732
-2.68735
2.46159
-8.40682
-1.42655
2.36405
-6.29892
-1.0263
1.6417
-2.85209
-0.54783
-2.30183
-25.4595
-5.92323
-2.29961
-20.337
-4.83059
-2.25627
-15.2093
-3.72553
-1.92837
-10.448
-2.62724
-1.66847
-6.13892
-1.62642
-1.30868
-2.71722
-0.781202
11.7259
-89.3235
-16.7603
14.3091
-86.2447
-15.72
10.3912
-47.504
-8.36019
5.56726
-19.9343
-3.13834
6.49945
-16.5993
-2.43151
3.84114
-4.9699
-0.815835
-11.534
-89.2379
-21.5382
-11.311
-68.8415
-17.1646
-8.46203
-40.0671
-10.5688
-10.5259
-36.3231
-10.1336
-7.01243
-16.3285
-4.96224
-3.96675
-6.03867
-2.33818
3.7284
-137.486
-28.7333
3.45288
-106.691
-22.3225
3.43058
-85.0541
-17.9619
2.81165
-49.252
-10.6282
1.35155
-25.8871
-5.72008
0.165672
-5.975
-1.77156
-3.50926
-130.268
-28.7551
-2.94474
-83.1023
-18.678
-3.30171
-70.1956
-16.0362
-2.93273
-48.1956
-11.7766
-2.58554
-21.9147
-5.77845
-1.86139
-6.82074
-2.16623
-0.999553
-2.23636
-0.579833
0.382771
-1.03184
-0.389071
0.1199
-109.519
-23.3751
-3.17331
-2.92134
-0.818473
0.0277911
0.282098
0.127619
1.69709
-1.4878
-0.455984
10.3007
-87.0343
-16.4996
11.6251
-79.1391
-14.664
11.1319
-58.9255
-10.5667
13.7748
-53.2256
-9.01241
7.58014
-23.6418
-3.55312
5.36134
-10.5695
-1.57278
-13.0147
-111.837
-26.66
-14.3024
-98.7844
-24.1763
-11.0211
-58.8432
-15.0066
-9.60875
-39.7877
-10.7066
-8.01615
-23.1666
-6.74255
-5.77921
-10.4949
-3.45023
3.95164
-159.161
-33.2429
3.00427
-101.716
-21.2954
3.25255
-91.3178
-19.1965
2.76757
-53.1601
-11.1086
1.97621
-36.9456
-7.89619
0.62556
-16.0677
-3.94594
-3.04597
-127.312
-27.9359
-3.53703
-115.004
-25.5532
-3.4819
-84.7357
-19.2278
-2.57182
-49.3894
-11.7269
-2.78694
-31.6909
-8.00549
-2.30249
-13.5512
-3.82444
3.22167
-4.12662
-1.19821
1.73756
-8.39877
-1.51897
