1.27918
-14.183
-2.41558
-2.72623
-21.2714
-4.55138
-0.157502
-0.0851968
-0.0397672
0.0432692
0.0167152
0.00906384
1.84297
-14.7995
-2.41749
-1.87691
-22.2007
-4.54751
-0.0379935
0.00474924
0.0143913
0.119472
-0.0628033
-0.0406998
2.54396
-23.0312
-3.85282
2.47952
-17.6704
-2.86595
2.87191
-15.5054
-2.37959
1.44742
-5.87299
-0.751318
1.38142
-4.02097
-0.479071
0.778409
-1.36734
-0.105629
-3.63648
-23.0124
-5.07723
-3.57785
-17.6395
-4.07004
-2.49806
-9.40661
-2.34551
-3.58149
-9.47444
-2.68534
-2.23285
-3.97989
-1.31946
-1.36047
-1.38897
-0.768155
3.67546
-24.2508
-3.86578
3.58549
-18.8466
-2.90773
3.74707
-15.0643
-2.25465
2.12271
-6.67535
-0.960505
2.08437
-4.72676
-0.66923
1.38023
-1.57302
-0.455156
-2.50948
-24.2262
-5.06432
-2.49177
-18.7939
-4.02675
-1.7066
-10.1754
-2.23424
-2.43861
-10.719
-2.4568
-1.66301
-4.56252
-1.10523
-0.700572
-1.32435
-0.323665
-0.801292
-42.5461
-8.17343
0.383407
-0.563324
-0.0452479
3.11746
-28.9843
-4.83531
-0.856563
-0.597161
-0.401524
-6.11666
-57.9642
-12.1294
0.00252139
0.0997626
-0.092231
-0.362678
-0.114961
0.0965669
0.341861
-0.0693297
0.0887895
0.595511
-29.5977
-5.44813
0.86358
-0.738752
-0.529684
-0.463667
-0.665109
-0.0774607
0.0469818
0.0297154
-0.0560258
2.55489
-25.7083
-4.34481
2.51946
-20.3484
-3.35781
2.40855
-15.0289
-2.38571
2.24426
-9.93906
-1.45074
1.63714
-5.77073
-0.731278
1.11102
-2.54955
-0.286348
-3.63747
-25.6964
-5.57675
-3.62028
-20.3247
-4.57278
-3.49693
-15.0185
-3.57566
-3.14056
-10.0781
-2.67056
-2.55229
-5.70209
-1.71101
-1.8483
-2.51798
-0.992987
5.52888
-40.4073
-6.52778
3.64521
-21.5471
-3.38362
3.49441
-16.1591
-2.45653
2.55224
-8.89722
-1.2937
2.4459
-6.66349
-0.928177
1.69617
-3.01785
-0.507991
-2.50617
-26.9266
-5.57205
-2.50294
-21.5127
-4.5465
-2.45477
-16.0941
-3.50763
-2.10632
-11.0594
-2.47083
-1.82365
-6.50108
-1.52705
-1.42878
-2.88447
-0.735559
12.3998
-94.582
-15.4262
15.1339
-91.3632
-14.3917
10.9909
-50.3587
-7.58522
5.89241
-21.1479
-2.80059
6.88658
-17.6311
-2.13758
4.07963
-5.28937
-0.734047
-12.1902
-94.4921
-20.268
-11.9569
-72.929
-16.1649
-8.95225
-42.4704
-9.97984
-11.1464
-38.5516
-9.5347
-7.43739
-17.3458
-4.697
-4.22537
-6.41226
-2.28839
3.51121
-145.417
-26.7797
3.2358
-112.869
-20.7749
3.18965
-90.0151
-16.6733
2.61598
-52.1144
-9.86666
1.13719
-27.4104
-5.29649
0.0239434
-6.34499
-1.66887
-3.26961
-138.103
-26.8012
-2.75945
-88.1686
-17.3844
-3.09428
-74.5594
-14.873
-2.70527
-51.3133
-10.9025
-2.44248
-23.395
-5.35216
-1.76442
-7.30531
-2.0302
-0.936694
-2.3855
-0.540476
0.353525
-1.10024
-0.357078
0.130218
-115.932
-21.8056
-3.38902
-3.10304
-0.791312
0.0250549
0.300752
0.122118
1.80378
-1.58294
-0.448993
10.8926
-92.1428
-15.2147
12.2939
-83.8151
-13.4655
11.773
-62.4411
-9.63579
14.5719
-56.4516
-8.11273
8.02644
-25.0943
-3.13806
5.68522
-11.235
-1.3902
-13.7545
-118.401
-25.0798
-15.1167
-104.623
-22.7587
-11.6537
-62.355
-14.1421
-10.1694
-42.197
-10.093
-8.49465
-24.5962
-6.36417
-6.13827
-11.1532
-3.29397
3.72744
-168.331
-30.9985
2.82095
-107.591
-19.8354
3.03348
-96.6215
-17.848
2.60043
-56.2693
-10.2807
1.76424
-39.1038
-7.30252
0.408291
-17.0268
-3.681
-2.83342
-134.931
-26.05
-3.30262
-121.964
-23.802
-3.26811
-89.9483
-17.8747
-2.39142
-52.4974
-10.8905
-2.61941
-33.7851
-7.40874
-2.18417
-14.4913
-3.55214
3.32087
-4.38775
-1.14118
1.80449
-8.89407
-1.38526
