1.38299
-14.9751
-2.21419
-2.82
-22.4592
-4.26047
-0.164357
-0.0890131
-0.0423311
0.0474021
0.0169629
0.0109216
1.90765
-15.5989
-2.21621
-2.02943
-23.3999
-4.25642
-0.0417476
0.00432229
0.0165744
0.123176
-0.0646834
-0.0430723
2.7508
-24.3288
-3.51751
2.68172
-18.679
-2.5979
3.10891
-16.4079
-2.12461
1.57008
-6.22717
-0.645335
1.50695
-4.27515
-0.401504
0.855506
-1.46049
-0.0771417
-3.76171
-24.3087
-4.75689
-3.70241
-18.6453
-3.81834
-2.58594
-9.95155
-2.20973
-3.70647
-10.0449
-2.5326
-2.31195
-4.22704
-1.25707
-1.4103
-1.47573
-0.759833
3.80437
-25.5626
-3.531
3.71091
-19.8687
-2.6418
3.87772
-15.8861
-2.03313
2.1961
-7.03737
-0.864954
2.15184
-4.98342
-0.600603
1.42221
-1.65973
-0.43921
-2.7131
-25.5371
-4.7436
-2.69282
-19.8151
-3.77358
-1.84719
-10.7316
-2.09364
-2.64658
-11.3067
-2.2934
-1.8028
-4.81752
-1.033
-0.764222
-1.40454
-0.30843
-0.739426
-44.9222
-7.58026
0.425992
-0.603984
-0.0341232
3.28568
-30.5758
-4.43279
-0.889845
-0.631107
-0.403464
-6.44322
-61.147
-11.3533
0.0166359
0.107069
-0.0946281
-0.383262
-0.123376
0.0997285
0.35991
-0.075411
0.0902712
0.559081
-31.1964
-5.05264
0.891003
-0.779297
-0.534578
-0.509059
-0.711162
-0.0625339
0.0433138
0.0317314
-0.0561516
2.76233
-27.1498
-3.97564
2.72477
-21.5016
-3.05637
2.60573
-15.8941
-2.15052
2.4271
-10.5262
-1.27926
1.78134
-6.1264
-0.623841
1.21531
-2.71581
-0.23635
-3.76257
-27.1371
-5.22234
-3.74551
-21.4759
-4.28693
-3.61953
-15.8816
-3.3584
-3.25103
-10.669
-2.52156
-2.64175
-6.05027
-1.61934
-1.91475
-2.67685
-0.958537
5.72295
-42.591
-5.97455
3.77291
-22.7139
-3.08324
3.6168
-17.0375
-2.22488
2.6418
-9.38328
-1.16053
2.52662
-7.02461
-0.829937
1.74984
-3.18192
-0.468137
-2.70972
-28.3821
-5.21755
-2.70546
-22.6789
-4.25975
-2.65243
-16.9715
-3.28772
-2.28348
-11.6654
-2.31299
-1.97808
-6.85991
-1.42681
-1.54822
-3.05014
-0.689487
13.069
-99.801
-14.0856
15.9527
-96.4426
-13.058
11.5861
-53.1908
-6.80797
6.21506
-22.3515
-2.46234
7.27056
-18.6542
-1.84375
4.3162
-5.606
-0.652508
-12.8419
-99.7069
-18.9859
-12.5984
-76.985
-15.1558
-9.43895
-44.8547
-9.38527
-11.7622
-40.7619
-8.93033
-7.85909
-18.3544
-4.42916
-4.48203
-6.78256
-2.23738
3.29184
-153.284
-24.8123
3.01673
-118.995
-19.217
2.94684
-94.9334
-15.377
2.41881
-54.9507
-9.1009
0.922147
-28.9191
-4.87089
-0.117755
-6.71113
-1.56558
-3.02804
-145.884
-24.8334
-2.57267
-93.1989
-16.0822
-2.88528
-78.8917
-13.7028
-2.47635
-54.4083
-10.0237
-2.29828
-24.8648
-4.92388
-1.6667
-7.78665
-1.89355
-0.87347
-2.53362
-0.501039
0.324153
-1.16781
-0.325003
0.140447
-122.298
-20.2244
-3.60314
-3.28311
-0.763649
0.0223389
0.319297
0.116579
1.90962
-1.67713
-0.442031
11.4803
-97.2135
-13.9231
12.9579
-88.4557
-12.2616
12.4094
-65.9293
-8.70159
15.363
-59.6516
-7.21107
8.46919
-26.5347
-2.72276
6.00646
-11.8949
-1.20787
-14.4891
-124.918
-23.4847
-15.9253
-110.418
-21.3278
-12.2819
-65.8394
-13.2694
-10.7258
-44.5869
-9.4737
-8.96952
-26.0139
-5.98223
-6.49458
-11.8058
-3.13589
3.50093
-177.429
-28.7377
2.63587
-113.42
-18.3654
2.81257
-101.881
-16.4909
2.43188
-59.3512
-9.44806
1.55119
-41.2418
-6.70589
0.19078
-17.9763
-3.41474
-2.61916
-142.496
-24.1503
-3.06632
-128.875
-22.0388
-3.05264
-95.1237
-16.513
-2.2098
-55.5829
-10.0492
-2.4506
-35.8643
-6.80901
-2.06489
-15.4248
-3.27862
3.41855
-4.64619
-1.08409
1.87066
-9.38516
-1.2511
