1.58923
-16.5415
-1.80843
-3.00413
-24.8081
-3.67103
-0.177835
-0.0965219
-0.0473862
0.0555911
0.0174342
0.0146133
2.03464
-17.1776
-1.81067
-2.33255
-25.7684
-3.66662
-0.0491881
0.00346945
0.0209159
0.130405
-0.0683346
-0.0477666
3.1617
-26.8946
-2.84259
3.08329
-20.6731
-2.05905
3.57935
-18.1916
-1.61284
1.81345
-6.92716
-0.433148
1.75593
-4.77753
-0.246594
1.0084
-1.6447
-0.0205038
-4.00765
-26.872
-4.10779
-3.94706
-20.6337
-3.30832
-2.75849
-11.0286
-1.93447
-3.9516
-11.1722
-2.22285
-2.46702
-4.71544
-1.13023
-1.50796
-1.64718
-0.741999
4.05749
-28.1525
-2.85715
3.95712
-21.8857
-2.10717
4.1341
-17.5069
-1.58836
2.33996
-7.75073
-0.673441
2.28373
-5.48857
-0.463343
1.50417
-1.83004
-0.407161
-3.11771
-28.1256
-4.09376
-3.09219
-21.8305
-3.26064
-2.12634
-11.8286
-1.80883
-3.05932
-12.4649
-1.96254
-2.07994
-5.31971
-0.886742
-0.890395
-1.56245
-0.277413
-0.614353
-49.621
-6.38182
0.510475
-0.684423
-0.0120415
3.6184
-33.7211
-3.62179
-0.955141
-0.698129
-0.406694
-7.08917
-67.4372
-9.78095
0.0448067
0.121494
-0.0993219
-0.423879
-0.140029
0.105956
0.395465
-0.0874243
0.0930704
0.485166
-34.3539
-4.25359
0.94463
-0.858775
-0.543893
-0.599039
-0.801886
-0.0325072
0.0359357
0.0357471
-0.0563343
3.17446
-30.0001
-3.23218
3.13261
-23.7816
-2.45002
2.99724
-17.6043
-1.67808
2.78995
-11.6864
-0.935499
2.06737
-6.82929
-0.408972
1.4221
-3.04448
-0.13666
-4.00822
-29.986
-4.50422
-3.99146
-23.7521
-3.70771
-3.86033
-17.5875
-2.91815
-3.46784
-11.8367
-2.21934
-2.81713
-6.73831
-1.43331
-2.045
-2.99083
-0.888088
6.10405
-46.9034
-4.86043
4.02363
-25.0171
-2.47898
3.85703
-18.7705
-1.75949
2.8175
-10.3415
-0.893429
2.68456
-7.73576
-0.633255
1.85472
-3.50461
-0.388437
-3.11422
-31.2565
-4.49926
-3.10784
-24.9811
-3.67875
-3.04497
-18.7027
-2.84218
-2.63516
-12.8603
-1.9933
-2.2844
-7.56679
-1.22383
-1.78492
-3.37632
-0.596118
14.3925
-110.113
-11.3874
17.5719
-106.475
-10.3772
12.7626
-58.7821
-5.24785
6.85237
-24.7269
-1.78484
8.02839
-20.6719
-1.25682
4.78308
-6.22994
-0.490273
-14.1311
-110.011
-16.388
-13.867
-84.9965
-13.1114
-10.4012
-49.5621
-8.18031
-12.9788
-45.1232
-7.7061
-8.69199
-20.3437
-3.88604
-4.98896
-7.51242
-2.13173
2.8469
-168.817
-20.8393
2.57296
-131.087
-16.0733
2.45596
-104.633
-12.7632
2.02027
-60.5393
-7.55781
0.490288
-31.889
-4.01423
-0.400829
-7.43095
-1.35733
-2.53965
-161.268
-20.8598
-2.19507
-103.143
-13.4542
-2.46307
-87.4541
-11.3435
-2.01459
-60.5245
-8.25361
-2.00679
-27.7694
-4.0619
-1.46919
-8.73835
-1.61855
-0.746022
-2.8263
-0.421963
0.265075
-1.30031
-0.260644
0.160598
-134.878
-17.0298
-4.02614
-3.63792
-0.706838
0.0169741
0.356037
0.105397
2.11856
-1.86246
-0.428186
12.6428
-107.234
-11.3219
14.271
-97.6235
-9.83998
13.6676
-72.8176
-6.82498
16.9263
-65.9675
-5.40318
9.34325
-29.3762
-1.89205
6.64037
-13.1958
-0.844207
-15.9422
-137.794
-20.2526
-17.5246
-121.866
-18.4287
-13.5241
-72.7204
-11.5013
-11.8256
-49.3041
-8.21877
-9.90757
-28.8107
-5.20822
-7.19831
-13.0926
-2.81448
3.04136
-195.396
-24.1711
2.2607
-124.924
-15.3978
2.36553
-112.256
-13.7534
2.09079
-65.427
-7.77012
1.12211
-45.4526
-5.50457
-0.244634
-19.8446
-2.8786
-2.186
-157.455
-20.3132
-2.58859
-142.539
-18.4793
-2.61708
-105.354
-13.7661
-1.84325
-61.6802
-8.35328
-2.10952
-39.973
-5.60148
-1.82364
-17.27
-2.7283
3.60916
-5.15428
-0.969775
2.0006
-10.3538
-0.981622
