1.7934
-18.0822
-1.39928
-3.1836
-27.1186
-3.07237
-0.190978
-0.103851
-0.0523368
0.0636645
0.0178728
0.018268
2.15841
-18.728
-1.40172
-2.63276
-28.0943
-3.06758
-0.0565263
0.00261935
0.0252178
0.137377
-0.0718319
-0.0523849
3.56846
-29.4179
-2.16287
3.48064
-22.6334
-1.51725
4.04447
-19.9443
-1.09927
2.0539
-7.61482
-0.220893
2.00173
-5.27099
-0.0921315
1.15931
-1.82575
0.0356394
-4.24737
-29.3928
-3.44848
-4.18558
-22.5884
-2.79026
-2.92662
-12.0869
-1.65468
-4.19001
-12.2793
-1.90784
-2.61766
-5.19507
-1.0008
-1.6028
-1.81556
-0.722584
4.30416
-30.6945
-2.17849
4.19695
-23.8639
-1.56957
4.38365
-19.0948
-1.14186
2.47973
-8.44876
-0.481599
2.41136
-5.98195
-0.326209
1.58332
-1.99584
-0.374905
-3.51841
-30.6662
-3.43372
-3.4875
-23.8071
-2.73969
-2.40245
-12.9036
-1.51961
-3.46725
-13.5982
-1.6267
-2.35346
-5.81061
-0.738255
-1.01487
-1.71676
-0.245698
-0.487712
-54.2428
-5.16905
0.593907
-0.763511
0.0098022
3.94584
-36.8123
-2.804
-1.01863
-0.763846
-0.409042
-7.72499
-73.6192
-8.18398
0.0728622
0.135652
-0.103871
-0.463689
-0.156416
0.112043
0.430235
-0.0992159
0.0956461
0.409962
-37.4546
-3.44498
0.99652
-0.935932
-0.552534
-0.687806
-0.890597
-0.00228524
0.0285087
0.039736
-0.0564219
3.58245
-32.8035
-2.48293
3.53627
-26.0235
-1.83981
3.38448
-19.2852
-1.20349
3.14856
-12.826
-0.591055
2.34986
-7.51972
-0.194332
1.62621
-3.36737
-0.0374694
-4.24765
-32.788
-3.77483
-4.23123
-25.9901
-3.11939
-4.09508
-19.2641
-2.4709
-3.67895
-12.9837
-1.91196
-2.98757
-7.41402
-1.24394
-2.17151
-3.29919
-0.815651
6.47547
-51.1372
-3.73761
4.26792
-27.2768
-1.87085
4.091
-20.4694
-1.2919
2.98846
-11.2797
-0.625635
2.83759
-8.43093
-0.436513
1.9561
-3.81943
-0.30881
-3.51485
-34.0784
-3.76969
-3.50622
-27.24
-3.08864
-3.43337
-20.3999
-2.38969
-2.98288
-14.0304
-1.66867
-2.58695
-8.25813
-1.01779
-2.01835
-3.69504
-0.501221
15.6948
-120.245
-8.66989
19.1647
-116.327
-7.68153
13.919
-64.2678
-3.68213
7.47817
-27.0558
-1.10677
8.77154
-22.648
-0.671417
5.24088
-6.84018
-0.329272
-15.4
-120.133
-13.7493
-15.1154
-92.863
-11.0349
-11.3476
-54.1811
-6.95599
-14.174
-49.3981
-6.46285
-9.50969
-22.2921
-3.33368
-5.4866
-8.22655
-2.02131
2.39438
-184.062
-16.8212
2.12233
-142.945
-12.8965
1.9587
-114.137
-10.1245
1.61665
-66.007
-6.00123
0.0566014
-34.7905
-3.15127
-0.683107
-8.13274
-1.14704
-2.04512
-176.398
-16.8409
-1.81279
-112.919
-10.7987
-2.03598
-95.8671
-8.96203
-1.54831
-66.5317
-6.46897
-1.7116
-30.6221
-3.19369
-1.26917
-9.67341
-1.34154
-0.61739
-3.11359
-0.342673
0.205613
-1.42897
-0.196071
0.180277
-147.243
-13.7969
-4.44149
-3.98486
-0.648095
0.0117057
0.392262
0.0940851
2.32345
-2.04327
-0.414412
13.7868
-117.08
-8.70049
15.5629
-106.628
-7.40292
14.9047
-79.5789
-4.93976
18.4624
-72.1614
-3.59126
10.2008
-32.1605
-1.06205
7.26186
-14.4692
-0.482203
-17.3725
-150.447
-16.9698
-19.0986
-133.11
-15.4841
-14.7463
-79.4745
-9.70544
-12.9065
-53.9308
-6.94392
-10.8288
-31.5511
-4.42172
-7.88911
-14.3522
-2.48643
2.57377
-213.035
-19.5512
1.8794
-136.212
-12.3976
1.91214
-122.428
-10.9884
1.74486
-71.3763
-6.07735
0.689613
-49.5695
-4.29395
-0.680023
-21.6682
-2.33819
-1.7474
-172.169
-16.4311
-2.10488
-155.974
-14.8808
-2.17619
-115.408
-10.9918
-1.47291
-67.6697
-6.64187
-1.76436
-44.0082
-4.38462
-1.57918
-19.0825
-2.17418
3.79305
-5.6496
-0.85533
2.12721
-11.303
-0.710918
