1.99523
-19.5949
-0.987413
-3.35824
-29.3871
-2.46565
-0.203759
-0.110984
-0.0571742
0.0716076
0.0182785
0.0218798
2.27882
-20.2477
-0.99005
-2.92967
-30.3743
-2.4605
-0.0637488
0.00177319
0.0294729
0.144077
-0.0751668
-0.0569168
3.97049
-31.8948
-1.4794
3.87319
-24.5568
-0.973271
4.50354
-21.6627
-0.584572
2.29104
-8.28882
-0.00881606
2.24393
-5.75449
0.0617344
1.30796
-2.00321
0.091251
-4.48067
-31.8671
-2.78023
-4.41772
-24.506
-2.26513
-3.09014
-13.1246
-1.37087
-4.42138
-13.3641
-1.5881
-2.76363
-5.66492
-0.868997
-1.69464
-1.98046
-0.701607
4.54413
-33.1848
-1.49609
4.43014
-25.8002
-1.02977
4.62606
-20.6471
-0.69424
2.61522
-9.13021
-0.289656
2.53448
-6.46259
-0.189327
1.65945
-2.15678
-0.342435
-3.91466
-33.1552
-2.76474
-3.87822
-25.742
-2.21169
-2.67512
-13.9547
-1.22649
-3.86974
-14.7044
-1.28644
-2.6229
-6.28926
-0.587771
-1.13744
-1.86717
-0.213329
-0.359776
-58.7806
-3.94413
0.676133
-0.841053
0.0313996
4.26758
-39.8449
-1.98075
-1.08017
-0.82809
-0.410493
-8.34994
-79.6841
-6.56555
0.10076
0.149525
-0.108263
-0.502614
-0.172503
0.117976
0.464148
-0.110762
0.0979953
0.333617
-40.494
-2.62827
1.04655
-1.0106
-0.560441
-0.775199
-0.977112
0.028086
0.0210414
0.0436911
-0.056411
3.98574
-35.5558
-1.7291
3.93516
-28.2238
-1.22667
3.76688
-20.9339
-0.727406
3.50239
-13.9431
-0.246357
2.62832
-8.19625
0.0198499
1.82727
-3.68377
0.0611423
-4.48065
-35.5388
-3.03557
-4.4646
-28.1864
-2.52306
-4.32354
-20.9085
-2.01748
-3.88409
-14.1079
-1.59996
-3.1528
-8.07601
-1.05154
-2.29404
-3.60123
-0.741334
6.83683
-55.2863
-2.60791
4.50553
-29.4898
-1.25979
4.31843
-22.1313
-0.822755
3.15444
-12.1962
-0.357488
2.98546
-9.10882
-0.239924
2.05378
-4.12576
-0.229307
-3.91104
-36.844
-3.03027
-3.90008
-29.4522
-2.49053
-3.8171
-22.0603
-1.93106
-3.32611
-15.1738
-1.33967
-2.88522
-8.93263
-0.809008
-2.24811
-4.00565
-0.404938
16.9743
-130.18
-5.93745
20.729
-125.981
-4.97511
15.0538
-69.6384
-2.11287
8.0915
-29.3338
-0.428905
9.49871
-24.5784
-0.0881004
5.68871
-7.43534
-0.169562
-16.6471
-130.06
-11.075
-16.342
-100.572
-8.93029
-12.2768
-58.7035
-5.71452
-15.346
-53.5788
-5.20265
-10.3108
-24.1956
-2.77293
-5.97404
-8.9234
-1.90627
1.93515
-198.998
-12.765
1.66563
-154.553
-9.69187
1.45591
-123.428
-7.46523
1.20865
-71.3439
-4.43342
-0.378263
-37.6179
-2.28308
-0.964161
-8.81503
-0.934923
-1.54556
-191.249
-12.784
-1.42669
-122.51
-8.11984
-1.60492
-104.116
-6.56202
-1.0784
-72.4179
-4.67231
-1.41326
-33.4167
-2.32033
-1.06694
-10.5896
-1.06279
-0.487746
-3.3947
-0.263216
0.145838
-1.55351
-0.13135
0.199413
-159.373
-10.5316
-4.84841
-4.32312
-0.587503
0.0065381
0.427912
0.0826553
2.52391
-2.21915
-0.400643
14.9109
-126.738
-6.063
16.8321
-115.456
-4.95416
16.1192
-86.2018
-3.04855
19.9692
-78.2221
-1.77759
11.0404
-34.8821
-0.233653
7.86977
-15.7124
-0.122123
-18.7783
-162.858
-13.6427
-20.6454
-144.133
-12.4996
-15.9469
-86.0903
-7.88507
-13.967
-58.4584
-5.65137
-11.7317
-34.2299
-3.62401
-8.56576
-15.5822
-2.15224
2.0991
-230.321
-14.8861
1.49268
-147.266
-9.37005
1.45317
-132.378
-8.20037
1.39471
-77.1888
-4.37228
0.254361
-53.5845
-3.07566
-1.11473
-23.4434
-1.79414
-1.30431
-186.613
-12.5112
-1.61627
-169.159
-11.2494
-1.73094
-125.269
-8.1943
-1.09951
-73.54
-4.91751
-1.41579
-47.9615
-3.16007
-1.3319
-20.8581
-1.6169
3.96981
-6.13103
-0.740761
2.25032
-12.231
-0.439359
