2.09516
-20.3401
-0.780666
-3.44369
-30.5045
-2.15966
-0.210006
-0.114472
-0.0595481
0.075526
0.0184688
0.0236678
2.33773
-20.9954
-0.783401
-3.07675
-31.496
-2.15432
-0.067313
0.00135186
0.0315806
0.147319
-0.0767711
-0.0591473
4.16954
-33.1146
-1.13659
4.06747
-25.5036
-0.7007
4.7306
-22.508
-0.326998
2.40824
-8.62029
0.0970886
2.36354
-5.9922
0.138407
1.38136
-2.09047
0.118851
-4.59484
-33.0856
-2.44317
-4.53133
-25.4499
-2.00023
-3.17011
-13.6351
-1.22764
-4.53431
-13.8974
-1.42664
-2.83478
-5.89588
-0.802274
-1.73938
-2.06148
-0.690541
4.66152
-34.4095
-1.15381
4.54416
-26.7517
-0.75928
4.7445
-21.4092
-0.47018
2.68129
-9.46436
-0.193708
2.59429
-6.69787
-0.12101
1.69635
-2.23534
-0.326112
-4.11093
-34.3791
-2.42732
-4.07167
-26.6929
-1.94536
-2.81004
-14.4708
-1.07864
-4.06874
-15.2467
-1.11483
-2.75595
-6.52372
-0.511856
-1.19795
-1.94083
-0.196914
-0.295411
-61.0159
-3.32782
0.716749
-0.879188
0.0421059
4.42618
-41.3378
-1.56751
-1.11017
-0.859613
-0.410879
-8.65808
-82.6697
-5.74931
0.114638
0.156348
-0.110396
-0.521721
-0.180424
0.120879
0.480763
-0.116436
0.0990846
0.295066
-41.9894
-2.21734
1.07083
-1.04695
-0.564098
-0.818336
-1.0195
0.0433122
0.0172951
0.0456535
-0.0563675
4.18543
-36.9113
-1.35083
4.13263
-29.3071
-0.919281
3.95608
-21.7453
-0.488995
3.67733
-14.4924
-0.0740345
2.76589
-8.52889
0.126709
1.92654
-3.83932
0.110213
-4.59467
-36.8936
-2.66272
-4.57881
-29.2678
-2.22227
-4.43532
-21.7177
-1.78872
-3.98434
-14.6609
-1.44241
-3.23338
-8.40145
-0.954316
-2.35374
-3.74969
-0.703509
7.01362
-57.3272
-2.04104
4.62175
-30.5776
-0.953427
4.4296
-22.9477
-0.587799
3.23549
-12.6458
-0.223376
3.05738
-9.44093
-0.141741
2.10117
-4.27557
-0.189611
-4.1073
-38.2044
-2.65732
-4.09513
-30.5397
-2.18885
-4.00704
-22.8759
-1.69972
-3.49587
-15.7348
-1.17371
-3.03261
-9.26319
-0.703702
-2.3615
-4.15774
-0.356325
17.605
-135.069
-4.56691
21.4998
-130.729
-3.61901
15.6125
-72.2777
-1.32753
8.39319
-30.4526
-0.0902725
9.8559
-25.5254
0.202647
5.90864
-7.72687
-0.0901886
-17.262
-134.945
-9.72607
-16.9467
-104.363
-7.8687
-12.7346
-60.9262
-5.08808
-15.9227
-55.6314
-4.56689
-10.7048
-25.1295
-2.48971
-6.21366
-9.26491
-1.84707
1.70331
-206.342
-10.7249
1.43528
-160.257
-8.08079
1.20271
-127.99
-6.12909
1.00323
-73.9605
-3.646
-0.595929
-39.0023
-1.84736
-1.1041
-9.14847
-0.828242
-1.29424
-198.562
-10.7435
-1.23247
-127.231
-6.7731
-1.38818
-108.174
-5.35622
-0.84237
-75.3122
-3.77026
-1.26307
-34.7904
-1.88205
-0.965097
-11.0399
-0.922838
-0.422597
-3.53271
-0.223434
0.115855
-1.61416
-0.0989501
0.208759
-165.344
-8.88871
-5.04848
-4.48877
-0.556544
0.00399207
0.445503
0.0768989
2.62235
-2.30512
-0.393731
15.465
-131.492
-4.73952
17.4575
-119.799
-3.7265
16.7174
-89.458
-2.10148
20.7109
-81.1992
-0.870737
11.4531
-36.2178
0.179719
8.1683
-16.3219
0.0571434
-19.4715
-168.967
-11.9645
-21.4079
-149.556
-10.9943
-16.5386
-89.343
-6.96678
-14.4891
-60.6826
-4.99918
-12.1759
-35.5446
-3.22136
-8.89843
-16.1853
-1.983
1.85942
-238.824
-12.5392
1.29752
-152.7
-7.8476
1.22186
-137.266
-6.79912
1.21824
-80.0408
-3.51592
0.0359177
-55.5517
-2.46415
-1.33163
-24.3119
-1.52092
-1.0814
-193.728
-10.5391
-1.37047
-175.651
-9.42327
-1.50699
-130.121
-6.78833
-0.911886
-76.4271
-4.05127
-1.24044
-49.905
-2.54541
-1.20733
-21.7309
-1.33726
4.05539
-6.36624
-0.683416
2.31051
-12.6866
-0.303366
