2.1944
-21.0773
-0.573487
-3.52788
-31.61
-1.85213
-0.216152
-0.117906
-0.0618911
0.0794069
0.0186508
0.0254432
2.39576
-21.7347
-0.576319
-3.22283
-32.6051
-1.84659
-0.0708437
0.000931798
0.033674
0.150488
-0.0783325
-0.0613525
4.36718
-34.3212
-0.79323
4.26032
-26.4399
-0.427861
4.95587
-23.3437
-0.0693737
2.52448
-8.94787
0.202871
2.48211
-6.22705
0.214891
1.4541
-2.17669
0.146314
-4.7073
-34.291
-2.10438
-4.64325
-26.3834
-1.73395
-3.24885
-14.1398
-1.0836
-4.64536
-14.4244
-1.26422
-2.90467
-6.12404
-0.735042
-1.7833
-2.14151
-0.679096
4.77714
-35.6198
-0.810973
4.65642
-27.6916
-0.488519
4.86102
-22.1615
-0.246042
2.74622
-9.79396
-0.0978041
2.65289
-6.92966
-0.0527874
1.73243
-2.31259
-0.309725
-4.30587
-35.5888
-2.08817
-4.26375
-27.6322
-1.67766
-2.94394
-14.9804
-0.930014
-4.26613
-15.7817
-0.942343
-2.88782
-6.75483
-0.435537
-1.2579
-2.01342
-0.180354
-0.230828
-63.2275
-2.70932
0.757012
-0.916869
0.0527516
4.58318
-42.8144
-1.1534
-1.13964
-0.890711
-0.411038
-8.96319
-85.6227
-4.92895
0.128461
0.163094
-0.112484
-0.54058
-0.188259
0.123737
0.497141
-0.122041
0.100117
0.25629
-43.4679
-1.80495
1.0946
-1.08264
-0.567546
-0.861075
-1.06128
0.0585567
0.0135415
0.0476044
-0.056298
4.38371
-38.2525
-0.971861
4.32867
-30.3787
-0.611483
4.14384
-22.5476
-0.250437
3.85087
-15.0354
0.0982118
2.90228
-8.85756
0.233385
2.02493
-3.993
0.159122
-4.70698
-38.234
-2.28796
-4.69132
-30.3374
-1.91992
-4.54543
-22.5178
-1.55875
-4.083
-15.2074
-1.28394
-3.31257
-8.72299
-0.856462
-2.41238
-3.89634
-0.66526
7.18775
-59.3447
-1.47311
4.73619
-31.6525
-0.646661
4.53903
-23.7538
-0.352681
3.31521
-13.0896
-0.0892859
3.12793
-9.7683
-0.0436581
2.14757
-4.42305
-0.149952
-4.30223
-39.5491
-2.28248
-4.28883
-31.6143
-1.88562
-4.19559
-23.6814
-1.46717
-3.66431
-16.2885
-1.00688
-3.17875
-9.58912
-0.597848
-2.47383
-4.30761
-0.307426
18.2292
-139.903
-3.19416
22.2626
-135.422
-2.26158
16.1652
-74.885
-0.542006
8.6914
-31.5571
0.248058
10.2086
-26.4596
0.492734
6.12579
-8.01421
-0.0111269
-17.8708
-139.775
-8.37027
-17.5453
-108.111
-6.80163
-13.1875
-63.122
-4.45823
-16.4929
-57.6576
-3.92772
-11.0941
-26.0508
-2.20474
-6.45043
-9.60159
-1.78678
1.47015
-213.601
-8.67792
1.20374
-165.892
-6.46476
0.948454
-132.493
-4.78931
0.79698
-76.5411
-2.85659
-0.813639
-40.3664
-1.41073
-1.24358
-9.47661
-0.721178
-1.04208
-205.797
-8.69616
-1.03761
-131.9
-5.42222
-1.17078
-112.185
-4.14718
-0.605767
-78.172
-2.86613
-1.1123
-36.1475
-1.44287
-0.862808
-11.4847
-0.782532
-0.357256
-3.66891
-0.183619
0.0858172
-1.6737
-0.0665332
0.217947
-171.25
-7.23994
-5.24617
-4.65199
-0.525164
0.00147063
0.462927
0.0711161
2.71954
-2.38973
-0.386784
16.0135
-136.193
-3.41357
18.0766
-124.092
-2.49722
17.3093
-92.6755
-1.15381
21.4444
-84.1391
0.0358194
11.8607
-37.5361
0.592434
8.46304
-16.923
0.23588
-20.1579
-175.008
-10.2779
-22.1629
-154.917
-9.48122
-17.1242
-92.5571
-6.04368
-15.0055
-62.8792
-4.34346
-12.6149
-36.8421
-2.81644
-9.22714
-16.7801
-1.81244
1.61833
-247.229
-10.1842
1.1013
-158.07
-6.32024
0.989474
-142.092
-5.39378
1.04095
-82.855
-2.65741
-0.182949
-57.491
-1.85131
-1.54812
-25.1672
-1.24702
-0.85773
-200.766
-8.5603
-1.12385
-182.072
-7.59128
-1.2823
-134.919
-5.37828
-0.72377
-79.2805
-3.18274
-1.06448
-51.8252
-1.92942
-1.08222
-22.5931
-1.05704
4.13904
-6.59765
-0.626019
2.36976
-13.1364
-0.167284
