5.79762
-49.2226
2.18155
-7.4657
-73.8051
3.0269
-0.454094
-0.248641
-0.129352
0.17723
0.0345917
0.0593646
5.21662
-49.3735
2.17506
-8.3377
-74.0737
3.04457
-0.156949
0.00372444
0.0811971
0.301803
-0.142937
-0.147403
11.5125
-79.833
3.38547
11.1194
-61.0278
2.51857
12.6695
-53.1862
2.42334
6.30386
-20.1947
1.06627
5.98979
-13.8682
0.509278
3.4048
-4.81461
0.112639
-9.97959
-79.7233
3.0299
-9.88587
-60.8158
1.96757
-6.89436
-32.2284
0.582632
-9.69387
-32.3381
0.386355
-5.99717
-13.5817
-0.363433
-3.66506
-4.70374
-1.08102
10.3927
-80.127
3.33448
10.0814
-61.3738
2.34075
10.4484
-48.0439
1.66167
5.79767
-20.6824
0.295589
5.41138
-14.0306
-0.132216
3.52871
-4.31187
-0.885315
-11.1272
-80.0665
3.0635
-10.9118
-61.2975
2.0989
-7.41018
-32.5909
0.95767
-10.4984
-33.2143
1.17407
-6.82556
-13.8325
0.32192
-2.89574
-3.99057
-0.11684
1.23913
-147.647
6.31756
1.75493
-2.01424
-0.0107478
10.9971
-98.6003
4.34593
-2.35309
-1.9196
-0.730789
-20.9258
-197.178
8.09709
0.372564
0.347247
-0.254577
-1.16419
-0.417417
0.284565
1.04787
-0.250127
0.151532
-0.305782
-98.7444
4.2171
2.27157
-1.88461
-1.39053
-1.94094
-2.02742
0.295296
0.00254237
0.133947
-0.115031
11.5758
-89.1869
3.86984
11.3713
-70.433
2.92808
10.7167
-51.7559
2.15986
9.73626
-33.9926
1.57571
7.12355
-19.8392
0.871922
4.80569
-8.85269
0.198729
-9.96563
-89.1182
3.55039
-9.96887
-70.2794
2.48728
-9.68633
-51.6197
1.43615
-8.61042
-34.3888
0.380257
-6.86007
-19.4585
-0.0406855
-4.97003
-8.59552
-0.684713
15.6532
-134.227
5.75801
10.2849
-70.7195
2.82817
9.80911
-52.1347
1.87153
7.09548
-27.9979
0.842408
6.43752
-20.1815
0.187457
4.36605
-8.728
-0.508397
-11.1277
-89.4585
3.55972
-11.0314
-70.6793
2.56888
-10.6535
-52.0417
1.66021
-9.12635
-34.9501
1.05252
-7.6713
-19.9428
0.567369
-5.72685
-8.65861
0.118087
43.6503
-319.952
13.4759
53.0053
-306.267
12.1101
37.937
-166.36
6.45985
19.9653
-68.8756
2.43925
22.734
-56.0657
0.963154
13.4571
-16.2747
-1.02696
-41.7379
-319.561
12.1922
-40.8879
-244.335
8.09976
-30.4511
-140.399
3.02961
-37.2963
-125.044
3.39903
-24.7187
-55.181
0.0298781
-14.1616
-19.8072
-2.51552
-1.94415
-480.498
19.2841
-2.21283
-367.796
13.4446
-2.74538
-287.453
9.56764
-1.9868
-161.039
3.49226
-4.53263
-81.9616
0.767672
-3.72879
-18.0074
-0.961681
4.45659
-478.537
19.2919
2.70746
-304.111
11.3198
2.52717
-255.477
9.12675
3.63563
-175.497
4.76983
0.50659
-80.2185
0.715922
-0.219539
-25.3069
-1.23856
0.0805704
-7.95461
-0.627495
-0.0680644
-2.75234
-0.13575
1.09494
-394.373
16.803
-11.4888
-9.40088
-0.563893
0.074911
1.12592
0.0639511
5.95683
-4.58374
-1.39153
38.4006
-312.712
13.5119
43.1852
-282.358
11.535
40.9035
-207.896
8.12886
49.9695
-184.909
7.07375
26.7506
-80.6814
2.47999
18.6724
-35.2937
-0.332815
-47.0704
-401.742
16.0007
-51.6847
-352.417
12.6219
-39.8082
-207.58
6.09756
-34.2409
-138.393
3.36633
-28.324
-79.0419
1.06763
-20.4315
-35.0124
-1.03919
-1.8285
-559.196
23.1753
-1.86904
-353.139
13.6218
-2.50092
-311.918
10.7942
-1.06234
-177.442
5.9837
-3.76881
-118.934
2.43679
-5.46518
-49.843
-0.789661
4.14097
-468.001
19.4928
4.04188
-421.928
16.3405
2.74716
-309.367
11.0237
2.53634
-179.203
5.06594
1.31111
-115.657
2.35438
-0.089092
-49.9116
-0.451538
8.4679
-12.4043
-2.12225
5.14413
-28.5117
1.00654
