2.39058
-22.527
-0.158157
-3.69232
-33.7839
-1.2331
-0.228134
-0.124602
-0.0664814
0.0870506
0.0189898
0.0289536
2.50906
-23.1866
-0.161181
-3.51176
-34.7834
-1.22718
-0.0778001
9.56705e-05
0.0378145
0.156597
-0.0813241
-0.0656822
4.75788
-36.6933
-0.105338
4.64142
-28.2797
0.118275
5.40071
-24.9846
0.445743
2.75385
-9.59078
0.41398
2.71588
-6.68776
0.367253
1.5975
-2.34582
0.200827
-4.92701
-36.6604
-1.42235
-4.86188
-28.2175
-1.1978
-3.40252
-15.1308
-0.793406
-4.86163
-15.4584
-0.936809
-3.04056
-6.57155
-0.599175
-1.86863
-2.29838
-0.655092
5.00289
-37.9959
-0.124135
4.87549
-29.5354
0.0534815
5.0882
-23.6355
0.202227
2.87253
-10.439
0.0937966
2.76639
-7.38249
0.0833494
1.8021
-2.46304
-0.276737
-4.69141
-37.9636
-1.40541
-4.64349
-29.4749
-1.13868
-3.20847
-15.979
-0.630748
-4.6558
-16.8285
-0.59505
-3.1478
-7.2066
-0.281821
-1.37605
-2.1553
-0.146832
-0.101158
-67.5763
-1.46687
0.836417
-0.990798
0.0738666
4.89219
-45.7161
-0.323224
-1.19694
-0.951567
-0.41068
-9.56386
-91.4258
-3.27766
0.155928
0.176347
-0.116521
-0.577522
-0.203654
0.129311
0.529158
-0.133037
0.102014
0.178151
-46.3717
-0.976542
1.14056
-1.15196
-0.573779
-0.945301
-1.14299
0.0890735
0.00601599
0.0514667
-0.05608
4.77571
-40.8893
-0.212367
4.71618
-32.4847
0.00491164
4.51477
-24.1234
0.226837
4.19343
-16.101
0.442309
3.17129
-9.50243
0.446116
2.21888
-4.29446
0.256441
-4.92639
-40.8693
-1.53357
-4.91112
-32.4394
-1.31122
-4.76047
-24.0893
-1.09562
-4.27538
-16.28
-0.964502
-3.46662
-9.35376
-0.659053
-2.52632
-4.18393
-0.587564
7.52779
-63.3064
-0.334921
4.95961
-33.762
-0.0323233
4.75252
-25.3344
0.117758
3.47055
-13.9584
0.178704
3.26477
-10.4084
0.152151
2.2373
-4.71088
-0.070746
-4.68778
-42.1897
-1.52791
-4.67185
-33.7232
-1.27514
-4.56823
-25.2607
-0.998935
-3.99694
-17.3728
-0.670937
-3.46705
-10.2266
-0.384686
-2.69516
-4.60046
-0.208855
19.4577
-149.4
-0.44399
23.7632
-144.636
0.455565
17.2516
-79.999
1.02873
9.27693
-33.722
0.923536
10.9002
-28.2884
1.07081
6.55138
-8.57577
0.146112
-19.0694
-149.263
-5.64086
-18.7234
-115.467
-4.6532
-14.0784
-67.4293
-3.18955
-17.6131
-61.628
-2.64042
-11.8582
-27.8545
-1.6301
-6.915
-10.2599
-1.66305
1.00038
-227.852
-4.56704
0.737568
-176.946
-3.22049
0.43727
-141.316
-2.10086
0.38238
-81.5908
-1.2729
-1.24884
-43.0316
-0.535203
-1.52098
-10.1165
-0.505998
-0.535805
-220.018
-4.58453
-0.646396
-141.072
-2.71027
-0.734416
-120.061
-1.72119
-0.1313
-83.7835
-1.05285
-0.809242
-38.8093
-0.562314
-0.657048
-12.3569
-0.500971
-0.226076
-3.93556
-0.103898
0.0256135
-1.78942
-0.00166927
0.23583
-182.856
-3.92789
-5.63412
-4.97088
-0.461209
-0.00350182
0.497245
0.0594748
2.91001
-2.55474
-0.372724
17.093
-145.43
-0.756235
19.2947
-132.525
-0.0354714
18.4731
-98.9897
0.742181
22.8857
-89.9028
1.84718
12.6603
-40.118
1.41563
9.04071
-18.0989
0.591752
-21.5091
-186.878
-6.88266
-23.649
-165.446
-6.43505
-18.2766
-98.8647
-4.18489
-16.0205
-67.1859
-3.02268
-13.477
-39.3833
-2.00047
-9.87214
-17.9439
-1.46764
1.13252
-263.735
-5.45406
0.706078
-168.607
-3.25342
0.521927
-151.556
-2.57309
0.684228
-88.3664
-0.935238
-0.621581
-61.283
-0.622431
-1.97953
-26.8369
-0.697398
-0.408655
-214.605
-4.58569
-0.628708
-194.692
-3.91278
-0.83122
-144.344
-2.54815
-0.346417
-84.8808
-1.4401
-0.71107
-55.5921
-0.694231
-0.830514
-24.2839
-0.495177
4.30042
-7.04875
-0.511015
2.48536
-14.0177
0.104991
