2.48745
-23.2388
0.0498325
-3.77253
-34.8513
-0.921935
-0.233964
-0.127862
-0.0687274
0.0908106
0.0191468
0.0306876
2.56431
-23.8988
0.0467144
-3.65449
-35.8518
-0.915815
-0.0812233
-0.000320353
0.0398601
0.159535
-0.0827535
-0.0678044
4.95077
-37.8576
0.238948
4.8295
-29.1823
0.391405
5.62009
-25.789
0.7031
2.86689
-9.90584
0.519264
2.831
-6.91341
0.443117
1.6681
-2.42866
0.227882
-5.03418
-37.8235
-1.07947
-4.96851
-29.1173
-0.928207
-3.4774
-15.6167
-0.647398
-4.96678
-15.965
-0.771977
-3.1065
-6.7907
-0.530605
-1.90999
-2.37516
-0.642545
5.11295
-39.1608
0.219626
4.98223
-30.4386
0.324554
5.19877
-24.3568
0.426241
2.93387
-10.7542
0.18946
2.82124
-7.60337
0.151255
1.83565
-2.53621
-0.260124
-4.88185
-39.1279
-1.06217
-4.831
-30.3776
-0.867679
-3.339
-16.4677
-0.480254
-4.84792
-17.34
-0.420413
-3.27581
-7.42713
-0.204497
-1.4342
-2.22454
-0.129885
-0.0361431
-69.7115
-0.843504
0.87553
-1.02701
0.0843397
5.04406
-47.1402
0.0925137
-1.22474
-0.981295
-0.410164
-9.85919
-94.2737
-2.44761
0.169562
0.182851
-0.118467
-0.59559
-0.211208
0.132022
0.544785
-0.138424
0.102879
0.138832
-47.7961
-0.56091
1.16273
-1.18559
-0.576545
-0.986758
-1.18289
0.104331
0.00224588
0.0533756
-0.0559306
4.96926
-42.1838
0.167873
4.90746
-33.5182
0.313305
4.69777
-24.8963
0.465418
4.36231
-16.6233
0.614081
3.30381
-9.81834
0.552138
2.31437
-4.4421
0.304849
-5.0334
-42.1631
-1.15434
-5.01833
-33.471
-1.00517
-4.86533
-24.8601
-0.862704
-4.36904
-16.8057
-0.803702
-3.54144
-9.66272
-0.559593
-2.58159
-4.32474
-0.548154
7.69358
-65.2492
0.234915
5.06851
-34.7958
0.275046
4.85651
-26.1082
0.352947
3.5461
-14.3833
0.312545
3.33103
-10.7209
0.249851
2.28059
-4.85113
-0.0311935
-4.87823
-43.4847
-1.14859
-4.86101
-34.7568
-0.968207
-4.75216
-26.0341
-0.763482
-4.161
-17.9032
-0.501986
-3.60911
-10.538
-0.277479
-2.80406
-4.74335
-0.159229
20.0615
-154.059
0.932458
24.5005
-149.154
1.81444
17.7849
-82.5038
1.81353
9.56401
-34.7814
1.26056
11.2387
-29.1822
1.35875
6.75966
-8.8498
0.224322
-19.6587
-153.918
-4.26869
-19.3025
-119.074
-3.57296
-14.5159
-69.5392
-2.55134
-18.1626
-63.5705
-1.99291
-12.2327
-28.7362
-1.3407
-7.14262
-10.5813
-1.59967
0.764026
-234.838
-2.50496
0.503186
-182.361
-1.59359
0.180583
-145.634
-0.753208
0.174225
-84.0582
-0.479158
-1.46616
-44.3319
-0.0965651
-1.6588
-10.4282
-0.397928
-0.281971
-226.999
-2.52208
-0.450253
-145.573
-1.35032
-0.515673
-123.922
-0.505169
0.106341
-86.5327
-0.144305
-0.657084
-40.1128
-0.12118
-0.553646
-12.7838
-0.359764
-0.160275
-4.06587
-0.0639925
-0.0045375
-1.84557
0.0307676
0.244514
-188.552
-2.26616
-5.82423
-5.12641
-0.428673
-0.00595512
0.514123
0.0536178
3.00322
-2.63508
-0.365579
17.6235
-149.963
0.574165
19.8932
-136.66
1.19618
19.0447
-102.084
1.68997
23.5929
-92.7243
2.75158
13.052
-41.3807
1.826
9.32341
-18.6733
0.768895
-22.1735
-192.702
-5.17586
-24.3795
-170.609
-4.90354
-18.8429
-101.956
-3.25014
-16.5186
-69.2945
-2.35827
-13.8997
-40.6261
-1.58982
-10.1882
-18.5124
-1.29356
0.888061
-271.829
-3.08107
0.507298
-173.77
-1.71526
0.287002
-156.189
-1.15885
0.504967
-91.0616
-0.0721908
-0.841154
-63.1344
-0.00678024
-2.19429
-27.6509
-0.421818
-0.183498
-221.399
-2.59173
-0.380458
-200.885
-2.06785
-0.605053
-148.966
-1.12919
-0.157357
-87.6254
-0.56661
-0.533779
-57.4371
-0.0754066
-0.704025
-25.1118
-0.213657
4.37808
-7.26831
-0.453376
2.54167
-14.4489
0.24111
