2.77263
-25.3186
0.67415
-4.00472
-37.9699
0.016103
-0.250784
-0.137272
-0.0752629
0.101829
0.0195673
0.0357998
2.72416
-25.9769
0.670753
-4.07493
-38.9695
0.0228092
-0.0912598
-0.00156035
0.0458894
0.167869
-0.0867741
-0.0739874
5.51856
-41.2582
1.27175
5.38286
-31.8167
1.21006
6.26499
-28.1346
1.47358
3.19887
-10.8238
0.833802
3.16878
-7.57046
0.66937
1.87523
-2.66984
0.308267
-5.34442
-41.2202
-0.0455958
-5.27716
-31.7432
-0.115063
-3.69388
-17.0335
-0.206624
-5.26979
-17.4404
-0.273977
-3.29606
-7.42867
-0.322753
-2.02872
-2.59844
-0.602823
5.43137
-42.5575
1.25086
5.29078
-33.0696
1.1371
5.5179
-26.4547
1.09714
3.11037
-11.6696
0.475725
2.97797
-8.24321
0.354294
1.93105
-2.74733
-0.209727
-5.44279
-42.5228
-0.027199
-5.383
-33.0072
-0.0503495
-3.72292
-17.8895
-0.0262509
-5.41245
-18.8251
0.1064
-3.65135
-8.06654
0.0288933
-1.60476
-2.42529
-0.0784065
0.159181
-75.9502
1.03166
0.990354
-1.13244
0.115449
5.48838
-51.2982
1.34043
-1.30464
-1.06751
-0.407293
-10.7236
-102.589
0.0546325
0.210021
0.201858
-0.123991
-0.648101
-0.233259
0.139827
0.590078
-0.154131
0.105149
0.0201534
-51.9522
0.689373
1.22589
-1.28229
-0.583337
-1.10834
-1.2987
0.150014
-0.00908376
0.0589979
-0.0553182
5.53904
-45.9655
1.30891
5.47043
-36.5359
1.23808
5.23597
-27.151
1.18015
4.85855
-18.1453
1.12785
3.6928
-10.7384
0.86866
2.59448
-4.87193
0.449071
-5.3432
-45.9424
-0.0109829
-5.32871
-36.4828
-0.0822375
-5.16877
-27.1085
-0.159993
-4.63948
-18.3378
-0.31796
-3.75671
-10.5624
-0.258783
-2.74032
-4.73452
-0.42792
8.17333
-70.9164
1.9449
5.38346
-37.8089
1.19677
5.15693
-28.361
1.05763
3.764
-15.6181
0.713123
3.52084
-11.6271
0.542006
2.40403
-5.25686
0.0873056
-5.43923
-47.2621
-0.00495679
-5.41805
-37.7691
-0.0426282
-5.29346
-28.2854
-0.0532577
-4.64331
-19.4448
0.00774816
-4.0262
-11.4414
0.0460072
-3.1233
-5.15745
-0.00928922
21.8274
-167.654
5.06159
26.6559
-162.325
5.8875
19.3425
-89.7983
4.16339
10.4012
-37.8632
2.26804
12.224
-31.7778
2.21802
7.36556
-9.64387
0.457558
-21.3834
-167.5
-0.131309
-20.9966
-129.59
-0.314911
-15.7947
-75.6841
-0.625193
-19.7661
-69.2196
-0.0387869
-13.3243
-31.297
-0.465817
-7.80588
-11.5133
-1.40392
0.050747
-255.209
3.69684
-0.203635
-198.134
3.29807
-0.592338
-158.193
3.29734
-0.452454
-91.2213
1.90643
-2.1159
-48.0997
1.22138
-2.0682
-11.329
-0.0720873
0.480628
-247.386
3.68085
0.139111
-158.706
2.73866
0.141566
-135.181
3.14949
0.819551
-94.5406
2.58532
-0.198838
-43.9074
1.20419
-0.241767
-14.0259
0.0652725
0.0377364
-4.44398
0.0559075
-0.0950956
-2.00721
0.12804
0.269494
-205.183
2.73258
-6.37827
-5.57679
-0.329084
-0.0132012
0.563536
0.0359097
3.27429
-2.86724
-0.343475
19.1756
-163.194
4.56648
21.6437
-148.723
4.88954
20.7148
-111.101
4.52946
25.6575
-100.935
5.45737
14.1928
-45.0505
3.05157
10.1458
-20.34
1.29727
-24.118
-209.703
-0.0300228
-26.5171
-185.671
-0.28516
-20.499
-110.963
-0.430324
-17.9732
-75.4313
-0.353017
-15.1324
-44.238
-0.349599
-11.1091
-20.1624
-0.765639
0.150184
-295.44
4.0566
-0.0923829
-188.821
2.91023
-0.420909
-169.677
3.09272
-0.0353981
-98.8951
2.52103
-1.49971
-68.5042
1.84272
-2.83387
-30.0067
0.407189
0.492945
-241.245
3.40583
0.365394
-218.967
3.48019
0.074604
-162.448
3.13645
0.41031
-95.6236
2.05877
-0.000495008
-62.8096
1.78369
-0.322578
-27.5214
0.632452
4.59851
-7.90255
-0.279698
2.70435
-15.7032
0.648964
