5.82093
-49.1022
2.17592
-7.59145
-73.6227
3.02959
-0.437464
-0.238323
-0.125204
0.170894
0.0347716
0.0572765
5.25039
-49.2449
2.16915
-8.4479
-73.8815
3.04898
-0.151782
0.00421193
0.0795531
0.286223
-0.13328
-0.142231
11.5536
-79.3981
3.39469
11.1384
-60.3967
2.55405
12.6335
-52.2125
2.50373
6.23973
-19.6363
1.12381
5.85543
-13.297
0.562693
3.29572
-4.53261
0.137831
-10.1456
-79.2826
3.0527
-10.0324
-60.1776
2.00891
-6.95803
-31.6702
0.620138
-9.68565
-31.3737
0.478833
-5.91095
-13.036
-0.293567
-3.55961
-4.45341
-1.02059
10.4571
-79.6745
3.34084
10.1236
-60.7255
2.3671
10.4436
-47.1517
1.71154
5.73877
-20.1181
0.328898
5.26915
-13.4368
-0.0833056
3.39351
-4.00629
-0.833657
-11.2715
-79.6102
3.09167
-11.0364
-60.6447
2.15379
-7.45409
-32.0135
1.01843
-10.4749
-32.2265
1.30434
-6.74549
-13.2551
0.405439
-2.83232
-3.7722
-0.0789466
1.14955
-147.284
6.31307
1.68955
-1.87281
0.00323311
11.0531
-98.3516
4.33386
-2.27077
-1.80319
-0.689185
-21.2326
-196.679
8.10704
0.368059
0.343774
-0.247313
-1.12462
-0.400202
0.278402
1.00491
-0.23166
0.14569
-0.344077
-98.4869
4.21483
2.17368
-1.70768
-1.33114
-1.88436
-1.88722
0.312993
-0.00246101
0.135492
-0.108451
11.6211
-88.852
3.86806
11.4037
-69.8979
2.94997
10.7149
-51.0442
2.2085
9.69435
-33.1988
1.64413
7.00295
-19.1566
0.936548
4.67487
-8.42079
0.239568
-10.1334
-88.7788
3.56385
-10.1288
-69.7379
2.51918
-9.81054
-50.9085
1.48575
-8.65356
-33.621
0.436599
-6.80666
-18.7884
0.0331395
-4.86392
-8.19506
-0.619564
15.7546
-133.699
5.75288
10.3414
-70.1652
2.84433
9.83239
-51.4043
1.90603
7.06677
-27.3428
0.88198
6.31577
-19.4788
0.236351
4.22311
-8.27908
-0.461425
-11.2743
-89.1049
3.57566
-11.1672
-70.1221
2.61034
-10.7584
-51.3073
1.72841
-9.14205
-34.1563
1.14667
-7.62063
-19.2441
0.662376
-5.62825
-8.2293
0.186826
43.8527
-318.181
13.5103
53.1638
-303.084
12.2691
37.8957
-163.33
6.66396
19.7748
-67.0277
2.59305
22.2116
-53.7419
1.16375
13.0358
-15.2246
-0.921851
-42.332
-317.768
12.2965
-41.3954
-241.763
8.29435
-30.6691
-137.939
3.22962
-37.2341
-121.365
3.84216
-24.4237
-52.9336
0.328127
-13.8306
-18.7505
-2.31473
-2.17936
-477.764
19.3926
-2.46923
-363.874
13.6962
-3.02722
-282.106
9.99205
-2.19244
-156.358
3.89464
-4.7279
-78.4134
1.15016
-3.75067
-16.802
-0.784599
4.07646
-475.899
19.3899
2.37251
-300.905
11.5099
2.17764
-250.846
9.5139
3.3983
-170.286
5.23367
0.356102
-76.8391
1.0712
-0.234424
-23.7568
-1.03989
0.102685
-7.34501
-0.55372
-0.104564
-2.43957
-0.0925476
0.901002
-393.377
16.7891
-11.1622
-8.77902
-0.459707
0.0763401
1.12557
0.0589245
5.74102
-4.19866
-1.32396
38.5906
-311.513
13.505
43.3586
-280.183
11.6143
40.9493
-205.02
8.30175
49.7997
-180.59
7.39984
26.289
-77.9325
2.7157
18.1561
-33.5308
-0.174316
-47.7566
-400.18
16.0678
-52.38
-349.674
12.8099
-40.2278
-204.708
6.33273
-34.3278
-135.26
3.69745
-28.1383
-76.3162
1.40105
-20.0741
-33.3401
-0.786194
-2.06255
-556.991
23.2192
-2.07938
-350.337
13.7678
-2.76714
-307.482
11.1101
-1.22057
-173.298
6.36707
-4.00944
-114.68
2.85834
-5.57754
-47.2048
-0.467885
3.81759
-466.227
19.5242
3.65152
-418.68
16.5067
2.35652
-305.049
11.3256
2.29559
-175.084
5.39213
1.09708
-111.531
2.75278
-0.167619
-47.4201
-0.165619
8.1376
-11.4093
-1.97859
5.12477
-27.909
1.04983
