3.31435
-29.1998
1.91731
-4.42813
-43.7898
1.89691
-0.28125
-0.154333
-0.087391
0.122601
0.020183
0.0455856
3.01539
-29.8463
1.91338
-4.87464
-44.7748
1.90478
-0.110203
-0.00400773
0.0574048
0.18232
-0.0936199
-0.0854377
6.59691
-47.5989
3.32666
6.43289
-36.722
2.83698
7.48674
-32.4929
3.00168
3.82676
-12.5276
1.45527
3.80672
-8.78811
1.11544
2.26649
-3.11665
0.465853
-5.91017
-47.5533
2.02858
-5.83984
-36.6321
1.51773
-4.08733
-19.6666
0.680394
-5.8165
-20.1763
0.729945
-3.63605
-8.61026
0.0993125
-2.24097
-3.01086
-0.514881
6.01126
-48.8735
3.30274
5.85156
-37.9515
2.7522
6.09572
-30.3358
2.42909
3.42766
-13.3572
1.04383
3.25499
-9.41693
0.757237
2.09728
-3.13174
-0.105807
-6.50958
-48.8353
2.04913
-6.43187
-37.8868
1.59052
-4.45123
-20.5211
0.885917
-6.48144
-21.5621
1.16472
-4.36019
-9.24186
0.498407
-1.92663
-2.79465
0.0265264
0.547852
-87.5928
4.77853
1.2077
-1.32782
0.176516
6.31994
-59.0492
3.82538
-1.44796
-1.22562
-0.395896
-12.3431
-118.09
5.07172
0.288588
0.23751
-0.133502
-0.745025
-0.274395
0.153774
0.673152
-0.183434
0.108318
-0.218327
-59.6909
3.18763
1.33643
-1.45722
-0.589384
-1.33792
-1.51255
0.240246
-0.0317504
0.069645
-0.0533402
6.62133
-53.0202
3.58015
6.53928
-42.159
3.07709
6.25647
-31.3454
2.59936
5.79774
-20.9706
2.14523
4.42784
-12.4445
1.49357
3.12337
-5.66829
0.733114
-5.90814
-52.9926
2.2821
-5.89471
-42.0945
1.7701
-5.72147
-31.2907
1.25206
-5.12959
-21.1819
0.660933
-4.14371
-12.2298
0.34907
-3.02449
-5.49292
-0.180442
9.04735
-81.4623
5.34871
5.95661
-43.4061
3.02989
5.70222
-32.5355
2.45755
4.15779
-17.8985
1.50774
3.85851
-13.2933
1.12129
2.62084
-5.9991
0.324002
-6.50628
-54.2915
2.28868
-6.47701
-43.3653
1.81488
-6.32118
-32.4576
1.3732
-5.55742
-22.2931
1.0321
-4.81478
-13.1041
0.696327
-3.72488
-5.9181
0.292971
25.1314
-192.969
13.2772
30.685
-186.807
13.9825
22.2476
-103.323
8.826
11.9578
-43.5641
4.26205
14.0479
-36.5627
3.91532
8.48657
-11.1013
0.919846
-24.6142
-192.791
8.16902
-24.1676
-149.135
6.22645
-18.1838
-87.0799
3.24886
-22.7522
-79.6632
3.89072
-15.3521
-36.0191
1.30042
-9.03784
-13.2253
-0.990876
-1.3822
-293.088
16.0877
-1.62188
-227.401
13.0699
-2.13917
-181.429
11.3862
-1.70638
-104.42
6.67266
-3.39705
-55.0151
3.85496
-2.86469
-12.976
0.584589
1.99851
-285.399
16.074
1.31338
-183.157
10.9069
1.45182
-156.1
10.4463
2.23742
-109.392
8.03492
0.720217
-50.9356
3.85255
0.386406
-16.3218
0.919418
0.434774
-5.13828
0.296519
-0.275975
-2.30061
0.321984
0.314501
-236.186
12.7209
-7.40797
-6.40161
-0.123248
-0.027354
0.65615
-6.4158e-05
3.7755
-3.29097
-0.294676
22.08
-187.846
12.5133
24.9175
-171.167
12.2344
23.8331
-127.842
10.1686
29.5042
-116.137
10.8195
16.3079
-51.8261
5.474
11.6668
-23.4073
2.34156
-27.7611
-241.379
10.2903
-30.5199
-213.695
8.98349
-23.5966
-127.686
5.23454
-20.6856
-86.796
3.67997
-17.4252
-50.9074
2.14889
-12.8188
-23.2002
0.307263
-1.3327
-339.377
18.3182
-1.29627
-216.778
12.1511
-1.83933
-194.67
11.5849
-1.11986
-113.364
7.6971
-2.80667
-78.3794
5.53553
-4.08453
-34.3217
2.06902
1.83914
-278.267
15.3893
1.85042
-252.658
14.5641
1.42958
-187.527
11.6563
1.54029
-110.469
7.30309
1.06566
-72.7664
5.49621
0.445089
-31.9816
2.32547
4.98094
-9.06003
0.0727759
2.99976
-18.0231
1.45929
