3.48504
-30.4023
2.32781
-4.55604
-45.5929
2.52014
-0.290426
-0.159475
-0.0911479
0.129127
0.0203219
0.0487085
3.10332
-31.0435
2.3237
-5.12689
-46.5709
2.52838
-0.116161
-0.00481559
0.0610644
0.186471
-0.0955578
-0.0889579
6.93666
-49.5622
4.00509
6.76354
-38.2393
3.37387
7.87112
-33.839
3.50534
4.02411
-13.0534
1.65959
4.00718
-9.16362
1.26207
2.38957
-3.25445
0.517534
-6.08109
-49.5142
2.71629
-6.00977
-38.1442
2.05961
-4.20586
-20.4799
0.975406
-5.9801
-21.0201
1.0643
-3.73726
-8.97443
0.240765
-2.30399
-3.13761
-0.483383
6.18628
-50.8258
3.98019
6.02049
-39.4582
3.28534
6.26917
-31.531
2.86861
3.52229
-13.8755
1.2315
3.33621
-9.77616
0.890578
2.14523
-3.24885
-0.0700675
-6.84605
-50.7864
2.73753
-6.76248
-39.3929
2.13496
-4.6806
-21.3319
1.18882
-6.81779
-22.4027
1.51605
-4.58273
-9.60223
0.654474
-2.02776
-2.90816
0.0617722
0.675809
-91.2
6.01793
1.27623
-1.38811
0.196604
6.57812
-61.4491
4.64592
-1.49068
-1.27386
-0.390552
-12.8464
-122.889
6.73418
0.313971
0.248671
-0.13618
-0.774807
-0.287169
0.157875
0.698533
-0.192569
0.109003
-0.297455
-62.0852
4.014
1.36845
-1.51029
-0.58896
-1.41014
-1.5786
0.269743
-0.03928
0.0729749
-0.0524577
6.96235
-55.2054
4.33007
6.87597
-43.8993
3.68414
6.57769
-32.642
3.06752
6.09299
-21.8427
2.48028
4.65882
-12.9707
1.69905
3.2896
-5.91387
0.826516
-6.07881
-55.1763
3.04214
-6.0657
-43.8311
2.38453
-5.88828
-32.5834
1.72102
-5.27686
-22.0598
0.986892
-4.25915
-12.7439
0.551944
-3.10896
-5.72651
-0.0965795
9.31124
-84.7238
6.47261
6.12947
-45.135
3.63507
5.86629
-33.8226
2.9196
4.27582
-18.5999
1.76992
3.95819
-13.804
1.31263
2.68399
-6.22585
0.402926
-6.84285
-56.4654
3.0489
-6.81092
-45.0939
2.43095
-6.64497
-33.7442
1.84671
-5.84517
-23.1695
1.37229
-5.06263
-13.6143
0.912371
-3.91354
-6.15134
0.393596
26.157
-200.8
15.9896
31.9347
-194.371
16.6542
23.1473
-107.494
10.3637
12.4387
-45.3195
4.91888
14.6098
-38.0325
4.47446
8.83186
-11.5476
1.07335
-25.6181
-200.614
10.921
-25.1522
-155.174
8.39711
-18.9246
-90.5951
4.53665
-23.6762
-82.878
5.19648
-15.9786
-37.47
1.88941
-9.41871
-13.7497
-0.848187
-1.85759
-304.796
20.1873
-2.09203
-236.434
16.3038
-2.65109
-188.585
14.0634
-2.12138
-108.473
8.25169
-3.81587
-57.1328
4.72819
-3.1223
-13.4795
0.804094
2.4985
-297.168
20.1743
1.70085
-190.72
13.61
1.88463
-162.561
12.861
2.70437
-113.973
9.8393
1.02561
-53.1018
4.73076
0.596074
-17.0281
1.20447
0.566829
-5.35038
0.376918
-0.335949
-2.39007
0.386293
0.328051
-245.784
16.0249
-7.7266
-6.65358
-0.0534716
-0.0320325
0.684951
-0.0121979
3.92977
-3.42026
-0.276566
22.9817
-195.475
15.1373
25.9334
-178.106
14.659
24.7996
-133.01
12.0292
30.6946
-120.821
12.5869
16.9601
-53.9095
6.2716
12.1351
-24.3484
2.68634
-28.8932
-251.182
13.711
-31.7632
-222.359
12.0577
-24.558
-132.849
7.11549
-21.5256
-90.2981
5.02038
-18.134
-52.9585
2.98055
-13.3469
-24.1325
0.666998
-1.8248
-352.965
23.0361
-1.69543
-225.413
15.2088
-2.30904
-202.376
14.3956
-1.47984
-117.815
9.4098
-3.23616
-81.4073
6.75863
-4.49059
-35.6416
2.62183
2.28244
-289.735
19.3537
2.33986
-263.085
18.2318
1.87705
-195.279
14.476
1.913
-115.051
9.03978
1.4188
-75.8366
6.72608
0.701048
-33.3558
2.88786
5.09068
-9.4134
0.192266
3.08873
-18.7375
1.72677
