3.73051
-32.1126
2.93776
-4.73445
-48.1575
3.44684
-0.303248
-0.166664
-0.0965116
0.138523
0.0204687
0.0532546
3.22596
-32.7454
2.93341
-5.48982
-49.1243
3.45561
-0.124745
-0.00602148
0.0663707
0.192077
-0.098157
-0.0939405
7.42524
-52.3539
5.01338
7.23899
-40.3961
4.17186
8.4238
-35.7516
4.25355
4.30785
-13.8006
1.96279
4.29557
-9.69717
1.47985
2.56687
-3.45033
0.594305
-6.31946
-52.3024
3.73926
-6.24676
-40.2935
2.86621
-4.37093
-21.6356
1.41517
-6.20711
-22.2187
1.56307
-3.87733
-9.4916
0.452572
-2.39112
-3.3173
-0.434438
6.43035
-53.6002
4.98709
6.2558
-41.5983
4.07794
6.51025
-33.2274
3.52213
3.65333
-14.6103
1.51098
3.44745
-10.2848
1.08955
2.21012
-3.4145
-0.0153274
-7.33015
-53.5593
3.76151
-7.23809
-41.5321
2.94521
-5.01053
-22.4827
1.63983
-7.30161
-23.5944
2.039
-4.90259
-10.113
0.88696
-2.17329
-3.06948
0.114576
0.865357
-96.3304
7.86018
1.37513
-1.47387
0.226531
6.9456
-64.8615
5.86519
-1.54995
-1.34188
-0.381234
-13.5629
-129.714
9.20612
0.351189
0.264711
-0.139709
-0.81702
-0.305409
0.163468
0.734391
-0.205684
0.109717
-0.415164
-65.4891
5.24232
1.4119
-1.58528
-0.585901
-1.51419
-1.67286
0.313209
-0.0505193
0.0777261
-0.0509296
7.45276
-58.3131
5.44449
7.36015
-46.3737
4.58641
7.03956
-34.4847
3.76328
6.51732
-23.0817
2.9779
4.99102
-13.7184
2.00414
3.52886
-6.26285
0.965371
-6.31684
-58.2819
4.17244
-6.30417
-46.3002
3.29878
-6.12084
-34.4205
2.41942
-5.4817
-23.3067
1.47313
-4.41907
-13.4741
0.854972
-3.22578
-6.05816
0.029796
9.67931
-89.3598
8.14283
6.37042
-47.5915
4.53465
6.09465
-35.6501
3.60662
4.43974
-19.595
2.15987
4.0953
-14.5276
1.59764
2.77004
-6.54673
0.521369
-7.32711
-59.5554
4.17946
-7.29132
-47.5499
3.34757
-7.11069
-35.5711
2.55158
-6.2591
-24.4129
1.87882
-5.41903
-14.3375
1.2341
-4.18462
-6.48212
0.5436
27.6166
-211.933
20.0209
33.7129
-205.12
20.6258
24.4265
-113.418
12.6493
13.1219
-47.8108
5.89494
15.407
-40.1168
5.3063
9.32209
-12.18
1.30347
-27.0474
-211.736
15.0146
-26.5538
-163.755
11.6279
-19.9787
-95.587
6.45564
-24.9899
-87.4404
7.14138
-16.8689
-39.5279
2.76866
-9.96074
-14.4922
-0.630866
-2.5647
-321.434
26.2827
-2.79109
-249.264
21.1138
-3.41174
-198.742
18.0467
-2.73815
-114.218
10.6031
-4.4337
-60.1322
6.02964
-3.5001
-14.1933
1.13296
3.23959
-313.904
26.271
2.27607
-201.469
17.6307
2.52782
-171.741
16.4529
3.39668
-120.481
12.5253
1.48124
-56.1788
6.03979
0.909827
-18.0303
1.63133
0.764041
-5.64994
0.497572
-0.425353
-2.51706
0.482246
0.347088
-259.433
20.936
-8.18042
-7.00992
0.0514796
-0.0390684
0.726006
-0.0305027
4.14872
-3.60326
-0.247311
24.265
-206.324
19.0366
27.3791
-187.969
18.263
26.1742
-140.351
14.7949
32.3867
-127.471
15.2135
17.8858
-56.8651
7.45709
12.7996
-25.6826
3.20046
-30.5051
-265.121
18.798
-33.5332
-234.673
16.632
-25.9262
-140.184
9.91621
-22.7202
-95.2698
7.01732
-19.1416
-55.8686
4.22072
-14.0976
-25.4544
1.20567
-2.55693
-372.28
30.05
-2.28892
-237.682
19.7561
-3.00708
-213.317
18.5771
-2.01593
-124.129
11.9576
-3.87157
-85.6976
8.5799
-5.08729
-37.5108
3.44757
2.93928
-306.043
25.2472
3.0657
-277.909
23.6861
2.54186
-206.295
18.6707
2.46628
-121.559
11.6249
1.94451
-80.1977
8.55776
1.08378
-35.3074
3.72727
5.23849
-9.91395
0.373646
3.21274
-19.7514
2.12448
