3.80934
-32.6567
3.13923
-4.79018
-48.9733
3.75291
-0.307269
-0.168919
-0.0982267
0.141547
0.0205014
0.0547319
3.26427
-33.2868
3.13479
-5.60639
-49.9365
3.76185
-0.127511
-0.00642201
0.0680885
0.193781
-0.098944
-0.0955197
7.58214
-53.2419
5.34649
7.39167
-41.0822
4.43555
8.60131
-36.3598
4.50071
4.399
-14.0382
2.06287
4.38831
-9.86695
1.55182
2.62396
-3.5127
0.619692
-6.39391
-53.1893
4.07725
-6.32077
-40.977
3.13286
-4.42245
-22.003
1.56073
-6.27775
-22.6
1.72823
-3.92084
-9.6561
0.522915
-2.41818
-3.37438
-0.417724
6.50659
-54.4826
5.31976
6.32923
-42.2787
4.33991
6.58536
-33.7667
3.73819
3.69404
-14.8437
1.60352
3.48168
-10.4463
1.15556
2.22987
-3.46711
0.00322374
-7.48565
-54.4412
4.09981
-7.39085
-42.2123
3.21301
-5.11652
-22.8485
1.78896
-7.45709
-23.973
2.21184
-5.00535
-10.2753
0.963847
-2.22011
-3.12087
0.132112
0.927784
-97.9626
8.46865
1.40703
-1.5012
0.236454
7.06253
-65.947
6.26791
-1.56842
-1.36339
-0.377804
-13.791
-131.884
10.0226
0.363351
0.269868
-0.140752
-0.830425
-0.311238
0.165178
0.745747
-0.2099
0.109877
-0.454048
-66.5718
5.64801
1.42516
-1.60909
-0.584225
-1.54771
-1.70302
0.327456
-0.054246
0.0792397
-0.0503671
7.61024
-59.3017
5.81262
7.51563
-47.1607
4.88453
7.18788
-35.0708
3.99318
6.65356
-23.4757
3.14228
5.09779
-13.9563
2.10491
3.60584
-6.37393
1.0113
-6.39119
-59.2698
4.54581
-6.37865
-47.0855
3.60093
-6.19346
-35.0047
2.65039
-5.54557
-23.7031
1.63416
-4.46878
-13.7063
0.955418
-3.26205
-6.16363
0.0719725
9.7943
-90.8343
8.69458
6.44566
-48.3726
4.83192
6.16588
-36.2311
3.83373
4.49078
-19.9112
2.28883
4.13766
-14.7574
1.69204
2.79641
-6.64858
0.560856
-7.48266
-60.5382
4.55292
-7.44563
-48.3309
3.65046
-7.26027
-36.1518
2.78461
-6.3921
-24.8081
2.0463
-5.53354
-14.5673
1.34048
-4.27169
-6.58731
0.593232
28.0811
-215.474
21.3528
34.2787
-208.538
21.9383
24.8333
-115.301
13.4047
13.3391
-48.6027
6.21753
15.6604
-40.7792
5.58158
9.47798
-12.381
1.38017
-27.5023
-215.274
16.367
-26.9998
-166.484
12.6959
-20.314
-97.174
7.09058
-25.4078
-88.8908
7.78459
-17.1521
-40.182
3.05995
-10.1334
-14.728
-0.557762
-2.79828
-326.726
28.2966
-3.02194
-253.343
22.7036
-3.66283
-201.97
19.3635
-2.94177
-116.042
11.381
-4.63648
-61.0848
6.46057
-3.62356
-14.4204
1.24232
3.4838
-319.228
28.2852
2.46592
-204.888
18.9595
2.7403
-174.661
17.6403
3.62489
-122.55
13.4138
1.63223
-57.1576
6.47328
1.01406
-18.3489
1.77325
0.829452
-5.74479
0.537772
-0.454963
-2.55757
0.51406
0.353106
-263.775
22.5581
-8.32513
-7.12296
0.086422
-0.0414252
0.73909
-0.0366264
4.21832
-3.6614
-0.236966
24.6734
-209.774
20.3247
27.8391
-191.106
19.4539
26.6115
-142.686
15.709
32.9247
-129.584
16.0816
18.18
-57.8044
7.84901
13.0108
-26.1066
3.37098
-31.0181
-269.555
20.4784
-34.0964
-238.59
18.1436
-26.3615
-142.516
10.8423
-23.1002
-96.8504
7.67789
-19.4621
-56.7936
4.63125
-14.3364
-25.8744
1.38455
-2.79882
-378.423
32.3668
-2.4849
-241.583
21.2586
-3.2375
-216.795
19.9593
-2.19325
-126.136
12.7999
-4.08058
-87.0601
9.18248
-5.28256
-38.1045
3.72149
3.15566
-311.231
27.194
3.30501
-282.624
25.4884
2.76143
-209.798
20.0573
2.64888
-123.628
12.4799
2.11841
-81.585
9.16389
1.21085
-35.9282
4.00557
5.28329
-10.0731
0.434684
3.25148
-20.0736
2.25594
