3.96222
-33.7044
3.5389
-4.89577
-50.5442
4.35989
-0.314928
-0.173217
-0.101547
0.147433
0.0205423
0.0576278
3.33691
-34.3291
3.5343
-5.83253
-51.5003
4.36916
-0.132895
-0.00722095
0.0714444
0.196946
-0.100403
-0.0985526
7.88645
-54.9519
6.00753
7.68785
-42.4031
4.95891
8.94575
-37.5312
4.99117
4.57593
-14.4962
2.26137
4.56851
-10.1942
1.69471
2.73505
-3.63301
0.670147
-6.53499
-54.8971
4.74767
-6.46104
-42.2934
3.662
-4.52004
-22.7107
1.84983
-6.41131
-23.3344
2.05638
-4.00303
-9.97308
0.662977
-2.4693
-3.48425
-0.383782
6.6511
-56.1815
5.97993
6.46834
-43.5888
4.85995
6.72747
-34.8049
4.16721
3.77092
-15.293
1.78752
3.54587
-10.7571
1.28703
2.26656
-3.56847
0.0407732
-7.7873
-56.1391
4.77085
-7.6872
-43.5219
3.74437
-5.32221
-23.553
2.08493
-7.75897
-24.702
2.55475
-5.20485
-10.5879
1.11645
-2.31112
-3.22012
0.16702
1.05133
-101.105
9.67552
1.4692
-1.55395
0.25622
7.28766
-68.0371
7.06684
-1.6034
-1.40465
-0.370495
-14.2301
-136.064
11.6416
0.387285
0.279891
-0.142637
-0.856223
-0.322514
0.168361
0.767561
-0.218099
0.110085
-0.531161
-68.6563
6.45268
1.44984
-1.65501
-0.57988
-1.61294
-1.76147
0.355537
-0.0616615
0.0821546
-0.0491651
7.91568
-61.2051
6.54304
7.81723
-48.6761
5.4762
7.47564
-36.1993
4.44949
6.91787
-24.2347
3.46845
5.30516
-14.4147
2.3049
3.75551
-6.58812
1.10259
-6.53207
-61.172
5.28631
-6.51979
-48.5977
4.20037
-6.33107
-36.1298
3.10886
-5.66646
-24.4667
1.95411
-4.56269
-14.1538
1.15514
-3.33058
-6.36687
0.156247
10.0123
-93.6733
9.78933
6.58824
-49.8766
5.42195
6.30076
-37.3498
4.28466
4.58735
-20.52
2.545
4.21732
-15.1996
1.8798
2.84568
-6.84469
0.639803
-7.7844
-62.4305
5.29358
-7.74498
-49.8347
4.25135
-7.55045
-37.2701
3.24704
-6.65028
-25.569
2.37865
-5.75588
-15.0097
1.55159
-4.44074
-6.79009
0.691768
28.9752
-222.292
23.9958
35.3678
-215.12
24.5436
25.6163
-118.928
14.9043
13.7572
-50.1278
6.85801
16.148
-42.055
6.12881
9.77831
-12.7682
1.53353
-28.378
-222.085
19.0497
-27.8585
-171.738
14.815
-20.9598
-100.23
8.35142
-26.2126
-91.6844
9.06126
-17.6976
-41.442
3.63887
-10.4666
-15.1819
-0.410875
-3.26147
-336.914
32.2919
-3.47962
-261.198
25.8585
-4.16049
-208.187
21.9776
-3.34546
-119.555
12.9263
-5.03671
-62.919
7.31707
-3.8665
-14.8584
1.46036
3.96738
-329.478
32.2814
2.84234
-211.472
21.5967
3.1619
-180.283
19.9969
4.07688
-126.538
15.1782
1.93254
-59.0442
7.33499
1.22175
-18.9628
2.05622
0.959634
-5.927
0.61808
-0.513828
-2.63598
0.577369
0.364677
-272.135
25.7754
-8.60453
-7.34047
0.156072
-0.0461638
0.76432
-0.0488965
4.35239
-3.77347
-0.21535
25.4596
-216.418
22.8804
28.7246
-197.146
21.8174
27.4532
-147.181
17.5235
33.9604
-133.655
17.8049
18.7463
-59.6134
8.62739
13.4174
-26.9234
3.71058
-32.0058
-278.092
23.8111
-35.1808
-246.131
21.1426
-27.1996
-147.006
12.6804
-23.832
-99.8939
8.98928
-20.0793
-58.5752
5.44665
-14.7967
-26.6837
1.74065
-3.27858
-390.251
36.9628
-2.87342
-249.095
24.2402
-3.69418
-223.492
22.7029
-2.54527
-130
14.4716
-4.49377
-89.6833
10.3794
-5.66712
-39.2484
4.26669
3.58401
-321.22
31.0558
3.7791
-291.703
29.0647
3.19702
-216.544
22.8094
3.01089
-127.613
14.1777
2.46381
-84.2582
10.368
1.46393
-37.125
4.5593
5.36618
-10.3801
0.557594
3.32495
-20.6941
2.51696
