5.83794
-48.9491
2.17104
-7.71182
-73.3912
3.02234
-0.421099
-0.228223
-0.121176
0.164875
0.0348917
0.055363
5.27942
-49.091
2.16402
-8.55032
-73.6514
3.04344
-0.146913
0.0045766
0.0780346
0.270909
-0.123954
-0.137016
11.582
-78.9149
3.40794
11.1446
-59.7355
2.5962
12.584
-51.2264
2.59548
6.17104
-19.0816
1.18962
5.72138
-12.7383
0.626951
3.19009
-4.26004
0.169242
-10.3044
-78.7934
3.06481
-10.1712
-59.5099
2.04293
-7.01631
-31.1041
0.655934
-9.67135
-30.419
0.572683
-5.82291
-12.5026
-0.220163
-3.4548
-4.21106
-0.957716
10.512
-79.1883
3.35126
10.1566
-60.0612
2.40035
10.43
-46.2631
1.77263
5.67652
-19.5659
0.372243
5.12681
-12.8646
-0.0223177
3.25922
-3.71627
-0.774862
-11.4052
-79.1202
3.10929
-11.1496
-59.9762
2.20146
-7.49062
-31.4377
1.07699
-10.4437
-31.2614
1.43436
-6.66444
-12.698
0.491312
-2.77091
-3.56394
-0.039788
1.0559
-146.823
6.29984
1.62712
-1.73687
0.0201207
11.098
-98.0449
4.32332
-2.18947
-1.69076
-0.646756
-21.5221
-196.065
8.09046
0.364284
0.340396
-0.239681
-1.08604
-0.383607
0.272005
0.963159
-0.214132
0.140246
-0.381957
-98.1787
4.20671
2.07656
-1.54072
-1.26756
-1.83057
-1.7549
0.331411
-0.00783442
0.136645
-0.101687
11.6538
-88.4602
3.86909
11.4233
-69.3233
2.97714
10.7011
-50.3122
2.26519
9.64283
-32.4044
1.72314
6.87981
-18.4842
1.01275
4.54646
-8.00091
0.289422
-10.2939
-88.3825
3.56533
-10.2812
-69.1572
2.54193
-9.92699
-50.1776
1.53025
-8.69036
-32.8521
0.492698
-6.75002
-18.1295
0.109689
-4.75734
-7.80588
-0.551066
15.8418
-133.109
5.75198
10.3885
-69.5859
2.86588
9.84695
-50.6673
1.94907
7.03264
-26.6969
0.931113
6.19236
-18.797
0.298366
4.08089
-7.84919
-0.404547
-11.4104
-88.709
3.57966
-11.2921
-69.54
2.64277
-10.852
-50.5668
1.79143
-9.14949
-33.373
1.23955
-7.56625
-18.5657
0.758913
-5.53113
-7.81767
0.25784
44.0109
-316.244
13.5609
53.2682
-299.786
12.4617
37.8183
-160.287
6.90575
19.5715
-65.2046
2.77697
21.6886
-51.4856
1.41109
12.6213
-14.2182
-0.790817
-42.8908
-315.811
12.3582
-41.8664
-239.101
8.45989
-30.8607
-135.466
3.42193
-37.1475
-117.747
4.28745
-24.1219
-50.7533
0.639287
-13.5046
-17.7347
-2.10491
-2.41176
-474.828
19.4816
-2.72086
-359.857
13.9465
-3.30125
-276.782
10.4392
-2.39166
-151.782
4.33757
-4.91813
-74.9938
1.57552
-3.77615
-15.6566
-0.589436
3.68005
-472.97
19.4681
2.02576
-297.549
11.6982
1.81915
-246.156
9.91888
3.15413
-165.124
5.74132
0.210436
-73.5377
1.47012
-0.242611
-22.2591
-0.813065
0.129152
-6.75807
-0.46709
-0.143261
-2.14623
-0.0425113
0.7024
-392.148
16.7519
-10.8433
-8.18404
-0.351009
0.0765476
1.12355
0.0539622
5.52997
-3.83221
-1.24684
38.7419
-310.14
13.508
43.4879
-277.878
11.7148
40.9542
-202.091
8.50764
49.5862
-176.3
7.7864
25.8188
-75.2447
3.00087
17.6448
-31.8298
0.0235047
-48.4036
-398.395
16.081
-53.0304
-346.771
12.9523
-40.6114
-201.785
6.54768
-34.3884
-132.146
4.02479
-27.9386
-73.6544
1.74413
-19.7165
-31.7272
-0.520749
-2.29395
-554.522
23.2346
-2.28667
-347.411
13.9047
-3.02702
-303.01
11.4357
-1.37477
-169.211
6.77535
-4.24204
-110.553
3.32357
-5.68949
-44.6788
-0.109621
3.47989
-464.154
19.5316
3.24549
-415.195
16.661
1.95408
-300.612
11.6354
2.0484
-170.961
5.74497
0.884089
-107.474
3.19463
-0.239385
-45.0003
0.158526
7.80917
-10.4648
-1.81153
5.10119
-27.3107
1.09999
