4.0362
-34.2074
3.73695
-4.94557
-51.2985
4.66049
-0.318566
-0.175258
-0.103152
0.150293
0.0205506
0.0590457
3.37119
-34.8296
3.73227
-5.94197
-52.2512
4.66992
-0.135511
-0.00761933
0.0730815
0.198408
-0.101075
-0.100005
8.03371
-55.773
6.33519
7.83119
-43.0376
5.21839
9.11253
-38.094
5.23429
4.66165
-14.7163
2.35972
4.65593
-10.3517
1.76559
2.78902
-3.69093
0.695204
-6.60152
-55.7171
5.07977
-6.5272
-42.9256
3.92422
-4.56605
-23.0507
1.99324
-6.47418
-23.6874
2.21919
-4.04169
-10.1255
0.732618
-2.49336
-3.53704
-0.366579
6.71929
-56.9974
6.30718
6.53394
-44.218
5.11783
6.7944
-35.3036
4.38002
3.80707
-15.5088
1.87893
3.57581
-10.9065
1.35246
2.28351
-3.61726
0.0597639
-7.93327
-56.9545
5.10324
-7.83062
-44.1509
4.00765
-5.42181
-23.8914
2.23162
-7.90524
-25.0523
2.72462
-5.30153
-10.7382
1.19208
-2.35529
-3.26798
0.184367
1.11241
-102.614
10.2734
1.49945
-1.57937
0.266059
7.39572
-69.0407
7.46275
-1.61992
-1.4244
-0.366627
-14.4408
-138.071
12.4435
0.39905
0.284755
-0.143478
-0.868612
-0.327959
0.169832
0.778016
-0.222082
0.110136
-0.569348
-69.6574
6.85129
1.46127
-1.67713
-0.577213
-1.64464
-1.78976
0.369356
-0.0653472
0.0835537
-0.0485266
8.06348
-62.1191
6.90503
7.96319
-49.4039
5.76951
7.61494
-36.7414
4.67573
7.04582
-24.5995
3.63014
5.40569
-14.6351
2.40405
3.82816
-6.69121
1.14792
-6.59851
-62.0853
5.65308
-6.58636
-49.3239
4.49737
-6.39598
-36.6702
3.33614
-5.72344
-24.8336
2.11288
-4.60687
-14.3689
1.2543
-3.36281
-6.4646
0.198293
10.1152
-95.0366
10.3319
6.65549
-50.599
5.71448
6.36434
-37.8871
4.50832
4.63283
-20.8125
2.67212
4.2546
-15.4121
1.97311
2.86858
-6.93895
0.679246
-7.93042
-63.3393
5.66042
-7.88985
-50.5569
4.54904
-7.6909
-37.8073
3.4762
-6.77534
-25.9346
2.54335
-5.86361
-15.2223
1.6562
-4.52267
-6.88769
0.740612
29.4044
-225.566
25.3059
35.8906
-218.281
25.8354
25.9922
-120.67
15.6479
13.9579
-50.8606
7.1757
16.3823
-42.6683
6.4006
9.92268
-12.9545
1.61018
-28.7984
-225.356
20.3786
-28.2706
-174.262
15.8651
-21.2698
-101.698
8.97668
-26.5991
-93.0271
9.69404
-17.9598
-42.0478
3.92618
-10.627
-15.4
-0.337198
-3.49083
-341.807
34.2717
-3.7062
-264.97
27.4223
-4.4068
-211.173
23.2736
-3.54531
-121.242
13.6929
-5.23396
-63.8005
7.74229
-3.98589
-15.0695
1.56895
4.20656
-334.4
34.2615
3.02878
-214.634
22.9039
3.37088
-182.983
21.1652
4.30049
-128.455
16.0534
2.08175
-59.9515
7.76284
1.32512
-19.258
2.19716
1.02435
-6.01435
0.65816
-0.543058
-2.67393
0.608841
0.370241
-276.149
27.3693
-8.73916
-7.44496
0.190724
-0.0485474
0.776452
-0.0550388
4.41683
-3.82742
-0.204075
25.837
-219.609
24.1471
29.1496
-200.046
22.9892
27.8572
-149.34
18.4233
34.4575
-135.611
18.6597
19.0182
-60.4828
9.01362
13.6128
-27.3161
3.87958
-32.4798
-282.191
25.4618
-35.7013
-249.752
22.6284
-27.602
-149.163
13.5915
-24.1833
-101.356
9.63942
-20.3759
-59.4316
5.85109
-15.0181
-27.0728
1.91766
-3.51619
-395.931
39.2399
-3.06574
-252.702
25.7178
-3.9202
-226.709
24.063
-2.71981
-131.857
15.3004
-4.69773
-90.9437
10.9733
-5.85626
-39.7985
4.53775
3.7958
-326.017
32.9691
4.01369
-296.064
30.8371
3.41289
-219.785
24.1737
3.19017
-129.528
15.0198
2.63519
-85.5436
10.9655
1.58985
-37.7007
4.8345
5.40429
-10.528
0.619441
3.35966
-20.9922
2.64641
