4.10848
-34.6963
3.9337
-4.99333
-52.0315
4.95898
-0.322076
-0.177229
-0.104719
0.153096
0.0205509
0.0604431
3.40407
-35.316
3.92894
-6.04889
-52.981
4.96855
-0.138078
-0.00801693
0.0746906
0.19979
-0.101711
-0.101415
8.1776
-56.571
6.66077
7.97127
-43.6544
5.47627
9.27558
-38.6412
5.47587
4.74548
-14.9305
2.45742
4.74152
-10.505
1.83607
2.84192
-3.74737
0.72014
-6.66531
-56.5142
5.40958
-6.59064
-43.5401
4.18472
-4.61018
-23.3812
2.13578
-6.5344
-24.0309
2.38105
-4.07871
-10.2739
0.801946
-2.51641
-3.58838
-0.349241
6.7847
-57.7905
6.63237
6.59685
-44.8298
5.37416
6.85854
-35.7887
4.59161
3.84167
-15.7187
1.9699
3.60433
-11.0518
1.41765
2.29952
-3.6648
0.0788912
-8.0759
-57.7471
5.43333
-7.97077
-44.7624
4.26917
-5.51917
-24.2205
2.37735
-8.04832
-25.393
2.89332
-5.39612
-10.8845
1.2672
-2.39855
-3.31467
0.201629
1.17297
-104.081
10.8672
1.52913
-1.60416
0.275866
7.50069
-70.016
7.85605
-1.63579
-1.44357
-0.362624
-14.6455
-140.022
13.2396
0.410673
0.289519
-0.14425
-0.880657
-0.333273
0.171222
0.788169
-0.225988
0.110152
-0.607263
-70.6303
7.24719
1.47209
-1.69872
-0.574218
-1.67572
-1.81744
0.383015
-0.0690162
0.0849126
-0.0478639
8.20788
-63.0075
7.2647
8.10581
-50.1113
6.061
7.75109
-37.2685
4.90058
7.1709
-24.9542
3.79082
5.50407
-14.8497
2.50259
3.89933
-6.79161
1.19303
-6.66221
-62.9731
6.01728
-6.65019
-50.0297
4.79237
-6.45824
-37.1956
3.56197
-5.77806
-25.1904
2.27074
-4.64918
-14.5783
1.35294
-3.39369
-6.55973
0.240246
10.2139
-96.3618
10.871
6.72001
-51.3011
6.00521
6.42529
-38.4095
4.73066
4.67641
-21.097
2.79854
4.29017
-15.6188
2.06599
2.89032
-7.03069
0.718654
-8.07309
-64.2225
6.02469
-8.03141
-51.2589
4.8447
-7.82815
-38.3296
3.70384
-6.89764
-26.2902
2.70695
-5.96901
-15.4291
1.76011
-4.60284
-6.98276
0.789137
29.8213
-228.749
26.6077
36.3985
-221.354
27.1194
26.3574
-122.364
16.3871
14.1529
-51.5733
7.49153
16.61
-43.2652
6.67107
10.0632
-13.1359
1.68679
-29.2067
-228.535
21.6983
-28.671
-176.715
16.9082
-21.5711
-103.125
9.59809
-26.9749
-94.3333
10.3227
-18.2147
-42.6374
4.21184
-10.7832
-15.6122
-0.263434
-3.71855
-346.563
36.2383
-3.93112
-268.637
28.9761
-4.65128
-214.077
24.5616
-3.7437
-122.884
14.4552
-5.42918
-64.6584
8.16523
-4.10382
-15.2753
1.67719
4.44386
-339.184
36.2286
3.21395
-217.708
24.2027
3.57855
-185.61
22.3261
4.52237
-130.32
16.9234
2.23025
-60.8348
8.18845
1.42813
-19.5454
2.33765
1.08879
-6.09921
0.698171
-0.572137
-2.71105
0.640176
0.375663
-280.05
28.9522
-8.87036
-7.54662
0.225225
-0.0509413
0.788256
-0.0611831
4.47953
-3.88001
-0.192489
26.2036
-222.709
25.4055
29.5626
-202.866
24.1537
28.2497
-151.439
19.3176
34.9406
-137.513
19.5093
19.2825
-61.3287
9.3977
13.8028
-27.6985
4.048
-32.9404
-286.175
27.1009
-36.207
-253.273
24.1041
-27.9928
-151.26
14.4967
-24.5248
-102.778
10.2854
-20.6642
-60.2649
6.25307
-15.2334
-27.4515
2.09385
-3.75212
-401.451
41.5016
-3.25664
-256.209
27.1858
-4.14451
-229.837
25.4146
-2.89326
-133.662
16.1239
-4.89979
-92.1698
11.5637
-6.0432
-40.3342
4.80761
4.00588
-330.678
34.8696
4.24654
-300.302
32.5979
3.62738
-222.936
25.5294
3.36821
-131.391
15.8568
2.80559
-86.7947
11.5597
1.71528
-38.2612
5.10843
5.44018
-10.6722
0.681527
3.39298
-21.2822
2.77509
