4.17902
-35.1707
4.12907
-5.03901
-52.743
5.2552
-0.325457
-0.179128
-0.10625
0.155842
0.0205431
0.0618196
3.43555
-35.7882
4.12424
-6.15324
-53.6895
5.26492
-0.140592
-0.00841368
0.0762712
0.201093
-0.102311
-0.102782
8.31804
-57.3457
6.98414
8.10803
-44.2532
5.73244
9.43482
-39.1728
5.71583
4.8274
-15.1387
2.55444
4.82526
-10.6541
1.90612
2.89374
-3.80232
0.744947
-6.72633
-57.2879
5.73695
-6.65134
-44.1369
4.44336
-4.6524
-23.7023
2.27741
-6.59195
-24.3648
2.54187
-4.11409
-10.4181
0.870926
-2.53846
-3.63828
-0.331779
6.84731
-58.5604
6.95536
6.65703
-45.4238
5.62884
6.91986
-36.2598
4.80187
3.87471
-15.9226
2.06041
3.63141
-11.1931
1.48259
2.31461
-3.7111
0.0981481
-8.21511
-58.5166
5.76097
-8.10757
-45.3563
4.52878
-5.61426
-24.5401
2.52204
-8.18813
-25.7241
3.06076
-5.48858
-11.0268
1.34178
-2.44089
-3.36018
0.218793
1.23301
-105.504
11.4566
1.55824
-1.6283
0.285638
7.60252
-70.9628
8.24661
-1.65101
-1.46214
-0.358493
-14.8441
-141.915
14.0298
0.422152
0.294182
-0.144955
-0.892357
-0.338457
0.17253
0.798018
-0.229816
0.110135
-0.644886
-71.5747
7.64019
1.4823
-1.71976
-0.570898
-1.70617
-1.8445
0.396508
-0.0726668
0.0862305
-0.0471775
8.34882
-63.8697
7.62187
8.24503
-50.798
6.35053
7.88402
-37.7803
5.12394
7.29304
-25.299
3.95042
5.60027
-15.0583
2.60049
3.96899
-6.8893
1.23789
-6.72315
-63.8347
6.37875
-6.71125
-50.715
5.08522
-6.5178
-37.7058
3.78623
-5.83031
-25.537
2.42762
-4.68961
-14.7818
1.45098
-3.4232
-6.65224
0.28208
10.3083
-97.6482
11.4064
6.78174
-51.9829
6.29402
6.4836
-38.9169
4.95161
4.71808
-21.3734
2.92421
4.32403
-15.8196
2.15843
2.91091
-7.11992
0.758014
-8.21234
-65.0799
6.38622
-8.16957
-51.9406
5.13818
-7.96213
-38.8369
3.92985
-7.01712
-26.6357
2.86938
-6.07201
-15.6302
1.86326
-4.68122
-7.07531
0.837314
30.2258
-231.838
27.9007
36.8913
-224.337
28.395
26.7118
-124.01
17.1216
14.3423
-52.266
7.80539
16.8312
-43.8455
6.94012
10.1997
-13.3125
1.76333
-29.6028
-231.621
23.0082
-29.0594
-179.098
17.9439
-21.8634
-104.512
10.2153
-27.3397
-95.6029
10.9468
-18.4624
-43.2106
4.4957
-10.9352
-15.8186
-0.189634
-3.94451
-351.181
38.191
-4.15426
-272.199
30.5192
-4.89378
-216.898
25.8409
-3.94053
-124.478
15.2126
-5.62226
-65.4926
8.5857
-4.22026
-15.4758
1.78503
4.6792
-343.829
38.1817
3.39779
-220.692
25.4926
3.78484
-188.161
23.4791
4.74245
-132.133
17.7878
2.37798
-61.6938
8.61161
1.53072
-19.8249
2.47764
1.15291
-6.18157
0.738095
-0.601052
-2.74738
0.671359
0.380949
-283.837
30.5236
-8.99812
-7.64545
0.259548
-0.0533458
0.799724
-0.0673269
4.54047
-3.93123
-0.180594
26.5592
-225.719
26.6553
29.9632
-205.603
25.3104
28.6306
-153.478
20.2062
35.4093
-139.361
20.3536
19.539
-62.1508
9.77948
13.9874
-28.0703
4.21578
-33.3871
-290.043
28.7277
-36.6974
-256.69
25.569
-28.372
-153.297
15.3955
-24.8562
-104.16
10.9269
-20.9442
-61.0749
6.65237
-15.4427
-27.8198
2.2691
-3.98627
-406.811
43.7471
-3.44603
-259.615
28.6435
-4.367
-232.875
26.757
-3.06553
-135.417
16.9419
-5.09985
-93.3615
12.1504
-6.22784
-40.8554
5.07617
4.21418
-335.203
36.7564
4.47754
-304.416
34.3464
3.84042
-225.995
26.876
3.54494
-133.2
16.6885
2.97495
-88.011
12.1501
1.84018
-38.8064
5.38096
5.47386
-10.8128
0.74383
3.42491
-21.5638
2.90295
