4.24779
-35.6306
4.32297
-5.08257
-53.4325
5.54903
-0.32871
-0.180955
-0.107742
0.15853
0.0205274
0.0631747
3.46559
-36.246
4.31807
-6.25497
-54.3762
5.55889
-0.143055
-0.0088095
0.0778229
0.202317
-0.102875
-0.104105
8.45495
-58.0967
7.30517
8.24138
-44.8339
5.98681
9.59018
-39.6884
5.95406
4.90737
-15.3408
2.65073
4.90712
-10.7989
1.9757
2.94447
-3.85576
0.769615
-6.78452
-58.0379
6.06172
-6.70924
-44.7155
4.70003
-4.69267
-24.0137
2.41804
-6.64681
-24.6889
2.70158
-4.14782
-10.5582
0.93952
-2.55951
-3.68673
-0.314208
6.90706
-59.307
7.27602
6.71445
-46
5.88175
6.97832
-36.717
5.01074
3.90619
-16.1205
2.15041
3.65705
-11.3303
1.54725
2.32877
-3.75616
0.117526
-8.35081
-59.2627
6.08601
-8.24095
-45.9322
4.78638
-5.70701
-24.8503
2.66563
-8.32464
-26.0455
3.22685
-5.57888
-11.1651
1.41578
-2.4823
-3.40451
0.235851
1.2925
-106.883
12.0415
1.58677
-1.65181
0.295372
7.70116
-71.8804
8.63424
-1.66558
-1.48012
-0.354238
-15.0364
-143.75
14.8135
0.433481
0.298743
-0.145591
-0.90371
-0.343508
0.173755
0.807563
-0.233567
0.110085
-0.6822
-72.4901
8.03013
1.49191
-1.74027
-0.567256
-1.73598
-1.87095
0.409828
-0.0762973
0.0875064
-0.0464681
8.48622
-64.7054
7.97642
8.38077
-51.4639
6.638
8.01368
-38.2767
5.34573
7.41219
-25.6335
4.10888
5.69425
-15.2609
2.6977
4.03713
-6.98428
1.2825
-6.78126
-64.6699
6.73732
-6.76949
-51.3794
5.37579
-6.57462
-38.2006
4.00882
-5.88014
-25.8733
2.58343
-4.72815
-14.9795
1.5484
-3.45136
-6.74212
0.323771
10.3985
-98.8953
11.9378
6.84065
-52.644
6.58078
6.53921
-39.4092
5.17106
4.75781
-21.6416
3.04908
4.35617
-16.0146
2.25037
2.93035
-7.20662
0.79731
-8.34808
-65.9112
6.74485
-8.30428
-52.6016
5.42936
-8.09278
-39.329
4.15412
-7.13372
-26.971
3.03053
-6.1726
-15.8255
1.9656
-4.75779
-7.16532
0.885116
30.6176
-234.834
29.1843
37.3686
-227.231
29.6617
27.0551
-125.606
17.851
14.5258
-52.9382
8.11714
17.0457
-44.4092
7.20765
10.3323
-13.4842
1.83978
-29.9864
-234.614
24.3077
-29.4355
-181.408
18.9715
-22.1466
-105.857
10.8281
-27.6935
-96.8355
11.5661
-18.7027
-43.7675
4.77761
-11.0829
-16.019
-0.115847
-4.16859
-355.658
40.1288
-4.3755
-275.653
32.0509
-5.1342
-219.636
27.111
-4.1357
-126.026
15.9649
-5.81312
-66.3029
9.00351
-4.33515
-15.6712
1.8924
4.91249
-348.33
40.1199
3.58023
-223.587
26.773
3.98967
-190.635
24.6237
4.96062
-133.893
18.6463
2.52489
-62.5285
9.03214
1.63286
-20.0965
2.61705
1.21669
-6.26143
0.777913
-0.629789
-2.78291
0.702376
0.386103
-287.507
32.0828
-9.12241
-7.74145
0.293671
-0.0557609
0.810853
-0.0734675
4.59965
-3.9811
-0.168396
26.9036
-228.637
27.8959
30.3512
-208.257
26.4589
28.9995
-155.455
21.0886
35.8635
-141.155
21.1921
19.7879
-62.949
10.1588
14.1665
-28.4317
4.38284
-33.8196
-293.792
30.3414
-37.1724
-260.005
27.0225
-28.7393
-155.273
16.2875
-25.1775
-105.501
11.5637
-21.2158
-61.8615
7.04878
-15.6459
-28.1778
2.44332
-4.21851
-412.006
45.9752
-3.63379
-262.916
30.0903
-4.58755
-235.822
28.0896
-3.23654
-137.119
17.7539
-5.2978
-94.5187
12.7332
-6.41011
-41.3622
5.34327
4.42061
-339.589
38.6286
4.70662
-308.405
36.0819
4.05194
-228.963
28.2127
3.7203
-134.956
17.5143
3.14321
-89.1924
12.7367
1.96449
-39.3364
5.65198
5.50533
-10.9498
0.806323
3.45543
-21.8371
3.02993
