4.37986
-36.5057
4.70608
-5.16325
-54.7447
6.12899
-0.334829
-0.184395
-0.110614
0.163732
0.020472
0.0658195
3.52132
-37.1173
4.70103
-6.45033
-55.6834
6.13911
-0.147822
-0.00959789
0.0808369
0.204531
-0.103898
-0.106619
8.71796
-59.5263
7.93965
8.49763
-45.9401
6.48966
9.889
-40.6716
6.4249
5.06135
-15.7267
2.84095
5.06509
-11.076
2.11338
3.04257
-3.95814
0.818492
-6.89228
-59.4658
6.7029
-6.81652
-45.8177
5.20695
-4.76733
-24.6074
2.69605
-6.74836
-25.3078
3.01732
-4.2103
-10.826
1.0754
-2.59858
-3.77925
-0.278784
7.01788
-60.7285
7.90981
6.82087
-47.0977
6.38188
7.08656
-37.5889
5.42391
3.96439
-16.4981
2.32874
3.70403
-11.5925
1.67561
2.35433
-3.84258
0.156605
-8.61143
-60.6834
6.72766
-8.49716
-47.0295
5.29504
-5.88538
-25.4418
2.94919
-8.58748
-26.6591
3.55463
-5.75287
-11.4294
1.56185
-2.56228
-3.48964
0.269603
1.40974
-109.508
13.1964
1.64206
-1.69691
0.314707
7.88862
-73.6269
9.4001
-1.69277
-1.51433
-0.345377
-15.4017
-147.243
16.3605
0.455672
0.30755
-0.14666
-0.925367
-0.353209
0.175959
0.825736
-0.240836
0.109889
-0.755829
-74.2327
8.80014
1.50933
-1.77973
-0.559026
-1.79366
-1.922
0.435917
-0.0834906
0.0899297
-0.0449832
8.75011
-66.296
8.67702
8.64156
-52.7317
7.20624
8.26293
-39.2227
5.78421
7.64134
-26.2718
4.42209
5.87544
-15.648
2.88991
4.16876
-7.16603
1.37085
-6.88887
-66.2594
7.44511
-6.87735
-52.6445
5.94955
-6.67994
-39.1435
4.44858
-5.97249
-26.5148
2.89156
-4.79948
-15.357
1.74112
-3.50355
-6.91393
0.406629
10.5658
-101.269
12.988
6.94988
-53.9033
7.14771
6.64227
-40.3474
5.60512
4.8314
-22.1534
3.29621
4.41526
-16.3869
2.43261
2.96579
-7.37246
0.875639
-8.60876
-67.4937
7.45276
-8.563
-53.8606
6.00425
-8.3438
-40.267
4.59702
-7.35812
-27.6107
3.34874
-6.36634
-16.1985
2.16762
-4.90538
-7.33772
0.97949
31.3622
-240.536
31.7213
38.2762
-232.743
32.1661
27.7081
-128.651
19.2934
14.8752
-54.2212
8.73378
17.4548
-45.4864
7.73764
10.5856
-13.8131
1.99227
-30.7151
-240.311
26.8732
-30.1504
-185.809
21.001
-22.6853
-108.421
12.0392
-28.3671
-99.189
12.7891
-19.161
-44.8318
5.33497
-11.3654
-16.4021
0.0314956
-4.61072
-364.183
43.9565
-4.81187
-282.233
35.0775
-5.60828
-224.856
29.6212
-4.52068
-128.98
17.4528
-6.1878
-67.8519
9.83032
-4.56009
-16.0462
2.10555
5.37261
-356.901
43.9485
3.94069
-229.1
29.3029
4.39469
-195.353
26.8855
5.39094
-137.254
20.3437
2.816
-64.1241
9.86447
1.83558
-20.616
2.89386
1.34312
-6.41371
0.857149
-0.686671
-2.85163
0.763853
0.396036
-294.493
35.1618
-9.36042
-7.92499
0.361217
-0.0606211
0.832073
-0.085728
4.71268
-4.07681
-0.143115
27.5583
-234.191
30.3474
31.0888
-213.312
28.7294
29.7011
-159.224
22.8336
36.7277
-144.577
22.8504
20.2619
-64.4735
10.9095
14.5082
-29.1229
4.71456
-34.6415
-300.928
33.5269
-38.0748
-266.316
29.8924
-29.4374
-159.038
18.0495
-25.7888
-108.059
12.8215
-21.7333
-63.364
7.83216
-16.0337
-28.8622
2.78829
-4.67684
-421.898
50.3758
-4.0041
-269.206
32.9486
-5.02239
-241.439
30.7233
-3.57445
-140.368
19.3584
-5.68701
-96.7287
13.8857
-6.76719
-42.3322
5.87262
4.82757
-347.936
42.3263
5.1587
-316.001
39.5104
4.47012
-234.618
30.8542
4.06663
-138.305
19.1472
3.47617
-91.4498
13.8968
2.21115
-40.3501
6.18891
5.56171
-11.2129
0.931755
3.5122
-22.3585
3.28105
