4.50445
-37.3201
5.08235
-5.23514
-55.9659
6.69786
-0.34043
-0.187547
-0.113332
0.168693
0.020385
0.0683736
3.57111
-37.9284
5.07716
-6.63455
-56.9003
6.7082
-0.152373
-0.010381
0.0837284
0.206436
-0.104782
-0.108957
8.96609
-60.8575
8.5631
8.73955
-46.9712
6.98392
10.1715
-41.5896
6.88754
5.20718
-16.0878
3.02772
5.21522
-11.3359
2.24882
3.13611
-4.05446
0.866675
-6.9883
-60.7953
7.33199
-6.9122
-46.8451
5.70459
-4.83399
-25.1615
2.96932
-6.83889
-25.8869
3.32768
-4.26609
-11.0771
1.20932
-2.63362
-3.86591
-0.243066
7.11688
-62.0528
8.53262
6.91587
-48.1213
6.87363
7.18306
-38.4032
5.83037
4.0162
-16.8512
2.50456
3.74525
-11.8382
1.80249
2.37623
-3.92407
0.196033
-8.85721
-62.0069
7.35717
-8.73889
-48.0529
5.79422
-6.05394
-25.9942
3.22753
-8.8364
-27.2333
3.87602
-5.91785
-11.6774
1.70512
-2.63837
-3.57002
0.302804
1.52452
-111.951
14.33
1.69493
-1.73943
0.333831
8.06268
-75.2525
10.1523
-1.71735
-1.54617
-0.33608
-15.7407
-150.494
17.8778
0.47721
0.315928
-0.147461
-0.945609
-0.36237
0.177833
0.842676
-0.247788
0.109568
-0.828017
-75.8549
9.55588
1.52436
-1.81709
-0.54957
-1.8487
-1.97057
0.461228
-0.0905815
0.0921778
-0.043415
8.99906
-67.7766
9.36528
8.88768
-53.9128
7.7647
8.49838
-40.1051
6.2152
7.85794
-26.8684
4.72987
6.04736
-16.0108
3.07882
4.29404
-7.33678
1.45792
-6.98475
-67.7391
8.13943
-6.97349
-53.8231
6.51264
-6.77394
-40.0231
4.88046
-6.05493
-27.1141
3.19456
-4.86311
-15.7106
1.93073
-3.55024
-7.07508
0.488638
10.7152
-103.48
14.0197
7.04743
-55.077
7.70499
6.73426
-41.2229
6.03205
4.89707
-22.6319
3.53946
4.46742
-16.7354
2.61239
2.99663
-7.52815
0.95348
-8.85459
-68.9673
8.14717
-8.80705
-55.034
6.56835
-8.58072
-41.1425
5.03171
-7.57043
-28.2087
3.66096
-6.54992
-16.5478
2.36576
-5.04542
-7.49987
1.07206
32.0537
-245.847
34.2143
39.1193
-237.883
34.6282
28.3152
-131.493
20.7116
15.2006
-55.421
9.34028
17.8367
-46.4963
8.26003
10.8227
-14.1224
2.14393
-31.3914
-245.617
29.3902
-30.8139
-189.913
22.993
-23.1861
-110.815
13.229
-28.9948
-101.392
13.9893
-19.5889
-45.8296
5.88279
-11.6305
-16.7614
0.178226
-5.04413
-372.124
47.7147
-5.23941
-288.37
38.0503
-6.07261
-229.733
32.0876
-4.89791
-131.743
18.916
-6.55248
-69.3044
10.644
-4.77826
-16.4003
2.31616
5.82355
-364.881
47.7077
4.29484
-234.239
31.788
4.79303
-199.758
29.1074
5.81263
-140.399
22.0125
3.10311
-65.6208
10.6838
2.03591
-21.1037
3.16748
1.46782
-6.55608
0.935702
-0.74267
-2.91725
0.824479
0.405499
-300.995
38.1837
-9.58418
-8.09722
0.42769
-0.0655159
0.851878
-0.0979402
4.81851
-4.16714
-0.116724
28.1662
-239.362
32.7557
31.7739
-218.022
30.961
30.3531
-162.74
24.5492
37.5314
-147.776
24.4811
20.7039
-65.9007
11.6482
14.8277
-29.7717
5.04248
-35.4041
-307.573
36.6516
-38.9124
-272.197
32.7087
-30.0858
-162.55
19.7795
-26.3578
-110.449
14.0564
-22.2159
-64.7712
8.60162
-16.3965
-29.5045
3.12801
-5.12631
-431.109
54.6956
-4.36689
-275.068
35.7555
-5.4482
-246.681
33.3107
-3.90639
-143.406
20.9346
-6.06665
-98.7981
15.019
-7.11378
-43.2439
6.39457
5.22618
-355.706
45.9562
5.60216
-323.077
42.8775
4.88135
-239.893
33.4494
4.40667
-141.434
20.7524
3.80395
-93.5649
15.0379
2.45483
-41.3017
6.71812
5.60938
-11.4615
1.05753
3.56318
-22.8457
3.52797
