4.56386
-37.7041
5.26771
-5.26773
-56.5417
6.97783
-0.343036
-0.189016
-0.114632
0.171082
0.0203296
0.0696155
3.59374
-38.3109
5.26246
-6.72237
-57.4743
6.98828
-0.154565
-0.0107701
0.0851267
0.207274
-0.105173
-0.110058
9.08444
-61.4856
8.87032
8.85499
-47.4581
7.22754
10.3065
-42.0238
7.11548
5.27697
-16.2589
3.11969
5.28729
-11.4594
2.31561
3.18113
-4.10033
0.89047
-7.03183
-61.4226
7.64167
-6.95562
-47.3303
5.94966
-4.86427
-25.4235
3.10402
-6.87998
-26.1615
3.48065
-4.29146
-11.1962
1.27546
-2.64962
-3.90703
-0.225125
7.16188
-62.6778
8.83956
6.95903
-48.6049
7.11608
7.22685
-38.7885
6.03082
4.03969
-17.0183
2.59142
3.7637
-11.9548
1.86528
2.38582
-3.96296
0.215843
-8.97439
-62.6315
7.66705
-8.85418
-48.5363
6.03999
-6.13444
-26.2556
3.36457
-8.95551
-27.5054
4.03413
-5.99687
-11.7952
1.77562
-2.67493
-3.60841
0.319176
1.58094
-113.103
14.8881
1.72044
-1.75972
0.343298
8.14457
-76.0191
10.5229
-1.72867
-1.56121
-0.331279
-15.9001
-152.027
18.6245
0.487722
0.319951
-0.147761
-0.955195
-0.366745
0.178646
0.850681
-0.251144
0.109362
-0.863533
-76.62
9.928
1.53099
-1.83499
-0.5444
-1.87519
-1.99392
0.473576
-0.0940837
0.093235
-0.0426015
9.11777
-68.475
9.70438
9.00509
-54.4703
8.03994
8.6108
-40.5221
6.42762
7.96143
-27.1509
4.88152
6.12978
-16.1829
3.17191
4.35425
-7.418
1.50091
-7.02822
-68.437
8.48118
-7.01709
-54.3794
6.78989
-6.81663
-40.4387
5.0932
-6.09239
-27.3977
3.34397
-4.89201
-15.8784
2.02425
-3.57151
-7.15163
0.529269
10.7831
-104.523
14.5281
7.09176
-55.6311
7.97969
6.77603
-41.6367
6.24259
4.9269
-22.8584
3.65948
4.49089
-16.9006
2.70123
3.01033
-7.60215
0.99216
-8.97179
-69.6626
8.48896
-8.92343
-55.5881
6.84605
-8.69375
-41.5563
5.24575
-7.67194
-28.4919
3.81464
-6.63781
-16.7135
2.46326
-5.11254
-7.57708
1.1176
32.3791
-248.353
35.4428
39.5162
-240.31
35.8419
28.6012
-132.838
21.4109
15.3542
-55.9893
9.63934
18.0173
-46.9757
8.518
10.9351
-14.2698
2.21933
-31.7094
-248.121
30.6292
-31.126
-191.852
23.9739
-23.4219
-111.948
13.8153
-29.291
-102.436
14.5801
-19.7912
-46.3033
6.15278
-11.7564
-16.932
0.251255
-5.25732
-375.872
49.5657
-5.44961
-291.27
39.5148
-6.30084
-232.04
33.3028
-5.0834
-133.052
19.6374
-6.73086
-69.9942
11.0454
-4.88468
-16.5695
2.42037
6.04539
-368.646
49.5591
4.4694
-236.666
33.0123
4.98952
-201.841
30.202
6.02003
-141.89
22.8351
3.24501
-66.3316
11.088
2.13507
-21.3356
3.3029
1.52944
-6.62354
0.97466
-0.7703
-2.9489
0.85443
0.410063
-304.061
39.6718
-9.69063
-8.17908
0.460477
-0.0679731
0.861241
-0.10402
4.86869
-4.21029
-0.103145
28.4522
-241.802
33.9423
32.0963
-220.246
32.0609
30.6601
-164.401
25.395
37.9103
-149.29
25.2852
20.9127
-66.5775
12.0126
14.9789
-30.0801
5.20478
-35.7627
-310.707
38.1896
-39.3063
-274.974
34.0952
-30.3909
-164.211
20.6316
-26.626
-111.581
14.6646
-22.444
-65.4386
8.98067
-16.5683
-29.8097
3.29568
-5.34747
-435.455
56.8229
-4.54526
-277.836
37.1382
-5.65747
-249.159
34.5855
-4.06992
-144.844
21.7111
-6.25264
-99.7795
15.5777
-7.28294
-43.6777
6.65241
5.42219
-359.371
47.7437
5.82047
-326.417
44.5361
5.08419
-242.386
34.728
4.57418
-142.915
21.5436
3.96573
-94.5685
15.6006
2.57541
-41.7541
6.97948
5.62997
-11.5804
1.12045
3.58648
-23.0763
3.6497
