4.62132
-38.0724
5.4511
-5.29806
-57.0939
7.25469
-0.345512
-0.190412
-0.115892
0.173409
0.0202664
0.0708332
3.61486
-38.6779
5.44579
-6.80729
-58.0249
7.26523
-0.156701
-0.0111573
0.0864928
0.208036
-0.10553
-0.111115
9.19891
-62.0883
9.17436
8.9667
-47.9258
7.46865
10.4373
-42.4412
7.34102
5.34463
-16.4237
3.21064
5.35732
-11.5785
2.38172
3.22496
-4.14467
0.914046
-7.07234
-62.0246
7.94794
-6.99605
-47.7963
6.19209
-4.8925
-25.6753
3.23736
-6.91826
-26.4259
3.63206
-4.31514
-11.3111
1.34101
-2.66461
-3.94667
-0.207143
7.20385
-63.2777
9.14332
6.99926
-49.0694
7.35609
7.26765
-39.159
6.22929
4.06155
-17.1792
2.67752
3.78071
-12.0673
1.92759
2.39449
-4.00059
0.235697
-9.08769
-63.2311
7.9735
-8.96568
-49.0007
6.28307
-6.21238
-26.5068
3.50012
-9.07099
-27.7674
4.19041
-6.07355
-11.9088
1.84531
-2.71047
-3.64558
0.335384
1.63669
-114.208
15.4402
1.74532
-1.77937
0.352692
8.223
-76.7545
10.8895
-1.73933
-1.57565
-0.326381
-16.0526
-153.498
19.363
0.498055
0.323861
-0.147996
-0.96442
-0.370982
0.179377
0.858372
-0.254419
0.109124
-0.898643
-77.354
10.2961
1.53703
-1.85236
-0.538945
-1.901
-2.01663
0.485711
-0.0975544
0.0942471
-0.0417695
9.23259
-69.1449
10.0399
9.11868
-55.0055
8.31234
8.71963
-40.9228
6.63786
8.06164
-27.4227
5.03157
6.20978
-16.3488
3.26403
4.41281
-7.49641
1.54349
-7.06866
-69.1065
8.81914
-7.05767
-54.9134
7.06412
-6.8564
-40.838
5.30369
-6.12732
-27.6705
3.4919
-4.91895
-16.04
2.11685
-3.5914
-7.22546
0.569625
10.8465
-105.524
15.0311
7.13309
-56.1632
8.25158
6.81498
-42.0345
6.45104
4.95471
-23.0764
3.77835
4.5126
-17.0597
2.7893
3.02289
-7.67357
1.03064
-9.0851
-70.3297
8.82696
-9.03596
-56.1201
7.1207
-8.80309
-41.954
5.45745
-7.77029
-28.7643
3.96662
-6.72306
-16.8732
2.55965
-5.1777
-7.65167
1.16263
32.6907
-250.759
36.6585
39.8965
-242.641
37.0433
28.8754
-134.131
22.103
15.5015
-56.5363
9.93537
18.191
-47.438
8.77362
11.0434
-14.4122
2.29437
-32.0137
-250.524
31.8546
-31.4249
-193.713
24.9442
-23.648
-113.036
14.3955
-29.5754
-103.441
15.1643
-19.9858
-46.76
6.41998
-11.8778
-17.0967
0.324005
-5.46807
-379.47
51.3968
-5.65733
-294.054
40.964
-6.52632
-234.258
34.5054
-5.2667
-134.312
20.3516
-6.90647
-70.6594
11.4429
-4.98925
-16.7333
2.52377
6.26472
-372.259
51.3908
4.6422
-238.997
34.2238
5.18413
-203.844
31.2851
6.22503
-143.326
23.6492
3.38573
-67.0172
11.4884
2.23349
-21.5595
3.43729
1.59054
-6.68854
1.01337
-0.797664
-2.97975
0.884116
0.41452
-307.002
41.1436
-9.79342
-8.2581
0.492939
-0.0704346
0.87024
-0.110077
4.91705
-4.25209
-0.08933
28.7261
-244.142
35.1164
32.4051
-222.381
33.1495
30.9543
-165.998
26.2322
38.2735
-150.747
26.081
21.1133
-67.2294
12.3735
15.1245
-30.3777
5.36584
-36.1058
-313.715
39.7106
-39.6833
-277.639
35.4666
-30.6831
-165.806
21.4745
-26.8833
-112.669
15.2663
-22.663
-66.0818
9.3557
-16.7337
-30.1042
3.46178
-5.56614
-439.625
58.9273
-4.72151
-280.493
38.5062
-5.86419
-251.541
35.847
-4.23172
-146.227
22.4793
-6.43597
-100.725
16.1307
-7.44924
-44.0966
6.90797
5.61591
-362.887
49.512
6.03641
-329.624
46.1771
5.28509
-244.781
35.9933
4.73992
-144.34
22.3268
4.12602
-95.5359
16.1576
2.69509
-42.1908
7.23847
5.6484
-11.6957
1.18331
3.60829
-23.298
3.7702
