-2.11743e-09
-0.000980004
-2.90837e-09
-8.48939e-09
-0.000980004
6.70311e-10
-4.40329e-05
-9.79088e-05
-1.10062e-05
2.6908e-05
-6.5604e-05
1.58696e-05
3.35666e-09
-0.00098
-3.00831e-09
3.25004e-09
-0.000979998
-3.22296e-09
-2.7054e-05
-6.03234e-05
1.37235e-05
3.88945e-05
-9.89418e-05
-1.24367e-05
-7.73679e-10
-0.000980005
-1.37302e-09
1.17054e-08
-0.000980022
-6.4095e-09
2.2107e-07
-0.000980214
-7.93453e-08
2.4714e-06
-0.000979079
-5.35432e-08
1.18557e-05
-0.000975507
9.73354e-07
6.18835e-05
-0.000945288
-5.39901e-06
-1.6319e-08
-0.000980006
5.8576e-09
-6.76128e-08
-0.000980038
3.06039e-08
-4.31946e-07
-0.00097997
2.72282e-07
-1.88164e-06
-0.000981442
7.70771e-07
-7.76276e-06
-0.000981944
2.75397e-06
-4.02378e-05
-0.000939232
4.47587e-06
5.15501e-09
-0.00098
-7.72654e-10
2.36597e-08
-0.000980004
5.96574e-10
1.37507e-07
-0.000980177
3.81462e-08
1.1199e-06
-0.000979612
7.89502e-07
4.71772e-06
-0.000979074
2.12628e-06
1.34931e-05
-0.000956154
3.1867e-06
3.62553e-09
-0.000979999
-5.09489e-09
9.37938e-11
-0.000980007
-1.89352e-08
-3.60431e-07
-0.000979946
-1.00927e-07
-1.81094e-06
-0.000980411
-4.93314e-07
-8.4734e-06
-0.00098148
-1.15385e-06
-6.24566e-05
-0.000931813
-2.64332e-06
-7.36956e-09
-0.000980005
-1.18784e-09
9.85099e-05
-0.000794831
-2.88001e-05
1.6665e-09
-0.000980002
-2.75438e-09
-6.21484e-05
-0.000755973
-2.31338e-05
-6.54187e-09
-0.000980002
-1.22726e-09
9.00913e-06
-0.00013555
-8.76533e-06
-5.54228e-05
-0.000164527
7.21486e-06
5.30938e-05
-0.000164088
5.98645e-07
1.51094e-09
-0.00098
-2.88307e-09
1.37143e-05
-0.000733619
-1.34265e-05
-0.000106624
-0.000778698
-2.71377e-05
-4.02049e-06
-0.000111951
2.61184e-06
-1.83417e-09
-0.000980003
-1.36199e-09
3.25739e-09
-0.000980009
-3.50042e-09
5.66516e-08
-0.000980042
-1.54323e-08
2.81656e-07
-0.000980649
-2.19548e-08
5.42781e-06
-0.000978456
5.22061e-07
2.63815e-05
-0.000967153
1.44583e-06
-1.00728e-08
-0.000980004
2.81015e-09
-3.17104e-08
-0.00098001
1.2911e-08
-1.47556e-07
-0.000980063
7.73444e-08
-8.54291e-07
-0.000980092
4.95152e-07
-3.85588e-06
-0.000981813
1.54627e-06
-1.74697e-05
-0.000975359
5.23726e-06
3.39058e-09
-0.000979999
-9.16479e-10
9.99778e-09
-0.000980002
-5.61223e-10
5.26661e-08
-0.000980029
1.61008e-08
3.32289e-07
-0.000980329
1.0557e-07
2.55161e-06
-0.000979884
9.75654e-07
8.60143e-06
-0.00097526
4.01508e-06
2.75621e-09
-0.000979999
-2.60439e-09
6.96681e-10
-0.000979997
-1.14349e-08
-2.02032e-08
-0.000980054
-3.44427e-08
-8.01225e-07
-0.000979795
-1.62274e-07
-3.96585e-06
-0.000980618
-8.12769e-07
-2.27315e-05
-0.000975552
-2.18809e-06
4.89641e-09
-0.000980001
-2.30583e-09
2.59864e-08
-0.000980003
-1.03786e-08
1.85698e-07
-0.000980117
-9.96988e-09
2.04637e-06
-0.000979125
6.00544e-08
8.12056e-06
-0.000978299
9.81533e-07
3.1174e-05
-0.000960846
5.87981e-06
-2.00682e-08
-0.000980004
-7.36041e-10
-7.5277e-08
-0.000980025
4.05442e-09
-5.03508e-07
-0.000979932
1.63636e-07
-2.34522e-06
-0.000981088
-1.01736e-07
-8.56157e-06
-0.000981201
1.60574e-07
-3.70038e-05
-0.000943016
5.91979e-06
-1.03487e-10
-0.00098
-4.20356e-09
-4.72274e-10
-0.000980007
-1.9025e-08
-1.48769e-08
-0.000980177
-6.74186e-08
-3.17727e-07
-0.000980312
-2.33516e-08
1.50588e-06
-0.000981588
6.70744e-07
3.75596e-06
-0.000955844
3.62e-06
-1.13099e-08
-0.000980008
2.75914e-09
-3.65042e-08
-0.00098005
1.86893e-08
-1.14232e-07
-0.000980202
-7.06009e-09
-7.59906e-07
-0.000981287
2.31859e-07
4.41987e-07
-0.000981919
1.77503e-07
1.9103e-06
-0.00095284
4.27595e-06
4.28369e-06
-0.000772027
5.9417e-06
1.15751e-05
-0.000740652
-1.53896e-05
-2.67397e-09
-0.000980002
-2.00808e-09
-5.98449e-05
-0.000774156
-9.75147e-06
1.67589e-06
-0.00023162
-2.72492e-06
5.62582e-05
-0.000747506
-1.38465e-05
2.65315e-09
-0.00098
-2.01555e-09
1.08232e-08
-0.000980004
-3.95314e-09
7.87353e-08
-0.000980023
-1.122e-08
4.2824e-07
-0.000980401
-1.00202e-08
4.24243e-06
-0.000979462
2.7108e-07
1.60466e-05
-0.000973907
2.6267e-06
-1.01474e-08
-0.000980003
1.23912e-10
-4.21556e-08
-0.000980007
-3.73628e-09
-1.69331e-07
-0.000980039
2.51937e-08
-1.14975e-06
-0.000980049
1.10055e-07
-4.44872e-06
-0.000981302
6.73558e-08
-1.78056e-05
-0.000975187
1.44826e-06
5.20165e-10
-0.000979999
-2.85244e-09
7.23014e-10
-0.000980007
-3.69101e-09
-4.29473e-09
-0.000980051
-2.71243e-08
-3.23706e-07
-0.000980262
-2.39903e-07
1.69412e-07
-0.00098088
-3.06364e-08
5.15238e-06
-0.000980599
2.83218e-06
-8.32947e-09
-0.000980005
1.57261e-09
-1.79445e-08
-0.000980015
3.22086e-09
-6.08442e-08
-0.000980094
1.80291e-08
-3.35923e-07
-0.000980376
1.90321e-07
-3.82937e-07
-0.000981738
3.01423e-07
2.29425e-06
-0.000978336
-1.59516e-07
2.46088e-05
-0.000892968
-1.71025e-06
1.63182e-07
-0.000980277
-3.37327e-08
