-2.40593e-08
-0.00196004
-2.67501e-08
-7.62801e-08
-0.00196004
5.88761e-09
-9.27933e-05
-9.06732e-05
-1.83251e-05
6.17105e-05
-4.22517e-05
2.33845e-05
1.98764e-08
-0.00196
-2.58117e-08
1.89799e-08
-0.00195999
-2.59788e-08
-6.15754e-05
-3.8893e-05
2.43149e-05
7.76865e-05
-8.6355e-05
-1.92398e-05
-2.14847e-08
-0.00196005
-1.40401e-08
4.02186e-08
-0.00196022
-5.99737e-08
1.18187e-06
-0.00196151
-5.67833e-07
1.28139e-05
-0.00195692
-1.37026e-06
5.48281e-05
-0.00194199
1.26893e-06
0.000208514
-0.00180391
-2.7525e-05
-1.39472e-07
-0.00196005
5.26318e-08
-4.83445e-07
-0.00196032
2.36819e-07
-2.6596e-06
-0.00196014
1.86261e-06
-1.07595e-05
-0.00196911
4.14161e-06
-3.8032e-05
-0.0019657
1.23915e-05
-0.000150578
-0.00176051
1.12006e-05
2.89591e-08
-0.00196001
-9.2843e-09
1.61509e-07
-0.00196009
3.61757e-09
1.02042e-06
-0.00196146
2.44908e-07
8.12753e-06
-0.00195812
4.87216e-06
3.33134e-05
-0.00195321
1.11059e-05
9.34276e-05
-0.00181267
8.70378e-06
9.26069e-09
-0.00196
-3.96976e-08
-7.65466e-08
-0.00196009
-1.21251e-07
-2.53555e-06
-0.00195987
-4.73436e-07
-1.07362e-05
-0.00196353
-2.4894e-06
-4.30543e-05
-0.0019632
-5.36733e-06
-0.000202233
-0.00175852
-1.88569e-05
-5.81909e-08
-0.00196004
-1.03768e-08
0.000262979
-0.00134185
-7.45807e-05
1.03353e-08
-0.00196002
-2.21677e-08
-0.000203529
-0.00120555
-6.1918e-05
-6.7526e-08
-0.00196002
-8.87945e-09
1.30773e-05
-8.87618e-05
-1.36191e-05
-0.000120692
-0.000134486
6.92726e-06
0.000117331
-0.000132098
-2.83944e-07
-3.00656e-09
-0.00196
-2.56698e-08
0.00010324
-0.00119208
-2.21034e-05
-0.000277271
-0.00130168
-6.66723e-05
-1.19355e-06
-8.71929e-05
-3.64997e-06
-2.34865e-08
-0.00196003
-1.41403e-08
-5.46983e-09
-0.0019601
-2.98595e-08
2.93161e-07
-0.00196042
-1.38487e-07
1.63137e-06
-0.00196424
-5.45598e-07
2.71756e-05
-0.00195449
1.03625e-06
0.000108699
-0.00190575
-1.14549e-06
-9.01846e-08
-0.00196004
2.47695e-08
-2.48727e-07
-0.0019601
1.1142e-07
-9.74329e-07
-0.00196056
5.60132e-07
-5.1005e-06
-0.00196125
3.03008e-06
-2.03341e-05
-0.00196966
7.62455e-06
-7.67173e-05
-0.00192493
1.9306e-05
1.79612e-08
-0.00196
-9.30575e-09
6.20855e-08
-0.00196005
-8.72216e-09
3.74062e-07
-0.00196033
1.09078e-07
2.41631e-06
-0.00196256
8.43941e-07
1.82976e-05
-0.00195972
5.76525e-06
5.94167e-05
-0.00192479
1.77894e-05
1.15518e-08
-0.00195999
-2.14528e-08
-3.66519e-08
-0.00196
-7.71891e-08
-3.12908e-07
-0.00196043
-1.95535e-07
-5.22834e-06
-0.00195931
-8.13648e-07
-2.13387e-05
-0.00196407
-3.58609e-06
-0.000100325
-0.00192398
-1.11849e-05
3.31018e-08
-0.00196002
-1.71808e-08
1.70568e-07
-0.00196007
-5.48351e-08
1.22773e-06
-0.001961
-1.22481e-07
1.22878e-05
-0.00195576
2.30615e-07
4.39292e-05
-0.00195028
4.18635e-06
0.000130839
-0.00182079
1.08491e-05
-1.7895e-07
-0.00196003
5.03985e-10
-6.19452e-07
-0.0019602
5.53247e-08
-3.39976e-06
-0.00195988
1.20625e-06
-1.36562e-05
-0.00196666
-4.72012e-07
-4.26301e-05
-0.00196252
1.89656e-06
-0.000139869
-0.00176998
1.51443e-05
-3.16263e-08
-0.00196002
-3.31625e-08
-1.24927e-07
-0.00196011
-1.1451e-07
-4.36486e-07
-0.00196134
-3.50679e-07
-2.66425e-06
-0.00196298
4.52683e-07
4.47483e-06
-0.00196562
3.52846e-06
-8.26571e-07
-0.0018025
6.52894e-06
-7.86706e-08
-0.00196007
2.27689e-08
-1.86318e-07
-0.00196038
1.14005e-07
-4.71635e-07
-0.00196154
-6.33489e-08
-3.04316e-06
-0.00196762
1.14652e-06
5.59111e-06
-0.00196604
1.41185e-06
1.51864e-05
-0.00180575
1.20486e-05
1.17883e-05
-0.0012518
4.8462e-06
1.17205e-05
-0.00119437
-2.50807e-05
-2.88083e-08
-0.00196002
-1.54679e-08
-0.000189672
-0.0012441
-2.72878e-05
-4.43039e-06
-0.000165033
-8.71295e-07
0.000186279
-0.0012113
-3.68523e-05
1.80615e-08
-0.00196001
-1.59593e-08
7.23044e-08
-0.00196005
-2.6649e-08
5.31865e-07
-0.00196027
-8.06251e-08
2.73048e-06
-0.00196283
-2.69136e-08
2.45699e-05
-0.00195768
1.33978e-06
7.86564e-05
-0.00192045
8.71947e-06
-9.6877e-08
-0.00196003
2.12393e-09
-3.57295e-07
-0.00196006
-5.23271e-10
-1.28121e-06
-0.00196036
2.44597e-07
-7.31663e-06
-0.00196086
7.30901e-07
-2.39172e-05
-0.00196683
8.42815e-07
-7.92189e-05
-0.00192467
6.8127e-06
-1.63838e-08
-0.00196
-2.18444e-08
-5.07652e-08
-0.00196008
-4.10023e-08
-2.18016e-07
-0.00196048
-1.46656e-07
-2.40874e-06
-0.00196194
-1.18816e-06
-3.49201e-07
-0.00196552
5.50543e-07
1.38049e-05
-0.00194487
9.47815e-06
-6.20133e-08
-0.00196004
1.14331e-08
-1.15967e-07
-0.00196013
3.12053e-08
-2.88713e-07
-0.00196072
1.15725e-07
-1.42276e-06
-0.0019628
1.07708e-06
2.05297e-07
-0.00196888
1.52064e-06
1.43688e-05
-0.00193753
1.44079e-06
8.62162e-05
-0.00159244
-7.24059e-06
1.07065e-06
-0.00196212
-1.20096e-07
