0.00817828
-0.0682169
0.00303541
-0.00729725
-0.0681846
0.0027953
-0.000378511
-0.000204157
-0.000109627
0.0002234
4.8822e-05
7.53455e-05
0.00741765
-0.0684358
0.00302519
-0.00805854
-0.0684504
0.00281658
-0.00019978
6.56265e-06
0.000107483
0.000239331
-0.000107779
-0.000123034
0.00810844
-0.0548317
0.00240115
0.00778711
-0.0413108
0.0018565
0.00700394
-0.0281252
0.00151683
0.0056874
-0.0173053
0.00118538
0.0039127
-0.00854986
0.000497104
0.00216507
-0.00280835
0.000147938
-0.00731115
-0.0547427
0.00213892
-0.00720341
-0.0411493
0.00144384
-0.00659041
-0.028492
0.000642421
-0.00539964
-0.0165179
0.000373986
-0.00401184
-0.00840228
-9.90512e-05
-0.00234685
-0.00279268
-0.000624146
0.00738264
-0.0550422
0.00235954
0.00711875
-0.0415568
0.00171351
0.00651155
-0.0284259
0.00116191
0.00523352
-0.0177746
0.000405319
0.00348993
-0.00864095
4.22102e-05
0.00196789
-0.00217804
-0.000442771
-0.00805944
-0.0549919
0.00217404
-0.00786577
-0.0414945
0.00156438
-0.00700988
-0.0288116
0.00105541
-0.00582141
-0.0169979
0.000874479
-0.0046071
-0.00853326
0.000405714
-0.00253318
-0.00315441
6.03309e-07
0.000446144
-0.0682046
0.00292579
0.0011001
-0.00113044
2.93295e-05
0.00778363
-0.06833
0.00302173
-0.00147807
-0.00111206
-0.000422675
-0.00761907
-0.0683206
0.0028071
0.000168897
0.000157336
-0.000108028
-0.000490044
-0.000171993
0.000123762
0.000431448
-9.27961e-05
6.32867e-05
-0.000292352
-0.0684332
0.00293101
0.000963361
-0.000678851
-0.000581811
-0.00124812
-0.00114868
0.000245332
-9.64579e-06
9.58655e-05
-6.63054e-05
0.00816181
-0.0615637
0.00271369
0.00799124
-0.0480678
0.002111
0.00746362
-0.0346805
0.00163648
0.00670028
-0.0221325
0.00127511
0.00472699
-0.0124898
0.000776549
0.00309725
-0.00532914
0.000248428
-0.00730529
-0.0615062
0.00247985
-0.00729014
-0.0479477
0.00178262
-0.00701674
-0.0345882
0.00109533
-0.00609804
-0.0224625
0.000383469
-0.00468012
-0.0122519
0.000133076
-0.00325551
-0.00521257
-0.000334405
0.00741933
-0.0617788
0.00268846
0.00729074
-0.0482692
0.00202932
0.00688971
-0.0349451
0.00140641
0.00604754
-0.0225705
0.000864051
0.00424639
-0.0127164
0.000268975
0.00275937
-0.00522535
-0.000231156
-0.00806516
-0.0617564
0.00249171
-0.00797388
-0.0482351
0.00186011
-0.00764408
-0.0348724
0.0012908
-0.00639705
-0.0228327
0.000930101
-0.00525275
-0.0125562
0.000599451
-0.00380635
-0.00521401
0.000231877
0.00771316
-0.0549441
0.00238834
0.00745611
-0.0414771
0.0017814
0.00679964
-0.0283867
0.00130335
0.00541601
-0.017767
0.00084436
0.00370481
-0.0086452
0.000304721
0.00227887
-0.00248267
-0.00011455
-0.00758858
-0.0548647
0.00215862
-0.00739366
-0.0413462
0.00149947
-0.00667476
-0.0286433
0.000775005
-0.00545333
-0.0168439
0.000696959
-0.00416611
-0.00852994
0.000169387
-0.00237235
-0.00302473
-0.000338654
-0.000306955
-0.0550048
0.00227896
-0.000345025
-0.0414937
0.00165613
-0.000371909
-0.0284071
0.00114316
-0.000300411
-0.0172053
0.000565943
-0.000594305
-0.00838663
0.000241778
-0.00060595
-0.00233216
-5.8159e-05
0.000380218
-0.0547678
0.00227611
0.00023283
-0.0411466
0.00166383
0.000169416
-0.028162
0.00120817
0.000301151
-0.0166058
0.000655941
9.28214e-06
-0.00821915
0.000226667
-2.74278e-05
-0.00242383
-6.25683e-05
2.17289e-05
-0.000826845
-4.76558e-05
-4.67433e-05
-0.000478965
4.77182e-06
8.74504e-05
-0.0683239
0.00291706
-0.0014939
-0.00108458
-3.36159e-05
1.11045e-05
0.000167018
7.33266e-06
0.00126918
-0.000835722
-0.000274626
0.00776221
-0.0616801
0.00270681
0.00761663
-0.0481796
0.00207572
0.0071527
-0.0348372
0.00153634
0.00640939
-0.0223842
0.00107756
0.00443368
-0.0127256
0.000590523
0.0030012
-0.00529957
5.08378e-05
-0.00761513
-0.0616215
0.00248667
-0.00750009
-0.048096
0.00182069
-0.00715906
-0.0347855
0.00117645
-0.00601779
-0.0225929
0.000759643
-0.00484885
-0.0124528
0.000367306
-0.00338816
-0.00529581
-4.17073e-05
-0.000281317
-0.0617672
0.00259786
-0.000347507
-0.0481925
0.00196353
-0.000381422
-0.0348234
0.00137432
-0.000207531
-0.0225857
0.000987481
-0.000519665
-0.0124528
0.00045064
-0.000676327
-0.0049492
3.60065e-05
0.000416046
-0.0615267
0.00259909
0.000328576
-0.0479769
0.0019594
0.000179377
-0.034529
0.00139547
0.000239413
-0.0222501
0.000819383
7.93295e-05
-0.0120887
0.000432926
-3.43679e-05
-0.00498988
6.3783e-05
0.00104859
-0.00134969
-0.00022467
0.00473075
-0.0249452
0.00108543
