0.00818245
-0.067899
0.003032
-0.00739407
-0.067865
0.00276962
-0.000364248
-0.000195472
-0.000106218
0.000216088
4.87703e-05
7.32102e-05
0.00744317
-0.068139
0.00302138
-0.00813395
-0.0681543
0.00279246
-0.000193965
6.7078e-06
0.000105727
0.000226082
-0.000100034
-0.000118282
0.00810854
-0.0544203
0.00241739
0.0077722
-0.0408078
0.00189592
0.00696056
-0.0275683
0.00157946
0.00561555
-0.0168077
0.00125875
0.00382159
-0.00818943
0.000553513
0.00209815
-0.00263847
0.000176252
-0.00740645
-0.0543274
0.00213252
-0.00728412
-0.0406428
0.00145781
-0.00662982
-0.0279579
0.00067261
-0.00538191
-0.0160082
0.000426463
-0.00394768
-0.0080589
-4.52254e-05
-0.00227631
-0.00264089
-0.000579003
0.00740587
-0.0546506
0.00237381
0.0071268
-0.0410719
0.00174707
0.00649002
-0.0278827
0.00121311
0.0051688
-0.0172936
0.000461961
0.00339206
-0.00828274
9.83588e-05
0.0018872
-0.00202219
-0.00039951
-0.00813252
-0.0545975
0.00217161
-0.00792437
-0.0410067
0.00158781
-0.00702678
-0.0282854
0.00110526
-0.00579361
-0.0164959
0.000944442
-0.00454918
-0.00818388
0.00046595
-0.00248074
-0.00298591
3.72209e-05
0.000400418
-0.0678858
0.00291189
0.00106188
-0.00104706
4.39679e-05
0.00779769
-0.0680229
0.00301776
-0.00142442
-0.00104218
-0.000393386
-0.00770267
-0.0680129
0.00278241
0.000167777
0.000155796
-0.000104281
-0.000473539
-0.000165105
0.00012062
0.000413739
-8.58279e-05
6.11355e-05
-0.000316423
-0.0681361
0.00291754
0.000918611
-0.000610748
-0.000548613
-0.00121531
-0.0010707
0.000258144
-1.36942e-05
9.60375e-05
-6.15428e-05
0.00816497
-0.061201
0.00271966
0.00798526
-0.0476085
0.00213852
0.00743588
-0.0341454
0.00168716
0.0066504
-0.021588
0.00134285
0.00463899
-0.0120476
0.000842328
0.0030132
-0.00506302
0.000292665
-0.00740207
-0.0611403
0.0024639
-0.00738064
-0.0474845
0.00178607
-0.00708183
-0.0340549
0.0011196
-0.00611079
-0.0219342
0.000421691
-0.00463458
-0.0118201
0.000188287
-0.00318149
-0.00496594
-0.000284314
0.00744485
-0.0614367
0.0026933
0.00730844
-0.0478279
0.00205304
0.00688542
-0.0344258
0.0014484
0.00600711
-0.0220385
0.000921212
0.00415862
-0.0122814
0.00032751
0.00266339
-0.0049613
-0.000180701
-0.00814023
-0.0614128
0.00247756
-0.00804072
-0.0477917
0.00187039
-0.00768952
-0.0343507
0.00132752
-0.00638824
-0.0223097
0.000991692
-0.00520877
-0.0121229
0.000666187
-0.00374137
-0.00496052
0.000281817
0.00772343
-0.0545431
0.00240416
0.00745373
-0.0409852
0.00181846
0.00677127
-0.0278413
0.00135939
0.00535211
-0.0172829
0.000909666
0.00361509
-0.00828666
0.000360721
0.00220637
-0.00231885
-8.28699e-05
-0.00766856
-0.0544602
0.00215462
-0.00745812
-0.0408509
0.00151862
-0.00670056
-0.0281136
0.000812828
-0.00543128
-0.0163423
0.000760955
-0.0041109
-0.00818408
0.000225486
-0.00231684
-0.00286362
-0.000299849
-0.000331701
-0.0546109
0.00228538
-0.000371975
-0.0410051
0.00168532
-0.000397982
-0.0278633
0.00119373
-0.000321427
-0.016709
0.000624625
-0.000614337
-0.00803012
0.000298154
-0.000610661
-0.0021759
-2.36146e-05
0.000332017
-0.0543531
0.00228128
0.00018311
-0.0406375
0.0016901
0.000127676
-0.0276104
0.00125868
0.000275982
-0.0160946
0.000715327
-5.4074e-06
-0.00786537
0.000280313
-2.6613e-05
-0.00226944
-3.18821e-05
2.62392e-05
-0.000758402
-3.38558e-05
-5.70641e-05
-0.000417883
1.97243e-05
5.28751e-05
-0.0680164
0.00290277
-0.00145212
-0.00101132
-1.80371e-05
1.07745e-05
0.00016612
6.59638e-06
0.0012228
-0.000761031
-0.000253157
0.00777506
-0.0613281
0.00271267
0.00762191
-0.04773
0.00210188
0.0071376
-0.0343114
0.00158374
0.0063693
-0.0218453
0.00114135
0.00434972
-0.01229
0.000654127
0.0029157
-0.00503412
9.59923e-05
-0.00769807
-0.0612665
0.00247178
-0.00757327
-0.0476435
0.00182822
-0.00720871
-0.0342614
0.00120709
-0.00601611
-0.022066
0.000814276
-0.00480794
-0.0120228
0.000428084
-0.00332637
-0.00504422
6.38475e-06
-0.000304828
-0.0614242
0.00259372
-0.00037411
-0.0477471
0.00198068
-0.000409126
-0.0342985
0.00141436
-0.000226884
-0.022054
0.00104813
-0.000543921
-0.0120143
0.000512004
-0.00068848
-0.00469091
8.33545e-05
0.000369007
-0.0611618
0.00259426
0.000279471
-0.0475134
0.00197533
0.000131872
-0.0339895
0.00143342
0.000206649
-0.0217113
0.000872012
5.6284e-05
-0.0116459
0.000491724
-4.04657e-05
-0.00473495
0.000107692
0.00100463
-0.00123695
-0.000196669
0.00469993
-0.0244055
0.00114335
