0.00812994
-0.0666067
0.00303356
-0.00762355
-0.0665678
0.00263679
-0.000325388
-0.000172171
-9.72686e-05
0.00019769
4.79476e-05
6.84073e-05
0.00746885
-0.0669774
0.00302161
-0.00828446
-0.0669942
0.00266401
-0.000179622
6.10587e-06
0.000101499
0.000190397
-8.01661e-05
-0.000104771
0.0080442
-0.0529576
0.00248911
0.00766669
-0.039188
0.00204433
0.00678462
-0.0259083
0.00179603
0.00538063
-0.0154029
0.0015045
0.00356166
-0.0072219
0.000746045
0.00192154
-0.00220198
0.000273417
-0.00763045
-0.0528542
0.00207095
-0.00746302
-0.0390165
0.00147327
-0.00669297
-0.0263605
0.00075455
-0.00529539
-0.0145825
0.000579239
-0.00374915
-0.0071387
0.000116229
-0.00207721
-0.00224802
-0.000446355
0.00742442
-0.0533133
0.00243979
0.00710107
-0.039566
0.00187953
0.00638305
-0.0263142
0.00140163
0.00495556
-0.0159757
0.000671958
0.00310846
-0.00735326
0.000296329
0.00166156
-0.00164243
-0.000258576
-0.00827595
-0.0532514
0.0021219
-0.00802686
-0.0394915
0.00163032
-0.00702014
-0.0267591
0.00123912
-0.00567866
-0.0151289
0.00113931
-0.00437336
-0.00727526
0.000638802
-0.00233964
-0.00256671
0.000141547
0.000261329
-0.0665909
0.00284812
0.000965081
-0.000837196
9.29383e-05
0.00778203
-0.0667967
0.00301767
-0.00127665
-0.000863098
-0.00031054
-0.00788607
-0.0667852
0.00265255
0.000166076
0.00015126
-9.28909e-05
-0.000429342
-0.00014736
0.000110873
0.000366885
-6.89358e-05
5.5827e-05
-0.000376651
-0.0669735
0.00285478
0.000794781
-0.000449111
-0.000446697
-0.00113216
-0.0008844
0.00029371
-2.61141e-05
9.46552e-05
-4.77017e-05
0.00810949
-0.0598286
0.00275529
0.00790381
-0.0460595
0.00224833
0.00729755
-0.0324894
0.00187037
0.00646106
-0.0200172
0.00157593
0.00437483
-0.0108325
0.00106585
0.00278294
-0.00436425
0.000443894
-0.00763117
-0.0597589
0.00236646
-0.00758925
-0.0459265
0.00176208
-0.00721524
-0.0324079
0.00117399
-0.00610262
-0.0204057
0.000531881
-0.00447937
-0.0106375
0.000352464
-0.00296456
-0.00431795
-0.00013492
0.00747041
-0.0601932
0.00272559
0.00731052
-0.0463972
0.00215206
0.00682476
-0.0328729
0.00160891
0.00585151
-0.0205474
0.0011302
0.00389443
-0.011124
0.000538113
0.00239152
-0.00429327
-7.28311e-06
-0.00828976
-0.0601645
0.00238553
-0.00816671
-0.0463531
0.00186626
-0.00775627
-0.0327904
0.00141629
-0.00631705
-0.0208386
0.00116219
-0.00505971
-0.0109689
0.000856145
-0.00355744
-0.00431716
0.00042476
0.00769673
-0.0531446
0.00247466
0.00739153
-0.0394276
0.00196086
0.00664156
-0.0262392
0.00156058
0.00514143
-0.0159333
0.00113761
0.00335592
-0.00733972
0.000555807
0.00200699
-0.00190805
2.67831e-05
-0.00784112
-0.0530522
0.00210039
-0.0075855
-0.0392862
0.0015493
-0.0067237
-0.0265538
0.000915709
-0.00533483
-0.014958
0.000942225
-0.0039394
-0.00727225
0.000390796
-0.00216214
-0.00245377
-0.000186061
-0.000394465
-0.0532664
0.00229466
-0.00044228
-0.039488
0.00177421
-0.000466356
-0.0262926
0.00135421
-0.000376628
-0.0153556
0.000814554
-0.000666392
-0.00710616
0.000478167
-0.000625654
-0.00179347
8.41671e-05
0.000186247
-0.052881
0.00228694
3.61665e-05
-0.0390025
0.00177016
8.17526e-06
-0.0259665
0.00141767
0.000204426
-0.0146626
0.000906859
-4.06804e-05
-0.00691932
0.000453528
-1.9067e-05
-0.00187375
6.70124e-05
4.20589e-05
-0.000585739
1.12185e-05
-8.83497e-05
-0.000276595
6.83277e-05
-4.59704e-05
-0.0667891
0.00283773
-0.00133893
-0.000828779
2.63987e-05
8.78574e-06
0.000161651
4.34143e-06
0.00109779
-0.000578865
-0.000183379
0.00775581
-0.0600216
0.00274793
0.00758093
-0.046242
0.00220803
0.00704182
-0.0327111
0.00175869
0.00621163
-0.0203114
0.00136625
0.00409675
-0.0111105
0.000875075
0.00267568
-0.00434937
0.000253326
-0.0078796
-0.0599512
0.00237763
-0.00772607
-0.0461479
0.00181653
-0.00729476
-0.0326679
0.00127973
-0.00596947
-0.0205633
0.000967122
-0.00466698
-0.0108626
0.000605445
-0.00314572
-0.00439521
0.000148113
-0.000363674
-0.0601781
0.00256525
-0.000442521
-0.046304
0.00202801
-0.00048161
-0.0327298
0.00154039
-0.00027872
-0.0205625
0.00123915
-0.000606454
-0.0108493
0.000708378
-0.000720852
-0.00403882
0.000233602
0.000226266
-0.0597833
0.00256382
0.000132011
-0.0459535
0.00201914
-6.4608e-06
-0.0323239
0.00155277
0.000113467
-0.0201549
0.00104236
-4.40269e-06
-0.0104347
0.000681379
-5.12077e-05
-0.00406776
0.000249412
0.000881674
-0.000963451
-0.000104402
0.00458006
-0.0228656
0.0013451
