0.00808878
-0.0660545
0.00303843
-0.00767496
-0.0660142
0.00257474
-0.000313978
-0.000165456
-9.47703e-05
0.000192767
4.74603e-05
6.732e-05
0.00745849
-0.0664909
0.00302599
-0.00830459
-0.066508
0.00260325
-0.000175876
5.58926e-06
0.000100407
0.000180104
-7.47856e-05
-0.000100628
0.00799947
-0.0523914
0.00252112
0.00761048
-0.0386149
0.00210366
0.00671135
-0.0253667
0.00187593
0.00529729
-0.014972
0.00159162
0.00348109
-0.00694298
0.00081455
0.00187147
-0.00208318
0.000307831
-0.00767973
-0.0522851
0.00203737
-0.00749721
-0.0384428
0.00147071
-0.0066927
-0.0258369
0.000779277
-0.00525447
-0.01415
0.00062713
-0.00368165
-0.00687374
0.000167691
-0.00201621
-0.00213989
-0.000404962
0.00741165
-0.0528106
0.00247
0.00707436
-0.0390499
0.00193433
0.00633249
-0.0258184
0.00147467
0.00487865
-0.0155843
0.000752467
0.00301882
-0.00709629
0.000368693
0.00159331
-0.00154672
-0.000210254
-0.00829395
-0.0527455
0.0020921
-0.00803311
-0.0389719
0.00163592
-0.00699726
-0.0262737
0.00127804
-0.00562991
-0.0147265
0.00119716
-0.00431464
-0.00702329
0.000691254
-0.00229838
-0.00245755
0.000172767
0.000215695
-0.0660378
0.00282006
0.00093904
-0.000781696
0.000109936
0.00775557
-0.0662776
0.00302201
-0.00123273
-0.000814473
-0.000285709
-0.00792012
-0.0662656
0.00259146
0.000165971
0.000149783
-8.91668e-05
-0.000416586
-0.000142489
0.000107567
0.000353592
-6.47166e-05
5.44305e-05
-0.000391385
-0.0664866
0.00282694
0.000757845
-0.000410113
-0.000413337
-0.00110966
-0.000838839
0.00030384
-3.01653e-05
9.35863e-05
-4.33934e-05
0.0080674
-0.0592707
0.0027735
0.00785415
-0.045487
0.00229427
0.00723299
-0.0319269
0.00194092
0.00638555
-0.0195232
0.00166103
0.00428846
-0.0104718
0.00114553
0.00271472
-0.00416847
0.000497546
-0.00768236
-0.0591984
0.00231834
-0.00763317
-0.0453519
0.00174385
-0.00723523
-0.0318493
0.00118675
-0.00608239
-0.0199229
0.00056664
-0.00442145
-0.0102877
0.000404638
-0.00289505
-0.00413606
-8.77043e-05
0.00745994
-0.0597004
0.00274276
0.00729244
-0.0458849
0.00219475
0.00678738
-0.032362
0.00167337
0.00578797
-0.0200923
0.00121015
0.00380728
-0.0107931
0.00061661
0.00230791
-0.00411504
5.47659e-05
-0.00830964
-0.0596699
0.00233914
-0.00817981
-0.0458376
0.00185415
-0.0077526
-0.0322768
0.00143897
-0.00627787
-0.0203877
0.0012129
-0.00500471
-0.0106387
0.000913606
-0.00350038
-0.00414474
0.000467816
0.00766689
-0.0526107
0.0025063
0.00735121
-0.0388844
0.00201871
0.00658322
-0.0257238
0.00163712
0.0050657
-0.0155246
0.00122118
0.0032743
-0.00707199
0.000626365
0.00194766
-0.00180001
6.59961e-05
-0.00787171
-0.0525154
0.00206925
-0.00760219
-0.0387416
0.00155155
-0.0067111
-0.0260503
0.000946474
-0.0052921
-0.014544
0.000997171
-0.00388082
-0.0070149
0.000442415
-0.00211519
-0.00234357
-0.000150795
-0.00041027
-0.0527611
0.00229509
-0.000461165
-0.038968
0.00180461
-0.000485209
-0.0257958
0.00140967
-0.000392049
-0.0149563
0.000880151
-0.000680613
-0.00685118
0.000538848
-0.000630589
-0.00169645
0.000119547
0.000138833
-0.0523121
0.00228626
-1.01772e-05
-0.0384258
0.00179766
-2.80235e-05
-0.0254299
0.00147225
0.000182944
-0.0142274
0.000972894
-4.90209e-05
-0.00664784
0.000512502
-1.49701e-05
-0.00176643
0.000100317
4.78589e-05
-0.000539958
2.6486e-05
-9.84718e-05
-0.000243998
8.47821e-05
-7.59576e-05
-0.0662697
0.00280924
-0.00130575
-0.000781178
3.96017e-05
7.82648e-06
0.0001596
3.55714e-06
0.00106148
-0.000532961
-0.000159523
0.00772823
-0.0594966
0.00276602
0.00754679
-0.0457003
0.00225296
0.00699236
-0.0321757
0.00182722
0.00614673
-0.0198357
0.00144996
0.00401341
-0.0107662
0.000955244
0.00260251
-0.00416184
0.000310019
-0.00791308
-0.0594237
0.00233062
-0.00775062
-0.045604
0.00180231
-0.00729931
-0.0321351
0.00129806
-0.00593884
-0.020096
0.00101332
-0.00461403
-0.0105253
0.000660606
-0.00308783
-0.0042173
0.000192198
-0.000378101
-0.0596843
0.00255104
-0.000460265
-0.0457878
0.00204298
-0.000501342
-0.0322141
0.00158416
-0.000293581
-0.0201069
0.00130401
-0.000623412
-0.010517
0.000775054
-0.000729884
-0.00386542
0.000283795
0.000179606
-0.0592237
0.002549
8.44958e-05
-0.045378
0.00203309
-4.92797e-05
-0.0317593
0.00159429
8.5503e-05
-0.0196644
0.00110181
-2.09481e-05
-0.0100772
0.000746288
-5.21381e-05
-0.0038816
0.000297404
0.000844484
-0.000895073
-7.25998e-05
0.00453087
-0.0223858
0.0014198
