0.00803483
-0.0654378
0.00304558
-0.00771152
-0.0653964
0.00250458
-0.000303415
-0.0001593
-9.25326e-05
0.000188436
4.68799e-05
6.64701e-05
0.00743761
-0.0659504
0.00303263
-0.00830747
-0.0659677
0.00253424
-0.000172623
4.93709e-06
9.94515e-05
0.000170691
-7.00534e-05
-9.67084e-05
0.0079423
-0.0517852
0.00255721
0.00754352
-0.0380275
0.00216758
0.00663125
-0.0248348
0.00195864
0.00521222
-0.0145629
0.00167968
0.00340427
-0.00668756
0.000883601
0.001826
-0.00197809
0.000342338
-0.00771401
-0.0516765
0.00199801
-0.00751667
-0.0378556
0.00146491
-0.00668059
-0.0253211
0.000802837
-0.00520733
-0.0137421
0.000672757
-0.00361391
-0.00663112
0.000216852
-0.00195835
-0.00204347
-0.000365831
0.00738839
-0.052278
0.00250439
0.0070379
-0.0385282
0.00199427
0.00627431
-0.0253392
0.00155198
0.00479925
-0.0152191
0.000836754
0.00293238
-0.00686685
0.000442561
0.00152913
-0.00146649
-0.000162346
-0.00829494
-0.0522098
0.00205634
-0.00802389
-0.0384466
0.00163764
-0.00696352
-0.0258027
0.00131384
-0.00557618
-0.0143532
0.00125045
-0.00425618
-0.00679786
0.00073997
-0.00226007
-0.0023638
0.000201475
0.000171095
-0.0654204
0.00278901
0.000916101
-0.000733487
0.000126831
0.0077175
-0.0656992
0.00302865
-0.0011918
-0.000771472
-0.00026273
-0.00793845
-0.0656868
0.00252222
0.000166048
0.000148335
-8.55314e-05
-0.000404867
-0.000138144
0.000104258
0.00034152
-6.12027e-05
5.3214e-05
-0.0004029
-0.0659458
0.00279604
0.000723392
-0.000378495
-0.000380892
-0.0010897
-0.000801441
0.000312787
-3.4091e-05
9.22417e-05
-3.93033e-05
0.0080126
-0.0586604
0.00279495
0.00779266
-0.0448872
0.00234478
0.00715936
-0.0313622
0.00201557
0.00630443
-0.0190476
0.00174849
0.00420379
-0.0101359
0.00122608
0.00265122
-0.00399219
0.000551469
-0.00771863
-0.0585857
0.00226313
-0.00766208
-0.0447507
0.00172125
-0.0072413
-0.031289
0.00119722
-0.00605271
-0.0194568
0.000600162
-0.00436065
-0.00996248
0.000454525
-0.00282747
-0.00397196
-4.28437e-05
0.00743893
-0.0591655
0.00276324
0.00726409
-0.0453552
0.00224229
0.00674094
-0.031857
0.00174286
0.00571872
-0.0196612
0.00129402
0.00372127
-0.0104916
0.000697578
0.0022285
-0.00395951
0.00011746
-0.00831233
-0.0591332
0.00228559
-0.00817663
-0.0453043
0.00183724
-0.00773486
-0.0317689
0.00145831
-0.00623096
-0.0199593
0.00125986
-0.00494738
-0.0103374
0.000967001
-0.00344567
-0.00399381
0.000507563
0.00762573
-0.0520418
0.00254205
0.00730057
-0.038331
0.00208153
0.00651738
-0.0252212
0.00171748
0.00498771
-0.0151393
0.00130697
0.00319575
-0.00682962
0.000698015
0.00189229
-0.00170664
0.000105521
-0.00788675
-0.0519442
0.00203229
-0.00760431
-0.0381875
0.00155034
-0.00668749
-0.025558
0.00097545
-0.00524406
-0.0141567
0.00104846
-0.00382185
-0.00678207
0.000491133
-0.00207079
-0.0022468
-0.000117661
-0.000422972
-0.0522262
0.00229455
-0.000477305
-0.0384425
0.00183548
-0.000501793
-0.0253155
0.00146555
-0.000405826
-0.0145853
0.000945725
-0.000693098
-0.00662381
0.000598475
-0.000635331
-0.00161473
0.000153779
9.27929e-05
-0.0517035
0.00228467
-5.42621e-05
-0.0378355
0.0018257
-6.16024e-05
-0.0249029
0.00152712
0.000163097
-0.0138166
0.00103888
-5.55111e-05
-0.00639988
0.000570736
-1.01844e-05
-0.0016717
0.000132905
5.37988e-05
-0.00050013
4.14328e-05
-0.000108255
-0.000218526
0.000100908
-0.000103869
-0.065691
0.00277777
-0.00127498
-0.000740234
5.16407e-05
6.74311e-06
0.000157304
2.74947e-06
0.00102805
-0.000494478
-0.000135899
0.00768912
-0.0589245
0.00278735
0.00750169
-0.0451362
0.00230262
0.00693393
-0.031642
0.0019003
0.00607588
-0.019381
0.00153674
0.00393125
-0.0104483
0.00103695
0.00253329
-0.00399538
0.000367407
-0.00793086
-0.0588492
0.00227651
-0.00776006
-0.0450379
0.0017836
-0.00729047
-0.0316042
0.00131371
-0.00590034
-0.0196484
0.00105661
-0.00455832
-0.0102147
0.000712693
-0.00303143
-0.00405921
0.000233652
-0.00038941
-0.0591486
0.00253485
-0.000474925
-0.0452542
0.00205782
-0.00051845
-0.0317045
0.00162861
-0.00030708
-0.0196749
0.00136851
-0.000638239
-0.0102144
0.00084095
-0.000737882
-0.00371447
0.000332829
0.000134132
-0.0586118
0.00253222
3.86467e-05
-0.0447756
0.00204701
-8.95344e-05
-0.0311934
0.00163654
5.97066e-05
-0.0191917
0.00116182
-3.53213e-05
-0.0097453
0.000810714
-5.17558e-05
-0.00371436
0.000344571
0.00080951
-0.000838089
-4.10539e-05
0.00447716
-0.021926
0.00149719
