0.00755974
-0.0613419
0.00311628
-0.0076289
-0.0612993
0.0020624
-0.000263495
-0.000136773
-8.5251e-05
0.000174801
4.30165e-05
6.52197e-05
0.00715344
-0.062364
0.00310093
-0.00802975
-0.0623803
0.00209513
-0.000162758
2.43105e-07
9.61635e-05
0.000137154
-5.58279e-05
-8.0882e-05
0.00746009
-0.0481611
0.00279234
0.00704851
-0.0349273
0.00254044
0.00614289
-0.0223882
0.00238809
0.00477796
-0.0128834
0.00210228
0.00308604
-0.00576512
0.00121032
0.00166559
-0.00164499
0.000502781
-0.00761914
-0.0480495
0.00173747
-0.00736035
-0.03477
0.00140045
-0.00642838
-0.022917
0.000903041
-0.00488264
-0.012107
0.000852301
-0.00328206
-0.00575148
0.000409446
-0.00172147
-0.00172524
-0.000216281
0.00709489
-0.049148
0.00273413
0.00669923
-0.0358637
0.00235907
0.00587192
-0.0232371
0.00198039
0.00437781
-0.0138048
0.00128463
0.00256145
-0.00612336
0.00080518
0.00127628
-0.00127841
5.44467e-05
-0.00801326
-0.0490651
0.00180876
-0.00772486
-0.0357614
0.00159605
-0.00662976
-0.0237028
0.00143874
-0.00524163
-0.0129449
0.00143108
-0.00397362
-0.00605911
0.000909931
-0.00211049
-0.00210969
0.000297727
-2.23682e-05
-0.0613229
0.00260374
0.000844061
-0.000592093
0.000203774
0.00733574
-0.0618594
0.00309758
-0.00103418
-0.00063395
-0.000181003
-0.00775784
-0.0618456
0.00208347
0.000168157
0.000141946
-6.93757e-05
-0.000361391
-0.000123595
8.8083e-05
0.000299068
-5.32965e-05
4.96808e-05
-0.000407018
-0.0623576
0.00261053
0.000591082
-0.000320443
-0.000240922
-0.0010237
-0.00072424
0.000335992
-5.05744e-05
8.22817e-05
-2.29822e-05
0.00753535
-0.0548016
0.00294805
0.00730276
-0.0415114
0.00265522
0.00666326
-0.0285715
0.00242942
0.00583051
-0.0170016
0.00219198
0.00382107
-0.00884648
0.0016116
0.0024078
-0.00339383
0.000804129
-0.00763388
-0.0547222
0.00190728
-0.00754299
-0.0413793
0.0015614
-0.00703834
-0.0285244
0.00122156
-0.00575843
-0.0174274
0.00074269
-0.00402267
-0.00871839
0.000651551
-0.00252697
-0.0034079
0.000129623
0.00715368
-0.0558123
0.00291342
0.00695231
-0.0424509
0.00254448
0.00636893
-0.0294594
0.0021492
0.00529537
-0.0179003
0.00174514
0.00332286
-0.00942713
0.00110841
0.00190501
-0.00350507
0.000416338
-0.00803481
-0.0557713
0.00193601
-0.00788958
-0.0423787
0.00169564
-0.00742182
-0.0293546
0.00150553
-0.00588642
-0.0181893
0.00142461
-0.00463427
-0.00926991
0.00115436
-0.0032091
-0.00354477
0.000642313
0.00723573
-0.0486672
0.00277629
0.00688673
-0.0354499
0.00245629
0.00608193
-0.0229532
0.00215308
0.0045763
-0.0135891
0.00173873
0.00285943
-0.00599459
0.00104429
0.00167778
-0.00144399
0.000292152
-0.00769426
-0.0485643
0.00178172
-0.00737156
-0.0353122
0.00150291
-0.00639616
-0.0233126
0.00109044
-0.00492948
-0.0126461
0.00123319
-0.00352856
-0.00597954
0.000672789
-0.00188847
-0.0019508
4.7325e-06
-0.000433997
-0.0490862
0.0022847
-0.000510001
-0.0357608
0.00199493
-0.00054563
-0.0232057
0.00173718
-0.000447266
-0.013177
0.00125085
-0.000727105
-0.00589077
0.00085787
-0.000653128
-0.00141726
0.000294858
-0.000100527
-0.0480746
0.00227084
-0.000222851
-0.0347368
0.00197271
-0.000176879
-0.0224737
0.00179186
9.46673e-05
-0.0121655
0.00134574
-6.01658e-05
-0.00551208
0.000828258
2.12287e-05
-0.00137342
0.000271814
8.32813e-05
-0.000382211
0.000105079
-0.000149131
-0.000186347
0.000169755
-0.000202964
-0.0618503
0.00259105
-0.00115683
-0.000626527
8.98785e-05
8.50053e-08
0.000143197
-1.66869e-06
0.000904117
-0.000403466
-2.87944e-05
0.00730434
-0.0553199
0.00293998
0.00710119
-0.0419988
0.00261218
0.00650795
-0.0290524
0.00231511
0.00564192
-0.0174703
0.0019881
0.00355144
-0.00926847
0.00143748
0.00225323
-0.00346614
0.000641723
-0.00774836
-0.0552392
0.0019254
-0.00755075
-0.0418963
0.00163931
-0.00702797
-0.0290275
0.00135529
-0.00559021
-0.0177503
0.00121769
-0.00424576
-0.00907068
0.000908331
-0.00277686
-0.00355192
0.000385729
-0.000394305
-0.0557912
0.00243588
-0.00049483
-0.0423362
0.00213311
-0.000558108
-0.0292908
0.00185318
-0.000351217
-0.0179063
0.0016655
-0.000677586
-0.00915263
0.00113437
-0.000760074
-0.00327837
0.000541674
-6.02776e-05
-0.0547501
0.00243066
-0.000148412
-0.0413961
0.00212005
-0.000235759
-0.028408
0.00185165
-2.73407e-05
-0.017148
0.00145261
-7.12117e-05
-0.00848675
0.00110192
-3.23067e-05
-0.00315108
0.000549156
0.000671464
-0.000708935
0.000101193
0.00414713
-0.0199687
0.00190081
