0.00742279
-0.0603178
0.00313748
-0.00755261
-0.0602761
0.00196396
-0.000257969
-0.00013379
-8.45226e-05
0.000173457
4.21389e-05
6.54546e-05
0.00705693
-0.0614596
0.00312178
-0.00791208
-0.0614752
0.00199661
-0.00016183
-8.62795e-07
9.56939e-05
0.000133061
-5.47222e-05
-7.8489e-05
0.00732409
-0.0473222
0.00284791
0.00691889
-0.0342846
0.00262109
0.00603072
-0.0219511
0.00247155
0.00469217
-0.0126233
0.00217772
0.00303653
-0.00564799
0.00126804
0.0016459
-0.00161225
0.000530788
-0.00754052
-0.0472125
0.00167806
-0.00727394
-0.0341331
0.00138274
-0.0063386
-0.0224791
0.000918965
-0.00480161
-0.0118629
0.000875967
-0.00321886
-0.00563819
0.000434704
-0.00168487
-0.00169037
-0.000196927
0.00699746
-0.0484257
0.00278957
0.006599
-0.0353234
0.00244112
0.00577058
-0.0228805
0.00206938
0.00429135
-0.0136036
0.00137387
0.00250155
-0.00604982
0.000871847
0.0012399
-0.00127792
9.1136e-05
-0.00789614
-0.0483406
0.0017505
-0.00761249
-0.0352169
0.00157911
-0.0065306
-0.0233382
0.00145123
-0.00516333
-0.0127543
0.00144733
-0.00391975
-0.00598346
0.000926975
-0.00208807
-0.0020966
0.000306611
-5.23572e-05
-0.060299
0.00256476
0.000837097
-0.00058089
0.000216997
0.00721889
-0.0608953
0.00311868
-0.00101186
-0.00061982
-0.000171659
-0.00766231
-0.0608816
0.00198533
0.000168752
0.000140911
-6.66172e-05
-0.00035547
-0.000121907
8.4998e-05
0.000293909
-5.33883e-05
4.94551e-05
-0.000397233
-0.0614529
0.00257131
0.00057265
-0.000325947
-0.000218346
-0.00101615
-0.000727384
0.000336038
-5.30699e-05
7.98291e-05
-2.06312e-05
0.00739854
-0.0538694
0.00298668
0.00716877
-0.0407687
0.00272534
0.00654082
-0.0280305
0.00251505
0.00572522
-0.0166649
0.00227616
0.00375477
-0.00866588
0.00168041
0.00237374
-0.00332587
0.000848425
-0.00755706
-0.0537908
0.00182706
-0.00746079
-0.0406401
0.00152395
-0.00694826
-0.0279888
0.00122153
-0.00567093
-0.0170872
0.0007647
-0.00395035
-0.00854438
0.00067768
-0.00247548
-0.00334154
0.000151671
0.00705691
-0.054999
0.00295204
0.00685351
-0.0418198
0.00261479
0.00626668
-0.0290106
0.00223768
0.00519763
-0.0176296
0.0018361
0.00325207
-0.00929942
0.00118657
0.00185628
-0.00347253
0.000469723
-0.0079174
-0.0549567
0.00185645
-0.0077751
-0.0417433
0.0016591
-0.00731347
-0.0289023
0.00150486
-0.0057972
-0.0179122
0.00144106
-0.00456778
-0.00914061
0.00117328
-0.00316897
-0.00350995
0.000654873
0.00711925
-0.047887
0.00283194
0.0067717
-0.0348577
0.00253905
0.00597539
-0.0225558
0.00224159
0.00449204
-0.0133553
0.00182014
0.00280484
-0.00589842
0.00110687
0.00164729
-0.00142732
0.000325236
-0.00759766
-0.0477848
0.00172362
-0.00727345
-0.0347231
0.00148692
-0.00630302
-0.0229128
0.00110639
-0.00485314
-0.0124297
0.0012531
-0.00347135
-0.00588645
0.000694271
-0.00185972
-0.0019247
1.93289e-05
-0.000425524
-0.0483627
0.00228276
-0.000506209
-0.035218
0.00202661
-0.000545847
-0.0228472
0.0017867
-0.000449575
-0.012984
0.00130341
-0.000727857
-0.00581916
0.000898709
-0.000654964
-0.00141462
0.000315499
-0.000128691
-0.0472367
0.00226842
-0.000243136
-0.034098
0.00200245
-0.000187481
-0.0220381
0.0018397
8.7882e-05
-0.0119183
0.00139851
-5.58732e-05
-0.00540088
0.000869753
2.84362e-05
-0.00134442
0.000293172
8.87625e-05
-0.00037249
0.000114892
-0.000155277
-0.000195912
0.000180318
-0.000213373
-0.0608863
0.002552
-0.00113983
-0.00061941
9.27696e-05
-1.36871e-06
0.000140068
-2.61053e-06
0.000887564
-0.000402711
-1.04479e-05
0.00718751
-0.0544472
0.00297858
0.0069851
-0.0413123
0.00268298
0.00639694
-0.028558
0.00240297
0.00554141
-0.0171653
0.0020761
0.00348376
-0.00911224
0.00151091
0.00221099
-0.00341538
0.000690824
-0.00765265
-0.054367
0.00184584
-0.00745376
-0.0412104
0.00160373
-0.00693018
-0.0285351
0.00135646
-0.00550563
-0.0174426
0.00123662
-0.00417797
-0.00892092
0.000931745
-0.00273192
-0.00350157
0.000403214
-0.000385048
-0.0549774
0.00241531
-0.000487611
-0.041704
0.00214853
-0.000556026
-0.0288405
0.0018962
-0.000354846
-0.0176335
0.00171597
-0.000678061
-0.00902686
0.00118202
-0.000760582
-0.00324845
0.000573672
-8.9595e-05
-0.0538185
0.00240965
-0.000174203
-0.0406549
0.00213552
-0.000251344
-0.0278705
0.00189324
-3.5138e-05
-0.0168093
0.00150536
-7.10255e-05
-0.00831388
0.0011502
-2.54981e-05
-0.00308791
0.000581308
0.000651501
-0.000709954
0.000125098
0.00407052
-0.0196499
0.00197985
