0.00654951
-0.054246
0.00327915
-0.00685137
-0.0542146
0.00150318
-0.000240525
-0.00012498
-8.36653e-05
0.000171845
3.76766e-05
6.82656e-05
0.00636432
-0.0559942
0.00326317
-0.00702643
-0.0560049
0.00153134
-0.000160646
-6.49546e-06
9.35971e-05
0.000123861
-5.62723e-05
-6.99787e-05
0.00646919
-0.0426312
0.00314032
0.00614267
-0.0310185
0.00300738
0.00541929
-0.0200467
0.0028316
0.00428025
-0.0116746
0.00247646
0.00285502
-0.00534385
0.00150205
0.00159708
-0.00157688
0.000646606
-0.006831
-0.0425428
0.00139248
-0.00656122
-0.0309054
0.00128308
-0.00570345
-0.0205189
0.000968475
-0.00433239
-0.0110212
0.000921166
-0.00292585
-0.00532975
0.000488559
-0.00155074
-0.0016246
-0.000151327
0.00630781
-0.044329
0.00308775
0.00593831
-0.0325835
0.00285158
0.00517651
-0.0213958
0.00248575
0.00386488
-0.0129526
0.00178032
0.00227863
-0.00598783
0.00115532
0.00112553
-0.00141356
0.000236558
-0.00701941
-0.0442416
0.00146097
-0.00680133
-0.0324617
0.00146086
-0.00588807
-0.0217735
0.00143963
-0.00472441
-0.0121999
0.00142035
-0.0036613
-0.00589694
0.000925007
-0.00200281
-0.00217255
0.000302332
-0.000138431
-0.0542311
0.00240123
0.000829986
-0.000587165
0.000271604
0.00643738
-0.0551271
0.00326163
-0.000939685
-0.000598493
-0.000156015
-0.00688369
-0.0551153
0.0015234
0.000171563
0.000137058
-5.50865e-05
-0.000336866
-0.000117749
7.07506e-05
0.000281777
-6.00339e-05
5.04599e-05
-0.000307442
-0.0559872
0.00240586
0.000516857
-0.000415527
-0.00013299
-0.000997465
-0.000808754
0.00031544
-6.10256e-05
6.64125e-05
-1.33372e-05
0.00652946
-0.0484788
0.00320581
0.00634317
-0.0367879
0.00307627
0.00583704
-0.0254543
0.00290839
0.00516559
-0.0153344
0.00263282
0.00347746
-0.00810241
0.00195825
0.0022663
-0.00319171
0.00102943
-0.00685306
-0.0484145
0.00144657
-0.00674521
-0.036688
0.00133841
-0.00625399
-0.0254355
0.00119661
-0.00510547
-0.0157035
0.000830869
-0.0035778
-0.00799834
0.000732095
-0.00226158
-0.00319215
0.000197868
0.00636316
-0.0502129
0.00317502
0.00617339
-0.0384129
0.00297827
0.00562697
-0.0269122
0.00266876
0.00466325
-0.0166444
0.00225116
0.00295313
-0.00901986
0.0015285
0.00169224
-0.00353798
0.000692133
-0.0070336
-0.0501686
0.00147511
-0.00692974
-0.0383201
0.00146141
-0.00655762
-0.0267892
0.00144801
-0.00526343
-0.0168759
0.00142868
-0.00421997
-0.00884887
0.00116875
-0.00299608
-0.00354923
0.000646937
0.00635174
-0.0434938
0.00312642
0.00604864
-0.0318457
0.00294403
0.00536322
-0.0208484
0.00264456
0.00407305
-0.0125282
0.00216742
0.00259557
-0.00570956
0.00136758
0.00154985
-0.00147899
0.000464035
-0.00682236
-0.0434062
0.00143884
-0.0065304
-0.0317355
0.00138437
-0.00567578
-0.0211571
0.00113976
-0.00441549
-0.0117295
0.00125701
-0.00319514
-0.00569543
0.000723
-0.00174796
-0.00191921
4.45377e-05
-0.000339496
-0.0442672
0.0022831
-0.000438356
-0.0324743
0.00216682
-0.000502941
-0.0213537
0.00198306
-0.000428955
-0.0124064
0.00150129
-0.000699627
-0.00576508
0.00103648
-0.000652
-0.00153846
0.000379112
-0.000196615
-0.0425606
0.00226833
-0.000262488
-0.030868
0.00213743
-0.000172737
-0.0201293
0.00202634
8.8726e-05
-0.011064
0.00159568
-1.32044e-05
-0.0051196
0.00101549
6.54887e-05
-0.00131422
0.000365817
0.000112352
-0.000374119
0.000149342
-0.000174325
-0.000299948
0.000215824
-0.000214274
-0.0551194
0.00238962
-0.00108121
-0.000640604
8.59079e-05
-8.41224e-06
0.000124086
-7.22971e-06
0.000839533
-0.000462762
6.48943e-05
0.00641005
-0.049358
0.00319816
0.00623478
-0.0376187
0.00304189
0.00572862
-0.0262202
0.00281736
0.00498758
-0.0160024
0.00246176
0.00319288
-0.00867383
0.00181762
0.00206418
-0.0033791
0.000896034
-0.00687435
-0.04929
0.00146613
-0.00669432
-0.0375279
0.0014182
-0.00622465
-0.0262029
0.0013239
-0.00498315
-0.0162396
0.00125235
-0.00382039
-0.00850826
0.000961873
-0.00253443
-0.0034493
0.000425356
-0.000299321
-0.050191
0.00233425
-0.000402381
-0.0383032
0.0022231
-0.000495958
-0.026748
0.00207731
-0.000344503
-0.0166365
0.0018979
-0.000641832
-0.00876314
0.00134794
-0.000741173
-0.0033214
0.000678944
-0.000167787
-0.0484379
0.00232718
-0.000226005
-0.0366935
0.00221248
-0.000250333
-0.0253229
0.00207027
-2.41689e-05
-0.015456
0.00171582
-3.65674e-05
-0.00779348
0.00132405
1.82423e-05
-0.00296683
0.000692065
0.000587949
-0.000813298
0.000219258
0.00364876
-0.0183948
0.00232706
