0.00634353
-0.0528623
0.00331444
-0.00664946
-0.052834
0.00142806
-0.000238746
-0.000124241
-8.391e-05
0.000172331
3.67819e-05
6.90697e-05
0.0061855
-0.0547225
0.00329875
-0.00679692
-0.0547321
0.00145454
-0.000160912
-7.5853e-06
9.31672e-05
0.000123982
-5.77812e-05
-6.88792e-05
0.00626931
-0.0416067
0.00319749
0.00596654
-0.0303586
0.00307472
0.00528905
-0.0197171
0.00288686
0.00420119
-0.0115464
0.00251745
0.00282989
-0.00533078
0.00153696
0.00159536
-0.00159099
0.000664992
-0.00662843
-0.0415246
0.00134362
-0.00636599
-0.0302545
0.00126215
-0.00554249
-0.0201682
0.00097111
-0.00422749
-0.0109188
0.000915378
-0.00287157
-0.00531158
0.000485715
-0.00153235
-0.00162937
-0.000151082
0.00613121
-0.0434152
0.00314739
0.00577645
-0.0320233
0.00292696
0.00504261
-0.0211481
0.00255735
0.00378168
-0.0128814
0.00184951
0.00224842
-0.00602578
0.00120071
0.00111489
-0.00146286
0.000258375
-0.00679262
-0.0433293
0.00140933
-0.00659464
-0.0319003
0.00143185
-0.00573321
-0.021503
0.00142191
-0.00462754
-0.0121558
0.00139398
-0.0036105
-0.00592761
0.000908469
-0.00198953
-0.0022103
0.000293038
-0.000140882
-0.0528487
0.00238017
0.000832952
-0.000598625
0.000280364
0.00624568
-0.0537994
0.00329755
-0.000931934
-0.000602367
-0.000158042
-0.00667222
-0.0537884
0.00144746
0.000171988
0.000136478
-5.31756e-05
-0.000334948
-0.000117582
6.81728e-05
0.000281658
-6.23593e-05
5.10319e-05
-0.000283865
-0.0547157
0.0023843
0.000512177
-0.000443332
-0.000120926
-0.000996439
-0.000835232
0.000307775
-6.1723e-05
6.35832e-05
-1.26916e-05
0.00632494
-0.047272
0.00325261
0.00615252
-0.0359468
0.00314078
0.0056815
-0.0249642
0.00297369
0.0050485
-0.0151309
0.00268668
0.00343145
-0.0080482
0.0019986
0.00225521
-0.00319926
0.00105726
-0.00665067
-0.0472124
0.00138316
-0.00654421
-0.0358545
0.00130494
-0.00607004
-0.0249487
0.00118638
-0.00496952
-0.0154828
0.000834357
-0.00350174
-0.00794463
0.000728067
-0.00222653
-0.00319264
0.000195571
0.00618419
-0.0491181
0.00322335
0.00600215
-0.0376801
0.00304756
0.00547582
-0.026514
0.00274591
0.00454922
-0.0165089
0.00232099
0.00290403
-0.00902347
0.00158453
0.00167407
-0.00358828
0.000727318
-0.00680449
-0.0490745
0.00141065
-0.00671217
-0.0375857
0.00142222
-0.00636809
-0.0263894
0.001426
-0.00514071
-0.016727
0.00140719
-0.00414681
-0.00884949
0.00114896
-0.00296532
-0.0035917
0.000632682
0.00616514
-0.0425246
0.00318434
0.00587801
-0.031233
0.00301638
0.00522724
-0.0205552
0.00271129
0.00399017
-0.0124209
0.00222134
0.00256512
-0.0057206
0.00140807
0.00153986
-0.00151134
0.000486529
-0.00661334
-0.0424418
0.00138885
-0.0063356
-0.0311291
0.00136044
-0.00552116
-0.0208475
0.00113605
-0.00431777
-0.0116544
0.00123894
-0.00314127
-0.0057028
0.00071407
-0.0017307
-0.00193845
4.12942e-05
-0.00031587
-0.0433552
0.00228611
-0.000416416
-0.0319156
0.00218863
-0.000486112
-0.0211046
0.00200892
-0.000418468
-0.0123556
0.00152607
-0.000687556
-0.00580434
0.00105073
-0.000648626
-0.00158515
0.000384586
-0.000193985
-0.0415409
0.00227169
-0.000249492
-0.0302182
0.0021593
-0.000156755
-0.0197965
0.00205006
9.5332e-05
-0.0109599
0.00161982
-1.15347e-06
-0.00510982
0.00103215
7.27987e-05
-0.0013271
0.000374133
0.000116204
-0.000382698
0.000153705
-0.000175776
-0.000329539
0.000219743
-0.000204459
-0.0537922
0.00236908
-0.0010737
-0.000653977
8.1032e-05
-9.70029e-06
0.00012088
-8.06912e-06
0.000835848
-0.000485067
7.69364e-05
0.00621991
-0.0482068
0.00324518
0.00605453
-0.0368314
0.00310878
0.00557523
-0.0257753
0.00288853
0.00486834
-0.0158322
0.00252306
0.00314347
-0.00864405
0.0018646
0.00204613
-0.00340778
0.000928604
-0.00666319
-0.0481429
0.00140229
-0.00649191
-0.0367445
0.00138267
-0.0060442
-0.0257581
0.0013094
-0.0048607
-0.0160567
0.00123923
-0.0037453
-0.00848223
0.000951104
-0.00249926
-0.00347157
0.000418067
-0.000276735
-0.0490967
0.00232556
-0.000377575
-0.037574
0.00223653
-0.00047503
-0.0263537
0.00210348
-0.000336789
-0.0164986
0.00191784
-0.000626994
-0.0087711
0.00136587
-0.000732696
-0.00337219
0.000689538
-0.0001679
-0.0472343
0.00231842
-0.000219668
-0.0358585
0.00222671
-0.000234431
-0.0248403
0.0020963
-1.26032e-05
-0.0152457
0.00174447
-2.37724e-05
-0.00774853
0.00134435
2.84007e-05
-0.00297509
0.000704615
0.00058183
-0.000849702
0.000233335
0.00355821
-0.0182008
0.00238218
