0.00590993
-0.0499583
0.00339121
-0.00619117
-0.0499366
0.00130566
-0.000236516
-0.000123576
-8.46432e-05
0.000173876
3.49694e-05
7.08228e-05
0.00579257
-0.0520213
0.00337646
-0.00629747
-0.0520284
0.00132814
-0.000161753
-9.68769e-06
9.2243e-05
0.000125835
-6.1754e-05
-6.71751e-05
0.00584963
-0.0394886
0.00330575
0.00559965
-0.0290333
0.00319259
0.00502254
-0.0190977
0.00297542
0.00404515
-0.0113381
0.00257788
0.00278754
-0.00534229
0.00159391
0.00159763
-0.00163632
0.00069691
-0.00616996
-0.0394206
0.00126019
-0.00593011
-0.0289475
0.00122072
-0.0051917
-0.0194984
0.000968341
-0.00400811
-0.0107655
0.000889998
-0.00276607
-0.00530946
0.000468412
-0.00150206
-0.00165341
-0.000157407
0.00574424
-0.0414989
0.00326168
0.00542702
-0.0308822
0.00306342
0.00476235
-0.0206838
0.00268244
0.00361722
-0.0127803
0.00197146
0.00219993
-0.00613869
0.00127898
0.00110385
-0.00157806
0.000295265
-0.00629903
-0.0414181
0.00131853
-0.00614564
-0.0307592
0.00137054
-0.00540135
-0.0209881
0.00137176
-0.0044247
-0.0121154
0.00132256
-0.0035077
-0.00602428
0.000861664
-0.00196478
-0.00230233
0.000267838
-0.000129738
-0.0499477
0.00235486
0.000842006
-0.000629902
0.000295758
0.00583419
-0.0509964
0.0033759
-0.000921602
-0.000616837
-0.000165868
-0.00620259
-0.0509872
0.0013229
0.000172581
0.000135351
-4.96808e-05
-0.000332467
-0.000117741
6.33177e-05
0.00028323
-6.77667e-05
5.24507e-05
-0.000234331
-0.052015
0.00235794
0.000508251
-0.00050638
-0.000101141
-0.000995925
-0.000895562
0.000289694
-6.2267e-05
5.78319e-05
-1.2101e-05
0.00589475
-0.0447548
0.00334634
0.00575359
-0.0342288
0.00325782
0.00535981
-0.0240035
0.00308435
0.00481003
-0.0147725
0.00277239
0.00334604
-0.00798572
0.00206224
0.00224038
-0.00324168
0.00110418
-0.00619152
-0.0447058
0.0012777
-0.00609177
-0.0341526
0.00124506
-0.00566367
-0.0239929
0.00116081
-0.00467817
-0.0150846
0.00083133
-0.00334782
-0.00788062
0.000706673
-0.00216229
-0.00321772
0.000181662
0.00579107
-0.0468041
0.0033208
0.00562903
-0.036161
0.00317609
0.00515392
-0.0257251
0.00288357
0.00431552
-0.0162799
0.00244194
0.00281463
-0.00907369
0.0016817
0.00164996
-0.00371653
0.000788164
-0.00630571
-0.0467631
0.00130224
-0.00623873
-0.0360661
0.00134805
-0.00595772
-0.0255991
0.00137239
-0.00488097
-0.0164691
0.00134668
-0.0039956
-0.00889366
0.00109282
-0.0029052
-0.0037022
0.00059382
0.00576564
-0.0405067
0.00329434
0.00551616
-0.0299937
0.00314492
0.00494437
-0.0200029
0.00282466
0.00382492
-0.0122495
0.00231011
0.00251304
-0.00577981
0.00147628
0.00152724
-0.00159314
0.000526297
-0.00615027
-0.0404353
0.00130187
-0.00590752
-0.0299035
0.00131068
-0.00518738
-0.0202568
0.00111789
-0.00411287
-0.0115526
0.00118568
-0.00303354
-0.00575203
0.000683696
-0.00169953
-0.0019926
2.84182e-05
-0.000265306
-0.0414439
0.0022958
-0.00036651
-0.0307797
0.00222339
-0.000445492
-0.0206381
0.00204447
-0.000391652
-0.0123001
0.00155961
-0.000657212
-0.00591982
0.00106651
-0.000638784
-0.00169481
0.000389291
-0.00017187
-0.0394337
0.00228256
-0.00020747
-0.0289147
0.00219546
-0.000113242
-0.0191685
0.00208118
0.000114092
-0.0108037
0.00165146
2.56665e-05
-0.00512695
0.00105337
8.70857e-05
-0.00136824
0.00038544
0.000122976
-0.000406727
0.000160385
-0.000176376
-0.000395204
0.000224814
-0.000175726
-0.0509904
0.00234507
-0.00106161
-0.000687848
6.8778e-05
-1.20932e-05
0.000114449
-9.58817e-06
0.000833131
-0.000537672
9.82429e-05
0.00581214
-0.0457901
0.00333948
0.00567005
-0.0352119
0.00323117
0.00525264
-0.0248984
0.00301197
0.00462292
-0.0155378
0.00262479
0.00305139
-0.00862812
0.00194197
0.00201878
-0.00349273
0.000984878
-0.00619447
-0.045736
0.00129537
-0.0060449
-0.035134
0.00131658
-0.00565053
-0.0248807
0.00127277
-0.00460017
-0.0157327
0.00119755
-0.00359104
-0.00847256
0.000914646
-0.00243147
-0.00354107
0.000393982
-0.000229225
-0.0467843
0.00231864
-0.000323225
-0.0360646
0.00226076
-0.000426196
-0.0255755
0.00214268
-0.000316221
-0.0162653
0.00193952
-0.00059027
-0.00883124
0.00138634
-0.00071104
-0.0035007
0.000701232
-0.000151605
-0.0447243
0.00231167
-0.000190167
-0.034154
0.00225278
-0.000188229
-0.0238958
0.00213589
1.86432e-05
-0.014872
0.00178592
6.6491e-06
-0.00770507
0.00137013
4.96424e-05
-0.00301749
0.000720936
0.000575165
-0.000934462
0.000257157
0.00337223
-0.0178521
0.0024733
