0.00568512
-0.0484476
0.00343227
-0.00593762
-0.0484294
0.00126043
-0.000235968
-0.000123602
-8.50876e-05
0.000174872
3.40406e-05
7.17444e-05
0.00558042
-0.050599
0.00341815
-0.00603118
-0.0506049
0.00128066
-0.000162281
-1.06936e-05
9.17363e-05
0.000127475
-6.41553e-05
-6.65445e-05
0.00563236
-0.0383995
0.00335572
0.00541058
-0.0283673
0.0032417
0.00488664
-0.018804
0.00300769
0.00396767
-0.0112541
0.00259674
0.00276935
-0.00536428
0.00161563
0.001601
-0.00166668
0.000710301
-0.00591691
-0.0383391
0.00122685
-0.005692
-0.0282906
0.00120067
-0.00500341
-0.0191758
0.000963016
-0.00389387
-0.0107103
0.000870971
-0.00271432
-0.00532318
0.000454615
-0.00148961
-0.00167199
-0.000163421
0.00553574
-0.0404984
0.00331513
0.0052408
-0.0302986
0.00312282
0.00461659
-0.0204615
0.00273452
0.00353564
-0.0127453
0.00202323
0.00218076
-0.00621002
0.00131153
0.00110283
-0.0016426
0.000310403
-0.00603577
-0.0404211
0.00128071
-0.00590609
-0.0301768
0.00133896
-0.0052256
-0.0207387
0.00133993
-0.00431869
-0.0121135
0.00127845
-0.00345508
-0.00608688
0.000832151
-0.0019528
-0.00235512
0.000252406
-0.000116152
-0.0484386
0.00235149
0.000847773
-0.000649373
0.000302327
0.00561676
-0.0495297
0.00341789
-0.000918621
-0.000627171
-0.000171325
-0.00594756
-0.0495215
0.00127636
0.000172713
0.00013475
-4.8084e-05
-0.000331791
-0.000118032
6.1045e-05
0.000284788
-7.07924e-05
5.32632e-05
-0.000209173
-0.0505931
0.00235402
0.000508715
-0.000541058
-9.32828e-05
-0.000996146
-0.000928766
0.00027947
-6.21267e-05
5.49173e-05
-1.21267e-05
0.0056718
-0.0434516
0.0033925
0.00554752
-0.0333538
0.00330902
0.0051947
-0.0235304
0.00312838
0.00468873
-0.0146132
0.00280331
0.00330574
-0.00797396
0.00208506
0.00223579
-0.0032749
0.00112307
-0.00593762
-0.0434084
0.00123733
-0.0058431
-0.0332859
0.00121941
-0.0054434
-0.0235214
0.0011457
-0.00452367
-0.0149032
0.000825024
-0.0032697
-0.00786703
0.000689939
-0.00213248
-0.00324088
0.000170696
0.00557888
-0.0455896
0.00336908
0.00542881
-0.0353742
0.00323382
0.0049842
-0.0253299
0.00294243
0.00419603
-0.0161806
0.00249187
0.00277355
-0.00911561
0.00172221
0.00164319
-0.003792
0.000813699
-0.00603971
-0.0455505
0.00126002
-0.00598604
-0.0352802
0.00131403
-0.00573903
-0.0252043
0.0013414
-0.0047444
-0.0163545
0.00130844
-0.00391716
-0.0089327
0.0010573
-0.00287515
-0.00376794
0.000569865
0.0055549
-0.0394614
0.00334527
0.00532654
-0.0293656
0.00319953
0.00479812
-0.0197389
0.00286998
0.00374227
-0.0121809
0.00234416
0.00249056
-0.00582489
0.00150363
0.00152398
-0.00164148
0.000543481
-0.00589924
-0.0393963
0.00126614
-0.00567674
-0.0292826
0.00128541
-0.00500958
-0.0199714
0.0011037
-0.00400582
-0.0115209
0.00115127
-0.00297922
-0.00579097
0.00066294
-0.00168514
-0.00202643
1.92915e-05
-0.000239177
-0.0404466
0.00230258
-0.000339266
-0.0301997
0.00223589
-0.000422179
-0.0204152
0.00205374
-0.000375578
-0.01229
0.00156824
-0.000639075
-0.00599251
0.00106824
-0.000632261
-0.00175642
0.000388754
-0.000152586
-0.0383506
0.00229015
-0.000178981
-0.0282603
0.0022093
-8.6266e-05
-0.0188695
0.00208822
0.000125977
-0.0107475
0.00165881
4.02487e-05
-0.00515137
0.00105808
9.40224e-05
-0.0013958
0.000388613
0.000125883
-0.000421947
0.00016278
-0.000175552
-0.000430765
0.000226051
-0.000157186
-0.0495243
0.00234244
-0.0010567
-0.000707924
6.16447e-05
-1.31866e-05
0.00011121
-1.0252e-05
0.000833754
-0.000567467
0.000107509
0.0055968
-0.0445306
0.00338598
0.00546775
-0.0343803
0.00328523
0.00508454
-0.0244629
0.00306273
0.00449704
-0.0154084
0.00266417
0.00300798
-0.00863794
0.00197183
0.00200872
-0.00354693
0.00100838
-0.00594
-0.0444819
0.00125399
-0.00580308
-0.0343076
0.00128686
-0.00543934
-0.0244446
0.00125102
-0.0044627
-0.0155869
0.00116958
-0.00351165
-0.008485
0.000889663
-0.00239832
-0.00358637
0.000377814
-0.000205067
-0.045571
0.00232087
-0.000294523
-0.0352837
0.00227135
-0.000398935
-0.025187
0.00215521
-0.000303615
-0.0161641
0.00194111
-0.000568639
-0.00887875
0.00138897
-0.000697877
-0.00357605
0.000702574
-0.000135295
-0.043425
0.00231415
-0.000167329
-0.0332863
0.00226435
-0.000158527
-0.0234312
0.00214895
3.79091e-05
-0.0147043
0.00179837
2.39897e-05
-0.00770307
0.00137564
6.06283e-05
-0.00305011
0.000724896
0.000574309
-0.000981957
0.000266947
0.00327702
-0.0176918
0.00250834
