0.00545684
-0.0469047
0.00347473
-0.00567002
-0.0468899
0.0012269
-0.000235732
-0.000123833
-8.55544e-05
0.000175972
3.30884e-05
7.26756e-05
0.00535934
-0.0491342
0.00346134
-0.00575646
-0.0491389
0.00124473
-0.000162847
-1.16651e-05
9.11912e-05
0.000129528
-6.67893e-05
-6.60452e-05
0.00541187
-0.0372935
0.00340222
0.00521887
-0.0276986
0.00328347
0.00474919
-0.018518
0.00303141
0.00389018
-0.0111807
0.0026077
0.00275245
-0.00539532
0.00163258
0.00160543
-0.00170161
0.000721824
-0.0056502
-0.0372408
0.00119978
-0.00544235
-0.0276309
0.00118141
-0.00480763
-0.0188591
0.000955242
-0.00377671
-0.0106665
0.000848194
-0.00266285
-0.00534513
0.000437858
-0.00147855
-0.00169447
-0.000170976
0.00531865
-0.0394713
0.00336535
0.00504793
-0.0297043
0.00317536
0.00446748
-0.0202417
0.0027788
0.00345418
-0.0127169
0.00206821
0.00216428
-0.00628869
0.00133941
0.00110437
-0.00171085
0.000323331
-0.00576403
-0.0393981
0.00124873
-0.00565846
-0.0295847
0.00130732
-0.0050442
-0.0204909
0.00130415
-0.00420959
-0.0121198
0.00122948
-0.00340124
-0.0061566
0.000799098
-0.00194073
-0.00241139
0.000235389
-9.73698e-05
-0.0468973
0.00235467
0.00085414
-0.000671174
0.000308066
0.00539322
-0.0480255
0.00346136
-0.000916823
-0.000639404
-0.000177593
-0.00568135
-0.0480184
0.00124138
0.000172709
0.000134084
-4.65815e-05
-0.000331413
-0.00011844
5.8878e-05
0.000286767
-7.39938e-05
5.41175e-05
-0.000184253
-0.0491287
0.00235664
0.000510595
-0.000577447
-8.67134e-05
-0.000996483
-0.000963552
0.000268574
-6.17199e-05
5.19818e-05
-1.23475e-05
0.00544546
-0.0421238
0.00343765
0.0053385
-0.0324693
0.00335455
0.00502743
-0.0230603
0.00316413
0.00456609
-0.014464
0.00282575
0.00326641
-0.00797275
0.00210157
0.00223248
-0.00331501
0.00113871
-0.00566973
-0.0420865
0.00120611
-0.00558158
-0.0324097
0.00119709
-0.00521333
-0.0230523
0.00112931
-0.0043639
-0.0147305
0.000815774
-0.00319058
-0.00786342
0.000669668
-0.00210378
-0.00327014
0.000157491
0.00535779
-0.0443403
0.00341648
0.00522075
-0.034569
0.00328628
0.00480938
-0.0249312
0.00299366
0.00407486
-0.0160872
0.00253403
0.00273425
-0.00916542
0.00175691
0.00163933
-0.00387331
0.000835834
-0.0057652
-0.0443035
0.00122671
-0.00572497
-0.0344767
0.00128271
-0.0055129
-0.0248066
0.00130815
-0.0046037
-0.0162455
0.00126555
-0.00383658
-0.00897984
0.00101744
-0.00284466
-0.00383908
0.000543329
0.00533836
-0.0383943
0.00339279
0.00513226
-0.0287307
0.00324678
0.00464908
-0.0194796
0.00290698
0.00365936
-0.0121205
0.00237083
0.00246984
-0.00587813
0.00152621
0.00152232
-0.00169401
0.000558744
-0.00563743
-0.0383357
0.00123633
-0.00543663
-0.028655
0.0012603
-0.0048255
-0.0196895
0.00108639
-0.00389577
-0.0114987
0.00111229
-0.00292429
-0.00583743
0.000638954
-0.00167122
-0.00206403
8.69795e-06
-0.000213003
-0.039423
0.00231067
-0.000311002
-0.0296098
0.00224495
-0.000397233
-0.0201949
0.00205722
-0.000357943
-0.0122875
0.00157142
-0.000619088
-0.00607268
0.00106598
-0.000624643
-0.00182161
0.000386416
-0.000128094
-0.0372507
0.0022992
-0.000145974
-0.0276034
0.00222012
-5.62311e-05
-0.0185778
0.00208945
0.000139342
-0.0107028
0.0016605
5.54907e-05
-0.00518466
0.00105894
0.000100797
-0.00142756
0.000390213
0.00012846
-0.000439161
0.000164571
-0.000174
-0.000467794
0.000226458
-0.000136169
-0.0480209
0.00234641
-0.00105231
-0.000729811
5.39911e-05
-1.42042e-05
0.000107945
-1.08434e-05
0.000835454
-0.000599248
0.000115819
0.00537547
-0.0432413
0.00343149
0.0052601
-0.0335346
0.00333368
0.00491264
-0.0240269
0.00310534
0.0043692
-0.015287
0.00269526
0.00296576
-0.0086568
0.00199543
0.00200048
-0.00360751
0.0010286
-0.00567443
-0.0431983
0.00122157
-0.00555108
-0.0334674
0.00125991
-0.00522007
-0.0240078
0.00122736
-0.00432086
-0.0154484
0.00113736
-0.00343057
-0.00850618
0.000860713
-0.00236529
-0.00363739
0.000359315
-0.00018112
-0.044323
0.00232708
-0.000265365
-0.0344849
0.00228081
-0.000370252
-0.0247956
0.00216281
-0.000289672
-0.0160689
0.00193654
-0.000545042
-0.00893458
0.00138662
-0.00068319
-0.00365716
0.000701046
-0.000113753
-0.0421012
0.00232072
-0.00013945
-0.0324093
0.00227483
-0.000124904
-0.0229698
0.00215729
5.93015e-05
-0.0145463
0.00180515
4.25562e-05
-0.00771179
0.00137628
7.17968e-05
-0.00308933
0.000726149
0.000574877
-0.00103227
0.000275312
0.00318043
-0.0175368
0.00253582
