0.00408711
-0.037262
0.00373382
-0.0038801
-0.0372662
0.0012873
-0.000237894
-0.000127963
-8.75988e-05
0.000182468
2.65923e-05
7.73839e-05
0.00391824
-0.0397027
0.00372595
-0.00404019
-0.0397018
0.00128993
-0.000165319
-1.65333e-05
8.66529e-05
0.000147448
-8.52888e-05
-6.51238e-05
0.00408668
-0.0304285
0.00358488
0.00405661
-0.0235988
0.00336085
0.00390189
-0.0168318
0.00298226
0.00340995
-0.010835
0.00249748
0.0026485
-0.00568778
0.00161953
0.00163376
-0.00197812
0.000740829
-0.00387137
-0.0304197
0.00118666
-0.003793
-0.023577
0.00110189
-0.00352661
-0.0169695
0.000875273
-0.00301857
-0.0105051
0.000659466
-0.00234259
-0.00557399
0.000295435
-0.00142416
-0.00188745
-0.000235376
0.00390485
-0.0328304
0.00357205
0.0037984
-0.0258364
0.00331927
0.00351847
-0.0187942
0.00285729
0.00295247
-0.0125189
0.002173
0.00208864
-0.00679467
0.00139413
0.00114573
-0.00215109
0.000350295
-0.00406219
-0.0327895
0.00120137
-0.00408998
-0.025746
0.0011455
-0.00388027
-0.0188751
0.00104159
-0.00349517
-0.0121507
0.000871463
-0.00303722
-0.00661226
0.00054996
-0.00185105
-0.00277224
0.000111355
0.000106296
-0.0372641
0.00250781
0.000893669
-0.000838316
0.000319519
0.00399556
-0.0384861
0.00372715
-0.000918555
-0.000743148
-0.00022441
-0.00395593
-0.0384854
0.00129174
0.00016852
0.000127052
-3.94942e-05
-0.000331695
-0.000122234
4.81071e-05
0.000302917
-9.48868e-05
5.87145e-05
-5.66741e-05
-0.0397007
0.00250647
0.000541861
-0.000811432
-7.34215e-05
-0.000991398
-0.00118295
0.000193216
-5.40192e-05
3.43117e-05
-1.70115e-05
0.00408695
-0.0338502
0.00366256
0.00407891
-0.0270072
0.00348702
0.00400533
-0.0202127
0.00318862
0.00380437
-0.0136374
0.0027688
0.00302323
-0.0080751
0.0020542
0.00221255
-0.00364625
0.0011508
-0.00387915
-0.0338473
0.00122775
-0.00384487
-0.0269925
0.00115135
-0.00370173
-0.0202024
0.0010248
-0.00332333
-0.0137508
0.000717773
-0.00268517
-0.0079454
0.000497671
-0.00193491
-0.00352642
4.8095e-05
0.00391723
-0.0362825
0.00365554
0.00386819
-0.0293465
0.00346295
0.00368654
-0.0223243
0.00311429
0.00331334
-0.0154619
0.00260205
0.00250552
-0.00947692
0.00182459
0.0016478
-0.00439967
0.000886772
-0.00404903
-0.0362634
0.00123323
-0.00408052
-0.0292785
0.00117697
-0.00407043
-0.0222221
0.00109375
-0.00369225
-0.0155265
0.000948398
-0.00330107
-0.00928517
0.000717485
-0.00263327
-0.00430226
0.000347539
0.0039832
-0.0316363
0.00358159
0.0039162
-0.024726
0.00335298
0.00371416
-0.0178697
0.00293494
0.00314547
-0.0117868
0.0023595
0.00235361
-0.00626679
0.001546
0.00152494
-0.00205854
0.000600309
-0.00394285
-0.031618
0.00120194
-0.00388363
-0.0246938
0.00113764
-0.00363463
-0.0179353
0.000941489
-0.00317882
-0.0114063
0.000815837
-0.00256893
-0.00617865
0.000448137
-0.0015829
-0.00233167
-7.38287e-05
-7.37634e-05
-0.0328074
0.00238507
-0.000141646
-0.0257786
0.00222856
-0.000231663
-0.0187513
0.00196196
-0.000232047
-0.0122589
0.00148045
-0.000468894
-0.00659361
0.00097269
-0.000555938
-0.00224119
0.000337257
0.000105658
-0.0304216
0.00238161
0.0001203
-0.0235713
0.0022215
0.000167503
-0.0168518
0.00198146
0.000241897
-0.0105387
0.00155613
0.000155411
-0.0054903
0.000985359
0.000136735
-0.00168249
0.000366766
0.000136325
-0.000575826
0.000161404
-0.000150477
-0.000702429
0.000211298
2.50174e-05
-0.0384856
0.00250439
-0.00102656
-0.000884366
2.15364e-06
-1.84405e-05
8.74589e-05
-1.27157e-05
0.000856578
-0.000813742
0.000141739
0.00399134
-0.0350707
0.00365882
0.00396021
-0.0281859
0.00348286
0.00383383
-0.0212873
0.00316877
0.0035683
-0.0145619
0.00269094
0.0027121
-0.00882901
0.00198993
0.0019633
-0.00403552
0.0010675
-0.00395386
-0.0350619
0.00123375
-0.00391946
-0.0281539
0.00117875
-0.00380277
-0.0212628
0.00107109
-0.00339973
-0.0146142
0.000887131
-0.00290343
-0.00869005
0.000629776
-0.00215412
-0.00399949
0.000215521
-5.82579e-05
-0.0362746
0.00244474
-0.000102448
-0.0293069
0.00231347
-0.000189891
-0.0222437
0.00210852
-0.000190002
-0.0154377
0.00178877
-0.00037505
-0.00929186
0.00127325
-0.000566712
-0.00418493
0.000634572
0.000105024
-0.0338503
0.00244265
0.000109133
-0.0269913
0.00231344
0.00013394
-0.0201733
0.00211093
0.000218135
-0.0136632
0.00172991
0.000171073
-0.00787679
0.00128143
0.000139826
-0.00341342
0.000677612
0.000597127
-0.00136328
0.000291849
0.00257506
-0.0165405
0.00252899
