-9.9129e-05
-0.0139951
-5.70377e-05
-3.37288e-05
-0.0140165
7.15218e-05
-0.000301376
-0.000178858
-7.67046e-05
0.000179513
1.61938e-05
5.87134e-05
-3.61551e-05
-0.0138809
-4.73945e-05
2.58284e-05
-0.0138719
6.00342e-05
-0.000161157
-1.03365e-05
7.32762e-05
0.000228132
-0.000128761
-8.62808e-05
-4.93068e-05
-0.0141266
-1.24057e-05
0.000224437
-0.0143966
3.27669e-06
0.000939365
-0.0143202
-7.66299e-05
0.00175389
-0.0118255
-9.48919e-05
0.00219951
-0.00773697
-7.23459e-06
0.00156028
-0.00321508
1.2409e-05
-1.33417e-05
-0.0142044
0.000122395
-7.52556e-05
-0.0145588
0.000216667
-0.000596617
-0.0140006
0.000363515
-0.00146103
-0.012116
5.55582e-05
-0.0020158
-0.0074266
-0.000165254
-0.00163963
-0.00296994
-0.000456355
-5.33373e-06
-0.0140266
2.25185e-05
0.000230983
-0.0143267
0.000130584
0.000797287
-0.0142715
0.000214776
0.00161118
-0.0118165
0.000261689
0.00212279
-0.00784792
-2.58954e-07
0.0015324
-0.0028915
-0.000293027
5.01223e-05
-0.0140808
0.00010825
-7.07452e-05
-0.0144191
0.000131286
-0.00079425
-0.0139634
7.59984e-05
-0.00168987
-0.01222
-0.000216753
-0.00217622
-0.00764588
-0.000151549
-0.00159502
-0.0033771
-0.000167773
-7.15862e-05
-0.0140027
1.14372e-06
0.000885765
-0.00149488
-1.96327e-05
-5.80035e-05
-0.0139356
-4.59771e-05
-0.00114181
-0.00131542
-0.000352134
-4.54435e-05
-0.0139426
6.44313e-05
7.72779e-05
6.72108e-05
-7.21128e-05
-0.000376807
-0.000154978
7.64774e-05
0.000359175
-0.000119592
5.45288e-05
-2.73622e-05
-0.0138827
1.78787e-07
0.000808108
-0.00116284
-0.000389909
-0.000925398
-0.00150412
6.50026e-05
1.22078e-05
2.0766e-05
-5.69331e-05
-8.76003e-05
-0.0140328
-3.39634e-05
4.35833e-05
-0.014258
3.45773e-06
0.000522464
-0.0144269
-6.95171e-06
0.00123143
-0.0134546
-3.99056e-05
0.00214666
-0.0100238
-2.55763e-05
0.00199651
-0.00537879
-1.43556e-05
-2.60489e-05
-0.0140754
8.75011e-05
-1.63295e-05
-0.0143776
0.000174094
-0.00023452
-0.0145189
0.000265342
-0.000992328
-0.0132752
0.000315913
-0.00185231
-0.00983536
-5.61114e-05
-0.00196103
-0.00506115
-0.000296423
-3.6505e-05
-0.0139218
-1.33318e-05
7.43581e-05
-0.0141836
7.33267e-05
0.000452249
-0.0143811
0.000196519
0.00115375
-0.0134524
0.000216687
0.0020313
-0.0101284
0.000141395
0.00194879
-0.00540062
-0.000148239
3.82637e-05
-0.0139436
8.62778e-05
5.61959e-06
-0.0142439
0.000128547
-0.000266715
-0.0144679
0.000115945
-0.00130252
-0.0133077
-5.9449e-05
-0.00199691
-0.0100456
-0.00017484
-0.00212477
-0.00523594
-0.000142024
-4.45624e-06
-0.0140734
-1.96219e-06
0.000216128
-0.0143364
6.69406e-05
0.000795944
-0.0142098
0.000101445
0.00158236
-0.0117381
9.17173e-05
0.00205611
-0.00777897
3.08728e-05
0.00156127
-0.00305398
-5.69725e-05
-5.322e-05
-0.0141411
0.000111155
-0.000174216
-0.0144576
0.000173249
-0.000735063
-0.0140059
0.000264304
-0.00152653
-0.0120694
-9.69761e-05
-0.00192999
-0.00755369
-0.000119736
-0.00150076
-0.00318969
-0.000283819
-5.98892e-06
-0.0140614
5.81376e-05
6.36063e-05
-0.0144039
0.000125004
0.000121887
-0.014304
0.000125024
4.0714e-05
-0.012117
0.000131679
-2.6878e-05
-0.00775775
-4.33296e-05
-0.000245341
-0.00295485
-0.000109373
-1.86395e-05
-0.0141785
4.89232e-05
0.000123898
-0.0145483
9.18277e-05
0.0001902
-0.0142719
5.15903e-05
0.000117499
-0.0121166
4.86864e-05
7.6661e-05
-0.00756761
-3.99286e-05
-4.81366e-05
-0.00289416
-7.70063e-05
-4.86672e-05
-0.00119815
-2.66049e-05
2.97123e-05
-0.00104109
9.41091e-06
-5.83004e-05
-0.0139394
8.86303e-06
-0.00104134
-0.00136721
-5.76153e-05
-1.05733e-05
5.75167e-05
2.01887e-05
0.000965128
-0.00129059
-0.000170114
-4.21994e-05
-0.013972
-2.75998e-05
7.50533e-05
-0.0142157
3.09818e-05
0.000486223
-0.0143913
8.09932e-05
0.00109079
-0.013477
9.07386e-05
0.00198764
-0.0100243
6.0295e-05
0.00189386
-0.00539181
-1.66673e-05
-4.44888e-05
-0.0140147
8.50667e-05
-0.000105056
-0.0143001
0.000147942
-0.000360872
-0.0144387
0.000197923
-0.00120371
-0.0133202
5.54044e-05
-0.00179905
-0.00990943
-8.39092e-05
-0.00185845
-0.00519952
-0.000176296
-3.27612e-05
-0.0139322
3.2252e-05
4.19221e-05
-0.0142583
8.85148e-05
0.000118644
-0.0145096
0.0001427
1.88627e-05
-0.013455
6.06395e-05
7.58923e-05
-0.0101516
1.48234e-05
-0.000174723
-0.00524399
-9.4267e-05
-4.89583e-05
-0.0140593
2.49669e-05
3.12061e-05
-0.0143424
7.56046e-05
0.000183055
-0.014569
0.000101188
0.000141749
-0.0134349
0.000136482
0.000156537
-0.0100114
3.95847e-07
-5.35468e-06
-0.0051272
-6.45623e-05
0.000792327
-0.00201379
-0.000124683
0.000763833
-0.0138234
0.000136084
