0.00365565
-0.0340192
0.00380764
-0.00326323
-0.034028
0.00140271
-0.000238543
-0.000129569
-8.74779e-05
0.000183432
2.40737e-05
7.8074e-05
0.00342597
-0.0364218
0.00380168
-0.00348528
-0.0364195
0.00140073
-0.000164917
-1.765e-05
8.4423e-05
0.000154013
-9.13573e-05
-6.52893e-05
0.00366703
-0.0281038
0.00360125
0.00368054
-0.0221861
0.00331835
0.00361543
-0.0162253
0.00289292
0.0032388
-0.0106987
0.00239218
0.00260052
-0.00578494
0.00156522
0.00163431
-0.00207901
0.000722625
-0.00325922
-0.0281067
0.00124193
-0.0032261
-0.0221758
0.00109871
-0.00308255
-0.0162968
0.000847197
-0.0027489
-0.0104291
0.000589877
-0.0022248
-0.00564972
0.000240491
-0.00140286
-0.00195981
-0.000259221
0.0034212
-0.0304736
0.00359576
0.00336779
-0.0244044
0.00329675
0.00318877
-0.0181892
0.00280779
0.00277361
-0.0123694
0.00213802
0.00205725
-0.00691946
0.00136303
0.00116147
-0.00228503
0.000337351
-0.00351007
-0.0304444
0.00124541
-0.00357192
-0.0243283
0.00111584
-0.00348365
-0.01822
0.000954047
-0.00323912
-0.0120794
0.000745713
-0.00289556
-0.00672517
0.000457856
-0.00180803
-0.00287597
6.60584e-05
0.000196829
-0.0340238
0.00260094
0.000901686
-0.000899858
0.000311785
0.00353623
-0.0352233
0.00380309
-0.000918203
-0.000783225
-0.000240578
-0.00337736
-0.0352245
0.00140389
0.000164939
0.000122926
-3.78909e-05
-0.00033094
-0.000123385
4.53304e-05
0.000307634
-0.000101415
5.93768e-05
-2.78298e-05
-0.0364209
0.00259861
0.000555077
-0.00088442
-7.89204e-05
-0.0009824
-0.00124815
0.000165844
-4.96264e-05
2.86768e-05
-1.94953e-05
0.00365849
-0.0310609
0.00370888
0.0036769
-0.0251447
0.00347285
0.0036682
-0.0192166
0.00312333
0.00354271
-0.0133263
0.00267537
0.00292879
-0.00809912
0.00197794
0.00219405
-0.00376279
0.00111728
-0.00326234
-0.0310673
0.00131365
-0.00324795
-0.0251417
0.00117617
-0.00318128
-0.0192035
0.000999327
-0.00295903
-0.0133895
0.000680036
-0.00250204
-0.00796267
0.000432102
-0.00187168
-0.00361731
6.61727e-06
0.00342523
-0.0334567
0.00370607
0.00340415
-0.0274604
0.0034623
0.00329884
-0.0213203
0.00307849
0.00304698
-0.0151493
0.00254931
0.00241871
-0.00951645
0.00178678
0.00164892
-0.00454844
0.000867233
-0.00349372
-0.0334439
0.001314
-0.0035425
-0.027404
0.00118265
-0.00358771
-0.0212305
0.0010331
-0.00337383
-0.0151855
0.000838698
-0.00310234
-0.00932835
0.000608286
-0.00254461
-0.00443253
0.000275597
0.00353603
-0.0292935
0.0035997
0.00351081
-0.0232974
0.00331752
0.00339494
-0.0172493
0.00286778
0.00296362
-0.0116229
0.00228626
0.00230547
-0.00637402
0.00150192
0.00152088
-0.00217793
0.00058998
-0.00337444
-0.0292871
0.00124963
-0.0033594
-0.0232783
0.00111926
-0.00322574
-0.0172697
0.000891403
-0.00292285
-0.0113219
0.000709265
-0.00243643
-0.00627021
0.000375565
-0.00154542
-0.00241717
-0.000104238
-4.03849e-05
-0.0304591
0.00241767
-9.38418e-05
-0.0243608
0.0022005
-0.000178824
-0.0181498
0.00189271
-0.000188937
-0.0121663
0.00141231
-0.000412273
-0.00672693
0.000912935
-0.000524849
-0.00236771
0.000307969
0.000203424
-0.0281068
0.00241729
0.00022178
-0.0221776
0.00220099
0.000249049
-0.0162321
0.00190853
0.000280477
-0.0104621
0.00148209
0.000189244
-0.00559286
0.000931708
0.000146146
-0.00177756
0.000345395
0.000135695
-0.000628279
0.000153882
-0.000137888
-0.000775325
0.000199006
8.3616e-05
-0.035224
0.0025989
-0.0010134
-0.000936278
-1.56925e-05
-1.90244e-05
8.02794e-05
-1.27208e-05
0.000862038
-0.000884271
0.000139093
0.0035359
-0.0322614
0.0037059
0.00352941
-0.0263093
0.00347322
0.00346961
-0.0202825
0.00311422
0.00329189
-0.0142502
0.00261394
0.00261675
-0.00884923
0.00192654
0.00194369
-0.00416772
0.00104255
-0.00337702
-0.0322626
0.00131625
-0.00337033
-0.0262884
0.00119093
-0.00332157
-0.0202568
0.00102769
-0.00307715
-0.0142683
0.000798504
-0.00271164
-0.00871456
0.000543007
-0.00207268
-0.00410907
0.0001614
-3.04491e-05
-0.0334521
0.00250888
-6.04072e-05
-0.0274357
0.00231634
-0.000135738
-0.0212596
0.00205828
-0.000156733
-0.0151249
0.00170095
-0.000314388
-0.00935016
0.00120094
-0.000519686
-0.00433697
0.000591268
0.000199387
-0.031067
0.00250873
0.000209489
-0.0251413
0.00231803
0.00022996
-0.0191922
0.00206411
0.000276149
-0.0133338
0.00166547
0.00021635
-0.00792236
0.00121483
0.000161333
-0.00352871
0.00063968
0.000606334
-0.00146835
0.000282179
0.00236481
-0.0161085
0.00246047
