0.00344794
-0.0324119
0.00383914
-0.00296001
-0.0324227
0.00147578
-0.000238554
-0.000130231
-8.71747e-05
0.000183449
2.27552e-05
7.81447e-05
0.00318306
-0.0347744
0.00383409
-0.00321788
-0.0347717
0.0014717
-0.000164304
-1.80815e-05
8.31268e-05
0.000157071
-9.41296e-05
-6.53899e-05
0.00346444
-0.0269431
0.00360001
0.00349699
-0.0214692
0.00328479
0.0034724
-0.0159043
0.00283547
0.00315048
-0.0106158
0.00232708
0.00257188
-0.00582489
0.0015279
0.00163102
-0.002127
0.000708033
-0.00295833
-0.0269513
0.00128047
-0.00294682
-0.0214639
0.0011033
-0.00286185
-0.0159444
0.000835367
-0.00261207
-0.0103754
0.000556418
-0.0021629
-0.0056795
0.000213161
-0.00139016
-0.00199404
-0.000270765
0.00318226
-0.029276
0.00359789
0.00315365
-0.0236583
0.00327237
0.00302293
-0.0178516
0.00276909
0.00268098
-0.0122657
0.00210687
0.00203766
-0.00696241
0.00133733
0.00116763
-0.00234426
0.000326344
-0.00324366
-0.0292525
0.00127868
-0.00331998
-0.0235896
0.00110799
-0.00328763
-0.0178594
0.00091388
-0.00310919
-0.0120141
0.000685104
-0.00282044
-0.00676373
0.000412075
-0.0017829
-0.00291932
4.34818e-05
0.000243558
-0.0324176
0.00265263
0.000903541
-0.000929653
0.000305293
0.00331212
-0.0335956
0.00383558
-0.000916709
-0.000802716
-0.000248244
-0.00309525
-0.0335976
0.00147544
0.000162633
0.000120445
-3.72344e-05
-0.000330023
-0.00012379
4.40779e-05
0.000309384
-0.000104355
5.94206e-05
-1.66378e-05
-0.0347741
0.00264984
0.00056118
-0.000917511
-8.34801e-05
-0.000975616
-0.00127659
0.000152034
-4.71385e-05
2.598e-05
-2.08357e-05
0.00345209
-0.0296744
0.00372457
0.00348201
-0.0242088
0.00345466
0.00350206
-0.0187037
0.0030777
0.00341106
-0.013153
0.0026153
0.00287737
-0.00809898
0.00192813
0.00218037
-0.00381583
0.00109251
-0.0029592
-0.0296849
0.0013699
-0.00295438
-0.0242109
0.00119697
-0.00292413
-0.0186891
0.000990784
-0.00277652
-0.0131923
0.000662594
-0.00240757
-0.00795951
0.00039986
-0.00183736
-0.00365804
-1.39433e-05
0.00318246
-0.032031
0.00372368
0.00317433
-0.0264921
0.00345035
0.00310522
-0.0207849
0.00304658
0.00291179
-0.0149597
0.00250881
0.00237105
-0.00951113
0.0017558
0.00164653
-0.00460926
0.000849782
-0.00322607
-0.0320213
0.00136782
-0.00328198
-0.0264416
0.00119452
-0.00335151
-0.0207019
0.00100799
-0.00321439
-0.0149827
0.000786759
-0.00299965
-0.00932619
0.000554653
-0.00249573
-0.00448525
0.000239736
0.00331736
-0.0281134
0.00359924
0.00331125
-0.022563
0.00328693
0.00323541
-0.0169129
0.00282042
0.00287011
-0.0115194
0.00223657
0.0022774
-0.00641357
0.00146948
0.00151603
-0.00223246
0.000579405
-0.00309708
-0.0281124
0.00128452
-0.00310248
-0.0225499
0.00111651
-0.00302309
-0.0169122
0.00086894
-0.00279299
-0.0112569
0.000657666
-0.00236708
-0.00630245
0.000339262
-0.00152404
-0.00245479
-0.00011925
-2.69704e-05
-0.0292655
0.00243483
-7.2922e-05
-0.0236216
0.00218352
-0.000154382
-0.0178143
0.00185294
-0.000168481
-0.0120905
0.00137235
-0.00038386
-0.00677497
0.000878178
-0.000507999
-0.00242322
0.00029102
0.000253162
-0.0269505
0.00243597
0.000272287
-0.0214692
0.00218782
0.000289269
-0.0159048
0.00186708
0.000299728
-0.0104081
0.00143899
0.00020565
-0.00563586
0.000899755
0.00015018
-0.00182339
0.000331981
0.000134704
-0.000654214
0.000148675
-0.000130885
-0.000808491
0.000191409
0.000112117
-0.0335968
0.00265121
-0.00100502
-0.000960294
-2.4445e-05
-1.91422e-05
7.66531e-05
-1.26241e-05
0.00086328
-0.000917012
0.000135293
0.00331354
-0.0308546
0.00372196
0.00331817
-0.0253561
0.00345703
0.00328898
-0.019756
0.00307339
0.0031527
-0.0140688
0.00256167
0.00256525
-0.00884087
0.00188281
0.0019303
-0.00422436
0.00102193
-0.00309573
-0.0308602
0.00137086
-0.00310183
-0.0253404
0.00120562
-0.00308479
-0.0197298
0.00101047
-0.00291538
-0.0140709
0.00075651
-0.00261304
-0.0087086
0.000500106
-0.00202893
-0.00415481
0.000134303
-1.96743e-05
-0.0320279
0.00254391
-4.2774e-05
-0.0264743
0.00231665
-0.000111325
-0.020734
0.00202885
-0.00014128
-0.0149356
0.00165171
-0.000284743
-0.00935478
0.00115923
-0.000495309
-0.00440025
0.000565856
0.000247747
-0.0296832
0.00254475
0.000260125
-0.024211
0.00231912
0.000277472
-0.0186863
0.00203642
0.000304812
-0.0131518
0.00162736
0.000238581
-0.00793295
0.00117577
0.000171489
-0.00358165
0.000616624
0.000610164
-0.0015162
0.000274093
0.00225846
-0.0158612
0.00241451
