0.00324616
-0.0308188
0.00386609
-0.00266265
-0.0308313
0.00155801
-0.000238261
-0.000130739
-8.66843e-05
0.000183082
2.14045e-05
7.80016e-05
0.00294365
-0.0331274
0.00386192
-0.00295876
-0.0331242
0.00155199
-0.000163363
-1.84188e-05
8.1697e-05
0.00015987
-9.66489e-05
-6.54771e-05
0.00326722
-0.0257858
0.00359226
0.00331694
-0.020745
0.00324336
0.00332981
-0.0155691
0.00276999
0.00306023
-0.0105201
0.00225408
0.00253959
-0.00585635
0.00148378
0.00162479
-0.00217191
0.000689642
-0.00266321
-0.0257986
0.00132598
-0.00267232
-0.0207442
0.00111246
-0.00264337
-0.0155793
0.00082574
-0.00247441
-0.0103081
0.000524591
-0.00209882
-0.00570131
0.000186377
-0.00137569
-0.00202572
-0.000281813
0.00294654
-0.0280679
0.00359328
0.00294133
-0.0228915
0.00323952
0.0028569
-0.0174879
0.00272146
0.00258605
-0.0121393
0.00206672
0.00201474
-0.00698911
0.0013048
0.00117203
-0.0023966
0.00031229
-0.00298527
-0.0280498
0.00131922
-0.00307434
-0.0228305
0.00110539
-0.00309426
-0.0174742
0.000877112
-0.00297856
-0.0119253
0.000626991
-0.00274246
-0.00678721
0.000367074
-0.00175504
-0.0029553
2.12148e-05
0.000290375
-0.0308254
0.00270673
0.000903597
-0.000958035
0.000296982
0.00309265
-0.0319751
0.00386346
-0.000913984
-0.000821257
-0.000255467
-0.00281987
-0.0319779
0.00155626
0.00015996
0.000117673
-3.66716e-05
-0.000328626
-0.000124031
4.29077e-05
0.000310575
-0.000107
5.92406e-05
-7.71665e-06
-0.0331276
0.00270353
0.000566611
-0.000947527
-8.91792e-05
-0.000967043
-0.0013014
0.000138246
-4.44796e-05
2.33893e-05
-2.22139e-05
0.00325146
-0.0282969
0.00373471
0.00329172
-0.0232706
0.00342918
0.00333795
-0.0181795
0.00302388
0.00327911
-0.012965
0.00254677
0.00282275
-0.00808765
0.00187067
0.00216314
-0.00386324
0.00106228
-0.0026619
-0.028311
0.00143431
-0.00266625
-0.0232773
0.00122349
-0.00267075
-0.0181634
0.000985715
-0.00259469
-0.0129813
0.00064681
-0.00231129
-0.00794547
0.000368584
-0.0018009
-0.00369368
-3.40573e-05
0.00294318
-0.0306003
0.00373558
0.00294717
-0.0255077
0.00343068
0.00291254
-0.0202254
0.0030057
0.00277543
-0.0147444
0.00245919
0.00232002
-0.00948545
0.00171678
0.00164142
-0.00465841
0.000827119
-0.00296666
-0.0305935
0.00142994
-0.0030287
-0.0254633
0.00121264
-0.00312021
-0.0201495
0.000987202
-0.00305561
-0.0147551
0.000737781
-0.002895
-0.00930458
0.000502456
-0.00244356
-0.00452725
0.000204372
0.00310286
-0.0269297
0.00359221
0.00311453
-0.0218148
0.00324812
0.00307638
-0.0165565
0.00276434
0.00277478
-0.0113983
0.00217843
0.00224608
-0.00644075
0.00143007
0.00150873
-0.00228195
0.000565079
-0.0028262
-0.0269337
0.00132654
-0.00285071
-0.0218075
0.00111859
-0.00282279
-0.0165359
0.000849037
-0.00266237
-0.0111732
0.000608092
-0.00229563
-0.0063228
0.000303451
-0.00150061
-0.00248753
-0.000133909
-1.58938e-05
-0.0280612
0.00245233
-5.42992e-05
-0.0228617
0.002165
-0.000131662
-0.0174529
0.00181042
-0.000149137
-0.0119911
0.00132897
-0.000355744
-0.00680733
0.000840424
-0.000490383
-0.00247188
0.000272624
0.000302597
-0.0257971
0.00245495
0.000321885
-0.0207529
0.00217308
0.000328577
-0.0155636
0.00182299
0.000318672
-0.0103403
0.00139234
0.000221504
-0.00567062
0.00086459
0.000153701
-0.00186676
0.000316751
0.00013325
-0.000679349
0.000142466
-0.000123485
-0.000838716
0.000182848
0.000139584
-0.0319767
0.00270588
-0.000995171
-0.000982319
-3.29966e-05
-1.91402e-05
7.30198e-05
-1.24687e-05
0.000863159
-0.000947272
0.000129795
0.00309567
-0.0294497
0.00373243
0.00311055
-0.0243937
0.00343335
0.00310997
-0.0192118
0.00302397
0.00301313
-0.0138672
0.00250063
0.00251076
-0.00881687
0.00183118
0.0019139
-0.0042723
0.000995753
-0.00282115
-0.0294594
0.00143371
-0.00283919
-0.024383
0.00122626
-0.00285206
-0.0191855
0.00099701
-0.0027541
-0.0138541
0.000717001
-0.00251286
-0.0086872
0.000458214
-0.00198293
-0.0041923
0.000107525
-1.11072e-05
-0.0305987
0.00258029
-2.76148e-05
-0.0254967
0.00231632
-8.90612e-05
-0.0201841
0.00199716
-0.000126946
-0.0147209
0.0015996
-0.00025599
-0.00933933
0.00111422
-0.000470596
-0.0044525
0.000538084
0.000296007
-0.028308
0.00258211
0.000310226
-0.023278
0.00231951
0.000323987
-0.0181686
0.00200645
0.000332849
-0.0129555
0.00158589
0.000260255
-0.00793226
0.00113323
0.000181112
-0.00362939
0.000590925
0.000613133
-0.0015597
0.000263794
0.00215145
-0.0155898
0.00236122
