0.00233303
-0.0231619
0.00391121
-0.001314
-0.0231794
0.00207566
-0.00022972
-0.000129293
-8.0848e-05
0.000173847
1.44392e-05
7.34339e-05
0.00182608
-0.0250027
0.00391067
-0.00181764
-0.0249982
0.00206256
-0.000152498
-1.84869e-05
7.23112e-05
0.000167074
-0.000103457
-6.49443e-05
0.00236923
-0.0200952
0.00345268
0.00247801
-0.0170112
0.00292999
0.00263026
-0.0136301
0.00234003
0.00257867
-0.00977513
0.00178732
0.00231119
-0.00581629
0.00116882
0.00153658
-0.00231029
0.000542226
-0.00132367
-0.0201243
0.00164668
-0.00141572
-0.0170263
0.00123403
-0.00161651
-0.0135185
0.000826287
-0.00178863
-0.00968676
0.000407134
-0.00174423
-0.00562452
7.26148e-05
-0.00126661
-0.00211189
-0.000322458
0.00184282
-0.0219244
0.00346558
0.00192952
-0.018751
0.00295931
0.00203735
-0.015225
0.00236466
0.00207513
-0.0110909
0.00174205
0.00183453
-0.00680181
0.00104582
0.00115189
-0.00251245
0.000200116
-0.00184466
-0.0219293
0.00162061
-0.00197308
-0.0187274
0.00118027
-0.00219336
-0.0151299
0.000765036
-0.00232985
-0.0110451
0.00039661
-0.00231156
-0.00660415
0.000169649
-0.00156868
-0.00298271
-7.76515e-05
0.000504289
-0.0231715
0.00298685
0.000868228
-0.00105756
0.000228836
0.0020819
-0.0240825
0.00391229
-0.000872861
-0.000883271
-0.000280086
-0.00158466
-0.0240879
0.00206849
0.00014078
9.94482e-05
-3.49938e-05
-0.000311468
-0.000121384
3.80003e-05
0.000304359
-0.00011379
5.43835e-05
9.50423e-07
-0.0250049
0.0029822
0.000574788
-0.00103116
-0.000130899
-0.000891383
-0.00134938
7.30321e-05
-2.94796e-05
1.26702e-05
-2.8793e-05
0.0023422
-0.0216148
0.00368936
0.00241741
-0.0185681
0.00319761
0.00255676
-0.0153634
0.00264761
0.00262123
-0.0117363
0.00209517
0.00249361
-0.00778675
0.00148056
0.0020096
-0.00395867
0.000833356
-0.00131363
-0.0216413
0.00185688
-0.0013549
-0.0185908
0.00144068
-0.00150013
-0.0153405
0.00102575
-0.00172042
-0.0116581
0.000608751
-0.00180819
-0.00763711
0.000241662
-0.0015792
-0.00374343
-0.000118663
0.00182617
-0.0234541
0.00369681
0.00187662
-0.0203747
0.00322143
0.00198172
-0.0170429
0.00268101
0.0020832
-0.0132137
0.00208883
0.00200369
-0.00896964
0.00140975
0.00155749
-0.0046658
0.00063971
-0.00182385
-0.0234593
0.00184359
-0.00190301
-0.020359
0.0013972
-0.00206923
-0.0170042
0.00096409
-0.00229235
-0.013177
0.000559695
-0.0023515
-0.00882292
0.000282608
-0.00212929
-0.00451709
4.69971e-05
0.00210994
-0.0210085
0.00345527
0.00218883
-0.0178672
0.00294325
0.00229946
-0.0144252
0.00236995
0.00226989
-0.0104568
0.00177533
0.00202775
-0.00631772
0.00113526
0.00142231
-0.00241228
0.000438454
-0.00160836
-0.0210313
0.00163304
-0.001706
-0.0178828
0.00121045
-0.0018846
-0.0143269
0.000805712
-0.0020123
-0.0103941
0.000411679
-0.00190795
-0.00617583
0.000145336
-0.00134593
-0.00253987
-0.000195209
1.98796e-06
-0.021933
0.00253781
-1.20535e-06
-0.0187515
0.00205978
-5.2136e-05
-0.0152031
0.00157447
-7.74549e-05
-0.0110619
0.00107639
-0.000228743
-0.00665659
0.000617313
-0.000394225
-0.00257077
0.000163966
0.000524504
-0.0201204
0.00254652
0.000538613
-0.0170479
0.00208417
0.00049807
-0.0136
0.00158084
0.000401033
-0.00971642
0.00112201
0.000286688
-0.00565112
0.000650183
0.000162079
-0.00201034
0.000216459
0.000119091
-0.000775731
9.71416e-05
-8.30202e-05
-0.000926724
0.000127303
0.000249624
-0.0240858
0.00298812
-0.000917313
-0.001044
-6.99076e-05
-1.73235e-05
5.5299e-05
-1.10074e-05
0.000832875
-0.00104056
7.8157e-05
0.00209067
-0.0225325
0.00368852
0.00214319
-0.019471
0.00320813
0.00225258
-0.0162019
0.00266389
0.00231707
-0.0124866
0.00208067
0.00218477
-0.00838415
0.00146529
0.0017723
-0.00432131
0.00078487
-0.00158911
-0.0225569
0.00185003
-0.00165241
-0.0194806
0.00141911
-0.00178274
-0.0161767
0.00100139
-0.00197536
-0.0124143
0.000577556
-0.00199568
-0.00827065
0.000281056
-0.0017154
-0.00419973
-1.16593e-05
-3.3871e-06
-0.0234582
0.00276546
7.61028e-06
-0.0203907
0.00230689
-1.71538e-05
-0.0170439
0.00181993
-7.90985e-05
-0.0131957
0.00131499
-0.000135828
-0.00887729
0.000853494
-0.000348637
-0.00448576
0.000371288
0.000514602
-0.0216336
0.00277145
0.000532908
-0.0185942
0.00231276
0.000525794
-0.0153778
0.00183674
0.000453432
-0.0116933
0.00134515
0.000352533
-0.00768116
0.000881383
0.000217564
-0.00373492
0.00042889
0.000606284
-0.00168051
0.000181171
0.0016115
-0.0138095
0.00200151
