0.00217
-0.0217066
0.00389887
-0.00107975
-0.0217245
0.00219421
-0.000226128
-0.000127891
-7.89103e-05
0.00017026
1.30629e-05
7.16658e-05
0.00162244
-0.0234172
0.00389891
-0.00162462
-0.0234126
0.00218024
-0.000148908
-1.81529e-05
6.99643e-05
0.000166612
-0.000103305
-6.4481e-05
0.00220786
-0.0189836
0.00340437
0.00232357
-0.0162418
0.00284868
0.00249414
-0.0131819
0.00223768
0.0024762
-0.00956028
0.00167816
0.00225021
-0.005756
0.00108995
0.00150539
-0.00231315
0.000502956
-0.00109073
-0.0190147
0.00172655
-0.00119482
-0.0162589
0.00127385
-0.00142996
-0.0130523
0.000838327
-0.00165509
-0.00949207
0.000394851
-0.00166651
-0.00555984
5.6299e-05
-0.0012357
-0.00210816
-0.000326091
0.00164105
-0.0206853
0.0034189
0.00174087
-0.0178638
0.00288269
0.00187814
-0.0146771
0.00227342
0.0019659
-0.0107867
0.0016559
0.00178295
-0.00668759
0.000977437
0.00113663
-0.00249911
0.000170928
-0.00165123
-0.0206939
0.00169781
-0.00178313
-0.0178471
0.00121342
-0.00203067
-0.0145713
0.000759897
-0.00220376
-0.0107692
0.000366377
-0.00221784
-0.00649511
0.000138807
-0.00152113
-0.00295054
-9.32158e-05
0.000539344
-0.0217165
0.00303989
0.000852611
-0.00106493
0.000210539
0.00189925
-0.0225618
0.00390051
-0.000857476
-0.000886356
-0.000281651
-0.00137209
-0.0225675
0.00218631
0.000135792
9.49827e-05
-3.47953e-05
-0.000305473
-0.000119827
3.71369e-05
0.000300016
-0.000113509
5.25525e-05
-4.71338e-06
-0.0234197
0.00303511
0.000570943
-0.00103107
-0.000140722
-0.000868795
-0.00134007
6.15158e-05
-2.63491e-05
1.10799e-05
-2.98509e-05
0.00217959
-0.0203303
0.00365924
0.00225878
-0.017629
0.00313181
0.00240962
-0.0147572
0.00255447
0.00249113
-0.0114218
0.00198755
0.00241538
-0.00766413
0.00138577
0.00196318
-0.00393877
0.000774156
-0.00107945
-0.0203583
0.00195682
-0.00112606
-0.0176536
0.00149991
-0.00129197
-0.0147332
0.00104838
-0.00155714
-0.0113294
0.000611809
-0.00170468
-0.00751442
0.000224916
-0.00152587
-0.00371797
-0.000130399
0.00162262
-0.02204
0.00366756
0.0016795
-0.0193122
0.00315873
0.00180535
-0.0163274
0.00259543
0.0019443
-0.0128068
0.00199427
0.00192687
-0.00877609
0.00132918
0.00152608
-0.00460895
0.000589508
-0.00163046
-0.0220471
0.00194233
-0.00171068
-0.0193018
0.00145191
-0.00188514
-0.016296
0.000977535
-0.00214941
-0.0127638
0.000540899
-0.00224054
-0.00863874
0.000250438
-0.00205533
-0.00446093
2.19092e-05
0.00192954
-0.0198325
0.00340732
0.00201756
-0.0170375
0.00286289
0.0021496
-0.0139222
0.00227238
0.00216334
-0.0101897
0.00167636
0.00196976
-0.00622869
0.00105962
0.00139278
-0.00240742
0.000403395
-0.00139817
-0.0198578
0.00171082
-0.00150577
-0.0170564
0.0012457
-0.00171439
-0.0138131
0.0008108
-0.00188566
-0.0101534
0.000386246
-0.00182479
-0.00608453
0.000120642
-0.00130642
-0.00252123
-0.000203564
-2.18318e-06
-0.0206962
0.00255298
7.4687e-07
-0.0178694
0.00203785
-4.41945e-05
-0.014658
0.00152599
-6.9395e-05
-0.0107774
0.00102225
-0.000207659
-0.00655118
0.000568658
-0.000374126
-0.00255448
0.000140402
0.000560318
-0.0190105
0.00256256
0.000572696
-0.0162822
0.00206471
0.000524155
-0.0131481
0.00153145
0.000413521
-0.0095211
0.0010641
0.000295801
-0.00559577
0.000602255
0.000161686
-0.0020174
0.000192806
0.000114988
-0.000785764
8.57308e-05
-7.48065e-05
-0.000928411
0.000114302
0.0002642
-0.0225652
0.00304147
-0.000894918
-0.00104324
-7.54491e-05
-1.66144e-05
5.19539e-05
-1.06134e-05
0.000819258
-0.00104385
6.37679e-05
0.00190875
-0.0211828
0.00365863
0.00196619
-0.0184694
0.0031431
0.00209084
-0.0155392
0.00257289
0.00217964
-0.0121256
0.0019781
0.00210764
-0.00822199
0.00137423
0.00172972
-0.00428232
0.000728743
-0.00137698
-0.021209
0.00194908
-0.00144635
-0.0184821
0.00147467
-0.00159329
-0.0155146
0.00101842
-0.0018289
-0.0120452
0.000564527
-0.00189061
-0.00811235
0.000255272
-0.00165386
-0.00415529
-3.04065e-05
-9.09519e-06
-0.0220449
0.00279993
6.18906e-06
-0.0193323
0.00230353
-1.1574e-05
-0.0163354
0.00178341
-7.52996e-05
-0.0127904
0.00125707
-0.000118188
-0.00869458
0.000797583
-0.000325828
-0.00443624
0.000334522
0.000550158
-0.02035
0.00280652
0.000568524
-0.0176574
0.00230973
0.000557252
-0.0147751
0.00180136
0.00047171
-0.0113741
0.00129379
0.000366281
-0.00756746
0.000826413
0.000221858
-0.00371902
0.000391757
0.000598978
-0.00167978
0.000159494
0.00150366
-0.0133601
0.00191494
