0.00201342
-0.02028
0.00387865
-0.00085918
-0.0202981
0.00231573
-0.000221775
-0.000126027
-7.66937e-05
0.000166039
1.17107e-05
6.96028e-05
0.00142632
-0.0218493
0.00387923
-0.00144423
-0.0218447
0.00230108
-0.00014481
-1.77022e-05
6.74628e-05
0.000165358
-0.000102554
-6.38448e-05
0.00205254
-0.0178826
0.00334938
0.00217376
-0.015465
0.00276211
0.00235954
-0.0127117
0.00213141
0.00237168
-0.00932011
0.00156557
0.00218369
-0.0056747
0.00100725
0.00146918
-0.00230555
0.000461178
-0.000871313
-0.0179152
0.0018105
-0.000985887
-0.0154836
0.00131857
-0.00125125
-0.0125663
0.000854712
-0.00152372
-0.00927029
0.000387039
-0.00158663
-0.00547534
4.29134e-05
-0.00120126
-0.00209555
-0.000327663
0.00144651
-0.0194457
0.00336531
0.00155776
-0.0169584
0.00280019
0.0017213
-0.0140966
0.00217705
0.00185452
-0.0104486
0.00156428
0.00172566
-0.00654482
0.000904896
0.00111685
-0.00247176
0.000140305
-0.0014703
-0.0194577
0.00177949
-0.00160437
-0.0169483
0.00125239
-0.00187486
-0.013982
0.000761037
-0.00207963
-0.0104574
0.000342399
-0.00212187
-0.00635897
0.00011183
-0.00147001
-0.00290403
-0.000106781
0.000570854
-0.0202899
0.00309054
0.000833823
-0.00106696
0.000191062
0.00172351
-0.0210642
0.00388079
-0.000839231
-0.000885404
-0.000281728
-0.00117241
-0.0210702
0.00230722
0.00013045
9.02752e-05
-3.46009e-05
-0.000298482
-0.000117856
3.6286e-05
0.000294465
-0.000112593
5.0431e-05
-1.28599e-05
-0.021852
0.00308567
0.000564776
-0.00102449
-0.000150536
-0.000843545
-0.00132353
5.07887e-05
-2.32545e-05
9.69755e-06
-3.07546e-05
0.00202333
-0.0190656
0.00362176
0.00210562
-0.0166912
0.00306005
0.00226575
-0.0141358
0.00245665
0.0023618
-0.0110815
0.00187591
0.00233276
-0.00751698
0.00128708
0.001911
-0.00390286
0.00071162
-0.000858942
-0.0190947
0.00206029
-0.000910212
-0.0167174
0.0015637
-0.00109421
-0.0141108
0.00107599
-0.00139903
-0.0109769
0.000618973
-0.00160072
-0.00736773
0.000211856
-0.00146927
-0.00367795
-0.000139713
0.00142658
-0.0206347
0.00363084
0.00148899
-0.01824
0.00308965
0.00163317
-0.0155858
0.00250425
0.00180581
-0.0123645
0.00189451
0.00184533
-0.00854951
0.00124377
0.00148905
-0.00453006
0.000536176
-0.00144969
-0.0206435
0.00204479
-0.00153029
-0.0182346
0.00151187
-0.00171091
-0.0155616
0.000997159
-0.00201062
-0.0123164
0.000528483
-0.00212937
-0.00842226
0.000223231
-0.00197767
-0.00438422
-2.17557e-07
0.00175565
-0.0186616
0.00335264
0.00185144
-0.0161952
0.00277704
0.00200208
-0.0133923
0.00217013
0.00205502
-0.00989352
0.00157302
0.00190653
-0.00611495
0.000979862
0.00135861
-0.00239022
0.000365841
-0.0012005
-0.018689
0.00179294
-0.00131653
-0.0162169
0.00128635
-0.00155123
-0.0132742
0.000820911
-0.00176094
-0.00988121
0.000366353
-0.00173994
-0.00596948
9.91502e-05
-0.0012638
-0.00249106
-0.000210076
-8.94609e-06
-0.0194587
0.002567
-2.64158e-07
-0.0169687
0.00201598
-3.91079e-05
-0.0140804
0.00147809
-6.36862e-05
-0.0104574
0.000968155
-0.000188432
-0.00641761
0.000519811
-0.000353993
-0.00252435
0.000116881
0.00059236
-0.0179109
0.00257731
0.000602889
-0.0155084
0.00204499
0.000546955
-0.0126746
0.00148273
0.000424219
-0.00929869
0.00100618
0.000303291
-0.00551971
0.000553759
0.000160572
-0.00201519
0.000168563
0.000110531
-0.000791717
7.38253e-05
-6.67564e-05
-0.000923969
0.000100988
0.0002758
-0.0210678
0.0030924
-0.000869975
-0.00103716
-8.01269e-05
-1.58013e-05
4.8706e-05
-1.01949e-05
0.000802691
-0.00104101
4.84399e-05
0.00173361
-0.0198474
0.00362137
0.00179518
-0.0174637
0.00307197
0.00193289
-0.0148561
0.00247686
0.00204322
-0.011734
0.00187105
0.00202628
-0.00803137
0.00127888
0.00168182
-0.00422425
0.000669085
-0.00117767
-0.0198751
0.00205179
-0.00125215
-0.0174791
0.00153522
-0.00141337
-0.0148322
0.00104099
-0.00168658
-0.0116468
0.000557177
-0.00178551
-0.00792578
0.000233646
-0.00158956
-0.00409294
-4.67086e-05
-1.72411e-05
-0.0206404
0.00283259
1.93106e-06
-0.0182638
0.0022996
-9.06064e-06
-0.0156004
0.00174725
-7.36042e-05
-0.0123499
0.00120005
-0.000103074
-0.00847872
0.000741692
-0.000303915
-0.00436537
0.000297552
0.000582049
-0.0190859
0.00283967
0.000600288
-0.0167216
0.00230606
0.00058499
-0.0141568
0.00176618
0.000487477
-0.0110298
0.0012425
0.000378022
-0.0074288
0.000771148
0.000224982
-0.00368784
0.000353944
0.000589248
-0.00166931
0.000136667
0.00139626
-0.0128781
0.001825
