-9.25491e-05
-0.0151109
-6.87939e-05
-3.61287e-05
-0.0151419
0.0001009
-0.000306112
-0.000180398
-7.85232e-05
0.00018056
1.87887e-05
5.86204e-05
-1.59053e-05
-0.0149637
-5.58761e-05
3.29533e-05
-0.0149526
8.50175e-05
-0.000162588
-9.37618e-06
7.47165e-05
0.000228572
-0.000127675
-8.74181e-05
-1.86297e-05
-0.0152592
-9.89728e-06
0.000338566
-0.0155114
1.36044e-05
0.00114584
-0.0151764
-6.9373e-05
0.00192765
-0.012177
-8.18088e-05
0.00227426
-0.00776564
2.79447e-06
0.00157707
-0.00317346
1.8196e-05
-1.93436e-05
-0.0153594
0.000162111
-0.000132197
-0.0156845
0.000257567
-0.000756422
-0.0148036
0.000370572
-0.00167123
-0.0124186
1.52138e-05
-0.00214877
-0.00746124
-0.00019977
-0.00168859
-0.00294779
-0.000478009
2.8825e-05
-0.0151367
3.63795e-05
0.000335507
-0.0154426
0.000168008
0.000983768
-0.0151389
0.000241043
0.00178887
-0.0121959
0.000249204
0.00220943
-0.00789735
-1.47177e-05
0.00155819
-0.00284721
-0.000301648
4.99018e-05
-0.0152083
0.000136288
-0.000142673
-0.0155414
0.000143229
-0.000976663
-0.014802
5.33887e-05
-0.00189261
-0.0125663
-0.000239869
-0.00230442
-0.00769598
-0.000158636
-0.00164081
-0.00336001
-0.000167372
-7.25868e-05
-0.0151233
6.01412e-06
0.000887898
-0.00146424
-1.66664e-05
-4.18281e-05
-0.0150338
-5.44469e-05
-0.00116425
-0.00130011
-0.000360475
-5.41326e-05
-0.0150439
9.01093e-05
7.91078e-05
7.2097e-05
-7.45449e-05
-0.00038254
-0.000155545
7.9032e-05
0.000361821
-0.000116918
5.59576e-05
-1.83425e-05
-0.014967
5.7405e-06
0.000815598
-0.0011336
-0.000398273
-0.000939338
-0.00148144
7.17799e-05
1.13966e-05
2.46e-05
-5.73219e-05
-7.4846e-05
-0.0151496
-3.91307e-05
0.00010847
-0.0153986
1.25533e-05
0.00069044
-0.0154508
3.15975e-06
0.00144309
-0.0140362
-2.7492e-05
0.00226928
-0.0101728
-1.40759e-05
0.00203697
-0.00535292
-7.6884e-06
-2.81559e-05
-0.0152096
0.000120317
-3.87467e-05
-0.0155389
0.000219038
-0.000341305
-0.0155257
0.00029296
-0.00119153
-0.0138427
0.000301342
-0.00202976
-0.00996819
-9.71845e-05
-0.00204932
-0.00505097
-0.000322926
-1.55004e-05
-0.0150092
-1.15592e-05
0.000136712
-0.0153149
0.000101627
0.000599297
-0.0154127
0.000235688
0.00135414
-0.0140651
0.000222868
0.00216456
-0.0103043
0.000125778
0.00199904
-0.00538688
-0.000160098
4.62412e-05
-0.0150404
0.000115454
-2.34774e-05
-0.0153892
0.000151737
-0.000394542
-0.0154937
0.000111588
-0.0015188
-0.0139242
-9.33154e-05
-0.00216707
-0.0102094
-0.000190189
-0.00221156
-0.00522992
-0.00014342
3.28252e-05
-0.015194
3.77387e-06
0.000314451
-0.0154475
9.23295e-05
0.000974694
-0.015067
0.000123151
0.00174072
-0.0121105
9.65617e-05
0.00213577
-0.00782232
2.9245e-05
0.00159133
-0.00301148
-6.00412e-05
-7.07748e-05
-0.0152796
0.000143843
-0.000247848
-0.0155744
0.000200564
-0.000899533
-0.0148253
0.000259753
-0.00171894
-0.0123963
-0.000125155
-0.00205572
-0.00759852
-0.000140731
-0.00154901
-0.00317271
-0.000297011
1.09594e-05
-0.0151852
7.79694e-05
9.06216e-05
-0.0155348
0.000150617
0.000129417
-0.0151681
0.000131862
2.94864e-05
-0.0124764
0.000117687
-5.53395e-05
-0.00779574
-5.28873e-05
-0.000261907
-0.00291642
-0.000112399
-2.1486e-06
-0.0153292
6.73742e-05
0.000161474
-0.0156857
0.000116275
0.000205907
-0.0151081
6.03215e-05
0.000106194
-0.0124347
3.58729e-05
4.78479e-05
-0.00758557
-5.36949e-05
-6.19459e-05
-0.00285277
-8.4147e-05
-5.31544e-05
-0.00117127
-2.92277e-05
2.6816e-05
-0.00100833
8.31636e-06
-5.65906e-05
-0.0150395
1.72783e-05
-0.00106483
-0.00134818
-5.89251e-05
-1.00882e-05
6.32702e-05
2.02236e-05
0.000976177
-0.00126038
-0.000173392
-1.92385e-05
-0.0150725
-3.13337e-05
0.000138294
-0.0153501
4.77946e-05
0.000632078
-0.0154173
0.000105978
0.00127766
-0.0140836
0.00010029
0.00210648
-0.0101931
6.07972e-05
0.00194377
-0.00537433
-1.95994e-05
-5.32208e-05
-0.0151302
0.000115088
-0.000147176
-0.0154488
0.000181373
-0.000480229
-0.0154481
0.000211532
-0.0013982
-0.0139075
2.93873e-05
-0.00196398
-0.0100602
-0.000111705
-0.0019445
-0.00519383
-0.000191215
-2.50045e-05
-0.0150244
4.63314e-05
6.97655e-05
-0.0154102
0.000112869
0.000141864
-0.0155543
0.000161005
1.67949e-05
-0.0140678
5.49757e-05
4.96338e-05
-0.0103096
1.96533e-06
-0.000199974
-0.00522321
-0.000100986
-4.1686e-05
-0.0151875
3.66587e-05
5.75363e-05
-0.0155038
0.000100022
0.000216097
-0.0156001
0.000121397
0.000141506
-0.0140155
0.000136565
0.000129045
-0.0101371
-1.49642e-05
-2.81301e-05
-0.00509831
-7.48618e-05
0.000804763
-0.00197162
-0.000129383
0.000907949
-0.0145413
0.000147845
