0.00158144
-0.0161773
0.00376979
-0.000283658
-0.0161952
0.00268992
-0.000203744
-0.000117384
-6.83347e-05
0.000149536
7.85429e-06
6.17056e-05
0.000884937
-0.0172648
0.00377179
-0.000980135
-0.0172604
0.00267425
-0.000129471
-1.569e-05
5.90888e-05
0.000156397
-9.64812e-05
-6.06945e-05
0.00162224
-0.0146465
0.00314585
0.0017518
-0.0130898
0.00247519
0.00196502
-0.0111643
0.00179624
0.00204571
-0.00843868
0.00121628
0.00195019
-0.00529501
0.000744205
0.00132969
-0.00221385
0.000325352
-0.000298344
-0.0146815
0.00208108
-0.00043544
-0.0131105
0.0014789
-0.000766574
-0.0109852
0.000929467
-0.00114583
-0.00843307
0.000392214
-0.00133454
-0.00509354
2.3361e-05
-0.00107547
-0.00199907
-0.000317633
0.000908439
-0.0157352
0.00316474
0.00104425
-0.0141399
0.00252189
0.00126774
-0.0121624
0.00186416
0.00150888
-0.00922963
0.00126508
0.00151863
-0.00594039
0.000670115
0.0010283
-0.00230218
4.44161e-05
-0.00100376
-0.0157556
0.0020456
-0.001137
-0.0141482
0.00140094
-0.00145072
-0.0120329
0.000801952
-0.00172072
-0.00930341
0.000310375
-0.00182158
-0.00578264
5.762e-05
-0.00129545
-0.00267522
-0.000133077
0.00064158
-0.0161873
0.00322347
0.000758025
-0.00103771
0.000127809
0.00123823
-0.01672
0.00377314
-0.000765934
-0.000855592
-0.000271546
-0.000653511
-0.0167262
0.00268021
0.000112547
7.48843e-05
-3.38203e-05
-0.000271201
-0.000109266
3.36847e-05
0.000270173
-0.000105851
4.24038e-05
-5.1914e-05
-0.0172681
0.00321872
0.000530821
-0.000964053
-0.000177385
-0.000751834
-0.00122894
2.4499e-05
-1.45422e-05
6.81204e-06
-3.22643e-05
0.00159182
-0.0153948
0.00346552
0.00167847
-0.0138883
0.00281206
0.00185386
-0.0121783
0.00214087
0.00197882
-0.00989874
0.00152521
0.00205806
-0.00691834
0.000976508
0.0017191
-0.00369055
0.000510577
-0.000283619
-0.0154255
0.00238486
-0.000344983
-0.0139168
0.001778
-0.00056802
-0.0121508
0.0011868
-0.000959841
-0.00976836
0.000665801
-0.00128804
-0.00677386
0.000197445
-0.00127928
-0.00346276
-0.000150226
0.000885453
-0.0164838
0.00347615
0.000959505
-0.0149747
0.00284722
0.00114449
-0.0132106
0.00220299
0.00139516
-0.0108251
0.00157206
0.00157272
-0.00766783
0.000966896
0.00134251
-0.0041565
0.000363878
-0.000984379
-0.0164967
0.00236751
-0.00106225
-0.014983
0.00171863
-0.00124948
-0.0132069
0.00109133
-0.00162114
-0.0107685
0.000530687
-0.00179606
-0.00757459
0.000174609
-0.00172304
-0.00402605
-4.56233e-05
0.00127378
-0.0151868
0.0031498
0.0013851
-0.0135963
0.00249114
0.00157503
-0.0116404
0.00184245
0.00172002
-0.00882563
0.00124559
0.00168475
-0.00561817
0.000723953
0.00122701
-0.00225976
0.000242806
-0.000685495
-0.0152184
0.00205955
-0.000817917
-0.0136237
0.00143746
-0.00110721
-0.0115052
0.000881084
-0.00140072
-0.00887046
0.000342255
-0.00147606
-0.00547478
5.72783e-05
-0.0011169
-0.00232693
-0.000216249
-4.44056e-05
-0.0157531
0.00260002
-2.06461e-05
-0.0141623
0.00195151
-4.08447e-05
-0.012155
0.00134131
-6.08178e-05
-0.00928225
0.00081151
-0.000142887
-0.00584273
0.000377683
-0.000294391
-0.00234752
4.98724e-05
0.000663448
-0.0146769
0.00261168
0.000667877
-0.0131383
0.00198487
0.000593583
-0.0111199
0.00134402
0.000444067
-0.00845948
0.000837736
0.000315183
-0.0051574
0.000410414
0.000153076
-0.00194707
9.56618e-05
9.55194e-05
-0.000782118
3.68564e-05
-4.44441e-05
-0.000872349
6.09062e-05
0.000291593
-0.0167238
0.00322602
-0.000779288
-0.000984737
-8.78939e-05
-1.28172e-05
3.96185e-05
-8.82027e-06
0.000734274
-0.000993368
-7.60022e-07
0.00124947
-0.0159357
0.00346573
0.00131892
-0.0144277
0.00282503
0.00148317
-0.0126855
0.00216449
0.00164132
-0.0103719
0.00153136
0.0017568
-0.007282
0.000975894
0.0015051
-0.00392908
0.000475541
-0.000659425
-0.0159659
0.00237477
-0.000743676
-0.0144494
0.0017423
-0.000934039
-0.0126641
0.0011402
-0.00128723
-0.0102725
0.000570295
-0.00147154
-0.00718964
0.000196814
-0.00138006
-0.00379233
-7.78635e-05
-5.60203e-05
-0.0164913
0.00291632
-2.73993e-05
-0.0150069
0.00228363
-1.95849e-05
-0.0132415
0.00164303
-8.10366e-05
-0.0108167
0.00103899
-7.35674e-05
-0.0076279
0.000579977
-0.000244665
-0.00401974
0.000190122
0.000653248
-0.0154159
0.00292428
0.000670116
-0.0139222
0.00229041
0.000643694
-0.0122054
0.00166388
0.000517928
-0.00983959
0.00109352
0.000399881
-0.00685282
0.000609334
0.000227018
-0.00349427
0.00024115
0.000544235
-0.00157635
6.45541e-05
0.00107826
-0.0112358
0.00154182
