0.00120361
-0.0123408
0.0035908
0.000159827
-0.0123571
0.00306174
-0.000177815
-0.000103858
-5.74552e-05
0.000127558
4.35671e-06
5.15356e-05
0.000415692
-0.0128782
0.00359397
-0.000630279
-0.0128744
0.00304654
-0.000109847
-1.28413e-05
4.9603e-05
0.00013914
-8.45592e-05
-5.53559e-05
0.00124305
-0.0115105
0.00289019
0.00136937
-0.0106468
0.00215751
0.00158367
-0.00940795
0.0014518
0.0017011
-0.00730781
0.000869131
0.00166634
-0.00470233
0.000476965
0.00114496
-0.00201266
0.000184355
0.000143683
-0.0115447
0.00236618
-3.52134e-06
-0.0106659
0.00166887
-0.000363746
-0.00921552
0.00103869
-0.000796352
-0.00732989
0.000441684
-0.0010649
-0.00451068
3.98096e-05
-0.000914494
-0.00180904
-0.000281216
0.000440614
-0.0120563
0.00291032
0.000587693
-0.0111873
0.00220776
0.000843782
-0.00995497
0.00153105
0.00114909
-0.00771359
0.00094863
0.00125952
-0.00507622
0.000427529
0.000893758
-0.00200237
-4.7269e-05
-0.00065017
-0.0120829
0.00232953
-0.00077198
-0.0112115
0.00158711
-0.00109161
-0.00982711
0.000895223
-0.00138292
-0.00783082
0.000340008
-0.00150476
-0.00495735
4.89496e-05
-0.00109087
-0.00231364
-0.000133688
0.000673908
-0.0123502
0.00332056
0.000654
-0.000952324
6.25284e-05
0.000815473
-0.0126079
0.00359496
-0.000663243
-0.000782426
-0.000243253
-0.0002556
-0.012614
0.00305172
9.25179e-05
5.80124e-05
-3.22604e-05
-0.00023426
-9.65081e-05
3.07478e-05
0.000234266
-9.3147e-05
3.21837e-05
-0.000111414
-0.0128818
0.00331646
0.000471812
-0.000843072
-0.000195088
-0.000637493
-0.00106779
9.03385e-06
-7.37106e-06
5.68939e-06
-3.14896e-05
0.00121371
-0.011909
0.00324745
0.00129776
-0.0111005
0.00252266
0.00147025
-0.0100789
0.00180436
0.00160305
-0.00846735
0.00116879
0.00174336
-0.0060747
0.000663826
0.00147506
-0.00331325
0.000304452
0.000159608
-0.0119387
0.00271554
9.33263e-05
-0.0111281
0.00201485
-0.000146939
-0.0100494
0.00133262
-0.000577964
-0.00832801
0.000749465
-0.000976854
-0.00594043
0.000223962
-0.00105857
-0.00309747
-0.000129425
0.000416483
-0.0124494
0.0032587
0.000495558
-0.0116556
0.00255997
0.000701449
-0.0106275
0.00187312
0.000995646
-0.00897997
0.00123261
0.00126032
-0.00649049
0.000678414
0.0011418
-0.00357997
0.00018802
-0.000633125
-0.0124653
0.00269794
-0.000702591
-0.0116763
0.00195367
-0.000879438
-0.0106425
0.00123133
-0.00127251
-0.00892501
0.000591172
-0.00146468
-0.00643518
0.000179706
-0.0014381
-0.00347714
-5.42956e-05
0.000851453
-0.0117784
0.00289448
0.000967394
-0.0108984
0.00217283
0.00117269
-0.00965129
0.00149886
0.00137139
-0.00748992
0.000911418
0.00141547
-0.00488579
0.0004615
0.00105156
-0.00200844
0.000114956
-0.000288477
-0.0118111
0.00234276
-0.00042466
-0.0109274
0.00162259
-0.000733718
-0.009514
0.000982207
-0.0010638
-0.0075693
0.000373517
-0.00119937
-0.00475368
5.49172e-05
-0.000941676
-0.00205007
-0.000198256
-0.000100933
-0.0120775
0.00261555
-6.49603e-05
-0.0112189
0.00188899
-6.62842e-05
-0.00995641
0.0012207
-7.81259e-05
-0.00779417
0.000673763
-0.000116162
-0.00501
0.000253683
-0.000237754
-0.0020419
-4.92149e-06
0.000694377
-0.0115404
0.00262731
0.000691817
-0.0106947
0.00192355
0.000604965
-0.00936022
0.00122205
0.000443543
-0.00735424
0.000687866
0.000310593
-0.00458467
0.00028194
0.000140257
-0.00178055
2.99403e-05
7.92757e-05
-0.000728089
1.90663e-06
-2.64644e-05
-0.000763954
2.43961e-05
0.000278253
-0.0126116
0.00332363
-0.000664801
-0.000879466
-8.43276e-05
-9.21982e-06
3.15339e-05
-7.3146e-06
0.000637254
-0.000886074
-4.93088e-05
0.000826934
-0.0121751
0.00324819
0.000898054
-0.0113729
0.0025355
0.00107071
-0.0103413
0.00182854
0.00125212
-0.00873275
0.00118187
0.00145023
-0.00626553
0.000667308
0.00127901
-0.00344961
0.000275454
-0.000261545
-0.0122052
0.0027048
-0.000347707
-0.0113982
0.00197551
-0.000547388
-0.0103229
0.00127971
-0.000931859
-0.00863285
0.000635277
-0.00116151
-0.00618796
0.000206445
-0.00114621
-0.00331896
-7.69644e-05
-0.000114812
-0.0124581
0.00297302
-7.96384e-05
-0.0116929
0.00225942
-5.51322e-05
-0.0106702
0.00154819
-0.000105692
-0.00897891
0.000901343
-6.75066e-05
-0.00647851
0.000438902
-0.000196532
-0.00347606
9.77492e-05
0.0006851
-0.0119291
0.00298097
0.000699136
-0.0111346
0.00226574
0.000662948
-0.0101077
0.00156925
0.00052081
-0.00840782
0.000960116
0.000400242
-0.0060276
0.000465198
0.000218283
-0.00314257
0.000139507
0.000474169
-0.00139064
-5.62109e-06
0.000769235
-0.00931047
0.00125309
