0.000979735
-0.00992246
0.0034365
0.000384175
-0.00993697
0.00329765
-0.00015617
-9.21368e-05
-4.89161e-05
0.000110265
2.21787e-06
4.37695e-05
0.000142617
-0.0100698
0.00344035
-0.000456705
-0.0100668
0.00328351
-9.47295e-05
-1.06149e-05
4.28182e-05
0.000123073
-7.35458e-05
-5.04685e-05
0.00101661
-0.00947061
0.00269613
0.0011344
-0.00897921
0.00193584
0.00133549
-0.00812289
0.00122664
0.00146107
-0.00641809
0.000650668
0.00145104
-0.00419153
0.000307744
0.000999058
-0.00181903
9.41185e-05
0.000367531
-0.00950251
0.00255492
0.000219877
-0.00899532
0.0018044
-0.000140281
-0.00793238
0.00112652
-0.000579686
-0.00645014
0.000498456
-0.00087591
-0.00401306
7.27085e-05
-0.000787795
-0.00163125
-0.000240499
0.000167564
-0.00963103
0.00271622
0.00031539
-0.00915801
0.00198575
0.000578933
-0.00834802
0.00130762
0.0009033
-0.00655364
0.000740357
0.00105979
-0.00436854
0.000272797
0.000778913
-0.00173662
-9.98885e-05
-0.000473295
-0.00966081
0.00251919
-0.000581621
-0.00919169
0.00172435
-0.000885515
-0.00822992
0.000982025
-0.00116821
-0.00668798
0.000392867
-0.00128544
-0.00428027
7.01185e-05
-0.000939802
-0.00200526
-0.000118302
0.000674095
-0.00993105
0.00336207
0.000570734
-0.000865049
2.11181e-05
0.000567202
-0.0099942
0.00344102
-0.000578553
-0.000709835
-0.000213435
-5.46548e-05
-0.00999997
0.00328785
7.84916e-05
4.6213e-05
-3.05056e-05
-0.00020452
-8.57749e-05
2.84451e-05
0.000204258
-8.16605e-05
2.44126e-05
-0.000160695
-0.0100735
0.00335867
0.000418407
-0.000731888
-0.000198909
-0.000550359
-0.000926943
5.4896e-06
-3.79397e-06
5.73476e-06
-2.9501e-05
0.000989253
-0.00968112
0.00307243
0.00106773
-0.00924737
0.00231287
0.00122847
-0.00860086
0.00157694
0.0013556
-0.007378
0.000939086
0.00151244
-0.00537914
0.000466257
0.00128579
-0.00297211
0.000173612
0.000383727
-0.00970882
0.00292938
0.000316684
-0.00927255
0.0021766
7.62944e-05
-0.00857033
0.00144316
-0.000355325
-0.00724161
0.000823319
-0.000770882
-0.00525489
0.000265259
-0.000894699
-0.00277242
-9.59914e-05
0.000143618
-0.00983246
0.0030836
0.000222722
-0.00942486
0.00234985
0.000432321
-0.00880522
0.00164592
0.000737096
-0.00759671
0.00100818
0.00103225
-0.00555624
0.000491876
0.000979149
-0.00309272
7.81393e-05
-0.00045848
-0.00984973
0.00291243
-0.000519103
-0.00945309
0.00211724
-0.000679944
-0.00883159
0.00134381
-0.00106072
-0.00754789
0.000661147
-0.00124475
-0.00552733
0.000213552
-0.00123324
-0.00301396
-3.78232e-05
0.00060188
-0.00954548
0.00270048
0.000715197
-0.00905103
0.00194978
0.000918131
-0.00820268
0.0012708
0.00113235
-0.00645987
0.000696899
0.00121138
-0.00427439
0.000294418
0.000911712
-0.00177765
3.38446e-05
-8.65845e-05
-0.00957718
0.00253128
-0.000218625
-0.00907897
0.00175721
-0.000522406
-0.00807179
0.00106818
-0.000851887
-0.00655044
0.000424283
-0.0010083
-0.00415469
7.73294e-05
-0.000810096
-0.00180645
-0.00017112
-0.000148486
-0.00965353
0.00261413
-0.000105667
-0.00919432
0.00184814
-9.43546e-05
-0.00835527
0.00115196
-9.91807e-05
-0.00664426
0.00059801
-0.000108211
-0.00432368
0.000187476
-0.000202461
-0.00177285
-3.08892e-05
0.000692618
-0.00949878
0.00262531
0.000684738
-0.00902364
0.00188185
0.000592698
-0.0080751
0.00115264
0.000431575
-0.00647301
0.000603986
0.000298868
-0.00408864
0.000211192
0.00012967
-0.0016157
-5.52322e-06
6.86271e-05
-0.000667605
-1.79214e-05
-1.76396e-05
-0.000663239
4.22741e-06
0.000254026
-0.00999771
0.00336538
-0.000576073
-0.000781444
-7.48828e-05
-6.62823e-06
2.66191e-05
-6.2697e-06
0.000557503
-0.000783621
-7.79728e-05
0.000578321
-0.00975258
0.00307348
0.00064728
-0.00933034
0.00232499
0.000816009
-0.00868986
0.00159996
0.000999993
-0.00749586
0.000954643
0.00122684
-0.00544841
0.000470747
0.00110263
-0.00303357
0.000148081
-6.03025e-05
-0.00978118
0.00291867
-0.000143628
-0.00935667
0.00213668
-0.000339038
-0.00867366
0.00138893
-0.000718604
-0.00740184
0.000704834
-0.000957155
-0.00538157
0.000239684
-0.000977522
-0.00291312
-5.6341e-05
-0.000163368
-0.00984156
0.00299313
-0.000125222
-0.00946384
0.00223744
-9.05484e-05
-0.00885317
0.00149132
-0.000129927
-0.00760091
0.000826701
-7.5194e-05
-0.00556087
0.000362698
-0.000170802
-0.00301276
5.00306e-05
0.000684434
-0.0096997
0.00300064
0.000695688
-0.00927981
0.00224303
0.000653584
-0.00862838
0.00151155
0.000507137
-0.00732193
0.000884095
0.000388668
-0.00534222
0.000385438
0.000207257
-0.00282211
8.38371e-05
0.000413703
-0.00121931
-4.68496e-05
0.000569372
-0.00788396
0.00106638
