0.000875573
-0.00875129
0.00335027
0.000476199
-0.00876468
0.00340956
-0.000144116
-8.55134e-05
-4.43056e-05
0.000100957
1.19647e-06
3.96669e-05
1.76674e-05
-0.00870049
0.00335442
-0.000386272
-0.00869785
0.00339615
-8.66675e-05
-9.44034e-06
3.93268e-05
0.000113761
-6.72145e-05
-4.76251e-05
0.000910659
-0.00846377
0.00259361
0.00102227
-0.00813335
0.00182386
0.00121281
-0.00744756
0.00111749
0.00133807
-0.00593487
0.000547677
0.00133631
-0.00390386
0.000228049
0.000920165
-0.00170576
5.14448e-05
0.000459431
-0.00849401
0.00264664
0.000313334
-0.00814742
0.00187292
-4.12484e-05
-0.0072611
0.00117376
-0.000475914
-0.00596966
0.000533432
-0.000778735
-0.00373388
9.57999e-05
-0.000718923
-0.00152817
-0.000215098
4.23597e-05
-0.00842831
0.00261343
0.000188622
-0.0081285
0.00187281
0.000451838
-0.00750896
0.00119768
0.000779017
-0.00593431
0.000639628
0.000952561
-0.00398006
0.000199823
0.000714416
-0.00158658
-0.000122491
-0.000400949
-0.00845935
0.00261185
-0.000500786
-0.00816654
0.00179496
-0.00079126
-0.0073981
0.00103148
-0.0010634
-0.00607382
0.000428471
-0.00117356
-0.00390815
8.8681e-05
-0.000860483
-0.00183345
-0.000105835
0.000668084
-0.00875936
0.00337533
0.000525544
-0.000813079
1.67858e-06
0.000452657
-0.00872381
0.00335489
-0.000531608
-0.000666909
-0.00019524
2.79029e-05
-0.00872934
0.00339999
7.13955e-05
4.02068e-05
-2.93636e-05
-0.000188252
-7.9798e-05
2.71584e-05
0.000187618
-7.51336e-05
2.03082e-05
-0.000187616
-0.00870415
0.00337236
0.000387686
-0.000668391
-0.000197949
-0.000504044
-0.000847893
5.76908e-06
-2.41739e-06
5.93544e-06
-2.80481e-05
0.000884676
-0.008593
0.00297753
0.00095921
-0.00832116
0.0022046
0.00111121
-0.0078388
0.00146428
0.00123247
-0.006795
0.000828928
0.00139112
-0.00499402
0.000373137
0.00118409
-0.00277667
0.000112027
0.000475617
-0.0086193
0.00303196
0.000408897
-0.00834461
0.00225653
0.000171688
-0.00780792
0.00150084
-0.000252983
-0.00666259
0.000864834
-0.000668257
-0.00487576
0.00029281
-0.000807967
-0.00258726
-7.32592e-05
1.87803e-05
-0.00854663
0.00298851
9.69414e-05
-0.00830661
0.0022409
0.000305486
-0.0078682
0.00153217
0.000610303
-0.00686459
0.000898959
0.000912947
-0.00504971
0.000402861
0.000889842
-0.00282212
2.72618e-05
-0.000387467
-0.00856443
0.00301557
-0.000442681
-0.00833843
0.00219893
-0.000592886
-0.00789993
0.0014041
-0.000960092
-0.00682019
0.000704001
-0.00113489
-0.0050341
0.000239246
-0.00112689
-0.00275673
-2.29126e-05
0.00048621
-0.00844057
0.00259793
0.000596558
-0.0081142
0.00183682
0.000794725
-0.0074448
0.00115924
0.00101108
-0.00590681
0.000594574
0.00110268
-0.00393537
0.000215554
0.000835598
-0.00164529
-4.12034e-06
-3.11679e-06
-0.00847133
0.00262319
-0.00013117
-0.00814101
0.00182595
-0.000427088
-0.00731931
0.00111552
-0.000749324
-0.00599976
0.000458
-0.00091084
-0.00382325
9.57656e-05
-0.000740272
-0.00166875
-0.000152903
-0.000174616
-0.00845123
0.00260955
-0.000128721
-0.0081667
0.0018279
-0.000111097
-0.00751906
0.0011215
-0.000112023
-0.00602752
0.000565891
-0.000106876
-0.00394589
0.000160389
-0.000185664
-0.00162127
-4.00979e-05
0.000685316
-0.00849064
0.00262027
0.000674549
-0.00817521
0.00186073
0.000580862
-0.00740038
0.00112191
0.000422265
-0.00599173
0.000567837
0.000290706
-0.00380879
0.000181452
0.000124026
-0.00151833
-1.99753e-05
6.35511e-05
-0.000630558
-2.63636e-05
-1.42759e-05
-0.000605564
-4.22455e-06
0.000237768
-0.00872717
0.00337873
-0.000528347
-0.000724934
-6.80089e-05
-5.30931e-06
2.4268e-05
-5.74435e-06
0.00051353
-0.00072419
-9.05592e-05
0.000463458
-0.00856561
0.00297873
0.000530371
-0.00830788
0.00221617
0.000694395
-0.00783988
0.00148627
0.00087604
-0.00683802
0.000845128
0.00111
-0.00500198
0.000377687
0.0010075
-0.00279959
8.81328e-05
2.24895e-05
-0.00859304
0.0030214
-5.82326e-05
-0.0083343
0.00221683
-0.000248504
-0.00782492
0.00144678
-0.0006184
-0.00674863
0.000746521
-0.000855498
-0.00494078
0.000264131
-0.000889602
-0.00268591
-3.98926e-05
-0.000189851
-0.00855585
0.00299744
-0.000150617
-0.00834591
0.00222449
-0.000111114
-0.00791808
0.00146495
-0.000143856
-0.00687149
0.00079515
-8.20628e-05
-0.00506199
0.000331016
-0.000159744
-0.00275458
3.12517e-05
0.000677831
-0.00861053
0.00300462
0.000687406
-0.00835222
0.00222957
0.000642499
-0.00786507
0.0014845
0.000495837
-0.00674169
0.00085068
0.000379602
-0.00496165
0.000351586
0.000200483
-0.002638
6.06704e-05
0.000379599
-0.00112116
-6.49552e-05
0.000471415
-0.00713255
0.00097661
