0.000776232
-0.00760317
0.00325873
0.000555592
-0.00761527
0.00351631
-0.000131297
-7.84167e-05
-3.94938e-05
9.12743e-05
2.00736e-07
3.54543e-05
-9.97991e-05
-0.00735396
0.00326316
-0.000325806
-0.00735182
0.00350377
-7.83242e-05
-8.24198e-06
3.57866e-05
0.00010366
-6.03911e-05
-4.45234e-05
0.000809182
-0.00746439
0.00248826
0.000913367
-0.00727933
0.00171199
0.00109088
-0.00675137
0.00101151
0.00121313
-0.00542771
0.000449736
0.00121732
-0.00359632
0.000152456
0.000837796
-0.00158246
1.08812e-05
0.000538783
-0.00749263
0.00273558
0.000395397
-0.00729102
0.00194111
4.99184e-05
-0.00657093
0.00122265
-0.000374897
-0.00546391
0.000572441
-0.000679811
-0.00343602
0.000123198
-0.000646587
-0.00141639
-0.000186405
-7.55412e-05
-0.00723278
0.00250764
6.7896e-05
-0.00709067
0.00175947
0.000328191
-0.00664881
0.00108987
0.000653968
-0.00529168
0.000542215
0.000840858
-0.0035712
0.00013064
0.000645531
-0.00142657
-0.000142232
-0.000338397
-0.00726488
0.00270205
-0.000428606
-0.00713284
0.001866
-0.000702181
-0.00654665
0.0010843
-0.000959943
-0.00543427
0.000469694
-0.00106029
-0.00351618
0.000112337
-0.00077896
-0.00165136
-9.02901e-05
0.000658222
-0.00761063
0.00338341
0.000478316
-0.000756067
-1.66903e-05
0.000344205
-0.00747637
0.00326342
-0.000481798
-0.000619921
-0.000174932
9.93771e-05
-0.0074816
0.00350705
6.42951e-05
3.41548e-05
-2.80293e-05
-0.000171136
-7.34514e-05
2.5769e-05
0.000169999
-6.81532e-05
1.60897e-05
-0.000215712
-0.0073576
0.00338091
0.000354452
-0.000600328
-0.000194944
-0.000456169
-0.000763867
7.36891e-06
-1.32698e-06
6.224e-06
-2.62926e-05
0.000784836
-0.00752029
0.0028785
0.000854651
-0.00739445
0.00209495
0.000996063
-0.00706182
0.00135321
0.00110959
-0.00618796
0.000722829
0.00126619
-0.00458575
0.000284689
0.00107819
-0.00256599
5.36788e-05
0.000554865
-0.00754492
0.00313059
0.000488926
-0.00741584
0.00233487
0.000256986
-0.00703071
0.00155938
-0.000156161
-0.00606106
0.000908959
-0.000565771
-0.00447414
0.000324741
-0.00071819
-0.00238825
-4.65945e-05
-9.85707e-05
-0.00727596
0.00288921
-2.19849e-05
-0.00718755
0.00213022
0.000183627
-0.00691608
0.00141923
0.000485157
-0.00610842
0.000792739
0.000790493
-0.00451991
0.000317655
0.000795632
-0.00253571
-2.02287e-05
-0.000326394
-0.0072942
0.00311489
-0.000375552
-0.00722281
0.00227959
-0.000513434
-0.00695293
0.0014663
-0.000862458
-0.00606923
0.000751521
-0.00102496
-0.00451757
0.00027045
-0.0010182
-0.00248443
-3.71302e-06
0.000376318
-0.00734303
0.00249252
0.000482618
-0.00716932
0.00172377
0.000673737
-0.00666636
0.00105024
0.000888767
-0.00533066
0.000496495
0.000989945
-0.00357632
0.00014067
0.000755756
-0.00150285
-3.98635e-05
6.95462e-05
-0.00737254
0.0027125
-5.32832e-05
-0.00719464
0.00189478
-0.000338041
-0.00654764
0.00116516
-0.000648738
-0.00542404
0.00049684
-0.000812129
-0.00347261
0.000118873
-0.000667988
-0.00152157
-0.000131656
-0.000201976
-0.00725594
0.00260228
-0.000153236
-0.00713049
0.00180775
-0.000129324
-0.00666171
0.00109379
-0.000126134
-0.00538599
0.000537894
-0.000107109
-0.00354765
0.000137626
-0.000169456
-0.00145976
-4.66322e-05
0.00067395
-0.00748968
0.00261244
0.000660145
-0.00731807
0.00183944
0.000565444
-0.00670524
0.00109394
0.000410884
-0.00548513
0.00053586
0.000281199
-0.00350938
0.000155828
0.000118275
-0.00141182
-3.20023e-05
5.872e-05
-0.00058935
-3.36863e-05
-1.16295e-05
-0.000543689
-1.14737e-05
0.000219027
-0.00747954
0.00338688
-0.00047859
-0.000663948
-5.97446e-05
-3.99024e-06
2.19674e-05
-5.22262e-06
0.000467085
-0.000659926
-0.000101763
0.00035459
-0.00739398
0.00287984
0.00041882
-0.00728482
0.00210583
0.000576379
-0.00697504
0.00137388
0.000753407
-0.00615612
0.000739306
0.000990025
-0.00453266
0.000289043
0.000908174
-0.00255006
3.13907e-05
9.42501e-05
-0.00741997
0.00312025
1.68971e-05
-0.00731107
0.00229573
-0.000166313
-0.00696139
0.00150602
-0.000522037
-0.00607242
0.000792281
-0.000754061
-0.00447728
0.00029354
-0.00079945
-0.00244418
-1.94448e-05
-0.000217462
-0.00728526
0.00299777
-0.000177408
-0.00722684
0.00221017
-0.000133247
-0.00696742
0.00144002
-0.000158733
-0.00611805
0.00076762
-9.0679e-05
-0.00453939
0.000303929
-0.000149805
-0.00248081
1.6122e-05
0.000667266
-0.0075366
0.00300457
0.000674968
-0.0074238
0.00221467
0.000627365
-0.00708645
0.00145871
0.00048175
-0.00613803
0.000820562
0.000368542
-0.00455766
0.000322103
0.000193035
-0.00243927
4.0938e-05
0.000343097
-0.0010157
-8.11032e-05
0.000374784
-0.00635827
0.000889983
