-6.36229e-05
-0.0162825
-7.52694e-05
-4.75749e-05
-0.0163248
0.000137874
-0.000310491
-0.000181951
-8.02371e-05
0.000181458
2.09877e-05
5.84643e-05
2.34165e-05
-0.0161018
-5.87741e-05
2.70806e-05
-0.0160887
0.000116502
-0.000164049
-8.72525e-06
7.61076e-05
0.000228869
-0.00012678
-8.83223e-05
3.81527e-05
-0.0164236
-3.39277e-06
0.000480905
-0.0166074
2.64858e-05
0.00135653
-0.0159388
-5.80438e-05
0.00208498
-0.0124602
-6.45065e-05
0.00233336
-0.00778395
1.35067e-05
0.00159008
-0.00314133
2.27467e-05
-3.87244e-05
-0.016546
0.000206525
-0.000214526
-0.0167819
0.000294569
-0.00093218
-0.0155221
0.000362955
-0.00187088
-0.0126508
-2.73515e-05
-0.00226517
-0.00748915
-0.000230521
-0.00173156
-0.00293298
-0.000496953
8.43697e-05
-0.01628
5.50732e-05
0.000464328
-0.0165439
0.000206283
0.00117865
-0.0159188
0.000261257
0.00195246
-0.0125131
0.000234202
0.00227845
-0.00793691
-2.57666e-05
0.00157762
-0.00281343
-0.00030829
3.10127e-05
-0.0163693
0.000165386
-0.000244163
-0.0166434
0.000149875
-0.00116989
-0.0155631
2.46383e-05
-0.00207972
-0.0128428
-0.000258923
-0.00241717
-0.00773802
-0.000164258
-0.00168181
-0.00334967
-0.000166864
-6.73333e-05
-0.0163008
1.64952e-05
0.00088956
-0.00144049
-1.47943e-05
-4.60057e-06
-0.0161875
-5.74008e-05
-0.00118447
-0.00128945
-0.000368354
-7.44536e-05
-0.0162011
0.000122422
8.05965e-05
7.61685e-05
-7.67786e-05
-0.000387883
-0.000156399
8.11566e-05
0.000364062
-0.000114715
5.71547e-05
-6.04476e-06
-0.0161072
1.68963e-05
0.00082127
-0.00111087
-0.000405088
-0.000952655
-0.00146538
7.75569e-05
1.04247e-05
2.76918e-05
-5.75145e-05
-3.86415e-05
-0.0163102
-3.98689e-05
0.000202313
-0.0165515
2.51512e-05
0.000878576
-0.0164176
1.52478e-05
0.00164914
-0.0145235
-1.30412e-05
0.00237113
-0.0102834
-1.86026e-07
0.00206838
-0.00533158
-1.3678e-06
-4.02204e-05
-0.0163897
0.000159465
-8.06685e-05
-0.0167078
0.000265157
-0.000474096
-0.0164674
0.000310851
-0.00139428
-0.0143214
0.000274022
-0.00218914
-0.0100696
-0.000135778
-0.00212609
-0.00504515
-0.000346059
2.4871e-05
-0.0161407
-4.77346e-06
0.000223141
-0.0164613
0.000133834
0.000765946
-0.0163913
0.000271214
0.0015516
-0.0145877
0.000224125
0.00227711
-0.0104441
0.000111572
0.00203771
-0.0053776
-0.000168923
3.99916e-05
-0.0161825
0.00014901
-7.71813e-05
-0.0165476
0.000172427
-0.000549699
-0.0164611
0.000100542
-0.00172883
-0.014455
-0.000127617
-0.00231901
-0.0103399
-0.000202763
-0.0022879
-0.00522807
-0.000144278
9.37597e-05
-0.0163468
1.37183e-05
0.000437162
-0.0165419
0.000119874
0.00116111
-0.0158367
0.000142658
0.00188709
-0.0124192
0.000101246
0.00220003
-0.00785546
2.94603e-05
0.0016153
-0.0029789
-6.25424e-05
-0.000103927
-0.0164501
0.000179384
-0.000346162
-0.0166675
0.000223496
-0.00107633
-0.0155629
0.00024365
-0.00190019
-0.0126553
-0.0001522
-0.00216746
-0.00763585
-0.000159353
-0.0015919
-0.00316247
-0.000308342
3.13126e-05
-0.0163436
0.000100739
0.000116994
-0.0166487
0.000174257
0.000130844
-0.0159437
0.000133316
1.65325e-05
-0.0127672
0.000101205
-8.28249e-05
-0.00782616
-6.05941e-05
-0.000277765
-0.00288764
-0.000114598
2.14154e-05
-0.016513
9.0114e-05
0.000199951
-0.0167989
0.000141336
0.000215626
-0.0158517
6.64656e-05
9.23056e-05
-0.0126804
2.18278e-05
2.04304e-05
-0.00759656
-6.56605e-05
-7.46273e-05
-0.00282136
-9.05146e-05
-5.74113e-05
-0.00115077
-3.19733e-05
2.34902e-05
-0.00098302
7.72112e-06
-5.00489e-05
-0.0161953
3.17115e-05
-0.00108611
-0.00133478
-6.03301e-05
-9.98916e-06
6.79257e-05
2.01952e-05
0.000985103
-0.00123686
-0.000176346
2.5816e-05
-0.0162169
-3.07371e-05
0.000226841
-0.0164977
6.84183e-05
0.000795932
-0.0163885
0.000130828
0.00146264
-0.0145967
0.000108485
0.00220703
-0.0103256
6.30435e-05
0.00198339
-0.00536107
-2.13106e-05
-7.41751e-05
-0.016291
0.000150303
-0.00020974
-0.0166076
0.000214243
-0.000622632
-0.0163976
0.000216926
-0.00159055
-0.0144072
-1.22516e-06
-0.00211361
-0.0101791
-0.000137468
-0.00202051
-0.00519224
-0.000204115
-1.41772e-05
-0.0161615
6.48004e-05
9.96972e-05
-0.0165769
0.000138196
0.000160254
-0.016541
0.000174568
1.23261e-05
-0.0145911
4.68717e-05
2.25673e-05
-0.0104332
-9.55124e-06
-0.00022373
-0.00520833
-0.000106252
-2.74223e-05
-0.0163611
5.33323e-05
8.9111e-05
-0.0166763
0.000127427
0.000245153
-0.0165674
0.000139343
0.00013685
-0.0145022
0.000131255
0.000100536
-0.0102275
-2.92408e-05
-4.90784e-05
-0.0050756
-8.37702e-05
0.000813998
-0.0019391
-0.00013323
0.00105214
-0.0151686
0.00015612
