0.000681383
-0.00647604
0.0031625
0.000623082
-0.00648671
0.00361705
-0.000117765
-7.08797e-05
-3.45031e-05
8.12711e-05
-7.74636e-07
3.11591e-05
-0.000210016
-0.00602966
0.00316718
-0.000274474
-0.00602806
0.00360551
-6.9742e-05
-7.03258e-06
3.22103e-05
9.28305e-05
-5.31254e-05
-4.11736e-05
0.000711856
-0.00647137
0.00238077
0.000807388
-0.00641706
0.00160091
0.000969538
-0.0060353
0.000909307
0.00108637
-0.00489811
0.000357416
0.00109444
-0.0032704
8.14732e-05
0.000752356
-0.00144998
-2.72796e-05
0.000606318
-0.00649728
0.00282098
0.000466775
-0.00642607
0.00200831
0.000133781
-0.00586274
0.00127276
-0.000276363
-0.00493452
0.000615153
-0.000579177
-0.0031209
0.00015473
-0.000570992
-0.00129663
-0.000154542
-0.000186376
-0.00604478
0.00239952
-4.70065e-05
-0.00604582
0.00164642
0.000207862
-0.00576975
0.000984852
0.000528267
-0.00462822
0.000448824
0.000725038
-0.00314422
6.57926e-05
0.000572563
-0.00125781
-0.000158893
-0.000284809
-0.00607772
0.002789
-0.000364296
-0.00609186
0.00193681
-0.000617695
-0.00567763
0.00113995
-0.000857563
-0.00477189
0.000516085
-0.00094571
-0.00310651
0.000140823
-0.000695492
-0.0014602
-7.18101e-05
0.00064471
-0.00648282
0.0033862
0.000429318
-0.000694464
-3.38526e-05
0.000241565
-0.00625055
0.00316722
-0.000429312
-0.000569198
-0.000152611
0.000160539
-0.00625544
0.00360818
5.72264e-05
2.80753e-05
-2.64951e-05
-0.000153245
-6.67673e-05
2.42687e-05
0.000151494
-6.07765e-05
1.17811e-05
-0.000244686
-0.00603325
0.0033842
0.000318864
-0.000528286
-0.000189842
-0.000406949
-0.000675506
1.0223e-05
-5.25283e-07
6.57628e-06
-2.42427e-05
0.000689403
-0.00646142
0.002776
0.000753739
-0.00646666
0.00198458
0.000882795
-0.00627038
0.00124441
0.000986847
-0.00555826
0.000621424
0.00113792
-0.00415595
0.000201475
0.000968537
-0.0023413
-1.01564e-06
0.000622201
-0.00648413
0.00322444
0.000557499
-0.00648565
0.00241092
0.000332855
-0.00623916
0.00161823
-6.44213e-05
-0.00543831
0.000955326
-0.000463325
-0.00405163
0.000360811
-0.000625517
-0.00217649
-1.61358e-05
-0.000208671
-0.00602035
0.00278633
-0.000134291
-0.0060685
0.00201851
6.6554e-05
-0.00595059
0.00130782
0.000361617
-0.00533068
0.000690223
0.00066517
-0.00396934
0.000236891
0.000696887
-0.00223531
-6.39186e-05
-0.000274431
-0.0060389
0.00320957
-0.000316908
-0.00610702
0.00235849
-0.000440857
-0.00599231
0.00152982
-0.000767386
-0.00529738
0.000803221
-0.000914864
-0.00398017
0.00030682
-0.00090742
-0.00219874
1.95686e-05
0.000271924
-0.00625248
0.00238492
0.000373123
-0.00621699
0.00161133
0.000555019
-0.00586891
0.000944478
0.000765497
-0.00473336
0.000403292
0.00087353
-0.00319911
7.03048e-05
0.000672529
-0.00135134
-7.30839e-05
0.000132165
-0.00628043
0.00279845
1.57576e-05
-0.00624049
0.00196304
-0.000254713
-0.00575824
0.00121664
-0.000549878
-0.00482541
0.000540403
-0.00071219
-0.00310459
0.000146449
-0.000593445
-0.00136585
-0.000107492
-0.000230276
-0.00606801
0.00259227
-0.000178932
-0.00608696
0.00178772
-0.000148784
-0.00578539
0.00106889
-0.000141296
-0.00472222
0.000514155
-0.000108747
-0.00313121
0.000119326
-0.000153843
-0.00128951
-5.04396e-05
0.00065872
-0.00649481
0.00260177
0.00064174
-0.00645217
0.001818
0.000546661
-0.00599062
0.00106881
0.000397579
-0.00495482
0.000508213
0.000270512
-0.00319186
0.000134497
0.000112511
-0.00129691
-4.14905e-05
5.41876e-05
-0.000544325
-3.98192e-05
-9.69968e-06
-0.000478177
-1.74676e-05
0.000198053
-0.0062535
0.00338969
-0.000426984
-0.000598937
-5.0155e-05
-2.68208e-06
1.97011e-05
-4.70951e-06
0.000418392
-0.000591367
-0.000111458
0.000251436
-0.00623683
0.00277747
0.000312354
-0.00626127
0.00199466
0.000461754
-0.0060964
0.00126348
0.000632013
-0.00545209
0.000637835
0.000867187
-0.00404247
0.000205412
0.00080504
-0.00228651
-2.17049e-05
0.000155746
-0.00626113
0.0032144
8.25055e-05
-0.00628709
0.00237267
-9.17948e-05
-0.00608416
0.0015661
-0.000429122
-0.00537503
0.000841666
-0.000652733
-0.00399312
0.000327633
-0.000707199
-0.00218935
4.85037e-06
-0.000245909
-0.00602965
0.00299405
-0.000205308
-0.00610744
0.00219446
-0.000156672
-0.00600292
0.00141657
-0.000174354
-0.00534301
0.000744184
-0.000100822
-0.00399558
0.000281577
-0.000140905
-0.00219323
4.75022e-06
0.00065294
-0.00647633
0.0030004
0.00065858
-0.00649395
0.0021983
0.000608402
-0.006293
0.00143424
0.000465064
-0.00551227
0.000793869
0.000355666
-0.00413189
0.000297163
0.000185048
-0.00222708
2.47953e-05
0.000304365
-0.000903784
-9.51353e-05
0.000279465
-0.00556329
0.000807015
