0.000590646
-0.00536763
0.00306224
0.000679494
-0.00537674
0.00371092
-0.00010358
-6.29395e-05
-2.93576e-05
7.10022e-05
-1.73505e-06
2.68084e-05
-0.000313263
-0.00472682
0.00306714
-0.000231341
-0.00472582
0.0037005
-6.09642e-05
-5.82453e-06
2.86098e-05
8.13388e-05
-4.54713e-05
-3.75891e-05
0.000618307
-0.00548351
0.00227183
0.00070401
-0.00554652
0.00149134
0.00084864
-0.00530048
0.000811485
0.000957866
-0.00434777
0.000271204
0.000968086
-0.00292775
1.55189e-05
0.000664268
-0.00130924
-6.28012e-05
0.000662866
-0.00550678
0.00290208
0.000528276
-0.00555258
0.00207392
0.000210978
-0.00513755
0.00132365
-0.000180003
-0.00438335
0.000661195
-0.000476879
-0.0027901
0.000190157
-0.000492375
-0.00116965
-0.000119682
-0.000290426
-0.0048646
0.0022898
-0.000156348
-0.00499527
0.0015344
9.06875e-05
-0.00487411
0.000883288
0.000402024
-0.00394654
0.000360093
0.000605495
-0.0027015
5.73396e-06
0.000495852
-0.00108159
-0.000172321
-0.000239261
-0.00489814
0.00287194
-0.000306993
-0.00504489
0.00200673
-0.000537184
-0.00479323
0.0011979
-0.00075598
-0.00408946
0.000567133
-0.000829918
-0.0026814
0.000173804
-0.000610349
-0.00126126
-5.05873e-05
0.000627771
-0.00537366
0.00338359
0.000378829
-0.000628763
-4.9701e-05
0.000144409
-0.00504485
0.00306695
-0.000374367
-0.000515096
-0.000128413
0.000212255
-0.00504935
0.00370252
5.0223e-05
2.19863e-05
-2.47564e-05
-0.000134659
-5.97811e-05
2.26503e-05
0.000132207
-5.30641e-05
7.40619e-06
-0.000274214
-0.00473035
0.00338212
0.000281105
-0.00045288
-0.000182629
-0.000356606
-0.000583484
1.4242e-05
-1.00583e-08
6.96795e-06
-2.19108e-05
0.000598
-0.00541465
0.00267072
0.000656118
-0.00553714
0.00187422
0.000771146
-0.00546503
0.00113854
0.000864122
-0.00490749
0.000525289
0.0010066
-0.00370641
0.000123968
0.000855585
-0.00210394
-5.17194e-05
0.000678452
-0.00543517
0.00331271
0.000615442
-0.00555345
0.00248399
0.000400057
-0.00543384
0.00167685
2.27325e-05
-0.00479579
0.00100355
-0.000360809
-0.00360999
0.000400722
-0.000530118
-0.00195319
1.79143e-05
-0.000311802
-0.00477954
0.00268058
-0.000240259
-0.00495028
0.00190648
-4.59645e-05
-0.00497358
0.00119862
0.00023962
-0.00453397
0.000592063
0.000537282
-0.00340066
0.000161115
0.000594018
-0.00192287
-0.000103476
-0.000230646
-0.00479828
0.0032988
-0.000265855
-0.00499186
0.00243493
-0.000374359
-0.00501989
0.00159405
-0.000674428
-0.00450716
0.000858575
-0.000804508
-0.00342449
0.000347942
-0.000794776
-0.00190146
4.66594e-05
0.000172706
-0.00516846
0.00227583
0.000267783
-0.00525785
0.0015002
0.000438401
-0.00505417
0.000842584
0.000641378
-0.00411703
0.000315517
0.000753816
-0.00280574
4.90472e-06
0.000586288
-0.00119191
-0.00010354
0.000185597
-0.00519457
0.00288028
7.67597e-05
-0.00527922
0.0020301
-0.000176494
-0.00495273
0.00126949
-0.000452473
-0.00420617
0.000588236
-0.000611057
-0.00272113
0.000178221
-0.000516859
-0.00120261
-8.05786e-05
-0.000259203
-0.00488771
0.0025795
-0.000205513
-0.00503742
0.00176781
-0.000169212
-0.0048924
0.00104685
-0.000157285
-0.00403895
0.000494749
-0.000111619
-0.00269892
0.000105547
-0.000138822
-0.00111179
-5.1521e-05
0.000639857
-0.00550483
0.00258825
0.000619586
-0.00557754
0.00179646
0.00052477
-0.00525766
0.00104656
0.000382521
-0.00440266
0.000484997
0.000258825
-0.0028579
0.000117557
0.000106829
-0.00117444
-4.83797e-05
5.00013e-05
-0.000495859
-4.47197e-05
-8.47509e-06
-0.000409615
-2.21808e-05
0.000175116
-0.00504755
0.00338708
-0.000373726
-0.000530386
-3.93298e-05
-1.39537e-06
1.74526e-05
-4.21068e-06
0.000367695
-0.00051909
-0.000119553
0.000153668
-0.00509317
0.0026723
0.000210661
-0.00523732
0.00188337
0.000350285
-0.00520517
0.00115575
0.000511766
-0.00472801
0.000541321
0.000741771
-0.00353362
0.000127299
0.000698505
-0.00201058
-7.07947e-05
0.000207841
-0.00511551
0.00330305
0.000139427
-0.00526246
0.00244695
-2.42022e-05
-0.00519442
0.00162645
-0.000339228
-0.00465848
0.000894198
-0.000551398
-0.00349049
0.000366067
-0.000613002
-0.00192297
3.27756e-05
-0.000274871
-0.00478877
0.0029862
-0.000234007
-0.00498853
0.00217736
-0.000181103
-0.00502643
0.00139465
-0.000190513
-0.00454897
0.000724869
-0.000112263
-0.00343322
0.000264024
-0.000132951
-0.00189371
-2.8265e-06
0.000635079
-0.00542798
0.00299206
0.000638477
-0.00556206
0.00218047
0.000585869
-0.00548531
0.00141114
0.000445998
-0.00486593
0.000770691
0.000341175
-0.00368619
0.000276865
0.000176663
-0.00200273
1.23269e-05
0.000263595
-0.000786328
-0.00010694
0.000185425
-0.00474991
0.000728183
