0.000503589
-0.00427546
0.00295861
0.000725747
-0.00428286
0.00379708
-8.88074e-05
-5.46369e-05
-2.40833e-05
6.05229e-05
-2.68577e-06
2.24286e-05
-0.000409869
-0.00344447
0.00296369
-0.000195371
-0.0034441
0.00378789
-5.20338e-05
-4.62959e-06
2.49962e-05
6.92583e-05
-3.74855e-05
-3.37862e-05
0.000528116
-0.00449953
0.0021622
0.000602884
-0.00466774
0.00138399
0.000728045
-0.0045482
0.000718586
0.000827769
-0.00377857
0.000191503
0.000838715
-0.00257017
-4.50814e-05
0.000573976
-0.00116123
-9.55039e-05
0.000709351
-0.00451986
0.00297814
0.000580801
-0.00467062
0.00213735
0.000282216
-0.00439653
0.00137489
-8.54839e-05
-0.00381245
0.000710156
-0.000372977
-0.0024453
0.000229175
-0.000411001
-0.00103628
-8.20483e-05
-0.000388026
-0.00369243
0.00217922
-0.000260432
-0.0039404
0.00142413
-2.35295e-05
-0.00396436
0.000785798
0.000275348
-0.00324939
0.000276586
0.000482649
-0.00224557
-4.91724e-05
0.000415776
-0.000899251
-0.000182424
-0.000200735
-0.00372633
0.00295013
-0.000255766
-0.00399331
0.00207514
-0.000459995
-0.00389577
0.0012576
-0.000654913
-0.00338989
0.000622274
-0.000713013
-0.00224324
0.000210874
-0.000523809
-0.00105588
-2.68606e-05
0.000607647
-0.00428066
0.0033755
0.000327135
-0.000559485
-6.41562e-05
5.23569e-05
-0.00385752
0.00296326
-0.000317204
-0.000457998
-0.000102501
0.000255484
-0.00386159
0.00378922
4.33159e-05
1.59057e-05
-2.28123e-05
-0.000115462
-5.25299e-05
2.09077e-05
0.000112245
-4.50783e-05
2.98835e-06
-0.000303948
-0.00344791
0.00337458
0.00024138
-0.000374746
-0.000173327
-0.000305362
-0.000488492
1.93156e-05
2.25422e-07
7.37498e-06
-1.93131e-05
0.000510193
-0.00437807
0.00256337
0.000561393
-0.00460527
0.00176461
0.000660854
-0.00464643
0.00103626
0.000741323
-0.00423741
0.000434939
0.000872573
-0.00323909
5.25434e-05
0.000739828
-0.00185535
-9.81752e-05
0.00072454
-0.00439617
0.0033946
0.00066368
-0.00461862
0.00255344
0.000459436
-0.00461545
0.00173473
0.000105846
-0.00413514
0.00105322
-0.000258113
-0.00315118
0.000444117
-0.000432191
-0.00171967
5.52917e-05
-0.000408296
-0.00355314
0.00257266
-0.000340214
-0.00383367
0.00179487
-0.000154201
-0.00398698
0.00109236
0.000119084
-0.00372108
0.000498859
0.00040715
-0.00281665
9.07875e-05
0.000487465
-0.00160038
-0.00013865
-0.000194012
-0.00357194
0.00338177
-0.000221416
-0.00387808
0.00250821
-0.000313092
-0.0040376
0.00165839
-0.000583125
-0.00370125
0.000917024
-0.000693803
-0.00285324
0.000393342
-0.000680529
-0.00159446
7.72249e-05
7.8293e-05
-0.00409043
0.00216601
0.000166272
-0.00429258
0.00139112
0.000323702
-0.00422397
0.000745165
0.000516523
-0.00348394
0.000233646
0.000631213
-0.00239837
-5.5176e-05
0.000497429
-0.0010257
-0.00013105
0.000230786
-0.00411442
0.00295725
0.000130608
-0.00431156
0.00209537
-0.000102728
-0.00413286
0.00132325
-0.000356241
-0.0035688
0.000639837
-0.000508774
-0.0023243
0.000213852
-0.000438466
-0.00103292
-5.11282e-05
-0.000288422
-0.00371523
0.00256394
-0.000232671
-0.00398326
0.00174807
-0.000190342
-0.00398518
0.0010277
-0.000173878
-0.00333904
0.000479692
-0.000115541
-0.00225326
9.62705e-05
-0.000124382
-0.000927922
-4.99287e-05
0.000617615
-0.00451849
0.00257188
0.000593969
-0.00469425
0.00177487
0.000500061
-0.00450762
0.00102722
0.000365903
-0.00383066
0.000466254
0.000246325
-0.00250926
0.000105028
0.000101318
-0.00104529
-5.2663e-05
4.62021e-05
-0.000444353
-4.83721e-05
-7.93429e-06
-0.000338609
-2.56145e-05
0.00015051
-0.00385994
0.00337895
-0.000319025
-0.000458805
-2.73821e-05
-1.40063e-07
1.52056e-05
-3.73241e-06
0.000315253
-0.000443695
-0.000125986
6.09084e-05
-0.00396184
0.00256505
0.000113384
-0.00421306
0.00177272
0.000241711
-0.00430265
0.00105137
0.000392566
-0.00398615
0.000450311
0.000614087
-0.00300845
5.51163e-05
0.000589004
-0.001724
-0.000115601
0.000251488
-0.00398199
0.00338539
0.000188581
-0.00423727
0.0025179
3.72767e-05
-0.00429348
0.00168652
-0.000251899
-0.00392493
0.00094937
-0.000449941
-0.00297174
0.000408438
-0.000517027
-0.00164665
6.40515e-05
-0.000304007
-0.00356224
0.00297418
-0.000263177
-0.00387091
0.00215889
-0.000206243
-0.0040399
0.00137429
-0.000207007
-0.0037387
0.000709656
-0.000124765
-0.00285511
0.000251259
-0.000125846
-0.00158421
-6.64069e-06
0.00061393
-0.00438966
0.00297951
0.000614925
-0.00462752
0.00216122
0.000560061
-0.00466409
0.00138947
0.000424801
-0.00420072
0.000751079
0.000325287
-0.00322255
0.000261238
0.000168024
-0.00176759
3.54718e-06
0.000220994
-0.000664273
-0.00011645
9.26209e-05
-0.00392063
0.00065392
