0.000419723
-0.00319683
0.00285231
0.000762845
-0.00320242
0.00387471
-7.35174e-05
-4.60151e-05
-1.87072e-05
4.98882e-05
-3.63167e-06
1.8045e-05
-0.000500215
-0.00218143
0.00285753
-0.000165439
-0.00218172
0.00386684
-4.29935e-05
-3.45881e-06
2.13796e-05
5.66666e-05
-2.92272e-05
-2.97835e-05
0.000440813
-0.00351808
0.00205261
0.000503636
-0.00378082
0.00127956
0.000607622
-0.00377991
0.000631115
0.000696232
-0.00319254
0.00011863
0.000706804
-0.00219954
-0.000100092
0.000481928
-0.00100698
-0.000125262
0.000746786
-0.00353521
0.00304847
0.000625332
-0.00378035
0.00219802
0.000348255
-0.00364099
0.00142607
7.54546e-06
-0.00322399
0.000761585
-0.000267549
-0.00208831
0.000271424
-0.000327165
-0.000897381
-4.19123e-05
-0.000479556
-0.00252842
0.00206852
-0.000359609
-0.00288264
0.00131635
-0.000135012
-0.00304307
0.000692969
0.000148353
-0.00253963
0.000198795
0.000356949
-0.00177899
-9.8653e-05
0.000332739
-0.00071214
-0.000189172
-0.00016813
-0.00256243
0.00302284
-0.000209623
-0.00293849
0.00214141
-0.00038546
-0.00298767
0.00131847
-0.000554094
-0.0026762
0.000680897
-0.000595111
-0.00179448
0.00025157
-0.000436155
-0.000845414
-9.10044e-07
0.000584596
-0.00320114
0.00336184
0.000274523
-0.000487167
-7.71657e-05
-3.50228e-05
-0.00268664
0.00285685
-0.000258083
-0.000398302
-7.5065e-05
0.000291272
-0.00269023
0.00386745
3.6533e-05
9.85134e-06
-2.06646e-05
-9.57417e-05
-4.50523e-05
1.90355e-05
9.17201e-05
-3.68824e-05
-1.44953e-06
-0.000333524
-0.00218475
0.00336149
0.000199909
-0.000294528
-0.00016199
-0.000253443
-0.000391233
2.53145e-05
1.92014e-07
7.77411e-06
-1.64697e-05
0.000425501
-0.00334965
0.00245468
0.000469133
-0.0036704
0.00165649
0.000551645
-0.00381538
0.000938208
0.000618369
-0.00354995
0.000350828
0.000736205
-0.00275609
-1.25126e-05
0.000621775
-0.00159704
-0.000140202
0.000761473
-0.0033651
0.00346934
0.000703223
-0.00368055
0.00261862
0.000511913
-0.00378479
0.00179136
0.0001855
-0.00345814
0.00110393
-0.000155126
-0.00267724
0.000490589
-0.000331958
-0.00147728
9.56752e-05
-0.000498537
-0.00234062
0.00246331
-0.000434533
-0.00271949
0.00168447
-0.000258464
-0.00299282
0.000989696
-8.90608e-08
-0.00289491
0.000411155
0.000275115
-0.00222021
2.62788e-05
0.000377702
-0.00126991
-0.00016927
-0.00016341
-0.00235934
0.0034577
-0.000182542
-0.00276646
0.00257768
-0.000256163
-0.00304741
0.00172228
-0.000493019
-0.00288244
0.000977978
-0.000582672
-0.00226927
0.000442482
-0.000564947
-0.00127967
0.000110875
-1.17332e-05
-0.00301778
0.0020562
6.82278e-05
-0.00332192
0.00128481
0.000210724
-0.00338033
0.000652789
0.000391057
-0.00283648
0.000158071
0.000506153
-0.00197922
-0.000109675
0.000406367
-0.000853934
-0.00015549
0.000268761
-0.00303939
0.00302865
0.000178257
-0.00333829
0.00215825
-3.27176e-05
-0.00330049
0.00137745
-0.000260896
-0.00291593
0.000694656
-0.0004054
-0.00191625
0.000252939
-0.000358512
-0.000857895
-1.93984e-05
-0.000317582
-0.00255073
0.00254561
-0.000260085
-0.00292588
0.00172854
-0.000211902
-0.00306631
0.00101145
-0.000190851
-0.00262548
0.000468937
-0.00012033
-0.00179679
9.14015e-05
-0.000110504
-0.000739234
-4.57631e-05
0.000592268
-0.00353444
0.00255267
0.000565208
-0.00380245
0.0017533
0.000472858
-0.00374195
0.0010108
0.000347935
-0.00324102
0.000451968
0.000233207
-0.00214783
9.68597e-05
9.6062e-05
-0.000910363
-5.43836e-05
4.28237e-05
-0.000390225
-5.07867e-05
-8.04671e-06
-0.000265769
-2.7795e-05
0.000124543
-0.00268876
0.00336521
-0.000263097
-0.000384716
-1.44457e-05
1.07457e-06
1.29446e-05
-3.2815e-06
0.000261335
-0.000365792
-0.000130729
-2.72709e-05
-0.00284157
0.00245645
2.01245e-05
-0.00318856
0.00166346
0.00013575
-0.00339024
0.000950998
0.00027431
-0.00322891
0.000365291
0.000484467
-0.00246943
-1.08135e-05
0.000476997
-0.00142856
-0.000155924
0.000287728
-0.00285931
0.00346065
0.000230963
-0.00321162
0.00258487
9.35113e-05
-0.00338274
0.00174578
-0.000166662
-0.00317667
0.00100665
-0.000348254
-0.00243933
0.000454287
-0.000419459
-0.00136207
9.83414e-05
-0.000332962
-0.00234951
0.00295795
-0.000292472
-0.00275539
0.0021391
-0.000231788
-0.00304537
0.00135553
-0.000223633
-0.00291505
0.000698483
-0.000138089
-0.00226415
0.000243199
-0.000119484
-0.00126673
-6.79085e-06
0.000589761
-0.00335936
0.00296272
0.000588215
-0.00368972
0.0021406
0.000531307
-0.00383017
0.00136928
0.000401746
-0.0035185
0.00073505
0.000308237
-0.00274315
0.000250238
0.000159272
-0.00152312
-1.59587e-06
0.000176787
-0.000538581
-0.000123643
9.95666e-07
-0.00307802
0.000584614
