0.000338507
-0.00212889
0.00274403
0.000791877
-0.00213256
0.00394301
-5.77845e-05
-3.71195e-05
-1.32576e-05
3.91521e-05
-4.57704e-06
1.36815e-05
-0.000584737
-0.000936336
0.00274934
-0.000140342
-0.00093731
0.00393654
-3.38846e-05
-2.3223e-06
1.77694e-05
4.36452e-05
-2.07563e-05
-2.56015e-05
0.000355887
-0.00253778
0.00194385
0.000405873
-0.00288594
0.00117876
0.000487251
-0.00299722
0.000549524
0.000563439
-0.00259184
5.28194e-05
0.000572854
-0.00181784
-0.000149361
0.000388581
-0.00084753
-0.000152
0.000776268
-0.00255146
0.00311239
0.000662929
-0.00288199
0.00225543
0.000409904
-0.00287238
0.00147676
9.94413e-05
-0.00262033
0.000815
-0.000160692
-0.00172097
0.000316488
-0.00024118
-0.000753827
4.13646e-07
-0.000565454
-0.00137264
0.00195848
-0.000454265
-0.00182347
0.0012118
-0.000244005
-0.00211294
0.000605346
2.11546e-05
-0.0018202
0.000127136
0.000228863
-0.00130439
-0.00014252
0.000247168
-0.000521619
-0.000192587
-0.000140266
-0.00140647
0.00308937
-0.000167522
-0.00188189
0.00220497
-0.000312895
-0.00207145
0.00137996
-0.000453271
-0.00195152
0.000742345
-0.000476344
-0.00133762
0.000295373
-0.000347676
-0.000631241
2.69489e-05
0.000558891
-0.00213226
0.00334255
0.000221275
-0.000412352
-8.87014e-05
-0.000118217
-0.0015301
0.00274842
-0.000197281
-0.000336415
-4.63205e-05
0.000320738
-0.00153318
0.00393643
2.98992e-05
3.84106e-06
-1.83183e-05
-7.55902e-05
-3.73875e-05
1.70299e-05
7.07456e-05
-2.85394e-05
-5.88519e-06
-0.000362566
-0.000939516
0.00334279
0.000156928
-0.000212867
-0.000148705
-0.000201068
-0.000292401
3.20939e-05
-9.5766e-08
8.14322e-06
-1.34033e-05
0.000343387
-0.00232725
0.00234538
0.00037887
-0.00273192
0.00155061
0.000443245
-0.00297279
0.000844986
0.000495193
-0.00284722
0.000273339
0.00059789
-0.00225963
-7.10033e-05
0.000501948
-0.00133058
-0.000177692
0.000790344
-0.00233985
0.00353617
0.000735161
-0.00273868
0.00267894
0.000558469
-0.0029428
0.00184625
0.000262305
-0.00276673
0.00115525
-5.17513e-05
-0.00219035
0.000539686
-0.000229664
-0.00122745
0.000138692
-0.000582964
-0.00114133
0.00235326
-0.000523638
-0.00160854
0.00157602
-0.000359096
-0.00199322
0.000891313
-0.000118004
-0.00205846
0.000329437
0.000141531
-0.00161428
-3.21242e-05
0.000265225
-0.000933522
-0.000195241
-0.000137646
-0.00115982
0.00352583
-0.000148121
-0.00165774
0.00264269
-0.000202644
-0.00205143
0.00178513
-0.000403661
-0.0020536
0.00104082
-0.000471058
-0.00167544
0.000494779
-0.000448306
-0.000959022
0.00014717
-9.78391e-05
-0.00194986
0.00194716
-2.67462e-05
-0.00234669
0.00118199
9.92628e-05
-0.00252536
0.00056598
0.000265114
-0.00217718
8.9111e-05
0.00037909
-0.00155059
-0.000158415
0.000313527
-0.000677819
-0.000176788
0.000300626
-0.00196886
0.0030938
0.00022072
-0.00236025
0.0022182
3.42604e-05
-0.00245762
0.00143162
-0.000166154
-0.00225026
0.000752107
-0.000301011
-0.00149918
0.000295028
-0.000277257
-0.00067864
1.43147e-05
-0.000346319
-0.00139425
0.00252454
-0.00028743
-0.00186675
0.00170928
-0.000233623
-0.00213845
0.000998071
-0.000207984
-0.00190136
0.000462386
-0.000125797
-0.00133209
9.07778e-05
-9.71643e-05
-0.00054707
-3.91682e-05
0.000564113
-0.00255133
0.00253067
0.000533651
-0.00290237
0.00173183
0.000443508
-0.00296221
0.000997286
0.00032884
-0.00263607
0.000442066
0.000219669
-0.00177555
9.29297e-05
9.11376e-05
-0.000770606
-5.36307e-05
3.98927e-05
-0.000333898
-5.19974e-05
-8.77381e-06
-0.000191699
-2.87709e-05
9.75372e-05
-0.00153189
0.00334582
-0.00020617
-0.000308645
-6.72588e-07
2.24002e-06
1.06554e-05
-2.86514e-06
0.000206219
-0.000285997
-0.000133779
-0.000111351
-0.00173096
0.00234722
-6.95587e-05
-0.00216393
0.00155635
3.20976e-05
-0.00246945
0.000855268
0.000156893
-0.00245884
0.000286683
0.000353262
-0.0019191
-7.02567e-05
0.00036296
-0.00112607
-0.000191642
0.000317677
-0.00174608
0.00352808
0.000267634
-0.0021856
0.00264728
0.000145417
-0.00246371
0.00180372
-8.30351e-05
-0.00241614
0.00106549
-0.000246244
-0.0018958
0.000503103
-0.000320499
-0.00107093
0.000135258
-0.000361367
-0.00114994
0.0029375
-0.000321537
-0.00164276
0.00211803
-0.00025743
-0.00204494
0.00133842
-0.000240195
-0.00208101
0.000691244
-0.000151996
-0.00166329
0.000239693
-0.000113758
-0.000943284
-3.43572e-06
0.000562855
-0.00233494
0.00294168
0.000558658
-0.00274806
0.00211867
0.000499966
-0.0029845
0.00135064
0.000377126
-0.00282127
0.000722579
0.000290265
-0.00225021
0.000243757
0.000150546
-0.00127082
-3.21596e-06
0.00013121
-0.000410212
-0.000128537
-8.95156e-05
-0.00222481
0.000520603
