0.000104633
0.00104125
0.0024142
0.000842532
0.00104371
0.00408479
-8.7031e-06
-9.25515e-06
3.24548e-06
6.85076e-06
-7.44126e-06
9.30641e-07
-0.000808574
0.0027076
0.00241949
-8.1071e-05
0.00270457
0.00408289
-6.53639e-06
7.95409e-07
7.05432e-06
2.84183e-06
5.32998e-06
-1.22043e-05
0.000109623
0.000410399
0.0016299
0.000117301
-0.00015657
0.000904723
0.000125449
-0.000580807
0.00034374
0.000159691
-0.000724898
-0.000101081
0.000163999
-0.000626614
-0.000262332
0.000105227
-0.000348459
-0.000213966
0.000829013
0.000408067
0.00325968
0.000745576
-0.000142091
0.00240326
0.000576987
-0.000504284
0.001622
0.000371805
-0.000742818
0.00098193
0.000167156
-0.000575939
0.000463778
2.62647e-05
-0.00030401
0.000136922
-0.000794516
0.00204567
0.00163986
-0.00071556
0.0013473
0.00092456
-0.000558738
0.000702365
0.000378475
-0.000360377
0.000366152
-4.79644e-05
-0.000164734
0.000141392
-0.000239708
-2.02537e-05
5.71698e-05
-0.000183764
-7.24894e-05
0.00201407
0.00324572
-5.45101e-05
0.00128372
0.00237383
-0.000100207
0.000699807
0.00156237
-0.000148587
0.000256448
0.000936606
-0.000116403
5.659e-05
0.000439609
-8.01424e-05
2.00735e-05
0.000118431
0.000468749
0.00104097
0.00325081
6.04469e-05
-0.00017825
-0.000114486
-0.000348316
0.00187689
0.00241788
-7.70975e-06
-0.000141614
4.53711e-05
0.000383373
0.00187554
0.00408058
1.10965e-05
-1.37438e-05
-1.01727e-05
-1.34659e-05
-1.36571e-05
1.01865e-05
6.26727e-06
-3.23827e-06
-1.89656e-05
-0.000442711
0.00270502
0.00325274
2.13936e-05
3.45775e-05
-9.83755e-05
-4.33386e-05
6.785e-06
5.55023e-05
-2.29682e-06
8.87253e-06
-3.12788e-06
0.000106474
0.000726361
0.00202116
0.000114927
0.000110711
0.0012537
0.000120127
-0.00038666
0.0005998
0.000123919
-0.000669956
8.34498e-05
0.000175533
-0.000712509
-0.000206313
0.000137128
-0.000498013
-0.000262773
0.000840585
0.000723209
0.0036826
0.000797273
0.000114804
0.00282555
0.000673125
-0.000359812
0.00199614
0.000481867
-0.000626916
0.00130852
0.000261431
-0.000674465
0.000697605
8.6796e-05
-0.000447463
0.000279204
-0.000806605
0.00238565
0.0020263
-0.000764615
0.00169722
0.00126997
-0.000643049
0.00101619
0.000628042
-0.000465326
0.000481433
0.000124112
-0.000264726
0.000230626
-0.000169011
-8.32683e-05
9.0627e-05
-0.000245282
-7.64881e-05
0.0023688
0.00367665
-5.97343e-05
0.00164357
0.00280527
-5.2969e-05
0.000949607
0.00196197
-0.000135813
0.000463144
0.00123423
-0.000133065
0.000135876
0.000664146
-9.49248e-05
1.88278e-05
0.000267004
-0.000337986
0.00123279
0.00163219
-0.000297652
0.000597572
0.000901403
-0.000228156
8.47579e-05
0.000343456
-0.000114073
-0.00015415
-7.60554e-05
-9.36889e-06
-0.000230891
-0.00026947
2.87013e-05
-0.00013536
-0.00022181
0.000371489
0.00122276
0.00324571
0.000327791
0.00059309
0.00237543
0.00022445
0.000112827
0.00158946
0.000117099
-0.000204886
0.000933878
1.72338e-05
-0.000216038
0.000434099
-2.83986e-05
-0.000126542
0.00012395
-0.000426354
0.00202733
0.00244546
-0.000365764
0.00130597
0.00165374
-0.000297089
0.000671187
0.000974701
-0.000258228
0.00030292
0.000466204
-0.00014442
8.54555e-05
0.000111888
-6.00784e-05
3.71789e-05
-6.76651e-06
0.000465998
0.000406188
0.00244856
0.000426026
-0.000156298
0.00166888
0.000346339
-0.000556366
0.000973656
0.000267146
-0.000754015
0.000437181
0.000178453
-0.000613642
0.000104485
7.89963e-05
-0.000331647
-3.79917e-05
3.39422e-05
-0.000155896
-4.90302e-05
-1.41636e-05
3.20604e-05
-2.52347e-05
1.35713e-05
0.0018762
0.00325352
-3.16799e-05
-7.37053e-05
4.3954e-05
5.36783e-06
3.50048e-06
-1.89769e-06
3.64715e-05
-4.12375e-05
-0.000133094
-0.00034455
0.00155847
0.00202309
-0.00032214
0.000909717
0.00125533
-0.000268282
0.000326811
0.000601779
-0.000191358
-9.84102e-05
9.25668e-05
-4.6121e-05
-0.00022638
-0.000208532
1.35864e-05
-0.000194528
-0.000270881
0.000381886
0.00155213
0.00367669
0.0003548
0.000893335
0.00280163
0.000284784
0.00032683
0.00196474
0.000162963
-8.63845e-05
0.00124558
6.24316e-05
-0.000224451
0.000661637
-1.74948e-05
-0.000175147
0.000257306
-0.000439612
0.00237834
0.00285108
-0.000403744
0.00166982
0.00204796
-0.00033186
0.000969418
0.00129718
-0.000287629
0.000452664
0.00069145
-0.00019487
0.000168644
0.000254117
-9.92907e-05
4.28178e-05
2.53307e-05
0.00046875
0.000725285
0.00285338
0.000456342
0.000105168
0.00204595
0.000394344
-0.000388412
0.00130439
0.000296987
-0.000661405
0.00070575
0.000233288
-0.000713739
0.000249473
0.000125797
-0.000481925
1.11545e-05
-1.12643e-05
-1.84261e-05
-0.000130085
-0.000355101
0.000370041
0.000362943
