2.76994e-05
0.00209727
0.00230486
0.00085155
0.00210181
0.004109
8.02306e-06
2.70294e-07
8.70249e-06
-3.78675e-06
-8.41141e-06
-3.14174e-06
-0.000875297
0.00389804
0.00231005
-6.21296e-05
0.00389435
0.0041087
2.46639e-06
1.71383e-06
3.54283e-06
-1.10589e-05
1.40546e-05
-7.53305e-06
2.83027e-05
0.00140019
0.00153173
2.12327e-05
0.000766644
0.000824827
4.34893e-06
0.000240864
0.000289067
2.41311e-05
-8.89642e-05
-0.000137843
2.71544e-05
-0.000220917
-0.000288552
1.11205e-05
-0.000178551
-0.000228661
0.000838989
0.00140181
0.00329225
0.000767111
0.00078446
0.00244301
0.000629615
0.00029995
0.00166685
0.000462563
-0.00010334
0.00103796
0.000278317
-0.00018624
0.000515149
0.000117386
-0.000150513
0.00018429
-0.00086331
0.00316919
0.0015399
-0.000796753
0.00239678
0.000839799
-0.000660509
0.00163949
0.00031617
-0.00048706
0.00109426
-9.23569e-05
-0.000297328
0.000622108
-0.00026071
-0.000111428
0.000248307
-0.00017495
-5.07729e-05
0.00313891
0.0032816
-1.75244e-05
0.00233245
0.00242118
-2.87596e-05
0.00162216
0.00162058
-4.56856e-05
0.000993032
0.0010022
4.20212e-06
0.000521036
0.00048989
8.79718e-06
0.000235811
0.0001503
0.000435372
0.00209806
0.00320902
7.3342e-06
-9.86846e-05
-0.000120224
-0.000420633
0.00300006
0.00230822
5.687e-05
-7.49223e-05
7.69057e-05
0.00039995
0.00299933
0.00410568
5.24922e-06
-1.93954e-05
-7.12635e-06
7.49511e-06
-5.62617e-06
7.62683e-06
-1.53716e-05
5.09426e-06
-2.31822e-05
-0.000465888
0.0038957
0.00321148
-2.51429e-05
0.000115928
-7.85987e-05
8.77136e-06
0.000105294
6.37616e-05
-3.40328e-06
8.9325e-06
5.61814e-07
2.84503e-05
0.00174737
0.00191666
2.74054e-05
0.00106888
0.0011639
1.22046e-05
0.000490662
0.00053113
-4.75992e-07
7.08149e-05
3.49538e-05
3.37765e-05
-0.000185407
-0.000238117
1.54926e-05
-0.000214597
-0.000282196
0.000849503
0.00174753
0.00371149
0.000810978
0.00107663
0.00286147
0.000706657
0.000515976
0.00203981
0.000553501
0.000100833
0.0013579
0.000366975
-0.000158381
0.000751939
0.000194456
-0.00018195
0.000328271
-0.000873303
0.00354105
0.00192075
-0.000838034
0.0027876
0.00117674
-0.000733112
0.00201529
0.000552762
-0.000579325
0.00132772
6.99353e-05
-0.000400654
0.000844787
-0.000201649
-0.000201328
0.000430404
-0.000252944
-5.69882e-05
0.00352507
0.00370712
-3.114e-05
0.00273334
0.00284694
-3.47639e-06
0.00194685
0.00201526
-4.53036e-05
0.00130202
0.00129809
-1.93738e-05
0.000739923
0.00072247
2.3035e-05
0.000343877
0.000308839
-0.000413964
0.00228916
0.00153362
-0.000384876
0.00158194
0.000819268
-0.0003357
0.000961891
0.00028313
-0.000240375
0.000526395
-0.000116876
-0.000139655
0.00021265
-0.00029488
-6.68937e-05
4.63373e-05
-0.000230696
0.00039106
0.00228238
0.00328008
0.000360445
0.00158055
0.00241879
0.000286754
0.000976172
0.00163901
0.000211985
0.000483442
0.000995371
0.000124581
0.000215018
0.000482837
5.53276e-05
5.8722e-05
0.000162096
-0.000449794
0.0031523
0.00241407
-0.000389573
0.0023568
0.00163616
-0.000316821
0.00160687
0.000972186
-0.000273921
0.00103778
0.0004745
-0.000150767
0.000557329
0.000125531
-4.85785e-05
0.000230345
7.4622e-06
0.00042988
0.00139927
0.00241613
0.000387197
0.000772598
0.00164865
0.000312217
0.00026135
0.00097111
0.000245898
-0.000112803
0.000443105
0.000165118
-0.000217953
0.000115191
7.59937e-05
-0.000181759
-2.8946e-05
3.29253e-05
-9.48817e-05
-4.61196e-05
-1.68477e-05
0.000105343
-2.22215e-05
-1.43059e-05
0.00299976
0.00321148
2.69568e-05
5.20823e-06
5.93225e-05
6.26708e-06
9.8964e-07
-1.69331e-06
-2.06569e-05
4.0247e-05
-0.00012978
-0.00041801
0.00264633
0.00191857
-0.000402676
0.00193371
0.00116408
-0.000366041
0.00126434
0.000530223
-0.000306433
0.000695886
4.25115e-05
-0.000179865
0.000343045
-0.000241245
-0.000103639
0.000118118
-0.00028816
0.00039901
0.00264313
0.00370641
0.000380225
0.0019194
0.00284054
0.000329074
0.00126235
0.00201262
0.000244867
0.00069745
0.00130482
0.000166337
0.00033759
0.000716462
8.47467e-05
0.000125403
0.000300133
-0.000462194
0.00353432
0.0028141
-0.000428306
0.002763
0.00202259
-0.000354835
0.00197093
0.00128679
-0.000302108
0.00129729
0.00069808
-0.00020879
0.000779169
0.000266208
-9.50106e-05
0.00037034
4.01908e-05
0.000433992
0.00174859
0.00281577
0.00041891
0.00106707
0.00201973
0.000356658
0.000492291
0.00129226
0.000269244
7.35621e-05
0.000706569
0.000214082
-0.000190313
0.00025887
0.000118399
-0.00021322
2.15225e-05
-5.9831e-05
0.00011143
-0.00012657
-0.000441905
0.00123703
0.000322446
