-3.53349e-06
-0.017525
-7.26749e-05
-7.5762e-05
-0.0175792
0.000182623
-0.000314527
-0.00018349
-8.18565e-05
0.000182299
2.28304e-05
5.83174e-05
8.83531e-05
-0.017313
-5.25355e-05
-1.48028e-06
-0.017298
0.000155034
-0.000165519
-8.32241e-06
7.74198e-05
0.000229149
-0.000126122
-8.90625e-05
0.000128047
-0.0176182
8.1435e-06
0.000651061
-0.0176689
4.11377e-05
0.00156616
-0.0166041
-4.31196e-05
0.0022267
-0.0126885
-4.35867e-05
0.00238117
-0.00779651
2.51261e-05
0.0016008
-0.00311775
2.66899e-05
-7.88623e-05
-0.0177606
0.000253497
-0.000324616
-0.0178352
0.000324563
-0.00111882
-0.016156
0.000342001
-0.00205545
-0.012829
-6.93514e-05
-0.00236598
-0.00751289
-0.000257645
-0.00176901
-0.00292438
-0.000513675
0.000166936
-0.0174565
7.88841e-05
0.000617493
-0.0176144
0.000242559
0.00137745
-0.0166071
0.000274984
0.00210172
-0.0127797
0.000218606
0.00233408
-0.00797101
-3.34549e-05
0.00159246
-0.00278949
-0.000313221
-1.53007e-05
-0.0175624
0.000194614
-0.000376183
-0.0177093
0.000150952
-0.00136804
-0.0162435
-7.66794e-06
-0.00224901
-0.0130648
-0.000273843
-0.00251556
-0.00777534
-0.00016886
-0.00171833
-0.00334569
-0.000166651
-5.5107e-05
-0.0175497
3.49113e-05
0.000891272
-0.0014228
-1.35824e-05
6.10688e-05
-0.0174128
-5.13141e-05
-0.00120264
-0.00128263
-0.000375908
-0.000114136
-0.0174303
0.000161842
8.18665e-05
7.95768e-05
-7.87911e-05
-0.000392859
-0.000157445
8.28919e-05
0.000366092
-0.000113004
5.81826e-05
8.43088e-06
-0.0173208
3.59508e-05
0.000825727
-0.00109423
-0.000410672
-0.000965288
-0.00145525
8.22163e-05
9.39368e-06
3.01305e-05
-5.75914e-05
2.94206e-05
-0.0175219
-3.35951e-05
0.00032912
-0.0177064
4.09293e-05
0.0010825
-0.0173137
2.86407e-05
0.00184589
-0.0149266
3.20407e-06
0.00245661
-0.0103668
1.57236e-05
0.00209359
-0.00531531
5.19081e-06
-6.99545e-05
-0.0176216
0.000204187
-0.00014788
-0.0178722
0.000309172
-0.000630825
-0.0173329
0.000317593
-0.00159431
-0.0147217
0.000236941
-0.00232989
-0.0101489
-0.000170975
-0.00219226
-0.00504344
-0.000366213
9.11523e-05
-0.0173261
9.16951e-06
0.000337059
-0.0176128
0.0001682
0.00094932
-0.0173029
0.000300641
0.00174234
-0.0150289
0.000221796
0.00237241
-0.0105579
9.97621e-05
0.00206787
-0.00537359
-0.000174976
9.81077e-06
-0.017379
0.000186564
-0.000161121
-0.017708
0.000189605
-0.000728184
-0.0173579
8.39031e-05
-0.0019272
-0.0149074
-0.00016004
-0.00245303
-0.0104467
-0.000212924
-0.00235465
-0.00523081
-0.000145018
0.000184139
-0.0175309
2.87578e-05
0.0005851
-0.0176041
0.000147499
0.00135143
-0.0165153
0.000159208
0.00202208
-0.0126759
0.000106486
0.00225295
-0.00788268
3.16643e-05
0.00163495
-0.00295548
-6.42771e-05
-0.000159499
-0.0176502
0.000216305
-0.000470314
-0.0177217
0.000240191
-0.00126049
-0.0162173
0.000217789
-0.00206713
-0.0128618
-0.000176871
-0.00226578
-0.00766869
-0.000175766
-0.00162983
-0.00315819
-0.000318333
5.34871e-05
-0.0175353
0.000126228
0.00014105
-0.0177286
0.00019427
0.000127505
-0.0166274
0.000129846
3.58139e-06
-0.0130036
8.37251e-05
-0.000108184
-0.00785274
-6.66305e-05
-0.000292504
-0.00286785
-0.000116222
5.13748e-05
-0.0177265
0.000116897
0.000237162
-0.0178708
0.000165127
0.000219981
-0.0165011
6.96998e-05
7.81148e-05
-0.0128696
8.04607e-06
-4.2212e-06
-0.00760411
-7.5443e-05
-8.57865e-05
-0.00279861
-9.60838e-05
-6.12224e-05
-0.00113571
-3.47363e-05
2.00372e-05
-0.000964467
7.42166e-06
-3.87023e-05
-0.0174232
5.42102e-05
-0.00110534
-0.00132618
-6.19802e-05
-1.01517e-05
7.16486e-05
2.00976e-05
0.000992642
-0.00121946
-0.000178906
9.98563e-05
-0.0174136
-2.32911e-05
0.000344368
-0.0176485
9.1974e-05
0.000975279
-0.017291
0.000153761
0.00164298
-0.0150253
0.000115864
0.00229305
-0.0104318
6.73521e-05
0.00201562
-0.00535271
-2.15711e-05
-0.000115031
-0.0175046
0.000190212
-0.000297131
-0.0177652
0.000244389
-0.000785341
-0.0172758
0.000213705
-0.00177577
-0.0148287
-3.40015e-05
-0.00224734
-0.0102754
-0.000160711
-0.00208715
-0.00519481
-0.000215391
-1.20222e-06
-0.0173529
8.86547e-05
0.000129434
-0.0177468
0.000163285
0.0001733
-0.0174556
0.000182607
6.90943e-06
-0.0150335
3.74982e-05
-3.31194e-06
-0.0105326
-1.9482e-05
-0.00024539
-0.00519973
-0.000110256
-6.11438e-06
-0.0175865
7.61296e-05
0.000124481
-0.0178477
0.000156267
0.000269
-0.0174574
0.000153553
0.000129504
-0.0149051
0.000121754
7.34954e-05
-0.0102936
-4.15661e-05
-6.75189e-05
-0.00505892
-9.10935e-05
0.000821058
-0.00191538
-0.000136299
0.00119401
-0.0157088
0.000161272
