-0.000568972
0.00979425
0.00161144
0.000944575
0.00981086
0.00392733
0.000122593
6.5847e-05
4.3609e-05
-7.22656e-05
-1.53579e-05
-2.76187e-05
-0.00130816
0.0121131
0.00161452
0.000195659
0.0121065
0.00393704
6.08098e-05
6.00893e-06
-1.97151e-05
-0.000104587
7.01985e-05
2.57212e-05
-0.000596382
0.00854971
0.0009932
-0.000693482
0.00734535
0.000466102
-0.000855683
0.00599837
0.000108914
-0.000911498
0.00430757
-0.000208502
-0.000886553
0.00254623
-0.000328894
-0.000603585
0.000970642
-0.000256713
0.000941914
0.00857552
0.00325884
0.000960225
0.00737803
0.00255602
0.00103935
0.00594133
0.00189384
0.001122
0.00430385
0.00137694
0.00106004
0.002474
0.000850229
0.000745807
0.000897608
0.00050109
-0.00131287
0.0108405
0.000987954
-0.00134042
0.00948498
0.000447835
-0.00135797
0.00789066
8.73958e-05
-0.00134989
0.0058907
-0.000204629
-0.00119159
0.00373315
-0.000263
-0.000732198
0.00145096
-5.0523e-05
0.00022164
0.0108261
0.00327139
0.000342699
0.00942963
0.00258517
0.000539688
0.00778985
0.00193334
0.000704309
0.00584492
0.00139624
0.000836442
0.00354124
0.000808401
0.000601621
0.00161239
0.000354801
0.000188238
0.00980167
0.00277584
-0.000335246
0.000435878
-0.000124959
-0.000939127
0.0109551
0.00161196
0.000498707
0.000382331
0.000285771
0.00059018
0.0109586
0.00393048
-2.88308e-05
-5.41707e-05
1.74075e-05
0.000149181
4.89349e-05
-1.39818e-05
-0.000158592
5.70837e-05
-4.8788e-05
-0.000549756
0.0121131
0.00278089
-0.000345271
0.000619313
8.51317e-05
0.000349343
0.000723172
0.000111417
-1.39297e-05
5.5851e-06
2.71955e-05
-0.000575395
0.00915941
0.00129656
-0.00063591
0.00794799
0.000714416
-0.000772216
0.00669329
0.000259714
-0.000878574
0.00521272
-9.87654e-05
-0.000926084
0.0034315
-0.000291996
-0.000787096
0.00170897
-0.000307068
0.000942658
0.00918051
0.00360449
0.000944681
0.00797599
0.00290169
0.000986888
0.00670179
0.00222149
0.00108952
0.00516334
0.00163485
0.00111802
0.00338108
0.00109659
0.000943978
0.00162556
0.000652557
-0.00130666
0.011473
0.00129294
-0.00132332
0.0101915
0.000702804
-0.00134558
0.00872347
0.000237338
-0.00136164
0.00693446
-9.89889e-05
-0.00131685
0.00485269
-0.000256957
-0.000999868
0.00260761
-0.000197539
0.000202937
0.0114666
0.00361112
0.000279586
0.0101463
0.00292601
0.000430883
0.00865649
0.00225938
0.000636855
0.00687238
0.00166707
0.000784625
0.00469659
0.00108532
0.000821167
0.00243844
0.000574529
-0.000957327
0.00969685
0.000992036
-0.00100512
0.00840363
0.00044806
-0.00108796
0.00694975
7.14375e-05
-0.00110521
0.00511426
-0.000210884
-0.00101413
0.00315391
-0.000325883
-0.000703733
0.00122903
-0.000217749
0.000602103
0.00971184
0.00326088
0.00065982
0.00841998
0.00255906
0.000777934
0.0068783
0.00189846
0.000899832
0.0051086
0.00136811
0.000876419
0.00307458
0.00079775
0.000624467
0.00127774
0.000413558
-0.000539677
0.0108371
0.00213614
-0.000495974
0.00946237
0.00152745
-0.000412047
0.00785554
0.00100973
-0.000351271
0.00587623
0.000597331
-0.000180533
0.00361683
0.000274834
2.37369e-05
0.00145054
0.000129094
0.000166838
0.00856965
0.00213153
0.000117777
0.00738407
0.00152158
8.82978e-05
0.00599045
0.00100905
0.000109295
0.00430877
0.000558123
9.20075e-05
0.00248003
0.000250571
7.18935e-05
0.000837612
6.57344e-05
3.83115e-05
0.000321207
-8.72962e-06
-4.20505e-05
0.000553775
1.35323e-05
-0.000177519
0.0109574
0.00277604
0.000422133
0.000522931
0.000155713
1.01382e-05
-1.87232e-05
-2.47663e-06
-0.000402432
0.000560129
-7.14853e-05
-0.000944448
0.0103157
0.00129792
-0.000977394
0.00907234
0.00070552
-0.00105422
0.00771374
0.000241677
-0.00110642
0.00607757
-9.98546e-05
-0.00108425
0.00414894
-0.00029723
-0.000886604
0.00217504
-0.000295231
0.000592786
0.010333
0.00360601
0.000630251
0.00907371
0.00290414
0.000705784
0.00769815
0.00222492
0.000856489
0.00601681
0.0016467
0.000905678
0.00409112
0.00106296
0.000791414
0.00210625
0.000579361
-0.000543412
0.0114717
0.00245564
-0.000530417
0.0101903
0.00182505
-0.000463008
0.00870267
0.00125363
-0.000369924
0.00689998
0.000803843
-0.000280269
0.00476925
0.000413122
-6.24543e-05
0.00247248
0.000184224
0.000178509
0.00917485
0.00245308
0.000150419
0.00796962
0.00181802
0.00010149
0.00671392
0.00124795
9.1119e-05
0.00518304
0.000779265
9.79424e-05
0.00339682
0.000393394
8.63675e-05
0.00161254
0.000141588
-0.000390066
0.000932902
-5.92137e-05
-0.00103317
0.00704085
0.00020891
