-0.000777269
0.0121687
0.00145191
0.0010201
0.0121871
0.00376659
0.000152574
8.31132e-05
5.18896e-05
-8.89379e-05
-1.73267e-05
-3.29943e-05
-0.00144532
0.0144878
0.00145414
0.000343444
0.014481
0.00377823
7.5252e-05
6.48742e-06
-2.58221e-05
-0.000128123
8.33844e-05
3.48187e-05
-0.000809995
0.010688
0.000897363
-0.000922475
0.00923526
0.000431387
-0.0011065
0.00758138
0.000117991
-0.00116742
0.00548022
-0.000177773
-0.00112049
0.00326475
-0.000301009
-0.000755815
0.00126474
-0.000243495
0.00102084
0.0107179
0.00316443
0.0010629
0.00926818
0.00252925
0.00119049
0.00750021
0.00192074
0.00132221
0.00547159
0.00144072
0.0012769
0.00316709
0.000923261
0.000912311
0.00117027
0.000576563
-0.00145449
0.0129825
0.000888868
-0.00150547
0.0113882
0.000406162
-0.00156024
0.00950209
8.78638e-05
-0.00158354
0.00709119
-0.000176919
-0.00142175
0.00448279
-0.000223352
-0.000892003
0.00172574
-3.65349e-07
0.000371212
0.0129737
0.00318229
0.000505734
0.0113394
0.0025692
0.000738133
0.00938919
0.00197639
0.000929455
0.00705418
0.00146739
0.00106434
0.00427471
0.000872176
0.000754845
0.00193607
0.00039808
0.000123127
0.0121773
0.00261633
-0.00041864
0.000571277
-0.000116296
-0.00111276
0.0133293
0.00145164
0.000613992
0.000501724
0.000335422
0.000703985
0.0133336
0.00377131
-3.62495e-05
-6.21049e-05
2.50296e-05
0.000185889
6.31845e-05
-2.11896e-05
-0.000194352
6.88038e-05
-5.43622e-05
-0.000544139
0.0144884
0.00262163
-0.000428637
0.000730595
0.000135615
0.000434676
0.000864305
0.000117929
-1.71783e-05
3.21609e-06
3.43267e-05
-0.000785132
0.0114139
0.00116827
-0.000856471
0.00996651
0.000650545
-0.0010121
0.00843775
0.000249075
-0.00113109
0.00659802
-7.71669e-05
-0.00117817
0.0043812
-0.000261076
-0.000988792
0.00220424
-0.000283388
0.00101851
0.0114389
0.00347605
0.00103225
0.00999706
0.00284206
0.00111036
0.00844015
0.00222491
0.00126653
0.00653487
0.00167969
0.00133334
0.00431089
0.00116763
0.00114676
0.00209412
0.00072612
-0.00144415
0.0137286
0.00116283
-0.00147402
0.0122187
0.000633368
-0.00152818
0.010489
0.000217956
-0.00158201
0.00835429
-8.27067e-05
-0.00155554
0.00583483
-0.000222836
-0.00120466
0.00312253
-0.000152526
0.000350668
0.0137257
0.0034852
0.000434528
0.0121797
0.00287472
0.00060619
0.0104267
0.00227518
0.000853771
0.00828934
0.00172853
0.00101422
0.00567121
0.00115559
0.00103245
0.00293877
0.000628363
-0.0011362
0.0118361
0.000895474
-0.00120039
0.0102983
0.000411806
-0.00130862
0.00854335
7.63915e-05
-0.00134128
0.00630036
-0.000182759
-0.00123934
0.00388871
-0.000293926
-0.000864968
0.00151457
-0.000193247
0.000720624
0.0118555
0.00317027
0.000797183
0.0103172
0.00253912
0.000952776
0.008456
0.00193231
0.00110665
0.00629443
0.0014371
0.0010857
0.00379044
0.000863837
0.000774318
0.00157846
0.000471006
-0.000536747
0.0129831
0.0020423
-0.000501373
0.011372
0.001499
-0.000420335
0.00946869
0.00102994
-0.000358859
0.00708278
0.000642088
-0.000180244
0.00435564
0.000323727
4.28748e-05
0.00173141
0.000164225
9.93963e-05
0.0107118
0.00203631
5.35518e-05
0.00927886
0.00148877
3.89033e-05
0.00756676
0.0010294
7.89674e-05
0.00548092
0.000603432
8.03385e-05
0.00318028
0.000298221
7.6052e-05
0.00110033
9.69522e-05
4.32216e-05
0.000428509
4.89374e-06
-4.96794e-05
0.000650868
2.56465e-05
-0.000206941
0.0133321
0.00261591
0.00052458
0.000649693
0.000175406
1.03979e-05
-2.50259e-05
-3.47613e-06
-0.00049935
0.000681255
-4.5822e-05
-0.00111982
0.0125702
0.00116938
-0.00116302
0.0110942
0.000640027
-0.00126245
0.00946705
0.000228409
-0.00133537
0.00748268
-7.88359e-05
-0.00132177
0.00511448
-0.000264831
-0.00108598
0.00268156
-0.000265642
0.000707332
0.0125915
0.00347934
0.000756884
0.0110994
0.00285063
0.0008591
0.00944833
0.00223557
0.00105206
0.00741134
0.0017041
0.00111865
0.00504243
0.0011327
0.000982925
0.00259644
0.000639769
-0.00053771
0.013729
0.00232826
-0.000531628
0.0122237
0.0017636
-0.000471191
0.0104755
0.00125176
-0.000375314
0.00832122
0.000841633
-0.000287327
0.0057481
0.000463045
-4.97728e-05
0.00297058
0.000229073
0.000112024
0.0114319
0.00232473
8.31462e-05
0.00999239
0.00175621
4.27844e-05
0.00846088
0.00124375
5.25461e-05
0.00656374
0.000812378
7.51555e-05
0.00433631
0.000442523
8.46376e-05
0.00208338
0.000182636
-0.000474932
0.00112187
-2.99909e-05
-0.00119895
0.00853721
0.000226056
