-0.000890198
0.0133944
0.00138057
0.00107171
0.0134135
0.00367051
0.000166832
9.13434e-05
5.5669e-05
-9.66644e-05
-1.82963e-05
-3.53752e-05
-0.00152011
0.0156894
0.00138236
0.000433859
0.0156827
0.00368288
8.20036e-05
6.59765e-06
-2.87678e-05
-0.000139093
8.93349e-05
3.9221e-05
-0.00092489
0.011775
0.000859741
-0.00104256
0.010177
0.000424605
-0.00123295
0.00835291
0.000130957
-0.00129258
0.00604316
-0.000155875
-0.00123128
0.00360522
-0.000281699
-0.000826843
0.00140318
-0.000233791
0.00107414
0.0118064
0.00310406
0.00112685
0.0102092
0.00250552
0.00127442
0.00826222
0.0019264
0.00142455
0.0060303
0.00146486
0.00138298
0.00349615
0.000954019
0.00099194
0.00129958
0.000610487
-0.00153128
0.0140474
0.000849863
-0.0015924
0.0123145
0.000396664
-0.00166301
0.0102685
9.79351e-05
-0.00169745
0.00765325
-0.000154358
-0.00153055
0.0048268
-0.00019796
-0.000967305
0.00184841
2.63551e-05
0.000462054
0.0140414
0.00312414
0.000600747
0.0122693
0.0025498
0.00084507
0.0101522
0.00198791
0.00104389
0.00761862
0.00149321
0.00117577
0.00461253
0.000897365
0.000827867
0.00208284
0.000416074
9.30477e-05
0.0134035
0.0025328
-0.00045727
0.000634716
-0.0001105
-0.00120701
0.0145428
0.00137994
0.000668733
0.0005584
0.000357806
0.000775607
0.0145475
0.0036759
-3.95724e-05
-6.56832e-05
2.88785e-05
0.000203314
6.99731e-05
-2.49282e-05
-0.000211034
7.40055e-05
-5.67925e-05
-0.00053633
0.0156903
0.00253813
-0.000468093
0.000779388
0.000160869
0.000474784
0.000927397
0.000119561
-1.87518e-05
1.77881e-06
3.77139e-05
-0.000898614
0.0125698
0.00111361
-0.000973826
0.010983
0.000629289
-0.00113553
0.00929776
0.000253682
-0.00125756
0.00726651
-5.81993e-05
-0.00129901
0.00483359
-0.000239468
-0.00108351
0.00243802
-0.000267242
0.00107033
0.0125962
0.00339724
0.00108954
0.0110141
0.00280061
0.00118319
0.00929705
0.00221742
0.00136051
0.00719865
0.00169464
0.00144042
0.00475402
0.00119638
0.00124472
0.00231606
0.000758053
-0.00151913
0.0148608
0.0011074
-0.00155478
0.0132159
0.000609818
-0.00162278
0.0113387
0.000219285
-0.00169192
0.00902304
-6.51421e-05
-0.00166937
0.0062895
-0.000198725
-0.00130112
0.00335659
-0.000126107
0.000440951
0.0148594
0.00340746
0.000526867
0.0131805
0.00283663
0.000705278
0.0112793
0.00227242
0.000966595
0.0089582
0.00174926
0.00112854
0.00612335
0.0011826
0.0011342
0.00316734
0.000649916
-0.00123252
0.0129117
0.000857551
-0.00130322
0.0112316
0.000404705
-0.00142078
0.00931089
8.83956e-05
-0.00145685
0.00686317
-0.00016115
-0.00134613
0.00423134
-0.00027232
-0.000940745
0.00164549
-0.000178037
0.000794213
0.0129328
0.00311162
0.000878336
0.0112512
0.00251838
0.00104804
0.00921773
0.00194075
0.00121195
0.00685455
0.00146269
0.00118851
0.00412466
0.000890862
0.00084608
0.00171787
0.000496165
-0.000530337
0.0140499
0.00199372
-0.000499433
0.0123014
0.00148452
-0.000420763
0.0102363
0.00103994
-0.000359749
0.00764627
0.000664206
-0.000178087
0.00469493
0.000347606
5.23598e-05
0.0018573
0.000180985
6.86561e-05
0.0118003
0.00198717
2.52638e-05
0.010222
0.0014724
1.78844e-05
0.00833541
0.00103944
6.57806e-05
0.00604181
0.000626218
7.62709e-05
0.00351201
0.000321984
7.89165e-05
0.00122433
0.000112478
4.60999e-05
0.000479123
1.1881e-05
-5.33315e-05
0.000692959
3.16677e-05
-0.000217988
0.0145458
0.00253209
0.000573289
0.000708211
0.000183453
1.03816e-05
-2.82775e-05
-4.09876e-06
-0.000544926
0.000735807
-3.18107e-05
-0.00121476
0.013714
0.00111459
-0.00126204
0.0121007
0.000618205
-0.00137004
0.0103211
0.000232242
-0.00145024
0.00815259
-5.96833e-05
-0.00143561
0.00556816
-0.00024205
-0.00117996
0.00291609
-0.000246413
0.000779251
0.0137368
0.00340133
0.000833678
0.0121073
0.00281191
0.000946505
0.010301
0.00223115
0.00115426
0.00807766
0.00172367
0.00122495
0.00548926
0.00116033
0.00107583
0.00282405
0.000665122
-0.000529981
0.014862
0.00226189
-0.000527229
0.0132238
0.00173208
-0.000470917
0.0113285
0.00125086
-0.000375335
0.00899109
0.000859747
-0.000287976
0.00620129
0.000487461
-4.25163e-05
0.00319715
0.000250858
8.14984e-05
0.0125886
0.00225795
5.28124e-05
0.0110104
0.00172468
1.7348e-05
0.00932148
0.00124188
3.61587e-05
0.00723096
0.000829234
6.59681e-05
0.00478324
0.00046705
8.50354e-05
0.00230577
0.000203092
-0.000514902
0.00120647
-1.42294e-05
-0.00128166
0.00924791
0.000241352
