-0.00140599
0.0185705
0.00115609
0.00138815
0.0185893
0.00320102
0.000218054
0.00012101
6.8193e-05
-0.000123128
-2.20402e-05
-4.27828e-05
-0.00187544
0.0206217
0.00115632
0.000913827
0.0206162
0.00321451
0.000105562
6.18692e-06
-3.97493e-05
-0.000176795
0.000108362
5.55888e-05
-0.0014434
0.0162383
0.000774355
-0.00156371
0.0138992
0.000457856
-0.0017467
0.0112713
0.000226774
-0.00177246
0.00810652
-3.59393e-05
-0.00162895
0.00481869
-0.000175059
-0.00107378
0.00188919
-0.000176641
0.00139669
0.0162704
0.00278516
0.00148031
0.0139237
0.00234274
0.00167266
0.0111627
0.00189281
0.00184826
0.00806364
0.00150302
0.00178676
0.00467401
0.00103332
0.00128129
0.00176067
0.000717496
-0.00189232
0.0182759
0.000761077
-0.00197986
0.0158383
0.00042517
-0.00208924
0.0130441
0.000193114
-0.00213161
0.00961888
-1.52261e-05
-0.00191759
0.00597535
-6.53923e-05
-0.00123239
0.00223165
0.000141102
0.000940781
0.0182794
0.00281061
0.00107844
0.0158086
0.00239581
0.00132786
0.0129328
0.00196056
0.00151359
0.00957752
0.00152337
0.00160183
0.00574947
0.000947735
0.00109325
0.00255949
0.000461182
-4.89306e-06
0.0185801
0.00218562
-0.000589482
0.000855136
-7.85975e-05
-0.0016435
0.0195963
0.00115448
0.000864732
0.000760595
0.000429174
0.00117296
0.0196018
0.00320814
-5.04104e-05
-7.73455e-05
4.4258e-05
0.000265787
9.44669e-05
-4.05385e-05
-0.000268715
9.00553e-05
-6.39563e-05
-0.000475074
0.0206237
0.00219047
-0.000608147
0.000924915
0.00025987
0.000616392
0.00112539
0.000114431
-2.43977e-05
-5.65845e-06
4.97632e-05
-0.00141535
0.0173894
0.00095875
-0.00149474
0.0150824
0.000608182
-0.00165495
0.0126267
0.00032659
-0.00176529
0.00974435
6.00284e-05
-0.00174391
0.00646445
-0.000120762
-0.00141745
0.00326417
-0.000178176
0.00138781
0.0174175
0.00299995
0.00142443
0.0151109
0.00256261
0.00155924
0.0126139
0.00212369
0.00177615
0.00967406
0.00169946
0.0018615
0.00635339
0.00125997
0.00160828
0.00310617
0.000849219
-0.00187527
0.0194388
0.000950767
-0.00192647
0.0170945
0.000583636
-0.00203075
0.0144958
0.000287717
-0.00213078
0.0113932
5.72899e-05
-0.00208298
0.00783891
-6.29925e-05
-0.00164103
0.0041207
1.17001e-06
0.000919833
0.019443
0.00301278
0.00100354
0.0170741
0.00260575
0.0011845
0.0144498
0.00218632
0.00144812
0.0113394
0.00175755
0.00158087
0.00767056
0.00122939
0.00151181
0.00392214
0.000696243
-0.00167296
0.0172562
0.000771483
-0.00175625
0.0148546
0.000439778
-0.00188496
0.0121553
0.00018825
-0.00190122
0.00888308
-3.46151e-05
-0.00172977
0.0054142
-0.000154681
-0.00120745
0.00208025
-9.98607e-05
0.00119623
0.0172803
0.00279774
0.00129588
0.0148725
0.00236374
0.00148611
0.012055
0.00191251
0.00164537
0.00884471
0.00149789
0.00158415
0.00528201
0.000953404
0.00110858
0.00219265
0.000570296
-0.00047447
0.0182843
0.00179174
-0.000461555
0.0158365
0.00142028
-0.000397166
0.0130184
0.00107071
-0.000343116
0.00960505
0.00074294
-0.000154453
0.00582922
0.000433618
9.04223e-05
0.00225454
0.000240132
-2.84046e-05
0.0162652
0.00178401
-5.72396e-05
0.0139425
0.00140302
-3.86456e-05
0.0112463
0.00106986
2.70174e-05
0.00808349
0.000709613
7.16886e-05
0.00469365
0.000410836
9.47686e-05
0.0016618
0.000171629
5.96651e-05
0.000657154
4.00947e-05
-6.6027e-05
0.000814721
5.45316e-05
-0.000236502
0.0195997
0.00218412
0.000748822
0.000905413
0.000202738
9.35304e-06
-4.1895e-05
-7.28247e-06
-0.000705325
0.000909525
3.07493e-05
-0.00165271
0.0184121
0.000959298
-0.00170786
0.0160883
0.000596661
-0.00182881
0.0135619
0.000305968
-0.00191404
0.0105817
6.29144e-05
-0.00185426
0.00716158
-0.000115527
-0.00151305
0.00371295
-0.000144138
0.00117722
0.0184374
0.00300641
0.00124186
0.0160985
0.00258176
0.0013755
0.0135378
0.00214502
0.0015942
0.0105049
0.00173375
0.00164683
0.00705737
0.0012159
0.00142459
0.00360237
0.000730205
-0.000469807
0.0194425
0.00198648
-0.000478167
0.0171105
0.0016
-0.000440685
0.0144961
0.00124035
-0.000357343
0.011368
0.000917815
-0.000269722
0.00774534
0.000574228
-6.24261e-06
0.00393773
0.00032967
-1.64971e-05
0.0174092
0.00198148
-4.06416e-05
0.0151113
0.00159349
-5.39835e-05
0.0126479
0.00122906
-8.40767e-06
0.00971106
0.000890065
4.4525e-05
0.0063898
0.000557532
9.44434e-05
0.00309254
0.000280415
-0.000655531
0.00147228
5.46047e-05
-0.00161286
0.0118101
0.000336706
