-0.00155132
0.0199324
0.00111551
0.0014971
0.0199506
0.00306715
0.00022925
0.000127512
7.0658e-05
-0.000128583
-2.29398e-05
-4.41066e-05
-0.00198071
0.0218904
0.00111543
0.00106365
0.0218854
0.00308045
0.000110543
5.87703e-06
-4.22789e-05
-0.000184543
0.000111857
5.93241e-05
-0.0015881
0.0173801
0.000767816
-0.00170452
0.0148139
0.000478473
-0.00187734
0.0119532
0.000258708
-0.0018871
0.00857
-4.89153e-07
-0.00171654
0.00508114
-0.000142604
-0.00112582
0.00199194
-0.00015839
0.0015069
0.0174112
0.00268884
0.00159476
0.0148354
0.00228581
0.00178858
0.0118456
0.00186987
0.00195751
0.00851616
0.00149714
0.00188172
0.00493021
0.00104158
0.00134551
0.00186019
0.000736705
-0.00199834
0.0193268
0.000754293
-0.00208838
0.0166728
0.000446258
-0.00220032
0.0136621
0.000227816
-0.00223456
0.0100361
2.9433e-05
-0.00200143
0.00620276
-2.59944e-05
-0.0012888
0.00229937
0.000171085
0.00108964
0.0193322
0.00271466
0.00122276
0.016647
0.00233878
0.00146251
0.0135568
0.00193461
0.00163384
0.00998858
0.00151163
0.00170303
0.0059772
0.000947062
0.00115253
0.00264968
0.000465495
-2.28261e-05
0.0199419
0.00209813
-0.00061672
0.000901014
-6.87314e-05
-0.00176886
0.0209114
0.00111379
0.000907401
0.000804191
0.000442261
0.00130133
0.0209169
0.00307444
-5.25509e-05
-7.96149e-05
4.80417e-05
0.00027943
9.98488e-05
-4.45456e-05
-0.000280716
9.28335e-05
-6.50917e-05
-0.00045331
0.0218926
0.00210271
-0.000638238
0.000948374
0.000283713
0.000646833
0.00116069
0.00011019
-2.55916e-05
-7.93065e-06
5.23506e-05
-0.0015606
0.0186419
0.000935411
-0.00163815
0.0161119
0.000616643
-0.00179151
0.0134259
0.000355398
-0.00189283
0.0103091
9.72347e-05
-0.00184517
0.00682281
-8.50959e-05
-0.00148924
0.00344064
-0.000150852
0.00149706
0.0186694
0.00288396
0.00153662
0.0161386
0.00248673
0.00167568
0.0134102
0.00208429
0.00189021
0.0102425
0.0016863
0.00196433
0.00670534
0.00126224
0.00169117
0.00327661
0.00086239
-0.00198075
0.0205985
0.000927338
-0.00203362
0.0180367
0.000591969
-0.00214137
0.0152223
0.000317736
-0.00224056
0.0119059
9.82059e-05
-0.00217534
0.00815558
-2.11611e-05
-0.00171357
0.00426656
3.73236e-05
0.00106929
0.0206037
0.00289699
0.00114997
0.01802
0.00252993
0.0013255
0.0151799
0.00214584
0.00157602
0.0118574
0.00174003
0.00169244
0.00798848
0.0012249
0.00159838
0.00406886
0.000697417
-0.00179815
0.0183523
0.000764919
-0.00188094
0.0157298
0.000461598
-0.00200543
0.0128056
0.000223184
-0.00200776
0.00932593
4.55487e-06
-0.0018142
0.00565967
-0.000119009
-0.00126446
0.00216518
-7.65954e-05
0.00132488
0.0183761
0.00270212
0.00142446
0.0157462
0.00230773
0.00161025
0.0127076
0.00188934
0.00175658
0.0092751
0.00148892
0.00167858
0.00552323
0.000957004
0.00116753
0.00228907
0.000581925
-0.000453883
0.0193361
0.00173998
-0.000445083
0.0166732
0.00140161
-0.000385104
0.0136384
0.00107433
-0.000333936
0.0100171
0.000758631
-0.000144601
0.00605413
0.000451705
0.0001001
0.00232602
0.000252537
-4.5261e-05
0.0174065
0.00173224
-6.95252e-05
0.014855
0.00138376
-4.56071e-05
0.0119274
0.00107321
2.08133e-05
0.00853796
0.000726808
7.33296e-05
0.00494895
0.000430406
9.9618e-05
0.00175483
0.000185256
6.33908e-05
0.000694762
4.70472e-05
-6.85729e-05
0.000833059
5.97779e-05
-0.000234758
0.0209148
0.00209653
0.00078748
0.000944758
0.000204284
8.86259e-06
-4.54412e-05
-8.21585e-06
-0.000739545
0.000941173
4.76929e-05
-0.00177808
0.0196181
0.00093588
-0.00183294
0.017074
0.000605481
-0.00195141
0.0143244
0.000335972
-0.00203138
0.0111217
0.000102182
-0.00194931
0.0075006
-7.71019e-05
-0.00158498
0.00387438
-0.00011328
0.00130559
0.0196431
0.00289076
0.00137028
0.0170843
0.00250692
0.00150331
0.0142997
0.0021062
0.00171199
0.0110476
0.00171833
0.00175103
0.00739063
0.00121522
0.00150543
0.00376154
0.000736961
-0.00044848
0.0206027
0.00191676
-0.000458815
0.0180538
0.00156525
-0.000426172
0.0152243
0.00123448
-0.000348466
0.0118827
0.000926942
-0.000259799
0.00806062
0.000591834
4.80948e-06
0.00407931
0.00034658
-3.40151e-05
0.0186612
0.00191168
-5.61659e-05
0.01614
0.00155918
-6.37054e-05
0.0134452
0.00122301
-1.42204e-05
0.0102783
0.000901862
4.2947e-05
0.0067414
0.000576819
9.85542e-05
0.00326079
0.000297874
-0.000685441
0.00151963
7.28518e-05
-0.00169612
0.0123766
0.000366506
