-0.00170308
0.02132
0.00108101
0.00161839
0.0213373
0.00292872
0.000239755
0.000133617
7.28574e-05
-0.000133567
-2.38251e-05
-4.52255e-05
-0.0020932
0.0231739
0.00108066
0.00122502
0.0231695
0.00294163
0.000115149
5.48828e-06
-4.47173e-05
-0.000191584
0.000114834
6.29016e-05
-0.00173872
0.0185308
0.00076639
-0.00184949
0.0157206
0.000502736
-0.00200893
0.0126143
0.000292534
-0.00199964
0.00901103
3.60311e-05
-0.00179938
0.00532611
-0.00010854
-0.00117394
0.00208661
-0.000138867
0.00162931
0.0185603
0.00258715
0.00171988
0.0157385
0.00222285
0.00191107
0.0125099
0.00184113
0.00206793
0.00894482
0.001485
0.00197403
0.00517001
0.00104513
0.00140626
0.00195285
0.000752851
-0.00211128
0.0203757
0.000752882
-0.00220205
0.0174888
0.000471673
-0.00231343
0.0142496
0.000265609
-0.0023353
0.0104232
7.69754e-05
-0.00207993
0.0064058
1.52228e-05
-0.00134104
0.00235566
0.000201294
0.00124983
0.0203826
0.00261292
0.00137683
0.0174666
0.0022748
0.0016026
0.0141521
0.00190098
0.00175511
0.0103676
0.00149207
0.001802
0.0061818
0.000941005
0.0012089
0.00272805
0.000467017
-3.78845e-05
0.0213292
0.00201132
-0.000641595
0.000942911
-5.82581e-05
-0.00190097
0.0222469
0.00107923
0.000947369
0.000844722
0.000453418
0.00144132
0.0222523
0.00293604
-5.4489e-05
-8.16428e-05
5.17776e-05
0.000292234
0.000104909
-4.85687e-05
-0.000291711
9.51125e-05
-6.59673e-05
-0.000429477
0.0231763
0.00201558
-0.000666222
0.000966589
0.000307038
0.000675238
0.0011902
0.000104787
-2.6679e-05
-1.03604e-05
5.47528e-05
-0.00171214
0.0199118
0.000917746
-0.00178676
0.0171416
0.000629512
-0.00193078
0.0142101
0.000387092
-0.00202069
0.0108504
0.000136231
-0.00194243
0.00716008
-4.7948e-05
-0.00155632
0.00360424
-0.000122009
0.00161866
0.0199384
0.00276297
0.00166049
0.0171659
0.00240513
0.0018012
0.0141918
0.0020387
0.00200827
0.0107893
0.00166734
0.00206596
0.00703681
0.00125894
0.0017706
0.0034354
0.000871658
-0.00209345
0.0217649
0.000909732
-0.00214703
0.0189683
0.000605188
-0.0022558
0.0159237
0.000351596
-0.00235049
0.0123861
0.000142018
-0.0022632
0.00844347
2.29553e-05
-0.00178091
0.004394
7.47211e-05
0.00123025
0.021771
0.002776
0.00130704
0.018955
0.0024477
0.00147482
0.0158847
0.00209795
0.00170681
0.012344
0.00171458
0.0018033
0.00827824
0.00121382
0.00168172
0.0041984
0.000694398
-0.00192962
0.0194519
0.000763532
-0.00201041
0.0165921
0.000487336
-0.00212784
0.0134305
0.000260784
-0.00211251
0.00974295
4.5646e-05
-0.00189396
0.00588425
-8.15367e-05
-0.0013175
0.00224023
-5.21452e-05
0.00146479
0.0194749
0.00260088
0.0015627
0.0166064
0.00224521
0.00174017
0.0133366
0.00185971
0.0018688
0.00967762
0.00147273
0.00177104
0.00574442
0.000955706
0.00122367
0.00237617
0.000590776
-0.000431118
0.0203857
0.00168794
-0.000426131
0.0174911
0.0013815
-0.000370742
0.0142278
0.00107568
-0.000322835
0.0103977
0.000772166
-0.00013315
0.00625505
0.000468058
0.00010989
0.00238616
0.000263856
-5.89264e-05
0.0185561
0.0016803
-7.83603e-05
0.0157587
0.00136337
-4.97094e-05
0.0125882
0.00107422
1.59445e-05
0.00896852
0.000741914
7.59959e-05
0.0051871
0.00044852
0.000104727
0.00184075
0.00019826
6.71738e-05
0.000729334
5.38909e-05
-7.08162e-05
0.000846496
6.47763e-05
-0.000230591
0.0222502
0.00200965
0.000823943
0.000979911
0.000204544
8.28397e-06
-4.90399e-05
-9.18768e-06
-0.000771317
0.000967955
6.50028e-05
-0.00191004
0.0208363
0.000918152
-0.0019637
0.0180544
0.000618892
-0.00207738
0.015067
0.000369245
-0.0021494
0.0116336
0.000143636
-0.00204046
0.00781498
-3.68719e-05
-0.00165227
0.00402008
-8.08047e-05
0.00144552
0.0208605
0.00276999
0.00150925
0.0180644
0.00242594
0.0016393
0.0150418
0.00206064
0.00183279
0.0115636
0.00169563
0.00185458
0.00769946
0.00120859
0.00158354
0.00390597
0.000739871
-0.000425138
0.0217693
0.0018473
-0.000437048
0.0189859
0.00152972
-0.000409121
0.0159268
0.00122676
-0.000337962
0.0123653
0.000933282
-0.000247751
0.00834706
0.000607324
1.6695e-05
0.00420308
0.000362128
-4.84967e-05
0.0199304
0.00184219
-6.83596e-05
0.0171683
0.00152415
-7.01268e-05
0.0142271
0.00121525
-1.79561e-05
0.0108228
0.000911643
4.28109e-05
0.00707163
0.000594254
0.00010327
0.00341681
0.000314312
-0.000713141
0.00155916
9.13312e-05
-0.0017797
0.0129129
0.000397586
