-0.00186107
0.0227319
0.00105238
0.00175193
0.0227481
0.00278673
0.000249555
0.000139313
7.47953e-05
-0.000138081
-2.4697e-05
-4.61461e-05
-0.00221307
0.0244723
0.0010518
0.00139749
0.0244685
0.00279909
0.000119382
5.02373e-06
-4.70632e-05
-0.00019791
0.000117293
6.6315e-05
-0.00189508
0.019689
0.000769579
-0.00199854
0.0166185
0.00052995
-0.00214148
0.0132542
0.000327573
-0.00211014
0.00942918
7.30349e-05
-0.00187753
0.00555326
-7.327e-05
-0.00121815
0.00217301
-0.000118268
0.00176382
0.0197166
0.00248076
0.00185553
0.0166324
0.00215422
0.00204
0.0131552
0.00180668
0.00217944
0.0093492
0.00146665
0.00206362
0.00539307
0.001044
0.00146345
0.00203843
0.000765953
-0.00223129
0.0214226
0.000756344
-0.00232099
0.0182866
0.000500714
-0.00242867
0.0148066
0.000305806
-0.00243386
0.0107804
0.000126809
-0.0021531
0.00658462
5.78683e-05
-0.00138906
0.00240056
0.000231562
0.00142093
0.0214307
0.00250609
0.00154034
0.0182678
0.00220421
0.00174795
0.0147187
0.00185981
0.00187732
0.0107147
0.00146477
0.00189872
0.00636334
0.000929613
0.00126236
0.00279464
0.000465784
-5.0014e-05
0.0227407
0.0019256
-0.000664125
0.000980721
-4.72723e-05
-0.00203981
0.0236019
0.0010506
0.000984586
0.000882076
0.000462658
0.00159271
0.0236071
0.00279398
-5.62407e-05
-8.34428e-05
5.54535e-05
0.000304187
0.000109638
-5.25938e-05
-0.000301696
9.68964e-05
-6.65889e-05
-0.000403858
0.0244747
0.0019295
-0.000692057
0.000979596
0.000329763
0.000701606
0.00121396
9.82488e-05
-2.76514e-05
-1.29417e-05
5.69645e-05
-0.00186979
0.0211979
0.000905399
-0.00194042
0.0181704
0.00064617
-0.00207272
0.0149787
0.000420955
-0.00214888
0.0113678
0.000176348
-0.00203577
0.00747588
-9.81871e-06
-0.00161874
0.00375468
-9.19491e-05
0.00175251
0.0212231
0.00263785
0.00179594
0.018192
0.00231831
0.00193569
0.0149579
0.00198712
0.00213023
0.0113138
0.00164267
0.00216632
0.00734741
0.00125014
0.00184649
0.00358224
0.000877057
-0.00221351
0.0229379
0.000897594
-0.00226684
0.0198894
0.000622673
-0.00237414
0.0166001
0.000388575
-0.00246063
0.0128343
0.00018806
-0.00234661
0.00870278
6.88653e-05
-0.00184305
0.0045031
0.000113078
0.00140231
0.0229447
0.00265069
0.00147438
0.0198794
0.00235955
0.00163224
0.0165645
0.0020429
0.00184038
0.0127995
0.00168131
0.00191342
0.00853998
0.00119622
0.00176182
0.00431081
0.000687237
-0.00206737
0.0205544
0.00076682
-0.00214468
0.017441
0.000516282
-0.00225222
0.01403
0.000300345
-0.00221553
0.010134
8.8069e-05
-0.00196907
0.00608784
-4.2669e-05
-0.00136655
0.00230531
-2.66987e-05
0.00161573
0.0205762
0.00249469
0.00171039
0.0174529
0.00217653
0.00187571
0.0139418
0.00182372
0.00198196
0.0100522
0.00144937
0.00186148
0.00594548
0.00094955
0.00127696
0.00245385
0.000596882
-0.000406446
0.021433
0.00163573
-0.000404908
0.0182905
0.0013598
-0.000354208
0.0147869
0.00107449
-0.000309896
0.0107468
0.0007833
-0.000120122
0.0064321
0.000482515
0.000119812
0.00243501
0.000274031
-6.93664e-05
0.019713
0.00162831
-8.37666e-05
0.0166529
0.00134169
-5.10155e-05
0.0132282
0.00107258
1.23572e-05
0.00937473
0.000754653
7.96273e-05
0.00540774
0.000464993
0.000110044
0.00191935
0.000210564
7.09734e-05
0.000760762
6.05865e-05
-7.27349e-05
0.000855065
6.94958e-05
-0.000224112
0.0236051
0.00192391
0.000858187
0.00101082
0.000203548
7.621e-06
-5.26889e-05
-1.01891e-05
-0.000800624
0.000989854
8.2585e-05
-0.00204859
0.0220659
0.000905759
-0.00210014
0.0190292
0.00063627
-0.00220675
0.0157895
0.000405058
-0.00226814
0.0121175
0.000186609
-0.00212778
0.00810461
4.65874e-06
-0.00171494
0.00414997
-4.70107e-05
0.00159678
0.022089
0.00264498
0.00165856
0.0190387
0.00233932
0.00178327
0.0157639
0.00200853
0.0019565
0.0120528
0.00166574
0.00195739
0.00798376
0.00119605
0.00165889
0.00403553
0.000738978
-0.00040006
0.0229426
0.00177834
-0.000413119
0.0199071
0.00149335
-0.000389703
0.0166039
0.00121694
-0.000325928
0.0128157
0.00093657
-0.000233632
0.00860478
0.000620487
2.94182e-05
0.0043091
0.000376201
-5.98964e-05
0.0212155
0.0017733
-7.72056e-05
0.0181954
0.00148835
-7.32913e-05
0.0149929
0.00120555
-1.96818e-05
0.011344
0.000919122
4.40577e-05
0.00738011
0.000609603
0.000108533
0.00356032
0.000329596
-0.000738608
0.00159086
0.000109936
-0.00186369
0.0134191
0.000429371
