0.000246321
-0.0202776
-2.60216e-05
-0.000218053
-0.0203534
0.000293155
-0.000321426
-0.000186288
-8.47677e-05
0.0001841
2.55642e-05
5.83299e-05
0.000322825
-0.020022
3.65036e-07
-0.000169092
-0.0200051
0.000253449
-0.000168311
-7.95459e-06
7.96539e-05
0.000230013
-0.000125578
-9.03247e-05
0.000432363
-0.0200794
4.96267e-05
0.0010687
-0.0196314
7.30556e-05
0.00197035
-0.0176563
-4.49505e-06
0.00247198
-0.0130246
6.58698e-06
0.00245774
-0.00781384
5.151e-05
0.00162055
-0.00309
3.51613e-05
-0.000252184
-0.0202475
0.000344519
-0.000630837
-0.0197588
0.000354269
-0.00150576
-0.0171888
0.000269772
-0.00237032
-0.0130746
-0.000144092
-0.00252506
-0.00755229
-0.000302116
-0.00182843
-0.00291932
-0.000541795
0.000434776
-0.0198974
0.000141071
0.000993304
-0.0196041
0.000298914
0.00177427
-0.017718
0.000284623
0.00236223
-0.013199
0.000190045
0.00241986
-0.00803138
-3.99042e-05
0.00161505
-0.00276529
-0.000318909
-0.000224333
-0.0200276
0.000250363
-0.000729015
-0.0196791
0.000138154
-0.00176066
-0.0173693
-7.25732e-05
-0.0025328
-0.0133924
-0.00029158
-0.00267381
-0.00784215
-0.000176254
-0.00177865
-0.0033523
-0.000168146
-8.40373e-06
-0.0203151
0.000103601
0.000896516
-0.00140137
-1.12866e-05
0.000308316
-0.020141
9.69663e-07
-0.00123273
-0.00127651
-0.000389812
-0.000286157
-0.0201659
0.000261756
8.44042e-05
8.50046e-05
-8.19601e-05
-0.000401599
-0.000159638
8.54119e-05
0.000370136
-0.000111052
5.99096e-05
3.81908e-05
-0.0200351
0.000105752
0.000833181
-0.00107588
-0.000419251
-0.000987745
-0.00144811
8.80641e-05
7.60715e-06
3.35004e-05
-5.77287e-05
0.000294532
-0.0201206
9.46826e-06
0.000692223
-0.0199723
8.0314e-05
0.00152154
-0.0188596
5.7544e-05
0.00220718
-0.0155278
4.04363e-05
0.00259547
-0.0104822
5.2123e-05
0.00213527
-0.00529601
2.06627e-05
-0.000217422
-0.0202547
0.000304699
-0.000377932
-0.0201352
0.000377842
-0.00100261
-0.0188157
0.000297437
-0.00196819
-0.0153336
0.000146337
-0.00255732
-0.0102643
-0.000229791
-0.00229584
-0.00504842
-0.000399213
0.000328843
-0.0198908
6.55408e-05
0.000657541
-0.0198833
0.000235147
0.00135434
-0.0188892
0.000335262
0.00209695
-0.0157088
0.000211671
0.00252574
-0.010734
8.4423e-05
0.0021135
-0.00538004
-0.000179972
-0.000163818
-0.019963
0.000271065
-0.000437201
-0.0199853
0.000211553
-0.00113655
-0.0189117
4.03882e-05
-0.00227772
-0.0156146
-0.000212519
-0.00267131
-0.0106131
-0.000227127
-0.00246242
-0.00524777
-0.000147418
0.000474813
-0.0199787
7.64262e-05
0.000957325
-0.0195752
0.000195135
0.00173514
-0.0176077
0.000182861
0.00226498
-0.013073
0.000120246
0.00233903
-0.00792791
4.18072e-05
0.00166797
-0.00292998
-6.4776e-05
-0.000365629
-0.0201191
0.000287694
-0.000795565
-0.0196622
0.000250355
-0.00163422
-0.0172909
0.000146565
-0.00235309
-0.0131633
-0.000215974
-0.00242526
-0.00772625
-0.000202853
-0.00169178
-0.00316228
-0.000335797
9.5336e-05
-0.0200016
0.000183895
0.000176518
-0.0197253
0.000218821
0.000113163
-0.0177298
0.000112236
-1.677e-05
-0.0133582
5.01996e-05
-0.000148789
-0.00790118
-7.44752e-05
-0.00031676
-0.00284953
-0.00011865
0.000125284
-0.0202167
0.000180054
0.000300718
-0.0198317
0.000202153
0.000218137
-0.0175343
6.84673e-05
5.69842e-05
-0.0131297
-1.4657e-05
-4.07066e-05
-0.0076152
-8.80031e-05
-0.000101549
-0.00277171
-0.000104258
-6.61848e-05
-0.00111725
-3.93618e-05
1.40964e-05
-0.000943086
6.88204e-06
-3.13138e-06
-0.0201564
0.000129998
-0.00113781
-0.00131906
-6.61839e-05
-1.06461e-05
7.70217e-05
1.96833e-05
0.00100624
-0.00119921
-0.000182421
0.000362453
-0.0199919
2.14012e-05
0.000677828
-0.0199119
0.000143309
0.00137187
-0.018856
0.00018888
0.00198689
-0.0156733
0.000130293
0.0024365
-0.0105918
8.20097e-05
0.00206834
-0.00534899
-1.73913e-05
-0.000290345
-0.0201116
0.000280396
-0.000560848
-0.0200278
0.000288841
-0.00115812
-0.0187942
0.000183722
-0.00211272
-0.0154802
-9.73644e-05
-0.00246837
-0.0104233
-0.000198921
-0.00219476
-0.00520946
-0.000234501
2.62866e-05
-0.0199287
0.000155499
0.000178505
-0.0200418
0.000208204
0.000183893
-0.0190338
0.000182003
-1.28672e-06
-0.0157163
1.93489e-05
-4.58133e-05
-0.0106845
-3.42983e-05
-0.000279971
-0.00519868
-0.000115444
5.55794e-05
-0.0202089
0.000143157
0.00019963
-0.0201312
0.000211167
0.000300035
-0.0189772
0.00016753
0.000114527
-0.0155079
9.5888e-05
3.14035e-05
-0.0103814
-5.87684e-05
-9.40334e-05
-0.00503972
-0.000100622
0.000832695
-0.00188862
-0.000140384
0.00146703
-0.0165571
0.000164781
