-0.00273382
0.0300857
0.000984538
0.00259031
0.0300939
0.00205774
0.000287806
0.000161452
8.08551e-05
-0.000154008
-2.88959e-05
-4.81469e-05
-0.00292153
0.0311625
0.000983582
0.0024037
0.0311623
0.00206482
0.000135162
1.72269e-06
-5.74139e-05
-0.000218918
0.000122143
8.07708e-05
-0.00275342
0.0255471
0.000834276
-0.00279895
0.02095
0.000685239
-0.00281843
0.0161265
0.00049714
-0.0026346
0.0111742
0.000244262
-0.00220273
0.00641963
0.000105197
-0.00138414
0.00247789
-7.59813e-06
0.00260472
0.0255589
0.00190339
0.00267946
0.0209392
0.00174139
0.00277254
0.0160855
0.00155751
0.00274913
0.0110054
0.00128867
0.00246915
0.00625413
0.000972263
0.00169558
0.00235631
0.000788002
-0.00293608
0.0266263
0.000826083
-0.00299464
0.0220198
0.000674485
-0.00303766
0.0171655
0.000517839
-0.00289728
0.0121427
0.000387898
-0.0024427
0.0071342
0.000276884
-0.00156692
0.00246318
0.000376989
0.00241842
0.0266353
0.00192093
0.00248218
0.0220128
0.00176896
0.00254349
0.0171486
0.0015515
0.00249857
0.0119985
0.00122075
0.00234882
0.00694132
0.000797576
0.00148751
0.00295928
0.000420956
-6.79216e-05
0.0300911
0.00152428
-0.000743512
0.00110686
1.12013e-05
-0.00282889
0.0306237
0.000983665
0.00112912
0.00101877
0.000481395
0.00250328
0.0306271
0.00206293
-6.29228e-05
-8.96579e-05
7.24826e-05
0.000351147
0.000128152
-7.22448e-05
-0.000336872
9.88274e-05
-6.62865e-05
-0.000259365
0.0311648
0.00152574
-0.000788727
0.000970817
0.000431441
0.000804102
0.00125066
4.99936e-05
-3.05191e-05
-2.78015e-05
6.50497e-05
-0.00273922
0.0278118
0.000906672
-0.00277624
0.0232659
0.000762961
-0.00281923
0.0185723
0.000597465
-0.00279535
0.0135933
0.000369968
-0.00244803
0.00873126
0.000176662
-0.00186521
0.00430682
6.42036e-05
0.00259246
0.0278254
0.00198017
0.00263384
0.0232683
0.00182579
0.00273143
0.0185409
0.00165129
0.0027919
0.0135984
0.00144103
0.00264665
0.00858492
0.00112858
0.00217186
0.00413362
0.000849251
-0.0029228
0.0288899
0.000901993
-0.002961
0.0243463
0.000750309
-0.00302466
0.019633
0.00059389
-0.00301629
0.0146222
0.000427249
-0.0027012
0.00959403
0.000306236
-0.00207786
0.00478736
0.000307543
0.00240644
0.0288971
0.00198944
0.00244554
0.0243487
0.001851
0.00252633
0.0196104
0.00167344
0.0025432
0.0146361
0.0014072
0.00245124
0.00944923
0.00101659
0.00211504
0.00462731
0.000593304
-0.00284488
0.0260855
0.000832882
-0.00288441
0.021482
0.000683357
-0.00290357
0.0166564
0.000502396
-0.00270719
0.0117118
0.000298445
-0.00227902
0.00679946
0.000156513
-0.00155461
0.00248452
0.000107278
0.00251909
0.0260955
0.00191462
0.00257606
0.0214755
0.0017563
0.00262798
0.0166191
0.00155755
0.00255793
0.0115183
0.00123267
0.00228213
0.00665617
0.000850126
0.00150107
0.00270307
0.000588647
-0.00026453
0.0266351
0.00137466
-0.000273345
0.0220256
0.00122307
-0.00024507
0.0171552
0.00102324
-0.000221982
0.0120479
0.000796035
-3.32312e-05
0.00697654
0.000521193
0.00017198
0.0025183
0.000305816
-7.51881e-05
0.0255593
0.00136995
-6.30507e-05
0.0209571
0.00120943
-1.98073e-05
0.0161075
0.00101745
1.09934e-05
0.0110393
0.00077476
0.000109621
0.0062458
0.000516673
0.000137781
0.00219887
0.000258542
8.87155e-05
0.000868387
9.01366e-05
-7.68316e-05
0.000829069
8.76463e-05
-0.000162727
0.0306257
0.00152307
0.000996482
0.00110199
0.000181311
3.22815e-06
-7.15734e-05
-1.53237e-05
-0.000911068
0.00102837
0.000170555
-0.00283428
0.0283499
0.000907083
-0.00286304
0.0238059
0.000758988
-0.00290294
0.0191045
0.000596169
-0.00287345
0.0141293
0.000400176
-0.0025107
0.00919223
0.000212627
-0.00196228
0.00456788
0.000129342
0.00250584
0.0283622
0.00198613
0.00254435
0.0238074
0.0018417
0.00261033
0.0190783
0.00166197
0.00261228
0.0141075
0.00141708
0.00245822
0.00904748
0.00105017
0.00199363
0.00446524
0.000680861
-0.000258765
0.0288941
0.0014479
-0.00027083
0.0243581
0.00129797
-0.000264731
0.0196318
0.00113011
-0.000247411
0.014616
0.000900499
-0.000135348
0.0094852
0.00064518
0.000105074
0.00458542
0.000420742
-7.22335e-05
0.0278212
0.00144428
-7.3801e-05
0.0232762
0.00129641
-4.43577e-05
0.0185658
0.00112125
-1.82482e-06
0.0135985
0.000913887
6.81634e-05
0.00859451
0.000647883
0.000140717
0.00408682
0.000384041
-0.000832926
0.00163676
0.000200286
-0.00229159
0.0155223
0.000578845
