-0.00311387
0.0331156
0.000982668
0.00299272
0.0331197
0.00177371
0.000298234
0.000167379
8.18204e-05
-0.000157662
-3.05216e-05
-4.80093e-05
-0.00325126
0.0339088
0.000981909
0.00285756
0.0339102
0.00177778
0.000139222
6.27183e-08
-6.09522e-05
-0.000222658
0.000120967
8.52944e-05
-0.00312544
0.0278909
0.000870673
-0.00314008
0.0225972
0.000743026
-0.00309488
0.0171252
0.000550083
-0.00283301
0.0117169
0.000295213
-0.00230612
0.0066453
0.000168281
-0.0014279
0.00254193
3.49512e-05
0.00300715
0.0278943
0.0016648
0.00306586
0.0225748
0.00155402
0.00309907
0.0171197
0.00142904
0.00297993
0.0115042
0.00118328
0.00261168
0.00648388
0.000916357
0.00176414
0.00243255
0.000778449
-0.00326255
0.0286892
0.00086598
-0.0032981
0.0234066
0.000743383
-0.00329593
0.0179344
0.000594526
-0.00307121
0.0125135
0.00048537
-0.00252677
0.00721186
0.000357972
-0.00161088
0.00242154
0.00042831
0.00286839
0.0286962
0.00167706
0.00290411
0.0234014
0.00156773
0.00288607
0.0179544
0.00138925
0.00274887
0.0123256
0.00108048
0.00251379
0.00703528
0.000714086
0.00155963
0.00295533
0.000387094
-5.75316e-05
0.0331191
0.00137992
-0.000761615
0.0011286
3.36394e-05
-0.00318273
0.0335119
0.000982524
0.00116826
0.00104995
0.000477228
0.00292546
0.0335141
0.00177743
-6.50825e-05
-9.12552e-05
7.84214e-05
0.000364235
0.000133189
-7.96129e-05
-0.00034463
9.67532e-05
-6.48901e-05
-0.000199364
0.0339108
0.00138021
-0.000812784
0.000937112
0.000464912
0.000832765
0.00123144
2.44803e-05
-3.06158e-05
-3.442e-05
6.68831e-05
-0.00311735
0.0305029
0.000925427
-0.00313602
0.0252605
0.000812353
-0.00313205
0.0198892
0.000658259
-0.00305608
0.014321
0.000431752
-0.00259084
0.00908856
0.000238802
-0.001937
0.00443735
0.000121886
0.00299549
0.0305101
0.00171728
0.0030319
0.0252533
0.00161336
0.0030975
0.0198546
0.0014894
0.00307562
0.0143587
0.0013302
0.00282787
0.00893832
0.00104853
0.00227744
0.00427101
0.000815326
-0.00325276
0.0312977
0.000922831
-0.00327928
0.0260648
0.000806728
-0.00331041
0.0207025
0.000671516
-0.00324152
0.0151517
0.000513923
-0.00281772
0.00978371
0.0003939
-0.00213947
0.00479313
0.000379515
0.00285957
0.0313039
0.0017241
0.0028826
0.0260697
0.00162855
0.00292304
0.0206826
0.00149182
0.00283572
0.0151894
0.00125559
0.00265935
0.00964731
0.000907729
0.00223594
0.00465161
0.000531937
-0.00319176
0.0282895
0.000870174
-0.00320822
0.0230037
0.000746936
-0.00317659
0.0175469
0.00057205
-0.00289458
0.012181
0.000370012
-0.00237598
0.00695287
0.00022901
-0.00160574
0.00249325
0.000158846
0.00293647
0.0282924
0.00167342
0.0029702
0.0229873
0.00156305
0.00295621
0.0175384
0.00141849
0.00279033
0.0119311
0.00110616
0.00243553
0.0068139
0.000782103
0.00157204
0.00274225
0.000569214
-0.000204519
0.0286957
0.0012711
-0.000213938
0.0234103
0.00115406
-0.000193072
0.0179272
0.000979394
-0.000179054
0.0123853
0.000778466
9.93927e-06
0.007053
0.000518632
0.000194243
0.00248511
0.000308661
-5.87163e-05
0.0278966
0.00126807
-3.5978e-05
0.0225901
0.00114395
7.02518e-06
0.0171115
0.000971246
1.63992e-05
0.0115412
0.000759281
0.000125456
0.0064618
0.000520107
0.000148289
0.00225831
0.000269671
9.44003e-05
0.000888233
9.90393e-05
-7.56646e-05
0.000790587
9.15923e-05
-0.000128498
0.0335131
0.00137913
0.00103735
0.00111063
0.000165475
1.10066e-06
-7.93315e-05
-1.72756e-05
-0.000939701
0.00101364
0.000203271
-0.00318602
0.0309001
0.000925994
-0.00320094
0.025663
0.000811622
-0.0032019
0.0202992
0.000664625
-0.00312075
0.0147596
0.000472304
-0.00264203
0.00947304
0.00028518
-0.00203372
0.00463561
0.000195761
0.00292709
0.0309062
0.00172208
0.00295118
0.0256592
0.0016247
0.00298123
0.020273
0.00149247
0.00288727
0.0147611
0.00127891
0.0026511
0.00931973
0.000958012
0.00210851
0.00454309
0.000635422
-0.000200167
0.0313012
0.00132453
-0.000208807
0.0260713
0.00121324
-0.000206468
0.0206957
0.00107592
-0.000210486
0.0151504
0.000859557
-8.58171e-05
0.00966868
0.000633322
0.000140266
0.00459056
0.000424676
-5.89393e-05
0.030508
0.00132192
-5.33063e-05
0.0252626
0.00121317
-1.54037e-05
0.019872
0.00106873
1.50737e-05
0.0143412
0.00088895
8.42059e-05
0.00893355
0.000642144
0.000154916
0.00421075
0.000393103
-0.000856259
0.00160799
0.000232362
-0.00246714
0.0161857
0.00062402
