-0.00330857
0.034637
0.00098447
0.00320461
0.034639
0.00163639
0.000302484
0.000169754
8.20562e-05
-0.000159023
-3.13258e-05
-4.78132e-05
-0.00342436
0.0352903
0.000983879
0.00309155
0.0352925
0.00163882
0.000140855
-8.08411e-07
-6.26091e-05
-0.000223645
0.000119826
8.7288e-05
-0.00331578
0.0290557
0.000888315
-0.00331384
0.0234003
0.000768252
-0.00323392
0.0175942
0.000570935
-0.00293015
0.0119577
0.000314687
-0.00235317
0.00673456
0.000196001
-0.00144585
0.00256252
5.46281e-05
0.00321889
0.0290545
0.00154671
0.00326804
0.0233718
0.0014581
0.00326742
0.0176083
0.00136061
0.00309524
0.0117217
0.00112501
0.00267889
0.00657628
0.000883623
0.00179364
0.00246044
0.000770291
-0.0034337
0.0297151
0.000885624
-0.00345596
0.0240804
0.000774787
-0.00342779
0.0182882
0.000628408
-0.00315627
0.0126684
0.000529933
-0.00256314
0.00722589
0.000395061
-0.00162773
0.00238919
0.000451581
0.00310044
0.0297207
0.001556
0.00312142
0.0240755
0.00146409
0.00306051
0.0183279
0.00130227
0.00287359
0.0124564
0.00100336
0.00259324
0.00705803
0.00066703
0.00159239
0.00294113
0.000367341
-4.94121e-05
0.0346396
0.00131142
-0.000768312
0.0011338
4.40491e-05
-0.00336603
0.0349635
0.000984757
0.00118418
0.00106075
0.000472988
0.00314525
0.0349651
0.00163926
-6.61608e-05
-9.19607e-05
8.11541e-05
0.000369681
0.000135234
-8.31356e-05
-0.000347352
9.52326e-05
-6.40046e-05
-0.00016999
0.0352921
0.0013111
-0.000821955
0.000915104
0.000479771
0.000844891
0.00121596
1.06722e-05
-3.04202e-05
-3.78092e-05
6.7508e-05
-0.003311
0.0318483
0.000935946
-0.00331975
0.0262437
0.00083483
-0.00329062
0.0205217
0.000683906
-0.00318666
0.0146527
0.000456797
-0.00265838
0.00923898
0.000264977
-0.00196824
0.00448492
0.000148003
0.00320769
0.031852
0.00158885
0.00324092
0.0262314
0.00150653
0.00328799
0.0204857
0.00140487
0.00322013
0.0147082
0.00127012
0.00291599
0.00908735
0.00100315
0.00232532
0.00432327
0.000794269
-0.00342596
0.0325033
0.000934531
-0.00344568
0.0269112
0.000833168
-0.00345792
0.0212117
0.000706479
-0.00335479
0.0153839
0.000552595
-0.00287162
0.00984945
0.000433785
-0.00216435
0.00477719
0.000412648
0.00309323
0.0325086
0.00159429
0.00310793
0.0269169
0.00151616
0.00312688
0.0211926
0.00139642
0.00298306
0.0154342
0.00117316
0.00276163
0.00971717
0.000847038
0.00229255
0.00464572
0.000497099
-0.00337122
0.0293851
0.000888324
-0.00337483
0.0237447
0.000775211
-0.00331524
0.0179621
0.000601835
-0.00298665
0.0123856
0.000400654
-0.00241969
0.00700545
0.000261627
-0.00162696
0.00248605
0.000182986
0.00315357
0.0293841
0.00155377
0.0031744
0.0237229
0.00146368
0.00312414
0.0179692
0.00134412
0.00290624
0.0121055
0.00103635
0.00250909
0.00686942
0.000743137
0.00160393
0.00275056
0.000556584
-0.00017493
0.0297202
0.00121958
-0.000183914
0.0240826
0.00111648
-0.000166249
0.0182823
0.000952346
-0.000156705
0.012522
0.000764512
3.28234e-05
0.00706641
0.000513101
0.000205693
0.00245697
0.000307797
-4.73804e-05
0.0290579
0.00121748
-1.94296e-05
0.0233855
0.0011084
2.26434e-05
0.0175835
0.000942848
1.99331e-05
0.0117603
0.000746086
0.000133783
0.00654651
0.000517611
0.000153168
0.00227756
0.000273135
9.67661e-05
0.000893444
0.000102614
-7.44521e-05
0.000766579
9.26821e-05
-0.000110264
0.0349643
0.00131089
0.00105504
0.0011097
0.00015636
-7.62118e-09
-8.32254e-05
-1.81978e-05
-0.000951138
0.00100085
0.000218523
-0.00336815
0.0321759
0.000936619
-0.0033754
0.0265782
0.000835856
-0.00335488
0.020871
0.00069439
-0.00324529
0.0150425
0.000502943
-0.00270388
0.00958506
0.000316868
-0.00206455
0.00465119
0.000226356
0.00314636
0.0321786
0.00159296
0.00316245
0.0265714
0.00151515
0.00317256
0.0208448
0.00140357
0.0030262
0.0150566
0.00120371
0.00274565
0.00942761
0.000906151
0.00216215
0.00456463
0.000608756
-0.0001715
0.0325062
0.00126487
-0.000177857
0.0269147
0.00116947
-0.00017666
0.0212014
0.00104457
-0.000191577
0.0153849
0.000833319
-5.95978e-05
0.00973085
0.000622382
0.000158689
0.00457462
0.000423337
-4.92699e-05
0.031851
0.00126283
-3.99284e-05
0.0262414
0.00117014
1.82003e-06
0.0204987
0.00103831
2.49455e-05
0.014681
0.000871261
9.31089e-05
0.00907451
0.000634285
0.000161968
0.00425565
0.000394424
-0.000865212
0.00158529
0.000246882
-0.00255586
0.0164857
0.000641479
