-0.00410534
0.040684
0.00099145
0.00409689
0.040677
0.00113244
0.000313904
0.000175782
8.18321e-05
-0.000162262
-3.44822e-05
-4.66787e-05
-0.00415736
0.0408226
0.000991926
0.004049
0.0408281
0.00112779
0.000145412
-4.34493e-06
-6.86348e-05
-0.000222734
0.000112504
9.35746e-05
-0.00409372
0.0336203
0.000938306
-0.00402064
0.0264648
0.000830226
-0.00379176
0.0192843
0.000605039
-0.00330679
0.0127439
0.000341774
-0.00251792
0.00695757
0.000270561
-0.00149834
0.00257966
0.000115789
0.00410975
0.0335994
0.00109774
0.00411344
0.026411
0.00107541
0.00395926
0.0193866
0.00107281
0.00355061
0.012408
0.000867321
0.00292262
0.00681726
0.000728687
0.00188376
0.00251242
0.000719443
-0.00415747
0.0337678
0.000944844
-0.00411784
0.026666
0.000864479
-0.00396859
0.0195465
0.000720282
-0.00348672
0.0131353
0.000666163
-0.00267932
0.00716002
0.00050915
-0.00166691
0.0022047
0.000523844
0.0040505
0.0337653
0.00109369
0.0040106
0.0266581
0.00104714
0.00376489
0.0196698
0.000932666
0.00336385
0.0128154
0.000663961
0.0028922
0.00702787
0.000452889
0.00170583
0.00282461
0.000274003
-4.00362e-06
0.0406823
0.0010599
-0.000783778
0.00112245
7.69075e-05
-0.00412817
0.0407535
0.000993806
0.00122685
0.00107577
0.000444412
0.00405684
0.0407524
0.00113147
-7.11073e-05
-9.47359e-05
9.02816e-05
0.000385289
0.000140645
-9.58644e-05
-0.000352153
8.69095e-05
-5.98026e-05
-6.22041e-05
0.0408234
0.00105714
-0.000842288
0.000803045
0.000525242
0.000882182
0.00112597
-4.95218e-05
-2.79838e-05
-5.14391e-05
6.82109e-05
-0.0041032
0.0371636
0.000967775
-0.00406927
0.0300544
0.000894291
-0.00393237
0.022883
0.000741436
-0.00370757
0.0157914
0.000505856
-0.0029084
0.00967925
0.000325679
-0.00207012
0.00457465
0.000224999
0.00410116
0.0371525
0.00110992
0.0041184
0.0300205
0.00109095
0.00407953
0.0228419
0.00105844
0.00380528
0.0159239
0.00101166
0.003251
0.00952483
0.000796178
0.00248768
0.00443806
0.000688765
-0.00415925
0.0373042
0.000971752
-0.00414719
0.030216
0.000910654
-0.00407092
0.0231132
0.000805641
-0.00381081
0.0161497
0.000662081
-0.00306518
0.00996843
0.0005542
-0.00223234
0.00462175
0.000517324
0.00404969
0.037305
0.00110919
0.0040305
0.0302214
0.00107589
0.00395903
0.0230934
0.00100212
0.00357019
0.0162516
0.000816064
0.0031568
0.00985022
0.000574869
0.00249746
0.00453253
0.000337162
-0.00411631
0.0336954
0.000940657
-0.00406254
0.0265805
0.000850031
-0.00387908
0.0194538
0.000674125
-0.00334593
0.0130416
0.000476584
-0.00257012
0.00708816
0.000356603
-0.00168923
0.0023967
0.000261725
0.00405317
0.0336772
0.00109738
0.004017
0.0265355
0.00106477
0.00380688
0.019529
0.00102946
0.0033627
0.0126315
0.000727775
0.00278324
0.00696753
0.000562534
0.00171112
0.00272361
0.000490784
-6.50761e-05
0.0337656
0.00101475
-6.80072e-05
0.026659
0.000946882
-5.92959e-05
0.0195443
0.000811636
-6.63615e-05
0.0129079
0.000674503
0.000129359
0.0069969
0.00046179
0.000253505
0.00228872
0.000288743
1.15981e-05
0.0336071
0.00101665
5.96346e-05
0.0264174
0.000948043
9.38288e-05
0.0192878
0.000795706
3.66979e-05
0.0124524
0.000656763
0.000167142
0.00675274
0.00047791
0.000168775
0.00229391
0.000271347
0.000102167
0.000886697
0.000109774
-6.54758e-05
0.00064859
9.03305e-05
-3.58397e-05
0.0407526
0.00106063
0.00111053
0.00107773
0.000114014
-4.49828e-06
-9.86623e-05
-2.13687e-05
-0.000981466
0.000922256
0.000268988
-0.00412508
0.0372359
0.000969039
-0.00409817
0.0301379
0.000902948
-0.0039825
0.0230071
0.000769687
-0.00374654
0.0159975
0.000576539
-0.00293159
0.00988177
0.000401041
-0.00216262
0.00461725
0.000321703
0.00405573
0.0372237
0.00111073
0.00403651
0.0301169
0.00108663
0.00395813
0.0229806
0.00103689
0.00358238
0.0160657
0.000877682
0.00310933
0.00970843
0.000671101
0.002354
0.00455877
0.000481877
-6.64894e-05
0.0373044
0.00103835
-6.06256e-05
0.0302044
0.00098535
-5.93092e-05
0.0230849
0.000892366
-0.00011739
0.0161586
0.000691958
4.99289e-05
0.00983216
0.000545007
0.00023605
0.00441983
0.000394988
2.74017e-06
0.0371563
0.00103882
2.72687e-05
0.0300329
0.000988781
8.22056e-05
0.022835
0.000889954
6.94683e-05
0.0158536
0.000766156
0.000131326
0.00947544
0.000568655
0.000187821
0.00433784
0.000376401
-0.000886117
0.00145346
0.000291317
-0.00291595
0.0175197
0.000667675
