-0.00430604
0.0421677
0.000989025
0.00432508
0.0421585
0.00102027
0.000315592
0.000176553
8.15958e-05
-0.000162729
-3.52527e-05
-4.64165e-05
-0.0043473
0.0421956
0.000989853
0.00428816
0.0422018
0.0010138
0.000146219
-5.19201e-06
-7.00262e-05
-0.000221558
0.000110208
9.47597e-05
-0.00428954
0.0347276
0.000942118
-0.00419806
0.0271919
0.000833175
-0.00393064
0.019665
0.000599132
-0.0033983
0.012903
0.000334016
-0.00255495
0.00698588
0.000278171
-0.00150825
0.00257064
0.000125409
0.00433746
0.0347016
0.000994341
0.00432865
0.0271316
0.000983326
0.00413325
0.0197907
0.0010004
0.00366173
0.0125411
0.00079965
0.00297775
0.006851
0.000685837
0.0019004
0.00251295
0.000703255
-0.00434484
0.0347647
0.000951173
-0.00428827
0.0272893
0.000874857
-0.0041058
0.0198327
0.000729752
-0.0035674
0.0132256
0.000687069
-0.00270297
0.00712333
0.00052703
-0.00167112
0.00215004
0.000535851
0.00428797
0.0347597
0.00098677
0.00423291
0.0272798
0.000946032
0.00393941
0.0199772
0.000838693
0.00348294
0.0128766
0.000574977
0.00296259
0.00699967
0.000395138
0.00173083
0.00278577
0.000248185
9.07928e-06
0.0421649
0.00100185
-0.000785847
0.00111312
8.23007e-05
-0.00432275
0.0421821
0.000991965
0.00123316
0.00107356
0.000435056
0.00428714
0.0421801
0.00101827
-7.26308e-05
-9.5534e-05
9.20793e-05
0.000387945
0.000141419
-9.8654e-05
-0.000352231
8.45027e-05
-5.87162e-05
-3.87178e-05
0.0421961
0.000998496
-0.000843997
0.000771498
0.000532929
0.000889537
0.00109913
-6.53141e-05
-2.69702e-05
-5.47599e-05
6.7985e-05
-0.0043027
0.0384616
0.000969303
-0.00425772
0.0309704
0.000898382
-0.00409298
0.0234326
0.000742053
-0.00383667
0.0160355
0.000503209
-0.00296711
0.00975592
0.000327858
-0.00209164
0.00457658
0.000235676
0.00432964
0.0384466
0.00100162
0.00434236
0.0309309
0.00099319
0.00428016
0.0233904
0.000973112
0.00395087
0.0161881
0.000945398
0.00333019
0.0096013
0.000740462
0.00252189
0.00444731
0.000658533
-0.00434923
0.0384914
0.000974743
-0.00432846
0.0310225
0.000919608
-0.00422783
0.0235626
0.000817391
-0.00392502
0.0163124
0.00067555
-0.00310961
0.0099739
0.000572156
-0.00224334
0.004568
0.000534899
0.00428868
0.0384909
0.00099928
0.00426119
0.031027
0.000971651
0.00416684
0.0235417
0.000904233
0.00371425
0.0164272
0.000723743
0.00325166
0.00985825
0.000502369
0.00254429
0.00448921
0.000293744
-0.00430638
0.034748
0.000945112
-0.00423732
0.0272585
0.000856277
-0.004021
0.0197919
0.000678069
-0.00343379
0.0131741
0.000481707
-0.0026033
0.00708509
0.000369414
-0.00170065
0.00236341
0.000275667
0.00428033
0.0347252
0.000991927
0.0042292
0.0272074
0.000968242
0.00397703
0.0198848
0.000949827
0.00347382
0.0127302
0.000646622
0.00284698
0.00696887
0.000513191
0.00173372
0.00270562
0.000471531
-4.08141e-05
0.0347603
0.000963647
-4.13183e-05
0.0272794
0.000900064
-3.38291e-05
0.0198309
0.000768948
-4.4576e-05
0.0129766
0.000643817
0.000153913
0.00695882
0.000441757
0.000265912
0.00223787
0.000280153
2.81574e-05
0.0347104
0.000966556
8.10032e-05
0.0271361
0.000903634
0.000112471
0.0196724
0.000751186
4.09038e-05
0.012587
0.000625588
0.000174906
0.00677714
0.000460486
0.000171423
0.00228544
0.000266788
0.000102347
0.000879231
0.000109574
-6.2252e-05
0.000615958
8.79552e-05
-1.81124e-05
0.0421807
0.00100294
0.00112135
0.00106441
0.000102465
-5.58158e-06
-0.000102428
-2.20015e-05
-0.000986124
0.000897914
0.000278394
-0.00431827
0.0384791
0.000970753
-0.00428229
0.0309997
0.000909033
-0.00414141
0.023508
0.000774936
-0.00387182
0.0162015
0.00058041
-0.00298485
0.00992732
0.000409287
-0.00218256
0.00459108
0.000336996
0.00428547
0.0384629
0.00100153
0.004257
0.0309748
0.000985304
0.00415528
0.0234812
0.000946048
0.00371945
0.0162836
0.000793396
0.00319619
0.00975013
0.000608008
0.00239696
0.00454023
0.000446591
-4.36646e-05
0.0384908
0.000984231
-3.4137e-05
0.0310066
0.000937133
-3.17199e-05
0.0235291
0.000848143
-0.000100098
0.0163229
0.000648262
7.73662e-05
0.00983238
0.000517523
0.000255869
0.00436611
0.000382167
1.75239e-05
0.0384517
0.000985335
4.58672e-05
0.0309439
0.00094118
0.000103648
0.023378
0.000846653
8.08716e-05
0.0161063
0.00073169
0.000140799
0.00954209
0.000543816
0.000193264
0.00433843
0.000365886
-0.000888409
0.0014138
0.000298396
-0.0030068
0.0177474
0.000661683
