-0.0045061
0.0436329
0.000983302
0.00455285
0.0436214
0.00091445
0.000316917
0.00017709
8.13341e-05
-0.000163144
-3.60135e-05
-4.62051e-05
-0.00453843
0.0435596
0.000984513
0.00452501
0.0435666
0.000906177
0.00014696
-6.00429e-06
-7.13865e-05
-0.00022012
0.000107822
9.5809e-05
-0.00448471
0.0358173
0.000941104
-0.00437482
0.0279027
0.000830097
-0.00406884
0.0200311
0.000586774
-0.00348886
0.0130502
0.000319916
-0.00259102
0.00700595
0.000280765
-0.00151754
0.0025577
0.000132347
0.00456472
0.0357863
0.000895541
0.00454323
0.027836
0.000893942
0.00430618
0.0201803
0.000929009
0.00377125
0.0126622
0.000731861
0.00303078
0.0068767
0.000642147
0.00191516
0.00250965
0.000686158
-0.00453334
0.0357535
0.00095272
-0.00445953
0.0279051
0.000879306
-0.00424317
0.0201117
0.000732948
-0.00364745
0.0133102
0.000701835
-0.00272524
0.00708286
0.000539986
-0.00167376
0.00209416
0.000545189
0.00452323
0.0357458
0.00088444
0.00445324
0.0278936
0.000847585
0.00411201
0.0202774
0.00074561
0.00360012
0.0129316
0.000485812
0.00303141
0.00696726
0.000336667
0.00175492
0.00274525
0.000221855
2.22569e-05
0.043629
0.000945329
-0.000787626
0.00110191
8.63657e-05
-0.00451758
0.0435968
0.000986846
0.00123813
0.00106948
0.000425127
0.00451611
0.0435942
0.000911413
-7.43145e-05
-9.64161e-05
9.36767e-05
0.000390235
0.000142015
-0.00010127
-0.000352032
8.20638e-05
-5.76658e-05
-1.69709e-05
0.0435599
0.000941408
-0.000844678
0.000739582
0.000539123
0.000896458
0.00107166
-8.1187e-05
-2.58045e-05
-5.80038e-05
6.76229e-05
-0.00450156
0.0397416
0.000966752
-0.00444552
0.0318695
0.000896986
-0.00425293
0.0239667
0.000736306
-0.00396495
0.0162664
0.000493936
-0.00302481
0.00982234
0.000324234
-0.00211235
0.00457244
0.000242386
0.0045577
0.0397227
0.000898844
0.00456581
0.0318244
0.000899071
0.00447996
0.0239234
0.000889589
0.00409515
0.0164389
0.00087963
0.00340747
0.00966765
0.000684155
0.00255398
0.0044507
0.000627398
-0.0045404
0.0396701
0.00097368
-0.00451074
0.0318212
0.000923146
-0.00438526
0.0240048
0.000822918
-0.00403902
0.0164686
0.000682594
-0.00315305
0.00997453
0.000584483
-0.00225274
0.00451168
0.000548519
0.0045254
0.0396681
0.000894894
0.00448979
0.0318246
0.00087104
0.00437278
0.0239822
0.00080811
0.00385635
0.0165961
0.000631731
0.00334476
0.00986094
0.000429295
0.00258976
0.00444301
0.000249694
-0.00449667
0.0357878
0.000944755
-0.00441218
0.0279246
0.000856499
-0.00416271
0.0201194
0.000675559
-0.00352094
0.0132978
0.000480598
-0.00263538
0.00707604
0.000377198
-0.00171107
0.00232756
0.000286893
0.00450616
0.0357604
0.000891048
0.00444002
0.0278673
0.000874335
0.00414564
0.0202299
0.00087112
0.00358326
0.01282
0.000565228
0.00290891
0.0069643
0.000463028
0.00175505
0.0026848
0.000451608
-1.82051e-05
0.0357469
0.00091247
-1.59861e-05
0.0278921
0.000851653
-9.30476e-06
0.0201102
0.000723575
-2.34974e-05
0.0130393
0.000610107
0.000178304
0.00691669
0.000418986
0.000278473
0.00218568
0.000270125
4.48092e-05
0.0357961
0.000916366
0.000102369
0.0278385
0.000857605
0.000130917
0.0200424
0.000703907
4.48595e-05
0.0127095
0.000591103
0.000182207
0.00679337
0.000440149
0.000173473
0.00227316
0.000260575
0.000102013
0.000869989
0.000108534
-5.86705e-05
0.000583064
8.48527e-05
-1.20668e-06
0.043595
0.000946798
0.00113129
0.00104973
9.0752e-05
-6.62755e-06
-0.000106132
-2.25597e-05
-0.000990012
0.000872632
0.000286339
-0.0045117
0.0397089
0.000968403
-0.00446658
0.0318492
0.000909641
-0.00430028
0.0239974
0.000773844
-0.00399669
0.0163956
0.000577739
-0.00303715
0.00996535
0.000411744
-0.0022014
0.0045606
0.000348299
0.00451388
0.0396888
0.000897841
0.00447614
0.0318203
0.000887558
0.00435098
0.0239704
0.000856919
0.00385486
0.0164914
0.000709413
0.00328127
0.00978434
0.000544262
0.00243821
0.00451744
0.000410528
-2.2559e-05
0.0396687
0.000930851
-9.18943e-06
0.0318009
0.000888062
-5.29258e-06
0.0239656
0.000801707
-8.36274e-05
0.0164805
0.000601616
0.000104394
0.00982745
0.000487001
0.000275696
0.00430964
0.000367148
3.24031e-05
0.039729
0.000932575
6.45402e-05
0.0318379
0.000892684
0.00012502
0.0239055
0.000801093
9.19899e-05
0.0163456
0.0006942
0.000149946
0.0095985
0.000515768
0.000198135
0.00433304
0.000352992
-0.000889871
0.00137297
0.000303682
-0.00309773
0.0179672
0.000650172
