0.000451651
-0.0218089
2.33077e-05
-0.000349306
-0.0218918
0.00035627
-0.000324168
-0.000187406
-8.60138e-05
0.000185139
2.65098e-05
5.85876e-05
0.000504769
-0.0215464
5.16098e-05
-0.000327391
-0.0215298
0.000312158
-0.000169522
-7.83523e-06
8.05051e-05
0.00023069
-0.000125653
-9.09613e-05
0.000655788
-0.0213333
8.08042e-05
0.00131173
-0.0205117
8.98619e-05
0.00216325
-0.0180582
1.83374e-05
0.00258095
-0.0131485
3.46735e-05
0.00249218
-0.00782042
6.61106e-05
0.00163148
-0.00308229
4.05221e-05
-0.000398821
-0.0215043
0.000383231
-0.000825565
-0.0206134
0.000351697
-0.00169873
-0.0176027
0.000223796
-0.00249971
-0.0131591
-0.000174753
-0.00258537
-0.00756845
-0.000319963
-0.0018507
-0.00291934
-0.000553527
0.000628626
-0.0211522
0.000178321
0.00121281
-0.020502
0.00031578
0.00196896
-0.0181529
0.000282331
0.00247751
-0.0133644
0.000177748
0.00245574
-0.00805874
-3.96154e-05
0.00162543
-0.00276123
-0.000320193
-0.00040084
-0.0212876
0.000275759
-0.000946381
-0.0205651
0.000126301
-0.00194934
-0.017825
-0.000100931
-0.00264897
-0.0135136
-0.000294513
-0.00273583
-0.00787227
-0.000179312
-0.00180265
-0.00335967
-0.000170003
2.60228e-05
-0.021851
0.000156398
0.000900562
-0.00139527
-9.48348e-06
0.000503252
-0.021668
5.17916e-05
-0.00124441
-0.00127502
-0.000395839
-0.000434534
-0.0216954
0.000320838
8.59643e-05
8.72889e-05
-8.30245e-05
-0.000405245
-0.00016054
8.63118e-05
0.000372327
-0.000110737
6.06596e-05
5.05548e-05
-0.0215618
0.000158953
0.000837024
-0.00107191
-0.000422745
-0.000997074
-0.00144824
8.94135e-05
7.04385e-06
3.46788e-05
-5.79236e-05
0.000505345
-0.0215128
4.96853e-05
0.000930366
-0.02106
0.000103527
0.00175054
-0.0195043
7.28659e-05
0.00237344
-0.0157475
6.10849e-05
0.00265587
-0.0105228
7.18671e-05
0.0021555
-0.00529084
2.9897e-05
-0.000351674
-0.0216571
0.000356692
-0.00054767
-0.0212112
0.000397337
-0.00121031
-0.0194344
0.00027257
-0.00213699
-0.0155661
9.81629e-05
-0.00264588
-0.010307
-0.000253274
-0.00233454
-0.00505245
-0.000412656
0.00051231
-0.0212797
0.000109903
0.000866728
-0.0209795
0.000264166
0.00157077
-0.0195576
0.000339762
0.00226089
-0.015967
0.000205806
0.00259006
-0.0108033
8.03962e-05
0.00213321
-0.00538823
-0.00017971
-0.000325653
-0.0213582
0.00031615
-0.00063465
-0.0210797
0.000216546
-0.00135816
-0.0195662
1.70963e-05
-0.0024285
-0.0158871
-0.000230566
-0.00275813
-0.0106791
-0.00023139
-0.00250471
-0.0052595
-0.00014935
0.000683335
-0.0212317
0.000109567
0.00118069
-0.0204638
0.000212614
0.00192725
-0.018034
0.000190565
0.00237738
-0.0132276
0.000128871
0.00237774
-0.00794737
4.9226e-05
0.00168397
-0.00292418
-6.34456e-05
-0.000528012
-0.0213747
0.000319033
-0.000994625
-0.0205319
0.000243338
-0.0018181
-0.0177231
0.000106017
-0.00247232
-0.0132739
-0.000229566
-0.00248807
-0.00775153
-0.000213851
-0.0017161
-0.0031674
-0.000343658
0.000110943
-0.0212637
0.000215164
0.000185819
-0.0206208
0.000222603
0.000105199
-0.0181614
0.000100567
-2.21876e-05
-0.0134914
3.54744e-05
-0.000162703
-0.00792366
-7.67062e-05
-0.000325505
-0.00284725
-0.000119786
0.000165884
-0.0214774
0.000214745
0.000324654
-0.0207006
0.000213284
0.000215257
-0.0179338
6.52306e-05
5.31996e-05
-0.0132182
-2.25743e-05
-5.08993e-05
-0.00761955
-9.09628e-05
-0.000105274
-0.0027636
-0.000106557
-6.67296e-05
-0.00111138
-4.07581e-05
1.21775e-05
-0.000937507
6.33154e-06
1.9917e-05
-0.0216852
0.000184994
-0.00115097
-0.00131807
-6.86238e-05
-1.06936e-05
7.90347e-05
1.93727e-05
0.00101329
-0.00119404
-0.000183266
0.000562554
-0.0213814
6.19278e-05
0.000897015
-0.0210021
0.000169176
0.00158602
-0.0195129
0.000200121
0.00215206
-0.0159133
0.000137993
0.00250028
-0.0106531
9.17604e-05
0.00209291
-0.00535143
-1.31667e-05
-0.000440395
-0.0215094
0.000328069
-0.000742065
-0.0211109
0.000300544
-0.00136183
-0.0194334
0.000159443
-0.00226196
-0.0157295
-0.000124782
-0.00255732
-0.0104811
-0.000213788
-0.00223679
-0.00521907
-0.000242769
3.82409e-05
-0.0213214
0.000198976
0.000193393
-0.0211418
0.000226522
0.000182436
-0.0196928
0.000174633
-1.88288e-06
-0.0159755
1.22338e-05
-6.06241e-05
-0.0107438
-3.92629e-05
-0.000291925
-0.0052035
-0.000117128
9.4099e-05
-0.0216084
0.000187785
0.00023588
-0.0212183
0.000234257
0.000308154
-0.0196049
0.00016719
0.000110443
-0.0157297
8.19815e-05
1.89027e-05
-0.0104109
-6.35642e-05
-0.000100938
-0.00503438
-0.000102844
0.00083889
-0.00188205
-0.000141587
0.00159854
-0.0168821
0.000164471
