-0.00470489
0.0450759
0.000973505
0.00477898
0.0450622
0.0008153
0.000317936
0.000177427
8.10704e-05
-0.000163551
-3.67632e-05
-4.6064e-05
-0.00472997
0.0449122
0.000975127
0.00475849
0.04492
0.000805248
0.000147671
-6.77221e-06
-7.27231e-05
-0.000218483
0.000105394
9.67341e-05
-0.00467862
0.0368875
0.000934636
-0.00455042
0.0285968
0.000820554
-0.00420611
0.0203836
0.000567718
-0.00357851
0.013187
0.000299319
-0.00262646
0.00701926
0.000278143
-0.00152656
0.00254158
0.000136457
0.00479034
0.0368514
0.000801806
0.00475608
0.0285238
0.000807824
0.00447729
0.0205564
0.000859198
0.00387888
0.012773
0.000664535
0.00308182
0.00689575
0.000598039
0.00192832
0.00250314
0.000668412
-0.00472222
0.0367333
0.000948841
-0.00463098
0.0285141
0.000877337
-0.00438034
0.0203859
0.000729519
-0.00372693
0.0133914
0.000710127
-0.00274653
0.00704078
0.00054778
-0.00167514
0.00203818
0.000551792
0.00475521
0.0367228
0.000787194
0.0046706
0.0285002
0.000752444
0.00428204
0.0205724
0.000654139
0.00371513
0.012983
0.000397196
0.00309873
0.0069327
0.000277976
0.00177833
0.00270419
0.000195271
3.52468e-05
0.045071
0.00089012
-0.000789327
0.0010892
8.90334e-05
-0.00471198
0.0449948
0.000977669
0.00124199
0.00106383
0.000414795
0.00474262
0.0449914
0.000811226
-7.61771e-05
-9.74007e-05
9.5074e-05
0.000392229
0.00014246
-0.000103705
-0.000351644
7.96423e-05
-5.66753e-05
2.88957e-06
0.0449122
0.000885659
-0.000844506
0.000707824
0.000543842
0.000903121
0.00104416
-9.70247e-05
-2.44942e-05
-6.11502e-05
6.71393e-05
-0.00469915
0.0410006
0.000959412
-0.00463211
0.0327504
0.000889573
-0.00441183
0.0244856
0.000723844
-0.00409224
0.0164855
0.000477807
-0.00308172
0.00988019
0.000314616
-0.00213261
0.00456336
0.000244946
0.00478412
0.0409779
0.000801975
0.00478758
0.0326997
0.00080911
0.00467798
0.0244413
0.000808468
0.00423758
0.0166778
0.000814915
0.00348281
0.00972551
0.000627766
0.00258416
0.00444924
0.000595703
-0.00473196
0.0408386
0.000967842
-0.00469331
0.0326121
0.000920701
-0.0045427
0.024441
0.000821794
-0.00415263
0.0166206
0.000682879
-0.00319579
0.00997275
0.0005909
-0.00226093
0.00445448
0.000558008
0.00475878
0.0408351
0.000796438
0.00471528
0.0326141
0.000774629
0.00457598
0.0244166
0.000714447
0.00399607
0.0167606
0.000540768
0.00343604
0.00986068
0.000356261
0.00263411
0.00439553
0.000205402
-0.00468651
0.0368133
0.000938956
-0.00458654
0.0285789
0.000850245
-0.00430385
0.0204377
0.000666283
-0.0036074
0.0134147
0.00047302
-0.0026667
0.00706283
0.000379731
-0.00172078
0.00229011
0.000295255
0.00472955
0.0367813
0.00079522
0.00464849
0.0285155
0.000783659
0.00431203
0.0205656
0.000793956
0.00369077
0.012903
0.00048427
0.0029691
0.00695557
0.000412491
0.00177531
0.00266202
0.000431258
2.59615e-06
0.0367245
0.000861145
7.80159e-06
0.0284978
0.000801738
1.40883e-05
0.0203845
0.000675699
-3.29692e-06
0.0130985
0.000573546
0.000202373
0.00687265
0.000393608
0.000291169
0.00213324
0.00025874
6.1253e-05
0.0368624
0.000865995
0.000123423
0.0285244
0.000810016
0.000148908
0.0203989
0.000654063
4.84411e-05
0.0128218
0.000553476
0.000188934
0.00680291
0.000417001
0.000174885
0.00225774
0.000252743
0.000101152
0.00085927
0.000106652
-5.47547e-05
0.000550411
8.10349e-05
1.46659e-05
0.0449926
0.000891985
0.00114053
0.00103409
7.89959e-05
-7.62569e-06
-0.000109761
-2.30383e-05
-0.000993339
0.000846894
0.000292765
-0.0047047
0.0409232
0.000961277
-0.00465041
0.0326857
0.000904229
-0.00445865
0.0244764
0.000766031
-0.00412094
0.0165817
0.000568262
-0.0030887
0.0099979
0.000408185
-0.00221947
0.00452724
0.000355408
0.00473983
0.0408992
0.00080006
0.0046929
0.0326528
0.000793943
0.00454436
0.0244491
0.000770151
0.00398821
0.0166911
0.000626422
0.00336448
0.0098131
0.000480411
0.00247794
0.00449174
0.000374034
-3.31601e-06
0.0408363
0.00087806
1.40425e-05
0.0325874
0.000838139
1.97729e-05
0.0243962
0.0007532
-6.81114e-05
0.0166338
0.000552253
0.000130812
0.00981984
0.000453608
0.000295443
0.0042521
0.00035003
4.70859e-05
0.0409855
0.00088038
8.29799e-05
0.0327138
0.000843292
0.000146023
0.0244179
0.0007534
0.000102632
0.016573
0.00065385
0.000158624
0.00964639
0.000484653
0.000202361
0.0043228
0.000337784
-0.000890682
0.00133175
0.000307126
-0.00318858
0.0181811
0.000632971
