-0.00490176
0.0464932
0.000958895
0.0050023
0.0464773
0.000723098
0.00031871
0.000177601
8.08281e-05
-0.000163991
-3.75005e-05
-4.60116e-05
-0.00492113
0.0462509
0.000960954
0.00498753
0.0462594
0.00071131
0.000148383
-7.48665e-06
-7.4043e-05
-0.00021671
0.000102973
9.75476e-05
-0.00487067
0.0379363
0.000922126
-0.00472436
0.0292741
0.000804148
-0.0043422
0.0207238
0.000541767
-0.00366729
0.0133152
0.000272137
-0.00266161
0.00702733
0.00027017
-0.00153563
0.00252306
0.000137634
0.00501313
0.0378952
0.000713544
0.00496614
0.0291949
0.000725495
0.00464583
0.0209199
0.000791497
0.00398436
0.0128754
0.000598244
0.003131
0.00690957
0.000553936
0.00194013
0.00249409
0.000650289
-0.0049107
0.0377032
0.00093893
-0.004802
0.0291171
0.000868505
-0.00451693
0.0206572
0.000719169
-0.00380586
0.0134716
0.000711672
-0.0027672
0.00699922
0.000550237
-0.00167561
0.00198321
0.000555628
0.00498286
0.0376898
0.000695474
0.00488407
0.0291005
0.0006612
0.0044489
0.0208641
0.000564966
0.00382775
0.0130333
0.000309846
0.00316465
0.00689804
0.000219569
0.00180129
0.00266368
0.000168698
4.77833e-05
0.0464872
0.000835996
-0.00079116
0.0010754
9.02545e-05
-0.00490523
0.0463729
0.000963692
0.00124495
0.0010569
0.000404236
0.00496556
0.0463688
0.000717995
-7.82347e-05
-9.85046e-05
9.62736e-05
0.000393999
0.000142786
-0.000105954
-0.000351156
7.72868e-05
-5.57669e-05
2.07354e-05
0.0462505
0.000831026
-0.00084366
0.000676743
0.000547124
0.000909703
0.00101719
-0.000112709
-2.30488e-05
-6.41794e-05
6.65499e-05
-0.00489483
0.042236
0.000946611
-0.00481691
0.0336121
0.000875649
-0.00456928
0.0249899
0.000704363
-0.00421831
0.0166945
0.000454655
-0.00313808
0.00993117
0.000298879
-0.00215279
0.00455053
0.000243227
0.00500771
0.0422095
0.000711361
0.00500652
0.0335559
0.00072378
0.00487326
0.0249446
0.000730304
0.00437766
0.0169062
0.000751783
0.00355618
0.00977656
0.000571797
0.00261266
0.00444401
0.000563797
-0.00492314
0.0419952
0.000956549
-0.00487548
0.0333951
0.000911745
-0.00469962
0.024873
0.000813641
-0.00426562
0.016771
0.000676129
-0.00323809
0.009971
0.000591194
-0.00226833
0.00439812
0.00056324
0.00498777
0.0419901
0.000704272
0.00493665
0.0333955
0.00068294
0.00477558
0.0248463
0.000623893
0.00413302
0.016923
0.000451571
0.00352542
0.00985984
0.000283877
0.00267753
0.00434833
0.000161264
-0.00487523
0.0378232
0.000927122
-0.00475985
0.0292217
0.0008371
-0.00444408
0.0207484
0.000649983
-0.00369318
0.0135267
0.000458801
-0.00269758
0.00704727
0.000376853
-0.00173013
0.002252
0.000300644
0.00494943
0.0377866
0.000704871
0.00485364
0.0291522
0.000696774
0.00447555
0.0208934
0.00071892
0.00379612
0.0129816
0.000404411
0.00302761
0.00694443
0.000362032
0.0017947
0.00263816
0.000410732
2.14542e-05
0.0376921
0.000809596
2.98778e-05
0.0290972
0.000750403
3.61809e-05
0.0206557
0.000625516
1.58705e-05
0.0131567
0.000534332
0.00022597
0.00682884
0.000365782
0.000303983
0.00208165
0.000246097
7.72043e-05
0.0379072
0.000815357
0.000143869
0.0291934
0.000760919
0.000166192
0.020743
0.000601859
5.153e-05
0.0129256
0.000512899
0.000194983
0.00680724
0.000391181
0.000175629
0.00223989
0.000243351
9.97552e-05
0.000847385
0.00010394
-5.05313e-05
0.000518493
7.65249e-05
2.93117e-05
0.0463703
0.000838271
0.00114924
0.00101792
6.73193e-05
-8.56586e-06
-0.000113302
-2.34331e-05
-0.000996311
0.000821185
0.000297637
-0.00489654
0.0421197
0.000948703
-0.00483314
0.0335086
0.000892289
-0.00461606
0.024946
0.000751165
-0.00424432
0.0167619
0.000551774
-0.00313973
0.010027
0.000398451
-0.00223715
0.00449244
0.000358178
0.00496225
0.0420919
0.000708542
0.00490624
0.0334717
0.000704963
0.00473458
0.0249183
0.000686342
0.00411906
0.0168845
0.000545083
0.00344576
0.00983844
0.000417005
0.0025163
0.00446449
0.000337465
1.39399e-05
0.0419921
0.000825701
3.54045e-05
0.0333659
0.000787363
4.32976e-05
0.0248223
0.000702762
-5.36666e-05
0.0167853
0.000500424
0.00015643
0.00981197
0.000417539
0.000315021
0.00419512
0.000330936
6.12969e-05
0.0422184
0.000828584
0.000100894
0.0335705
0.000792998
0.000166375
0.0249158
0.000703703
0.000112614
0.01679
0.000610825
0.000166693
0.00968751
0.000450644
0.000205875
0.00430881
0.000320359
-0.000891024
0.00129091
0.000308702
-0.00327916
0.0183915
0.000609956
