-0.00509605
0.0478813
0.000938782
0.00522165
0.0478633
0.000638074
0.000319298
0.000177646
8.06302e-05
-0.000164503
-3.82241e-05
-4.60644e-05
-0.00511114
0.047573
0.0009413
0.00521112
0.0475822
0.000624603
0.000149128
-8.1391e-06
-7.53532e-05
-0.000214865
0.000100606
9.82628e-05
-0.00506023
0.0389618
0.000903029
-0.00489615
0.0299344
0.000780529
-0.00447685
0.0210528
0.000508783
-0.00375522
0.0134364
0.000238347
-0.00269679
0.00703167
0.000256775
-0.00154506
0.00250294
0.000135809
0.00523195
0.0389157
0.000631117
0.00517236
0.029849
0.000647425
0.0048111
0.0212718
0.000726397
0.00408743
0.0129712
0.000533535
0.00317845
0.00691959
0.000510267
0.00195089
0.00248315
0.000632064
-0.00509802
0.0386624
0.000922425
-0.00497193
0.0297146
0.00085241
-0.00465255
0.0209277
0.000701655
-0.00388425
0.0135531
0.000706268
-0.00278761
0.00696027
0.000547245
-0.00167551
0.00193032
0.000556701
0.00520518
0.038646
0.000609665
0.00509273
0.0296951
0.000574391
0.00461199
0.0211544
0.000478736
0.00393776
0.0130851
0.000224453
0.00322926
0.00686526
0.000161949
0.00182401
0.00262483
0.000142405
5.96212e-05
0.0478743
0.00078273
-0.000793326
0.00106091
8.99993e-05
-0.00509661
0.0477282
0.00094422
0.00124725
0.00104901
0.000393628
0.00518388
0.0477234
0.000631959
-8.05003e-05
-9.97429e-05
9.72802e-05
0.000395618
0.000143022
-0.000108015
-0.000350654
7.50445e-05
-5.49615e-05
3.64578e-05
0.0475723
0.000777287
-0.000842322
0.000646848
0.000549022
0.000916374
0.000991302
-0.00012812
-2.14791e-05
-6.7073e-05
6.58717e-05
-0.00508796
0.0434451
0.000927724
-0.00499937
0.0344536
0.000854766
-0.00472489
0.0254801
0.000677608
-0.00434296
0.016895
0.000424376
-0.00319411
0.00997702
0.000276969
-0.00217324
0.00453514
0.000237154
0.00522733
0.0434149
0.000627297
0.00522151
0.034392
0.0006435
0.00506488
0.0254338
0.000655603
0.00451485
0.0171255
0.000690736
0.00362754
0.00982249
0.000516747
0.00263973
0.00443607
0.000532035
-0.00511314
0.0431382
0.000939165
-0.0050565
0.0341701
0.000895797
-0.00485548
0.0253019
0.000798129
-0.00437779
0.0169221
0.000662133
-0.00328018
0.00997159
0.000585216
-0.00227531
0.00434423
0.000564141
0.00521136
0.0431315
0.000618704
0.00515295
0.0341687
0.000596441
0.00497078
0.0252726
0.000537048
0.00426679
0.0170856
0.000364824
0.00361284
0.00986074
0.000212742
0.00272025
0.00430297
0.000117679
-0.00506214
0.038816
0.000908705
-0.00493151
0.0298532
0.000816698
-0.00458305
0.021053
0.000626456
-0.00377827
0.0136359
0.000437836
-0.00272833
0.00703117
0.000368468
-0.0017394
0.00221417
0.000302989
0.00516477
0.0387748
0.000620378
0.00505454
0.0297777
0.000614186
0.00463556
0.0212147
0.000646556
0.00389908
0.0130578
0.000326294
0.00308453
0.00693262
0.000312104
0.00181345
0.00261409
0.000390286
3.82536e-05
0.0386489
0.000757739
5.00982e-05
0.0296911
0.000697729
5.68252e-05
0.0209258
0.000573224
3.38684e-05
0.0132165
0.000492684
0.000248952
0.00678731
0.0003357
0.000316894
0.00203197
0.000232315
9.23984e-05
0.0389288
0.000764358
0.000163424
0.0298456
0.000710371
0.000182529
0.0210758
0.000547504
5.40138e-05
0.0130228
0.00046959
0.000200255
0.00680789
0.000362858
0.000175679
0.0022203
0.000232481
9.78214e-05
0.000834653
0.000100425
-4.60297e-05
0.000487791
7.13564e-05
4.2557e-05
0.0477251
0.000785428
0.0011576
0.00100161
5.58471e-05
-9.43839e-06
-0.000116744
-2.37402e-05
-0.000999133
0.000795982
0.000300937
-0.00508654
0.0432963
0.000930055
-0.00501412
0.0343175
0.000873362
-0.00477203
0.025407
0.000728965
-0.0043666
0.0169381
0.000528135
-0.00319045
0.0100546
0.000382453
-0.00225477
0.00445763
0.000356515
0.00518007
0.0432646
0.000623587
0.00511518
0.0342765
0.000621066
0.00492081
0.0253789
0.000606043
0.00424702
0.0170736
0.000466028
0.00352504
0.00986237
0.000354583
0.00255346
0.00443702
0.000301179
2.91038e-05
0.0431341
0.000773616
5.4763e-05
0.0341364
0.000735725
6.51249e-05
0.0252452
0.000650538
-4.03902e-05
0.0169372
0.000446394
0.000181075
0.00980622
0.000379019
0.000334347
0.00414032
0.000310021
7.47808e-05
0.043425
0.000777023
0.000118008
0.0344071
0.000741791
0.000185803
0.0253996
0.000652134
0.00012176
0.0169982
0.000565324
0.000174023
0.00972364
0.000413946
0.000208616
0.00429222
0.000300844
-0.000891076
0.0012512
0.00030841
-0.00336928
0.0186002
0.000581046
