-0.00565702
0.0518382
0.000839381
0.00584509
0.0518144
0.000427592
0.000320551
0.000177381
8.05194e-05
-0.000166833
-4.03008e-05
-4.69947e-05
-0.00566638
0.0514155
0.000843405
0.00583975
0.0514265
0.000409524
0.000151863
-9.65025e-06
-7.92873e-05
-0.000209515
9.429e-05
9.99612e-05
-0.00560783
0.0418813
0.000801576
-0.00539348
0.0318112
0.00066365
-0.00486955
0.0219844
0.000367065
-0.00401408
0.0137751
9.80583e-05
-0.00280553
0.00703741
0.000184313
-0.00157848
0.00244071
0.000112247
0.00585379
0.0418212
0.000421577
0.00575818
0.0317086
0.00044258
0.00528032
0.0222684
0.00055091
0.00437975
0.0132373
0.000353982
0.00331175
0.0069411
0.000386019
0.00197956
0.00244567
0.000579583
-0.00564537
0.0414657
0.000828532
-0.00546873
0.0314804
0.000757305
-0.0050494
0.0217525
0.000604569
-0.00411598
0.0138272
0.00064733
-0.00285068
0.00687864
0.000505398
-0.00167502
0.00179421
0.000543888
0.00583083
0.0414398
0.000390685
0.00568139
0.0314507
0.000345018
0.00507333
0.0220336
0.000243362
0.00425025
0.0132725
-1.35308e-05
0.00341626
0.00679703
-1.32506e-06
0.00189285
0.0025284
6.7863e-05
8.88514e-05
0.0518284
0.000625873
-0.000803665
0.00101726
8.03714e-05
-0.00565248
0.0516285
0.000846766
0.0012525
0.00102264
0.000363339
0.00580118
0.0516217
0.000418608
-8.863e-05
-0.000104385
9.92176e-05
0.000400264
0.000143501
-0.000113043
-0.000349895
6.94335e-05
-5.33436e-05
7.01097e-05
0.0514139
0.000619271
-0.000837139
0.000568975
0.000547175
0.000938521
0.000925282
-0.00017153
-1.61496e-05
-7.47763e-05
6.34827e-05
-0.00564559
0.0468897
0.000829133
-0.0055269
0.0368475
0.000746636
-0.00517668
0.0268718
0.000551957
-0.00470634
0.0174611
0.000290666
-0.00336226
0.0101008
0.00017464
-0.00223954
0.0044853
0.000192889
0.00585149
0.046849
0.000416555
0.00583238
0.0367706
0.000436248
0.00560899
0.0268227
0.000456522
0.00490439
0.0177439
0.000524569
0.00382937
0.0099462
0.000361819
0.00271473
0.00440677
0.00044116
-0.00566832
0.0464677
0.000844961
-0.00558548
0.0364457
0.000801939
-0.00531116
0.026583
0.000704957
-0.00470685
0.017401
0.000575505
-0.00340739
0.0100095
0.000529179
-0.00229749
0.00421285
0.00054092
0.0058402
0.046456
0.00040385
0.00576243
0.0364372
0.000371824
0.0055224
0.0265442
0.000303871
0.00464577
0.0175957
0.000125473
0.00386298
0.00989556
1.2527e-05
0.00284624
0.00419245
-5.84653e-06
-0.00560519
0.041679
0.000809269
-0.00543084
0.0316816
0.000709013
-0.0049887
0.0219458
0.000511331
-0.00402919
0.0139649
0.000334394
-0.00282268
0.00699684
0.000310278
-0.00176981
0.00211145
0.000291648
0.00577381
0.0416248
0.000404922
0.00562304
0.0315892
0.000396359
0.00508875
0.0221535
0.000450218
0.00419169
0.0132932
0.000108377
0.00324659
0.00690975
0.000169937
0.00186793
0.00254902
0.000332007
7.54669e-05
0.041445
0.000599464
9.85359e-05
0.0314456
0.000532382
0.000108932
0.0217485
0.000405749
7.97804e-05
0.0134274
0.000355594
0.000312985
0.00669592
0.000234201
0.000356011
0.00190441
0.000185558
0.00013114
0.0418374
0.000608261
0.00021424
0.0316998
0.000550496
0.00022369
0.0220186
0.000373705
5.68409e-05
0.0132929
0.000325758
0.000210578
0.00680265
0.000265007
0.000171532
0.00215814
0.000192145
8.88709e-05
0.000794541
8.54979e-05
-3.11829e-05
0.000407457
5.23823e-05
7.24914e-05
0.0516242
0.000629889
0.00118237
0.000955888
2.39067e-05
-1.15625e-05
-0.000126367
-2.41023e-05
-0.00100864
0.00072792
0.000301539
-0.00563842
0.0466848
0.00083224
-0.00554015
0.0366542
0.000770796
-0.00522653
0.0267476
0.000616327
-0.00472421
0.0174616
0.000413817
-0.00334259
0.0101481
0.00029697
-0.00231045
0.00436675
0.000324831
0.00579605
0.0466425
0.000410326
0.00570628
0.036601
0.000403437
0.00544786
0.0267178
0.000390865
0.00460989
0.0176322
0.000248257
0.00375047
0.00994488
0.000178365
0.00265957
0.00436611
0.000197595
6.13078e-05
0.046461
0.000617429
9.98166e-05
0.0363985
0.000575507
0.000119217
0.026508
0.000484526
-8.24126e-06
0.0174173
0.000273869
0.000247702
0.0098239
0.00025134
0.000390072
0.00400413
0.000238206
0.000108676
0.0468627
0.000622116
0.00016214
0.036787
0.000582526
0.000236093
0.0267732
0.000487482
0.000142609
0.0175848
0.000416134
0.000190404
0.0098195
0.000290144
0.000211739
0.00423815
0.000231445
-0.000891218
0.00114602
0.000296694
-0.00363477
0.0192366
0.000458866
