-0.00600636
0.0542736
0.000735729
0.00622216
0.0542466
0.000324991
0.000321545
0.000177223
8.10439e-05
-0.000169356
-4.15992e-05
-4.83629e-05
-0.00601662
0.0538499
0.000740842
0.00621521
0.053862
0.000304343
0.000154359
-1.02265e-05
-8.19668e-05
-0.00020668
9.11363e-05
0.000100866
-0.00594925
0.0436818
0.000693582
-0.00570511
0.0329753
0.000545624
-0.00511942
0.0225712
0.000237372
-0.00418261
0.0139962
-2.6113e-05
-0.00288334
0.00704948
0.000110379
-0.00160759
0.00240502
8.20127e-05
0.00622982
0.0436135
0.000315008
0.00611245
0.0328626
0.000333199
0.00556482
0.0228937
0.000453737
0.00455844
0.0134145
0.000250874
0.00339448
0.00696182
0.000312745
0.00199839
0.00242316
0.000549152
-0.00599064
0.043263
0.000725238
-0.00578274
0.0326397
0.000652656
-0.00530149
0.0223299
0.00050218
-0.00426718
0.0140536
0.000572561
-0.00289715
0.00687101
0.000450949
-0.00167756
0.00173115
0.000523054
0.00620509
0.0432306
0.000278624
0.00603525
0.0326021
0.00022126
0.00535299
0.0226419
0.000110529
0.00444256
0.0134451
-0.000151318
0.0035363
0.0067935
-9.76553e-05
0.00194123
0.00248999
2.43311e-05
0.000101478
0.0542623
0.000521663
-0.00081535
0.000991725
6.68746e-05
-0.00600087
0.0540639
0.000744396
0.00125683
0.00100579
0.00034619
0.00617243
0.0540559
0.000314296
-9.51917e-05
-0.000108341
9.97132e-05
0.00040385
0.000143921
-0.000115442
-0.000350759
6.70031e-05
-5.30759e-05
8.0901e-05
0.0538477
0.00051454
-0.000834416
0.000531045
0.000540643
0.000956487
0.000895555
-0.000196996
-1.22202e-05
-7.89651e-05
6.17766e-05
-0.00599294
0.0490114
0.000724205
-0.00585648
0.0383269
0.000633948
-0.00546146
0.0277396
0.000429612
-0.00493774
0.0178247
0.000166746
-0.0034762
0.0101881
7.7448e-05
-0.00229074
0.00446014
0.000142615
0.00622895
0.0489645
0.000311743
0.00620172
0.0382409
0.000328255
0.00593816
0.027689
0.000347848
0.00514136
0.0181374
0.000431627
0.00395369
0.0100329
0.000271362
0.00276194
0.00439281
0.000387658
-0.00601847
0.0485876
0.000742764
-0.00591933
0.0379191
0.000698005
-0.00559957
0.0274432
0.000602508
-0.00491746
0.0177611
0.000480486
-0.00349472
0.0100844
0.000460716
-0.00231666
0.00416426
0.000504729
0.00621604
0.0485725
0.000296725
0.00612793
0.0379047
0.000253729
0.00585519
0.0273967
0.000175206
0.00487699
0.0179729
-1.13761e-05
0.0040195
0.00996508
-0.000104779
0.00293037
0.00415312
-7.84814e-05
-0.00594583
0.0434788
0.000702559
-0.00574498
0.0328474
0.00059654
-0.00524613
0.022537
0.000397293
-0.00419244
0.0142025
0.000232666
-0.00288984
0.00700143
0.000245004
-0.00179485
0.00206015
0.000269296
0.0061403
0.0434168
0.000294769
0.00596573
0.0327449
0.000279093
0.00536331
0.0227711
0.0003404
0.00437156
0.0134747
-1.79116e-05
0.00334833
0.00692026
8.56689e-05
0.00190476
0.00251931
0.000298199
8.88515e-05
0.0432376
0.000490825
0.000119984
0.0325971
0.000416668
0.000134759
0.0223235
0.000287321
0.000102961
0.013615
0.000256747
0.000350597
0.00668008
0.000159784
0.000382215
0.0018461
0.000151496
0.000149424
0.0436314
0.000500686
0.000239457
0.0328507
0.000437502
0.000242738
0.022612
0.000251073
5.40712e-05
0.0134725
0.000221021
0.000212243
0.00680736
0.000191564
0.000165196
0.00212057
0.000160255
8.04527e-05
0.000769244
7.25141e-05
-2.05151e-05
0.000367641
3.74601e-05
8.33128e-05
0.0540589
0.000526581
0.00120025
0.000931727
5.87554e-06
-1.24922e-05
-0.000132106
-2.38553e-05
-0.00101762
0.000692904
0.000294631
-0.00598438
0.0488066
0.000727869
-0.00587047
0.0381318
0.000661435
-0.00551366
0.0276143
0.000501827
-0.00495236
0.0178238
0.000302017
-0.00344556
0.0102369
0.000209947
-0.00235277
0.00432991
0.000282253
0.0061666
0.0487578
0.000304012
0.00606227
0.038071
0.00028915
0.00576599
0.0275832
0.000272415
0.00483112
0.0180141
0.000124085
0.00389018
0.0100265
7.48064e-05
0.00272756
0.00434016
0.000136357
7.13616e-05
0.0485792
0.000511846
0.000118408
0.0378632
0.000464081
0.000145016
0.0273561
0.000367398
6.48071e-06
0.017777
0.000153007
0.0002849
0.00988473
0.000159006
0.000424723
0.00395035
0.000184944
0.000124077
0.0489804
0.000517105
0.000183583
0.0382581
0.000471428
0.000260869
0.0276302
0.00037069
0.000149706
0.0179593
0.000308413
0.000195691
0.00988964
0.000198958
0.000209284
0.00420925
0.000178192
-0.000892898
0.00109388
0.000280589
-0.00380543
0.0196867
0.000348573
