-0.0061718
0.0554229
0.000671638
0.00639658
0.0553944
0.000284862
0.000322252
0.000177248
8.15361e-05
-0.000170982
-4.22216e-05
-4.92918e-05
-0.00618358
0.0550221
0.000677315
0.00638766
0.0550346
0.000263099
0.000155874
-1.03723e-05
-8.33368e-05
-0.000205638
8.99807e-05
0.000101293
-0.00611113
0.0445344
0.000626779
-0.00585355
0.0335314
0.000474381
-0.00524004
0.0228577
0.000162381
-0.00426564
0.0141098
-9.65739e-05
-0.0029245
0.00706192
6.63745e-05
-0.00162483
0.00239092
6.28673e-05
0.00640373
0.0444624
0.000271824
0.00627635
0.0334141
0.000287132
0.00569695
0.0231977
0.0004118
0.00464242
0.0135078
0.00020541
0.00343444
0.00697782
0.000280036
0.00200848
0.00241439
0.000536068
-0.00615525
0.0441372
0.000660637
-0.00593275
0.0332149
0.00058762
-0.00542257
0.0226309
0.000439832
-0.00434161
0.0141848
0.000524899
-0.00292245
0.00688568
0.000416287
-0.00168051
0.00171016
0.000509398
0.00637721
0.0441016
0.000232989
0.00619869
0.033173
0.00016875
0.00548332
0.0229565
5.24035e-05
0.00453364
0.0135511
-0.000212506
0.00359526
0.00680864
-0.000140856
0.00196667
0.00248087
5.10975e-06
0.000105391
0.0554108
0.000469084
-0.000823018
0.000981036
5.81753e-05
-0.00616642
0.0552248
0.000680931
0.00125987
0.000998409
0.00033902
0.00634366
0.0552163
0.000273389
-9.8809e-05
-0.000110593
9.97612e-05
0.000405969
0.000144243
-0.000116364
-0.000351796
6.62747e-05
-5.32176e-05
8.28157e-05
0.0550197
0.000461783
-0.000833742
0.000517308
0.000536128
0.000966793
0.00088613
-0.000208385
-1.01866e-05
-8.07462e-05
6.09427e-05
-0.00615748
0.0500139
0.000659091
-0.00601302
0.0390297
0.000564959
-0.00559782
0.0281574
0.000356952
-0.0050496
0.0180068
9.4939e-05
-0.00353415
0.0102377
2.09059e-05
-0.00231917
0.00445303
0.000111759
0.00640354
0.0499644
0.000270059
0.00637252
0.0389397
0.000283618
0.00609058
0.028106
0.000301355
0.00525192
0.0183325
0.000391361
0.00401281
0.010082
0.000231108
0.00278539
0.00439028
0.000363973
-0.00618537
0.0496127
0.000678931
-0.00607859
0.0386417
0.000633074
-0.00573757
0.0278777
0.000539065
-0.00501934
0.0179584
0.000422101
-0.00353955
0.0101418
0.000417652
-0.00232843
0.00415514
0.000480908
0.00638875
0.0495959
0.000254036
0.00629638
0.0386242
0.00020459
0.00600943
0.027827
0.000119752
0.00498553
0.0181774
-7.16942e-05
0.00409473
0.0100187
-0.00015723
0.00297301
0.00414709
-0.000110887
-0.00610782
0.0443428
0.000636367
-0.00589479
0.0334148
0.000527838
-0.0053699
0.0228351
0.000329344
-0.00427268
0.0143314
0.00017258
-0.00292531
0.00701613
0.000205015
-0.00180948
0.0020418
0.000254005
0.00630941
0.0442771
0.000249932
0.00612415
0.0333078
0.000229394
0.005491
0.0230807
0.000292646
0.00445656
0.013578
-7.4018e-05
0.00339762
0.00693726
4.7811e-05
0.00192389
0.00251058
0.0002835
9.21111e-05
0.0441096
0.000435319
0.00012739
0.0331683
0.000357331
0.000144908
0.0226231
0.000226681
0.000112228
0.0137282
0.000205921
0.000367666
0.00669015
0.000121397
0.000395303
0.00182722
0.000134116
0.000155893
0.0444811
0.000445584
0.000248965
0.0334008
0.000379211
0.000249304
0.0229016
0.000188373
5.1118e-05
0.013567
0.000166866
0.000211387
0.00681607
0.000153217
0.000161003
0.00210479
0.000143303
7.55874e-05
0.000757865
6.53383e-05
-1.5056e-05
0.000352833
2.95299e-05
8.58284e-05
0.0552195
0.000474452
0.00121004
0.00092251
-1.83281e-06
-1.27931e-05
-0.000134753
-2.35818e-05
-0.00102337
0.000679548
0.000289194
-0.00614881
0.0498208
0.000663041
-0.00602771
0.0388451
0.000593956
-0.00565111
0.0280417
0.000432757
-0.00506258
0.0180135
0.000235922
-0.00349786
0.0102939
0.000158083
-0.0023762
0.00432188
0.000254997
0.00633754
0.0497693
0.000261644
0.00622668
0.0387808
0.000241615
0.00591333
0.0280099
0.000221423
0.00493476
0.0182124
6.94696e-05
0.00395687
0.01008
2.84378e-05
0.00276125
0.00433668
0.000109024
7.29864e-05
0.0496034
0.00045819
0.00012422
0.0385817
0.000406922
0.000154737
0.0277848
0.000307279
1.18402e-05
0.0179738
9.16746e-05
0.000301104
0.00993497
0.000111589
0.000441157
0.00393801
0.000157405
0.000129245
0.0499811
0.000463644
0.00019146
0.0389572
0.000414336
0.000270129
0.0280431
0.000310558
0.000150913
0.0181458
0.000252788
0.000196433
0.00993118
0.000151667
0.000206665
0.00419987
0.000150166
-0.000894637
0.00107483
0.00027036
-0.00388816
0.019924
0.000285215
