-0.00633034
0.0565236
0.000599094
0.00656065
0.0564939
0.000251967
0.000323164
0.000177383
8.21996e-05
-0.000172877
-4.28263e-05
-5.03882e-05
-0.00634421
0.0561615
0.000605343
0.00654913
0.0561743
0.000229215
0.000157588
-1.04197e-05
-8.47318e-05
-0.000204904
8.91431e-05
0.000101721
-0.0062664
0.0453539
0.000551307
-0.00599649
0.0340702
0.000395052
-0.00535746
0.0231411
8.09406e-05
-0.00434782
0.0142272
-0.000172146
-0.00296738
0.00708016
1.80665e-05
-0.00164407
0.00238008
4.12418e-05
0.00656728
0.0452784
0.000235291
0.00643057
0.0339488
0.00024687
0.00582177
0.023497
0.00037448
0.00472265
0.0136063
0.000164391
0.00347365
0.00699903
0.000250347
0.00201933
0.00240797
0.000524704
-0.00631363
0.0449939
0.000587247
-0.00607733
0.0337874
0.000514122
-0.00553983
0.0229417
0.000370253
-0.00441513
0.0143297
0.00047068
-0.00294939
0.00691423
0.000377003
-0.00168487
0.00169698
0.000493824
0.00653853
0.0449551
0.000194222
0.00635246
0.0337411
0.0001226
0.00560693
0.0232794
1.28767e-07
0.00462127
0.0136722
-0.000268051
0.00365366
0.00683661
-0.000180296
0.00199313
0.00247927
-1.21504e-05
0.000107614
0.0565109
0.00041595
-0.000832032
0.000972113
4.82805e-05
-0.00632537
0.0563451
0.000608998
0.00126373
0.000992045
0.000332979
0.00650444
0.0563361
0.000239772
-0.000102641
-0.00011303
9.96955e-05
0.000408374
0.00014467
-0.000117109
-0.000353307
6.59023e-05
-5.35525e-05
8.24738e-05
0.0561588
0.000408529
-0.000833708
0.00050741
0.000530943
0.000978108
0.00088073
-0.000218763
-8.12656e-06
-8.23105e-05
6.01434e-05
-0.00631519
0.0509755
0.000585334
-0.00616342
0.0397075
0.0004875
-0.0057297
0.0285652
0.000276817
-0.00515866
0.0181906
1.69522e-05
-0.00359291
0.010293
-4.04958e-05
-0.00234972
0.00445072
7.73996e-05
0.00656774
0.0509234
0.000235378
0.00653316
0.0396136
0.000245203
0.00623414
0.0285132
0.000260226
0.0053568
0.0185282
0.000355491
0.00406997
0.0101365
0.000194581
0.00280904
0.00439181
0.000342696
-0.00634591
0.0506125
0.000606386
-0.0062319
0.0393544
0.000559424
-0.00587078
0.028316
0.000467574
-0.00511861
0.0181688
0.000356737
-0.00358526
0.0102142
0.00036904
-0.00234198
0.00415736
0.000453565
0.00655052
0.050594
0.000218459
0.00645456
0.0393335
0.00016208
0.00615496
0.0282609
7.04336e-05
0.00508917
0.0183943
-0.00012618
0.00416798
0.0100868
-0.000205056
0.00301624
0.00415135
-0.000140308
-0.00626346
0.0451813
0.000561479
-0.00603908
0.0339721
0.000450868
-0.00548991
0.0231362
0.000254357
-0.0043519
0.0144687
0.000106736
-0.00296226
0.00704064
0.00016049
-0.00182576
0.0020291
0.000236173
0.00646828
0.0451123
0.000211852
0.00627324
0.0338609
0.000185736
0.00561184
0.0233923
0.000249895
0.00453818
0.0136914
-0.000124963
0.00344599
0.00696359
1.32277e-05
0.0019437
0.00250668
0.000270541
9.31376e-05
0.044964
0.00037892
0.000132613
0.0337369
0.000297079
0.000153227
0.0229323
0.000165355
0.000119952
0.0138561
0.000154529
0.000383519
0.00671381
8.26095e-05
0.000408361
0.00181596
0.000116733
0.000160462
0.0452979
0.0003895
0.000256246
0.0339342
0.000319785
0.000253759
0.0231878
0.000125033
4.70769e-05
0.0136666
0.000111914
0.000209383
0.00683054
0.000114173
0.000156163
0.00209171
0.000125913
7.03299e-05
0.000747659
5.78174e-05
-9.55873e-06
0.000341759
2.1387e-05
8.64063e-05
0.0563395
0.000421763
0.00122057
0.000915563
-8.54485e-06
-1.29786e-05
-0.000137245
-2.32087e-05
-0.00103012
0.000669333
0.000282555
-0.00630671
0.0508019
0.000589575
-0.00617892
0.039541
0.00051789
-0.00578392
0.0284661
0.000355953
-0.00516992
0.0182108
0.000163372
-0.00355081
0.010361
0.000101055
-0.00240141
0.00432199
0.000224059
0.00649808
0.0507477
0.000226327
0.00638126
0.0394732
0.000200488
0.0060522
0.0284334
0.000176094
0.0050335
0.0184171
2.02156e-05
0.00402147
0.0101438
-1.38716e-05
0.00279492
0.00434065
8.42417e-05
7.24112e-05
0.0506024
0.000403782
0.000127746
0.0392904
0.000348776
0.000162353
0.0282174
0.000246288
1.59139e-05
0.0181835
3.01081e-05
0.000315657
0.0100003
6.37483e-05
0.000456954
0.00393659
0.000129579
0.000132622
0.0509411
0.000409371
0.000197303
0.0396314
0.000356193
0.000277143
0.0284464
0.00024943
0.000150471
0.0183336
0.000196307
0.000195849
0.00997883
0.000103653
0.000203132
0.00419501
0.000121531
-0.000897134
0.00106102
0.00025885
-0.00396886
0.0201711
0.000216673
