-1.30411e-07
-0.0029402
-1.19967e-07
-3.54092e-07
-0.00294021
2.93994e-08
-0.000137049
-0.000108882
-2.71058e-05
9.11313e-05
-3.7139e-05
3.02832e-05
4.13879e-08
-0.00294005
-1.1132e-07
2.95978e-08
-0.00294
-1.0328e-07
-9.06278e-05
-3.75529e-05
3.40943e-05
0.000115797
-9.90776e-05
-2.70497e-05
-1.43182e-07
-0.00294028
-6.25537e-08
4.71726e-08
-0.00294106
-2.48448e-07
3.73779e-06
-0.00294593
-2.11037e-06
3.82229e-05
-0.00293544
-6.13025e-06
0.000146424
-0.00289358
-2.05482e-06
0.000415238
-0.00251325
-5.97029e-05
-6.0173e-07
-0.00294026
2.37095e-07
-1.75353e-06
-0.00294146
9.49811e-07
-8.43773e-06
-0.00294193
6.6452e-06
-3.22758e-05
-0.00297015
1.17274e-05
-0.000101314
-0.00293864
2.94412e-05
-0.000316944
-0.00239344
4.06729e-06
5.39405e-08
-0.00294012
-4.72535e-08
5.19703e-07
-0.00294063
2.56798e-08
3.68989e-06
-0.002946
8.76488e-07
2.8441e-05
-0.002936
1.55609e-05
0.000107159
-0.00291317
2.9014e-05
0.000249765
-0.00248486
3.93095e-06
-5.87631e-08
-0.00294005
-1.46598e-07
-5.77652e-07
-0.00294053
-3.41671e-07
-9.27384e-06
-0.00294045
-8.33067e-07
-3.4743e-05
-0.00295491
-6.51552e-06
-0.000121847
-0.00293371
-1.26732e-05
-0.000387095
-0.00242638
-4.7803e-05
-2.45248e-07
-0.00294021
-4.29583e-08
0.000431628
-0.00166317
-0.000107178
2.06205e-08
-0.00294011
-9.01515e-08
-0.000376259
-0.00141688
-0.000114762
-3.48539e-07
-0.0029401
-2.85277e-08
1.77162e-05
-6.01123e-05
-1.99494e-05
-0.000178113
-0.000125999
7.41358e-06
0.000175793
-0.000123595
4.08647e-06
-8.24177e-08
-0.00294006
-1.12238e-07
0.000240317
-0.00143469
-5.20339e-05
-0.000439099
-0.00160831
-8.62287e-05
5.83132e-07
-7.68114e-05
-1.39541e-05
-1.33563e-07
-0.00294017
-6.76249e-08
-1.14139e-07
-0.0029405
-1.16831e-07
8.95582e-07
-0.00294204
-5.75362e-07
5.93071e-06
-0.00295493
-2.73699e-06
7.82561e-05
-0.00292872
-1.39282e-07
0.000259691
-0.00279104
-1.26914e-05
-4.11343e-07
-0.00294019
1.10488e-07
-9.84905e-07
-0.00294052
4.87863e-07
-3.27931e-06
-0.00294263
2.12803e-06
-1.58116e-05
-0.00294655
9.82109e-06
-5.74692e-05
-0.0029658
1.99625e-05
-0.000186212
-0.00280378
3.61849e-05
2.51746e-08
-0.00294004
-4.58254e-08
1.623e-07
-0.00294032
-4.31943e-08
1.28424e-06
-0.00294169
4.05721e-07
8.80107e-06
-0.00294985
3.37267e-06
6.19299e-05
-0.00293968
1.75016e-05
0.000176717
-0.00281211
3.70979e-05
-1.50319e-08
-0.00294
-8.54517e-08
-3.22101e-07
-0.00294007
-2.43252e-07
-1.64205e-06
-0.00294191
-4.21644e-07
-1.8083e-05
-0.00293994
-1.78852e-06
-6.39271e-05
-0.00295276
-8.02761e-06
-0.000245573
-0.00280389
-2.65647e-05
1.01906e-07
-0.00294013
-6.51654e-08
5.75186e-07
-0.00294051
-1.36871e-07
4.333e-06
-0.00294441
-5.27229e-07
3.91491e-05
-0.0029295
7.05986e-07
0.000126347
-0.00290644
1.02525e-05
0.000296155
-0.0025026
9.4177e-06
-8.10045e-07
-0.00294017
3.27541e-08
-2.54368e-06
-0.00294094
3.27491e-07
-1.18133e-05
-0.00294097
4.57456e-06
-4.19796e-05
-0.00296227
-9.59224e-07
-0.000114686
-0.00293239
7.19214e-06
-0.000296165
-0.00241215
1.38937e-05
-2.47887e-07
-0.00294013
-1.32272e-07
-8.37874e-07
-0.00294069
-3.32352e-07
-2.20315e-06
-0.00294546
-8.61002e-07
-8.55935e-06
-0.00295221
3.08539e-06
9.47557e-06
-0.00294342
9.91222e-06
-1.82392e-05
-0.00245961
6.22981e-06
-2.95758e-07
-0.00294032
1.00374e-07
-4.70003e-07
-0.00294163
3.73657e-07
-7.87097e-07
-0.00294628
-2.36466e-07
-5.7008e-06
-0.00296454
3.13797e-06
2.19289e-05
-0.00294249
5.02331e-06
3.88262e-05
-0.00247926
1.74717e-05
1.29594e-05
-0.00148896
-3.77417e-06
7.26069e-06
-0.00142998
-1.16501e-05
-1.57762e-07
-0.00294013
-5.96807e-08
-0.000342835
-0.00147791
-4.14071e-05
-1.83474e-05
-0.000100285
3.86106e-06
0.000342493
-0.0014751
-5.96003e-05
5.0916e-08
-0.00294006
-6.49088e-08
2.35723e-07
-0.00294031
-8.91082e-08
1.88872e-06
-0.0029415
-2.86702e-07
9.40923e-06
-0.00295047
3.82051e-08
7.55805e-05
-0.00293388
3.90753e-06
0.000204705
-0.00280496
1.63993e-05
-4.70535e-07
-0.00294013
1.69434e-08
-1.52942e-06
-0.00294033
1.03228e-07
-4.88013e-06
-0.00294181
1.14646e-06
-2.42032e-05
-0.00294505
2.60909e-06
-6.86166e-05
-0.00295838
3.79642e-06
-0.00019384
-0.00280517
1.46371e-05
-1.55807e-07
-0.00294004
-8.60047e-08
-3.92119e-07
-0.00294044
-1.88778e-07
-1.27797e-06
-0.00294224
-3.56474e-07
-8.20739e-06
-0.00294789
-2.87849e-06
-1.13566e-06
-0.00295657
3.5053e-06
2.07e-05
-0.00284831
1.75899e-05
-2.48451e-07
-0.00294019
4.51308e-08
-4.02833e-07
-0.00294059
1.54337e-07
-6.29601e-07
-0.00294304
4.06177e-07
-2.76368e-06
-0.00295096
3.28086e-06
6.13263e-06
-0.00296372
4.31607e-06
4.07576e-05
-0.00283629
6.49566e-06
0.000176676
-0.00206704
-1.18987e-05
3.74654e-06
-0.00294828
-5.4028e-08
