0.00071694
-0.0234501
9.15034e-05
-0.000529305
-0.0235358
0.000421981
-0.000326355
-0.000188249
-8.70846e-05
0.000186271
2.72115e-05
5.90385e-05
0.000735356
-0.0231934
0.000120502
-0.000544177
-0.0231779
0.000375486
-0.000170538
-7.67329e-06
8.11462e-05
0.00023153
-0.000125896
-9.16514e-05
0.000928979
-0.0225939
0.000119474
0.0015742
-0.0213181
0.000107714
0.00235098
-0.0183892
4.31013e-05
0.00268424
-0.0132494
6.40783e-05
0.00252651
-0.00782542
8.1296e-05
0.00164381
-0.00307642
4.68151e-05
-0.000591466
-0.0227599
0.000414492
-0.00104584
-0.0213934
0.000337654
-0.00188841
-0.017959
0.000174247
-0.00261142
-0.0132242
-0.000200462
-0.00263408
-0.00758169
-0.00033509
-0.00186815
-0.00291893
-0.000563743
0.000865453
-0.0224223
0.000218766
0.00145077
-0.0213284
0.000324736
0.00216059
-0.018518
0.000276705
0.00258565
-0.0135054
0.000166469
0.00248949
-0.00808337
-3.78164e-05
0.0016363
-0.00275976
-0.000320855
-0.000630583
-0.0225574
0.000299043
-0.00118812
-0.0213805
0.000112596
-0.00213135
-0.0182183
-0.000124694
-0.00274983
-0.0136119
-0.000293507
-0.00278774
-0.00789925
-0.00018189
-0.0018226
-0.00336735
-0.000172473
6.71927e-05
-0.0234947
0.000221708
0.00090563
-0.0013907
-7.00778e-06
0.000751375
-0.0233116
0.000120241
-0.00125367
-0.00127326
-0.000400992
-0.000632144
-0.0233404
0.00038416
8.78389e-05
8.94149e-05
-8.37117e-05
-0.000408316
-0.000161172
8.70422e-05
0.000374646
-0.000110775
6.13412e-05
5.96595e-05
-0.0232104
0.000224489
0.000841256
-0.00106979
-0.000426004
-0.00100481
-0.0014489
8.9937e-05
6.7814e-06
3.56735e-05
-5.82564e-05
0.000773467
-0.022966
0.00010335
0.0012049
-0.0221059
0.000129404
0.00198339
-0.0200666
8.91321e-05
0.00253268
-0.0159244
8.28089e-05
0.0027136
-0.0105546
9.21186e-05
0.00217687
-0.00528688
3.99982e-05
-0.000534458
-0.0231134
0.000407031
-0.0007559
-0.02224
0.000405051
-0.0014283
-0.0199776
0.000240013
-0.00229269
-0.0157601
5.04246e-05
-0.00271925
-0.0103414
-0.000272887
-0.00236525
-0.00505562
-0.000424239
0.000744069
-0.0227407
0.000165062
0.00110833
-0.0220385
0.000288942
0.00179385
-0.0201456
0.000336673
0.0024174
-0.0161808
0.000200081
0.0026493
-0.0108615
7.80284e-05
0.00215268
-0.0053975
-0.000178283
-0.000545646
-0.0228219
0.000361562
-0.000872513
-0.0221342
0.000218356
-0.00158746
-0.0201438
-5.06648e-06
-0.00256399
-0.0161151
-0.000242617
-0.00283182
-0.010735
-0.000233721
-0.00253996
-0.00527113
-0.000151682
0.000936533
-0.022496
0.000148923
0.00142742
-0.0212816
0.0002256
0.00212005
-0.018391
0.000196245
0.00248661
-0.0133587
0.000138355
0.00241601
-0.00796426
5.76276e-05
0.00170069
-0.00292051
-6.12376e-05
-0.000734955
-0.0226355
0.000345824
-0.00121593
-0.021331
0.000229059
-0.00199808
-0.0180957
6.47307e-05
-0.0025769
-0.0133632
-0.000238985
-0.00254069
-0.0077737
-0.000223226
-0.00173613
-0.00317235
-0.000350981
0.000120801
-0.022536
0.00024748
0.000188731
-0.0214415
0.000221359
9.81553e-05
-0.018524
8.8509e-05
-2.36527e-05
-0.0136007
2.24174e-05
-0.000171914
-0.00794394
-7.81118e-05
-0.000331706
-0.00284683
-0.000121007
0.000206494
-0.0227379
0.000250405
0.00034252
-0.0214899
0.000219251
0.000213043
-0.0182671
6.12193e-05
5.52716e-05
-0.0132855
-2.80932e-05
-5.51275e-05
-0.0076225
-9.20026e-05
-0.000105886
-0.00275663
-0.000107583
-6.57408e-05
-0.00110624
-4.13731e-05
1.11955e-05
-0.000933487
5.47099e-06
4.55233e-05
-0.0233299
0.000251113
-0.00116197
-0.0013172
-7.11239e-05
-1.04701e-05
8.08082e-05
1.9003e-05
0.00102084
-0.0011906
-0.000183558
0.000813024
-0.0228379
0.000115446
0.00115118
-0.0220535
0.000194657
0.00180942
-0.020089
0.000207602
0.0023148
-0.0161081
0.000146123
0.00256181
-0.0107041
0.000102498
0.00211804
-0.00535474
-7.92978e-06
-0.000639411
-0.0229684
0.000375405
-0.000957434
-0.0221517
0.000304618
-0.00157384
-0.0199979
0.000131029
-0.00239849
-0.015938
-0.00014817
-0.00263328
-0.0105296
-0.000225824
-0.0022716
-0.00522814
-0.000250237
4.7577e-05
-0.0227842
0.00024866
0.000199745
-0.0221981
0.000241854
0.000177305
-0.0202689
0.000164013
7.90878e-07
-0.0161898
7.0499e-06
-7.05594e-05
-0.0107934
-4.2788e-05
-0.000299994
-0.00520942
-0.000118495
0.000136051
-0.023064
0.000239231
0.000269151
-0.022257
0.000253372
0.000312439
-0.0201496
0.000162767
0.00011037
-0.0159097
6.85029e-05
1.3005e-05
-0.0104327
-6.60746e-05
-0.000103164
-0.00502984
-0.000103507
0.000845983
-0.00187764
-0.000142425
0.00172782
-0.0171517
0.0001635
