-0.00675945
0.0595177
0.000330135
0.00698515
0.0594852
0.000193871
0.000327531
0.000178695
8.53146e-05
-0.000180285
-4.45403e-05
-5.46795e-05
-0.00678184
0.0593637
0.000338127
0.00696325
0.0593772
0.000168975
0.000164046
-9.96213e-06
-8.90921e-05
-0.000204899
8.87375e-05
0.000103127
-0.00668782
0.0476064
0.000273313
-0.00638853
0.0355855
0.000110318
-0.00568849
0.0239816
-0.000198821
-0.00458894
0.014614
-0.000425364
-0.00310756
0.00717908
-0.000149261
-0.00171489
0.00237183
-3.66705e-05
0.00699026
0.0475227
0.000163808
0.00683002
0.0354544
0.000160235
0.00614896
0.0243763
0.000290644
0.00494014
0.0139444
6.9937e-05
0.00358818
0.00710287
0.000181729
0.00205841
0.00240702
0.000502753
-0.00674533
0.047449
0.000314641
-0.00647339
0.0354881
0.000244207
-0.00586514
0.0239399
0.000120647
-0.00462938
0.014856
0.000271763
-0.00304139
0.00709172
0.000234502
-0.00170827
0.0017083
0.000437567
0.00695339
0.0474008
0.000117469
0.00675197
0.0354278
2.19903e-05
0.00593561
0.0243046
-0.000120315
0.00486348
0.0141367
-0.000398168
0.00382648
0.00700594
-0.000273501
0.00207975
0.00252404
-5.06262e-05
0.000103922
0.0595036
0.000251552
-0.000867775
0.000958237
1.23525e-05
-0.00675708
0.0594439
0.00034175
0.00128181
0.000981095
0.00032279
0.00691925
0.0594337
0.000179901
-0.000115322
-0.000121437
9.89706e-05
0.000417726
0.000146786
-0.000118349
-0.000361079
6.70735e-05
-5.5748e-05
6.88421e-05
0.0593603
0.000244121
-0.000838558
0.000502534
0.000512585
0.00101882
0.000890766
-0.000243211
-1.92292e-06
-8.56795e-05
5.80961e-05
-0.00674231
0.053602
0.0003121
-0.0065733
0.0415873
0.000205371
-0.00609547
0.0297351
-5.96731e-06
-0.00546736
0.0187648
-0.000250373
-0.00377468
0.0105042
-0.000249986
-0.00245537
0.00447988
-4.39694e-05
0.00699247
0.053544
0.000171068
0.00694863
0.0414843
0.000166006
0.00660714
0.0296816
0.000168986
0.00563526
0.019129
0.000275287
0.00423011
0.0103442
0.000109631
0.00288301
0.0044274
0.000295478
-0.00678324
0.0534457
0.000336292
-0.0066504
0.0414286
0.000286956
-0.00623718
0.029658
0.000206723
-0.00539829
0.0188888
0.000121758
-0.00372824
0.0105314
0.00019316
-0.00239511
0.00423862
0.000353025
0.00696582
0.0534224
0.000152157
0.0068634
0.0413966
7.32854e-05
0.00653617
0.0295887
-4.02592e-05
0.00536988
0.0191278
-0.000252583
0.00437644
0.0103873
-0.000318078
0.00315075
0.00423225
-0.000208515
-0.00668698
0.0475363
0.000285033
-0.00643429
0.0355836
0.000171919
-0.00582449
0.0240663
-9.99008e-06
-0.00458264
0.0149412
-0.000121701
-0.00308305
0.00718195
2.98012e-06
-0.00188576
0.00202928
0.000169254
0.00687865
0.047459
0.000136435
0.00666028
0.0354623
9.0531e-05
0.0059308
0.0243458
0.000152402
0.00476232
0.0141043
-0.000244361
0.00358671
0.00710718
-6.84278e-05
0.00200861
0.0025283
0.000243696
8.36724e-05
0.0474128
0.000203702
0.00013582
0.0354262
0.000111381
0.000167661
0.0239246
-2.08362e-05
0.000134232
0.0143385
-3.91499e-07
0.000423616
0.00687489
-3.34193e-05
0.000447229
0.00183206
6.61733e-05
0.000162335
0.047544
0.000214702
0.000264012
0.0354368
0.000135231
0.000253879
0.0240353
-6.67924e-05
2.83801e-05
0.0140078
-5.48545e-05
0.000196566
0.00691785
-4.30923e-06
0.000138168
0.00207317
7.28206e-05
5.26012e-05
0.000726094
3.40206e-05
6.85266e-06
0.00033263
-3.58977e-06
7.68945e-05
0.0594376
0.000258635
0.00125761
0.000910411
-2.19864e-05
-1.28151e-05
-0.000143777
-2.15075e-05
-0.00105737
0.000659562
0.000256446
-0.0067358
0.0535328
0.000317211
-0.00659139
0.0415196
0.00023912
-0.00615071
0.0297253
8.13825e-05
-0.0054723
0.0188577
-8.95934e-05
-0.00371407
0.0106335
-9.73552e-05
-0.00248895
0.00437794
0.00011179
0.00691244
0.0534724
0.000160427
0.00678146
0.0414427
0.000114433
0.00641455
0.0296901
7.42957e-05
0.00529904
0.0190805
-9.35946e-05
0.00420322
0.0104063
-0.000113932
0.00289734
0.00440391
2.73237e-05
5.844e-05
0.0534333
0.000234858
0.000125314
0.0413539
0.000168316
0.000173073
0.0295433
5.9298e-05
2.1065e-05
0.0189
-0.000153404
0.000349359
0.0102963
-7.93909e-05
0.000500356
0.00400443
4.66708e-05
0.000131677
0.0535639
0.000240496
0.000202075
0.0415027
0.000175362
0.000283973
0.0296051
6.13191e-05
0.000138982
0.018915
2.40564e-05
0.000186023
0.0101697
-4.17288e-05
0.000187329
0.00421456
3.43621e-05
-0.000910087
0.00105416
0.000217997
-0.00419648
0.0209804
-1.72051e-05
