-0.00700259
0.0612453
0.000108899
0.00720776
0.0612119
0.000184942
0.000332118
0.000180525
8.83825e-05
-0.000186709
-4.5608e-05
-5.83415e-05
-0.00703135
0.0613021
0.000118033
0.00717802
0.0613156
0.000159344
0.000169514
-9.1633e-06
-9.21635e-05
-0.00020697
9.03422e-05
0.000104262
-0.00692779
0.0489318
4.68856e-05
-0.00661604
0.0365139
-0.000115447
-0.00588959
0.0245419
-0.000410791
-0.00474464
0.0149094
-0.000611633
-0.00321116
0.00728906
-0.000275739
-0.00177355
0.00239004
-9.74517e-05
0.00721188
0.0488447
0.000144993
0.00704015
0.0363788
0.00012925
0.00632557
0.0249538
0.00025772
0.00506557
0.0142151
3.17773e-05
0.0036632
0.00721249
0.000154563
0.00209148
0.00242492
0.000499525
-0.00699169
0.0489808
9.09592e-05
-0.00670155
0.0366061
2.57539e-05
-0.00605692
0.0246641
-7.63352e-05
-0.00476589
0.0152887
0.000112728
-0.00311283
0.00729151
0.000122416
-0.00173376
0.00176044
0.000394128
0.00716965
0.0489268
9.64285e-05
0.00696454
0.0365362
-1.49687e-05
0.00611865
0.0250388
-0.000170132
0.00500809
0.014537
-0.000453024
0.0039406
0.00719516
-0.000313075
0.00214426
0.00259767
-6.41811e-05
9.29741e-05
0.0612307
0.000136229
-0.000899133
0.000961413
-1.57939e-05
-0.00700253
0.0612773
0.000121512
0.00130046
0.00098217
0.000323426
0.0071363
0.0612666
0.000170146
-0.000124623
-0.000127908
9.82002e-05
0.000426052
0.000149047
-0.000118435
-0.00036921
6.98314e-05
-5.82008e-05
5.06195e-05
0.0612982
0.000129076
-0.000846753
0.000520882
0.000499153
0.00105202
0.000920464
-0.000253554
2.11384e-06
-8.6835e-05
5.71374e-05
-0.00698459
0.0551297
8.79954e-05
-0.00680849
0.0427117
-2.17426e-05
-0.00631183
0.0304758
-0.000226254
-0.00565629
0.0191754
-0.000451982
-0.00390067
0.0106914
-0.000406451
-0.00253808
0.00453477
-0.000137141
0.00721509
0.0550693
0.000157833
0.00716642
0.0426049
0.000140909
0.00680475
0.0304216
0.000133935
0.0057895
0.0195498
0.000244762
0.00432812
0.0105276
7.48992e-05
0.00293644
0.00448205
0.000279334
-0.0070325
0.0551831
0.000113791
-0.00688994
0.0427527
6.45853e-05
-0.00644989
0.0305764
-2.74792e-06
-0.0055675
0.019448
-6.34676e-05
-0.00382849
0.0108319
5.46382e-05
-0.00244213
0.00435868
0.000273422
0.00718158
0.0551569
0.000138203
0.00707867
0.0427127
4.42173e-05
0.00674226
0.030497
-8.3654e-05
0.00553173
0.0196913
-0.000305096
0.00450666
0.0106739
-0.000366409
0.00324539
0.00434679
-0.000235877
-0.00692862
0.0489656
5.94244e-05
-0.00666248
0.036608
-5.12225e-05
-0.00602369
0.0247143
-0.000215277
-0.00472975
0.0153137
-0.000295521
-0.00317236
0.00733866
-0.000118328
-0.00193586
0.00206418
0.000115449
0.00709387
0.0488844
0.000115654
0.00686546
0.0364823
5.53356e-05
0.00610569
0.0250025
0.000112813
0.00489456
0.0144478
-0.00029475
0.00367782
0.00726262
-0.000102847
0.00205747
0.0025734
0.000236917
6.81839e-05
0.0489409
8.135e-05
0.0001286
0.0365371
-1.59025e-05
0.000169299
0.0246442
-0.000144986
0.000136992
0.0147486
-0.000101864
0.000444211
0.00706257
-0.000108022
0.000472791
0.00188667
3.51777e-05
0.000153705
0.0488666
9.22048e-05
0.000257221
0.0363599
7.61191e-06
0.000242808
0.0245987
-0.000194226
1.06631e-05
0.0142803
-0.000164932
0.000182673
0.00701979
-8.18124e-05
0.000123767
0.00208138
3.82185e-05
3.95836e-05
0.000720822
1.79127e-05
1.74611e-05
0.000347475
-2.0041e-05
6.19674e-05
0.0612707
0.000144073
0.0012876
0.00092148
-2.49142e-05
-1.20953e-05
-0.000147348
-1.99214e-05
-0.00108197
0.000671677
0.000234953
-0.00697998
0.0551659
9.36679e-05
-0.00682778
0.0427448
1.34751e-05
-0.0063656
0.0305566
-0.000135107
-0.00565551
0.0193423
-0.000283499
-0.00382658
0.0108814
-0.00024829
-0.00255801
0.00446616
2.36542e-05
0.0071294
0.0551028
0.000146422
0.00699238
0.0426631
8.59472e-05
0.00660869
0.0305195
3.41067e-05
0.00544996
0.0195707
-0.000140487
0.00431494
0.0106479
-0.000156703
0.00296793
0.00449324
5.33139e-06
4.03002e-05
0.0551693
0.000116424
0.000113975
0.042672
4.30258e-05
0.000170987
0.0304522
-6.74758e-05
1.9479e-05
0.0194562
-0.000272397
0.000363793
0.0105833
-0.000171847
0.000525943
0.00411358
-6.09782e-06
0.000121889
0.0550902
0.000121818
0.000194507
0.0426234
4.95318e-05
0.00027644
0.0303406
-6.67468e-05
0.000122954
0.0193268
-9.08937e-05
0.000172914
0.0103456
-0.000137
0.000172904
0.00426132
-2.26129e-05
-0.000923906
0.00108015
0.000186881
-0.00433416
0.021582
-0.000193245
