-0.00711033
0.0620266
-1.36285e-05
0.00730027
0.0619931
0.000187859
0.00033498
0.000181769
9.02171e-05
-0.000190364
-4.61222e-05
-6.03941e-05
-0.0071421
0.0622083
-3.94132e-06
0.00726672
0.0622217
0.000162134
0.000172601
-8.62194e-06
-9.37518e-05
-0.000208669
9.17185e-05
0.000104911
-0.00703457
0.0495412
-7.76681e-05
-0.0067189
0.0369545
-0.000237842
-0.00598377
0.0248239
-0.000522974
-0.00482076
0.0150703
-0.000708522
-0.00326597
0.0073587
-0.000342282
-0.0018063
0.00240695
-0.000129861
0.00730389
0.049453
0.000143043
0.00712778
0.0368181
0.000121005
0.00640114
0.0252417
0.000247756
0.0051225
0.0143661
2.01346e-05
0.00370064
0.00728081
0.000146758
0.00211046
0.00244012
0.000501543
-0.00710115
0.0497126
-3.25095e-05
-0.00680377
0.0371594
-9.3838e-05
-0.00614454
0.025044
-0.000182692
-0.00483193
0.01553
2.6601e-05
-0.00315164
0.00741627
6.23536e-05
-0.00174969
0.0018
0.000371215
0.00725938
0.0496559
9.37701e-05
0.00705445
0.0370846
-2.51474e-05
0.00619933
0.0254212
-0.000186171
0.00507553
0.0147651
-0.000470817
0.00399754
0.00731322
-0.000325898
0.00217866
0.00264782
-6.71988e-05
8.50978e-05
0.062012
7.64114e-05
-0.000917056
0.00096705
-3.08127e-05
-0.0071114
0.0621213
-5.6909e-07
0.001312
0.00098556
0.000326105
0.0072265
0.0621104
0.000172766
-0.000129477
-0.000131379
9.77724e-05
0.000430901
0.000150466
-0.000118288
-0.000374193
7.18003e-05
-5.97126e-05
3.92999e-05
0.0622042
6.94778e-05
-0.000852502
0.000536553
0.000492385
0.00107049
0.000942282
-0.000256904
4.0732e-06
-8.70993e-05
5.68047e-05
-0.00709205
0.0558253
-3.58087e-05
-0.00691382
0.0432356
-0.000145873
-0.00641114
0.0308358
-0.000344554
-0.00574531
0.019391
-0.000558305
-0.00396503
0.0108007
-0.000488371
-0.00258311
0.00457392
-0.000186474
0.00730755
0.0557642
0.000158726
0.0072569
0.0431275
0.000135675
0.00688778
0.0307814
0.00012357
0.00585708
0.0197681
0.000236148
0.00437474
0.0106345
6.42344e-05
0.00296476
0.00451969
0.000276085
-0.00714312
0.056003
-9.37927e-06
-0.00699666
0.0433953
-5.77389e-05
-0.00654584
0.0310422
-0.000116892
-0.00564637
0.0197519
-0.000163279
-0.00387998
0.0110093
-1.97592e-05
-0.0024693
0.00443876
0.000230735
0.00727083
0.0559754
0.000138921
0.00716884
0.0433512
3.77611e-05
0.00683072
0.0309577
-9.67392e-05
0.00560521
0.0199959
-0.000321914
0.00456936
0.0108438
-0.000382312
0.00329438
0.00442263
-0.000243953
-0.00703613
0.0496365
-6.4795e-05
-0.00676506
0.0371052
-0.00017271
-0.00611547
0.0250476
-0.000325254
-0.00480099
0.0155182
-0.00038749
-0.00321965
0.0074367
-0.000182717
-0.00196402
0.00209246
8.64114e-05
0.00718352
0.0495539
0.000112934
0.00695182
0.036978
4.54722e-05
0.0061817
0.0253381
0.000100298
0.00495564
0.0146412
-0.000311121
0.00372283
0.00735916
-0.00011384
0.00208378
0.0026056
0.000237024
5.81855e-05
0.049671
1.84015e-05
0.000122595
0.037087
-8.03692e-05
0.00016804
0.0250217
-0.00020655
0.000136611
0.0149808
-0.000151417
0.000452758
0.00718101
-0.00014387
0.000485445
0.0019273
2.08242e-05
0.000146532
0.0494752
2.90648e-05
0.000250303
0.0367988
-5.73352e-05
0.000234032
0.0248819
-0.000257253
3.72804e-07
0.014432
-0.000218907
0.000174283
0.00708531
-0.000119434
0.000116014
0.00209235
2.15579e-05
3.285e-05
0.000721243
9.9937e-06
2.26011e-05
0.000361189
-2.8041e-05
5.2271e-05
0.0621146
8.45996e-05
0.00130432
0.000931598
-2.45174e-05
-1.15541e-05
-0.000148907
-1.90073e-05
-0.00109629
0.000683459
0.000223303
-0.00708839
0.0559239
-2.98682e-05
-0.00693337
0.0433285
-0.000110173
-0.00646335
0.0309703
-0.000252056
-0.00574107
0.0196018
-0.000386588
-0.00388384
0.0110264
-0.000328033
-0.0025958
0.00452623
-2.34827e-05
0.00721963
0.05586
0.000147022
0.00708065
0.0432448
7.94034e-05
0.00669126
0.0309323
2.17858e-05
0.00551762
0.0198314
-0.000155358
0.00436818
0.0107898
-0.000170749
0.00300419
0.00455272
-6.77285e-07
2.91134e-05
0.0559887
5.51801e-05
0.000105845
0.043312
-2.10585e-05
0.000167536
0.0309138
-0.000131119
1.74948e-05
0.0197582
-0.000330264
0.000368763
0.0107542
-0.000216501
0.000537763
0.00418769
-3.12239e-05
0.000114374
0.0557855
6.03795e-05
0.000187585
0.043146
-1.48983e-05
0.00026912
0.0306988
-0.000131178
0.000112572
0.0195419
-0.000147783
0.000164528
0.0104499
-0.000183404
0.000164702
0.00429588
-5.01892e-05
-0.000932471
0.00110247
0.00017056
-0.00439824
0.0219019
-0.000286122
