-0.00720856
0.0627529
-0.000143623
0.00738016
0.0627196
0.00019486
0.000338237
0.000183244
9.22476e-05
-0.000194303
-4.66247e-05
-6.2583e-05
-0.00724306
0.063071
-0.000133401
0.00734308
0.0630843
0.000169157
0.00017592
-7.99046e-06
-9.53756e-05
-0.000210815
9.3472e-05
0.000105621
-0.0071323
0.0501152
-0.000209164
-0.00681427
0.0373798
-0.000365863
-0.00607353
0.0251077
-0.000638566
-0.00489563
0.0152404
-0.00080723
-0.00332271
0.00743842
-0.000410498
-0.00184126
0.00242921
-0.000163331
0.0073833
0.0500264
0.000145405
0.00720375
0.0372427
0.000117132
0.00646824
0.0255296
0.000241848
0.00517566
0.0145279
1.33165e-05
0.00373816
0.00735846
0.000142778
0.00213117
0.00245965
0.000505993
-0.00720101
0.0504206
-0.000163124
-0.00689772
0.037708
-0.000219649
-0.00622638
0.0254353
-0.000293604
-0.00489634
0.0157877
-6.32835e-05
-0.00319246
0.00755736
1.17488e-07
-0.00176777
0.00184839
0.000347751
0.00733695
0.0503614
9.56974e-05
0.00713353
0.0376284
-3.02429e-05
0.0062729
0.0258133
-0.000196555
0.00513986
0.0150115
-0.000482321
0.00405446
0.00744671
-0.000334126
0.00221449
0.00270671
-6.77302e-05
7.57197e-05
0.0627384
1.49754e-05
-0.000936427
0.00097545
-4.63232e-05
-0.00721067
0.062916
-0.000130157
0.00132509
0.000990945
0.000330364
0.0073045
0.0629051
0.000179549
-0.000134443
-0.000134993
9.73342e-05
0.000436219
0.000152085
-0.000118028
-0.000379784
7.41508e-05
-6.14053e-05
2.67913e-05
0.0630668
8.31058e-06
-0.000859385
0.000556456
0.000485698
0.00109019
0.000968656
-0.000259062
5.98325e-06
-8.71647e-05
5.65762e-05
-0.00719012
0.0564756
-0.000166899
-0.00701073
0.0437343
-0.000276378
-0.00650434
0.0311895
-0.000467559
-0.00583055
0.019614
-0.000667577
-0.00403021
0.0109207
-0.000572134
-0.00263051
0.0046211
-0.000237222
0.00738735
0.0564141
0.000163873
0.00733506
0.0436254
0.000134759
0.00696028
0.0311349
0.000117616
0.00591836
0.0199923
0.000231751
0.00441987
0.0107519
5.79675e-05
0.00299427
0.00456443
0.000276048
-0.00724393
0.0567891
-0.000139954
-0.00709425
0.044024
-0.000186833
-0.00663453
0.0315119
-0.000236608
-0.00572122
0.0200715
-0.000267195
-0.00393228
0.0112045
-9.69939e-05
-0.00249888
0.00453198
0.000186518
0.00734776
0.0567603
0.000144018
0.00724746
0.0439758
3.61365e-05
0.00690953
0.0314223
-0.000104437
0.00567384
0.0203152
-0.000332633
0.00463055
0.0110311
-0.000392786
0.0033445
0.00451068
-0.000248328
-0.00713443
0.0502778
-0.000196011
-0.00685967
0.0375922
-0.000300103
-0.00620182
0.0253871
-0.000439405
-0.00487054
0.0157351
-0.000482167
-0.00326861
0.00754787
-0.000249071
-0.00199421
0.00212794
5.62282e-05
0.00726121
0.0501942
0.000114674
0.00702741
0.037464
4.03165e-05
0.00625015
0.0256785
9.23713e-05
0.00501347
0.0148493
-0.000321733
0.00376757
0.00746829
-0.00012072
0.00211139
0.00264427
0.000239455
4.69513e-05
0.0503776
-4.57557e-05
0.000115218
0.0376325
-0.000145272
0.000165569
0.0254105
-0.000267559
0.000135199
0.0152308
-0.000199943
0.000460205
0.00731561
-0.000178527
0.000498007
0.00197664
7.33743e-06
0.000137546
0.0500487
-3.53578e-05
0.000241126
0.0372232
-0.000122916
0.000223199
0.0251665
-0.00031959
-1.07776e-05
0.0145946
-0.000271888
0.000165028
0.00716086
-0.00015605
0.000107973
0.00210805
5.46664e-06
2.60264e-05
0.000723786
2.24096e-06
2.761e-05
0.000379002
-3.58339e-05
4.12786e-05
0.0629093
2.34789e-05
0.00132221
0.00094479
-2.2897e-05
-1.08953e-05
-0.000150319
-1.80213e-05
-0.00111195
0.000699017
0.00021119
-0.00718732
0.0566422
-0.000160701
-0.00703024
0.0438926
-0.000240369
-0.00655438
0.0313826
-0.000374083
-0.00582241
0.0198728
-0.000493058
-0.00394166
0.0111853
-0.000410018
-0.00263569
0.00459692
-7.22522e-05
0.0072977
0.0565778
0.00015194
0.0071575
0.0438072
7.74426e-05
0.00676423
0.0313437
1.42958e-05
0.00558019
0.0201025
-0.000164703
0.00441976
0.0109458
-0.000179966
0.00304116
0.0046221
-3.37638e-06
1.67961e-05
0.0567742
-7.52015e-06
9.63204e-05
0.0439385
-8.60553e-05
0.000162677
0.0313797
-0.000194762
1.48735e-05
0.0200758
-0.000386809
0.00037234
0.0109432
-0.000259858
0.000548961
0.00427462
-5.5339e-05
0.000105207
0.0564356
-2.5608e-06
0.000178659
0.0436438
-8.02844e-05
0.000259523
0.0310511
-0.000195691
0.000100719
0.0197637
-0.000204032
0.000155016
0.0105656
-0.000228712
0.000155933
0.00433812
-7.69529e-05
-0.000942146
0.00113092
0.000153895
-0.00445894
0.0222344
-0.000381657
