-0.00729718
0.0634246
-0.000280643
0.00744749
0.0633915
0.00020525
0.000341893
0.000184955
9.44677e-05
-0.000198517
-4.71161e-05
-6.4898e-05
-0.00733397
0.0638896
-0.000269909
0.00740731
0.0639027
0.000179717
0.000179465
-7.27309e-06
-9.70348e-05
-0.000213404
9.55932e-05
0.000106395
-0.00722085
0.0506543
-0.000347051
-0.00690205
0.0377901
-0.000498899
-0.00615875
0.0253935
-0.000756988
-0.00496913
0.01542
-0.000907238
-0.00338127
0.00752829
-0.000479993
-0.00187835
0.00245684
-0.000197653
0.00745017
0.0505653
0.000151525
0.00726815
0.0376529
0.000117237
0.00652698
0.0258178
0.000239737
0.00522514
0.0147008
1.11547e-05
0.00377582
0.00744551
0.00014254
0.00215362
0.00248358
0.00051284
-0.00729104
0.0511041
-0.000300341
-0.00698318
0.0382514
-0.000351083
-0.0063023
0.0258373
-0.000408507
-0.004959
0.0160611
-0.000156412
-0.00323521
0.00771432
-6.39108e-05
-0.00178798
0.00190535
0.000323909
0.00740256
0.0510425
0.000101656
0.00720197
0.0381671
-3.06531e-05
0.00633951
0.0262146
-0.000201546
0.00520118
0.0152757
-0.000487719
0.00411138
0.00759526
-0.000337865
0.00225172
0.00277412
-6.58318e-05
6.49305e-05
0.0634101
-4.82065e-05
-0.00095719
0.000986621
-6.22231e-05
-0.00730017
0.0636613
-0.000266814
0.00133972
0.000998362
0.000336182
0.00737044
0.0636503
0.000189804
-0.000139501
-0.000138734
9.68976e-05
0.000442005
0.000153908
-0.00011767
-0.000385971
7.68696e-05
-6.32698e-05
1.33259e-05
0.0638853
-5.45566e-05
-0.000867405
0.000580461
0.000479167
0.00111109
0.000999462
-0.000260061
7.83816e-06
-8.70405e-05
5.64544e-05
-0.00727868
0.0570808
-0.000304775
-0.00709911
0.0442081
-0.000412672
-0.00659132
0.0315371
-0.000594661
-0.00591193
0.0198445
-0.000779229
-0.00409611
0.0110518
-0.000657277
-0.00268016
0.00467635
-0.000289076
0.00745457
0.0570193
0.000172645
0.00740095
0.0440989
0.000137687
0.00702236
0.0314824
0.00011575
0.00597344
0.0202225
0.000231349
0.00446359
0.0108801
5.59791e-05
0.003025
0.00461635
0.000279162
-0.0073347
0.0575407
-0.000277438
-0.00718251
0.0446382
-0.00032212
-0.00671579
0.0319849
-0.0003613
-0.00579192
0.0204062
-0.000374654
-0.00398529
0.0114171
-0.000176615
-0.00253084
0.00463799
0.000141063
0.00741258
0.0575107
0.000152862
0.00731471
0.0445859
3.88683e-05
0.00697887
0.0318902
-0.000107078
0.00573775
0.0206489
-0.000337473
0.00469029
0.0112354
-0.00039797
0.00339575
0.00461063
-0.000249088
-0.00722333
0.0508893
-0.000333675
-0.00694613
0.0380689
-0.000432792
-0.00628261
0.0257328
-0.000557148
-0.00493829
0.0159641
-0.000579038
-0.00331915
0.00767199
-0.000316996
-0.00202637
0.00217051
2.51043e-05
0.00732707
0.0508051
0.000120324
0.00709236
0.0379402
3.94775e-05
0.00631117
0.0260236
8.8776e-05
0.00506813
0.0150716
-0.00032676
0.00381209
0.00758983
-0.000123577
0.00214029
0.00268931
0.000244165
3.47011e-05
0.0510597
-0.000111129
0.000106653
0.0381729
-0.000210519
0.000162026
0.02581
-0.000327863
0.000132874
0.0154981
-0.000247289
0.000466611
0.00746599
-0.000211862
0.000510473
0.00203446
-5.22854e-06
0.000126836
0.0505876
-0.000101066
0.000229785
0.0376332
-0.000189028
0.000210416
0.0254528
-0.000381076
-2.27038e-05
0.0147681
-0.000323689
0.000154992
0.00724651
-0.000191506
9.97061e-05
0.00212854
-9.96987e-06
1.91569e-05
0.000728481
-5.29788e-06
3.24755e-05
0.000400788
-4.33866e-05
2.91519e-05
0.0636545
-3.94191e-05
0.00134127
0.000961028
-2.00865e-05
-1.01225e-05
-0.00015159
-1.69706e-05
-0.00112892
0.000718271
0.000198715
-0.00727659
0.0573208
-0.000298335
-0.0071182
0.044437
-0.000376528
-0.00663854
0.0317935
-0.000500585
-0.00589941
0.0201552
-0.000602345
-0.00399994
0.0113581
-0.000493781
-0.00267762
0.00467809
-0.000122347
0.00736374
0.0572562
0.000160548
0.00722306
0.0443502
7.95962e-05
0.00682772
0.0317536
1.13167e-05
0.00563776
0.0203839
-0.000168741
0.00446978
0.0111157
-0.00018448
0.00307888
0.00470123
-2.8333e-06
3.57748e-06
0.0575254
-7.17455e-05
8.5608e-05
0.0445508
-0.000151917
0.000156574
0.0318492
-0.000258276
1.17383e-05
0.0204086
-0.000441879
0.000374616
0.0111498
-0.000301768
0.000559566
0.00437406
-7.83444e-05
9.4477e-05
0.0570409
-6.70673e-05
0.000167817
0.0441171
-0.000146573
0.000247748
0.0313979
-0.000260146
8.74975e-05
0.0199924
-0.000259469
0.000144462
0.0106926
-0.000272749
0.000146672
0.0043881
-0.000102778
-0.000952915
0.00116536
0.000137001
-0.00451615
0.022579
-0.000479393
