0.00104241
-0.0251988
0.000177927
-0.000761033
-0.0252823
0.00048788
-0.000327938
-0.000188768
-8.79556e-05
0.000187461
2.76955e-05
5.96702e-05
0.00101545
-0.0249616
0.000206208
-0.000821412
-0.0249479
0.000441489
-0.000171309
-7.42558e-06
8.15654e-05
0.000232487
-0.000126238
-9.241e-05
0.00125016
-0.0238551
0.000165804
0.00185354
-0.0220514
0.000127499
0.00253506
-0.0186581
6.96517e-05
0.00278389
-0.0133297
9.43709e-05
0.00256159
-0.00782777
9.6661e-05
0.00165757
-0.00307093
5.38811e-05
-0.000831505
-0.0240084
0.000436989
-0.00128948
-0.022102
0.000313342
-0.00207409
-0.0182649
0.000122687
-0.00270695
-0.0132716
-0.000221356
-0.00267207
-0.00759096
-0.000347565
-0.00188086
-0.0029168
-0.000572376
0.00114484
-0.0237027
0.00026189
0.0017051
-0.0220846
0.000326889
0.00234959
-0.018821
0.000268762
0.00268849
-0.0136234
0.000155677
0.00252207
-0.00810365
-3.52261e-05
0.00164789
-0.00275889
-0.000321256
-0.000913604
-0.0238316
0.000320052
-0.0014519
-0.0221276
9.84254e-05
-0.00230699
-0.018556
-0.000143224
-0.00283706
-0.0136885
-0.000288578
-0.00283036
-0.00792148
-0.000183816
-0.00183852
-0.00337351
-0.000175342
0.000114016
-0.0252433
0.000298392
0.000911567
-0.0013867
-3.88803e-06
0.00105315
-0.0250701
0.000205531
-0.00126041
-0.00127044
-0.000405097
-0.000881095
-0.0250986
0.000449726
9.00509e-05
9.14308e-05
-8.40284e-05
-0.000410749
-0.000161464
8.76455e-05
0.000377033
-0.000111081
6.19405e-05
6.48321e-05
-0.0249791
0.000301165
0.000845898
-0.00106837
-0.000429211
-0.00101073
-0.00144883
8.98383e-05
6.84031e-06
3.65756e-05
-5.8738e-05
0.00109846
-0.0244758
0.0001701
0.00151293
-0.0231056
0.000158618
0.00221934
-0.0205528
0.000106919
0.00268709
-0.016064
0.000105398
0.00277013
-0.0105776
0.000112463
0.00219979
-0.00528265
5.06403e-05
-0.000768441
-0.0246184
0.000453717
-0.00100199
-0.023219
0.000400945
-0.00165442
-0.0204526
0.000201577
-0.00243594
-0.0159206
3.94375e-06
-0.00277869
-0.0103673
-0.000288775
-0.00238843
-0.00505651
-0.000433947
0.00102479
-0.0242702
0.000230147
0.00138067
-0.0230568
0.00030966
0.00202238
-0.0206592
0.000327533
0.00256808
-0.0163551
0.000194625
0.00270496
-0.0109082
7.6579e-05
0.00217245
-0.0054058
-0.000176287
-0.000825319
-0.0243502
0.000405973
-0.00114921
-0.0231458
0.000217886
-0.00182289
-0.0206509
-2.48868e-05
-0.00268588
-0.0163035
-0.000248743
-0.00289366
-0.0107801
-0.000234018
-0.00256859
-0.00528065
-0.000154182
0.00123343
-0.0237662
0.000194363
0.00169574
-0.0220296
0.000235029
0.00231442
-0.0186864
0.000200558
0.00259432
-0.0134684
0.000148306
0.00245471
-0.00797732
6.64502e-05
0.00171836
-0.00291722
-5.84694e-05
-0.0009872
-0.0238961
0.000367351
-0.00145769
-0.0220618
0.000208786
-0.00217398
-0.0184156
2.39422e-05
-0.00266822
-0.0134328
-0.000244298
-0.00258388
-0.00779141
-0.000230949
-0.00175196
-0.00317559
-0.000357676
0.000124008
-0.0238129
0.000280542
0.000185221
-0.0221891
0.000216311
9.25566e-05
-0.0188254
7.6937e-05
-2.09992e-05
-0.0136875
1.0917e-05
-0.000176459
-0.00796028
-7.89244e-05
-0.000335343
-0.0028463
-0.000122376
0.00024537
-0.0239917
0.000286402
0.000354178
-0.0222015
0.000220742
0.000212461
-0.0185425
5.71126e-05
6.35734e-05
-0.0133336
-3.14143e-05
-5.33558e-05
-0.00762287
-9.14143e-05
-0.000103365
-0.00274933
-0.000107418
-6.31859e-05
-0.00110096
-4.1221e-05
1.12049e-05
-0.000929813
4.24845e-06
7.2857e-05
-0.0250884
0.000326987
-0.00117076
-0.0013155
-7.35392e-05
-9.92048e-06
8.24537e-05
1.85826e-05
0.00102887
-0.0011878
-0.000183443
0.00111376
-0.0243578
0.000181521
0.00143851
-0.0230626
0.000220125
0.00204147
-0.0205904
0.000212354
0.00247676
-0.0162633
0.000154598
0.00262244
-0.0107446
0.000113661
0.00214424
-0.00535722
-2.15701e-06
-0.000889347
-0.0244839
0.000420802
-0.00120616
-0.0231476
0.000301488
-0.00179268
-0.0204943
0.000100014
-0.00252338
-0.0161103
-0.000167271
-0.0026974
-0.0105684
-0.000235064
-0.00229963
-0.00523495
-0.000256811
5.36582e-05
-0.0243133
0.000303593
0.000196951
-0.0232071
0.00025468
0.000169077
-0.0207688
0.000151468
6.98407e-06
-0.0163643
3.92777e-06
-7.56263e-05
-0.0108325
-4.51097e-05
-0.000304215
-0.00521432
-0.000119715
0.000179902
-0.0245709
0.00029644
0.000298215
-0.0232435
0.00026858
0.000313716
-0.0206185
0.000155318
0.000114973
-0.0160533
5.58176e-05
1.38208e-05
-0.0104467
-6.66179e-05
-0.000100694
-0.00502454
-0.000102796
0.000854099
-0.00187378
-0.000143102
0.0018559
-0.0173721
0.000162245
