-0.00755575
0.065581
-0.000888053
0.00759578
0.065551
0.000265454
0.000360406
0.000194131
0.000105037
-0.000217793
-4.898e-05
-7.51809e-05
-0.0075946
0.0667127
-0.000875591
0.00755034
0.0667243
0.00024198
0.000195699
-3.65016e-06
-0.000104008
-0.000227918
0.000107434
0.000110151
-0.00748346
0.0524736
-0.000949444
-0.00717689
0.0392887
-0.00106739
-0.0064528
0.0265585
-0.00124672
-0.00524737
0.0162301
-0.00130998
-0.0036304
0.00798621
-0.000763068
-0.00204529
0.00261958
-0.000339349
0.00759687
0.052388
0.000201219
0.00741475
0.0391556
0.000148301
0.00668232
0.0269742
0.000262851
0.00538878
0.0154999
4.39287e-05
0.00392859
0.0078852
0.000175687
0.0022606
0.00262266
0.000562298
-0.0075504
0.0535796
-0.000902227
-0.00723817
0.0403558
-0.000919257
-0.00654518
0.0275343
-0.000895668
-0.00518997
0.0172951
-0.000550587
-0.00342287
0.00848614
-0.000330388
-0.0018887
0.00221097
0.000227856
0.00755251
0.0535108
0.000153346
0.00737528
0.0402542
5.14966e-06
0.00654054
0.0278936
-0.000174608
0.00541851
0.016493
-0.000454174
0.00433908
0.00832669
-0.00031187
0.00241347
0.00312127
-3.61242e-05
9.80822e-06
0.065568
-0.000320605
-0.00105253
0.00105815
-0.000127737
-0.00755926
0.0661518
-0.000873251
0.00141329
0.00104831
0.000373838
0.00751939
0.0661413
0.000250272
-0.000160247
-0.000154661
9.53769e-05
0.000469625
0.000163208
-0.0001155
-0.000416182
9.10323e-05
-7.22039e-05
-4.51143e-05
0.0667081
-0.000325322
-0.000910394
0.000713579
0.000455762
0.00120563
0.00116299
-0.000253635
1.46321e-05
-8.48788e-05
5.70228e-05
-0.0075381
0.0590662
-0.000912045
-0.0073673
0.0458647
-0.00100207
-0.00687618
0.032871
-0.00113065
-0.00619738
0.0208408
-0.00123779
-0.00436391
0.0116822
-0.00100252
-0.00289817
0.00497558
-0.000501558
0.00760213
0.0590079
0.000230051
0.00754666
0.0457587
0.000177159
0.007171
0.0328163
0.000141429
0.00613511
0.0212033
0.000263865
0.00462594
0.0114964
8.66595e-05
0.0031604
0.004894
0.000320485
-0.00759475
0.0601904
-0.000884407
-0.00743987
0.0469342
-0.000911585
-0.0069648
0.0338912
-0.000896431
-0.00603147
0.0218779
-0.000827968
-0.0042016
0.0124237
-0.000509779
-0.00268024
0.00517816
-4.75003e-05
0.00755811
0.0601571
0.000211708
0.00747664
0.0468666
8.24685e-05
0.00716677
0.0337775
-7.52417e-05
0.00594946
0.0221081
-0.000304569
0.00491584
0.0122071
-0.000370611
0.00361099
0.00511916
-0.000219193
-0.0074839
0.0530373
-0.000935768
-0.00720949
0.0398675
-0.00100264
-0.00654859
0.0271671
-0.00105146
-0.00518906
0.0169913
-0.000977985
-0.00353425
0.00828903
-0.000596661
-0.00217256
0.00240682
-0.00010482
0.007478
0.0529543
0.000169676
0.00725111
0.0397415
7.01497e-05
0.00648514
0.0274428
0.000111175
0.00525718
0.0160941
-0.000296531
0.00398855
0.00819163
-9.82587e-05
0.00226826
0.0029293
0.000283804
-1.97179e-05
0.0535317
-0.000384598
6.45626e-05
0.040268
-0.000472935
0.00014021
0.0274967
-0.000559353
0.00011699
0.016722
-0.000422591
0.000483293
0.00821105
-0.000330281
0.00055927
0.00234289
-4.5843e-05
6.89851e-05
0.0524095
-0.000376449
0.000165364
0.0391371
-0.000456527
0.000142568
0.0266166
-0.000615667
-7.6211e-05
0.0155694
-0.000516086
0.000108881
0.00768716
-0.000319485
6.56054e-05
0.00225755
-6.40447e-05
-7.95412e-06
0.000768607
-3.26258e-05
5.03494e-05
0.000523926
-7.0786e-05
-2.71466e-05
0.0661453
-0.000311042
0.0014285
0.00105475
1.85995e-06
-5.99622e-06
-0.000155389
-1.22952e-05
-0.00120881
0.000829389
0.000147073
-0.00753595
0.0596385
-0.000904808
-0.00737997
0.0464143
-0.000967099
-0.00690509
0.0334148
-0.00103787
-0.00616237
0.0213881
-0.00105587
-0.00423493
0.0121776
-0.000837392
-0.00286298
0.00510028
-0.000329967
0.00751347
0.0595764
0.000217952
0.00737788
0.0463252
0.000118693
0.00699194
0.0333712
3.67117e-05
0.00582118
0.021603
-0.000137996
0.00465542
0.0119247
-0.000159814
0.00323718
0.00510882
2.89636e-05
-5.34029e-05
0.0601739
-0.000344907
3.53724e-05
0.0468427
-0.000422783
0.00012335
0.0337457
-0.000508518
-3.41658e-06
0.0218714
-0.000645095
0.000372886
0.0121355
-0.000452868
0.0005967
0.00488581
-0.000158112
3.81232e-05
0.0590289
-0.000341686
0.000107652
0.0457759
-0.000419374
0.000181577
0.0327331
-0.000514631
2.34519e-05
0.0209752
-0.000470177
9.38702e-05
0.0113119
-0.000433551
0.000106307
0.00466337
-0.000194969
-0.00100609
0.00135787
6.9181e-05
-0.00470807
0.0240623
-0.000882723
