-0.00765394
0.0666831
-0.00138746
0.00759173
0.0666572
0.000307489
0.000377913
0.000203255
0.000114323
-0.000234192
-5.02657e-05
-8.35833e-05
-0.00768317
0.0683566
-0.00137415
0.00755382
0.0683666
0.000286799
0.000209607
-3.21875e-07
-0.000109537
-0.000242506
0.000119179
0.000113617
-0.00758873
0.0535097
-0.00143352
-0.00730565
0.0402712
-0.00151062
-0.00662331
0.0274483
-0.00161314
-0.0054361
0.0169216
-0.00160089
-0.00382678
0.00842122
-0.000970372
-0.00218498
0.00279098
-0.000444692
0.00759204
0.0534306
0.000246128
0.00741971
0.0401456
0.000189291
0.00672399
0.027841
0.000302415
0.00547946
0.0161983
0.000102005
0.00404517
0.00830042
0.000229134
0.00235672
0.00276881
0.00061812
-0.00764042
0.0551501
-0.00138816
-0.00733919
0.0418333
-0.00136829
-0.00666359
0.028862
-0.00127141
-0.00533946
0.0183312
-0.000853327
-0.00357567
0.00918566
-0.000530765
-0.00198154
0.00250624
0.000158906
0.00756205
0.0550786
0.000202237
0.00741261
0.0417214
5.60256e-05
0.00663069
0.0291946
-0.000117798
0.00555535
0.0175363
-0.000382899
0.0045086
0.0089913
-0.000257691
0.00254528
0.00344751
4.73691e-06
-4.06682e-05
0.0666721
-0.000547802
-0.00113386
0.0011372
-0.000176223
-0.00765283
0.0675251
-0.00137247
0.00148228
0.00110572
0.000414394
0.00752396
0.0675156
0.000293308
-0.00017576
-0.00016707
9.47011e-05
0.000494384
0.000172112
-0.000113472
-0.000443507
0.000104374
-8.00256e-05
-8.662e-05
0.068352
-0.00055104
-0.000952579
0.000844817
0.000442169
0.00128573
0.00132003
-0.000240178
1.90269e-05
-8.18922e-05
5.84478e-05
-0.00763797
0.0601318
-0.00140609
-0.00748259
0.0468738
-0.00146899
-0.0070247
0.0338126
-0.00154147
-0.00636842
0.0216537
-0.00157748
-0.00456391
0.0122534
-0.00125403
-0.00307595
0.00527327
-0.000658189
0.00759733
0.0600789
0.000275562
0.00754413
0.0467744
0.000219388
0.00718857
0.0337584
0.000182766
0.00620132
0.021992
0.000313668
0.00473597
0.0120548
0.000141657
0.0032735
0.00516829
0.000375817
-0.00768296
0.0617962
-0.00137953
-0.00753368
0.0484655
-0.00138266
-0.0070725
0.0353024
-0.00131526
-0.00616459
0.0230812
-0.00117501
-0.00436325
0.0133073
-0.000762171
-0.00281001
0.00568143
-0.000188474
0.00756339
0.0617618
0.000259353
0.00749968
0.0483885
0.000132358
0.00722482
0.0351768
-2.07425e-05
0.00606742
0.0232955
-0.000237367
0.00507179
0.0130644
-0.000309514
0.00378032
0.00559322
-0.000169005
-0.00758235
0.0543407
-0.00142025
-0.00732231
0.0410935
-0.00144945
-0.00668798
0.0282749
-0.00142808
-0.00535284
0.0178541
-0.00127453
-0.00370367
0.00885722
-0.000804228
-0.00229618
0.00264256
-0.000202604
0.00748617
0.0542623
0.000215897
0.00727591
0.0409739
0.000114195
0.0065503
0.0285275
0.000155208
0.00537114
0.0169739
-0.000231994
0.00411898
0.00874428
-4.82339e-05
0.002375
0.00316268
0.00033096
-5.93877e-05
0.0551017
-0.00060141
3.07118e-05
0.0417417
-0.000668381
0.000120323
0.0288174
-0.000719806
0.000101884
0.0177647
-0.000537422
0.000488752
0.00889108
-0.000402516
0.000594564
0.00263993
-6.65126e-05
1.36331e-05
0.0534507
-0.000595124
0.000101657
0.0401296
-0.000657068
7.89115e-05
0.0275024
-0.00077659
-0.000119446
0.0162688
-0.000642012
7.08031e-05
0.00810921
-0.000399253
4.05489e-05
0.0023995
-9.58789e-05
-2.68754e-05
0.000819593
-4.95904e-05
6.20053e-05
0.000646871
-8.81726e-05
-7.2329e-05
0.0675192
-0.000538069
0.00150359
0.00115114
2.70984e-05
-2.01818e-06
-0.000157087
-8.5622e-06
-0.00127887
0.000942594
0.00010895
-0.0076309
0.0609739
-0.00139849
-0.00748419
0.0476848
-0.00143653
-0.0070323
0.0345911
-0.0014532
-0.00631133
0.0223955
-0.00139624
-0.00440832
0.012903
-0.00109143
-0.00301521
0.00550284
-0.000485153
0.00751891
0.0609168
0.000264125
0.00739376
0.0475973
0.000163379
0.00703151
0.034545
8.18828e-05
0.00591505
0.0225916
-7.73095e-05
0.00478091
0.0126434
-0.000105474
0.0033623
0.00549495
7.7789e-05
-9.34681e-05
0.0617795
-0.000567514
-3.4635e-06
0.0483747
-0.000631604
9.45451e-05
0.0351543
-0.000688981
-1.40639e-05
0.0230682
-0.000777688
0.000363628
0.0130072
-0.000547465
0.000620047
0.00536671
-0.000204717
-1.46518e-05
0.0600985
-0.000565617
4.89674e-05
0.0467906
-0.000629673
0.000116726
0.0336803
-0.000698427
-3.22085e-05
0.0217731
-0.000613542
5.03159e-05
0.0118793
-0.000535871
7.47642e-05
0.00494083
-0.000251264
-0.00105459
0.00154964
2.05304e-05
-0.00481193
0.0252506
-0.00118447
