-0.00767638
0.0675756
-0.00207277
0.0074657
0.0675565
0.000318446
0.000404572
0.000217642
0.000127517
-0.00025724
-5.17775e-05
-9.49156e-05
-0.00767279
0.0699467
-0.00205901
0.00745861
0.0699544
0.000302554
0.000229394
4.53628e-06
-0.000117125
-0.000265109
0.000137061
0.000118892
-0.00762449
0.0545155
-0.00207974
-0.00738635
0.0414044
-0.00208352
-0.00678591
0.0286262
-0.00206882
-0.00565496
0.0179125
-0.00195028
-0.00408719
0.00908648
-0.00122224
-0.0023788
0.00306852
-0.000574063
0.00746567
0.054449
0.000280709
0.00731734
0.041293
0.000238431
0.00670145
0.0289718
0.00036127
0.00556522
0.0172143
0.000200604
0.00419966
0.00893418
0.000320744
0.00249858
0.0030066
0.000706233
-0.00763484
0.0568457
-0.00203939
-0.00736448
0.0436084
-0.00195545
-0.00674197
0.0306127
-0.0017515
-0.00550189
0.0197692
-0.0012377
-0.00378214
0.0102042
-0.000780251
-0.00211868
0.00295078
7.71837e-05
0.00747489
0.0567746
0.000244545
0.00737028
0.043488
0.00012442
0.00668854
0.0308983
-2.17647e-05
0.00570833
0.0190059
-0.00025448
0.00472798
0.00996226
-0.00015934
0.00272694
0.00393268
7.28975e-05
-0.000113325
0.0675679
-0.000882521
-0.00124831
0.00126816
-0.000235323
-0.00765976
0.0687667
-0.00205821
0.00158647
0.0012036
0.000477809
0.0074219
0.0687591
0.000306453
-0.000195298
-0.000183074
9.46913e-05
0.000530839
0.00018591
-0.000110896
-0.000483451
0.000124119
-9.09778e-05
-0.000126935
0.0699426
-0.000883726
-0.00101763
0.00104398
0.00043046
0.0013989
0.00155624
-0.00021598
2.39611e-05
-7.68903e-05
6.13183e-05
-0.00766364
0.0610746
-0.00207524
-0.00753724
0.047945
-0.0020826
-0.00714339
0.0349795
-0.00206373
-0.00653981
0.0227829
-0.00199519
-0.00481771
0.0131029
-0.00155836
-0.00331791
0.00574056
-0.00084936
0.00747015
0.0610319
0.000300897
0.00742439
0.0478584
0.000260507
0.00711466
0.0349261
0.000240693
0.00623132
0.0230776
0.000390815
0.00486779
0.0128859
0.000236907
0.00343318
0.00559834
0.000467181
-0.00767225
0.0634352
-0.00205158
-0.00753925
0.050213
-0.00200629
-0.00711955
0.0370809
-0.00185744
-0.00628104
0.0247209
-0.0016147
-0.00456653
0.0145698
-0.00107882
-0.00299403
0.00642551
-0.000362715
0.00747013
0.0634015
0.000288502
0.00743368
0.0501276
0.000188025
0.0072185
0.0369443
6.28338e-05
0.00618131
0.0249089
-0.000119855
0.00526208
0.0142948
-0.000197878
0.00400818
0.0062958
-8.14107e-05
-0.00759967
0.055691
-0.00206772
-0.00737176
0.0425406
-0.00202964
-0.00679847
0.029734
-0.00190383
-0.00553387
0.0190621
-0.0016404
-0.00392752
0.00969951
-0.00105958
-0.00246875
0.00300731
-0.00032392
0.00739094
0.0556226
0.000253995
0.00721331
0.0424342
0.000171025
0.00656979
0.0299454
0.000225193
0.00549183
0.0182253
-0.000116339
0.00428743
0.00956275
4.13965e-05
0.0025249
0.00352014
0.000406253
-9.9158e-05
0.0567993
-0.000903283
-6.94656e-06
0.0435161
-0.00092252
9.71899e-05
0.0305606
-0.000913066
8.41789e-05
0.0192271
-0.000667737
0.000491243
0.00988642
-0.000477723
0.000639334
0.00308682
-8.31841e-05
-6.8176e-05
0.0544663
-0.000899683
6.14717e-06
0.0412819
-0.000918806
-1.315e-05
0.0286721
-0.000968004
-0.000175891
0.0172855
-0.000783338
2.02681e-05
0.00875804
-0.00048364
1.03032e-05
0.00263523
-0.000126993
-4.8722e-05
0.000910016
-6.71098e-05
7.52588e-05
0.000834727
-0.000107256
-0.000127316
0.0687619
-0.0008731
0.00161109
0.00130349
6.6697e-05
3.96931e-06
-0.000158204
-3.79608e-06
-0.00137955
0.00111876
6.30755e-05
-0.00764092
0.0622641
-0.00206749
-0.00751434
0.0490939
-0.0020551
-0.00711321
0.0360624
-0.00198499
-0.00644722
0.0237792
-0.00181991
-0.00462511
0.0139535
-0.00140309
-0.00322304
0.00611126
-0.000676996
0.00741823
0.0622166
0.000291083
0.00731338
0.0490125
0.000210805
0.0069991
0.0360137
0.000149166
0.00599377
0.023943
2.69288e-05
0.00493098
0.0136867
-7.06633e-06
0.00353214
0.00607713
0.000161212
-0.00013172
0.0634195
-0.000887062
-4.52576e-05
0.0501276
-0.00091334
6.06649e-05
0.0369356
-0.000915544
-2.15888e-05
0.0247003
-0.000927723
0.000347366
0.0142593
-0.000649155
0.00064713
0.00608197
-0.000250715
-9.16772e-05
0.0610485
-0.000887019
-3.86417e-05
0.0478729
-0.000913038
2.02093e-05
0.0348591
-0.000929007
-0.000108677
0.0228785
-0.000782104
-9.30383e-06
0.0127291
-0.000646999
3.46958e-05
0.00538005
-0.000309217
-0.00112556
0.00184393
-3.74374e-05
-0.00489765
0.0268502
-0.00156129
