-0.00758084
0.0680036
-0.00288829
0.00718934
0.0679937
0.000200137
0.000439456
0.000237173
0.000143276
-0.000285014
-5.31771e-05
-0.000107813
-0.0075013
0.071075
-0.00287507
0.00725731
0.07108
0.000190748
0.000253733
1.04946e-05
-0.000126423
-0.000294497
0.000159665
0.000125979
-0.00754823
0.0552947
-0.00281643
-0.00737568
0.0425458
-0.0027059
-0.00689664
0.0300001
-0.00253797
-0.0058672
0.0191528
-0.00229083
-0.00438285
0.00996481
-0.0014695
-0.00260937
0.00345304
-0.000701515
0.00719
0.0552467
0.000226911
0.00708211
0.0424545
0.000239498
0.00659228
0.0302742
0.000399747
0.0056275
0.0185016
0.00031091
0.00437848
0.00977106
0.000432329
0.0026787
0.0033394
0.000815534
-0.00747246
0.0583196
-0.00278491
-0.00725729
0.0454012
-0.00260184
-0.00673226
0.0325764
-0.00226267
-0.00563846
0.0214655
-0.00164048
-0.00401678
0.0114567
-0.00103363
-0.00228996
0.00351067
1.0003e-06
0.0072817
0.0582546
0.000202119
0.00723399
0.0452794
0.000153842
0.006697
0.0327977
7.45659e-05
0.00585997
0.0207647
-9.70835e-05
0.004978
0.0111626
-3.44252e-05
0.00294484
0.00454032
0.000158635
-0.000201033
0.0680004
-0.00134625
-0.00138646
0.00145275
-0.000292491
-0.00752808
0.0695447
-0.00287516
0.0017211
0.00134594
0.000557658
0.00719483
0.0695401
0.00019163
-0.000216081
-0.000200061
9.62933e-05
0.000577241
0.000204534
-0.00010886
-0.000533163
0.000148611
-0.000103548
-0.00013872
0.0710719
-0.00134528
-0.00110272
0.00129552
0.000427034
0.00153729
0.00185471
-0.000185394
2.8709e-05
-7.04932e-05
6.56601e-05
-0.0075729
0.0616696
-0.00285533
-0.00748833
0.0489097
-0.0027658
-0.00718831
0.0362547
-0.0026176
-0.00667071
0.0241569
-0.00241655
-0.00509259
0.0141991
-0.00185684
-0.00360002
0.00637113
-0.00103717
0.0071924
0.0616415
0.000217224
0.00716064
0.048842
0.000233832
0.00692535
0.0362024
0.00026816
0.00620415
0.0243909
0.000459754
0.00500515
0.0139601
0.00034955
0.0036288
0.00617982
0.000579907
-0.00750066
0.0647296
-0.00283677
-0.00739716
0.0518621
-0.00270629
-0.00705331
0.0389813
-0.00244496
-0.00633682
0.0266209
-0.00207566
-0.00477861
0.0160973
-0.00140496
-0.00321435
0.00735128
-0.000536866
0.00727019
0.0646998
0.000210137
0.00726666
0.0517744
0.000182438
0.00713103
0.0388404
0.000128007
0.00627377
0.0267751
1.41605e-05
0.00546803
0.0157926
-5.79537e-05
0.00427604
0.00717446
2.93598e-05
-0.00748428
0.0568164
-0.00280675
-0.00730802
0.0439981
-0.002663
-0.00683395
0.0313921
-0.00240279
-0.00569432
0.0205168
-0.00201028
-0.00417858
0.0107641
-0.00131462
-0.00267424
0.00348384
-0.000444857
0.00717372
0.0567639
0.000206355
0.0070444
0.0439116
0.000185134
0.00652501
0.0315461
0.000282245
0.00560104
0.0197532
2.28532e-05
0.00447913
0.0105974
0.000153513
0.00270783
0.00398545
0.000499094
-0.000113209
0.0582791
-0.00129416
-2.73226e-05
0.0453147
-0.00122498
8.55961e-05
0.0325193
-0.00112176
7.60317e-05
0.0209694
-0.000797776
0.000494447
0.0111174
-0.000542804
0.000690031
0.00365026
-9.15571e-05
-0.000169062
0.05526
-0.00129359
-0.0001123
0.0424507
-0.00123032
-0.000123177
0.0300334
-0.00117113
-0.000237286
0.0185728
-0.000919561
-3.56517e-05
0.00961883
-0.000556935
-1.9545e-05
0.00296945
-0.000149684
-6.89486e-05
0.00104478
-8.06565e-05
8.83531e-05
0.00107336
-0.000124868
-0.000174913
0.0695416
-0.00133791
0.00174436
0.00150724
0.000114867
1.14813e-05
-0.000158451
1.0322e-06
-0.00150348
0.00134847
2.0486e-05
-0.0075142
0.0632074
-0.00284794
-0.00741951
0.0503997
-0.00274573
-0.00709932
0.0376469
-0.00255367
-0.00652663
0.0254161
-0.00225429
-0.00485326
0.0152559
-0.0017146
-0.00346457
0.00689218
-0.00086878
0.00719286
0.0631742
0.000210148
0.00711792
0.0503301
0.000194969
0.00687602
0.0375968
0.000192209
0.00603909
0.0255366
0.000141111
0.005089
0.0149835
0.000113747
0.00373421
0.00682408
0.000265432
-0.000141216
0.0647164
-0.00131632
-6.60059e-05
0.051789
-0.00126405
3.97995e-05
0.0388476
-0.00117327
-1.28796e-05
0.0265942
-0.001078
0.000332024
0.0157834
-0.000742303
0.000677424
0.0069777
-0.000287006
-0.00018573
0.0616536
-0.00131833
-0.000147406
0.0488547
-0.00126479
-9.84799e-05
0.0361529
-0.00119019
-0.000195659
0.0242229
-0.000957014
-7.7501e-05
0.0138319
-0.000748557
-7.44203e-06
0.00597754
-0.000356739
-0.0012132
0.00222202
-9.24038e-05
-0.00492806
0.0286892
-0.00195452
