-0.0075208
0.0680315
-0.00318249
0.00706447
0.068025
9.98184e-05
0.000452667
0.000244782
0.000148765
-0.000294924
-5.35325e-05
-0.000112172
-0.00740089
0.0712982
-0.00316977
0.00717295
0.0713023
9.28268e-05
0.000262594
1.26106e-05
-0.000129886
-0.000305414
0.000167811
0.000128784
-0.00749566
0.0554929
-0.00307123
-0.00734861
0.0429162
-0.00291094
-0.00691719
0.0304904
-0.00268417
-0.00593155
0.0196136
-0.00238986
-0.00448424
0.0103014
-0.00154068
-0.00269105
0.00360497
-0.000737654
0.00706563
0.0554521
0.000162412
0.0069747
0.0428327
0.000207974
0.00653606
0.0307359
0.000392038
0.00564095
0.018983
0.000338027
0.0044409
0.0100921
0.000466333
0.00274534
0.00347215
0.000852734
-0.00737611
0.0587124
-0.0030435
-0.00718481
0.0459557
-0.00281699
-0.00670249
0.0332362
-0.00242671
-0.00567119
0.0220558
-0.0017662
-0.00409532
0.0119041
-0.00110929
-0.0023519
0.00371306
-1.89827e-05
0.0071996
0.058651
0.000142035
0.00717187
0.045836
0.000133355
0.00669061
0.0334336
9.0102e-05
0.00591
0.0213833
-5.09499e-05
0.00506593
0.0115939
5.25905e-06
0.00302325
0.00476011
0.000187407
-0.000232308
0.0680301
-0.00154237
-0.0014359
0.00152642
-0.00030819
-0.0074487
0.0696701
-0.00317011
0.00177143
0.00140404
0.000585765
0.00709459
0.0696667
9.27305e-05
-0.000222813
-0.000205353
9.74205e-05
0.000594543
0.000211817
-0.000108618
-0.000551211
0.00015739
-0.000107667
-0.000129483
0.0712956
-0.00154074
-0.00113471
0.00138632
0.000429248
0.00158753
0.00196321
-0.000175529
3.01779e-05
-6.82994e-05
6.7398e-05
-0.00751476
0.0617795
-0.00313115
-0.00744633
0.0491962
-0.00299661
-0.00718287
0.036692
-0.00279552
-0.00670083
0.0246586
-0.00254419
-0.00518374
0.0146135
-0.00194345
-0.00369854
0.00661606
-0.00109074
0.00706705
0.061757
0.000135411
0.00704143
0.0491359
0.000185879
0.00683679
0.0366401
0.000251979
0.00618102
0.0248699
0.000466609
0.0050496
0.0143668
0.00038115
0.00369961
0.00640636
0.000616465
-0.00740032
0.0650347
-0.00311479
-0.00730965
0.0523414
-0.00294415
-0.00699897
0.0395969
-0.00263706
-0.00633492
0.0272741
-0.00222048
-0.00484428
0.0166376
-0.00150453
-0.00329137
0.00768414
-0.000587463
0.00718599
0.065007
0.000130307
0.00719356
0.0522551
0.000142607
0.00708694
0.0394572
0.00012649
0.00630045
0.0274165
4.76637e-05
0.00553887
0.0163255
-1.51621e-05
0.00437143
0.00749232
6.54987e-05
-0.0074115
0.0571113
-0.00306258
-0.00725645
0.044457
-0.00287238
-0.00682337
0.0319621
-0.00256068
-0.00573734
0.0210363
-0.00212192
-0.00426295
0.0111554
-0.00138938
-0.00274662
0.00366235
-0.000479471
0.00707726
0.0570652
0.000144481
0.00696679
0.0443784
0.000159098
0.00649652
0.0320947
0.000282287
0.00563359
0.0203032
6.20853e-05
0.00454623
0.010978
0.000188386
0.00277424
0.00415991
0.000530155
-0.000105601
0.0586748
-0.00145246
-2.44863e-05
0.045873
-0.00134085
8.8752e-05
0.0331786
-0.0011964
7.92565e-05
0.0215801
-0.000841388
0.000497648
0.0115593
-0.000561504
0.000708083
0.00385436
-9.23581e-05
-0.000205422
0.0554638
-0.00145284
-0.000154924
0.0428318
-0.0013492
-0.000161739
0.0305185
-0.00124289
-0.000257759
0.019054
-0.000963187
-5.44352e-05
0.00994968
-0.000577555
-2.85892e-05
0.00310358
-0.000154334
-7.46217e-05
0.00110048
-8.34378e-05
9.25535e-05
0.00115983
-0.000129964
-0.000185104
0.0696677
-0.0015346
0.00179317
0.001585
0.000130892
1.41683e-05
-0.000158384
2.44517e-06
-0.00154837
0.00143394
9.76168e-06
-0.00743685
0.0634143
-0.00312403
-0.00735517
0.050782
-0.00297948
-0.00706808
0.0381719
-0.00273756
-0.00653475
0.0259938
-0.002388
-0.00492605
0.0157292
-0.00180679
-0.00354803
0.00718181
-0.000924516
0.0070932
0.0633866
0.000129477
0.00702987
0.0507178
0.000151603
0.00681657
0.0381217
0.000182528
0.00604634
0.0260984
0.000166856
0.00514173
0.0154556
0.000149287
0.00380676
0.00710135
0.00029919
-0.000131269
0.0650227
-0.00149433
-6.19165e-05
0.0522741
-0.00140238
4.09585e-05
0.0394695
-0.00126888
-2.53657e-06
0.0272463
-0.00112926
0.000330174
0.0163251
-0.000771031
0.000689045
0.00730154
-0.000296301
-0.000219464
0.0617672
-0.00149697
-0.000186701
0.049148
-0.00140318
-0.000140921
0.0365978
-0.00128653
-0.0002252
0.0247144
-0.0010172
-0.000101004
0.01425
-0.00077923
-2.09991e-05
0.00621092
-0.000368919
-0.00124461
0.00236096
-0.000107254
-0.0049201
0.0293206
-0.0020796
