-0.00748875
0.068025
-0.00332018
0.00700229
0.06802
3.72285e-05
0.000458917
0.000248429
0.000151251
-0.00029949
-5.36591e-05
-0.000114124
-0.00734683
0.0713675
-0.00330776
0.00713295
0.0713712
3.13414e-05
0.000266719
1.35771e-05
-0.000131528
-0.000310511
0.000171549
0.00013015
-0.00746712
0.0555726
-0.00318791
-0.00733214
0.0430825
-0.00300241
-0.00692334
0.030718
-0.00274734
-0.00595926
0.0198308
-0.0024307
-0.00453027
0.0104618
-0.00156955
-0.00272862
0.00367831
-0.000752026
0.00700374
0.0555352
0.000119551
0.00692105
0.0430026
0.000183707
0.00650706
0.03095
0.000381612
0.0056455
0.0192103
0.000346176
0.00446937
0.0102453
0.000479747
0.00277648
0.00353652
0.000869081
-0.00732406
0.0588678
-0.00316206
-0.00714455
0.0461941
-0.00291339
-0.0066834
0.0335311
-0.00249864
-0.0056828
0.0223238
-0.00182015
-0.00413016
0.0121093
-0.0011407
-0.00238047
0.00380623
-2.64336e-05
0.00716049
0.0588084
0.000101254
0.00714177
0.046076
0.000114303
0.00668673
0.0337175
9.08154e-05
0.00593291
0.0216655
-3.36718e-05
0.00510657
0.0117924
2.14244e-05
0.00305967
0.00486147
0.000199854
-0.000246806
0.0680243
-0.001642
-0.00145874
0.00156211
-0.000314263
-0.00740605
0.0697015
-0.00330819
0.00179507
0.00143248
0.000598437
0.00704553
0.0696986
3.08235e-05
-0.000225783
-0.000207604
9.80765e-05
0.000602682
0.000215323
-0.000108638
-0.000559572
0.000161422
-0.000109452
-0.000121876
0.0713651
-0.0016401
-0.00114977
0.00142805
0.000431108
0.00161091
0.00201334
-0.00017142
3.08211e-05
-6.73378e-05
6.82328e-05
-0.00748359
0.0618146
-0.00325892
-0.00742279
0.0493203
-0.00310099
-0.00717665
0.0368923
-0.00287375
-0.00671185
0.0248935
-0.00259828
-0.00522457
0.0148099
-0.00197893
-0.00374359
0.00673344
-0.00111224
0.00700465
0.0617947
8.28994e-05
0.00698207
0.0492635
0.000152372
0.00679226
0.0368407
0.000236338
0.0061679
0.0250941
0.000463972
0.00506918
0.0145597
0.000392513
0.00373241
0.00651511
0.000631827
-0.0073463
0.0651457
-0.00324364
-0.00726198
0.052541
-0.00305198
-0.00696772
0.0398675
-0.00272223
-0.00632951
0.0275691
-0.00228305
-0.00487221
0.0168845
-0.00154659
-0.0033263
0.00783718
-0.000607992
0.00714599
0.0651192
7.87137e-05
0.00715846
0.0524558
0.000112919
0.00706515
0.039729
0.000117779
0.00631228
0.0277061
5.78999e-05
0.0055715
0.0165697
1.59202e-06
0.00441558
0.007639
8.06731e-05
-0.00737203
0.0572286
-0.00317978
-0.00722725
0.0446577
-0.00296593
-0.00681404
0.0322209
-0.0026294
-0.00575437
0.0212758
-0.00216896
-0.0043007
0.0113378
-0.00142005
-0.00277973
0.00374615
-0.000493292
0.00702996
0.0571856
0.000102905
0.00692841
0.0445829
0.000137508
0.00648153
0.0323435
0.000275637
0.00564766
0.0205575
7.61469e-05
0.0045771
0.0111555
0.000202339
0.00280514
0.00424193
0.000543626
-9.89163e-05
0.0588319
-0.00153167
-2.05307e-05
0.0461136
-0.00139774
9.22092e-05
0.0334736
-0.00123216
8.24617e-05
0.0218582
-0.000861732
0.000499885
0.0117624
-0.000569548
0.00071653
0.00394845
-9.2392e-05
-0.000222321
0.0555462
-0.00153245
-0.000174681
0.0430031
-0.00140739
-0.000179416
0.0307438
-0.00127715
-0.000267046
0.0192811
-0.000983039
-6.29434e-05
0.0101076
-0.000586241
-3.24791e-05
0.00316876
-0.000155808
-7.69418e-05
0.00112786
-8.42622e-05
9.44361e-05
0.00119963
-0.000132081
-0.000188159
0.0696994
-0.00163453
0.00181596
0.00162185
0.000137842
1.53944e-05
-0.000158342
3.02436e-06
-0.00156919
0.00147389
5.96172e-06
-0.00739519
0.063487
-0.00325195
-0.00731978
0.0509435
-0.00308526
-0.00704868
0.0384066
-0.00281865
-0.00653459
0.0262588
-0.00244516
-0.00495781
0.0159488
-0.00184502
-0.00358586
0.00731728
-0.000947138
0.00704439
0.063462
7.75204e-05
0.00698655
0.0508819
0.000120336
0.00678685
0.0383566
0.000170052
0.00604838
0.0263562
0.000173418
0.00516557
0.0156749
0.00016267
0.00384044
0.00723113
0.000313314
-0.000123362
0.0651343
-0.00158413
-5.70827e-05
0.0524765
-0.00147095
4.38116e-05
0.0397436
-0.00131528
4.15998e-06
0.027541
-0.0011535
0.000330492
0.0165731
-0.000783915
0.000694808
0.00745086
-0.000300031
-0.000235125
0.0618041
-0.00158703
-0.000204965
0.0492753
-0.00147171
-0.000160537
0.0368018
-0.00133315
-0.000238595
0.0249446
-0.00104553
-0.000111774
0.0144485
-0.000792757
-2.70153e-05
0.00632304
-0.000373705
-0.00125903
0.00242547
-0.000112934
-0.00491253
0.0296059
-0.00213441
