-0.00745616
0.0680079
-0.00345093
0.00694127
0.0680043
-3.38058e-05
0.000464865
0.000251934
0.00015354
-0.000303757
-5.37499e-05
-0.000115908
-0.00729116
0.0714109
-0.00343882
0.00709524
0.0714142
-3.86658e-05
0.000270603
1.44723e-05
-0.000133099
-0.000315312
0.00017502
0.000131482
-0.00743788
0.0556407
-0.00329691
-0.00731435
0.0432359
-0.00308614
-0.00692706
0.0309326
-0.00280369
-0.00598399
0.0200373
-0.00246563
-0.0045729
0.0106154
-0.00159377
-0.00276371
0.00374915
-0.000763811
0.00694302
0.0556065
6.93196e-05
0.00686831
0.0431595
0.000153354
0.00647799
0.0311515
0.000366377
0.00564867
0.0194267
0.000350236
0.00449574
0.010392
0.000490407
0.00280587
0.00359892
0.000883683
-0.00727037
0.0589965
-0.00327289
-0.00710236
0.0464055
-0.00300192
-0.00666196
0.0338003
-0.00256352
-0.00569128
0.0225712
-0.00186785
-0.00416172
0.0123
-0.00116761
-0.00240714
0.00389303
-3.21274e-05
0.00712351
0.0589392
5.29906e-05
0.00711304
0.0462894
8.88959e-05
0.00668279
0.0339764
8.62459e-05
0.00595445
0.0219268
-2.08618e-05
0.00514476
0.0119774
3.47299e-05
0.00309393
0.00495607
0.000210801
-0.000260477
0.068008
-0.00174241
-0.00148013
0.00159668
-0.000319096
-0.00736234
0.0697145
-0.00343934
0.00181745
0.00146021
0.000610025
0.00699807
0.0697121
-3.95555e-05
-0.000228476
-0.000209573
9.87878e-05
0.000610401
0.000218704
-0.000108755
-0.00056741
0.000165174
-0.00011103
-0.000112344
0.0714087
-0.00174029
-0.00116404
0.00146685
0.000433455
0.00163292
0.00206019
-0.000167942
3.14041e-05
-6.64826e-05
6.90343e-05
-0.00745186
0.0618387
-0.00337931
-0.00739828
0.0494322
-0.00319759
-0.00716859
0.0370796
-0.00294454
-0.00672044
0.0251158
-0.00264569
-0.00526204
0.0149974
-0.00200905
-0.00378549
0.00684628
-0.00113005
0.00694344
0.0618214
2.24247e-05
0.00692382
0.0493787
0.00011215
0.0067483
0.0370281
0.000215211
0.00615406
0.0253065
0.000456859
0.00508687
0.0147439
0.000400489
0.00376316
0.00661977
0.000644943
-0.00729069
0.0652303
-0.00336508
-0.00721257
0.0527135
-0.00315192
-0.0069344
0.0401117
-0.00279976
-0.00632139
0.0278403
-0.00233876
-0.00489663
0.0171134
-0.00158324
-0.0033585
0.00797965
-0.00062518
0.00710825
0.065205
1.90949e-05
0.00712512
0.0526297
7.63043e-05
0.00704418
0.0399746
0.000103224
0.00632329
0.0279724
6.3183e-05
0.00560218
0.0167968
1.47455e-05
0.00445706
0.00777597
9.36021e-05
-0.00733137
0.0573267
-0.00328929
-0.00719648
0.0448386
-0.00305165
-0.00680246
0.0324604
-0.00269104
-0.00576845
0.0214996
-0.00220993
-0.00433522
0.0115095
-0.00144605
-0.00281051
0.00382542
-0.000504659
0.00698417
0.0572866
5.39192e-05
0.00689107
0.0447675
0.000109751
0.00646649
0.0325735
0.000264058
0.00566032
0.0207956
8.59408e-05
0.00460597
0.0113228
0.000213598
0.00283425
0.00431962
0.000555514
-9.03629e-05
0.0589621
-0.0016108
-1.48822e-05
0.0463274
-0.00145397
9.69437e-05
0.0337431
-0.00126702
8.67597e-05
0.0221155
-0.00088122
0.0005026
0.0119517
-0.000576813
0.000724556
0.00403622
-9.22361e-05
-0.000238267
0.0556168
-0.00161192
-0.000193273
0.0431613
-0.00146479
-0.000195925
0.030956
-0.00131048
-0.000275705
0.0194973
-0.00100172
-7.08466e-05
0.0102589
-0.000593934
-3.59566e-05
0.00323201
-0.000156749
-7.89271e-05
0.00115464
-8.47132e-05
9.61755e-05
0.00123668
-0.000133908
-0.000189858
0.0697127
-0.00173525
0.00183747
0.00165693
0.000143983
1.65271e-05
-0.000158303
3.51588e-06
-0.00158875
0.00151152
3.24997e-06
-0.00735243
0.0635411
-0.00337251
-0.00728305
0.0510854
-0.0031832
-0.00702733
0.0386215
-0.0028922
-0.00653193
0.0265058
-0.00249562
-0.00498632
0.0161551
-0.0018778
-0.00362078
0.00744514
-0.000966084
0.00699717
0.0635186
1.75799e-05
0.00694452
0.0510264
8.22872e-05
0.00675777
0.0385717
0.000151991
0.00604956
0.0265964
0.000175214
0.00518764
0.015881
0.000172671
0.00387211
0.00735368
0.000325312
-0.00011357
0.0652196
-0.00167427
-5.04104e-05
0.0526519
-0.00153909
4.82049e-05
0.0399912
-0.00136082
1.1856e-05
0.0278122
-0.00117701
0.000331715
0.0168036
-0.000795931
0.000700546
0.00759018
-0.000303216
-0.000249899
0.0618299
-0.00167739
-0.000222193
0.0493903
-0.00153976
-0.000178961
0.0369926
-0.00137882
-0.00025103
0.0251628
-0.00107281
-0.00012186
0.014638
-0.000805198
-3.25223e-05
0.00643099
-0.00037768
-0.00127246
0.00248595
-0.000117399
-0.00490283
0.0298686
-0.00218391
