-0.00739177
0.0679499
-0.00368994
0.00682534
0.0679488
-0.000201292
0.000475673
0.000258407
0.000157459
-0.000311283
-5.38189e-05
-0.000118933
-0.0071778
0.0714257
-0.00367851
0.00702893
0.0714285
-0.000204367
0.000277546
1.60214e-05
-0.000135992
-0.000323866
0.000181043
0.000134011
-0.0073795
0.0557458
-0.00349067
-0.00727666
0.0435033
-0.00322971
-0.00692829
0.0313179
-0.0028957
-0.00602468
0.0204129
-0.0025177
-0.00464715
0.0108979
-0.001628
-0.00282562
0.00388122
-0.000779388
0.00682772
0.0557175
-5.37791e-05
0.00676781
0.0434332
7.3479e-05
0.006421
0.0315131
0.000320477
0.00565099
0.0198208
0.000344897
0.00454149
0.0106621
0.000502558
0.0028584
0.00371588
0.000907023
-0.00716078
0.0591753
-0.00347009
-0.00701445
0.0467449
-0.00315445
-0.0066134
0.0342557
-0.00267153
-0.00569894
0.0229974
-0.00194386
-0.00421411
0.0126326
-0.00120749
-0.00245396
0.0040447
-3.81445e-05
0.00705813
0.0591224
-6.65819e-05
0.00706167
0.0466334
1.79224e-05
0.00667577
0.0344138
5.98523e-05
0.00599349
0.0223799
-1.01727e-05
0.00521311
0.0123015
5.17324e-05
0.00315519
0.00512207
0.000227665
-0.000285222
0.0679512
-0.00194482
-0.00151804
0.00166136
-0.000324944
-0.00727426
0.0696927
-0.00367913
0.0018577
0.00151266
0.000629521
0.00691029
0.0696912
-0.000205841
-0.000233
-0.000212622
0.000100352
0.00062436
0.000224995
-0.000109279
-0.000581287
0.000171727
-0.000113512
-8.78277e-05
0.071424
-0.00194238
-0.00118977
0.00153442
0.000439528
0.00167227
0.00214253
-0.000163086
3.23918e-05
-6.51327e-05
7.05068e-05
-0.00738902
0.0618598
-0.00359652
-0.00734843
0.0496208
-0.00336646
-0.00714844
0.0374119
-0.0030633
-0.00673114
0.0255175
-0.00272026
-0.00532645
0.0153405
-0.00205294
-0.00385899
0.00705502
-0.00115434
0.00682718
0.061847
-0.000122718
0.00681315
0.0495734
1.08293e-05
0.00666402
0.0373607
0.000155464
0.00612499
0.0256907
0.000428176
0.00511614
0.0150811
0.000405217
0.00381753
0.00681376
0.00066367
-0.00717747
0.0653246
-0.00358428
-0.00711107
0.0529767
-0.00332702
-0.00686335
0.0405158
-0.00293113
-0.00629784
0.0283047
-0.00242902
-0.00493446
0.0175107
-0.00163979
-0.00341372
0.00822853
-0.000649208
0.0070417
0.0653017
-0.000124553
0.00706583
0.0528965
-1.85665e-05
0.00700635
0.0403826
5.53048e-05
0.00634332
0.0284287
5.73853e-05
0.00565731
0.0171927
2.89783e-05
0.00453107
0.00801656
0.00011193
-0.00724889
0.0574681
-0.00348401
-0.00713229
0.0451394
-0.00319883
-0.00677383
0.0328759
-0.00279258
-0.005788
0.0218947
-0.00227335
-0.00439383
0.0118161
-0.00148364
-0.00286426
0.00396791
-0.000519762
0.00689934
0.0574336
-6.68521e-05
0.00682147
0.0450749
3.47207e-05
0.00643735
0.0329725
0.000224978
0.00568141
0.0212171
9.13153e-05
0.00465713
0.0116215
0.000227098
0.00288627
0.0044596
0.000574006
-6.79183e-05
0.0591442
-0.00176852
1.38389e-06
0.0466717
-0.00156457
0.000110225
0.0341997
-0.00133441
9.86475e-05
0.0225606
-0.000917992
0.000509569
0.0122828
-0.000589286
0.000739247
0.00418994
-9.15157e-05
-0.000267111
0.0557265
-0.00177015
-0.000226689
0.0434372
-0.00157724
-0.000225246
0.0313369
-0.00137482
-0.000291197
0.019891
-0.00103601
-8.48317e-05
0.0105375
-0.000606628
-4.17249e-05
0.00335081
-0.000157164
-8.19384e-05
0.00120553
-8.45244e-05
9.92322e-05
0.00130132
-0.000136687
-0.00018931
0.0696914
-0.00193828
0.00187605
0.00172069
0.000153592
1.84717e-05
-0.000158255
4.2327e-06
-0.00162351
0.00157867
1.17106e-06
-0.0072661
0.0635982
-0.00359008
-0.00720783
0.0513106
-0.00335449
-0.00698051
0.0389881
-0.00301603
-0.00652002
0.0269392
-0.00257611
-0.00503315
0.0165216
-0.00192666
-0.00368106
0.00767412
-0.000992593
0.00690976
0.0635803
-0.000126577
0.00686644
0.0512568
-1.49782e-05
0.00670318
0.038939
9.79594e-05
0.00604988
0.0270181
0.000163128
0.00522613
0.0162474
0.000181388
0.00392868
0.00757337
0.000342194
-8.8661e-05
0.0653151
-0.00185502
-3.17297e-05
0.0529209
-0.00167395
6.15788e-05
0.0404023
-0.00144964
3.01245e-05
0.0282771
-0.0012223
0.000337025
0.0172048
-0.000817729
0.000711954
0.0078345
-0.000308155
-0.000276634
0.0618539
-0.00185845
-0.000253308
0.0495846
-0.00167431
-0.000211964
0.0373313
-0.0014676
-0.000272964
0.0255575
-0.00112462
-0.000139938
0.014985
-0.000827196
-4.20379e-05
0.0066312
-0.000383401
-0.00129589
0.0025929
-0.000122597
-0.00487789
0.0303198
-0.00226671
