-0.00733201
0.0678713
-0.00389695
0.00672126
0.0678722
-0.000402192
0.000484749
0.000263993
0.000160409
-0.000317309
-5.37324e-05
-0.000121182
-0.00706604
0.0713545
-0.00388627
0.00697769
0.0713569
-0.000403891
0.000283236
1.72106e-05
-0.000138499
-0.000330792
0.000185675
0.000136309
-0.00732469
0.0558143
-0.00365082
-0.00723897
0.0437165
-0.00334086
-0.00692289
0.0316379
-0.00296017
-0.00605393
0.0207305
-0.00254633
-0.00470569
0.0111406
-0.00164321
-0.00287537
0.00399711
-0.00078416
0.00672428
0.0557907
-0.00020731
0.00667721
0.0436515
-3.28714e-05
0.00636749
0.0318133
0.000252861
0.0056481
0.0201547
0.000320114
0.00457674
0.0108946
0.000501295
0.00290124
0.00381938
0.000921672
-0.0070524
0.0592527
-0.00363328
-0.0069253
0.0469696
-0.00327344
-0.00655944
0.0345916
-0.00275007
-0.00569458
0.0233228
-0.00199351
-0.00425102
0.0128914
-0.00122847
-0.00249086
0.00416311
-3.70085e-05
0.00700717
0.0592042
-0.00021723
0.00702105
0.0468635
-8.10941e-05
0.00667128
0.0347356
8.73443e-06
0.00602712
0.0227297
-2.13742e-05
0.00526969
0.0125564
5.45656e-05
0.00320556
0.00525285
0.00023712
-0.000306479
0.0678736
-0.00214815
-0.0015487
0.00171845
-0.000325652
-0.00718922
0.0696176
-0.00388692
0.00189088
0.00155971
0.000643498
0.00683527
0.0696169
-0.000405724
-0.000236343
-0.000214435
0.000102056
0.000636006
0.000230501
-0.000110177
-0.000592429
0.000176852
-0.000115015
-5.67365e-05
0.0713532
-0.00214557
-0.00121108
0.00158678
0.000447252
0.00170455
0.00220759
-0.000161287
3.31501e-05
-6.43177e-05
7.17577e-05
-0.00733055
0.0618528
-0.00378064
-0.00730064
0.0497638
-0.00350199
-0.00712524
0.0376836
-0.0031514
-0.00673451
0.0258538
-0.00276795
-0.00537623
0.015633
-0.00207512
-0.0039175
0.00723599
-0.00116339
0.00672286
0.0618436
-0.000300002
0.00671378
0.0497214
-0.000118932
0.00658734
0.0376327
7.12422e-05
0.00609518
0.0260131
0.000379003
0.00513661
0.0153689
0.00039361
0.00386099
0.00698247
0.000671361
-0.00706588
0.0653255
-0.00377015
-0.0070099
0.0531309
-0.00346799
-0.00678935
0.0408015
-0.00303027
-0.00626592
0.0286552
-0.00249064
-0.00495692
0.0178179
-0.00167361
-0.00345533
0.00842292
-0.000659217
0.00699006
0.0653049
-0.000300673
0.00701922
0.0530551
-0.000143077
0.00697631
0.0406734
-1.91717e-05
0.00636127
0.0287734
2.78676e-05
0.00570359
0.0175015
2.54455e-05
0.0045918
0.00820659
0.000119168
-0.00716863
0.0575404
-0.00364503
-0.00706776
0.0453562
-0.00331304
-0.00673996
0.0331995
-0.00286494
-0.0057965
0.0222108
-0.00231199
-0.00443755
0.0120659
-0.00150182
-0.00290647
0.00408524
-0.000524481
0.0068267
0.0575106
-0.000218349
0.0067614
0.0452973
-6.73943e-05
0.00641102
0.033283
0.000163325
0.00569691
0.021556
7.59184e-05
0.00469855
0.0118652
0.000227347
0.0029289
0.00457542
0.000584733
-3.89673e-05
0.0592246
-0.00192499
2.3921e-05
0.0469013
-0.00167288
0.000128408
0.0345374
-0.00139934
0.000114818
0.0229029
-0.000952422
0.000518687
0.0125423
-0.000599503
0.000751967
0.00431054
-9.05203e-05
-0.000291749
0.0557987
-0.00192688
-0.000254817
0.0436575
-0.00168673
-0.000249475
0.0316532
-0.00143685
-0.000304422
0.0202246
-0.00106694
-9.64426e-05
0.0107774
-0.000616262
-4.6033e-05
0.00345624
-0.000155869
-8.37748e-05
0.00125148
-8.29631e-05
0.000101745
0.00135157
-0.000138316
-0.000183851
0.0696167
-0.00214222
0.00190782
0.0017742
0.000159311
1.99304e-05
-0.000158275
4.5973e-06
-0.00165171
0.00163317
3.57208e-06
-0.00718257
0.0635946
-0.00377458
-0.00713382
0.0514585
-0.00349206
-0.00693082
0.0392654
-0.00310844
-0.00650083
0.0272831
-0.00262923
-0.00506588
0.0168183
-0.00195317
-0.00372741
0.00786167
-0.00100367
0.00683499
0.0635805
-0.000303016
0.00679932
0.0514093
-0.000141199
0.00665566
0.0392171
1.8735e-05
0.00604813
0.0273531
0.000128419
0.00525656
0.0165443
0.000173572
0.00397502
0.00775362
0.000348623
-5.73484e-05
0.0653171
-0.0020355
-6.40612e-06
0.0530804
-0.00180675
8.0844e-05
0.040695
-0.00153584
5.1916e-05
0.0286288
-0.00126614
0.000346282
0.017517
-0.000837157
0.000723243
0.00802681
-0.00031155
-0.000299538
0.0618493
-0.00203906
-0.000279761
0.0497323
-0.00180666
-0.000239584
0.0376085
-0.00155343
-0.000291011
0.0258888
-0.00117342
-0.000155239
0.0152811
-0.000846007
-4.96553e-05
0.00680548
-0.000386531
-0.00131418
0.00267827
-0.000122789
-0.0048469
0.030663
-0.00232794
