-0.00728061
0.0677825
-0.00407068
0.00663245
0.0677847
-0.000635121
0.000491793
0.000268503
0.000162304
-0.000321684
-5.34867e-05
-0.000122614
-0.00696041
0.0712077
-0.00406075
0.00694411
0.0712099
-0.000635894
0.000287519
1.80055e-05
-0.000140561
-0.000335853
0.000188756
0.000138316
-0.00727703
0.0558499
-0.00377682
-0.0072043
0.0438733
-0.00341983
-0.00691271
0.0318853
-0.0029979
-0.00607217
0.0209817
-0.00255252
-0.00474758
0.0113364
-0.00163989
-0.00291184
0.0040932
-0.000778306
0.00663611
0.0558301
-0.000390704
0.00659948
0.043812
-0.000165911
0.00631923
0.0320452
0.000162954
0.00564006
0.0204191
0.000274813
0.00460026
0.0110824
0.000485662
0.0029329
0.00390612
0.000926848
-0.00694965
0.0592326
-0.00376182
-0.00683862
0.0470772
-0.00335885
-0.00650249
0.0348001
-0.00279943
-0.00567878
0.0235384
-0.00201695
-0.00427139
0.0130689
-0.00123073
-0.00251662
0.00424444
-2.89878e-05
0.00697324
0.0591883
-0.00039847
0.00699353
0.046977
-0.000208588
0.00667049
0.0349346
-6.82311e-05
0.00605515
0.0229665
-5.60042e-05
0.0053134
0.0127342
4.21268e-05
0.0032438
0.00534433
0.000238571
-0.000324434
0.0677856
-0.00235105
-0.00157139
0.00176612
-0.000321336
-0.00711133
0.0694995
-0.00406136
0.00191587
0.00159977
0.000651387
0.00677593
0.0694994
-0.000637852
-0.000238499
-0.000214988
0.00010383
0.000644985
0.00023505
-0.000111415
-0.000600507
0.000180403
-0.000115479
-2.00781e-05
0.0712068
-0.00234853
-0.00122726
0.0016222
0.000456316
0.00172892
0.00225329
-0.000162739
3.36937e-05
-6.40807e-05
7.27353e-05
-0.00728013
0.0618249
-0.00393073
-0.00725827
0.0498621
-0.00360407
-0.00710149
0.0378897
-0.00320936
-0.00673203
0.0261161
-0.00278962
-0.00541093
0.0158666
-0.00207628
-0.00395986
0.0073837
-0.00115753
0.00663392
0.0618185
-0.000508443
0.006629
0.0498235
-0.000276977
0.00652082
0.037839
-3.79628e-05
0.0060656
0.0262655
0.000308633
0.00514754
0.015599
0.000364622
0.00389205
0.0071207
0.000667149
-0.00696045
0.0652401
-0.00392171
-0.00691321
0.0531766
-0.0035745
-0.00671556
0.0409636
-0.00309729
-0.00622724
0.0288828
-0.00252396
-0.00496356
0.018026
-0.0016849
-0.00348203
0.00855676
-0.000655402
0.00695593
0.0652218
-0.000508311
0.00698781
0.0531058
-0.000297224
0.00695609
0.0408413
-0.000121016
0.00637754
0.0289977
-2.67427e-05
0.00574036
0.0177142
2.82234e-06
0.00463787
0.00834015
0.000114454
-0.00709454
0.0575477
-0.00377177
-0.00700627
0.0454869
-0.0033944
-0.00670314
0.0334236
-0.00290863
-0.00579458
0.0224395
-0.00232644
-0.00446551
0.0122514
-0.00150093
-0.00293608
0.00417367
-0.000518921
0.0067691
0.0575216
-0.000400069
0.0067133
0.0454323
-0.000196943
0.00638888
0.0334979
7.83318e-05
0.00570674
0.0218028
3.83598e-05
0.00472919
0.0120465
0.000213353
0.00296092
0.00466338
0.000587075
-4.42669e-06
0.0592073
-0.00207967
5.20914e-05
0.0470138
-0.00177911
0.000151086
0.0347486
-0.0014625
0.000134967
0.0231328
-0.000985201
0.00052994
0.0127223
-0.000608079
0.000762555
0.00439416
-8.95822e-05
-0.000312251
0.0558373
-0.00208157
-0.000277601
0.0438195
-0.00179346
-0.000268629
0.0318976
-0.00149741
-0.000315663
0.0204887
-0.0010954
-0.000105826
0.0109713
-0.000623523
-4.90744e-05
0.00354492
-0.000153225
-8.45964e-05
0.00129095
-8.01807e-05
0.000103745
0.00138574
-0.000138855
-0.000174098
0.069499
-0.0023457
0.00193188
0.00181571
0.000160873
2.08488e-05
-0.000158391
4.62381e-06
-0.00167256
0.00167325
1.03106e-05
-0.0071059
0.0635376
-0.00392505
-0.00706472
0.0515299
-0.00359569
-0.00688113
0.0394483
-0.00316978
-0.00647607
0.0275286
-0.00265563
-0.00508415
0.0170364
-0.0019578
-0.00375875
0.008002
-0.000999513
0.00677577
0.0635263
-0.000510781
0.00674586
0.0514847
-0.000296332
0.00661728
0.0394009
-8.63486e-05
0.00604481
0.0275926
6.98838e-05
0.00527832
0.0167631
0.00014806
0.00400989
0.00788886
0.000343793
-2.0643e-05
0.0652329
-0.00221477
2.47909e-05
0.0531308
-0.00193731
0.000105515
0.0408636
-0.00161992
7.67169e-05
0.0288583
-0.00130943
0.000359453
0.0177309
-0.000854954
0.00073433
0.00816106
-0.00031387
-0.00031874
0.0618231
-0.00221828
-0.000301559
0.0498343
-0.00193667
-0.000261759
0.0378189
-0.00163683
-0.000305352
0.0261483
-0.00121999
-0.000167882
0.0155179
-0.000862449
-5.55575e-05
0.00694844
-0.0003876
-0.00132673
0.0027393
-0.000118117
-0.00481145
0.0308898
-0.00236813
