-0.00722544
0.0676432
-0.00426916
0.00653232
0.0676461
-0.00103939
0.000498029
0.000272915
0.000163065
-0.000324949
-5.28189e-05
-0.000123208
-0.00682127
0.070864
-0.00426033
0.00692967
0.0708662
-0.00103967
0.000291075
1.84208e-05
-0.000142719
-0.000339579
0.00019025
0.000140663
-0.00722495
0.0558457
-0.00390347
-0.00716313
0.0439968
-0.00348082
-0.00689197
0.0321072
-0.003008
-0.00608003
0.0212189
-0.00252351
-0.00477813
0.0115297
-0.00160283
-0.00294022
0.00419377
-0.000750984
0.00653692
0.0558289
-0.000718156
0.00651096
0.0439384
-0.000413445
0.00625891
0.0322531
-1.2666e-05
0.00561811
0.0206693
0.000168151
0.0046114
0.0112684
0.000434556
0.00295693
0.00399881
0.000915916
-0.00681369
0.0590283
-0.00389114
-0.00671975
0.0470177
-0.00342641
-0.00641594
0.034865
-0.00282151
-0.00563519
0.0236442
-0.00200543
-0.00426973
0.0131717
-0.00120119
-0.00253252
0.00429174
-5.36318e-06
0.00695719
0.0589897
-0.000724142
0.00697953
0.0469272
-0.000451425
0.00667737
0.0349939
-0.000231871
0.00608597
0.0230963
-0.000152776
0.00535288
0.0128459
-6.04104e-06
0.0032765
0.00540218
0.000225176
-0.00034613
0.0676467
-0.00265221
-0.00158949
0.00181674
-0.000306178
-0.0070149
0.0692576
-0.00426073
0.0019361
0.00164386
0.000651046
0.00671982
0.069258
-0.00104138
-0.000239577
-0.000213491
0.000106451
0.000652861
0.000239774
-0.00011379
-0.000606383
0.000182592
-0.000114181
4.28122e-05
0.0708634
-0.00265008
-0.00124072
0.0016413
0.000471518
0.00174933
0.00228269
-0.000171117
3.41555e-05
-6.48339e-05
7.35917e-05
-0.00722583
0.0617522
-0.00409305
-0.00721054
0.0499244
-0.00369674
-0.00706928
0.0380664
-0.00324305
-0.00672012
0.0263558
-0.00277709
-0.00543444
0.0160922
-0.00204182
-0.00399168
0.00753321
-0.00112282
0.00653378
0.061748
-0.000875103
0.00653344
0.049889
-0.000564241
0.00644334
0.0380154
-0.00024722
0.00602278
0.0264986
0.00016396
0.00514468
0.0158216
0.000288005
0.0039128
0.00726169
0.000637687
-0.00682162
0.0649641
-0.00408557
-0.00678377
0.0530457
-0.00367166
-0.0066109
0.0409694
-0.00314024
-0.00615976
0.0289821
-0.0025237
-0.00494373
0.0181404
-0.00166198
-0.00349234
0.00863572
-0.000625504
0.00694047
0.0649488
-0.000874466
0.006972
0.052983
-0.000581356
0.0069465
0.040857
-0.00032408
0.00639885
0.029097
-0.000156055
0.00577627
0.0178407
-6.78284e-05
0.00467722
0.0084263
8.42443e-05
-0.00700169
0.0574428
-0.00389923
-0.00692564
0.0455182
-0.00345753
-0.00664654
0.0335624
-0.00292358
-0.00577369
0.0226058
-0.0023059
-0.004477
0.0123976
-0.00146622
-0.0029554
0.00424634
-0.000492538
0.00671434
0.0574203
-0.00072577
0.00666661
0.0454672
-0.00044082
0.00636497
0.0336305
-9.21621e-05
0.00571035
0.021986
-6.0248e-05
0.00475309
0.0121903
0.000164884
0.00298709
0.00473724
0.000574229
5.54963e-05
0.0590066
-0.00230728
0.000103037
0.0469612
-0.00193487
0.000192173
0.0348182
-0.00155519
0.000171553
0.0232542
-0.00103268
0.000550465
0.0128325
-0.000619277
0.000774163
0.00444493
-8.90302e-05
-0.000336028
0.0558355
-0.00230879
-0.000302292
0.0439471
-0.00194875
-0.000288421
0.0321164
-0.00158702
-0.000329583
0.0207387
-0.00113531
-0.000116247
0.0111635
-0.000631603
-5.17948e-05
0.00364042
-0.000147672
-8.43604e-05
0.00133518
-7.41943e-05
0.000105884
0.00140468
-0.000137865
-0.000153192
0.0692573
-0.00264762
0.00195203
0.00185257
0.000155204
2.11453e-05
-0.000158765
4.08825e-06
-0.00168891
0.0017037
2.77733e-05
-0.00701065
0.0633628
-0.0040879
-0.00697673
0.0514947
-0.00368972
-0.00681166
0.0395379
-0.00320661
-0.00643175
0.027699
-0.00264846
-0.00508441
0.0172035
-0.00192664
-0.00377623
0.00811501
-0.000966549
0.00671961
0.063354
-0.000876771
0.00669451
0.051454
-0.00058056
0.00657929
0.0394922
-0.000291285
0.00603722
0.0277601
-6.27152e-05
0.00529344
0.0169316
7.58767e-05
0.00403851
0.00799856
0.000314726
4.1997e-05
0.0649582
-0.00247962
8.04828e-05
0.0530055
-0.00212864
0.000151089
0.040878
-0.00174288
0.000118126
0.0289616
-0.00137495
0.000385994
0.017855
-0.000880162
0.000750278
0.00824518
-0.000316454
-0.000341476
0.0617518
-0.00248276
-0.000326193
0.0498999
-0.00212704
-0.000285302
0.0379994
-0.00175837
-0.000320665
0.026388
-0.00128719
-0.000182362
0.0157469
-0.000884484
-6.17468e-05
0.00709466
-0.000386674
-0.0013339
0.00278122
-0.000102816
-0.00475304
0.0310002
-0.00239165
