-0.00721389
0.067596
-0.00431944
0.00650815
0.0675988
-0.0011872
0.000498868
0.0002737
0.000162757
-0.000325139
-5.25178e-05
-0.000123
-0.00678132
0.0707196
-0.00431096
0.00693451
0.070722
-0.00118754
0.000291466
1.83515e-05
-0.000143172
-0.000339739
0.000189895
0.000141243
-0.00721373
0.0558286
-0.00392999
-0.00715314
0.0440069
-0.00348694
-0.00688422
0.032139
-0.00300015
-0.00607772
0.0212583
-0.0025048
-0.00477966
0.0115652
-0.00158283
-0.00294252
0.00421458
-0.000737436
0.00651307
0.0558122
-0.000839978
0.00648928
0.0439486
-0.000507779
0.00624219
0.0322828
-8.13836e-05
0.00560804
0.020711
0.000122643
0.00460831
0.0113029
0.000410262
0.00295829
0.00401866
0.000907236
-0.00677446
0.0589158
-0.00391822
-0.00668422
0.0469397
-0.00343383
-0.00638761
0.0348199
-0.00281607
-0.00561576
0.0236205
-0.00199012
-0.00426053
0.0131613
-0.00118335
-0.00253152
0.00428711
5.16681e-06
0.00696123
0.0588789
-0.00084576
0.00698225
0.0468524
-0.000545177
0.00668176
0.0349493
-0.000298661
0.006093
0.0230783
-0.000196691
0.00535875
0.0128406
-2.98507e-05
0.00328056
0.00539971
0.00021658
-0.000352275
0.0675995
-0.0027513
-0.00159118
0.0018275
-0.000299068
-0.00698933
0.0691617
-0.00431127
0.00193794
0.00165377
0.000647617
0.0067101
0.0691622
-0.00118906
-0.000239394
-0.000212399
0.00010727
0.000653902
0.000240735
-0.000114685
-0.000606616
0.000182472
-0.000113225
6.52663e-05
0.0707192
-0.00274939
-0.00124213
0.00163841
0.00047677
0.00175167
0.00228176
-0.00017552
3.42293e-05
-6.53722e-05
7.36964e-05
-0.00721439
0.0617201
-0.00413123
-0.00719978
0.0499216
-0.00371255
-0.00706021
0.038088
-0.00324125
-0.00671446
0.0263922
-0.00276212
-0.00543475
0.0161317
-0.00202172
-0.00399372
0.00756223
-0.00110507
0.00650966
0.0617162
-0.00101028
0.0065104
0.0498866
-0.000672247
0.00642375
0.0380369
-0.000328277
0.00600896
0.026535
0.000105877
0.00513833
0.0158606
0.000253857
0.00391242
0.00728942
0.000621725
-0.00678178
0.0648353
-0.00412407
-0.00674599
0.0529502
-0.00368834
-0.0065786
0.0409081
-0.00314027
-0.00613538
0.0289497
-0.0025113
-0.00492933
0.0181247
-0.00164461
-0.00348766
0.00862875
-0.000609741
0.00694493
0.0648208
-0.00100966
0.0069752
0.0528903
-0.00068905
0.00694893
0.0407992
-0.000404396
0.00640496
0.029066
-0.000211344
0.00578282
0.0178302
-0.000100977
0.00468207
0.00842368
6.80759e-05
-0.00697672
0.0573778
-0.00392594
-0.00690284
0.0454843
-0.00346395
-0.00662805
0.0335546
-0.00291621
-0.00576229
0.0226123
-0.00228888
-0.0044727
0.0124096
-0.00144662
-0.00295499
0.00425379
-0.000479406
0.00670474
0.0573559
-0.000847219
0.00665803
0.0454337
-0.000534376
0.00635952
0.0336227
-0.000159804
0.00570841
0.0219953
-0.000104081
0.00475484
0.0122025
0.000141511
0.00298968
0.00474555
0.000565586
7.70479e-05
0.0588951
-0.00238179
0.000121838
0.0468853
-0.00198587
0.000207371
0.0347749
-0.00158578
0.00018512
0.023234
-0.00104834
0.000558134
0.0128255
-0.000622889
0.000776852
0.00444143
-8.92435e-05
-0.000342377
0.0558187
-0.00238307
-0.000308234
0.0439575
-0.00199931
-0.000292862
0.0321477
-0.00161684
-0.000333636
0.0207804
-0.00114827
-0.000118898
0.0111992
-0.000633933
-5.2349e-05
0.00366117
-0.000145639
-8.4002e-05
0.00134541
-7.18492e-05
0.000106396
0.00140219
-0.000137134
-0.000145016
0.0691614
-0.00274692
0.00195426
0.00185767
0.000151201
2.09514e-05
-0.000158941
3.77476e-06
-0.00169022
0.00170562
3.52908e-05
-0.0069853
0.0632822
-0.00412624
-0.00695262
0.0514453
-0.0037057
-0.00679073
0.0395177
-0.00320529
-0.00641568
0.0277013
-0.00263474
-0.00507738
0.0172148
-0.00190709
-0.00377408
0.00812549
-0.000949122
0.00670983
0.0632737
-0.00101182
0.00668529
0.0514057
-0.000687925
0.00657198
0.0394725
-0.000371422
0.00603389
0.0277631
-0.000118384
0.00529354
0.0169434
4.29716e-05
0.00404138
0.00800909
0.000299271
6.42854e-05
0.0648297
-0.0025665
0.000100876
0.0529113
-0.00219113
0.000168125
0.0408192
-0.00178316
0.000132678
0.0289309
-0.00139724
0.000396434
0.0178427
-0.000888508
0.000755324
0.00824109
-0.000317342
-0.000347735
0.0617197
-0.00256944
-0.000332519
0.0498977
-0.0021892
-0.000290782
0.0380216
-0.0017981
-0.000324346
0.0264255
-0.00130919
-0.000186147
0.0157872
-0.000891533
-6.32504e-05
0.0071236
-0.000386021
-0.00133308
0.00278152
-9.57901e-05
-0.00473277
0.0309747
-0.00239057
