-0.00720183
0.067499
-0.00439811
0.0064733
0.0675011
-0.00149946
0.000498614
0.000274184
0.000161314
-0.000324181
-5.18016e-05
-0.000122008
-0.00671223
0.0703896
-0.00439028
0.00695794
0.0703924
-0.00150029
0.000291051
1.79127e-05
-0.000143665
-0.000338408
0.000187915
0.000142068
-0.00720129
0.055769
-0.00396167
-0.00713952
0.0439781
-0.00348017
-0.00686814
0.0321371
-0.00296985
-0.0060661
0.0212752
-0.00245594
-0.00476997
0.0115913
-0.00153309
-0.00293648
0.0042361
-0.000704675
0.00647885
0.0557522
-0.00110005
0.00645738
0.0439188
-0.000712039
0.00621357
0.0322803
-0.00023242
0.00558352
0.0207296
1.78514e-05
0.00459161
0.0113285
0.000351378
0.00295069
0.00404073
0.000882501
-0.0067063
0.0586268
-0.00395051
-0.00662031
0.0466987
-0.00342826
-0.00633255
0.0346314
-0.00278812
-0.00557014
0.0234855
-0.0019443
-0.00422944
0.0130743
-0.00113733
-0.00251995
0.00424762
2.93865e-05
0.00698274
0.0585929
-0.00110599
0.0069982
0.0466179
-0.000749713
0.00669322
0.0347654
-0.000448933
0.00610173
0.0229509
-0.000300846
0.00535927
0.0127666
-8.84639e-05
0.00327826
0.0053624
0.000193454
-0.000363488
0.0675022
-0.00294702
-0.00158809
0.00183931
-0.000282263
-0.00694901
0.0689479
-0.00439035
0.00193404
0.00166583
0.000635851
0.00670365
0.0689483
-0.00150126
-0.000238285
-0.00020939
0.000108763
0.000653538
0.000241684
-0.000116563
-0.00060448
0.000180981
-0.000110571
0.000111469
0.0703893
-0.00294564
-0.00124019
0.00161897
0.000487146
0.00174958
0.00226395
-0.000186576
3.42819e-05
-6.68455e-05
7.36149e-05
-0.0072023
0.0616423
-0.00418573
-0.00718674
0.0498787
-0.00372379
-0.00704528
0.0380732
-0.00322039
-0.00670112
0.0263976
-0.00271822
-0.00542436
0.0161551
-0.00197058
-0.00398512
0.00758756
-0.0010617
0.006475
0.061638
-0.00129731
0.00647724
0.0498433
-0.000904272
0.00639365
0.0380214
-0.00050544
0.00598177
0.0265434
-2.3615e-05
0.00511724
0.015884
0.000173499
0.00390033
0.00731453
0.000580967
-0.00671292
0.0645253
-0.00417893
-0.00667955
0.0526838
-0.00370036
-0.00651885
0.0406926
-0.00312112
-0.00608454
0.0287881
-0.00247016
-0.00488929
0.0180131
-0.00159714
-0.0034662
0.00856535
-0.00057082
0.00696757
0.0645123
-0.00129697
0.00699368
0.0526296
-0.000921515
0.0069617
0.0405908
-0.000582024
0.00641521
0.0289088
-0.000338763
0.00578739
0.0177307
-0.000180797
0.00467916
0.00837167
2.70539e-05
-0.0069367
0.0572033
-0.00395784
-0.00686426
0.04535
-0.00345714
-0.0065924
0.0334577
-0.00288514
-0.00573333
0.0225515
-0.00224162
-0.00445214
0.012378
-0.00139707
-0.00294396
0.00424321
-0.000447588
0.00669805
0.0571817
-0.00110686
0.00665087
0.0452992
-0.000737734
0.00635199
0.0335288
-0.000309646
0.00569948
0.0219358
-0.000207056
0.00474868
0.0121726
8.45308e-05
0.00298546
0.00473725
0.000541989
0.000121611
0.0586078
-0.00252853
0.000161351
0.0466481
-0.00208651
0.00023937
0.0345902
-0.00164672
0.000213744
0.0231031
-0.00107979
0.000574423
0.0127461
-0.000630395
0.000780431
0.0044041
-9.05013e-05
-0.000353247
0.0557589
-0.00252923
-0.000317179
0.0439278
-0.00209868
-0.000298959
0.0321451
-0.00167672
-0.000341171
0.0207992
-0.0011742
-0.000123233
0.0112262
-0.000638617
-5.31521e-05
0.00368499
-0.000141672
-8.30443e-05
0.00135856
-6.68594e-05
0.000107169
0.0013842
-0.000135211
-0.000127604
0.0689476
-0.002943
0.00195188
0.00185679
0.000140178
2.01352e-05
-0.000159355
2.97965e-06
-0.00168659
0.00169706
5.23659e-05
-0.00694514
0.0630882
-0.00418104
-0.00691318
0.0512903
-0.00371687
-0.00675306
0.0394019
-0.00318454
-0.00638224
0.0276238
-0.00259248
-0.00505302
0.01717
-0.00185617
-0.00375798
0.00810517
-0.000905989
0.00670316
0.0630794
-0.00129872
0.00667823
0.051252
-0.000919212
0.00656496
0.0393577
-0.000547529
0.00602568
0.027689
-0.000245501
0.00528598
0.0168998
-3.52713e-05
0.00403681
0.00799058
0.000260111
0.000110042
0.0645203
-0.0027378
0.000143539
0.0526471
-0.00231412
0.000204226
0.0406079
-0.00186282
0.000162316
0.0287728
-0.00144282
0.000419267
0.017738
-0.000905578
0.000764859
0.00818503
-0.000319546
-0.000358819
0.0616415
-0.00274027
-0.000342864
0.0498547
-0.00231153
-0.000298658
0.0380068
-0.00187661
-0.000329977
0.0264344
-0.00135297
-0.000192436
0.0158114
-0.000905754
-6.56708e-05
0.00715031
-0.000384701
-0.00132658
0.00276171
-7.93961e-05
-0.00469178
0.030831
-0.00237672
