-0.00720137
0.0674477
-0.00442736
0.00646226
0.0674493
-0.00166279
0.000497513
0.000273874
0.000160193
-0.00032305
-5.13882e-05
-0.000121239
-0.00668324
0.0702044
-0.00441983
0.00697607
0.0702075
-0.00166401
0.000290253
1.75505e-05
-0.000143702
-0.000336924
0.00018631
0.000142305
-0.00720011
0.0557254
-0.00396775
-0.00713595
0.0439385
-0.00346821
-0.00685993
0.0321029
-0.00294827
-0.00605692
0.0212525
-0.00242658
-0.00475891
0.0115815
-0.00150401
-0.00292826
0.00423666
-0.000685846
0.00646813
0.0557079
-0.00123729
0.00644684
0.0438781
-0.000821074
0.00620144
0.0322477
-0.000314023
0.00556895
0.0207062
-4.08853e-05
0.00457794
0.0113195
0.000317097
0.00294172
0.00404277
0.000866578
-0.00667751
0.0584513
-0.00395665
-0.00659209
0.0465367
-0.00341621
-0.006306
0.0344892
-0.00276648
-0.00554416
0.0233752
-0.00191461
-0.00420772
0.0129985
-0.00110979
-0.00250944
0.00421318
4.27651e-05
0.00699975
0.0584187
-0.00124356
0.00701103
0.0464591
-0.00085958
0.00670001
0.0346271
-0.000531658
0.00610326
0.0228426
-0.000360503
0.00535387
0.0126985
-0.000122926
0.00327195
0.00532795
0.000179077
-0.000368754
0.0674507
-0.00304352
-0.00158339
0.0018403
-0.00027276
-0.00693435
0.0688296
-0.00441976
0.00192828
0.00166788
0.000627583
0.00670651
0.0688299
-0.00166465
-0.000237387
-0.000207501
0.000109414
0.000652131
0.000241663
-0.000117524
-0.000602131
0.000179632
-0.000108892
0.000134909
0.0702042
-0.00304245
-0.00123683
0.00160263
0.000492132
0.00174519
0.00224728
-0.000193147
3.42697e-05
-6.77634e-05
7.34244e-05
-0.00720169
0.0615954
-0.00420297
-0.00718453
0.0498377
-0.00372016
-0.0070395
0.0380361
-0.00320225
-0.00669354
0.0263662
-0.00269016
-0.00541381
0.0161388
-0.00194028
-0.00397462
0.0075837
-0.00103662
0.00646411
0.0615904
-0.00144808
0.00646677
0.0498015
-0.00102733
0.00638285
0.0379839
-0.000600733
0.00596823
0.026515
-9.43809e-05
0.00510243
0.0158681
0.000127709
0.00388859
0.00731169
0.000556391
-0.00668403
0.0643449
-0.00419619
-0.00665105
0.0525139
-0.00369664
-0.00649155
0.0405395
-0.00310285
-0.00605825
0.02866
-0.00244229
-0.00486386
0.0179183
-0.00156777
-0.00344954
0.00850955
-0.000548172
0.00698528
0.0643325
-0.001448
0.00700854
0.0524626
-0.0010453
0.00697171
0.0404413
-0.00067849
0.00641913
0.0287838
-0.000410212
0.00578531
0.0176426
-0.000227017
0.00467142
0.00832281
2.45444e-06
-0.00692174
0.0570936
-0.00396397
-0.00684859
0.0452498
-0.00344484
-0.00657536
0.033369
-0.00286232
-0.00571594
0.0224845
-0.0022122
-0.00443605
0.0123346
-0.00136778
-0.00293345
0.00422534
-0.00042928
0.00670056
0.0570717
-0.00124402
0.00665195
0.0451982
-0.000846638
0.00634967
0.033443
-0.000391122
0.00569236
0.0218673
-0.000265636
0.0047407
0.0121309
5.12366e-05
0.00297864
0.00472075
0.000527175
0.000144322
0.0584329
-0.00260071
0.000181785
0.0464878
-0.00213614
0.000255943
0.0344499
-0.00167714
0.000228598
0.0229935
-0.00109567
0.000582928
0.0126746
-0.00063443
0.000781323
0.00437068
-9.1614e-05
-0.000357968
0.0557148
-0.00260107
-0.000320378
0.043887
-0.00214752
-0.000300794
0.0321109
-0.00170685
-0.000344755
0.0207759
-0.00118733
-0.000125014
0.0112172
-0.000641148
-5.34771e-05
0.00368788
-0.00013986
-8.25052e-05
0.00136138
-6.42922e-05
0.000107448
0.00136892
-0.000134071
-0.00011862
0.0688292
-0.00303964
0.00194727
0.00185085
0.00013324
1.95214e-05
-0.000159585
2.51116e-06
-0.00168168
0.00168671
6.17311e-05
-0.00693043
0.0629745
-0.00419841
-0.00689794
0.0511846
-0.00371299
-0.00673643
0.0393066
-0.00316601
-0.00636502
0.0275444
-0.00256481
-0.00503586
0.0171143
-0.00182555
-0.00374415
0.00807461
-0.000880824
0.00670587
0.0629652
-0.0014495
0.00668001
0.0511467
-0.00104216
0.00656494
0.0392628
-0.000642676
0.00602062
0.0276123
-0.000316285
0.00527824
0.0168447
-8.01857e-05
0.00402932
0.00796173
0.000236632
0.000133204
0.0643401
-0.00282211
0.000165517
0.052478
-0.00237458
0.000223031
0.0404566
-0.00190221
0.000177204
0.0286465
-0.00146616
0.00043149
0.0176466
-0.000914435
0.000769293
0.00813363
-0.000320982
-0.000363845
0.0615941
-0.00282432
-0.000347082
0.0498132
-0.00237166
-0.000301242
0.0379692
-0.00191544
-0.000332076
0.0264054
-0.00137486
-0.000195044
0.0157952
-0.000913098
-6.66763e-05
0.00714787
-0.000384196
-0.00132094
0.00274183
-7.02369e-05
-0.00467122
0.0307138
-0.00236461
