-0.00720453
0.0673933
-0.00445056
0.00645514
0.0673942
-0.0018301
0.000495766
0.000273195
0.000158818
-0.0003215
-5.09394e-05
-0.000120302
-0.00665793
0.070006
-0.00444331
0.00699805
0.0700094
-0.00183183
0.000289071
1.70994e-05
-0.000143601
-0.000334907
0.00018431
0.000142421
-0.00720223
0.0556716
-0.00396804
-0.00713451
0.0438816
-0.00345123
-0.00685164
0.0320465
-0.00292302
-0.00604557
0.021209
-0.00239451
-0.00474385
0.0115567
-0.00147261
-0.00291669
0.00423043
-0.000665661
0.00646134
0.0556531
-0.00137856
0.00643961
0.0438197
-0.000934048
0.00619056
0.032194
-0.00039914
0.00555275
0.0206611
-0.000103417
0.00456073
0.011296
0.000279849
0.00292932
0.00403875
0.000848408
-0.00665223
0.0582555
-0.00395682
-0.00656638
0.046348
-0.00339868
-0.00628014
0.0343161
-0.00274036
-0.00551618
0.0232375
-0.00188099
-0.00418204
0.0129019
-0.00107969
-0.00249584
0.00416938
5.67709e-05
0.00702052
0.0582241
-0.00138534
0.00702676
0.0462736
-0.000973822
0.00670726
0.034459
-0.000618858
0.00610277
0.0227056
-0.000424743
0.00534471
0.0126105
-0.000160541
0.00326225
0.00528338
0.000162957
-0.000373923
0.0673959
-0.00313903
-0.00157665
0.00183801
-0.000262659
-0.00692332
0.068703
-0.00444308
0.00192001
0.00166723
0.000617795
0.00671305
0.0687032
-0.00183207
-0.000236281
-0.000205378
0.000109989
0.000649917
0.000241311
-0.000118483
-0.000598951
0.0001779
-0.000106996
0.000158373
0.0700058
-0.00313831
-0.00123189
0.00158211
0.000496891
0.00173863
0.00222565
-0.000200345
3.42381e-05
-6.87884e-05
7.31327e-05
-0.00720462
0.0615419
-0.00421422
-0.00718513
0.0497828
-0.00371106
-0.00703486
0.0379789
-0.00317963
-0.00668538
0.0263121
-0.00265866
-0.00539981
0.0161038
-0.00190736
-0.00396015
0.00756885
-0.00100967
0.00645715
0.0615361
-0.0016029
0.00646005
0.0497455
-0.00115436
0.00637462
0.0379262
-0.00069989
0.00595458
0.0264648
-0.000168667
0.00508475
0.0158337
7.85218e-05
0.00387307
0.00729859
0.000529206
-0.00665883
0.0641479
-0.00420737
-0.00662569
0.0523204
-0.00368714
-0.006466
0.0403573
-0.00307947
-0.00603148
0.0285015
-0.0024102
-0.00483499
0.0177984
-0.00153518
-0.00342903
0.00843832
-0.000523766
0.00700684
0.064136
-0.00160316
0.00702676
0.0522719
-0.00117339
0.00698382
0.0402627
-0.000779413
0.00642206
0.0286289
-0.000486285
0.00578025
0.0175299
-0.000277072
0.00465954
0.00825926
-2.46562e-05
-0.00691012
0.0569688
-0.00396425
-0.00683532
0.0451277
-0.00342729
-0.0065589
0.0332538
-0.00283529
-0.0056967
0.0223937
-0.00217948
-0.00441623
0.0122734
-0.00133597
-0.0029197
0.00419931
-0.000409644
0.00670662
0.0569463
-0.00138531
0.00665582
0.045075
-0.000959682
0.00634808
0.0333317
-0.000476413
0.00568339
0.0217735
-0.000328493
0.00472945
0.0120716
1.50017e-05
0.00296872
0.00469619
0.000510476
0.000167124
0.0582376
-0.00267205
0.000202482
0.0463007
-0.00218531
0.000272743
0.0342788
-0.00170754
0.000243674
0.0228556
-0.00111172
0.00059159
0.0125827
-0.000638738
0.000781624
0.00432783
-9.30875e-05
-0.000362349
0.0556603
-0.00267205
-0.000322868
0.0438284
-0.00219582
-0.000301945
0.0320546
-0.00173713
-0.000348282
0.0207309
-0.00120066
-0.000126603
0.0111934
-0.000643915
-5.38014e-05
0.00368471
-0.000138238
-8.19656e-05
0.00136166
-6.17278e-05
0.000107669
0.00134965
-0.000132847
-0.000109616
0.0687026
-0.00313528
0.00194042
0.00184131
0.000125421
1.87785e-05
-0.000159824
2.00482e-06
-0.00167476
0.00167244
7.15124e-05
-0.00691925
0.0628493
-0.00420978
-0.00688566
0.0510603
-0.0037035
-0.0067213
0.0391867
-0.00314273
-0.00634752
0.0274383
-0.00253338
-0.0050155
0.0170369
-0.00179202
-0.00372661
0.00803079
-0.000853651
0.00671225
0.0628393
-0.00160436
0.006685
0.0510224
-0.00116927
0.00656696
0.0391434
-0.00074193
0.00601476
0.0275098
-0.000391366
0.0052678
0.016768
-0.000128616
0.00401839
0.00792013
0.000210745
0.000156358
0.0641433
-0.00290549
0.000187731
0.0522849
-0.00243434
0.000242163
0.0402758
-0.00194134
0.000192008
0.02849
-0.00148991
0.000444128
0.0175302
-0.000923583
0.00077347
0.00806725
-0.000322714
-0.000368659
0.06154
-0.00290741
-0.000350803
0.0497575
-0.00243111
-0.000303057
0.0379111
-0.00195399
-0.0003338
0.0263542
-0.0013968
-0.000197365
0.0157602
-0.000920698
-6.76053e-05
0.00713491
-0.000383895
-0.00131373
0.00271556
-6.05836e-05
-0.00465069
0.0305672
-0.00234951
