-0.00726781
0.0670233
-0.00449666
0.00646491
0.0670184
-0.00270248
0.000477798
0.000264446
0.000148595
-0.000308089
-4.82117e-05
-0.000113496
-0.00658137
0.0688093
-0.00449045
0.00715062
0.0688149
-0.00270798
0.000277894
1.37417e-05
-0.000141093
-0.000317443
0.000169108
0.000141125
-0.00725574
0.0552187
-0.00390417
-0.00715444
0.0433253
-0.00331164
-0.00680782
0.031434
-0.00275953
-0.005958
0.0206906
-0.00220894
-0.00461368
0.0112154
-0.00129383
-0.00281341
0.00410148
-0.000552104
0.00647288
0.0551906
-0.00212322
0.0064409
0.0432506
-0.00153801
0.00614669
0.0316103
-0.000860962
0.00544486
0.0201212
-0.00045905
0.00442283
0.0109695
5.79842e-05
0.00281846
0.00393067
0.000728561
-0.0065734
0.0569866
-0.00389004
-0.00647155
0.0450323
-0.00325009
-0.00615987
0.0330288
-0.00256144
-0.00534924
0.0221766
-0.00167156
-0.00399976
0.0121413
-0.000904196
-0.00238501
0.00382698
0.000130269
0.00716609
0.0569587
-0.00213464
0.0071359
0.0449722
-0.00158974
0.00674237
0.0332102
-0.0011036
0.00606688
0.0216319
-0.00079903
0.00524384
0.0119018
-0.000386073
0.00316633
0.00492575
6.09555e-05
-0.000401426
0.0670232
-0.00360028
-0.00151552
0.00177947
-0.00020696
-0.00691643
0.0679192
-0.00448933
0.00184303
0.00162454
0.00054891
0.00678713
0.0679179
-0.00270578
-0.000228255
-0.000191902
0.000111406
0.000627395
0.00023475
-0.000122784
-0.000571655
0.000164247
-9.48223e-05
0.000271197
0.0688091
-0.00360155
-0.00118475
0.0014248
0.000515033
0.00167585
0.00205181
-0.000243426
3.39509e-05
-7.50555e-05
7.01776e-05
-0.00726559
0.0611354
-0.00420224
-0.00722464
0.0492792
-0.00360489
-0.00702539
0.0373881
-0.00301906
-0.00663483
0.0257107
-0.00246697
-0.00528213
0.0156608
-0.00171818
-0.00383348
0.00733696
-0.00085761
0.00646809
0.061122
-0.00241458
0.00646968
0.0492315
-0.00182808
0.00636127
0.0373314
-0.00123505
0.00587912
0.0258946
-0.000577663
0.00495312
0.0153973
-0.000207055
0.00374107
0.00708516
0.000360955
-0.00658275
0.0629171
-0.00419367
-0.00654129
0.0510182
-0.00357471
-0.00636158
0.0390445
-0.00290632
-0.00589066
0.0272962
-0.00220496
-0.00464421
0.0168614
-0.00133941
-0.00327388
0.00787684
-0.000385751
0.00715737
0.0629066
-0.00241735
0.00715453
0.0509829
-0.00185644
0.00706467
0.0389667
-0.00133104
0.00641669
0.027448
-0.000918727
0.00570959
0.0166324
-0.000572349
0.00454126
0.00774478
-0.000190362
-0.00689628
0.0561077
-0.00389965
-0.00680054
0.0441973
-0.00328193
-0.0064833
0.032305
-0.00265561
-0.00557483
0.0216063
-0.00198296
-0.00426623
0.0117199
-0.00115246
-0.00280671
0.0039576
-0.000299198
0.00677657
0.0560783
-0.00213132
0.006705
0.0441341
-0.00156665
0.00634323
0.0324134
-0.000943089
0.00560806
0.0209538
-0.000692021
0.00462481
0.011534
-0.000201254
0.00287514
0.00446216
0.000403273
0.000277688
0.0569695
-0.00301575
0.000305236
0.0449905
-0.00242403
0.000356277
0.0330015
-0.00185977
0.00031883
0.0217817
-0.00119537
0.000634997
0.0118481
-0.00066598
0.000774707
0.00398897
-0.000106429
-0.000382572
0.0552002
-0.00301375
-0.000328469
0.043257
-0.00242949
-0.000300978
0.0314453
-0.00189118
-0.000366608
0.0201927
-0.00127197
-0.000133441
0.01086
-0.000663528
-5.66412e-05
0.00358107
-0.000134592
-8.02137e-05
0.0013259
-5.01415e-05
0.000108243
0.00120146
-0.000126333
-6.82148e-05
0.0679179
-0.00359672
0.00187445
0.00174372
7.55896e-05
1.34322e-05
-0.000160909
-8.22629e-07
-0.00161223
0.00154852
0.000122943
-0.00691039
0.062031
-0.00419817
-0.00686351
0.0501569
-0.00359355
-0.0066649
0.0382346
-0.00297498
-0.00625525
0.0265363
-0.00233788
-0.00487006
0.0163492
-0.00159599
-0.00358823
0.00762966
-0.000698686
0.00678532
0.0620139
-0.00241676
0.00674516
0.0501162
-0.00184548
0.00659715
0.038193
-0.00128079
0.00596871
0.0266331
-0.000814637
0.0051744
0.0160839
-0.000411894
0.00391371
0.0075365
5.19937e-05
0.000267229
0.0629126
-0.00330728
0.000297493
0.0509817
-0.00272246
0.00033826
0.0389666
-0.00213305
0.000261786
0.0272947
-0.00161463
0.00051015
0.0166093
-0.000975041
0.00078961
0.00753531
-0.000337187
-0.000392825
0.061128
-0.00330769
-0.000365542
0.0492459
-0.00271792
-0.000304368
0.0373108
-0.00214331
-0.000339474
0.025772
-0.00150838
-0.000206618
0.0153141
-0.000964552
-7.26234e-05
0.00691887
-0.000387586
-0.00125607
0.00249917
-8.91391e-06
-0.00454879
0.029431
-0.0022429
