-0.00733124
0.0666556
-0.00449224
0.00648958
0.0666461
-0.003228
0.000460486
0.000255337
0.000140404
-0.000296361
-4.62479e-05
-0.000108205
-0.00656479
0.0679108
-0.00448634
0.00725678
0.067918
-0.00323644
0.00026767
1.11367e-05
-0.000138134
-0.000302011
0.000156765
0.00013886
-0.00731049
0.0547597
-0.00383817
-0.00717909
0.0427628
-0.00320732
-0.00677604
0.0308151
-0.00265083
-0.00588212
0.0201601
-0.00209348
-0.00449841
0.0108562
-0.00118273
-0.00272145
0.00395461
-0.000481779
0.00649865
0.0547231
-0.00257589
0.00645563
0.0426771
-0.00190953
0.00611818
0.0310178
-0.00114869
0.00535579
0.0195701
-0.000690459
0.00430156
0.0106241
-9.26704e-05
0.00271736
0.00380209
0.000639756
-0.00655383
0.0560029
-0.00382077
-0.00643333
0.0439804
-0.00313628
-0.0060904
0.0319737
-0.00243639
-0.00522956
0.0212964
-0.00153204
-0.00385441
0.0115081
-0.000792994
-0.00228923
0.00354581
0.000171236
0.00726768
0.0559754
-0.00259128
0.00720926
0.0439274
-0.00197167
0.0067526
0.0321856
-0.00141246
0.00601557
0.0207335
-0.00104737
0.00514236
0.0113039
-0.000539224
0.00307589
0.00462655
-1.12889e-05
-0.000421659
0.0666534
-0.00386245
-0.00146092
0.00171103
-0.000173199
-0.00693939
0.0672858
-0.00448463
0.00177193
0.00157004
0.000495555
0.00684669
0.0672833
-0.00323255
-0.000222105
-0.000182279
0.000110853
0.000605871
0.000227358
-0.000124507
-0.000547696
0.000153042
-8.60376e-05
0.00033096
0.0679104
-0.00386499
-0.00114063
0.00129765
0.000519447
0.00161799
0.00190693
-0.000272087
3.38321e-05
-7.91786e-05
6.72988e-05
-0.00732692
0.0607262
-0.00416489
-0.00726696
0.0487681
-0.00351673
-0.0070241
0.0367909
-0.00290642
-0.00659379
0.0251059
-0.00234333
-0.0051782
0.0152024
-0.00160022
-0.00372133
0.00708595
-0.000763611
0.00649366
0.0607061
-0.00290582
0.00649291
0.0487111
-0.00223964
0.00636134
0.036731
-0.001567
0.00582116
0.0253144
-0.000835879
0.00484038
0.0149451
-0.000396494
0.00362256
0.00685128
0.000242813
-0.00656641
0.0619782
-0.00415438
-0.00651497
0.0499928
-0.00348005
-0.00631083
0.0379814
-0.00278049
-0.00579893
0.0263006
-0.00206651
-0.00449853
0.0160816
-0.00121236
-0.0031454
0.00741091
-0.000300974
0.00726244
0.0619676
-0.00291052
0.00724263
0.0499641
-0.00227594
0.00711511
0.0379122
-0.00167729
0.00639139
0.02647
-0.00119969
0.00563102
0.0158776
-0.000770298
0.00442844
0.007311
-0.0003045
-0.00691251
0.0553864
-0.00383275
-0.00679614
0.0433945
-0.00317219
-0.00643869
0.0314705
-0.00253277
-0.00548247
0.0209044
-0.00185617
-0.00414188
0.0112224
-0.00103691
-0.00270933
0.00373956
-0.000231071
0.00683272
0.0553504
-0.00258552
0.00674284
0.0433221
-0.00194158
0.00633284
0.0316036
-0.00123615
0.00553607
0.0202223
-0.000931803
0.0045255
0.0110494
-0.000347901
0.00278799
0.00424751
0.00032591
0.000336965
0.0559849
-0.0032112
0.000361986
0.0439401
-0.00256157
0.000402473
0.031952
-0.0019513
0.000360452
0.0208861
-0.00124864
0.00065885
0.0112318
-0.000687758
0.000764569
0.00370863
-0.000119225
-0.000396298
0.0547348
-0.00320806
-0.00033009
0.0426814
-0.002564
-0.000298612
0.0308298
-0.00198556
-0.000379385
0.0196429
-0.00131954
-0.000138345
0.0105076
-0.000681369
-6.03928e-05
0.00345574
-0.000137043
-8.074e-05
0.00127744
-4.51374e-05
0.000108515
0.00108167
-0.000122862
-4.95437e-05
0.0672839
-0.00385869
0.00181285
0.00165182
4.02592e-05
9.32439e-06
-0.000161186
-2.46167e-06
-0.00155571
0.00144084
0.000152092
-0.00693138
0.0613573
-0.00416085
-0.00687152
0.0493886
-0.00350196
-0.00663975
0.0374048
-0.00285555
-0.00619338
0.0257364
-0.00220911
-0.00475265
0.0157329
-0.00147159
-0.00347126
0.00726831
-0.000601925
0.00684424
0.0613341
-0.00290871
0.00679278
0.0493438
-0.00225984
0.00661774
0.0373636
-0.00161691
0.00592201
0.0258527
-0.00108767
0.00508551
0.0154701
-0.000600713
0.00381442
0.00718928
-5.81254e-05
0.000325625
0.0619734
-0.00353541
0.000357831
0.0499532
-0.00288682
0.0003921
0.0379026
-0.00224511
0.000297808
0.0263048
-0.00169353
0.000548593
0.0158381
-0.00101108
0.000794781
0.00708987
-0.000351244
-0.00041006
0.0607141
-0.00353501
-0.000374575
0.0487273
-0.00288177
-0.000302761
0.0367049
-0.00225452
-0.000343089
0.0251807
-0.00157743
-0.000212183
0.0148526
-0.000996747
-7.73317e-05
0.00668155
-0.000395384
-0.00120673
0.00231631
2.08196e-05
-0.00448652
0.0284767
-0.00216887
