-0.00735378
0.0664957
-0.00448951
0.00649758
0.0664846
-0.00339893
0.000453824
0.000251761
0.000137451
-0.000292003
-4.55505e-05
-0.000106326
-0.00656166
0.0675769
-0.00448366
0.00729086
0.0675846
-0.00340841
0.000263819
1.02249e-05
-0.00013694
-0.00029624
0.000152298
0.00013787
-0.00732982
0.0545681
-0.00381582
-0.00718731
0.0425356
-0.00317311
-0.00676358
0.0305704
-0.00261602
-0.00585308
0.0199517
-0.00205688
-0.00445507
0.0107152
-0.00114722
-0.00268705
0.00389615
-0.000459224
0.00650701
0.0545283
-0.00272351
0.00645978
0.0424459
-0.00203113
0.00610629
0.0307826
-0.00124325
0.0053216
0.0193541
-0.000767701
0.00425544
0.0104883
-0.000143784
0.00267892
0.00375029
0.000608567
-0.00654949
0.0556392
-0.00379714
-0.0064217
0.0435926
-0.00309844
-0.00606649
0.0315854
-0.00239534
-0.00518664
0.020973
-0.00148647
-0.00380129
0.0112765
-0.000757243
-0.00225346
0.00344394
0.000183467
0.00730026
0.0556115
-0.00274033
0.00723188
0.0435416
-0.00209705
0.00675239
0.0318082
-0.00151477
0.0059931
0.0204029
-0.00113074
0.00510246
0.0110842
-0.000591004
0.00304133
0.0045173
-3.6061e-05
-0.000429254
0.0664928
-0.00394714
-0.00144053
0.00168369
-0.000162483
-0.00694889
0.0670389
-0.00448176
0.00174487
0.00154778
0.00047655
0.00686564
0.0670359
-0.00340395
-0.000219942
-0.000178946
0.00011041
0.000597615
0.000224412
-0.000124865
-0.000538758
0.000148992
-8.2985e-05
0.000348974
0.0675763
-0.00395009
-0.00112376
0.00125192
0.000519589
0.00159611
0.00185422
-0.000281583
3.38252e-05
-8.05145e-05
6.618e-05
-0.00734867
0.0605519
-0.00415163
-0.00728172
0.0485585
-0.00348744
-0.00702281
0.0365525
-0.00286985
-0.00657757
0.0248685
-0.00230375
-0.00513889
0.0150227
-0.00156259
-0.00367932
0.00698696
-0.000733571
0.00650197
0.0605294
-0.00306582
0.00650027
0.048498
-0.00237405
0.00635998
0.0364914
-0.00167595
0.00579844
0.0250856
-0.000921123
0.00479745
0.0147677
-0.000460193
0.00357749
0.00675868
0.000202209
-0.00656333
0.0616303
-0.00414036
-0.00650796
0.0496142
-0.00344828
-0.00629421
0.0375897
-0.00273888
-0.00576655
0.0259345
-0.00202129
-0.0044458
0.0157958
-0.00117117
-0.003098
0.00724102
-0.000274121
0.0072962
0.0616195
-0.0030712
0.00727048
0.0495875
-0.0024132
0.00712954
0.0375232
-0.00179141
0.00637826
0.02611
-0.00129336
0.005599
0.0155999
-0.000836971
0.004385
0.00715197
-0.000343244
-0.00691949
0.0551088
-0.00381003
-0.00679532
0.0430886
-0.00313594
-0.00642275
0.0311551
-0.00249281
-0.00544857
0.0206399
-0.0018153
-0.00409591
0.0110357
-0.000999767
-0.00267308
0.00365805
-0.00020932
0.00685044
0.0550704
-0.00273374
0.00675388
0.0430127
-0.00206449
0.00632628
0.0312968
-0.00133275
0.00550726
0.0199471
-0.00101216
0.00448688
0.0108673
-0.000397532
0.00275469
0.00416669
0.000299084
0.000354959
0.0556206
-0.00327452
0.000379482
0.0435525
-0.0026065
0.000416732
0.0315655
-0.00198182
0.000373291
0.0205568
-0.00126689
0.000666095
0.0110059
-0.000695938
0.000760362
0.00360679
-0.000124199
-0.000401489
0.0545408
-0.00327103
-0.000330888
0.0424495
-0.002608
-0.000298078
0.0305863
-0.00201726
-0.000384074
0.0194274
-0.00133625
-0.000140356
0.0103691
-0.000688425
-6.21212e-05
0.0034052
-0.000138707
-8.12816e-05
0.0012575
-4.39013e-05
0.000108651
0.00103864
-0.000121875
-4.47348e-05
0.0670366
-0.00394327
0.00178936
0.00161702
2.81729e-05
7.88406e-06
-0.000161165
-2.9494e-06
-0.0015344
0.00140115
0.000160948
-0.00694013
0.0610964
-0.00414758
-0.00687538
0.0490945
-0.0034714
-0.00663118
0.0370899
-0.00281644
-0.00617091
0.0254348
-0.00216749
-0.00470934
0.0155011
-0.00143158
-0.0034279
0.0071329
-0.000570886
0.00686297
0.0610708
-0.00306898
0.0068074
0.0490481
-0.00239532
0.00662245
0.0370489
-0.00172745
0.00590227
0.0255578
-0.00117848
0.00505056
0.0152393
-0.00066424
0.00377607
0.00705893
-9.56954e-05
0.000343175
0.0616252
-0.00360916
0.000376392
0.0495734
-0.00294023
0.000408819
0.0375103
-0.002282
0.000308562
0.0259406
-0.0017203
0.000560686
0.0155548
-0.00102393
0.000795674
0.00692702
-0.000356829
-0.000416547
0.0605381
-0.00360852
-0.000378051
0.0485149
-0.00293506
-0.00030241
0.0364633
-0.00229125
-0.000344697
0.0249478
-0.00160083
-0.000214318
0.0146717
-0.00100852
-7.93744e-05
0.00658765
-0.000399019
-0.00118835
0.00224949
2.99096e-05
-0.00446498
0.0281231
-0.00214501
