-0.00737603
0.0663133
-0.00448727
0.00650446
0.0663005
-0.00356648
0.000446783
0.000247952
0.000134423
-0.00028747
-4.48354e-05
-0.000104415
-0.00655886
0.0672242
-0.00448144
0.00732318
0.0672325
-0.00357701
0.000259789
9.30755e-06
-0.000135655
-0.000290218
0.00014771
0.000136768
-0.00734878
0.054355
-0.00379444
-0.00719481
0.0422884
-0.00314025
-0.00674985
0.0303076
-0.00258276
-0.00582218
0.0197292
-0.00202186
-0.00440967
0.010565
-0.00111301
-0.00265114
0.00383363
-0.000437428
0.00651425
0.054312
-0.00286834
0.00646262
0.0421946
-0.00215059
0.0060926
0.0305297
-0.00133631
0.00528504
0.0191239
-0.000844186
0.00420672
0.0103435
-0.00019476
0.00263844
0.0036946
0.000576956
-0.0065454
0.0552577
-0.00377441
-0.00640993
0.043188
-0.00306178
-0.00604179
0.0311821
-0.00235558
-0.00514224
0.0206379
-0.00144223
-0.00374624
0.0110374
-0.000722747
-0.0022161
0.00333936
0.000194767
0.0073311
0.0552297
-0.00288662
0.00725265
0.0431388
-0.00222037
0.00674986
0.0314157
-0.00161576
0.00596786
0.0200601
-0.00121344
0.00505979
0.0108568
-0.000642503
0.00300492
0.00440467
-6.08406e-05
-0.000437286
0.0663095
-0.00403039
-0.00141928
0.00165444
-0.000152184
-0.00695841
0.0667713
-0.00447935
0.00171642
0.00152373
0.000457175
0.0068831
0.0667677
-0.00357198
-0.000217753
-0.000175587
0.000109835
0.000588902
0.000221258
-0.000125097
-0.000529441
0.000144841
-7.99052e-05
0.000365915
0.0672235
-0.00403374
-0.00110597
0.00120516
0.000519018
0.0015732
0.00180003
-0.000290898
3.38405e-05
-8.18032e-05
6.49907e-05
-0.00737012
0.0603556
-0.00413912
-0.00729597
0.048328
-0.00345933
-0.00702055
0.0362949
-0.00283476
-0.00655981
0.024615
-0.00226579
-0.0050975
0.0148312
-0.00152642
-0.00363543
0.00688143
-0.00070462
0.00650917
0.0603306
-0.00322272
0.00650643
0.048264
-0.00250598
0.00635712
0.0362326
-0.0017831
0.00577364
0.0248407
-0.00100515
0.00475197
0.0145787
-0.000523469
0.00352998
0.00665977
0.000161475
-0.00656059
0.0612641
-0.00412705
-0.00650105
0.0492184
-0.00341757
-0.00627716
0.0371821
-0.00269853
-0.00573305
0.0255549
-0.00197746
-0.00439128
0.0155002
-0.00113128
-0.00304871
0.00706594
-0.000248416
0.00732822
0.0612531
-0.00322879
0.00729656
0.0491934
-0.00254805
0.00714198
0.037118
-0.00190383
0.00636251
0.0257363
-0.00138604
0.00556416
0.0153123
-0.000903195
0.00433902
0.00698769
-0.000381826
-0.00692637
0.0548116
-0.00378826
-0.00679411
0.0427642
-0.00310098
-0.00640585
0.0308231
-0.00245427
-0.0054131
0.0203625
-0.00177589
-0.00404803
0.0108406
-0.00096389
-0.00263528
0.00357318
-0.000188372
0.00686666
0.0547706
-0.00287919
0.00676326
0.0426849
-0.00218532
0.00631763
0.0309737
-0.00142791
0.00547597
0.0196588
-0.00109183
0.00444571
0.010677
-0.000446941
0.00271957
0.0040822
0.000272076
0.00037195
0.0552386
-0.00333691
0.000396138
0.0431479
-0.00265097
0.00043032
0.0311637
-0.00201232
0.000385517
0.0202155
-0.00128536
0.00067291
0.0107723
-0.000704553
0.000755799
0.00350212
-0.000129483
-0.000407038
0.0543253
-0.0033331
-0.000331938
0.0421973
-0.00265161
-0.000297802
0.0303249
-0.00204904
-0.000388991
0.0191977
-0.00135337
-0.000142608
0.0102215
-0.000696026
-6.41129e-05
0.00335089
-0.000140786
-8.20246e-05
0.00123592
-4.28964e-05
0.000108825
0.000994692
-0.000120992
-4.06907e-05
0.0667687
-0.00402638
0.00176462
0.00158058
1.61067e-05
6.43209e-06
-0.000161071
-3.3949e-06
-0.00151206
0.0013601
0.000169234
-0.00694887
0.0608153
-0.00413503
-0.00687903
0.0487814
-0.00344198
-0.00662193
0.0367575
-0.00277872
-0.00614723
0.0251182
-0.00212737
-0.00466418
0.0152586
-0.00139297
-0.00338273
0.00699164
-0.000540927
0.00688022
0.0607874
-0.00322616
0.00682045
0.0487332
-0.00252837
0.00662532
0.0367165
-0.00183626
0.00588018
0.0252481
-0.00126826
0.00501303
0.0149977
-0.000727334
0.00373537
0.0069228
-0.000133225
0.000359656
0.0612588
-0.00368171
0.000394041
0.0491762
-0.00299296
0.000424797
0.0371019
-0.00231867
0.00031865
0.0255627
-0.00174723
0.000572292
0.0152617
-0.00103717
0.000796144
0.00675901
-0.000362835
-0.000423434
0.0603401
-0.00368087
-0.000381838
0.0482815
-0.00298771
-0.00030229
0.0362024
-0.00232784
-0.000346585
0.0246988
-0.00162442
-0.000216655
0.0144791
-0.0010208
-8.16913e-05
0.00648741
-0.000403167
-0.00116916
0.00218065
3.84409e-05
-0.00444282
0.0277547
-0.00212221
