-0.0074172
0.0658711
-0.00448673
0.00651246
0.0658549
-0.00388852
0.000431734
0.000239727
0.000128231
-0.000278003
-4.33614e-05
-0.000100549
-0.00655201
0.0664584
-0.00448086
0.00737982
0.0664678
-0.00390114
0.000251309
7.49481e-06
-0.000132841
-0.000277578
0.000138307
0.00013425
-0.00738319
0.0538595
-0.00375725
-0.00720579
0.0417331
-0.00308109
-0.00671764
0.0297315
-0.00252278
-0.00575482
0.0192468
-0.00195803
-0.00431356
0.0102409
-0.00104969
-0.00257576
0.00369828
-0.000396791
0.00652289
0.0538099
-0.003147
0.00646214
0.041631
-0.00238083
0.00605842
0.0299736
-0.00151601
0.00520462
0.0186259
-0.000993019
0.0041022
0.0100307
-0.000294923
0.0025523
0.00357313
0.000513358
-0.0065358
0.054442
-0.00373438
-0.00638412
0.0423331
-0.0029947
-0.00598883
0.030338
-0.00228215
-0.00504897
0.0199401
-0.00135973
-0.00363128
0.010543
-0.000658847
-0.00213737
0.00312535
0.000214111
0.00738492
0.054413
-0.00316822
0.00728637
0.042287
-0.00245838
0.0067366
0.0305933
-0.00181148
0.00590895
0.0193467
-0.00137465
0.00496684
0.0103856
-0.000743136
0.0029274
0.00417275
-0.00010962
-0.00045459
0.0658657
-0.00419234
-0.00137479
0.00159111
-0.000133152
-0.00697511
0.0661672
-0.00447842
0.00165596
0.00147095
0.000417897
0.00691111
0.0661627
-0.00389502
-0.000213355
-0.000168873
0.00010829
0.000570318
0.000214414
-0.000125144
-0.000509909
0.000136368
-7.3746e-05
0.000396383
0.0664575
-0.00419644
-0.001068
0.00111007
0.000515658
0.00152485
0.00168891
-0.000308632
3.3951e-05
-8.41747e-05
6.24246e-05
-0.00740961
0.0598897
-0.0041189
-0.00732077
0.0478017
-0.00340922
-0.00701165
0.0357238
-0.00277127
-0.00651896
0.0240639
-0.00219654
-0.0050091
0.0144174
-0.00145982
-0.00354302
0.00665366
-0.000650941
0.00651779
0.0598596
-0.00352447
0.00651282
0.0477305
-0.00275997
0.00634493
0.0356592
-0.00198986
0.00571697
0.0243067
-0.00116772
0.00465369
0.0141702
-0.000647127
0.00342848
0.0064457
8.07723e-05
-0.00655383
0.0604753
-0.00410515
-0.00648547
0.0483776
-0.00336206
-0.0062402
0.0363252
-0.00262411
-0.00566199
0.024763
-0.00189613
-0.00427752
0.0148871
-0.00105705
-0.00294546
0.00670536
-0.00020142
0.00738434
0.0604635
-0.00353187
0.00734093
0.0483555
-0.00280791
0.00715899
0.0362653
-0.0021212
0.00632259
0.0249561
-0.00156615
0.00548636
0.0147146
-0.00103245
0.00424043
0.00664819
-0.000457303
-0.00693762
0.0541561
-0.00375025
-0.00678861
0.0420623
-0.00303746
-0.00636804
0.0301154
-0.00238361
-0.00533741
0.0197754
-0.00170307
-0.00394739
0.0104307
-0.000897234
-0.00255591
0.00339595
-0.000149585
0.00689219
0.0541098
-0.00315915
0.00677488
0.0419759
-0.00241838
0.00629281
0.0302835
-0.00161193
0.00540583
0.0190499
-0.00124703
0.00435631
0.0102769
-0.000543688
0.00264466
0.00390473
0.000218319
0.000402707
0.0544214
-0.00345888
0.000426697
0.0422927
-0.00273862
0.000455306
0.0303225
-0.00207328
0.000407961
0.0195052
-0.00132289
0.000685093
0.0102889
-0.000722986
0.000745757
0.00328751
-0.000140848
-0.000419257
0.0538248
-0.00345452
-0.000335021
0.0416322
-0.00273775
-0.000298287
0.0297516
-0.00211275
-0.000399502
0.0187006
-0.00138881
-0.000147925
0.00990319
-0.000712793
-6.89195e-05
0.00323256
-0.000146145
-8.41407e-05
0.00118851
-4.15973e-05
0.000109322
0.000905491
-0.000119575
-3.49461e-05
0.0661641
-0.004188
0.00171203
0.00150393
-7.55078e-06
3.55171e-06
-0.000160637
-4.13071e-06
-0.00146484
0.00127526
0.000183798
-0.00696393
0.0601883
-0.00411471
-0.00688357
0.0480979
-0.00338919
-0.00659991
0.0360439
-0.00270982
-0.00609547
0.0244466
-0.00205355
-0.00456885
0.0147473
-0.00132142
-0.00328793
0.00669561
-0.000485282
0.00690785
0.0601556
-0.00352848
0.00683953
0.048046
-0.00278469
0.00662373
0.0360029
-0.00204644
0.00582833
0.0245899
-0.00144256
0.00493053
0.0144887
-0.000850524
0.0036477
0.00663711
-0.000207045
0.000389233
0.0604694
-0.00382314
0.000426347
0.0483321
-0.00309642
0.000454287
0.0362429
-0.00239138
0.000336798
0.0247739
-0.00180137
0.00059379
0.0146533
-0.00106466
0.00079582
0.00641254
-0.000376017
-0.000438393
0.0598707
-0.00382194
-0.000390468
0.0477493
-0.00309109
-0.000303013
0.0356246
-0.00240058
-0.000351339
0.0241562
-0.00167213
-0.000222048
0.0140634
-0.00104678
-8.72096e-05
0.00627073
-0.000412945
-0.00112875
0.00203913
5.3513e-05
-0.00439597
0.0269814
-0.00208133
