-0.00744953
0.0653102
-0.00449524
0.00650879
0.0652907
-0.00418864
0.000415692
0.000230861
0.000122001
-0.000268203
-4.18445e-05
-9.67159e-05
-0.00653958
0.0656049
-0.00448923
0.00742135
0.0656152
-0.00420325
0.000242453
5.77454e-06
-0.000129757
-0.000264406
0.000128821
0.000131344
-0.00740881
0.0532634
-0.0037315
-0.00720811
0.0410966
-0.00303441
-0.00667747
0.029094
-0.00247437
-0.00568
0.0187221
-0.00190457
-0.00421191
0.00989201
-0.000994947
-0.00249713
0.00355233
-0.000361121
0.00651978
0.0532072
-0.00340687
0.00644977
0.0409863
-0.00259593
0.00601285
0.0293557
-0.00168428
0.00511418
0.0180864
-0.00113341
0.00398943
0.00969331
-0.000390511
0.00246074
0.0034409
0.000450714
-0.00652047
0.0535559
-0.00370573
-0.00635214
0.0414248
-0.00294
-0.00592912
0.0294568
-0.00222027
-0.00494971
0.019219
-0.00128825
-0.00351138
0.0100383
-0.000603764
-0.00205469
0.00291028
0.000228432
0.00742389
0.0535256
-0.00343097
0.00730598
0.041381
-0.00268105
0.00671049
0.0297329
-0.00199529
0.0058387
0.0186101
-0.00152671
0.00486502
0.00990285
-0.000838203
0.0028451
0.00393756
-0.00015608
-0.000473324
0.0653033
-0.00434783
-0.00132863
0.00152289
-0.000116674
-0.00698457
0.06546
-0.00448647
0.00159197
0.00141315
0.000378875
0.00692585
0.0654544
-0.00419612
-0.000209033
-0.000162297
0.000106229
0.000550557
0.000207005
-0.000124581
-0.000489579
0.000127887
-6.77198e-05
0.000422088
0.0656037
-0.00435257
-0.00102755
0.00101539
0.00050925
0.00147419
0.00157701
-0.000324617
3.41886e-05
-8.61695e-05
5.96491e-05
-0.00744028
0.0593141
-0.00410907
-0.00733685
0.0471843
-0.00337124
-0.00699437
0.0350813
-0.00272013
-0.00646972
0.0234622
-0.00213884
-0.00491418
0.0139706
-0.00140288
-0.00344615
0.00640865
-0.000604329
0.0065147
0.0592789
-0.00380576
0.00650735
0.0471059
-0.002997
0.0063209
0.0350143
-0.0021833
0.00564949
0.0237207
-0.00132017
0.00454631
0.0137288
-0.000764354
0.0033199
0.0062146
2.92889e-06
-0.00654145
0.0596074
-0.00409358
-0.00646394
0.047475
-0.00331862
-0.00619671
0.035423
-0.00256197
-0.00558435
0.0239416
-0.00182652
-0.00415857
0.0142579
-0.00099273
-0.00283762
0.00633936
-0.000161784
0.00742547
0.0595948
-0.00381443
0.00737087
0.0474551
-0.00305065
0.00716238
0.0353666
-0.0023249
0.00627053
0.0241455
-0.00173565
0.00539834
0.0140997
-0.0011545
0.00413463
0.00630208
-0.000528617
-0.0069416
0.0534152
-0.00372365
-0.00677573
0.0412928
-0.00298641
-0.0063229
0.0293586
-0.00232475
-0.0052552
0.0191552
-0.00164083
-0.00384162
0.0100032
-0.000839323
-0.00247292
0.00321308
-0.000116011
0.00690453
0.0533636
-0.00342035
0.00677353
0.0411996
-0.00263631
0.00625592
0.0295434
-0.00178446
0.00532549
0.0184093
-0.00139341
0.00425851
0.00985918
-0.000635446
0.00256485
0.00372006
0.000166202
0.000428934
0.0535338
-0.00357703
0.000453294
0.0413836
-0.00282457
0.000477167
0.0294437
-0.00213408
0.000427532
0.0187717
-0.00136105
0.000695148
0.00979475
-0.000742832
0.000734765
0.00307133
-0.000153047
-0.000432927
0.0532237
-0.00357225
-0.000339703
0.0409859
-0.00282254
-0.000300503
0.0291169
-0.00217648
-0.000410837
0.018162
-0.00142569
-0.000154435
0.00956047
-0.000731488
-7.48458e-05
0.00310408
-0.000152988
-8.71161e-05
0.00113663
-4.12518e-05
0.000110077
0.000817
-0.000118676
-3.22876e-05
0.0654563
-0.0043431
0.00165626
0.00142413
-2.99138e-05
7.99108e-07
-0.00015982
-4.61715e-06
-0.00141514
0.00118898
0.000195244
-0.00697174
0.059467
-0.00410472
-0.00688078
0.047338
-0.00334856
-0.00657055
0.035272
-0.00265327
-0.00603647
0.0237348
-0.00199121
-0.00446773
0.0142112
-0.00125967
-0.00318871
0.00638834
-0.000436904
0.00692225
0.0594295
-0.00381035
0.00684553
0.0472823
-0.00302407
0.0066094
0.035231
-0.00224327
0.00576534
0.0238906
-0.00160649
0.00483861
0.0139552
-0.000967029
0.00355297
0.00633998
-0.000277429
0.000414113
0.0596009
-0.00395942
0.000454351
0.0474261
-0.00319727
0.000480186
0.0353381
-0.0024633
0.000352277
0.0239553
-0.00185554
0.000612646
0.0140284
-0.0010933
0.000793854
0.00606035
-0.000390571
-0.000454791
0.0592916
-0.00395798
-0.000400594
0.047126
-0.00319197
-0.00030539
0.0349754
-0.00247278
-0.000357549
0.0235621
-0.00172048
-0.000228533
0.0136151
-0.00107449
-9.39659e-05
0.00603727
-0.00042457
-0.00108631
0.00189616
6.5466e-05
-0.00434456
0.0261717
-0.00204903
