-0.00746772
0.0646129
-0.00451676
0.0064889
0.0645903
-0.00446195
0.000399013
0.000221553
0.000115898
-0.000258304
-4.03034e-05
-9.30165e-05
-0.00651678
0.0646546
-0.00451052
0.00744271
0.0646659
-0.00447838
0.000233442
4.21847e-06
-0.000126474
-0.000251009
0.000119508
0.000128095
-0.00742062
0.0525578
-0.00372143
-0.0071978
0.0403789
-0.00300418
-0.00662731
0.0284029
-0.00244046
-0.00559761
0.0181649
-0.00186363
-0.00410646
0.00952643
-0.000950621
-0.00241702
0.00339964
-0.000331475
0.00650032
0.0524954
-0.00364358
0.00642135
0.040261
-0.00279212
0.00595333
0.0286827
-0.00183807
0.00501351
0.0175161
-0.00126218
0.00386993
0.00933914
-0.00047913
0.00236561
0.00330126
0.000390651
-0.00649475
0.0525995
-0.0036928
-0.0063101
0.0404713
-0.00290202
-0.00586022
0.0285536
-0.00217359
-0.00484432
0.0184896
-0.00123107
-0.00338835
0.009536
-0.000559638
-0.00196962
0.00270037
0.000237043
0.00744303
0.0525675
-0.00367036
0.00730727
0.040429
-0.00288427
0.00666938
0.0288484
-0.00216333
0.0057571
0.0178666
-0.00166577
0.00475587
0.00942065
-0.000925063
0.00275983
0.00370561
-0.000198812
-0.000493075
0.0646045
-0.00449634
-0.00128191
0.00145168
-0.000103231
-0.00698178
0.0646362
-0.0045075
0.00152583
0.00135182
0.000341191
0.00692269
0.0646297
-0.00447039
-0.000204891
-0.000156003
0.000103673
0.00053006
0.000199216
-0.000123358
-0.000468917
0.000119644
-6.19744e-05
0.000442953
0.0646532
-0.00450162
-0.00098541
0.000924
0.000499738
0.00142246
0.00146766
-0.000338256
3.4577e-05
-8.76758e-05
5.67128e-05
-0.00745687
0.0586153
-0.00411375
-0.00733961
0.0464714
-0.00334955
-0.00696563
0.0343715
-0.00268492
-0.00641053
0.0228194
-0.00209551
-0.00481385
0.0135
-0.00135768
-0.00334677
0.00615248
-0.000566266
0.00649533
0.0585753
-0.00406193
0.00648555
0.0463862
-0.00321301
0.00628141
0.0343025
-0.0023599
0.00556973
0.0230919
-0.00145952
0.0044307
0.0132641
-0.00087236
0.00320609
0.00597208
-7.00207e-05
-0.00651865
0.058656
-0.00409655
-0.00643209
0.0465151
-0.00329164
-0.0061434
0.0344876
-0.00251623
-0.00549868
0.0231069
-0.00177209
-0.0040356
0.0136273
-0.000940979
-0.00272709
0.00597771
-0.000131052
0.00744656
0.0586423
-0.00407174
0.00738175
0.0464966
-0.00327196
0.00714861
0.0344338
-0.00251095
0.00620543
0.0233201
-0.00189063
0.00530092
0.0134821
-0.00126613
0.00402366
0.0059586
-0.000593673
-0.00693351
0.0525844
-0.00371274
-0.00675147
0.0404599
-0.00295198
-0.00626798
0.0285639
-0.00228112
-0.00516618
0.0185144
-0.00159185
-0.00373232
0.00956859
-0.000792205
-0.00238794
0.00302969
-8.87655e-05
0.00689915
0.0525277
-0.00365835
0.00675529
0.0403603
-0.0028352
0.00620473
0.0287638
-0.00194221
0.00523492
0.0177506
-0.00152738
0.00415362
0.00943415
-0.000719782
0.00248176
0.00353307
0.000117155
0.000450515
0.0525756
-0.00369125
0.000475732
0.0404289
-0.00290887
0.000495774
0.0285424
-0.00219462
0.000444103
0.0180311
-0.00139968
0.000702903
0.00930237
-0.000763847
0.000723154
0.00285979
-0.000165812
-0.000447861
0.0525134
-0.00368618
-0.000346192
0.0402592
-0.00290607
-0.000304742
0.0284284
-0.00223996
-0.000422823
0.0175923
-0.0014638
-0.000162193
0.00920145
-0.000751886
-8.18724e-05
0.00296889
-0.000161153
-9.09424e-05
0.00108174
-4.18471e-05
0.000111159
0.000732013
-0.000118352
-3.25102e-05
0.064632
-0.00449118
0.00159855
0.00134342
-5.0258e-05
-1.7146e-06
-0.000158564
-4.8119e-06
-0.001364
0.0011038
0.000203131
-0.00696733
0.0586422
-0.00410922
-0.00686618
0.0465018
-0.00332435
-0.00653063
0.0344499
-0.00261293
-0.00596852
0.0229955
-0.00194341
-0.00436178
0.0136623
-0.00121008
-0.00308684
0.00607781
-0.000397438
0.00691881
0.0586003
-0.00406708
0.0068342
0.0464423
-0.00324233
0.006579
0.0344088
-0.00242307
0.00569025
0.0231626
-0.00175642
0.004738
0.0134094
-0.00107393
0.00345278
0.00603903
-0.000342421
0.000434254
0.0586487
-0.00409028
0.000477835
0.0464626
-0.00329552
0.000502264
0.0343999
-0.00253445
0.000365232
0.0231227
-0.00190934
0.000628531
0.0134017
-0.00112282
0.000790338
0.00571198
-0.000406267
-0.00047232
0.0585895
-0.00408871
-0.000412187
0.0464075
-0.00329035
-0.000309727
0.0342594
-0.00254445
-0.000365289
0.0229256
-0.00176935
-0.000236191
0.0131438
-0.00110368
-0.000101972
0.00579287
-0.000437848
-0.0010426
0.00175598
7.38219e-05
-0.00428712
0.0253402
-0.00202772
