-0.00746989
0.064208
-0.00453341
0.00647157
0.064184
-0.00458725
0.000390545
0.000216798
0.000112943
-0.000253387
-3.95293e-05
-9.1245e-05
-0.0065
0.0641405
-0.00452704
0.00744437
0.0641522
-0.0046045
0.000228945
3.52265e-06
-0.000124779
-0.000244317
0.000114989
0.000126356
-0.00741981
0.0521615
-0.00372336
-0.00718669
0.03999
-0.00299626
-0.00659785
0.0280397
-0.00242969
-0.00555352
0.0178771
-0.0018484
-0.00405282
0.00933987
-0.000932838
-0.00237692
0.00332195
-0.000319187
0.00648313
0.0520962
-0.00375208
0.00639991
0.0398686
-0.00288213
0.0059176
0.0283277
-0.00190872
0.00495931
0.0172227
-0.00132136
0.00380814
0.00915814
-0.000520173
0.00231727
0.00322969
0.000362043
-0.00647655
0.0520948
-0.00369337
-0.0062841
0.0399801
-0.00289045
-0.00582157
0.0280981
-0.00215692
-0.00478926
0.0181263
-0.00120871
-0.00332617
0.00928947
-0.000542253
-0.00192667
0.00259915
0.000239032
0.00744373
0.0520619
-0.00378009
0.00729983
0.0399382
-0.00297748
0.0066426
0.0284013
-0.0022404
0.00571208
0.017497
-0.00172937
0.00469904
0.00918335
-0.000964695
0.00271661
0.00359275
-0.000218395
-0.000503167
0.064199
-0.00456782
-0.00125868
0.00141553
-9.7769e-05
-0.00697424
0.0641767
-0.0045239
0.00149238
0.0013203
0.000323159
0.00691307
0.0641697
-0.00459613
-0.000202917
-0.000153001
0.000102219
0.000519668
0.000195237
-0.000122487
-0.000458601
0.000115684
-5.92488e-05
0.0004516
0.0641389
-0.00457331
-0.000963957
0.00088037
0.000493815
0.00139656
0.00141491
-0.000344038
3.48348e-05
-8.82152e-05
5.51988e-05
-0.00745829
0.0582158
-0.0041226
-0.00733459
0.0460781
-0.0033459
-0.006946
0.0339929
-0.00267421
-0.00637671
0.0224857
-0.00207994
-0.00476197
0.0132588
-0.00134001
-0.00329671
0.00602208
-0.000550825
0.00647822
0.0581736
-0.00417933
0.00646722
0.0459897
-0.00331206
0.00625482
0.0339229
-0.00244095
0.00552484
0.0227641
-0.00152349
0.00437011
0.0130258
-0.000922147
0.0031478
0.00584827
-0.0001041
-0.00650187
0.0581475
-0.00410459
-0.00641095
0.0460148
-0.00328549
-0.00611205
0.0340109
-0.0025006
-0.00545237
0.0226893
-0.0017515
-0.00397295
0.0133159
-0.000920531
-0.00267137
0.00580138
-0.000119434
0.00744812
0.0581332
-0.00418967
0.00737871
0.0459968
-0.00337343
0.00713428
0.0339582
-0.00259628
0.00616776
0.0229065
-0.0019616
0.00524898
0.0131765
-0.00131716
0.00396686
0.00579056
-0.000623283
-0.00692348
0.0521339
-0.00371426
-0.00673384
0.040021
-0.00294209
-0.0062361
0.0281556
-0.00226592
-0.00511901
0.0181898
-0.00157303
-0.00367679
0.0093517
-0.000773231
-0.00234519
0.00293931
-7.78096e-05
0.00688851
0.0520749
-0.00376745
0.00673871
0.0399186
-0.00292646
0.00617313
0.0283624
-0.00201466
0.00518583
0.0174185
-0.00158873
0.00409893
0.0092219
-0.000758503
0.00243948
0.00344017
9.41791e-05
0.000459578
0.05207
-0.00374683
0.000485374
0.039937
-0.0029504
0.000503852
0.0280876
-0.00222475
0.000451257
0.0176628
-0.00141911
0.000705888
0.00906054
-0.000774721
0.00071722
0.00275759
-0.000172331
-0.000455705
0.0521149
-0.00374167
-0.000350138
0.0398661
-0.00294736
-0.00030767
0.0280664
-0.00227151
-0.000428983
0.0172992
-0.00148325
-0.000166538
0.0090183
-0.000762651
-8.57796e-05
0.00289983
-0.000165679
-9.31632e-05
0.00105361
-4.24901e-05
0.000111843
0.000691641
-0.000118423
-3.35938e-05
0.0641722
-0.00456243
0.00156934
0.0013034
-5.94755e-05
-2.8495e-06
-0.000157757
-4.78976e-06
-0.0013382
0.00106238
0.000205628
-0.00695903
0.0581884
-0.00411797
-0.00685308
0.0460551
-0.00331952
-0.00650571
0.0340224
-0.00259983
-0.00593066
0.0226195
-0.00192577
-0.00430728
0.0133867
-0.00119045
-0.00303543
0.0059237
-0.00038148
0.00690908
0.0581444
-0.00418475
0.00682081
0.0459938
-0.00334243
0.00655683
0.0339813
-0.00250559
0.00564792
0.0227915
-0.00182515
0.00468468
0.0131355
-0.00112297
0.00340114
0.00588941
-0.000372361
0.000442587
0.0581398
-0.00415358
0.000487862
0.0459606
-0.00334365
0.00051184
0.0339217
-0.00256972
0.000370836
0.022706
-0.00193598
0.000635288
0.0130922
-0.00113783
0.000788039
0.00554202
-0.000414475
-0.000481375
0.0581885
-0.00415198
-0.000418486
0.0460115
-0.00333858
-0.000312685
0.0338778
-0.00258006
-0.000369722
0.0225945
-0.00179394
-0.000240461
0.0129027
-0.00111875
-0.00010643
0.00566837
-0.000445046
-0.0010205
0.00168817
7.65265e-05
-0.00425568
0.0249205
-0.00202182
