-0.00744141
0.0627473
-0.00461043
0.00638444
0.0627197
-0.00491289
0.000365111
0.000202406
0.000104657
-0.000239064
-3.72164e-05
-8.63582e-05
-0.00642146
0.0624296
-0.00460356
0.00740719
0.0624422
-0.00493216
0.00021578
1.84995e-06
-0.000119585
-0.000224663
0.000102296
0.00012075
-0.00738361
0.0507892
-0.00376083
-0.00712399
0.0387049
-0.00300478
-0.00648899
0.026891
-0.00242467
-0.0054094
0.0169908
-0.00182546
-0.00389035
0.00877644
-0.000898705
-0.00225869
0.00308886
-0.000293461
0.00639618
0.0507165
-0.00403376
0.00630169
0.0385749
-0.00311603
0.00578365
0.0271994
-0.0020928
0.00478137
0.0163245
-0.00147482
0.00361683
0.00861036
-0.000627743
0.00217167
0.00301278
0.000283723
-0.00639409
0.0504736
-0.00372721
-0.00618082
0.0384587
-0.00288945
-0.00568536
0.0267346
-0.00213705
-0.0046143
0.0170613
-0.00116988
-0.00313921
0.0085843
-0.000510947
-0.00179819
0.00231814
0.00023511
0.00740436
0.0504378
-0.0040649
0.00724016
0.0384172
-0.00321934
0.00653498
0.0270582
-0.00243981
0.0055605
0.016418
-0.00189231
0.00452178
0.00850199
-0.00106564
0.00258707
0.0032748
-0.000268542
-0.00053339
0.0627366
-0.00477043
-0.00119088
0.00130758
-8.6857e-05
-0.00692009
0.0625909
-0.0046002
0.00139245
0.00122451
0.000273549
0.00684645
0.0625829
-0.00492294
-0.000197485
-0.00014473
9.72105e-05
0.000488527
0.000183228
-0.000118814
-0.000428308
0.000104746
-5.18315e-05
0.000470809
0.0624276
-0.00477635
-0.00089915
0.000761225
0.000471429
0.00132039
0.00126843
-0.000356653
3.58928e-05
-8.88587e-05
5.05354e-05
-0.00742785
0.0568023
-0.00417889
-0.00728758
0.0447472
-0.00336741
-0.00686173
0.0327691
-0.0026729
-0.00625615
0.0214493
-0.00206005
-0.00460075
0.0125249
-0.00130861
-0.00314749
0.0056301
-0.000520252
0.0063916
0.0567544
-0.0044842
0.00637712
0.0446508
-0.00356933
0.00614342
0.0326969
-0.00265166
0.00536864
0.0217411
-0.00168972
0.00417862
0.0123007
-0.00105176
0.00297006
0.00547458
-0.00019459
-0.00642325
0.0564838
-0.0041587
-0.00632053
0.0444377
-0.00330048
-0.00599461
0.0325597
-0.00248664
-0.00529746
0.0214556
-0.00171961
-0.00378178
0.0124154
-0.00088356
-0.00250483
0.00530256
-0.000101085
0.00741085
0.0564677
-0.0044958
0.00733011
0.0444198
-0.00363676
0.00705732
0.0325089
-0.00281744
0.00603347
0.0216817
-0.00214435
0.00508156
0.0122912
-0.00144774
0.00379391
0.00531284
-0.000698264
-0.00686279
0.0506374
-0.00375064
-0.00665338
0.0386206
-0.00294549
-0.00611932
0.0269023
-0.00224991
-0.00496633
0.0172159
-0.00154173
-0.00350866
0.00871634
-0.000736632
-0.00221797
0.00268003
-5.67058e-05
0.00681934
0.0505723
-0.00405078
0.00665441
0.0385111
-0.00316356
0.00605185
0.0271255
-0.00220306
0.00502362
0.0164289
-0.00174648
0.00392782
0.00859956
-0.000858355
0.0023119
0.00317024
3.29667e-05
0.000480182
0.0504462
-0.00390716
0.000508133
0.0384132
-0.00307236
0.000523315
0.0267255
-0.00231433
0.000468313
0.0165864
-0.00147771
0.000711235
0.00836831
-0.000808518
0.000699384
0.00247291
-0.000192145
-0.000480129
0.050737
-0.00390197
-0.000364684
0.0385706
-0.00306923
-0.000319708
0.0269209
-0.00236498
-0.000447664
0.0164011
-0.00154281
-0.000181309
0.00846557
-0.000796881
-9.89272e-05
0.00269169
-0.000180814
-0.000100961
0.000968644
-4.57609e-05
0.000114558
0.000582407
-0.000119662
-4.0021e-05
0.0625858
-0.00476438
0.00148189
0.00118764
-8.25632e-05
-5.62993e-06
-0.000154563
-4.21574e-06
-0.00126128
0.000946028
0.000206948
-0.00690285
0.0566502
-0.00417395
-0.00678435
0.0446013
-0.00333804
-0.0064066
0.0326853
-0.00259239
-0.00579908
0.0214831
-0.00190069
-0.00413875
0.0125707
-0.0011545
-0.00288151
0.00547632
-0.000350322
0.00684224
0.0566009
-0.00449032
0.00674463
0.0445353
-0.00360244
0.0064585
0.0326443
-0.00271996
0.00550095
0.0216667
-0.00200266
0.00451389
0.0123258
-0.00124948
0.00324233
0.00545392
-0.000449915
0.000461074
0.0564751
-0.00433448
0.000511242
0.0443786
-0.00348393
0.000534766
0.0324664
-0.00267425
0.000384612
0.021474
-0.00201425
0.000650633
0.0121972
-0.00118351
0.00077922
0.00506094
-0.00044028
-0.00050892
0.0567711
-0.00433296
-0.000438979
0.0446739
-0.00347928
-0.000324757
0.0326468
-0.00268584
-0.000385045
0.0215633
-0.0018681
-0.000254917
0.0121705
-0.00116546
-0.000121476
0.00529385
-0.000468604
-0.000954189
0.00149919
7.82869e-05
-0.00414826
0.0236647
-0.00202538
