-0.00738791
0.0615549
-0.00468601
0.00629329
0.0615256
-0.00508535
0.0003485
0.000192927
9.97519e-05
-0.000230088
-3.56985e-05
-8.35333e-05
-0.00634055
0.0611393
-0.00467877
0.00734318
0.0611523
-0.00510553
0.000207491
1.13868e-06
-0.000116114
-0.000212197
9.47654e-05
0.000116744
-0.00732628
0.049716
-0.00381406
-0.00705363
0.0377525
-0.00303909
-0.00639713
0.0260854
-0.00244522
-0.00530314
0.0163913
-0.00182995
-0.00378224
0.00840625
-0.000892858
-0.00218316
0.00293755
-0.000286143
0.00630491
0.0496397
-0.00418259
0.00620457
0.0376186
-0.00323974
0.00567014
0.0264029
-0.00219065
0.00465022
0.0157221
-0.00155518
0.00348609
0.00824943
-0.000685026
0.00207603
0.00287002
0.000238894
-0.006311
0.0493026
-0.00377854
-0.00608687
0.0374116
-0.00291901
-0.00557518
0.0258414
-0.00215081
-0.00448921
0.0163854
-0.0011694
-0.00301577
0.00815409
-0.000508674
-0.00171435
0.00215497
0.000223933
0.00733949
0.0492649
-0.00421521
0.00716583
0.0373696
-0.00334668
0.00643894
0.0261736
-0.00254391
0.0054461
0.0157378
-0.00197525
0.00439972
0.00808406
-0.00111634
0.00250259
0.0030857
-0.000293935
-0.000552674
0.0615433
-0.00489507
-0.00114829
0.00123802
-8.43698e-05
-0.00685254
0.0613496
-0.00467536
0.00132758
0.00116133
0.000245019
0.00676681
0.061341
-0.005096
-0.000194339
-0.00013992
9.33885e-05
0.000468242
0.000175364
-0.000115482
-0.000409092
9.8444e-05
-4.76322e-05
0.000478534
0.0611371
-0.00490109
-0.000856379
0.00069398
0.000452749
0.00127209
0.00118348
-0.000360814
3.68574e-05
-8.8402e-05
4.73697e-05
-0.00737336
0.0556708
-0.004243
-0.00722494
0.0437329
-0.00341066
-0.00678115
0.0318863
-0.00269922
-0.00615815
0.0207398
-0.0020703
-0.00448949
0.0120371
-0.00130661
-0.00305054
0.00537454
-0.000513744
0.00630063
0.0556201
-0.00464534
0.00628409
0.0436327
-0.00370534
0.00603993
0.0318133
-0.00276313
0.00524567
0.021036
-0.00177752
0.00404407
0.0118189
-0.00112004
0.00285116
0.00522958
-0.00024383
-0.00634224
0.0552543
-0.00422165
-0.00623319
0.0433259
-0.00334044
-0.00589344
0.0315851
-0.00250686
-0.00517931
0.0206634
-0.0017251
-0.0036526
0.0118566
-0.000880759
-0.00239603
0.00500367
-0.000103471
0.00734692
0.0552372
-0.00465751
0.00726105
0.0433072
-0.00377559
0.00697488
0.0315346
-0.00293345
0.00592579
0.0208925
-0.00223859
0.00496143
0.0117402
-0.00151399
0.0036786
0.00502455
-0.000735433
-0.00679191
0.0495155
-0.00380329
-0.00657263
0.037622
-0.00297726
-0.00602129
0.0260541
-0.00226553
-0.00485477
0.0165783
-0.00154317
-0.00339663
0.00831537
-0.000730276
-0.00213549
0.00252179
-5.30678e-05
0.00673849
0.0494474
-0.00420045
0.00656629
0.0375094
-0.0032888
0.00594731
0.0262843
-0.00230269
0.00490341
0.0157877
-0.00182746
0.0038094
0.0082063
-0.000909851
0.00222787
0.00300228
-4.92599e-07
0.000488883
0.0492736
-0.00400839
0.000518444
0.0373645
-0.00315127
0.000532539
0.0258326
-0.00237313
0.000476219
0.0159068
-0.00151688
0.000711841
0.00794571
-0.000831849
0.000687823
0.00230677
-0.000205401
-0.000496552
0.049661
-0.00400334
-0.000376406
0.0376133
-0.00314859
-0.000330293
0.0261168
-0.00242586
-0.000459836
0.0157984
-0.00158322
-0.000192429
0.00810285
-0.000821081
-0.000108718
0.00255585
-0.000192053
-0.000107
0.000913129
-4.90296e-05
0.000116984
0.000521821
-0.000121426
-4.62436e-05
0.0613443
-0.00488861
0.00142497
0.00111622
-9.37181e-05
-6.86993e-06
-0.000151757
-3.40227e-06
-0.00121138
0.000877336
0.000202492
-0.00683426
0.05547
-0.00423785
-0.00670941
0.0435385
-0.00337983
-0.00631688
0.0317568
-0.00261576
-0.00569453
0.0207312
-0.00190865
-0.00402297
0.0120474
-0.00115084
-0.00278072
0.00519803
-0.000344396
0.00676254
0.0554181
-0.00465183
0.00666042
0.0434699
-0.00373981
0.00636386
0.0317159
-0.00283305
0.00538589
0.0209194
-0.0020949
0.00439205
0.0118075
-0.00131482
0.00313496
0.00518197
-0.000490201
0.000468527
0.055245
-0.00444714
0.000521556
0.0432641
-0.00357377
0.000545405
0.0314893
-0.00274265
0.000391705
0.0206822
-0.00206465
0.000656728
0.0116419
-0.00121427
0.000771956
0.00477259
-0.000458313
-0.000526881
0.0556377
-0.00444581
-0.000453518
0.0436563
-0.00356947
-0.000335332
0.0317607
-0.00275521
-0.000396634
0.0208549
-0.00191763
-0.000265738
0.0116857
-0.00119758
-0.00013272
0.00504955
-0.000485762
-0.000910692
0.00138894
7.39033e-05
-0.00406414
0.0228433
-0.00204661
