-0.00683655
0.0549346
-0.00517261
0.00562879
0.0549053
-0.00541245
0.000289353
0.00015878
8.62879e-05
-0.000201159
-2.99525e-05
-7.63443e-05
-0.00572853
0.0546768
-0.00516414
0.00673721
0.0546891
-0.00543211
0.00018076
2.03767e-06
-0.000103278
-0.000170634
7.4221e-05
9.94262e-05
-0.00677297
0.0441418
-0.00424392
-0.00649621
0.0332464
-0.0033965
-0.00584766
0.0226785
-0.0027091
-0.00479186
0.0140645
-0.00199832
-0.00336686
0.00707886
-0.00100311
-0.00192454
0.00241827
-0.000335491
0.005638
0.0440647
-0.00446044
0.00553261
0.0331153
-0.00347162
0.00500843
0.0229874
-0.00238108
0.00403382
0.0134343
-0.00169446
0.0029608
0.00694672
-0.000792955
0.00172791
0.00236326
0.000125871
-0.00569577
0.04388
-0.00420682
-0.00546285
0.0330312
-0.00327487
-0.00495054
0.0225315
-0.00242073
-0.0039168
0.014098
-0.00137484
-0.00254855
0.00686893
-0.000650882
-0.00141075
0.00174885
0.000111823
0.00673468
0.0438374
-0.00449319
0.00656128
0.0329838
-0.00357653
0.00584904
0.0228514
-0.00271993
0.00489102
0.013486
-0.00208873
0.00390288
0.00681739
-0.00117943
0.00220091
0.00257071
-0.000327489
-0.000609589
0.0549229
-0.00530208
-0.00101007
0.00100541
-0.000112169
-0.00627059
0.0548086
-0.00516121
0.00109898
0.000937382
0.000173353
0.00613214
0.0547997
-0.0054235
-0.000185872
-0.000126752
7.53035e-05
0.000396458
0.000147721
-9.5822e-05
-0.000344939
8.31125e-05
-3.77024e-05
0.000481373
0.0546741
-0.00530701
-0.000698812
0.00054572
0.000351179
0.00111263
0.000974562
-0.000343357
4.296e-05
-7.90837e-05
3.47795e-05
-0.00682131
0.0495725
-0.00470277
-0.00666983
0.0386879
-0.003806
-0.00622502
0.0279247
-0.00301344
-0.00560486
0.0178996
-0.00229183
-0.00402256
0.0102291
-0.00144648
-0.00270123
0.00448109
-0.000598113
0.00563538
0.0495209
-0.00494724
0.00561441
0.0385879
-0.00396008
0.00536789
0.0278549
-0.00297222
0.00459947
0.0181727
-0.00194277
0.00346876
0.0100344
-0.00124194
0.00239759
0.00436143
-0.000345934
-0.00572963
0.0493122
-0.00468038
-0.00561351
0.0384236
-0.00373422
-0.00526634
0.0277352
-0.0028218
-0.00456952
0.0178864
-0.00196132
-0.00313169
0.01009
-0.00104762
-0.00199801
0.0041649
-0.000231226
0.00674198
0.0492923
-0.00495912
0.00665743
0.0383974
-0.00402958
0.00637112
0.027682
-0.00313717
0.00535053
0.0181008
-0.0023836
0.0044295
0.00998776
-0.00160323
0.00324256
0.00419841
-0.000776477
-0.00620777
0.0440171
-0.00423261
-0.00598454
0.0331764
-0.00333368
-0.0054372
0.0226931
-0.00253376
-0.00432382
0.0142586
-0.00172534
-0.00296298
0.00700513
-0.00085009
-0.00184044
0.00205924
-0.00012309
0.00610388
0.0439483
-0.00447902
0.00593092
0.0330679
-0.0035203
0.00532833
0.0229137
-0.00248892
0.00433491
0.0135223
-0.00194752
0.00332153
0.0069173
-0.00098958
0.00192009
0.00248038
-7.10146e-05
0.000494683
0.0438477
-0.00436072
0.000528904
0.0329796
-0.00344144
0.000545367
0.0225197
-0.00259522
0.000485787
0.0136438
-0.00167235
0.000693178
0.00668326
-0.000929879
0.000648486
0.00188559
-0.000257935
-0.000552377
0.0440858
-0.00435737
-0.000432299
0.0331091
-0.00344378
-0.00038671
0.0227104
-0.0026498
-0.000498379
0.0135049
-0.00174541
-0.000242709
0.00680796
-0.000925843
-0.000152642
0.00208561
-0.000244621
-0.000135489
0.000722457
-7.02547e-05
0.000132118
0.000399977
-0.000137147
-7.33216e-05
0.0548031
-0.00529472
0.00122304
0.000902009
-0.000102977
-6.07955e-06
-0.000135024
2.93983e-06
-0.00103445
0.000698133
0.000143008
-0.00625142
0.0494499
-0.00469715
-0.00612301
0.0385649
-0.00377498
-0.00572922
0.0278499
-0.00293001
-0.00511974
0.0179165
-0.00213411
-0.00353983
0.0102522
-0.00129803
-0.00240891
0.00432959
-0.000440891
0.00612841
0.0493975
-0.00495411
0.00602535
0.0384954
-0.00399488
0.0057311
0.0278118
-0.00304031
0.00478974
0.0180942
-0.00224636
0.00385657
0.0100401
-0.00141708
0.0027159
0.00432407
-0.00055529
0.000472056
0.0493017
-0.00482696
0.000529846
0.0383583
-0.00389695
0.000557206
0.0276369
-0.00300016
0.000411193
0.0179016
-0.00224583
0.000650545
0.0098919
-0.00133732
0.000735425
0.003965
-0.00053597
-0.000583269
0.0495391
-0.00482702
-0.000509255
0.0386105
-0.00389408
-0.000391669
0.0278014
-0.00301637
-0.000446386
0.0179988
-0.00211189
-0.000313638
0.00990655
-0.00132976
-0.000183332
0.00419593
-0.000563809
-0.00075054
0.00111245
1.17042e-05
-0.00360786
0.0198294
-0.00227923
