-0.00660964
0.0528298
-0.00532911
0.0053876
0.0528021
-0.00541194
0.000276918
0.00015156
8.44466e-05
-0.000195847
-2.85885e-05
-7.55453e-05
-0.00549804
0.0527292
-0.00532051
0.00649896
0.0527408
-0.00543044
0.000175911
3.18136e-06
-0.000100486
-0.000162602
7.15496e-05
9.49398e-05
-0.00654909
0.0424447
-0.00439407
-0.00628394
0.0319659
-0.00352993
-0.00566207
0.0218024
-0.00281136
-0.00464187
0.0135196
-0.00207089
-0.00326817
0.00679931
-0.00105926
-0.00187196
0.002317
-0.000364946
0.00539581
0.042371
-0.00445805
0.00529421
0.0318403
-0.00347028
0.0047925
0.0220975
-0.00238424
0.00385933
0.0129125
-0.00168845
0.00283201
0.00667012
-0.000792865
0.00165206
0.00225964
0.000112933
-0.0054661
0.0423376
-0.00435826
-0.00524074
0.031891
-0.00341271
-0.00474618
0.0217768
-0.00253352
-0.00375517
0.0136378
-0.00147174
-0.00243956
0.00666228
-0.000719897
-0.00134448
0.0017108
6.90626e-05
0.00649766
0.0422949
-0.00448934
0.00633376
0.0318423
-0.00357044
0.00565141
0.0220818
-0.00270924
0.00473034
0.013049
-0.00206697
0.00377935
0.00660838
-0.00116364
0.0021366
0.00250497
-0.000320608
-0.000616409
0.0528188
-0.00537954
-0.000984368
0.000962182
-0.00012725
-0.00604215
0.0527825
-0.00531785
0.00105135
0.000892046
0.000165554
0.00589482
0.0527741
-0.00542256
-0.000184646
-0.000124789
7.03414e-05
0.000381473
0.000142115
-8.96417e-05
-0.000332482
8.17872e-05
-3.68684e-05
0.000478185
0.0527266
-0.00538389
-0.000664015
0.000539319
0.000320293
0.00108245
0.000956229
-0.000331589
4.50065e-05
-7.50066e-05
3.17214e-05
-0.00659511
0.0476698
-0.00485709
-0.00645059
0.0371985
-0.00394906
-0.00602414
0.0268478
-0.00313403
-0.00542447
0.0172097
-0.00238398
-0.00390072
0.00982986
-0.00151251
-0.00262468
0.00430049
-0.000643094
0.00539366
0.0476206
-0.00494505
0.00537277
0.0371026
-0.0039584
0.00513623
0.0267805
-0.00297131
0.00440129
0.017467
-0.0019432
0.0033186
0.00964097
-0.0012386
0.00229274
0.00418273
-0.000350114
-0.00549897
0.0475661
-0.00483543
-0.0053863
0.0370846
-0.00388007
-0.00505073
0.0267901
-0.00294943
-0.00438132
0.0172979
-0.00206622
-0.00300088
0.00977265
-0.00112857
-0.00190941
0.00404833
-0.000289331
0.00650406
0.0475462
-0.00495624
0.00642509
0.0370563
-0.00402464
0.00615225
0.0267358
-0.00312889
0.00517254
0.0175021
-0.00236689
0.00428637
0.00967045
-0.00158552
0.00314253
0.00407811
-0.000762574
-0.00598179
0.0423972
-0.00438313
-0.00576719
0.0319638
-0.00346934
-0.00524057
0.0218749
-0.00264339
-0.00416916
0.0137495
-0.00180829
-0.00285905
0.00676074
-0.000911764
-0.00177661
0.00199053
-0.00015937
0.00586781
0.0423312
-0.00447606
0.00570206
0.0318606
-0.00351712
0.0051249
0.0220839
-0.00248801
0.00417319
0.0130445
-0.0019311
0.00319886
0.00667581
-0.000981249
0.00185235
0.0023923
-7.43921e-05
0.000491751
0.0423056
-0.00443375
0.000526091
0.0318394
-0.00350564
0.000544151
0.0217636
-0.0026459
0.000484222
0.0132004
-0.00171038
0.000684093
0.00648083
-0.000955196
0.000640722
0.00184319
-0.000270999
-0.000561653
0.0423911
-0.004431
-0.000446492
0.0318346
-0.00350975
-0.000402339
0.021833
-0.00269901
-0.000504003
0.0129805
-0.00178477
-0.000255618
0.0065372
-0.000953285
-0.000163974
0.00199323
-0.000259339
-0.000143064
0.000685916
-7.73568e-05
0.000137156
0.000400085
-0.000143294
-7.78851e-05
0.0527772
-0.00537221
0.0011805
0.00086877
-9.7481e-05
-4.46485e-06
-0.000129553
5.11015e-06
-0.000997
0.000678772
0.000119118
-0.00602367
0.0476252
-0.00485148
-0.00590027
0.0371506
-0.00391948
-0.00552173
0.0268381
-0.0030538
-0.00493498
0.0172755
-0.00223096
-0.00341437
0.00988985
-0.00136965
-0.00232494
0.00418082
-0.000491538
0.00589139
0.0475753
-0.00495172
0.00579257
0.0370833
-0.0039919
0.0055104
0.0268013
-0.00303672
0.00460879
0.0174436
-0.002235
0.00371334
0.00968675
-0.0014068
0.00261649
0.00417426
-0.000550123
0.000469449
0.0475557
-0.00490255
0.000526244
0.0370207
-0.00396663
0.000554368
0.0266935
-0.00305867
0.0004154
0.0173112
-0.0022849
0.000642507
0.00957981
-0.00136755
0.000725041
0.00385377
-0.000556582
-0.000591213
0.047638
-0.00490304
-0.000520446
0.0371242
-0.00396403
-0.000407295
0.0267293
-0.00307547
-0.00045779
0.0173003
-0.00215816
-0.000325538
0.0095189
-0.00136274
-0.000196393
0.00402391
-0.000585147
-0.000714755
0.00108636
-1.38031e-05
-0.00346202
0.0191536
-0.00236793
