-0.00648338
0.051716
-0.00541014
0.00525669
0.0516893
-0.00540151
0.00027106
0.000148162
8.3719e-05
-0.000193456
-2.79117e-05
-7.52702e-05
-0.00537154
0.051707
-0.0054015
0.00636797
0.0517182
-0.0054193
0.000173748
3.8723e-06
-9.9159e-05
-0.000158924
7.05444e-05
9.26918e-05
-0.00642483
0.0415553
-0.004473
-0.00616725
0.0313057
-0.00360086
-0.00556218
0.0213624
-0.00286596
-0.00456357
0.0132535
-0.00211018
-0.00321942
0.00666783
-0.00109046
-0.00184731
0.00227092
-0.000381592
0.00526435
0.0414838
-0.00444805
0.00516537
0.0311836
-0.00346242
0.00467767
0.021649
-0.0023806
0.00376941
0.01266
-0.00168062
0.00276812
0.00653968
-0.000789656
0.00161582
0.00221165
0.000108293
-0.00534024
0.0415385
-0.00443808
-0.00512011
0.0313131
-0.00348653
-0.00463704
0.0214084
-0.00259469
-0.00367159
0.0134225
-0.00152534
-0.00238609
0.0065744
-0.00075824
-0.00131275
0.0017003
4.59962e-05
0.00636738
0.041496
-0.00447839
0.00620948
0.0312638
-0.00355962
0.0055457
0.0217044
-0.00269725
0.00464706
0.0128475
-0.00204996
0.00371777
0.00651848
-0.00115198
0.00210604
0.00248061
-0.000315368
-0.000618514
0.0517054
-0.00541449
-0.000972738
0.000942953
-0.000135691
-0.00591595
0.0517145
-0.005399
0.00102895
0.000871184
0.000162905
0.00576537
0.0517064
-0.00541183
-0.000184123
-0.000123948
6.78295e-05
0.000374427
0.000139522
-8.64198e-05
-0.000326758
8.14574e-05
-3.6657e-05
0.00047639
0.0517044
-0.00541852
-0.000647338
0.000540209
0.000304258
0.00106873
0.00095164
-0.000324855
4.60903e-05
-7.27478e-05
3.02112e-05
-0.00646931
0.0466671
-0.00493763
-0.00632935
0.0364234
-0.00402472
-0.00591469
0.0262988
-0.0031984
-0.00532814
0.0168689
-0.00243372
-0.00383892
0.00963873
-0.0015488
-0.00258783
0.00421696
-0.000668235
0.00526244
0.0466194
-0.00493439
0.00524177
0.0363301
-0.00394958
0.00501172
0.026233
-0.00296446
0.00429727
0.017117
-0.00193867
0.00324279
0.00945278
-0.00123295
0.00224166
0.00409955
-0.000349704
-0.00537239
0.0466547
-0.00491649
-0.00526221
0.0363976
-0.00395758
-0.00493442
0.0263186
-0.0030183
-0.00428202
0.0170174
-0.00212363
-0.00293526
0.00963066
-0.00117351
-0.00186663
0.00400259
-0.000321401
0.00637322
0.0466349
-0.00494515
0.00629771
0.0363682
-0.00401378
0.00603343
0.0262639
-0.00311754
0.00507889
0.0172156
-0.0023521
0.00421349
0.00952811
-0.00157183
0.00309383
0.00402967
-0.000752763
-0.00585724
0.0415529
-0.00446232
-0.00564834
0.0313434
-0.00354173
-0.00513489
0.021469
-0.00270256
-0.00408856
0.0135051
-0.00185376
-0.00280761
0.00665037
-0.000946163
-0.00174606
0.00196282
-0.000179681
0.00573916
0.0414887
-0.00446566
0.00557804
0.0312434
-0.00350809
0.00501654
0.0216709
-0.00248191
0.00408972
0.0128181
-0.00191727
0.00313756
0.00656656
-0.000973755
0.00181983
0.00235435
-7.44171e-05
0.000489991
0.0415067
-0.00446773
0.000524182
0.0312616
-0.00353618
0.000543094
0.0213945
-0.00267028
0.000483063
0.012995
-0.00172915
0.000679018
0.00639494
-0.000967884
0.00063711
0.00183045
-0.000277523
-0.000565368
0.0415033
-0.0044653
-0.000453348
0.0311781
-0.00354121
-0.000410096
0.0213921
-0.00272236
-0.000506088
0.0127265
-0.00180406
-0.000261982
0.00641022
-0.00096705
-0.000169583
0.00195116
-0.000266865
-0.000146828
0.000669509
-8.11163e-05
0.000139817
0.000404218
-0.000146662
-7.95525e-05
0.0517094
-0.00540721
0.00116039
0.000855103
-9.38363e-05
-3.47367e-06
-0.00012665
6.24796e-06
-0.000979255
0.000672622
0.000106151
-0.00589794
0.046668
-0.00493206
-0.00577789
0.0364195
-0.00399606
-0.00540918
0.0263274
-0.00312021
-0.00483661
0.016964
-0.0022836
-0.00335084
0.00972097
-0.00140927
-0.00228415
0.00411613
-0.000519895
0.00576211
0.0466197
-0.00494091
0.00566602
0.0363537
-0.00398223
0.0053915
0.0262914
-0.00302822
0.00451401
0.0171262
-0.0022234
0.00364054
0.00952264
-0.0013974
0.00256766
0.00410857
-0.000545036
0.000467996
0.0466444
-0.00493723
0.000523941
0.0363347
-0.00399949
0.000552354
0.0262233
-0.00308676
0.00041756
0.0170296
-0.00230338
0.000637718
0.00944069
-0.00138247
0.000719705
0.00381045
-0.000567007
-0.000594057
0.0466364
-0.00493794
-0.000525386
0.0363511
-0.003997
-0.000415053
0.0261832
-0.00310377
-0.000463109
0.0169547
-0.00218074
-0.000331326
0.00933421
-0.00137906
-0.000202857
0.00394449
-0.000595977
-0.000697483
0.00107919
-2.77215e-05
-0.00338445
0.0188258
-0.00241538
