-0.00634896
0.0505635
-0.00549226
0.00511932
0.050538
-0.00538499
0.000265428
0.000144901
8.31048e-05
-0.000191227
-2.72362e-05
-7.50675e-05
-0.00523787
0.0506534
-0.00548361
0.00622954
0.0506642
-0.00540199
0.000171744
4.63463e-06
-9.78754e-05
-0.000155457
6.97402e-05
9.04439e-05
-0.00629271
0.0406402
-0.00455373
-0.00604382
0.030633
-0.00367385
-0.00545771
0.0209213
-0.00292227
-0.00448309
0.0129915
-0.00215098
-0.00317096
0.00654166
-0.00112333
-0.00182364
0.00222781
-0.000399298
0.00512641
0.0405712
-0.00443281
0.00503051
0.0305147
-0.00345033
0.00455855
0.0211984
-0.00237395
0.0036778
0.0124127
-0.00166999
0.00270454
0.00641427
-0.000784634
0.00158063
0.00216616
0.000104707
-0.00520738
0.0407209
-0.00451985
-0.00499337
0.0307295
-0.00356285
-0.00452345
0.021045
-0.00265839
-0.0035862
0.013216
-0.0015818
-0.0023332
0.00649588
-0.000798732
-0.00128189
0.00169499
2.19824e-05
0.00622972
0.0406787
-0.00446209
0.00607858
0.0306796
-0.00354422
0.00543564
0.0213309
-0.00268136
0.00456191
0.012656
-0.00202935
0.00365625
0.00643745
-0.00113811
0.00207644
0.00246142
-0.000309091
-0.000619737
0.0505535
-0.0054469
-0.000961848
0.000925272
-0.000144627
-0.00578212
0.0506115
-0.00548127
0.00100743
0.000851515
0.000160987
0.00562917
0.0506037
-0.00539498
-0.000183644
-0.000123182
6.53054e-05
0.000367659
0.000137063
-8.31261e-05
-0.000321344
8.13289e-05
-3.65662e-05
0.000474534
0.0506509
-0.00545059
-0.000631121
0.000543581
0.000287897
0.00105585
0.000949838
-0.000317635
4.72075e-05
-7.03573e-05
2.87143e-05
-0.00633545
0.045632
-0.00501966
-0.00620071
0.0356293
-0.00410237
-0.00579946
0.0257431
-0.0032648
-0.00522784
0.0165307
-0.00248533
-0.00377648
0.00945303
-0.00158683
-0.00255179
0.00413778
-0.000694831
0.00512473
0.0455862
-0.00491803
0.0051044
0.035539
-0.00393606
0.00488177
0.0256791
-0.00295388
0.00419014
0.0167689
-0.00193143
0.00316651
0.00927006
-0.00122501
0.0021914
0.00402033
-0.000347861
-0.00523864
0.0457183
-0.00499912
-0.00513145
0.0356987
-0.00403737
-0.00481268
0.025847
-0.00308982
-0.00417937
0.0167449
-0.00218373
-0.00286943
0.00949872
-0.00122094
-0.00182477
0.00396448
-0.00035517
0.00623495
0.0456987
-0.00492831
0.0061633
0.0356683
-0.00399795
0.00590872
0.0257918
-0.00310194
0.00498229
0.0169367
-0.00233353
0.00413976
0.00939562
-0.00155531
0.0030459
0.00398835
-0.000741296
-0.00572534
0.0406864
-0.00454336
-0.00552298
0.0307138
-0.00361642
-0.00502448
0.0210648
-0.00276398
-0.00400583
0.0132668
-0.00190138
-0.00275643
0.00654728
-0.000982533
-0.00171632
0.00193924
-0.000201219
0.00560385
0.0406244
-0.00444995
0.005448
0.0306173
-0.00349466
0.00490401
0.0212589
-0.00247253
0.00400459
0.0125994
-0.00190016
0.00307625
0.0064644
-0.000964341
0.00178815
0.00232019
-7.3491e-05
0.000488107
0.0406896
-0.00449997
0.000522006
0.0306783
-0.0035656
0.000541785
0.0210303
-0.00269394
0.000481702
0.0127994
-0.00174771
0.000673619
0.00631835
-0.000980552
0.00063365
0.00182286
-0.000284036
-0.000568438
0.04059
-0.00449785
-0.000459985
0.0305096
-0.00357157
-0.000417753
0.0209499
-0.00274481
-0.000507681
0.0124776
-0.00182302
-0.000268258
0.00628862
-0.000980795
-0.000175129
0.00191178
-0.000274474
-0.000150556
0.000654332
-8.49919e-05
0.000142555
0.000410831
-0.000150204
-8.07706e-05
0.0506066
-0.0054397
0.001141
0.000843286
-8.96824e-05
-2.37229e-06
-0.000123643
7.411e-06
-0.000962113
0.000668651
9.26113e-05
-0.00576467
0.0456821
-0.00501414
-0.00564848
0.0356728
-0.00407476
-0.00529101
0.0258133
-0.00318894
-0.00473437
0.0166577
-0.00233847
-0.00328673
0.00955964
-0.00145096
-0.00224405
0.00405745
-0.000549949
0.00562609
0.0456356
-0.00492437
0.00553312
0.0356088
-0.00396772
0.00526724
0.0257782
-0.00301579
0.00441651
0.0168137
-0.00220835
0.00356698
0.00936627
-0.00138552
0.00251934
0.00404859
-0.000538512
0.000466513
0.0457081
-0.00496979
0.000521377
0.0356371
-0.00403096
0.000550007
0.0257532
-0.00311399
0.00041978
0.016756
-0.0023211
0.00063247
0.00931176
-0.00139723
0.000714274
0.0037746
-0.000577483
-0.000596127
0.0456026
-0.00497073
-0.00052985
0.0355594
-0.00402856
-0.000422713
0.0256309
-0.00313116
-0.000468132
0.0166114
-0.00220288
-0.000336977
0.00915537
-0.0013952
-0.000209249
0.00386932
-0.000606874
-0.000680594
0.00107562
-4.23014e-05
-0.0033039
0.0185039
-0.00246443
