-0.00620677
0.0493744
-0.00557487
0.00497585
0.0493502
-0.00536297
0.000260009
0.00014177
8.25907e-05
-0.000189144
-2.65601e-05
-7.49281e-05
-0.00509734
0.0495693
-0.00556624
0.00608411
0.0495795
-0.00537909
0.000169888
5.46146e-06
-9.66327e-05
-0.000152185
6.91196e-05
8.81985e-05
-0.0061531
0.0397008
-0.00463562
-0.00591392
0.0299483
-0.00374833
-0.00534881
0.020479
-0.00297981
-0.00440046
0.0127334
-0.00219291
-0.0031227
0.00642052
-0.00115758
-0.00180084
0.00218753
-0.000417885
0.00498236
0.0396346
-0.00441286
0.00488996
0.0298343
-0.00343446
0.00443536
0.0207457
-0.00236466
0.00358458
0.0121704
-0.00165691
0.00264122
0.00629366
-0.000778034
0.00154641
0.0021231
0.00010204
-0.0050678
0.039885
-0.00460294
-0.00486078
0.0301396
-0.00364107
-0.00440559
0.0206855
-0.0027241
-0.00349901
0.0130174
-0.00164065
-0.0022808
0.00642585
-0.000841038
-0.00125182
0.00169442
-2.83377e-06
0.0060851
0.0398432
-0.00444096
0.00594142
0.0300893
-0.0035247
0.00532143
0.0209605
-0.002662
0.00447494
0.0124735
-0.00200551
0.00359475
0.0063645
-0.00112231
0.0020477
0.00244696
-0.000301906
-0.000620081
0.0493649
-0.00547676
-0.000951633
0.000909081
-0.000153972
-0.00564101
0.0494749
-0.00556408
0.000986729
0.00083301
0.000159716
0.0054866
0.0494674
-0.00537257
-0.000183197
-0.000122474
6.27748e-05
0.000361153
0.000134732
-7.97733e-05
-0.000316215
8.13837e-05
-3.65819e-05
0.000472665
0.0495668
-0.00548009
-0.000615342
0.000549223
0.000271268
0.00104373
0.000950589
-0.000309992
4.83517e-05
-6.78476e-05
2.7231e-05
-0.00619387
0.0445663
-0.00510255
-0.00606498
0.0348172
-0.0041814
-0.00567867
0.0251812
-0.00333267
-0.00512371
0.016195
-0.00253833
-0.00371336
0.00927248
-0.00162623
-0.00251647
0.00406276
-0.000722627
0.00498091
0.0445226
-0.00489652
0.00496104
0.0347302
-0.00391831
0.0047467
0.025119
-0.00293999
0.00408007
0.0164225
-0.00192184
0.00308975
0.0090925
-0.00121508
0.0021419
0.00394493
-0.000344774
-0.00509803
0.0447573
-0.00508271
-0.00499429
0.0349876
-0.0041188
-0.00468575
0.0253746
-0.00316341
-0.00407348
0.0164793
-0.00224601
-0.00280333
0.00937583
-0.00127046
-0.00178374
0.00393332
-0.000390381
0.00608966
0.0447379
-0.00490628
0.00602225
0.0349563
-0.00397765
0.00577841
0.025319
-0.00308255
0.00488285
0.0166643
-0.0023116
0.00406516
0.00927204
-0.00153629
0.00299865
0.00395355
-0.000728375
-0.0055864
0.0397986
-0.0046256
-0.00539141
0.0300749
-0.00369279
-0.00490952
0.0206618
-0.00282714
-0.00392099
0.013034
-0.00195071
-0.00270542
0.00645094
-0.00102054
-0.00168731
0.00191951
-0.0002238
0.00546227
0.0397389
-0.00442947
0.00531228
0.0299824
-0.00347732
0.00478753
0.0208473
-0.00246026
0.00391784
0.0123876
-0.00188014
0.0030149
0.00636881
-0.000953246
0.00175723
0.00228956
-7.17414e-05
0.000486144
0.0398542
-0.00453041
0.000519611
0.0300889
-0.00359386
0.000540255
0.0206701
-0.00271685
0.000480173
0.0126125
-0.00176603
0.000667918
0.00625023
-0.000993164
0.000630313
0.00181998
-0.00029053
-0.000570853
0.0396526
-0.00452862
-0.000466367
0.0298296
-0.00360076
-0.000425265
0.0205065
-0.00276633
-0.000508783
0.0122337
-0.00184161
-0.000274426
0.00617215
-0.000994475
-0.000180596
0.00187499
-0.000282143
-0.000154229
0.000640357
-8.89639e-05
0.000145354
0.000419713
-0.000153901
-8.15202e-05
0.0494701
-0.00546967
0.00112227
0.000833206
-8.50901e-05
-1.17143e-06
-0.000120541
8.5917e-06
-0.000945525
0.000666698
7.85882e-05
-0.00562419
0.0446686
-0.0050971
-0.00551237
0.0349111
-0.00415496
-0.00516744
0.0252956
-0.00325941
-0.00462839
0.0163562
-0.00239508
-0.003222
0.00940524
-0.00149434
-0.00220454
0.00400434
-0.000581433
0.0054837
0.0446241
-0.00490266
0.00539422
0.034849
-0.00394887
0.00513792
0.0252613
-0.00299985
0.00431641
0.0165053
-0.00219025
0.00349266
0.00921699
-0.00137146
0.0024715
0.00399391
-0.000530737
0.000465044
0.0447474
-0.00500021
0.000518605
0.0349276
-0.00406097
0.00054737
0.0252825
-0.00314031
0.000422071
0.0164893
-0.00233807
0.000626806
0.00919207
-0.00141178
0.000708744
0.00374558
-0.000587983
-0.000597422
0.0445383
-0.00500135
-0.000533814
0.0347498
-0.00405866
-0.000430229
0.0250726
-0.00315758
-0.000472835
0.0162702
-0.00222454
-0.000342473
0.00898205
-0.00141113
-0.000215552
0.00379821
-0.000617799
-0.000664058
0.00107537
-5.74469e-05
-0.00322046
0.018187
-0.00251469
