-0.00605721
0.0481507
-0.00565737
0.0048267
0.0481279
-0.00533604
0.000254786
0.000138763
8.21623e-05
-0.000187192
-2.58815e-05
-7.48421e-05
-0.00495034
0.0484554
-0.00564878
0.00593213
0.048465
-0.00535123
0.000168164
6.34518e-06
-9.54273e-05
-0.000149092
6.86634e-05
8.59576e-05
-0.00600638
0.0387383
-0.00471805
-0.00577788
0.0292523
-0.00382367
-0.00523564
0.0200355
-0.00303807
-0.00431573
0.0124788
-0.00223555
-0.00307453
0.00630411
-0.00119285
-0.00177881
0.00214994
-0.000437163
0.0048326
0.0386752
-0.00438876
0.0047441
0.0291429
-0.0034153
0.00430836
0.0202909
-0.00235314
0.0034898
0.0119327
-0.00164174
0.0025781
0.00617754
-0.000770101
0.00151307
0.00208234
0.00010015
-0.00492189
0.0390309
-0.0046867
-0.00472266
0.029543
-0.00372054
-0.00428366
0.0203289
-0.00279127
-0.00341006
0.0128254
-0.0017014
-0.0022288
0.00636337
-0.000884803
-0.00122249
0.0016981
-2.82981e-05
0.00593397
0.0389898
-0.00441556
0.00579838
0.0294923
-0.00350158
0.00520329
0.0205922
-0.00263962
0.00438623
0.012299
-0.00197888
0.00353318
0.00629872
-0.00110483
0.00201971
0.00243672
-0.000293948
-0.000619558
0.0481418
-0.00550407
-0.000942014
0.000894309
-0.000163635
-0.005493
0.0483061
-0.0056468
0.000966777
0.000815626
0.000159003
0.00533807
0.0482991
-0.00534522
-0.000182768
-0.000121807
6.02436e-05
0.000354884
0.000132522
-7.63741e-05
-0.000311343
8.16018e-05
-3.66888e-05
0.000470822
0.0484529
-0.00550703
-0.00059997
0.000556896
0.000254428
0.00103229
0.000953627
-0.00030199
4.95163e-05
-6.5232e-05
2.57618e-05
-0.006045
0.0434718
-0.00518567
-0.00592252
0.0339879
-0.00426117
-0.00555258
0.0246132
-0.00340145
-0.00501591
0.0158614
-0.00259226
-0.00364949
0.00909671
-0.00166662
-0.00248172
0.00399164
-0.000751353
0.00483138
0.0434302
-0.00487045
0.00481207
0.0339045
-0.00389685
0.00460684
0.0245529
-0.00292322
0.00396722
0.0160777
-0.00191027
0.00301251
0.00891974
-0.00120345
0.00209308
0.00387311
-0.000340638
-0.00495094
0.0437723
-0.00516661
-0.0048511
0.0342643
-0.00420123
-0.00455389
0.0249005
-0.00323847
-0.0039645
0.0162196
-0.00230993
-0.00273688
0.00926091
-0.00132165
-0.00174343
0.00390836
-0.000426761
0.00593781
0.0437532
-0.00487964
0.00587497
0.0342321
-0.00395343
0.00564283
0.0248446
-0.00305986
0.00478072
0.0163972
-0.00228674
0.0039897
0.0091563
-0.00151509
0.00295196
0.00392457
-0.000714208
-0.00544081
0.0388901
-0.00470843
-0.00525393
0.0294269
-0.00377024
-0.00479021
0.0202595
-0.0028915
-0.00383411
0.0128061
-0.0020013
-0.0026545
0.00636068
-0.00105984
-0.00165892
0.00190329
-0.000247229
0.00531482
0.0388331
-0.00440478
0.00517124
0.0293386
-0.00345654
0.00466732
0.0204359
-0.00244551
0.00382954
0.0121821
-0.0018576
0.00295346
0.00627914
-0.000940718
0.00172697
0.00226217
-6.9301e-05
0.000484145
0.0390008
-0.00455903
0.000517038
0.0294929
-0.0036209
0.000538534
0.0203128
-0.00273895
0.000478508
0.0124332
-0.00178405
0.000661937
0.00618965
-0.00100568
0.000627069
0.00182132
-0.000296994
-0.000572607
0.0386924
-0.00455755
-0.00047246
0.0291387
-0.00362872
-0.000432594
0.0200617
-0.00278686
-0.0005094
0.0119942
-0.00185976
-0.00028047
0.00606046
-0.00100804
-0.000185968
0.00184069
-0.000289843
-0.000157833
0.00062754
-9.30106e-05
0.000148197
0.000430627
-0.000157729
-8.17902e-05
0.0483016
-0.00549712
0.00110412
0.000824728
-8.01328e-05
1.17194e-07
-0.000117349
9.78238e-06
-0.000929435
0.000666582
6.41751e-05
-0.00547689
0.0436286
-0.00518031
-0.0053699
0.0341346
-0.00423601
-0.00503872
0.0247739
-0.00333104
-0.00451884
0.0160586
-0.00245294
-0.00315661
0.00925705
-0.00153902
-0.00216552
0.00395629
-0.000614064
0.00533536
0.0435863
-0.00487635
0.0052497
0.0340747
-0.0039262
0.00500384
0.0247407
-0.00298088
0.00421384
0.0162005
-0.00216951
0.00341758
0.00907408
-0.00135554
0.00242404
0.00394405
-0.000521904
0.000463625
0.0437626
-0.00502845
0.00051567
0.034206
-0.00408949
0.000544486
0.0248105
-0.00316566
0.000424438
0.0162285
-0.00235424
0.000620766
0.00908052
-0.00142609
0.000703109
0.00372267
-0.000598473
-0.000597945
0.0434453
-0.00502981
-0.000537263
0.0339233
-0.00408723
-0.000437561
0.0245086
-0.00318297
-0.000477196
0.0159311
-0.00224566
-0.000347799
0.00881386
-0.00142678
-0.000221748
0.00373093
-0.000628713
-0.00064784
0.00107812
-7.30554e-05
-0.00313425
0.0178742
-0.00256576
