-0.00573797
0.0456088
-0.00581948
0.00451311
0.0455892
-0.00526997
0.000244848
0.000133077
8.14998e-05
-0.0001836
-2.45088e-05
-7.4787e-05
-0.00463859
0.0461427
-0.00581105
0.0056105
0.0461512
-0.0052831
0.000165043
8.2501e-06
-9.31102e-05
-0.000143366
6.81594e-05
8.14958e-05
-0.0056935
0.0367503
-0.00488186
-0.00548888
0.0278288
-0.00397447
-0.00499736
0.0191445
-0.00315471
-0.00414016
0.0119784
-0.00232126
-0.00297802
0.00608373
-0.00126509
-0.0017365
0.00208206
-0.000476992
0.00451775
0.036694
-0.00433038
0.0044381
0.0277296
-0.00336908
0.00404402
0.0193749
-0.00232497
0.00329589
0.0114691
-0.00160662
0.00245216
0.0059572
-0.000751253
0.00144859
0.00200717
9.81051e-05
-0.0046127
0.0372692
-0.00485354
-0.00443123
0.0283273
-0.00388062
-0.00402858
0.0196199
-0.00292767
-0.00322706
0.0124566
-0.00182653
-0.00212551
0.00625673
-0.000975193
-0.00116562
0.00171598
-8.05189e-05
0.00561412
0.0372297
-0.00435432
0.00549638
0.0282763
-0.00344666
0.00495623
0.0198576
-0.0025877
0.0042038
0.0119682
-0.00191892
0.00340953
0.0061847
-0.00106599
0.00196546
0.00242667
-0.000276271
-0.000616011
0.0456014
-0.00555103
-0.00092421
0.00086864
-0.000183532
-0.00517814
0.0458789
-0.00580945
0.000928776
0.000783976
0.000158866
0.00502496
0.0458728
-0.00527819
-0.000181904
-0.000120521
5.52008e-05
0.000342952
0.000128422
-6.94874e-05
-0.000302236
8.2439e-05
-3.71109e-05
0.000467344
0.0461405
-0.00555322
-0.000570301
0.000577284
0.000220361
0.00101105
0.000965393
-0.000285173
5.18764e-05
-5.97404e-05
2.28659e-05
-0.00572729
0.0412037
-0.00535002
-0.00561915
0.0322822
-0.00442036
-0.00528567
0.0234599
-0.0035394
-0.00478996
0.0151994
-0.00270086
-0.0035193
0.00875759
-0.00174878
-0.00241341
0.00385985
-0.000810452
0.00451698
0.0411671
-0.00480701
0.00449908
0.032207
-0.00384494
0.00431419
0.023404
-0.00288294
0.0037339
0.0153914
-0.00188272
0.00285647
0.00858676
-0.00117633
0.00199703
0.00373912
-0.000330035
-0.00463905
0.0417327
-0.00533273
-0.00454815
0.0327802
-0.0043664
-0.0042766
0.0239438
-0.00339042
-0.00373784
0.0157125
-0.00244048
-0.0026027
0.00905006
-0.00142721
-0.00166451
0.00387369
-0.000501863
0.00561641
0.0417146
-0.00481498
0.00556355
0.0327464
-0.00389545
0.00535732
0.0238876
-0.00300657
0.0045689
0.0158743
-0.00223011
0.00383611
0.00894366
-0.00146756
0.00285972
0.00388098
-0.000683004
-0.00513139
0.0370149
-0.00487314
-0.00496275
0.0281036
-0.00392576
-0.00453953
0.0194544
-0.00302159
-0.0036544
0.0123614
-0.00210441
-0.0025525
0.00619545
-0.0011408
-0.00160358
0.00187986
-0.000295803
0.0050041
0.0369637
-0.00434504
0.00487478
0.0280245
-0.00340673
0.00441672
0.0196107
-0.00241026
0.00364848
0.0117857
-0.00180657
0.0028301
0.00611471
-0.00091239
0.00166802
0.0022157
-6.28969e-05
0.000480173
0.0372407
-0.0046106
0.000511519
0.0282789
-0.00367108
0.000534622
0.0196024
-0.00278052
0.000474886
0.0120921
-0.00181902
0.000649216
0.0060869
-0.00103023
0.000620709
0.00183447
-0.000309778
-0.000574157
0.0367094
-0.00460974
-0.000483674
0.0277265
-0.00368069
-0.00044656
0.0191678
-0.00282484
-0.000509237
0.0115268
-0.00189455
-0.000292129
0.00584978
-0.00103462
-0.000196366
0.00177889
-0.000305218
-0.000164772
0.000605146
-0.000101233
0.000153934
0.000457518
-0.000165672
-8.08889e-05
0.0458749
-0.00554443
0.00106927
0.000811949
-6.94262e-05
2.90643e-06
-0.000110734
1.21631e-05
-0.000898479
0.000671036
3.45713e-05
-0.00516363
0.0414742
-0.00534487
-0.00506752
0.0325393
-0.00439805
-0.0047671
0.0237177
-0.00347535
-0.00428971
0.0154722
-0.00257031
-0.00302363
0.00897595
-0.00163054
-0.00208847
0.00387306
-0.000681563
0.00502265
0.0414369
-0.0048124
0.0049455
0.0324843
-0.0038716
0.00472281
0.0236866
-0.00293572
0.00400184
0.0155984
-0.00212186
0.0032651
0.00880396
-0.00131937
0.00232994
0.00385656
-0.000501859
0.000461057
0.0417237
-0.00507833
0.000509479
0.0327258
-0.00414179
0.000538132
0.0238585
-0.00321323
0.000429409
0.0157189
-0.00238411
0.000607729
0.00887694
-0.00145379
0.000691488
0.00369197
-0.000619279
-0.00059674
0.0411805
-0.00508008
-0.000542585
0.032224
-0.00413961
-0.000451537
0.0233642
-0.00323043
-0.00048484
0.0152572
-0.00228605
-0.000357892
0.00849091
-0.00145707
-0.000233761
0.00360667
-0.00065032
-0.000616193
0.00109116
-0.000105224
-0.00295416
0.0172562
-0.0026687
