-0.00556935
0.0442957
-0.00589783
0.00434961
0.0442778
-0.00523212
0.000240086
0.000130374
8.12322e-05
-0.000181919
-2.38106e-05
-7.47947e-05
-0.0044748
0.0449463
-0.00588952
0.00544194
0.0449542
-0.00524416
0.000163605
9.25349e-06
-9.19875e-05
-0.000140689
6.80656e-05
7.92773e-05
-0.00552835
0.0357278
-0.00496191
-0.00533675
0.0271025
-0.00404865
-0.0048727
0.0186964
-0.00321203
-0.00404943
0.0117317
-0.00236346
-0.00292942
0.00597879
-0.00130131
-0.00171593
0.00205131
-0.000497128
0.00435361
0.0356752
-0.00429728
0.00427884
0.0270087
-0.00334306
0.00390725
0.0189135
-0.00230916
0.00319688
0.011242
-0.00158743
0.00238917
0.00585204
-0.000740849
0.0014172
0.00197238
9.76451e-05
-0.00445035
0.036362
-0.00493526
-0.0042787
0.0277071
-0.00395989
-0.00389595
0.0192649
-0.00299573
-0.0031331
0.0122771
-0.00188981
-0.00207397
0.00621025
-0.00102103
-0.0011379
0.001729
-0.000106936
0.00544647
0.0363236
-0.00431967
0.00533831
0.027656
-0.00341595
0.00482783
0.0194888
-0.00255912
0.00411019
0.0118091
-0.00188649
0.00334724
0.00613427
-0.00104518
0.00193891
0.00242563
-0.000266836
-0.000613059
0.044289
-0.0055707
-0.00091583
0.000857516
-0.000193569
-0.0050123
0.044624
-0.00588811
0.000910533
0.000769555
0.000159242
0.00486136
0.0446185
-0.00523981
-0.000181438
-0.000119866
5.26993e-05
0.000337226
0.000126509
-6.60253e-05
-0.000297928
8.30103e-05
-3.73914e-05
0.000465758
0.0449442
-0.00557251
-0.000555919
0.000589433
0.000203258
0.00100105
0.00097348
-0.00027649
5.30559e-05
-5.68942e-05
2.14394e-05
-0.00555951
0.0400341
-0.00542992
-0.00545918
0.0314079
-0.00449846
-0.00514553
0.022875
-0.00360737
-0.00467221
0.01487
-0.00275451
-0.00345287
0.00859314
-0.00178971
-0.00237953
0.00379844
-0.000840236
0.00435306
0.0400002
-0.0047709
0.00433599
0.0313371
-0.0038156
0.00416218
0.0228213
-0.00286036
0.00361379
0.0150492
-0.00186751
0.00277761
0.00842543
-0.00116148
0.00194956
0.00367626
-0.000323979
-0.00447519
0.0406797
-0.00541361
-0.00438929
0.0320189
-0.00444777
-0.00413186
0.0234593
-0.00346604
-0.00362051
0.0154622
-0.00250595
-0.0025348
0.00895147
-0.00148066
-0.00162563
0.00386216
-0.000539982
0.00544794
0.0406621
-0.00477822
0.0054004
0.0319845
-0.00386283
0.00520817
0.023403
-0.00297701
0.00445951
0.0156157
-0.00219928
0.00375792
0.00884416
-0.00144194
0.00281386
0.00386468
-0.000666405
-0.00496853
0.03605
-0.00495369
-0.00480987
0.0274284
-0.00400253
-0.00440868
0.0190501
-0.00308617
-0.00356171
0.012143
-0.00215596
-0.00250121
0.00611882
-0.0011817
-0.00157638
0.00187181
-0.000320518
0.00484179
0.0360019
-0.00431119
0.00472021
0.0273542
-0.00337875
0.00428685
0.0191958
-0.00239062
0.00355583
0.0115928
-0.00177892
0.00276802
0.00603832
-0.00089711
0.0016391
0.00219584
-5.9213e-05
0.000478255
0.0363345
-0.00463349
0.000508641
0.0276597
-0.00369413
0.000532477
0.0192467
-0.00279989
0.000472979
0.0119275
-0.00183585
0.000642513
0.00604245
-0.00104216
0.000617513
0.00184508
-0.000316065
-0.000573984
0.0356896
-0.00463294
-0.000488753
0.0270062
-0.00370458
-0.000453139
0.0187182
-0.0028422
-0.000508497
0.0112977
-0.00191106
-0.00029772
0.0057498
-0.00104752
-0.000201365
0.00175101
-0.000312824
-0.000168076
0.000595416
-0.000105357
0.000156789
0.000472934
-0.000169727
-7.9736e-05
0.0446204
-0.00556432
0.00105239
0.000807293
-6.38306e-05
4.37959e-06
-0.000107326
1.33379e-05
-0.000883464
0.000675153
1.95834e-05
-0.00499867
0.0403627
-0.0054249
-0.00490853
0.0317214
-0.0044777
-0.00462486
0.0231822
-0.00354678
-0.00417053
0.0151815
-0.00262875
-0.00295594
0.00884118
-0.00167651
-0.00205017
0.00383659
-0.000715805
0.00485925
0.040328
-0.004776
0.00478672
0.0316691
-0.00384079
0.00457658
0.0231523
-0.0029105
0.00389268
0.0152993
-0.00209584
0.00318766
0.00867487
-0.00129978
0.00228308
0.0038177
-0.00049105
0.00045995
0.040671
-0.00509994
0.000506295
0.0319668
-0.00416548
0.000534731
0.0233766
-0.00323533
0.000432003
0.0154675
-0.00239774
0.000600811
0.00878226
-0.00146706
0.000685478
0.00368242
-0.00062951
-0.000595065
0.0400128
-0.00510187
-0.000544458
0.0313532
-0.00416332
-0.000458122
0.0227841
-0.00325239
-0.000488106
0.0149216
-0.00230522
-0.000362643
0.00833497
-0.00147158
-0.000239551
0.00354899
-0.000660912
-0.000600674
0.00110067
-0.000121556
-0.0028606
0.0169486
-0.0027197
