-0.00521711
0.0415976
-0.00604594
0.00401174
0.0415833
-0.00515009
0.000230844
0.000125182
8.07363e-05
-0.000178672
-2.23799e-05
-7.48199e-05
-0.00413404
0.0424796
-0.00603794
0.00509216
0.0424863
-0.00515986
0.000160869
1.1315e-05
-8.97815e-05
-0.00013559
6.80719e-05
7.48689e-05
-0.00518345
0.0336339
-0.00511499
-0.00501953
0.0256235
-0.00419139
-0.00461369
0.017794
-0.00332203
-0.00386244
0.0112421
-0.00244434
-0.00283084
0.00577653
-0.00137214
-0.00167516
0.00199485
-0.000536785
0.00401445
0.0335892
-0.00422626
0.0039501
0.0255414
-0.00328776
0.00362603
0.0179829
-0.0022761
0.00299509
0.0107937
-0.00154766
0.00226264
0.00564904
-0.000719358
0.00135543
0.00190729
9.70766e-05
-0.00411274
0.0344969
-0.00509192
-0.0039622
0.0264386
-0.0041135
-0.00362198
0.0185472
-0.00312855
-0.00294056
0.0119207
-0.00201504
-0.00197044
0.00612472
-0.00111197
-0.00108329
0.00175999
-0.000159517
0.00509851
0.0344609
-0.00424539
0.00501048
0.026388
-0.00335076
0.00456263
0.0187423
-0.00249918
0.0039185
0.0114957
-0.00181892
0.00322113
0.00604068
-0.00100221
0.00188613
0.00242827
-0.000247482
-0.000605041
0.0415926
-0.00560254
-0.000899581
0.000838015
-0.000213321
-0.00466657
0.0420417
-0.00603692
0.000875019
0.000743046
0.00016037
0.00452263
0.0420372
-0.00515667
-0.00018036
-0.000118435
4.77584e-05
0.000326079
0.000122886
-5.91247e-05
-0.000289603
8.43308e-05
-3.80015e-05
0.000462974
0.0424778
-0.00560358
-0.000527814
0.000616125
0.000169223
0.000981646
0.000992344
-0.000258901
5.53712e-05
-5.10784e-05
1.86292e-05
-0.00520906
0.0376345
-0.00558193
-0.00512527
0.0296219
-0.00464838
-0.00485372
0.0216892
-0.00373831
-0.00442827
0.0142117
-0.00285795
-0.003317
0.00827121
-0.00186921
-0.00231148
0.00368241
-0.000898768
0.00401431
0.0376063
-0.00469306
0.00399911
0.0295604
-0.00375293
0.00384884
0.0216404
-0.00281271
0.00336766
0.0143644
-0.00183613
0.00261802
0.00810988
-0.00113078
0.00185507
0.00355689
-0.000311389
-0.0041343
0.038511
-0.00556773
-0.00405918
0.0304572
-0.00460467
-0.00383206
0.0224727
-0.00361326
-0.00337881
0.0149608
-0.00263433
-0.00239701
0.00876075
-0.00158648
-0.00154836
0.00384583
-0.0006158
0.0050983
0.0384947
-0.00469902
0.00506186
0.0304219
-0.00379325
0.00489914
0.0224169
-0.00291465
0.00423451
0.0150969
-0.00213493
0.00359861
0.00865185
-0.00138879
0.00272178
0.00383852
-0.000632314
-0.00462919
0.0340701
-0.00510784
-0.0044918
0.0260506
-0.00415081
-0.00413748
0.018234
-0.00321149
-0.00337105
0.0117087
-0.00225656
-0.00239743
0.00597299
-0.00126233
-0.00152223
0.00186072
-0.0003697
0.00450578
0.0340288
-0.00423856
0.00440062
0.0259869
-0.00331929
0.00401939
0.0183576
-0.00234946
0.00336651
0.011212
-0.00172144
0.00264266
0.00589276
-0.000865606
0.00158169
0.00216069
-5.15815e-05
0.000474651
0.0344716
-0.00467335
0.000502789
0.0263937
-0.00373585
0.000527901
0.0185278
-0.00283549
0.000469084
0.0116024
-0.00186789
0.000628503
0.00596128
-0.00106503
0.000610866
0.00187121
-0.000328329
-0.000571876
0.0336015
-0.00467337
-0.000497799
0.0255401
-0.00374787
-0.000465375
0.0178124
-0.00287346
-0.000505834
0.0108452
-0.00194197
-0.000308376
0.00555772
-0.00107221
-0.000210904
0.00170013
-0.000327693
-0.000174288
0.000578426
-0.000113496
0.00016236
0.000506211
-0.000177844
-7.61275e-05
0.0420386
-0.00559665
0.00101917
0.000800464
-5.25379e-05
7.41058e-06
-0.000100356
1.562e-05
-0.000853943
0.000685938
-1.02502e-05
-0.00465485
0.038078
-0.00557721
-0.00457743
0.030047
-0.00463088
-0.00432944
0.0220946
-0.0036851
-0.00392405
0.0145998
-0.00274243
-0.00281791
0.00857807
-0.00176661
-0.00197333
0.00377037
-0.000783669
0.00452095
0.0380489
-0.00469755
0.00445822
0.0300006
-0.00377498
0.00427467
0.0220671
-0.00285725
0.00366879
0.0147003
-0.00204165
0.00303027
0.0084234
-0.00125921
0.00218917
0.00374636
-0.000468859
0.000458154
0.0385031
-0.00513648
0.000499902
0.03041
-0.00420772
0.000527636
0.0223961
-0.00327584
0.00043736
0.0149637
-0.00242226
0.000586367
0.00859994
-0.00149219
0.000672979
0.00367017
-0.000649394
-0.000589763
0.0376171
-0.00513873
-0.000546688
0.0295745
-0.00420556
-0.000470371
0.0216084
-0.00329245
-0.00049352
0.0142509
-0.00234114
-0.000371526
0.00803077
-0.00149901
-0.000250644
0.00344042
-0.000681404
-0.00056999
0.00112356
-0.000154123
-0.00266737
0.0163301
-0.00281858
