-0.00503475
0.0402182
-0.00611449
0.0038384
0.0402057
-0.00510724
0.000226306
0.000122661
8.04718e-05
-0.000177057
-2.16435e-05
-7.48122e-05
-0.00395819
0.0412122
-0.00610668
0.00491213
0.0412182
-0.00511584
0.000159524
1.23537e-05
-8.86838e-05
-0.000133116
6.81208e-05
7.26795e-05
-0.00500491
0.0325657
-0.00518671
-0.00485544
0.024872
-0.00425869
-0.00447989
0.017339
-0.00337365
-0.00376633
0.0109978
-0.00248216
-0.00278059
0.00567794
-0.00140599
-0.00165461
0.00196852
-0.000555884
0.00384047
0.0325252
-0.00418953
0.0037816
0.0247959
-0.0032595
0.00348221
0.0175133
-0.00225964
0.00289244
0.0105709
-0.00152783
0.00219888
0.00554999
-0.000708768
0.00132475
0.00187649
9.66614e-05
-0.00393857
0.0335397
-0.00516554
-0.00379916
0.0257892
-0.00418651
-0.00348127
0.0181816
-0.00319212
-0.00284211
0.0117408
-0.00207586
-0.00191817
0.00608305
-0.00115625
-0.00105618
0.00177663
-0.000185333
0.00491937
0.033505
-0.00420697
0.00484172
0.0257389
-0.00331738
0.00442642
0.0183619
-0.00246877
0.00382053
0.0113383
-0.00178468
0.00315707
0.00599505
-0.000980598
0.00185955
0.00243056
-0.000237841
-0.000600099
0.0402139
-0.00561476
-0.000891485
0.000829334
-0.000222837
-0.00448789
0.0407182
-0.00610586
0.000857514
0.000730736
0.000160915
0.00434859
0.0407143
-0.00511324
-0.000179714
-0.000117622
4.53268e-05
0.000320581
0.000121144
-5.57097e-05
-0.000285499
8.50267e-05
-3.82945e-05
0.000461793
0.0412105
-0.00561543
-0.000513983
0.000630038
0.000152414
0.000971998
0.0010024
-0.000250121
5.64894e-05
-4.814e-05
1.72451e-05
-0.00502763
0.0364089
-0.00565276
-0.00495245
0.0287124
-0.00471891
-0.00470285
0.0210884
-0.00380009
-0.00430255
0.0138814
-0.0029067
-0.00324745
0.0081123
-0.00190692
-0.00227695
0.00362683
-0.000926915
0.00384053
0.0363836
-0.00465261
0.00382635
0.0286558
-0.0037207
0.00368836
0.0210423
-0.00278856
0.00324202
0.0140207
-0.00182071
0.00253719
0.00795422
-0.00111553
0.00180775
0.00349947
-0.000305258
-0.00395839
0.0373972
-0.00563968
-0.00388899
0.0296565
-0.00467885
-0.00367781
0.0219687
-0.00368357
-0.00325486
0.0147065
-0.00269608
-0.00232696
0.00866564
-0.00163789
-0.00150966
0.00383898
-0.000652875
0.00491832
0.0373817
-0.00465788
0.00488755
0.0296208
-0.00375745
0.00474014
0.0219132
-0.00288289
0.00411922
0.0148338
-0.00210235
0.0035174
0.00855613
-0.00136196
0.00267519
0.00382674
-0.000615252
-0.00445385
0.0330572
-0.00518013
-0.00432759
0.025348
-0.00422103
-0.00399776
0.0178206
-0.00327108
-0.00327326
0.0114907
-0.00230463
-0.00234471
0.00590184
-0.00130128
-0.001495
0.00185668
-0.000393725
0.00433315
0.0330194
-0.00420099
0.00423653
0.0252897
-0.00328886
0.00388236
0.0179327
-0.00232878
0.00326994
0.0110217
-0.00169243
0.00257919
0.00582169
-0.000849888
0.00155292
0.00214448
-4.79091e-05
0.000472993
0.0335155
-0.00469028
0.000499863
0.0257457
-0.00375442
0.000525499
0.0181617
-0.0028516
0.000467129
0.0114389
-0.00188296
0.000621224
0.00592199
-0.00107584
0.000607321
0.00188539
-0.000334262
-0.000570016
0.0325363
-0.00469056
-0.000501756
0.0247952
-0.00376715
-0.000470997
0.0173556
-0.00288728
-0.000503975
0.0106202
-0.00195623
-0.000313428
0.00546435
-0.00108387
-0.000215422
0.0016766
-0.000334879
-0.00017717
0.000570949
-0.000117457
0.000165032
0.000523449
-0.000181837
-7.37322e-05
0.0407155
-0.00560915
0.00100263
0.000797866
-4.69913e-05
8.93851e-06
-9.68118e-05
1.67132e-05
-0.000839259
0.000692086
-2.48914e-05
-0.00447717
0.036908
-0.00564821
-0.0044064
0.0291916
-0.00470311
-0.00417705
0.0215415
-0.00375074
-0.00379723
0.0143067
-0.00279658
-0.00274747
0.00844754
-0.00180985
-0.00193448
0.0037391
-0.000816646
0.00434711
0.0368818
-0.00465677
0.00428949
0.0291482
-0.00374111
0.00411978
0.0215153
-0.00283019
0.00355436
0.0143983
-0.00201434
0.00295025
0.00829881
-0.00123886
0.00214185
0.00371243
-0.000457868
0.000457476
0.0373898
-0.00515141
0.000496741
0.0296119
-0.00422618
0.000523995
0.0218952
-0.00329414
0.000440091
0.0147083
-0.00243306
0.000578912
0.0085093
-0.0015039
0.000666454
0.0036655
-0.000658946
-0.000586237
0.0363935
-0.0051538
-0.000547085
0.0286688
-0.004224
-0.000476004
0.021013
-0.00331043
-0.000495678
0.0139144
-0.00235777
-0.000375654
0.00788101
-0.00151179
-0.000255927
0.00338862
-0.000691189
-0.000554717
0.00113604
-0.000170121
-0.00256809
0.0160165
-0.0028656
