-0.00447073
0.0359904
-0.00629126
0.00330709
0.0359835
-0.00497913
0.000212657
0.000115195
7.93954e-05
-0.000171942
-1.93278e-05
-7.45569e-05
-0.00341585
0.0372916
-0.00628414
0.00435876
0.0372957
-0.00498423
0.000155288
1.53835e-05
-8.53183e-05
-0.000125684
6.81396e-05
6.61673e-05
-0.00445257
0.0292961
-0.00537524
-0.00434748
0.0225758
-0.00443711
-0.00406502
0.0159536
-0.00350904
-0.0034685
0.0102586
-0.00258001
-0.00262422
0.00538408
-0.00149698
-0.00159027
0.00189317
-0.000607814
0.00330734
0.0292681
-0.00408143
0.00326538
0.0225182
-0.0031781
0.00304172
0.0160832
-0.00221501
0.00257825
0.00989773
-0.00147265
0.0020042
0.00525474
-0.000680413
0.00123162
0.00178767
9.3122e-05
-0.0034015
0.0305742
-0.00535992
-0.00329673
0.0237729
-0.0043826
-0.00304818
0.0170413
-0.00336449
-0.00253893
0.011176
-0.00224458
-0.00175769
0.00594638
-0.00127959
-0.0009741
0.00182294
-0.000258859
0.0043685
0.030544
-0.00409369
0.00432228
0.0237246
-0.00322033
0.00400679
0.0171764
-0.00238123
0.00351871
0.0108429
-0.00168514
0.00295921
0.00584761
-0.000918432
0.00177688
0.00243293
-0.000210659
-0.000582418
0.0359887
-0.00563721
-0.000865901
0.000805567
-0.000248799
-0.00393604
0.0366439
-0.00628389
0.000804539
0.000696096
0.000161259
0.0038143
0.0366417
-0.00498333
-0.000177163
-0.000114577
3.82247e-05
0.000303908
0.000115994
-4.57353e-05
-0.000272896
8.6933e-05
-3.8909e-05
0.000459128
0.0372904
-0.00563679
-0.000472681
0.000670206
0.000103513
0.000941665
0.00103066
-0.000224547
5.958e-05
-3.93888e-05
1.31729e-05
-0.00446646
0.0326546
-0.00583737
-0.00441761
0.0259306
-0.00490537
-0.00423551
0.0192556
-0.00396386
-0.00391342
0.0128784
-0.00303517
-0.00303156
0.00763437
-0.00200712
-0.00216917
0.00346348
-0.00100338
0.00330793
0.0326384
-0.00453251
0.00329705
0.025889
-0.00362682
0.00319685
0.0192173
-0.00272009
0.00285724
0.0129772
-0.00177962
0.00228997
0.00748638
-0.00107368
0.00166365
0.00333055
-0.000289814
-0.0034159
0.0339496
-0.00582776
-0.00336433
0.0271733
-0.00487659
-0.00320274
0.0204008
-0.00387375
-0.00287323
0.0139103
-0.00286465
-0.00211126
0.00836293
-0.00178042
-0.00139147
0.00381118
-0.00075711
0.00436496
0.0339364
-0.00453572
0.00435123
0.0271375
-0.00365267
0.00425049
0.0203472
-0.00279115
0.00376399
0.0140107
-0.00200831
0.00326699
0.00825283
-0.00128443
0.00253091
0.00378496
-0.00056644
-0.0039123
0.0299389
-0.00537044
-0.00382038
0.0231856
-0.00440849
-0.0035662
0.0165479
-0.00343087
-0.00297112
0.0108205
-0.00243415
-0.00218174
0.00568336
-0.00140798
-0.00141093
0.00184447
-0.000460948
0.00380316
0.029912
-0.00409025
0.00373279
0.0231435
-0.00320075
0.00346161
0.0166256
-0.00227105
0.00297317
0.0104359
-0.00160901
0.00238443
0.00560349
-0.000805707
0.0014645
0.00209549
-3.90357e-05
0.000468676
0.030554
-0.00472884
0.000491297
0.0237342
-0.00380038
0.000517953
0.0170204
-0.00289246
0.000461371
0.0109247
-0.00192347
0.000598418
0.00579348
-0.00110501
0.000595208
0.00192426
-0.000350982
-0.000561799
0.029276
-0.00472983
-0.000511421
0.0225195
-0.00381488
-0.000485764
0.0159649
-0.00292095
-0.000496723
0.00994047
-0.00199335
-0.000327416
0.00518663
-0.00111527
-0.000227867
0.00161018
-0.000354981
-0.000184786
0.000551133
-0.00012857
0.00017232
0.000573767
-0.00019313
-6.46567e-05
0.0366421
-0.00563249
0.000951857
0.000790656
-3.16076e-05
1.33922e-05
-8.60468e-05
1.97249e-05
-0.000794393
0.000710327
-6.65348e-05
-0.00392841
0.0333061
-0.00583339
-0.00387819
0.0265583
-0.00489476
-0.00370634
0.0198388
-0.00392643
-0.00340553
0.0134046
-0.002942
-0.00252979
0.00804643
-0.00192703
-0.00181442
0.00364324
-0.000907995
0.00381342
0.0332888
-0.00453567
0.00377149
0.0265245
-0.00364216
0.00364432
0.0198165
-0.00275269
0.00320287
0.0134696
-0.00193657
0.00270449
0.00791579
-0.00118119
0.00199678
0.00360852
-0.000427526
0.000456311
0.0339436
-0.00518296
0.000487631
0.0271372
-0.00427044
0.000512955
0.0203379
-0.00334041
0.000448254
0.013909
-0.0024592
0.000555996
0.00822107
-0.00153486
0.000645535
0.00364514
-0.000685413
-0.000572907
0.0326452
-0.00518566
-0.000545779
0.0258989
-0.0042682
-0.000490841
0.0191966
-0.00335551
-0.000500083
0.0128933
-0.00240147
-0.000386794
0.00743129
-0.00154556
-0.000270638
0.00323705
-0.000718003
-0.000508503
0.00117218
-0.000215576
-0.0022622
0.0150416
-0.00299184
