-0.00427933
0.0345603
-0.00633884
0.00312797
0.0345552
-0.00493864
0.00020799
0.00011268
7.88838e-05
-0.000170064
-1.8515e-05
-7.43535e-05
-0.00323212
0.0359504
-0.006332
0.00417189
0.0359538
-0.0049426
0.000153728
1.63328e-05
-8.41451e-05
-0.000123115
6.8018e-05
6.40125e-05
-0.00426503
0.0281899
-0.00542732
-0.00417472
0.0217981
-0.0044869
-0.00392328
0.0154836
-0.0035461
-0.00336635
0.0100074
-0.00260613
-0.00256975
0.00528437
-0.00152266
-0.00156734
0.00186809
-0.000622699
0.00312764
0.0281661
-0.0040479
0.00309136
0.0217467
-0.0031536
0.00289293
0.0155984
-0.00220282
0.00247165
0.00966884
-0.00145675
0.00193779
0.00515467
-0.000672805
0.00119967
0.00175826
9.07183e-05
-0.00321956
0.029556
-0.00541397
-0.00312646
0.0230762
-0.00443831
-0.00290129
0.016642
-0.00341401
-0.00243552
0.0109744
-0.00229449
-0.00170251
0.00589254
-0.00131627
-0.000946077
0.00183494
-0.000281532
0.00418239
0.0295275
-0.00405845
0.00414646
0.0230288
-0.00319063
0.00386421
0.0167622
-0.00235467
0.00341564
0.0106647
-0.00165433
0.00289091
0.00579078
-0.000899402
0.00174773
0.0024299
-0.000202588
-0.000575848
0.0345594
-0.00564013
-0.000856548
0.000797815
-0.000256294
-0.00374894
0.0352582
-0.00633192
0.000786311
0.000684866
0.00016062
0.00363396
0.0352565
-0.00494224
-0.000176057
-0.000113303
3.59292e-05
0.000298151
0.000114242
-4.25326e-05
-0.000268448
8.74189e-05
-3.89683e-05
0.000458525
0.0359493
-0.00563939
-0.000458776
0.000682021
8.78983e-05
0.000930645
0.00103824
-0.000216458
6.04936e-05
-3.65423e-05
1.18404e-05
-0.00427601
0.0313846
-0.0058878
-0.00423588
0.0249891
-0.00495725
-0.00407626
0.0186345
-0.00400949
-0.00378059
0.0125376
-0.00307053
-0.002957
0.00747197
-0.00203493
-0.00213124
0.00340834
-0.0010253
0.00312839
0.0313714
-0.00449486
0.00311866
0.0249525
-0.00359811
0.00303107
0.0185989
-0.00269993
0.00272701
0.0126231
-0.00176869
0.00220581
0.00732744
-0.00106188
0.00161438
0.00327366
-0.000286232
-0.00323213
0.0327684
-0.00587935
-0.00318658
0.0263184
-0.00493223
-0.0030417
0.0198563
-0.00392825
-0.00274353
0.0136286
-0.00291348
-0.00203728
0.00825121
-0.00182254
-0.00135087
0.00379605
-0.000788565
0.00417806
0.0327561
-0.00449739
0.00416985
0.0262828
-0.00362036
0.00408453
0.0198036
-0.00276325
0.00364298
0.0137202
-0.00197956
0.0031811
0.00814143
-0.0012606
0.00248065
0.00376564
-0.000551588
-0.00372864
0.0288765
-0.00542311
-0.00364819
0.0224464
-0.00446131
-0.00341936
0.0161099
-0.00347606
-0.00286783
0.0105879
-0.00247091
-0.00212541
0.00560546
-0.00143895
-0.00138163
0.00183862
-0.000481062
0.00362425
0.0288532
-0.00405582
0.00356262
0.0224097
-0.00317398
0.0033191
0.0161763
-0.00225443
0.00287204
0.0102315
-0.00158361
0.00231771
0.00552578
-0.000792692
0.00143383
0.00207741
-3.71961e-05
0.000467466
0.0295372
-0.0047376
0.000488557
0.0230394
-0.00381227
0.000515347
0.016621
-0.00290337
0.00045951
0.0107401
-0.00193515
0.000590521
0.00574276
-0.00111342
0.000590515
0.00193376
-0.000356114
-0.000558374
0.0281729
-0.00473879
-0.000513948
0.0217486
-0.00382723
-0.000489973
0.0154931
-0.00292942
-0.000493877
0.00970937
-0.00200358
-0.000331679
0.00509247
-0.00112432
-0.000231621
0.00158839
-0.00036107
-0.00018695
0.000544962
-0.000131932
0.000174434
0.000589035
-0.000196549
-6.11569e-05
0.0352567
-0.00563574
0.000934164
0.000787691
-2.71186e-05
1.47848e-05
-8.24434e-05
2.06204e-05
-0.000778851
0.000715444
-7.93514e-05
-0.00374235
0.0320801
-0.00588402
-0.00369899
0.0256598
-0.00494836
-0.00354636
0.0192552
-0.00397604
-0.00327209
0.0130925
-0.00298314
-0.00245497
0.00790574
-0.00196054
-0.00177273
0.00360794
-0.000934929
0.00363326
0.0320658
-0.00449768
0.00359656
0.0256293
-0.00361175
0.0034836
0.0192343
-0.00272949
0.00308347
0.0131488
-0.00191328
0.00262055
0.00778117
-0.00116399
0.00194692
0.00357064
-0.000418851
0.000456194
0.0327629
-0.00518914
0.000484768
0.0262852
-0.00428138
0.000509294
0.019797
-0.00335275
0.000450885
0.0136264
-0.00246567
0.000548267
0.0081145
-0.00154354
0.00063804
0.00363289
-0.00069333
-0.000567783
0.0313773
-0.00519192
-0.000544644
0.0249614
-0.00427911
-0.000495094
0.018581
-0.00336738
-0.000500913
0.0125467
-0.00241371
-0.000390101
0.00727841
-0.00155506
-0.000275143
0.00318605
-0.000725901
-0.000492777
0.00118228
-0.000229516
-0.00215827
0.0147009
-0.00302765
