-0.00408737
0.0331242
-0.00638
0.00294868
0.0331209
-0.00490022
0.000203213
0.000110122
7.82681e-05
-0.000168057
-1.76793e-05
-7.40714e-05
-0.0030479
0.0345947
-0.00637343
0.0039848
0.0345974
-0.00490307
0.000152054
1.72366e-05
-8.29326e-05
-0.000120455
6.77915e-05
6.18635e-05
-0.00407685
0.0270781
-0.00547316
-0.00400112
0.0210152
-0.00453097
-0.00378033
0.0150089
-0.00357841
-0.00326291
0.00975261
-0.00262839
-0.00251388
0.00518258
-0.0015455
-0.00154338
0.00184243
-0.000636078
0.00294781
0.0270584
-0.00401646
0.00291715
0.0209698
-0.00313108
0.00274368
0.0151089
-0.00219245
0.00236421
0.00943621
-0.00144257
0.00187042
0.00505261
-0.000666435
0.00116702
0.00172845
8.74918e-05
-0.00303712
0.0285239
-0.00546175
-0.00295561
0.0223665
-0.00448827
-0.00275369
0.016231
-0.0034587
-0.00233108
0.0107636
-0.00234043
-0.00164628
0.00583242
-0.00135014
-0.000917519
0.00184414
-0.000303043
0.00399601
0.0284971
-0.00402532
0.00397015
0.0223202
-0.00316298
0.00372077
0.0163365
-0.00233005
0.00331141
0.0104773
-0.00162528
0.00282121
0.00572808
-0.000881581
0.00171748
0.00242384
-0.000195198
-0.000569087
0.033124
-0.00564089
-0.000846589
0.000789849
-0.000263075
-0.00356132
0.0338622
-0.00637352
0.000767593
0.000673565
0.000159454
0.00345338
0.0338611
-0.00490323
-0.000174799
-0.000111875
3.36723e-05
0.000292228
0.000112443
-3.9405e-05
-0.000263805
8.77873e-05
-3.89278e-05
0.000458056
0.0345937
-0.00563985
-0.000444701
0.000692542
7.27054e-05
0.000918951
0.0010443
-0.000208666
6.13353e-05
-3.37542e-05
1.05194e-05
-0.00408497
0.0301088
-0.00593185
-0.00405342
0.0240422
-0.00500313
-0.003916
0.0180083
-0.00404982
-0.00364662
0.0121923
-0.00310143
-0.00288104
0.00730665
-0.00205935
-0.00209201
0.00335192
-0.00104502
0.00294869
0.0300986
-0.00445932
0.00294012
0.0240105
-0.00357145
0.00286502
0.0179752
-0.0026817
0.00259613
0.0122648
-0.00175958
0.0021207
0.00716565
-0.00105156
0.00156423
0.00321562
-0.000283696
-0.00304787
0.031573
-0.00592456
-0.00300831
0.0254499
-0.00498183
-0.00288004
0.0192993
-0.00397739
-0.00261296
0.0133363
-0.00295778
-0.00196215
0.00813165
-0.00186125
-0.00130942
0.00377634
-0.000817929
0.00399092
0.0315615
-0.0044612
0.00398808
0.0254147
-0.00359014
0.00391792
0.0192477
-0.00273737
0.00352092
0.0134191
-0.00195272
0.00309392
0.00802251
-0.00123825
0.00242899
0.00374207
-0.000537727
-0.00354442
0.0278043
-0.00546954
-0.00347531
0.0216981
-0.0045084
-0.00327161
0.0156637
-0.00351639
-0.00276341
0.0103489
-0.00250377
-0.00206789
0.00552335
-0.00146706
-0.00135145
0.00183105
-0.000499718
0.00344507
0.0277846
-0.0040235
0.00339208
0.0216667
-0.00314922
0.00317594
0.0157189
-0.00223964
0.00276987
0.0100205
-0.00155994
0.00224993
0.00544395
-0.000780855
0.00140231
0.00205764
-3.6099e-05
0.000466371
0.0285065
-0.00474431
0.000485893
0.0223315
-0.00382237
0.0005127
0.0162099
-0.00291281
0.000457684
0.0105463
-0.00194577
0.000582485
0.00568601
-0.00112107
0.000585415
0.00194044
-0.000360985
-0.000554711
0.0270641
-0.00474569
-0.000516156
0.0209723
-0.00383772
-0.000493825
0.0150165
-0.00293644
-0.000490884
0.00947455
-0.00201262
-0.000335739
0.0049963
-0.00113254
-0.000235169
0.00156626
-0.000366794
-0.000188913
0.000538783
-0.000135081
0.000176356
0.000603051
-0.00019974
-5.7504e-05
0.033861
-0.00563683
0.000915895
0.000784071
-2.30491e-05
1.61083e-05
-7.88463e-05
2.14532e-05
-0.00076286
0.000719643
-9.14969e-05
-0.00355575
0.0308442
-0.00592829
-0.00351917
0.0247517
-0.00499592
-0.00338557
0.0186627
-0.00402033
-0.00313766
0.0127729
-0.00301985
-0.00237895
0.00775969
-0.00199063
-0.00172995
0.00356967
-0.000959648
0.00345286
0.0308328
-0.0044618
0.00342133
0.0247245
-0.0035834
0.00332242
0.0186432
-0.00270823
0.00296319
0.0128207
-0.00189187
0.00253554
0.00764117
-0.00114822
0.00189608
0.00352989
-0.000411149
0.000456198
0.0315679
-0.00519321
0.000482013
0.0254196
-0.00429036
0.000505668
0.0192438
-0.00336344
0.000453426
0.0133333
-0.00247095
0.000540532
0.00800026
-0.00155129
0.000630247
0.00361629
-0.000700708
-0.000562448
0.0301034
-0.00519604
-0.000543235
0.0240184
-0.00428806
-0.000499006
0.0179602
-0.00337756
-0.000501454
0.0121959
-0.00242468
-0.000393211
0.00712262
-0.00156354
-0.00027944
0.00313391
-0.000733187
-0.000476797
0.00119067
-0.000242681
-0.00205372
0.0143501
-0.00305969
