-0.00389549
0.0316845
-0.00641433
0.0027697
0.0316829
-0.00486441
0.000198295
0.000107504
7.75328e-05
-0.000165899
-1.68197e-05
-7.36997e-05
-0.00286376
0.0332259
-0.00640806
0.00379806
0.0332281
-0.0048662
0.000150243
1.80861e-05
-8.16726e-05
-0.00011768
6.74369e-05
5.97188e-05
-0.00388867
0.0259622
-0.00551231
-0.00382721
0.0202273
-0.00456889
-0.00363649
0.0145288
-0.00360558
-0.00315828
0.00949336
-0.00264646
-0.00245648
0.00507799
-0.00156521
-0.00151823
0.00181584
-0.000647794
0.00276832
0.0259465
-0.00398756
0.00274319
0.0201879
-0.00311091
0.00259426
0.0146144
-0.00218415
0.002256
0.00919896
-0.00143033
0.00180199
0.00494789
-0.000661465
0.0011335
0.00169792
8.333e-05
-0.00285473
0.0274784
-0.00550281
-0.00278464
0.0216432
-0.00453198
-0.00260571
0.0158071
-0.00349811
-0.0022257
0.0105423
-0.00238193
-0.00158887
0.00576483
-0.00138089
-0.000888308
0.00184992
-0.000323263
0.00380992
0.0274534
-0.00399477
0.00379384
0.0215981
-0.00313778
0.00357672
0.0158982
-0.00230769
0.00320608
0.0102793
-0.00159832
0.00274999
0.00565837
-0.00086516
0.00168597
0.00241412
-0.000188588
-0.000562227
0.0316851
-0.00563957
-0.000835915
0.00078149
-0.000269069
-0.00337377
0.0324579
-0.00640831
0.000748268
0.000662054
0.000157679
0.00327306
0.0324573
-0.00486685
-0.000173377
-0.000110278
3.14549e-05
0.000286097
0.000110579
-3.63596e-05
-0.000258925
8.80137e-05
-3.8773e-05
0.000457716
0.0332251
-0.00563823
-0.000430399
0.000701485
5.79757e-05
0.000906457
0.00104852
-0.000201215
6.20975e-05
-3.10375e-05
9.209e-06
-0.003894
0.0288293
-0.0059691
-0.00387081
0.0230908
-0.00504254
-0.00375516
0.0173769
-0.00408442
-0.00351177
0.0118417
-0.0031275
-0.00280364
0.00713761
-0.00208008
-0.00205132
0.00329367
-0.0010623
0.00276933
0.0288219
-0.00442638
0.00276192
0.0230639
-0.00354723
0.0026991
0.0173464
-0.00266571
0.00246478
0.0119017
-0.00175253
0.00203458
0.0070002
-0.0010429
0.00151307
0.00315592
-0.000282343
-0.00286369
0.0303643
-0.00596295
-0.00283003
0.0245679
-0.00502488
-0.00271816
0.018729
-0.00402066
-0.00248174
0.0130319
-0.00299709
-0.00188581
0.00800288
-0.00189618
-0.00126699
0.00375109
-0.00084496
0.00380412
0.0303537
-0.00442762
0.00380646
0.0245331
-0.00356245
0.00375109
0.0186785
-0.00271387
0.00339796
0.0131062
-0.00192811
0.0030054
0.00789472
-0.00121761
0.00237575
0.00371335
-0.000525007
-0.0033602
0.0267234
-0.00550927
-0.00330224
0.0209406
-0.00454929
-0.00312329
0.0152083
-0.00355143
-0.00265797
0.0101025
-0.00253233
-0.00200906
0.0054361
-0.00149199
-0.00132026
0.00182124
-0.000516745
0.00326614
0.0267071
-0.00399373
0.00322163
0.0209144
-0.00312682
0.00303239
0.0152528
-0.00222696
0.00266672
0.00980169
-0.00153829
0.00218099
0.00535706
-0.000770364
0.0013698
0.00203573
-3.58414e-05
0.000465389
0.0274624
-0.00474898
0.000483312
0.0216101
-0.00383063
0.000510016
0.0157859
-0.00292071
0.000455892
0.010342
-0.00195527
0.000574315
0.00562202
-0.00112788
0.000579862
0.0019437
-0.000365572
-0.000550879
0.0259511
-0.00475052
-0.000518068
0.020191
-0.0038463
-0.000497325
0.0145347
-0.00294195
-0.000487781
0.00923513
-0.00202039
-0.000339595
0.00489741
-0.00113988
-0.000238505
0.00154345
-0.000372119
-0.000190668
0.000532458
-0.000137995
0.000178065
0.000615531
-0.000202671
-5.37505e-05
0.0324571
-0.00563584
0.00089694
0.000779579
-1.94522e-05
1.73497e-05
-7.5263e-05
2.22193e-05
-0.000746331
0.000722673
-0.000102897
-0.00336922
0.0295998
-0.00596576
-0.00333928
0.0238347
-0.00503697
-0.00322439
0.0180611
-0.0040588
-0.00300248
0.0124447
-0.0030517
-0.00230169
0.00760719
-0.00201696
-0.00168596
0.00352769
-0.000981903
0.00327272
0.0295912
-0.00442853
0.00324626
0.0238106
-0.00355751
0.00316116
0.0180428
-0.00268924
0.00284217
0.0124842
-0.00187264
0.00244942
0.00749471
-0.00113408
0.00184412
0.00348555
-0.000404551
0.000456316
0.0303598
-0.0051952
0.000479374
0.0245405
-0.00429736
0.000502087
0.0186772
-0.00337241
0.000455852
0.0130281
-0.00247498
0.000532811
0.00787695
-0.00155803
0.000622134
0.00359443
-0.000707497
-0.000556981
0.0288258
-0.00519806
-0.000541602
0.0230708
-0.00429503
-0.000502586
0.0173341
-0.00338601
-0.000501726
0.01184
-0.00243427
-0.000396129
0.00696309
-0.00157096
-0.000283526
0.00308011
-0.000739809
-0.00046051
0.00119693
-0.000254978
-0.00194876
0.013988
-0.00308762
