-0.00314119
0.0259363
-0.00647737
0.00206575
0.0259407
-0.00475653
0.000176649
9.60955e-05
7.31265e-05
-0.000155322
-1.31262e-05
-7.1124e-05
-0.00213853
0.0276518
-0.00647238
0.00306519
0.0276518
-0.00475455
0.000141207
2.07917e-05
-7.60068e-05
-0.000104973
6.43238e-05
5.11438e-05
-0.00314759
0.0214847
-0.0055947
-0.00313814
0.0170346
-0.00465128
-0.00305808
0.0125472
-0.00365635
-0.00272952
0.00839764
-0.0026715
-0.00220922
0.0046182
-0.00160808
-0.00140277
0.00169339
-0.000675413
0.00206273
0.0214835
-0.00390509
0.00205824
0.017017
-0.00305942
0.00200035
0.0125794
-0.00217541
0.00181664
0.00818735
-0.00140463
0.00151566
0.00448943
-0.000658121
0.000988039
0.00156277
5.5472e-05
-0.00213602
0.0231743
-0.00559224
-0.00210854
0.0186084
-0.00463586
-0.00201609
0.0139603
-0.00359494
-0.00179643
0.00952833
-0.00249597
-0.0013453
0.00539815
-0.0014672
-0.000762792
0.001828
-0.000389021
0.00307898
0.0231564
-0.00390623
0.0030976
0.0185693
-0.00306775
0.00299966
0.013999
-0.00224602
0.00277455
0.00935453
-0.00151634
0.00244745
0.00528877
-0.000816541
0.00154409
0.0023272
-0.000171564
-0.000535589
0.0259395
-0.00561508
-0.000784047
0.000740695
-0.00028399
-0.00263585
0.0267964
-0.00647317
0.000662723
0.000611213
0.000143082
0.00256382
0.0267977
-0.00475686
-0.000165811
-0.000101984
2.29839e-05
0.000258767
0.000102133
-2.51088e-05
-0.000236271
8.70648e-05
-3.67578e-05
0.000457528
0.0276516
-0.00561284
-0.000369796
0.000716361
4.34817e-06
0.000846201
0.001041
-0.000175487
6.42208e-05
-2.11049e-05
4.05715e-06
-0.00314295
0.0237101
-0.00604338
-0.00314989
0.0192577
-0.00512788
-0.00311395
0.014799
-0.00415806
-0.00296831
0.0103741
-0.00317698
-0.00247878
0.00640907
-0.0021207
-0.00187085
0.00303203
-0.00110336
0.00206407
0.023713
-0.00432922
0.00206124
0.0192486
-0.0034815
0.00204399
0.0147782
-0.00262905
0.00193818
0.0103883
-0.00174827
0.00167931
0.00628659
-0.00102801
0.00129551
0.0028909
-0.000290966
-0.00213836
0.0254195
-0.00604143
-0.00212668
0.0209063
-0.00512361
-0.00207621
0.0162996
-0.0041267
-0.00195474
0.0116693
-0.0030966
-0.00156746
0.0073711
-0.00199146
-0.00108491
0.00357792
-0.000925658
0.0030708
0.0254125
-0.0043282
0.00309118
0.0208747
-0.00348402
0.00308925
0.0162554
-0.00264939
0.00289972
0.0117124
-0.00185714
0.00263706
0.00727082
-0.00115609
0.00214355
0.00353109
-0.000487947
-0.00263444
0.0223316
-0.0055938
-0.00261745
0.0178201
-0.00464266
-0.00253059
0.0132808
-0.00363116
-0.00222801
0.00902353
-0.00259718
-0.00175882
0.00501804
-0.00155478
-0.00118293
0.00175084
-0.000565734
0.00256199
0.022328
-0.00390792
0.00254874
0.0178125
-0.00306691
0.00245942
0.0132864
-0.00220141
0.00224512
0.00882695
-0.00147639
0.00189191
0.00494191
-0.00074449
0.00122721
0.00191809
-4.47819e-05
0.000462569
0.023164
-0.00474739
0.00047395
0.0185833
-0.00384433
0.000498908
0.0139401
-0.00293565
0.000448991
0.00939285
-0.00198034
0.000540316
0.0052724
-0.00114559
0.000552304
0.00191152
-0.000380648
-0.000535202
0.0214843
-0.00474944
-0.000523239
0.0170222
-0.00386062
-0.000507932
0.0125463
-0.002948
-0.000474989
0.00821528
-0.00203732
-0.00035294
0.00446121
-0.00115916
-0.00024966
0.00143946
-0.000388825
-0.000195523
0.000503052
-0.000146917
0.000182448
0.000645047
-0.00021123
-3.87619e-05
0.0267967
-0.00561269
0.000812235
0.000748881
-1.06542e-05
2.1269e-05
-6.12031e-05
2.45497e-05
-0.000673185
0.000718556
-0.000139829
-0.00263501
0.0245666
-0.00604091
-0.00262941
0.020086
-0.00512823
-0.00258362
0.0155544
-0.0041468
-0.00245922
0.0110269
-0.0031235
-0.00197969
0.00691331
-0.00207867
-0.00149532
0.00330889
-0.0010421
0.00256408
0.0245681
-0.00433013
0.00255634
0.020074
-0.00348551
0.00252246
0.0155412
-0.00264117
0.00235334
0.0110365
-0.00182204
0.00209331
0.00682446
-0.00109719
0.00162274
0.00325914
-0.000391309
0.000457737
0.0254169
-0.00518327
0.000470171
0.0208901
-0.00430506
0.000488418
0.016263
-0.00338988
0.000463866
0.0116634
-0.00247762
0.000502383
0.00726833
-0.00157362
0.000586064
0.00343782
-0.000727857
-0.000535398
0.0237135
-0.00518613
-0.000533852
0.0192518
-0.00430271
-0.000513789
0.0147762
-0.00340128
-0.000500528
0.0103542
-0.00245753
-0.000405954
0.00627169
-0.00158857
-0.000297703
0.00283815
-0.000758699
-0.000391315
0.00119317
-0.00029394
-0.00152892
0.0124058
-0.00315239
