-0.00226674
0.0189171
-0.00637735
0.00123985
0.0189265
-0.00472531
0.000143455
7.86962e-05
6.36034e-05
-0.000136467
-7.92414e-06
-6.49177e-05
-0.00129026
0.0205673
-0.00637407
0.00221386
0.0205655
-0.00472018
0.000124644
2.21972e-05
-6.70447e-05
-8.41087e-05
5.54507e-05
4.02653e-05
-0.00228453
0.0159401
-0.0055145
-0.00232245
0.0129746
-0.00458017
-0.00234702
0.00990512
-0.00357378
-0.00217646
0.00685085
-0.00258322
-0.0018538
0.00390795
-0.00156908
-0.00121629
0.0014824
-0.000660288
0.00123592
0.015952
-0.00389511
0.00125199
0.0129773
-0.00307326
0.00128368
0.00988535
-0.00222584
0.00125715
0.00673076
-0.00143189
0.00112408
0.00378665
-0.000696042
0.000772526
0.00134551
-8.81355e-06
-0.00129404
0.0175669
-0.0055187
-0.00130825
0.014486
-0.00458552
-0.00130349
0.0112562
-0.00355905
-0.00124859
0.00790315
-0.00250142
-0.0010038
0.00466174
-0.00147854
-0.000580087
0.00166798
-0.000431785
0.00222816
0.0175577
-0.00389045
0.00227591
0.0144574
-0.00306369
0.0022926
0.0112457
-0.00224228
0.0022153
0.00782583
-0.00148329
0.00202298
0.00456381
-0.000800723
0.00132198
0.00207799
-0.000175099
-0.000510068
0.0189224
-0.00554779
-0.000692601
0.000662083
-0.00027945
-0.00177655
0.0197439
-0.00637522
0.000530855
0.000528032
0.000104461
0.00173334
0.0197468
-0.00472366
-0.00015154
-8.68189e-05
1.32326e-05
0.000216083
8.82949e-05
-1.33412e-05
-0.000198675
8.04604e-05
-3.04532e-05
0.000459647
0.0205677
-0.00554503
-0.000282972
0.000673476
-4.93301e-05
0.000741039
0.000959652
-0.000153911
6.44399e-05
-1.13803e-05
-2.2472e-06
-0.00227129
0.0174227
-0.00595394
-0.00230475
0.014458
-0.00505424
-0.00234275
0.0114562
-0.0040866
-0.00229507
0.0083501
-0.00309959
-0.00203631
0.00533311
-0.00206313
-0.00159662
0.00260749
-0.00108221
0.0012372
0.0174346
-0.00430728
0.00123961
0.0144652
-0.00348469
0.00126717
0.0114447
-0.00265448
0.00128858
0.00832159
-0.00180244
0.0012093
0.00523066
-0.00105964
0.000986976
0.00246993
-0.000337856
-0.00129006
0.0190677
-0.005956
-0.00129972
0.0160471
-0.0050625
-0.00131044
0.0128955
-0.00408716
-0.00130495
0.00957192
-0.00307091
-0.00113837
0.00624948
-0.00199361
-0.000822399
0.00315097
-0.000954454
0.00221851
0.0190649
-0.00430425
0.00225306
0.0160225
-0.00347527
0.00229874
0.0128626
-0.00264758
0.00227143
0.00958504
-0.00184123
0.00214249
0.00616892
-0.00113498
0.00180044
0.003106
-0.000477934
-0.00178631
0.0167545
-0.00551564
-0.00180795
0.0137231
-0.00458197
-0.00181122
0.010593
-0.00357616
-0.00167895
0.00741049
-0.00255059
-0.00140727
0.0042886
-0.00153699
-0.000975966
0.00156596
-0.000576883
0.00173645
0.0167627
-0.00389444
0.00175311
0.0137325
-0.00307194
0.001762
0.0105633
-0.00223382
0.00170118
0.00732246
-0.0014641
0.00149582
0.00422039
-0.000753624
0.00101321
0.0016781
-8.18429e-05
0.000461535
0.017563
-0.00470119
0.000464805
0.0144714
-0.00381511
0.000484226
0.0112396
-0.00291233
0.00044051
0.00783743
-0.00197728
0.000494841
0.00456369
-0.00114255
0.000503535
0.0017383
-0.000390741
-0.000519415
0.0159494
-0.00470353
-0.000525966
0.0129843
-0.00383089
-0.000514202
0.00989736
-0.00291612
-0.000460222
0.00674993
-0.00202203
-0.000364828
0.00378213
-0.00115691
-0.000258525
0.00126101
-0.000397616
-0.000196553
0.000448271
-0.000150869
0.000181504
0.000621708
-0.000213172
-2.34249e-05
0.0197452
-0.00554689
0.000680424
0.000669777
-1.41492e-05
2.3205e-05
-4.46213e-05
2.56938e-05
-0.000561007
0.000663509
-0.000163614
-0.00177917
0.0182457
-0.0059525
-0.00179616
0.015255
-0.00505982
-0.00181651
0.0121774
-0.00408903
-0.00179007
0.00896345
-0.00307026
-0.00154694
0.00579965
-0.00204279
-0.00121706
0.00288039
-0.00104197
0.00173413
0.0182562
-0.00430689
0.0017443
0.015255
-0.00348226
0.00176038
0.0121697
-0.00265456
0.0017402
0.00894592
-0.00182735
0.00162087
0.00573842
-0.00110199
0.00130852
0.00282685
-0.000408675
0.000461192
0.0190673
-0.00512743
0.00046233
0.0160431
-0.0042681
0.000473405
0.0128766
-0.00336619
0.000468444
0.00956582
-0.002447
0.000466107
0.00617784
-0.00156316
0.00053162
0.00303931
-0.000735218
-0.000514399
0.0174319
-0.00513001
-0.00052498
0.0144653
-0.00426596
-0.000521712
0.0114528
-0.00337503
-0.000495228
0.00831553
-0.00244746
-0.000414244
0.00523825
-0.00157925
-0.00031037
0.00244353
-0.00076236
-0.000292823
0.00110185
-0.00031571
-0.00101691
0.0100681
-0.00311251
