-0.00194782
0.0161961
-0.00628191
0.000932922
0.0162065
-0.00474875
0.000127888
7.05122e-05
5.84246e-05
-0.000126902
-5.67537e-06
-6.14029e-05
-0.000977074
0.0177286
-0.00627929
0.00190165
0.0177263
-0.00474293
0.00011611
2.20658e-05
-6.27628e-05
-7.39159e-05
5.012e-05
3.58057e-05
-0.00196818
0.0137592
-0.00542432
-0.00201808
0.0113353
-0.00449558
-0.0020712
0.00879084
-0.00349347
-0.00195162
0.00616637
-0.0025091
-0.00169593
0.00357143
-0.00152311
-0.00112672
0.0013745
-0.000637986
0.000929042
0.0137743
-0.00392234
0.000951289
0.0113434
-0.00310384
0.0010094
0.00875596
-0.00226445
0.00103157
0.00607624
-0.0014611
0.000956098
0.00345531
-0.000724196
0.000674172
0.0012387
-4.4032e-05
-0.000982601
0.0152704
-0.00543032
-0.00100883
0.0127376
-0.00450679
-0.00103087
0.0100425
-0.00349297
-0.00102778
0.00712909
-0.00245772
-0.000854662
0.00426844
-0.0014509
-0.000497622
0.00155643
-0.00043588
0.0019155
0.0152644
-0.00391605
0.00196946
0.012714
-0.00308917
0.00201846
0.0100187
-0.00226402
0.00198649
0.00708409
-0.00149249
0.00183755
0.00418018
-0.000808696
0.00121731
0.00192802
-0.000184497
-0.000503781
0.0162018
-0.00551147
-0.000646438
0.000619217
-0.000270099
-0.0014612
0.0169638
-0.00628048
0.000468985
0.000486337
8.22102e-05
0.00142575
0.016967
-0.00474658
-0.000144235
-7.92187e-05
9.55305e-06
0.000195866
8.14839e-05
-9.3407e-06
-0.000180272
7.58786e-05
-2.66564e-05
0.000461211
0.0177291
-0.0055087
-0.000243985
0.000634304
-6.65283e-05
0.000688263
0.000901264
-0.000148622
6.37093e-05
-8.42908e-06
-4.74711e-06
-0.001953
0.0149705
-0.00586098
-0.00199274
0.0125489
-0.00496703
-0.00205013
0.0100813
-0.00400503
-0.00203158
0.00747179
-0.0030233
-0.00184781
0.00483991
-0.00200465
-0.00146997
0.00239922
-0.00104998
0.000930117
0.0149844
-0.0043325
0.000934422
0.0125603
-0.00351394
0.000975156
0.0100724
-0.00268692
0.00103448
0.00743142
-0.00184186
0.00101326
0.00474592
-0.00108774
0.000850697
0.00226605
-0.000367942
-0.000976899
0.0164983
-0.00586412
-0.000992599
0.0140254
-0.00497867
-0.00102151
0.0114162
-0.00401491
-0.00105142
0.00859821
-0.00301093
-0.000956979
0.00568395
-0.00195539
-0.000705118
0.00290504
-0.000942021
0.00190582
0.016497
-0.00432896
0.00194288
0.0140045
-0.00350125
0.00200016
0.0113887
-0.00267206
0.00202086
0.00860276
-0.00185808
0.00193387
0.00561446
-0.00114436
0.00164481
0.00286532
-0.000485513
-0.00147383
0.0145154
-0.005426
-0.00150594
0.0120278
-0.00450019
-0.00153528
0.00942398
-0.00350349
-0.00145767
0.00667173
-0.00248986
-0.00125368
0.00392127
-0.001498
-0.000880745
0.00145597
-0.000564771
0.00143029
0.0145267
-0.00392054
0.00145531
0.0120418
-0.00309969
0.00149302
0.0093851
-0.00226646
0.00147952
0.00661865
-0.00147984
0.00132578
0.00385784
-0.000770196
0.000914927
0.00154754
-0.000104912
0.000461953
0.0152687
-0.00466953
0.000462079
0.012727
-0.00378835
0.000478165
0.0100281
-0.00288876
0.00043699
0.00708658
-0.0019639
0.00047571
0.00418342
-0.00113255
0.000479136
0.00162133
-0.00039168
-0.000515459
0.013771
-0.00467192
-0.000526395
0.0113508
-0.00380364
-0.000514739
0.00878097
-0.00289015
-0.000455111
0.00609252
-0.00200335
-0.000368023
0.00345856
-0.0011469
-0.000260469
0.00116948
-0.000396955
-0.000195406
0.000418424
-0.00015
0.000178979
0.000590768
-0.000210873
-1.9156e-05
0.0169653
-0.00551106
0.000618371
0.000622715
-2.01788e-05
2.29513e-05
-3.83737e-05
2.56094e-05
-0.000508592
0.000623082
-0.000165838
-0.00146473
0.0157344
-0.00585991
-0.00148766
0.0132889
-0.00497387
-0.00152644
0.010749
-0.00401123
-0.00152954
0.0080365
-0.00300196
-0.00136449
0.00526528
-0.00199109
-0.00109195
0.00265188
-0.00101695
0.00142668
0.0157471
-0.0043317
0.00144186
0.0132925
-0.00350948
0.00147236
0.0107431
-0.00268309
0.0014967
0.00801188
-0.00185094
0.00142349
0.00521437
-0.0011198
0.00116979
0.00259897
-0.00042626
0.000463037
0.0164986
-0.00509363
0.00046054
0.0140252
-0.00423877
0.000468232
0.0114037
-0.00334151
0.000468229
0.0085928
-0.00242314
0.000452257
0.00562519
-0.0015485
0.000506695
0.00280726
-0.000731843
-0.000509214
0.0149809
-0.00509605
-0.000522615
0.0125596
-0.0042368
-0.000523265
0.0100834
-0.00334952
-0.000492252
0.00743406
-0.00242987
-0.000416302
0.00476041
-0.00156468
-0.000313808
0.00224906
-0.000756936
-0.000249066
0.00103382
-0.000315452
-0.00081935
0.00901053
-0.00305665
