-0.00179579
0.0148573
-0.00622296
0.000785066
0.014868
-0.00476798
0.000119591
6.61392e-05
5.55438e-05
-0.000121672
-4.51997e-06
-5.94217e-05
-0.000826763
0.0163121
-0.00622066
0.00175233
0.0163097
-0.00476193
0.00011142
2.18501e-05
-6.04642e-05
-6.84071e-05
4.70654e-05
3.35445e-05
-0.00181699
0.0126785
-0.00536729
-0.00187127
0.010513
-0.00444163
-0.00193561
0.00822103
-0.00344346
-0.00183863
0.00580927
-0.00246393
-0.0016136
0.00339112
-0.00149376
-0.00107864
0.00131503
-0.000623441
0.000781293
0.0126948
-0.00394232
0.000806162
0.0105232
-0.00312407
0.000875333
0.00817991
-0.0022872
0.00091861
0.00573269
-0.00147921
0.000869699
0.00327809
-0.000740766
0.000622325
0.00118059
-6.35532e-05
-0.000832981
0.0141133
-0.005374
-0.000864144
0.0118436
-0.0044552
-0.000897653
0.00940776
-0.00344903
-0.000917256
0.00671529
-0.00242613
-0.000777415
0.00405022
-0.00143028
-0.00045431
0.00149023
-0.000435196
0.00176582
0.0141088
-0.00393537
0.00182164
0.0118225
-0.00310731
0.00188367
0.00937872
-0.00227943
0.00187115
0.00668497
-0.00150157
0.00174149
0.00396787
-0.000815501
0.00116151
0.00184202
-0.000190794
-0.000501598
0.0148631
-0.00549153
-0.000621229
0.000595078
-0.000263857
-0.00131035
0.015586
-0.00622185
0.000436028
0.000463464
6.96762e-05
0.00127787
0.0155893
-0.00476559
-0.000140242
-7.51044e-05
7.75261e-06
0.000185055
7.77852e-05
-7.47941e-06
-0.000170325
7.31616e-05
-2.44896e-05
0.000462156
0.0163127
-0.0054888
-0.000223519
0.0006099
-7.42493e-05
0.000659511
0.000866397
-0.000146634
6.3169e-05
-7.15421e-06
-5.99475e-06
-0.00180117
0.0137603
-0.00580283
-0.00184306
0.0115978
-0.00491149
-0.00190782
0.00938595
-0.00395321
-0.00190145
0.00701726
-0.00297568
-0.00175115
0.00457899
-0.00196798
-0.00140294
0.00228616
-0.00102888
0.000782236
0.013775
-0.00435214
0.000787428
0.0116108
-0.00353418
0.000833667
0.00937807
-0.00270745
0.00090899
0.0069721
-0.00186487
0.00091362
0.00448932
-0.00110474
0.000779767
0.00215587
-0.000385202
-0.000826603
0.0152107
-0.00580641
-0.000844741
0.0129998
-0.00492444
-0.000881299
0.0106521
-0.00396695
-0.000926388
0.00808246
-0.00297045
-0.000864288
0.00537575
-0.00192801
-0.0006438
0.00276563
-0.000930754
0.00175624
0.0152101
-0.00434841
0.00179385
0.0129809
-0.00352019
0.00185522
0.0106275
-0.00268928
0.00189602
0.00808349
-0.00187108
0.00182732
0.00531245
-0.00115257
0.001563
0.00272949
-0.000491596
-0.00132405
0.0133964
-0.00536918
-0.00136025
0.0111691
-0.00444733
-0.00140031
0.00881936
-0.00345652
-0.0013469
0.00628185
-0.00245063
-0.00117412
0.00372082
-0.00147179
-0.000830412
0.00139291
-0.000555235
0.00128299
0.0134088
-0.00394003
0.00131136
0.0111848
-0.00311867
0.00136107
0.00877699
-0.00228652
0.001368
0.00624432
-0.00149176
0.0012383
0.00366013
-0.000780981
0.000863008
0.00147451
-0.000118088
0.000462358
0.0141126
-0.00465098
0.000460938
0.0118349
-0.00377171
0.000475114
0.00939451
-0.00287381
0.00043518
0.00668327
-0.00195444
0.000465944
0.00397211
-0.00112559
0.000465883
0.0015524
-0.000391445
-0.000514082
0.0126912
-0.00465337
-0.000526512
0.0105307
-0.00378671
-0.000514606
0.00821026
-0.00287424
-0.000452738
0.00574767
-0.00199121
-0.000369269
0.00328483
-0.00113986
-0.000261098
0.00111894
-0.000395695
-0.000194509
0.000401571
-0.00014903
0.000177258
0.000570568
-0.000209043
-1.74797e-05
0.0155876
-0.00549134
0.000585285
0.0005957
-2.41213e-05
2.26045e-05
-3.53357e-05
2.54597e-05
-0.000480704
0.000598768
-0.000165437
-0.00131423
0.0144854
-0.00580193
-0.00133942
0.0123003
-0.00491878
-0.00138555
0.0100187
-0.0039609
-0.00140119
0.00755093
-0.00295793
-0.00127134
0.00497844
-0.00195738
-0.0010264
0.00252489
-0.000999189
0.00127884
0.0144988
-0.00435117
0.00129603
0.0123054
-0.00352883
0.00133246
0.0100136
-0.00270187
0.00137561
0.00752359
-0.0018669
0.0013231
0.00493251
-0.00113178
0.0010976
0.00247277
-0.000437131
0.000464066
0.0152114
-0.00507444
0.000459962
0.0130014
-0.00422102
0.000465851
0.0106426
-0.00332583
0.000467668
0.00807757
-0.0024086
0.000445475
0.00532349
-0.00153883
0.000493556
0.00267531
-0.000728741
-0.000507418
0.0137711
-0.00507678
-0.000521765
0.0116099
-0.00421914
-0.00052372
0.00939031
-0.00333347
-0.000490603
0.00697852
-0.00241804
-0.000417044
0.00450679
-0.00155498
-0.00031517
0.00214332
-0.000752692
-0.000226219
0.000992836
-0.000313427
-0.000722422
0.00845553
-0.00302027
