-0.00164881
0.0135334
-0.00615688
0.000641027
0.0135442
-0.00479194
0.000110955
6.15779e-05
5.24749e-05
-0.000116146
-3.3462e-06
-5.72939e-05
-0.000680715
0.0148986
-0.0061549
0.00160763
0.0148962
-0.00478577
0.000106449
2.15365e-05
-5.80601e-05
-6.26257e-05
4.3756e-05
3.12601e-05
-0.00167055
0.0116047
-0.00530264
-0.00172814
0.00968918
-0.00438021
-0.00180165
0.00764284
-0.00338711
-0.00172532
0.00544227
-0.00241355
-0.00152906
0.00320273
-0.0014603
-0.00102837
0.00125182
-0.000606714
0.000637415
0.0116219
-0.00396628
0.000664591
0.00970099
-0.00314731
0.00074339
0.00759634
-0.00231196
0.000805605
0.00537828
-0.00149943
0.000781748
0.00309313
-0.000758842
0.000568726
0.00111929
-8.42655e-05
-0.000687504
0.0129513
-0.00530992
-0.00072287
0.010937
-0.00439576
-0.000766569
0.00875493
-0.00339807
-0.000806709
0.00628402
-0.00238824
-0.000698425
0.00381788
-0.00140526
-0.000409625
0.0014172
-0.000432754
0.00162066
0.0129483
-0.00395878
0.00167751
0.0109186
-0.00312877
0.0017505
0.0087216
-0.00229761
0.00175526
0.0062674
-0.00151341
0.00164324
0.00374214
-0.000824033
0.00110342
0.0017488
-0.000198084
-0.00050006
0.0135393
-0.00547044
-0.000594611
0.000569101
-0.000256612
-0.00116413
0.0142172
-0.00615607
0.000401741
0.000439205
5.62486e-05
0.00113401
0.0142206
-0.0047894
-0.000136027
-7.07906e-05
5.97551e-06
0.000173778
7.38898e-05
-5.7041e-06
-0.000159885
7.01646e-05
-2.21504e-05
0.000463214
0.0148993
-0.00546778
-0.000202404
0.000582338
-8.14099e-05
0.0006292
0.000827808
-0.000145048
6.25147e-05
-6.00911e-06
-7.24136e-06
-0.00165432
0.0125612
-0.00573726
-0.0016977
0.0106494
-0.00484831
-0.00176824
0.00868536
-0.0038943
-0.00177247
0.00655251
-0.00292197
-0.00165293
0.00430849
-0.00192652
-0.00133347
0.00216711
-0.00100458
0.000638203
0.0125763
-0.00437621
0.000644243
0.0106637
-0.00355787
0.000695262
0.00867837
-0.00273057
0.00078461
0.00650333
-0.00188983
0.000812968
0.0042232
-0.00112352
0.000707018
0.00204013
-0.000403818
-0.000680575
0.0139223
-0.00574118
-0.000700759
0.0119653
-0.00486232
-0.000743983
0.0098725
-0.00391136
-0.000802569
0.00754793
-0.0029232
-0.00077032
0.00505092
-0.00189527
-0.000580727
0.00261544
-0.000916228
0.00161127
0.0139224
-0.00437232
0.00164895
0.0119485
-0.00354282
0.00171327
0.00985094
-0.00270954
0.00177154
0.00754595
-0.00188689
0.00171934
0.00499423
-0.00116294
0.00147856
0.0025835
-0.000499093
-0.00117866
0.0122783
-0.0053047
-0.00121818
0.0103036
-0.00438677
-0.00126741
0.00820166
-0.0034027
-0.00123611
0.00587851
-0.00240568
-0.00109276
0.00350928
-0.00144125
-0.000778288
0.00132449
-0.000543456
0.00113963
0.0122917
-0.00396353
0.00117079
0.0103206
-0.00314076
0.0012309
0.00815654
-0.0023088
0.0012561
0.00585524
-0.00150617
0.00114922
0.00345158
-0.000793279
0.000809268
0.00139635
-0.00013228
0.000462899
0.0129515
-0.00463064
0.000459952
0.0109302
-0.00375288
0.000472061
0.00874298
-0.00285675
0.000433333
0.00626177
-0.00194313
0.000456047
0.00374691
-0.00111731
0.000451941
0.00147661
-0.000390731
-0.000513111
0.011618
-0.00463304
-0.000526566
0.00970866
-0.00376757
-0.000514208
0.00763126
-0.00285638
-0.000450476
0.00539204
-0.00197718
-0.000370275
0.00310307
-0.00113146
-0.000261498
0.00106514
-0.000393812
-0.000193402
0.000383394
-0.000147707
0.00017524
0.000547268
-0.000206763
-1.61092e-05
0.0142188
-0.00547045
0.000550844
0.000566367
-2.86411e-05
2.21156e-05
-3.23539e-05
2.52428e-05
-0.000451704
0.000571745
-0.000164069
-0.00116829
0.0132415
-0.00573652
-0.00119525
0.0113085
-0.00485591
-0.00124751
0.00927802
-0.00390321
-0.0012742
0.00705088
-0.00290752
-0.00117696
0.00467864
-0.00191858
-0.000958879
0.00238947
-0.000978039
0.00113503
0.0132554
-0.00437507
0.00115388
0.011315
-0.00355172
0.00119538
0.00927374
-0.00272339
0.00125503
0.00702138
-0.0018854
0.00122164
0.00463759
-0.00114563
0.00102355
0.00233846
-0.00044927
0.00046517
0.0139232
-0.00505376
0.000459604
0.0119685
-0.00420123
0.000463616
0.00986588
-0.00330792
0.000466812
0.00754366
-0.00239231
0.000438785
0.00500517
-0.00152757
0.000479976
0.00253291
-0.000724689
-0.00050616
0.0125722
-0.00505602
-0.000521141
0.0106625
-0.00419946
-0.000523964
0.00869167
-0.00331523
-0.000488847
0.00651314
-0.00240415
-0.000417587
0.00424331
-0.00154365
-0.000316289
0.00203184
-0.000747422
-0.000202733
0.000947274
-0.000310178
-0.000626777
0.00788349
-0.00297843
