-0.00150686
0.0122245
-0.00608399
0.000500816
0.0122353
-0.00482038
0.000101984
5.68302e-05
4.92243e-05
-0.000110328
-2.15601e-06
-5.50228e-05
-0.00053893
0.0134888
-0.00608232
0.00146756
0.0134863
-0.00481415
0.000101204
2.11279e-05
-5.55516e-05
-5.65766e-05
4.01985e-05
2.89511e-05
-0.00152885
0.0105379
-0.00523068
-0.00158868
0.0088639
-0.00431158
-0.00166934
0.00705639
-0.00332466
-0.00161171
0.00506545
-0.00235815
-0.00144233
0.00300631
-0.00142289
-0.000975956
0.00118488
-0.000587887
0.000497417
0.0105555
-0.00399394
0.000526588
0.00887693
-0.00317331
0.000613595
0.00700536
-0.00233853
0.000692602
0.00501311
-0.00152157
0.000692302
0.00290046
-0.000778281
0.000513418
0.00105478
-0.00010609
-0.000546168
0.011785
-0.0052384
-0.000585015
0.0100185
-0.00432874
-0.000637624
0.00808463
-0.00334031
-0.00069618
0.00583578
-0.00234423
-0.000617743
0.00357175
-0.00137599
-0.000363596
0.00133751
-0.000428614
0.00148002
0.0117834
-0.003986
0.0015371
0.0100029
-0.00315331
0.00161896
0.00804796
-0.00231833
0.00163886
0.00583186
-0.0015278
0.00154286
0.00350329
-0.000834155
0.00104311
0.00164852
-0.000206297
-0.000499158
0.0122303
-0.00544824
-0.000566606
0.000541281
-0.000248402
-0.00102255
0.0128577
-0.00608346
0.00036615
0.000413553
4.19732e-05
0.000994179
0.0128611
-0.00481771
-0.000131596
-6.62865e-05
4.21956e-06
0.000162043
6.97993e-05
-4.00886e-06
-0.000148963
6.68938e-05
-1.96456e-05
0.000464389
0.0134895
-0.00544567
-0.000180646
0.000551698
-8.80342e-05
0.000597361
0.000785584
-0.000143834
6.17495e-05
-4.98916e-06
-8.48722e-06
-0.00151243
0.0113731
-0.00566457
-0.00155665
0.00970371
-0.00477779
-0.00163143
0.00797969
-0.00382855
-0.00164464
0.00607767
-0.00286237
-0.00155318
0.00402848
-0.00188043
-0.0012616
0.00204207
-0.000977195
0.00049803
0.0113884
-0.00440443
0.000504876
0.00971885
-0.00358478
0.000559957
0.00797343
-0.00275604
0.000661379
0.0060252
-0.00191651
0.000711358
0.00394763
-0.0011439
0.000632502
0.00191887
-0.000423678
-0.000538812
0.0126337
-0.00566876
-0.000560653
0.0109225
-0.00479261
-0.000609572
0.00907792
-0.0038484
-0.000679991
0.00699517
-0.0028694
-0.000675128
0.00470988
-0.00185734
-0.000515941
0.00245472
-0.000898551
0.0014709
0.0126343
-0.00440043
0.0015082
0.0109079
-0.00356888
0.00157433
0.00905948
-0.00273259
0.00164747
0.00699069
-0.00190527
0.00160998
0.00466019
-0.0011753
0.00139158
0.00242759
-0.000507895
-0.00103766
0.0111615
-0.00523287
-0.00107974
0.00943149
-0.00431881
-0.0011366
0.00757123
-0.00334227
-0.00112533
0.005462
-0.00235519
-0.00100963
0.00328685
-0.00140652
-0.000724412
0.00125082
-0.000529515
0.00100023
0.0111756
-0.00399079
0.00103361
0.00944951
-0.00316573
0.00110252
0.00752407
-0.00233308
0.00114386
0.00545172
-0.00152286
0.00105859
0.00323237
-0.000806954
0.000753746
0.00131313
-0.000147414
0.000463581
0.011786
-0.00460854
0.000459126
0.0100137
-0.0037319
0.000469012
0.00807408
-0.00283756
0.000431445
0.00582254
-0.00192994
0.000446021
0.00350817
-0.0011077
0.000437328
0.00139413
-0.000389535
-0.000512538
0.0105516
-0.00461093
-0.000526554
0.00888467
-0.00374626
-0.000513546
0.00704411
-0.00283655
-0.000448313
0.00502573
-0.00196128
-0.000371035
0.00291334
-0.00112169
-0.000261671
0.00100808
-0.000391307
-0.00019209
0.00036388
-0.000146034
0.000172933
0.000520945
-0.000204038
-1.50369e-05
0.0128593
-0.00544843
0.000515073
0.000534749
-3.36996e-05
2.14894e-05
-2.94266e-05
2.4963e-05
-0.000421608
0.000542063
-0.000161772
-0.0010269
0.0120029
-0.00566398
-0.00105517
0.0103139
-0.00478558
-0.00111233
0.00852735
-0.00383843
-0.00114857
0.00653668
-0.00285096
-0.0010814
0.00436612
-0.00187487
-0.000889441
0.00224577
-0.000953616
0.000995233
0.0120172
-0.00440314
0.00101542
0.0103215
-0.0035779
0.00106113
0.0085238
-0.0027474
0.001135
0.00650556
-0.0019062
0.00111916
0.00432986
-0.00116116
0.000947709
0.00219619
-0.000462572
0.000466354
0.0126348
-0.00503161
0.00045947
0.0109271
-0.00417942
0.000461533
0.00907402
-0.00328778
0.00046567
0.00699162
-0.00237425
0.000432184
0.00467065
-0.00151472
0.000465964
0.0023803
-0.000719686
-0.00050543
0.0113842
-0.00503379
-0.000520738
0.00971761
-0.00417777
-0.000523995
0.00798762
-0.00329481
-0.000486978
0.00603801
-0.00238822
-0.000417921
0.00397007
-0.00153069
-0.000317164
0.00191464
-0.000741128
-0.000178618
0.000897229
-0.000305743
-0.000532426
0.00729491
-0.00293129
