-0.00123776
0.009651
-0.00591923
0.000231738
0.0096613
-0.00488927
8.30784e-05
4.67909e-05
4.22126e-05
-9.78534e-05
2.64964e-07
-5.00695e-05
-0.000267896
0.0106822
-0.00591815
0.00120104
0.0106798
-0.00488316
8.99187e-05
2.00405e-05
-5.0229e-05
-4.37075e-05
3.23765e-05
2.42543e-05
-0.00125937
0.00842464
-0.0050663
-0.0013206
0.00720933
-0.00415412
-0.00140967
0.00585947
-0.00318257
-0.00138372
0.00428321
-0.00223317
-0.00126261
0.00258993
-0.0013369
-0.000864927
0.00103995
-0.000544329
0.000228909
0.00844257
-0.00405909
0.00026115
0.00722361
-0.00323242
0.00036045
0.00580189
-0.00239602
0.000466795
0.00425138
-0.00157065
0.00050922
0.00249256
-0.000820612
0.000397925
0.000916286
-0.000152704
-0.000275679
0.0094421
-0.00507452
-0.000319379
0.00814887
-0.00417339
-0.000386073
0.00669476
-0.00320559
-0.000475317
0.00489097
-0.0022389
-0.000451574
0.00304012
-0.00130541
-0.000267666
0.00115906
-0.000415553
0.00121213
0.00944306
-0.00405056
0.00126728
0.00813902
-0.00321039
0.00136084
0.00665413
-0.00236628
0.00140471
0.0049096
-0.00156333
0.00133605
0.00298811
-0.000858528
0.000916059
0.00142783
-0.000225173
-0.00049916
0.00965651
-0.0054005
-0.000506579
0.00048018
-0.000229281
-0.00075297
0.0101674
-0.00591919
0.000291237
0.000358102
1.11033e-05
0.000726465
0.0101707
-0.00488645
-0.000122112
-5.67525e-05
7.6234e-07
0.000137249
6.10476e-05
-8.31895e-07
-0.000125726
5.95666e-05
-1.41736e-05
0.000467101
0.010683
-0.00539818
-0.000135256
0.000481626
-9.9787e-05
0.000529278
0.000690741
-0.000142368
5.9902e-05
-3.30061e-06
-1.09773e-05
-0.00124324
0.00902965
-0.00549935
-0.00128725
0.00782043
-0.00461615
-0.00136598
0.00655372
-0.00367784
-0.00139249
0.00509863
-0.00272658
-0.00134935
0.00344068
-0.00177522
-0.00111095
0.00177442
-0.000913714
0.000229118
0.00904487
-0.00447195
0.000237444
0.00783636
-0.00364694
0.000298548
0.00654843
-0.00281291
0.000418454
0.00504168
-0.00197406
0.000505533
0.00336891
-0.0011887
0.000478459
0.00166007
-0.000466618
-0.000267832
0.010058
-0.00550385
-0.000291846
0.00881485
-0.00463187
-0.000349324
0.00744693
-0.00370171
-0.000438576
0.00583795
-0.00274326
-0.000481316
0.00398154
-0.00176678
-0.000381469
0.00210321
-0.000854308
0.00120378
0.0100598
-0.00446786
0.00123896
0.00880475
-0.00363002
0.00130541
0.00743504
-0.00278594
0.00140069
0.00582991
-0.00194875
0.00138735
0.00394697
-0.00120521
0.00121027
0.00208737
-0.000528918
-0.000768532
0.00893308
-0.00506864
-0.000813542
0.00766934
-0.00416204
-0.000881197
0.00627416
-0.00320272
-0.000903906
0.00459115
-0.00223857
-0.000838346
0.00281059
-0.00132523
-0.00061162
0.00108827
-0.000495548
0.000733104
0.00894787
-0.00405524
0.000769339
0.0076884
-0.00322309
0.000851211
0.00622499
-0.0023866
0.00091858
0.00460323
-0.00156213
0.000872983
0.00276326
-0.000837814
0.000637605
0.00113211
-0.000180175
0.000465385
0.00944465
-0.00455911
0.000457968
0.00814768
-0.00368351
0.000462964
0.00668721
-0.00279289
0.000427541
0.00489362
-0.00189798
0.000425598
0.00299195
-0.00108457
0.000406184
0.00121007
-0.000385691
-0.000512512
0.00843859
-0.00456149
-0.000526301
0.00723137
-0.00369718
-0.000511422
0.00584611
-0.00279105
-0.000444208
0.004262
-0.00192387
-0.000371794
0.00251052
-0.00109813
-0.000261342
0.000884296
-0.00038445
-0.000188873
0.000320859
-0.000141667
0.000167496
0.000459672
-0.000197287
-1.37262e-05
0.010169
-0.00540099
0.000439714
0.00046489
-4.52534e-05
1.98519e-05
-2.37268e-05
2.42326e-05
-0.000358243
0.00047504
-0.000154584
-0.000757512
0.00954316
-0.00549903
-0.000787026
0.00831788
-0.00462397
-0.000850397
0.00699785
-0.00368888
-0.000901444
0.0054678
-0.00272043
-0.000886892
0.00370451
-0.00177358
-0.000745059
0.00193446
-0.00089554
0.000727561
0.00955754
-0.00447041
0.000749434
0.00832719
-0.00363887
0.000801075
0.00699562
-0.00280178
0.00089674
0.00543498
-0.00195369
0.000911379
0.00367752
-0.00119655
0.000790879
0.00188866
-0.000492177
0.000468979
0.0100597
-0.00498298
0.000459885
0.00882175
-0.00412983
0.000457841
0.00744806
-0.0032409
0.000462577
0.00583611
-0.00233284
0.000419231
0.00395537
-0.00148429
0.000436707
0.00204589
-0.000706859
-0.000505466
0.00904058
-0.004985
-0.00052054
0.00783512
-0.00412844
-0.000523399
0.00656391
-0.00324748
-0.000482875
0.00505937
-0.00235022
-0.00041793
0.00339506
-0.00149994
-0.000318171
0.00166342
-0.000725505
-0.000128576
0.000784277
-0.000293517
-0.00034757
0.00607081
-0.00282194
