-0.000987272
0.00713367
-0.00573188
-2.27931e-05
0.00714297
-0.00497131
6.29816e-05
3.607e-05
3.45917e-05
-8.43333e-05
2.72425e-06
-4.46097e-05
-1.27223e-05
0.00789592
-0.00573135
0.000951866
0.0078937
-0.00496561
7.76481e-05
1.8626e-05
-4.45205e-05
-2.98877e-05
2.36948e-05
1.94468e-05
-0.00100745
0.00633759
-0.0048775
-0.00106621
0.00554991
-0.00397242
-0.00115633
0.00463248
-0.00301982
-0.00115484
0.003465
-0.00209115
-0.00107511
0.00214383
-0.00123748
-0.000746176
0.000880953
-0.000493711
-2.48896e-05
0.00635467
-0.0041347
9.25089e-06
0.00556395
-0.00329871
0.000115685
0.00457146
-0.00245741
0.000241559
0.00345022
-0.00162445
0.000321175
0.00205617
-0.000866352
0.000276496
0.000765675
-0.000202554
-2.06012e-05
0.00708979
-0.00488574
-6.6504e-05
0.00624131
-0.00399242
-0.000142592
0.00524564
-0.00304766
-0.000254896
0.00388747
-0.00211258
-0.000279569
0.00246045
-0.0012203
-0.000166965
0.000957344
-0.000396752
0.000961256
0.00709305
-0.00412596
0.00101152
0.0062374
-0.00327579
0.00110919
0.00520444
-0.00242084
0.00116908
0.00392502
-0.00160599
0.00112183
0.00242715
-0.000887192
0.000781108
0.00118251
-0.0002467
-0.000501298
0.00713867
-0.00534822
-0.000441538
0.000412081
-0.00020694
-0.000500538
0.00751526
-0.00573223
0.000211754
0.000297313
-2.24114e-05
0.00047401
0.00751831
-0.00496848
-0.000111863
-4.66051e-05
-2.63645e-06
0.000110813
5.15771e-05
2.1102e-06
-0.000100769
5.12742e-05
-8.15589e-06
0.000470314
0.00789679
-0.00534624
-8.75194e-05
0.000400838
-0.000109768
0.000455753
0.000583191
-0.000141912
5.7666e-05
-2.0298e-06
-1.34657e-05
-0.000992385
0.00672787
-0.00531045
-0.00103385
0.00594766
-0.00442987
-0.00111088
0.00510951
-0.00350404
-0.00114477
0.00408279
-0.00257086
-0.00114013
0.00281789
-0.00165429
-0.000951705
0.00148449
-0.00083979
-2.51423e-05
0.00674215
-0.00455149
-1.55254e-05
0.00596313
-0.00371781
4.8962e-05
0.00510458
-0.00287558
0.000180283
0.00402393
-0.00203538
0.000296762
0.00275542
-0.00123743
0.000318375
0.00138066
-0.000512889
-1.27209e-05
0.00748814
-0.00531498
-3.74724e-05
0.00668271
-0.0044456
-9.99509e-05
0.00576628
-0.00352999
-0.000202017
0.00461814
-0.00259475
-0.000283423
0.00319682
-0.00165843
-0.000241
0.00171498
-0.000799364
0.000953975
0.0074909
-0.00454745
0.000985364
0.00667742
-0.00370068
0.001048
0.00576127
-0.00284669
0.00115584
0.00460836
-0.00199918
0.00116003
0.00317869
-0.00124052
0.00101998
0.00171245
-0.000553549
-0.000515669
0.00671306
-0.00487982
-0.000560848
0.00588625
-0.00398025
-0.000633702
0.00493296
-0.00304066
-0.000682794
0.0036738
-0.00210306
-0.000660896
0.00229553
-0.00122967
-0.000492607
0.000906873
-0.000454286
0.000480925
0.00672768
-0.00413033
0.000517961
0.00590517
-0.00328803
0.000606977
0.00488433
-0.00244477
0.000692579
0.00370371
-0.00160749
0.000682134
0.00225623
-0.000872182
0.000515221
0.000932986
-0.000215612
0.000467791
0.00709354
-0.00450283
0.000457485
0.00624355
-0.00362676
0.000457043
0.00524135
-0.00273999
0.000423463
0.00390329
-0.00185868
0.000404713
0.00242841
-0.00105635
0.000372692
0.00100266
-0.000379928
-0.000513766
0.00635095
-0.00450517
-0.000525649
0.00557157
-0.00363972
-0.000508203
0.00461841
-0.00273788
-0.000440235
0.00345914
-0.00187918
-0.000371498
0.0020782
-0.00106931
-0.000260124
0.00074813
-0.000375198
-0.00018491
0.000272672
-0.000136004
0.000161055
0.000387881
-0.000188895
-1.33704e-05
0.00751682
-0.00534894
0.000359652
0.000386786
-5.83789e-05
1.77561e-05
-1.82123e-05
2.33091e-05
-0.000290929
0.000398565
-0.000144325
-0.000505002
0.00710714
-0.00531037
-0.000534041
0.00631488
-0.00443728
-0.000599168
0.0054345
-0.00351528
-0.000659606
0.00434926
-0.00256891
-0.000688299
0.00299774
-0.00165553
-0.000593894
0.00159356
-0.000826363
0.000475115
0.00712086
-0.00454978
0.000497438
0.0063252
-0.00370884
0.000551856
0.00543341
-0.00286248
0.000661002
0.00431666
-0.0020071
0.000700325
0.0029797
-0.00123625
0.000627785
0.00155271
-0.000524867
0.000471972
0.0074901
-0.00492858
0.000461212
0.00669136
-0.00407246
0.000454801
0.00577188
-0.00318542
0.000458522
0.00461837
-0.00228445
0.000406575
0.00318368
-0.0014477
0.000405934
0.0016758
-0.000690367
-0.000507248
0.00673802
-0.00493044
-0.000520986
0.00596216
-0.00407135
-0.000521876
0.00512073
-0.0031917
-0.000478211
0.00404507
-0.00230422
-0.000416988
0.00278411
-0.00146288
-0.000318175
0.00139085
-0.000705952
-7.62923e-05
0.000655539
-0.000277237
-0.000167619
0.00478982
-0.00269425
