-0.000753323
0.00466686
-0.00552553
-0.000263928
0.00467473
-0.00506236
4.18445e-05
2.47416e-05
2.64652e-05
-6.98888e-05
5.20142e-06
-3.87063e-05
0.000228187
0.00513193
-0.0055255
0.000718395
0.00513008
-0.00505731
6.45094e-05
1.69333e-05
-3.84629e-05
-1.52395e-05
1.42796e-05
1.45252e-05
-0.000771133
0.00427402
-0.00466812
-0.000824008
0.00388617
-0.00377026
-0.000908709
0.00337852
-0.00283956
-0.000925181
0.00261451
-0.00193469
-0.000880723
0.00167091
-0.00112671
-0.000620571
0.000709075
-0.000437181
-0.00026517
0.0042893
-0.0042171
-0.000230199
0.00389868
-0.00336908
-0.00012122
0.00331682
-0.0025202
1.72472e-05
0.00261371
-0.00168071
0.000129074
0.00159408
-0.000913938
0.000150007
0.000603945
-0.000254672
0.000220614
0.00473298
-0.00467597
0.000174879
0.00430337
-0.00378978
9.35796e-05
0.00374664
-0.00286998
-3.50829e-05
0.00283384
-0.00196835
-0.000102582
0.00183947
-0.00112286
-6.21085e-05
0.000735632
-0.000373116
0.000725803
0.00473828
-0.00420851
0.000768571
0.00430553
-0.00334628
0.000863605
0.00370788
-0.00247923
0.000932355
0.00288708
-0.0016533
0.00090124
0.00182677
-0.000918531
0.000639257
0.00091603
-0.00027005
-0.000505098
0.00467114
-0.00529111
-0.000372035
0.000337545
-0.000181922
-0.000263426
0.00489958
-0.00552619
0.000128334
0.000231589
-5.79498e-05
0.000235507
0.00490225
-0.00505966
-0.000100939
-3.59652e-05
-5.99386e-06
8.29333e-05
4.14609e-05
4.88283e-06
-7.43055e-05
4.21431e-05
-1.6935e-06
0.000474029
0.00513281
-0.00528953
-3.76922e-05
0.000310858
-0.000118288
0.00037746
0.000464699
-0.000142097
5.50919e-05
-1.10321e-06
-1.5952e-05
-0.000757847
0.00446348
-0.00510166
-0.000794712
0.00408431
-0.0042228
-0.000865042
0.00364895
-0.00331071
-0.000901007
0.00303401
-0.00239823
-0.000926143
0.0021636
-0.00152005
-0.000784852
0.00117434
-0.00075707
-0.000265922
0.00447613
-0.00463913
-0.000255212
0.00409821
-0.00379398
-0.000189714
0.00364387
-0.00294119
-5.32436e-05
0.00297545
-0.00209809
8.57759e-05
0.00211069
-0.00128819
0.000153213
0.00108253
-0.000561211
0.000228118
0.00492745
-0.00510595
0.000203918
0.00453248
-0.00423777
0.000139615
0.00404458
-0.00333702
3.00461e-05
0.00334515
-0.00242721
-8.21351e-05
0.00236373
-0.00153493
-9.53535e-05
0.00129516
-0.000735379
0.000719848
0.00493103
-0.00463528
0.000745986
0.00453215
-0.00377739
0.000801137
0.00404667
-0.00291185
0.000912988
0.00333522
-0.00205389
0.000928768
0.0023631
-0.00127921
0.000821881
0.00130763
-0.000580522
-0.000277344
0.00450256
-0.00467031
-0.000320256
0.00408621
-0.0037773
-0.000393342
0.00355385
-0.00285947
-0.000462072
0.002716
-0.00195147
-0.000478074
0.00174649
-0.00112202
-0.000368146
0.000708918
-0.000406902
0.000242409
0.00451623
-0.00421235
0.000278405
0.00410396
-0.00335742
0.000369383
0.00350798
-0.00250503
0.000466286
0.00275979
-0.00165655
0.00048688
0.00171603
-0.000908522
0.000387446
0.000717958
-0.000252863
0.000470798
0.00473767
-0.00443977
0.00045767
0.00430883
-0.00356193
0.000451314
0.00374581
-0.0026792
0.000419212
0.0028604
-0.00181235
0.00038341
0.00182414
-0.0010233
0.000337162
0.000775203
-0.000372309
-0.000515932
0.00428607
-0.00444206
-0.000524439
0.00390602
-0.00357419
-0.000503839
0.00336412
-0.00267732
-0.000436154
0.00262117
-0.00182755
-0.0003701
0.00161924
-0.00103553
-0.000258039
0.000600579
-0.000363681
-0.000180262
0.000219678
-0.000129156
0.000153745
0.000307075
-0.000179015
-1.37141e-05
0.00490096
-0.00529198
0.000275497
0.000301402
-7.26154e-05
1.52827e-05
-1.28516e-05
2.22378e-05
-0.000220115
0.000313836
-0.000131536
-0.000267574
0.00469448
-0.00510177
-0.000294623
0.00430758
-0.00422942
-0.000357555
0.00384252
-0.00332131
-0.000422587
0.00318769
-0.00239956
-0.000486177
0.00225153
-0.00152325
-0.000436806
0.00122671
-0.000747819
0.000236592
0.00470689
-0.00463729
0.000258246
0.00431829
-0.00378441
0.000312612
0.00384245
-0.00292662
0.000427859
0.00315698
-0.00206386
0.000486666
0.00224219
-0.00127836
0.000459321
0.00119184
-0.000559435
0.000475353
0.00492965
-0.0048683
0.00046342
0.00454232
-0.00400752
0.000452416
0.00405412
-0.00312169
0.000453672
0.00334772
-0.00222928
0.000394158
0.00236354
-0.00140523
0.000373837
0.00127498
-0.000670409
-0.00051035
0.00447238
-0.00487002
-0.000521793
0.00409774
-0.00400671
-0.000519337
0.00366014
-0.00312782
-0.000472865
0.00299879
-0.00225054
-0.000415005
0.00214084
-0.00141983
-0.000317164
0.0010989
-0.000682692
-2.20426e-05
0.000513128
-0.00025751
7.89429e-06
0.00346042
-0.00255075
