0.00553645
-0.0449552
0.00132126
-0.00464305
-0.0449028
0.000729773
-0.000306174
-0.00017221
-8.47334e-05
0.000184712
2.6391e-05
6.40897e-05
0.00507999
-0.045505
0.00130601
-0.0050857
-0.0455184
0.000755446
-0.0001589
4.24251e-08
7.51896e-05
0.00022494
-0.00011758
-9.7765e-05
0.00541449
-0.0360978
0.000927788
0.00502247
-0.0273716
0.000620978
0.00442702
-0.0193487
0.000504809
0.00371426
-0.0128431
0.000441716
0.00280817
-0.00714685
0.000194838
0.00171146
-0.00274533
8.23427e-05
-0.00463026
-0.0359955
0.000328753
-0.0044534
-0.0272767
-4.64606e-05
-0.00399351
-0.019606
-0.000357252
-0.00333022
-0.0124527
-0.000295113
-0.00269891
-0.00698784
-0.000376575
-0.00177566
-0.00260744
-0.000577488
0.00501575
-0.0366212
0.000871381
0.00471125
-0.0278796
0.000482332
0.00427045
-0.0198865
0.000274697
0.00358738
-0.013417
2.13632e-05
0.00267902
-0.00745674
-6.96422e-05
0.00166057
-0.00242337
-0.00035934
-0.00504274
-0.0365585
0.000380978
-0.00473913
-0.0278588
6.86065e-05
-0.00409835
-0.0201278
-0.000100892
-0.00344814
-0.0130175
-5.80986e-05
-0.00295281
-0.00731176
-0.000129345
-0.00179334
-0.00303766
-0.000181697
0.000458619
-0.0449305
0.00104657
0.000916964
-0.00122506
1.20984e-05
0.00529362
-0.045235
0.00130436
-0.00117924
-0.00110543
-0.000387636
-0.00479959
-0.0452191
0.000748077
0.000115185
0.000103153
-7.64034e-05
-0.000390342
-0.000143817
8.85113e-05
0.00037194
-0.000107046
5.75363e-05
2.41434e-05
-0.0454976
0.00104633
0.00084084
-0.000918871
-0.000463973
-0.000950584
-0.00125119
8.19047e-05
1.52932e-05
4.73574e-05
-6.4067e-05
0.00550438
-0.0405634
0.00112354
0.00525245
-0.0316732
0.000751932
0.00474024
-0.0232814
0.000526063
0.00423755
-0.0158247
0.000424916
0.00323181
-0.00981562
0.000286602
0.00233181
-0.00477507
0.000101578
-0.00464547
-0.0404776
0.000543114
-0.00457203
-0.0315737
0.000117604
-0.00427698
-0.0232658
-0.000185637
-0.00369887
-0.0160033
-0.000403979
-0.00300282
-0.00966093
-0.000332976
-0.00231567
-0.00459243
-0.000446684
0.00507722
-0.0411003
0.00108759
0.00489204
-0.0321692
0.00065865
0.00452358
-0.0238013
0.000344751
0.00400743
-0.0164025
0.000195549
0.00308266
-0.0102368
1.27456e-05
0.0022302
-0.00490489
-0.000213133
-0.00508526
-0.0410636
0.00056167
-0.00490421
-0.0321392
0.000209061
-0.00451519
-0.0237867
-3.80826e-05
-0.00372875
-0.0165255
-9.30151e-05
-0.00321336
-0.0101141
-0.000117701
-0.00257617
-0.00479382
-0.000136361
0.00518795
-0.0363657
0.000909001
0.00490257
-0.0276592
0.000537493
0.00440096
-0.0196819
0.000359747
0.0036414
-0.0132548
0.000254397
0.00273234
-0.00732908
9.19148e-05
0.00180485
-0.00258346
-8.11817e-05
-0.00475239
-0.0362808
0.000355798
-0.00450773
-0.0275919
1.23956e-06
-0.0039885
-0.0198625
-0.000275732
-0.00331337
-0.0127819
-0.000140548
-0.00271394
-0.00719918
-0.000229955
-0.00170777
-0.00286081
-0.000378234
-1.48274e-06
-0.0365659
0.000636594
-1.55073e-05
-0.0278281
0.000281851
1.87383e-05
-0.0198798
0.000100265
6.74379e-05
-0.0131238
-5.98847e-05
-0.000143233
-0.00728608
-8.52024e-05
-0.000302663
-0.00249751
-0.000149489
0.000367579
-0.0360143
0.000638726
0.000230982
-0.0272442
0.000299001
0.000213621
-0.0193936
0.00013942
0.000282902
-0.0124901
4.09569e-06
0.000100196
-0.0069322
-6.77403e-05
4.08819e-06
-0.00241647
-0.000100386
5.5415e-06
-0.000937157
-3.94333e-05
3.34462e-05
-0.000755938
-3.25856e-05
0.000253879
-0.0452247
0.00103023
-0.00112827
-0.00113943
-8.46144e-05
7.44234e-06
9.66125e-05
1.1136e-05
0.00104716
-0.00102923
-0.000198911
0.00525902
-0.0408411
0.00111533
0.00506603
-0.0319323
0.000708947
0.0046459
-0.0235556
0.000437325
0.00417058
-0.0161217
0.000308995
0.00312672
-0.0100902
0.000188035
0.00230424
-0.00485488
-9.16185e-06
-0.00479724
-0.0407643
0.00055475
-0.00463568
-0.0318673
0.000158085
-0.00430478
-0.0235633
-0.000128583
-0.00360407
-0.0162415
-0.000193097
-0.00303317
-0.00991915
-0.00021752
-0.0023137
-0.00476488
-0.000265978
3.46767e-05
-0.04108
0.000833575
-3.9262e-05
-0.0320867
0.000451701
-1.50504e-05
-0.0237231
0.000166346
0.000114528
-0.0164039
8.83961e-05
-5.82434e-05
-0.010092
-4.217e-05
-0.000265049
-0.00469101
-0.000142952
0.000415191
-0.0405062
0.000842511
0.000315086
-0.031581
0.000445469
0.000205115
-0.0231934
0.000182897
0.000254362
-0.01588
2.68862e-07
0.000162157
-0.00960138
-3.41262e-05
3.92075e-05
-0.00451458
-8.78322e-05
0.000899223
-0.00161221
-0.000181914
0.00316202
-0.0177592
0.000236116
