-0.000641706
0.00345002
-0.00541642
-0.000379958
0.00345704
-0.00510981
3.09435e-05
1.8879e-05
2.22493e-05
-6.23658e-05
6.44006e-06
-3.56116e-05
0.000343944
0.00375858
-0.00541662
0.000606865
0.00375696
-0.00510516
5.76592e-05
1.60006e-05
-3.53178e-05
-7.65114e-06
9.34332e-06
1.20216e-05
-0.000658036
0.00324988
-0.00455704
-0.000706866
0.00305283
-0.00366282
-0.000786758
0.00274264
-0.00274397
-0.000810083
0.00217862
-0.00185197
-0.000781274
0.00142555
-0.0010678
-0.000555528
0.00061881
-0.000407107
-0.000380741
0.00326396
-0.00425957
-0.000345714
0.00306416
-0.00340473
-0.000236961
0.0026815
-0.0025513
-9.44576e-05
0.00218381
-0.00170903
3.18291e-05
0.00135451
-0.000937907
8.51898e-05
0.000519336
-0.000281254
0.000336657
0.00355437
-0.00456456
0.000291782
0.0033256
-0.0036817
0.000209244
0.00298181
-0.00277495
7.4556e-05
0.00229136
-0.00189062
-1.25337e-05
0.00151599
-0.0010703
-8.35513e-06
0.000618487
-0.000359809
0.000613193
0.00356059
-0.00425116
0.000651369
0.00333082
-0.00338232
0.000742877
0.00294523
-0.00250894
0.000813703
0.0023514
-0.00167787
0.000788925
0.00151416
-0.000934664
0.000566121
0.000776122
-0.000282132
-0.000507437
0.00345389
-0.0052606
-0.000335822
0.000298102
-0.000168599
-0.000149869
0.00360435
-0.00541721
8.5387e-05
0.000197052
-7.62638e-05
0.000120936
0.00360679
-0.00510721
-9.5257e-05
-3.05024e-05
-7.66225e-06
6.8528e-05
3.619e-05
6.22721e-06
-6.05899e-05
3.73101e-05
1.66858e-06
0.000476069
0.00375947
-0.00525924
-1.20958e-05
0.000262983
-0.000122108
0.000336779
0.000402004
-0.00014231
5.36966e-05
-7.42743e-07
-1.7194e-05
-0.000645862
0.00334352
-0.00499106
-0.000679765
0.00315567
-0.00411281
-0.000745135
0.00291325
-0.00320796
-0.000780397
0.00249878
-0.00230666
-0.000817581
0.00182605
-0.00144878
-0.000698941
0.00101254
-0.000712999
-0.00038175
0.00335512
-0.0046846
-0.000370569
0.00316842
-0.0038329
-0.00030535
0.00290794
-0.00297415
-0.000168341
0.00244107
-0.0021292
-2.02939e-05
0.00177799
-0.00131371
6.90818e-05
0.000927236
-0.000585718
0.000343839
0.00365143
-0.00499516
0.000320338
0.00345266
-0.00412713
0.000256162
0.00317136
-0.00323389
0.000144557
0.00269214
-0.00233749
1.95382e-05
0.001932
-0.00146844
-2.08954e-05
0.0010753
-0.000700589
0.000607984
0.00365536
-0.00468088
0.000631028
0.00345483
-0.00381681
0.000681236
0.00317706
-0.00294506
0.000792291
0.00268265
-0.00208194
0.000811909
0.00194044
-0.00129915
0.000720346
0.00109579
-0.000594465
-0.000162927
0.00340104
-0.00455912
-0.000203917
0.00318118
-0.00366923
-0.000275507
0.00285235
-0.0027629
-0.000351863
0.00222419
-0.00187065
-0.000384942
0.00146106
-0.00106444
-0.000304163
0.000604605
-0.000381333
0.000127734
0.00341399
-0.00425468
0.000162602
0.00319803
-0.00339271
0.000252868
0.00280856
-0.0025351
0.000353163
0.00227367
-0.00168168
0.000387904
0.00143528
-0.000926924
0.000321853
0.00060532
-0.000271881
0.000472518
0.00355942
-0.00440571
0.000458003
0.00333257
-0.00352661
0.000448538
0.00298277
-0.002646
0.00041702
0.0023225
-0.00178669
0.000372618
0.00150918
-0.00100509
0.000318747
0.000655164
-0.000367836
-0.000517213
0.00326106
-0.00440798
-0.000523561
0.0030713
-0.00353853
-0.000501207
0.0027282
-0.00264437
-0.000433986
0.00219062
-0.00179928
-0.000368976
0.00138093
-0.0010169
-0.000256681
0.00052296
-0.00035713
-0.000177702
0.000191539
-0.00012533
0.000149814
0.000263846
-0.000173577
-1.40518e-05
0.00360563
-0.00526152
0.000232113
0.000256352
-7.99959e-05
1.39332e-05
-1.02175e-05
2.16617e-05
-0.000183568
0.00026883
-0.000124383
-0.000153781
0.00349645
-0.00499126
-0.000179344
0.0033031
-0.00411891
-0.000239899
0.00303766
-0.00321797
-0.00030567
0.00259323
-0.0023093
-0.000383992
0.00186578
-0.00145267
-0.000356359
0.00103495
-0.000705654
0.000122001
0.00350799
-0.00468272
0.00014295
0.00331381
-0.00382312
0.000196357
0.00303807
-0.00295901
0.000312251
0.00256399
-0.00209263
0.000379091
0.00186073
-0.00129968
0.000373405
0.0010034
-0.000577022
0.000477189
0.00365371
-0.0048359
0.000464833
0.00346291
-0.00397229
0.000451461
0.00318268
-0.00308688
0.000451005
0.00269597
-0.00219926
0.000388017
0.00193824
-0.00138191
0.000357361
0.00106488
-0.000659218
-0.00051223
0.00335164
-0.00483756
-0.000522219
0.00316827
-0.00397162
-0.000517651
0.00292408
-0.00309297
-0.000469891
0.00246509
-0.00222096
-0.000413595
0.00180853
-0.00139619
-0.000316277
0.000946464
-0.000669768
5.71407e-06
0.000437587
-0.000246573
9.41847e-05
0.00278063
-0.00247397
