-0.000533133
0.00224273
-0.00530401
-0.000493274
0.00224881
-0.00515768
1.98557e-05
1.29024e-05
1.79531e-05
-5.46702e-05
7.67512e-06
-3.24356e-05
0.000456978
0.00239101
-0.00530443
0.000498371
0.00238965
-0.00515348
5.06488e-05
1.50207e-05
-3.21044e-05
8.55247e-08
4.28202e-06
9.48984e-06
-0.000547816
0.00223011
-0.00444243
-0.000591974
0.0022186
-0.00355187
-0.000665867
0.00210157
-0.00264538
-0.000694811
0.00173651
-0.00176678
-0.000680519
0.00117498
-0.00100698
-0.000489191
0.000525981
-0.000376062
-0.000493583
0.00224282
-0.00430214
-0.000458715
0.0022285
-0.00344011
-0.00035105
0.00204151
-0.00258175
-0.000205808
0.00174713
-0.00173706
-6.60214e-05
0.00110995
-0.000961717
1.95166e-05
0.000432502
-0.000308005
0.000450052
0.00237637
-0.00444955
0.000406484
0.00234342
-0.00356988
0.000323494
0.00220871
-0.00267649
0.000184
0.00174029
-0.00180978
7.83662e-05
0.00118533
-0.00101564
4.61413e-05
0.000497867
-0.000345698
0.00050357
0.00238345
-0.00429399
0.000536674
0.0023517
-0.00341829
0.000623386
0.00217487
-0.00253845
0.000694922
0.00180652
-0.00170257
0.000675484
0.00119467
-0.000950811
0.000491736
0.000632527
-0.000294332
-0.000509955
0.00224614
-0.00522868
-0.000298763
0.000257362
-0.000154845
-3.91773e-05
0.00231678
-0.0053049
4.17564e-05
0.000161515
-9.48206e-05
9.13288e-06
0.00231898
-0.00515521
-8.94477e-05
-2.49679e-05
-9.3265e-06
5.38583e-05
3.07952e-05
7.55544e-06
-4.66003e-05
3.23268e-05
5.09725e-06
0.000478221
0.00239188
-0.00522755
1.38934e-05
0.00021352
-0.000125698
0.000295228
0.000337399
-0.000142538
5.224e-05
-4.35645e-07
-1.84351e-05
-0.000536879
0.00223059
-0.00487704
-0.000567448
0.00222872
-0.00399925
-0.00062694
0.00217437
-0.00310187
-0.000660495
0.00195725
-0.0022122
-0.000708102
0.00148243
-0.00137524
-0.000611595
0.000846771
-0.00066746
-0.00049485
0.00224102
-0.00473036
-0.00048325
0.00224013
-0.00387171
-0.000418765
0.00216875
-0.00300669
-0.000282384
0.00190078
-0.00215973
-0.000126604
0.00143928
-0.00133899
-1.58745e-05
0.000768275
-0.000610225
0.000456834
0.00237866
-0.00488088
0.000434276
0.00237083
-0.0040128
0.000370826
0.00229164
-0.0031271
0.000258162
0.00203012
-0.00224449
0.000121756
0.0014919
-0.00139933
5.44701e-05
0.000849955
-0.000664281
0.000499155
0.00238291
-0.00472681
0.000518839
0.00237552
-0.00385626
0.000563416
0.00230097
-0.00297812
0.000672058
0.00202136
-0.00210997
0.00069438
0.00150956
-0.00131912
0.000617415
0.000878729
-0.000608481
-5.12319e-05
0.00230202
-0.00444438
-8.98503e-05
0.00227356
-0.00355752
-0.000159024
0.00214422
-0.00266303
-0.000241753
0.00172513
-0.00178707
-0.000290837
0.00116947
-0.00100482
-0.000239185
0.000497262
-0.000354755
1.57678e-05
0.00231411
-0.00429716
4.91538e-05
0.00228933
-0.0034278
0.000137736
0.00210293
-0.00256467
0.000240124
0.00177959
-0.00170675
0.000288205
0.00114853
-0.000945206
0.000255312
0.000489772
-0.000291002
0.000474373
0.00238174
-0.00436996
0.000458486
0.00235186
-0.00348941
0.000445826
0.00221149
-0.002611
0.000414785
0.00177555
-0.00175946
0.000361742
0.00118712
-0.000985829
0.000299965
0.000531638
-0.000362946
-0.000518537
0.00224028
-0.0043722
-0.000522463
0.00223543
-0.00350101
-0.000498262
0.00208717
-0.00260973
-0.000431683
0.00175333
-0.00176948
-0.000367562
0.00113746
-0.000997191
-0.000255119
0.000443052
-0.000350091
-0.000174999
0.000162412
-0.000121264
0.000145728
0.00021906
-0.000167844
-1.44434e-05
0.00231794
-0.00522963
0.000187994
0.000209956
-8.74666e-05
1.25254e-05
-7.60757e-06
2.10668e-05
-0.000146366
0.000222335
-0.000116833
-4.2809e-05
0.00230357
-0.00487731
-6.66081e-05
0.00229847
-0.00400478
-0.000124056
0.00222799
-0.00311113
-0.000189678
0.00199112
-0.00221598
-0.000281173
0.00147291
-0.00137966
-0.000274833
0.000838448
-0.000661919
1.01727e-05
0.00231412
-0.00472846
3.0198e-05
0.00230906
-0.00386178
8.21052e-05
0.00222886
-0.00299107
0.00019727
0.00196365
-0.00212119
0.00027115
0.0014721
-0.00132085
0.000286562
0.000810438
-0.000594595
0.000479118
0.00238101
-0.00480194
0.000466434
0.00238137
-0.00393527
0.000450654
0.00230462
-0.00305018
0.00044821
0.00203526
-0.00216768
0.000381905
0.00150453
-0.0013573
0.000340643
0.00084942
-0.000647276
-0.000514227
0.00223784
-0.00480354
-0.000522591
0.00224035
-0.00393474
-0.000515667
0.00218464
-0.00305628
-0.00046669
0.00192525
-0.00218965
-0.00041189
0.00147
-0.00137124
-0.000315136
0.00079022
-0.000656045
3.38281e-05
0.000359626
-0.000235049
0.000179623
0.0020926
-0.00239435
