-0.000427167
0.00104375
-0.00518878
-0.000604132
0.00104883
-0.00520532
8.60912e-06
6.82655e-06
1.35932e-05
-4.68245e-05
8.90392e-06
-2.91893e-05
0.000567621
0.00102914
-0.00518942
0.000392551
0.00102805
-0.00520161
4.35e-05
1.4002e-05
-2.88303e-05
7.94793e-06
-8.8242e-07
6.93064e-06
-0.000440061
0.00121411
-0.00432486
-0.00047901
0.00138353
-0.00343799
-0.00054588
0.00145593
-0.00254428
-0.000579368
0.00128895
-0.00167955
-0.000578617
0.000919813
-0.000944577
-0.000421722
0.000430855
-0.000344233
-0.000603962
0.0012253
-0.00434426
-0.000569445
0.00139182
-0.00347475
-0.000463618
0.00139738
-0.00261122
-0.000316766
0.0013045
-0.0017645
-0.000164327
0.000860987
-0.000985157
-4.68579e-05
0.000343672
-0.000334788
0.000561125
0.00119954
-0.0043315
0.000519253
0.00135797
-0.00345495
0.000436495
0.00142891
-0.00257516
0.000293237
0.00118211
-0.00172635
0.000169969
0.000848673
-0.000959238
0.000101267
0.000374345
-0.000330932
0.000396579
0.00120742
-0.00433643
0.000424196
0.00136929
-0.00345369
0.00050501
0.00139828
-0.00256739
0.000576058
0.00125399
-0.00172707
0.000561092
0.000869431
-0.000966751
0.000416283
0.000485849
-0.000306537
-0.000512561
0.00104668
-0.00519527
-0.000260963
0.000215454
-0.000140745
6.90321e-05
0.00103622
-0.00518977
-2.44325e-06
0.000125074
-0.000113528
-0.000100197
0.00103815
-0.00520299
-8.3527e-05
-1.93803e-05
-1.09886e-05
3.89615e-05
2.52916e-05
8.8764e-06
-3.23761e-05
2.72159e-05
8.57627e-06
0.000480479
0.00102999
-0.00519437
4.02242e-05
0.000162733
-0.000129107
0.00025293
0.000271194
-0.000142731
5.07308e-05
-1.70007e-07
-1.96752e-05
-0.000430467
0.00112376
-0.00476011
-0.000457386
0.0013032
-0.00388271
-0.000510212
0.00143268
-0.00299298
-0.000541183
0.0014102
-0.00211534
-0.00059781
0.00113344
-0.00129982
-0.000522994
0.000677483
-0.000620721
-0.000605484
0.0011329
-0.00477581
-0.000593515
0.00131311
-0.0039099
-0.000530168
0.00142666
-0.0030384
-0.000395427
0.00135528
-0.00218937
-0.000233041
0.00109527
-0.00136376
-0.000101489
0.000606057
-0.000634558
0.00056744
0.00110938
-0.00476368
0.000546038
0.00128784
-0.00389536
0.000483834
0.00140678
-0.00301723
0.000370949
0.0013607
-0.00214875
0.000224406
0.00104482
-0.00132806
0.000130596
0.000620011
-0.000626726
0.000392999
0.00111391
-0.00477244
0.000409096
0.00129504
-0.00389523
0.000447446
0.00141976
-0.0030106
0.000552266
0.00135292
-0.00213759
0.000576298
0.00107184
-0.00133883
0.000513297
0.000657289
-0.000622396
5.81046e-05
0.00120547
-0.00432666
2.22441e-05
0.00136394
-0.00344278
-4.37189e-05
0.00143054
-0.0025604
-0.000131736
0.00121992
-0.00170117
-0.000195899
0.000872593
-0.000943499
-0.000173352
0.000387316
-0.00032736
-9.37765e-05
0.00121658
-0.00433921
-6.2184e-05
0.00137849
-0.00346222
2.38647e-05
0.00139208
-0.00259337
0.000127221
0.00127874
-0.00173145
0.000187924
0.000856634
-0.000963162
0.000187975
0.000371726
-0.000310108
0.000476353
0.00120516
-0.00433252
0.000459106
0.00136781
-0.0034504
0.00044318
0.00143351
-0.00257431
0.000412504
0.00122108
-0.00173074
0.000350786
0.00085912
-0.000965588
0.00028087
0.000405202
-0.000357661
-0.000519835
0.00122317
-0.00433473
-0.000521116
0.0013985
-0.00346168
-0.000494995
0.00144163
-0.00257345
-0.000429205
0.00131011
-0.00173823
-0.000365854
0.000889408
-0.00097647
-0.000253358
0.000361084
-0.000342597
-0.000172163
0.000132387
-0.000116983
0.000141509
0.00017298
-0.000161849
-1.48441e-05
0.00103724
-0.00519623
0.000143253
0.000162399
-9.49635e-05
1.10721e-05
-5.01642e-06
2.04593e-05
-0.000108594
0.000174572
-0.000108975
6.57189e-05
0.00111548
-0.00476046
4.39246e-05
0.00129399
-0.0038876
-9.78865e-06
0.00141434
-0.00300136
-7.44938e-05
0.00138253
-0.00212009
-0.000177813
0.00107395
-0.00130462
-0.000192384
0.000637898
-0.000616899
-9.91872e-05
0.00112496
-0.00477389
-8.02767e-05
0.00130437
-0.00389987
-3.03452e-05
0.00141566
-0.00302239
8.28947e-05
0.00135709
-0.00214918
0.000162945
0.00107738
-0.00134159
0.000198948
0.000613595
-0.00061199
0.000481134
0.00111176
-0.00476638
0.000468208
0.00129858
-0.00389647
0.000449985
0.00142132
-0.00301169
0.00044531
0.00136717
-0.0021346
0.000375812
0.0010638
-0.00133147
0.000323713
0.000629465
-0.000634636
-0.00051626
0.00113007
-0.00476792
-0.000522854
0.00131371
-0.00389608
-0.000513368
0.00144222
-0.00301781
-0.00046324
0.00137998
-0.0021567
-0.00040988
0.00112598
-0.00134504
-0.000313742
0.000630593
-0.000641578
6.22477e-05
0.000279625
-0.000223039
0.000264312
0.00139775
-0.0023123
