8.02674e-05
-0.00487374
-0.00458744
-0.00113169
-0.0048742
-0.00541591
-4.89431e-05
-2.4469e-05
-8.55245e-06
-6.20567e-06
1.48646e-05
-1.23283e-05
0.00109771
-0.00570089
-0.00458895
-0.000110604
-0.0057004
-0.00541492
6.51031e-06
8.63124e-06
-1.18414e-05
4.8297e-05
-2.74417e-05
-6.24052e-06
7.74987e-05
-0.00383211
-0.00371225
6.92934e-05
-0.00280141
-0.00284505
4.64539e-05
-0.00181718
-0.0020189
3.47682e-07
-0.00100231
-0.0012279
-5.79447e-05
-0.000401854
-0.000621274
-7.3567e-05
-6.87069e-05
-0.000180158
-0.00112922
-0.00382975
-0.00452768
-0.0010985
-0.00280279
-0.00362112
-0.00100888
-0.00186399
-0.00273241
-0.000864437
-0.000966418
-0.0018826
-0.000657158
-0.000427553
-0.00108989
-0.000383513
-0.000121392
-0.000464531
0.00109399
-0.00464928
-0.00371595
0.00106423
-0.00357781
-0.00285502
0.000988983
-0.00251362
-0.00204532
0.000835946
-0.00166088
-0.00128882
0.000632932
-0.000880469
-0.000664537
0.000382035
-0.000265467
-0.000252759
-0.000112778
-0.00463817
-0.00452206
-0.000116244
-0.00355169
-0.00360546
-7.51052e-05
-0.00252406
-0.00268981
-1.79564e-05
-0.00156562
-0.00183418
-1.86351e-05
-0.000801302
-0.00103581
2.97941e-05
-0.000271316
-0.000363732
-0.000523521
-0.00487347
-0.00500197
-6.485e-05
-6.48744e-06
-6.82467e-05
0.000587506
-0.00528814
-0.00458867
-0.00022772
-6.67891e-05
-0.000206106
-0.000621268
-0.00528771
-0.00541452
-5.28437e-05
8.70267e-06
-1.93356e-05
-3.75149e-05
-3.28324e-06
1.56727e-05
4.07751e-05
5.87911e-07
2.61385e-05
0.000492807
-0.00570018
-0.00500228
0.000175029
-0.000101177
-0.000145216
3.48799e-05
-7.22645e-05
-0.000141553
4.27197e-05
9.66909e-07
-2.58536e-05
7.94862e-05
-0.00435437
-0.00415053
7.35005e-05
-0.00331279
-0.00327562
6.09045e-05
-0.00230415
-0.00242627
5.09982e-05
-0.00137856
-0.00161249
-3.80666e-05
-0.000664165
-0.000908742
-6.79903e-05
-0.000204605
-0.000378906
-0.0011319
-0.0043525
-0.00497585
-0.00111881
-0.00331188
-0.00407362
-0.00106509
-0.00231261
-0.00317067
-0.000947826
-0.00142315
-0.00231358
-0.00076308
-0.000676808
-0.00147161
-0.000533303
-0.000237954
-0.000747832
0.00109735
-0.00517922
-0.00415231
0.00108373
-0.00411438
-0.00328274
0.0010326
-0.00304479
-0.00244319
0.00092605
-0.00203849
-0.00164859
0.000739902
-0.00124321
-0.000955058
0.000517067
-0.000564996
-0.000430322
-0.000111811
-0.00517363
-0.00497363
-0.000115586
-0.0040951
-0.00406395
-0.000113813
-0.00301385
-0.00314895
-4.13212e-05
-0.00203917
-0.00225657
-1.82032e-05
-0.00116903
-0.00142396
-1.72496e-05
-0.000483979
-0.000684584
0.000583302
-0.00424266
-0.00371311
0.00056464
-0.0031928
-0.00284451
0.000521848
-0.00218106
-0.0020252
0.000417169
-0.00135756
-0.00125386
0.000286024
-0.000657287
-0.0006247
0.000163329
-0.000185271
-0.000185198
-0.000616478
-0.00423742
-0.0045226
-0.000596883
-0.00318542
-0.00360818
-0.000531391
-0.0022025
-0.00271202
-0.000433582
-0.00128186
-0.00183796
-0.000317075
-0.000646896
-0.00104118
-0.000155008
-0.000240402
-0.000401383
0.000487524
-0.004643
-0.00411949
0.000463638
-0.00356171
-0.00323014
0.000430795
-0.00249994
-0.00236835
0.00040027
-0.00160704
-0.00156823
0.000295015
-0.000826776
-0.000852534
0.000182665
-0.000249268
-0.000326336
-0.000523292
-0.0038296
-0.00412154
-0.000509534
-0.00279761
-0.00324009
-0.000473506
-0.00183023
-0.00237008
-0.000412824
-0.000963588
-0.00156372
-0.000352884
-0.000396251
-0.00086063
-0.000241832
-7.05171e-05
-0.000299771
-0.000156379
-2.75476e-05
-9.32798e-05
0.000119274
-6.71289e-05
-0.000129176
-1.54239e-05
-0.00528789
-0.00500285
-8.56658e-05
-8.58137e-05
-0.000130678
3.5989e-06
7.84767e-06
1.74418e-05
8.55435e-05
-7.50135e-05
-6.81779e-05
0.000586134
-0.00476788
-0.00415114
0.000576474
-0.00371613
-0.00327688
0.000547004
-0.00268153
-0.00242907
0.000493753
-0.0017133
-0.00162056
0.00034362
-0.000972754
-0.000914278
0.000227936
-0.00040011
-0.00038301
-0.000620464
-0.00476461
-0.004974
-0.000609026
-0.00370775
-0.00406362
-0.000573567
-0.00267792
-0.00315363
-0.0004809
-0.00172648
-0.00226841
-0.000378361
-0.000948038
-0.00143035
-0.00024488
-0.000404125
-0.000690862
0.000492112
-0.00517682
-0.0045625
0.000478808
-0.00410373
-0.00367697
0.000448106
-0.00302372
-0.00279502
0.000429946
-0.00202513
-0.0019493
0.000345094
-0.00119329
-0.0011871
0.000237067
-0.000505176
-0.000563097
-0.0005239
-0.00435333
-0.00456385
-0.0005205
-0.0033091
-0.00367714
-0.000496576
-0.00229973
-0.00280146
-0.00044153
-0.00139932
-0.00197069
-0.000394947
-0.000647851
-0.00119865
-0.000303111
-0.000201896
-0.000560414
0.000206949
-0.000136836
-0.000159516
0.000680388
-0.00212538
-0.00188071
