0.000180759
-0.00605151
-0.00446531
-0.00123401
-0.00605309
-0.00544769
-6.04974e-05
-3.0791e-05
-1.29294e-05
2.01555e-06
1.60036e-05
-8.91807e-06
0.00120173
-0.00703274
-0.00446697
-0.000209065
-0.00703192
-0.00544725
-9.63498e-07
7.56345e-06
-8.38272e-06
5.6398e-05
-3.27354e-05
-8.93957e-06
0.000180055
-0.00483922
-0.00358858
0.000178237
-0.00363958
-0.00272576
0.000164655
-0.00247569
-0.00191339
0.000116771
-0.00146517
-0.00113753
4.71545e-05
-0.000670398
-0.000556882
-3.07138e-06
-0.000171139
-0.000147744
-0.00123114
-0.00483867
-0.00455491
-0.00120139
-0.00364294
-0.00364193
-0.00111553
-0.00251987
-0.00274927
-0.000972327
-0.00142546
-0.00190048
-0.000754868
-0.000689242
-0.00110707
-0.000450626
-0.000216637
-0.000488771
0.00119862
-0.00580864
-0.00359167
0.00117153
-0.00455853
-0.00273424
0.00109824
-0.0032992
-0.0019387
0.000943703
-0.00222869
-0.00120101
0.000725348
-0.00122643
-0.000605773
0.000438317
-0.0003935
-0.000237375
-0.000212489
-0.005797
-0.00454979
-0.000222371
-0.00452961
-0.00362749
-0.00018987
-0.00330538
-0.00270724
-0.000136418
-0.00212911
-0.00185021
-0.000134803
-0.00113577
-0.0010461
-4.79437e-05
-0.000422897
-0.00037368
-0.000524613
-0.00605177
-0.00495722
-2.50477e-05
-5.2247e-05
-5.39914e-05
0.00068973
-0.00654306
-0.00446657
-0.000272756
-0.000106245
-0.000223813
-0.000722827
-0.00654293
-0.00544651
-4.66145e-05
1.4219e-05
-2.10255e-05
-5.2914e-05
-9.08781e-06
1.71263e-05
5.55013e-05
-4.77842e-06
2.95665e-05
0.000495327
-0.00703206
-0.00495776
0.000202202
-0.000153934
-0.000148614
-9.07815e-06
-0.000141073
-0.000140592
4.10909e-05
1.24192e-06
-2.70839e-05
0.000180492
-0.00544605
-0.00402716
0.000178799
-0.0042356
-0.00315329
0.000174605
-0.00305413
-0.00231238
0.00016949
-0.00194075
-0.00151174
7.47129e-05
-0.00102834
-0.000830618
2.39773e-05
-0.000384487
-0.000330926
-0.001234
-0.00544568
-0.00500596
-0.00122081
-0.00423654
-0.00409738
-0.00116938
-0.00306307
-0.0031892
-0.00105624
-0.00198323
-0.00233168
-0.000867849
-0.00103576
-0.00148842
-0.00061916
-0.000409935
-0.000767738
0.00120134
-0.00642461
-0.00402856
0.00118943
-0.0051864
-0.00315927
0.00114086
-0.00393049
-0.00232769
0.00103599
-0.00271669
-0.00154823
0.000842566
-0.00170069
-0.00088039
0.00059437
-0.000802155
-0.000391362
-0.000210591
-0.00641887
-0.00500398
-0.000218424
-0.00516486
-0.00408881
-0.000224322
-0.00389609
-0.00316888
-0.000159271
-0.00271582
-0.00227406
-0.000137074
-0.00161728
-0.00143651
-0.000123736
-0.00071256
-0.000694454
0.000686928
-0.00532601
-0.00358926
0.000671891
-0.00410153
-0.0027241
0.000634156
-0.00290376
-0.00191764
0.000526754
-0.00187484
-0.00116422
0.00038275
-0.00096537
-0.000561182
0.000231061
-0.000300997
-0.000157164
-0.000718424
-0.00532198
-0.00454987
-0.000701487
-0.00409556
-0.00362899
-0.000640674
-0.00292167
-0.00272852
-0.000544691
-0.00179594
-0.00185372
-0.000417747
-0.000949564
-0.00105316
-0.000223702
-0.000363966
-0.000418039
0.000489845
-0.00580231
-0.0040716
0.000464653
-0.00454132
-0.00318149
0.000428416
-0.00328379
-0.00232336
0.000397608
-0.00217215
-0.00153273
0.000283688
-0.00116425
-0.000828203
0.000162877
-0.000380241
-0.000319337
-0.00052285
-0.00483806
-0.00407362
-0.000506039
-0.00363809
-0.00319122
-0.000468125
-0.0024884
-0.00232559
-0.000408489
-0.00142323
-0.00152596
-0.000349415
-0.000657543
-0.000835681
-0.000239046
-0.000159218
-0.000290473
-0.000152988
-6.0696e-05
-8.82933e-05
0.00011477
-0.000115108
-0.000122373
-1.49627e-05
-0.00654297
-0.00495807
-0.000131634
-0.000136081
-0.000137064
2.15682e-06
1.044e-05
1.68814e-05
0.000124741
-0.000125373
-6.03524e-05
0.000688768
-0.0059364
-0.00402781
0.000681647
-0.00471373
-0.00315382
0.000657337
-0.00349968
-0.00231401
0.000606786
-0.00233389
-0.00152034
0.000448098
-0.00138429
-0.000836258
0.000312402
-0.000609455
-0.000336607
-0.000722068
-0.00593441
-0.00500414
-0.000712296
-0.0047058
-0.00408744
-0.000680115
-0.00349557
-0.00317207
-0.000592298
-0.00234455
-0.0022858
-0.000485949
-0.00135522
-0.0014435
-0.000333605
-0.000609252
-0.000704017
0.000494359
-0.00642223
-0.00451604
0.000481052
-0.00517588
-0.00362815
0.000447854
-0.00390827
-0.00274747
0.000426815
-0.00270197
-0.00190885
0.000338775
-0.00164476
-0.00115591
0.000219571
-0.0007324
-0.000547613
-0.00052431
-0.00544609
-0.00451736
-0.000518888
-0.00423333
-0.0036284
-0.000492057
-0.00305081
-0.00275397
-0.00043616
-0.00195973
-0.00193
-0.000390944
-0.00100731
-0.00116703
-0.000300295
-0.000371755
-0.000542947
0.000235994
-0.000220508
-0.000146897
0.000762911
-0.00282889
-0.00179314
