0.000384699
-0.0084122
-0.00422248
-0.00143796
-0.0084159
-0.00549562
-8.33993e-05
-4.33585e-05
-2.14979e-05
1.83463e-05
1.82125e-05
-2.16084e-06
0.00141073
-0.00968454
-0.00422441
-0.000407341
-0.00968311
-0.00549623
-1.57878e-05
5.50276e-06
-1.47818e-06
7.24296e-05
-4.31185e-05
-1.43875e-05
0.000387946
-0.0068563
-0.00334414
0.00039834
-0.005316
-0.00249082
0.000402209
-0.00379056
-0.00170582
0.000350044
-0.00238839
-0.000960179
0.000256838
-0.00120589
-0.000431196
0.000137278
-0.000375839
-8.48738e-05
-0.00143438
-0.00685919
-0.00459556
-0.0014066
-0.00532304
-0.00367183
-0.00132777
-0.0038298
-0.00277346
-0.00118624
-0.00234057
-0.00192858
-0.000948188
-0.00121101
-0.00113642
-0.000583314
-0.000407041
-0.000534653
0.00140877
-0.00811344
-0.00334607
0.00138677
-0.0065045
-0.00249651
0.00131692
-0.00485439
-0.00172923
0.0011583
-0.00335086
-0.0010293
0.000908653
-0.00190825
-0.000491469
0.000549968
-0.000644711
-0.000208114
-0.00041321
-0.0081008
-0.00459142
-0.000435513
-0.00647019
-0.00365973
-0.000419457
-0.00485253
-0.00273232
-0.000372718
-0.00324232
-0.00187449
-0.000365862
-0.00179534
-0.00106175
-0.000202259
-0.000721014
-0.000391355
-0.000524952
-0.00841348
-0.00486057
5.41563e-05
-0.000143816
-2.64456e-05
0.000896137
-0.0090495
-0.00422378
-0.000361821
-0.000185223
-0.000257772
-0.000926159
-0.00904995
-0.00549482
-3.4206e-05
2.50115e-05
-2.44397e-05
-8.34774e-05
-2.0645e-05
2.01845e-05
8.46933e-05
-1.53541e-05
3.62083e-05
0.000500182
-0.00968393
-0.00486155
0.000256269
-0.000257153
-0.000155989
-9.62404e-05
-0.000276137
-0.000137655
3.78814e-05
1.93324e-06
-2.95379e-05
0.000385417
-0.00763351
-0.00378264
0.000391929
-0.00608274
-0.00291198
0.000403732
-0.00455299
-0.00208828
0.000407563
-0.00306218
-0.00131394
0.000300128
-0.00175447
-0.00067769
0.000207215
-0.000743404
-0.000237597
-0.00143756
-0.00763598
-0.00505139
-0.00142429
-0.00608718
-0.00413213
-0.00137725
-0.00456271
-0.00321559
-0.00127159
-0.00310093
-0.00235919
-0.00107526
-0.00175134
-0.0015157
-0.000788967
-0.00075307
-0.000803745
0.00141027
-0.00890251
-0.00378333
0.00140162
-0.00731559
-0.0029158
0.00135782
-0.00568601
-0.00210063
0.00125555
-0.00405784
-0.00135155
0.00104642
-0.00260347
-0.000734634
0.00074765
-0.00126885
-0.000316057
-0.000409485
-0.00889647
-0.00504991
-0.000425177
-0.00728976
-0.00412568
-0.000445925
-0.00564491
-0.00319792
-0.000394805
-0.00405417
-0.00230015
-0.000373848
-0.00250211
-0.0014553
-0.000335253
-0.00116273
-0.000710538
0.000896016
-0.00748716
-0.00334446
0.000887852
-0.00591141
-0.00248701
0.00085951
-0.00434006
-0.00170625
0.000745742
-0.00290143
-0.000988551
0.000575256
-0.00157564
-0.000437393
0.000365644
-0.000529804
-0.000103104
-0.000922532
-0.00748543
-0.00459061
-0.000910764
-0.00590799
-0.00365889
-0.000858719
-0.00435134
-0.00275197
-0.00076555
-0.00281539
-0.00187752
-0.000617593
-0.00154903
-0.00107228
-0.000359872
-0.000608521
-0.000449007
0.000494312
-0.00810704
-0.00397033
0.000466526
-0.00648517
-0.00308007
0.000423615
-0.00483563
-0.00223039
0.000391978
-0.00328867
-0.00145971
0.000260874
-0.00182948
-0.000778631
0.000123598
-0.000637334
-0.000304928
-0.000520266
-0.00685774
-0.00397229
-0.000497663
-0.00531887
-0.00308943
-0.000456244
-0.00380255
-0.00223351
-0.000398501
-0.00233963
-0.00144855
-0.000341646
-0.00117852
-0.000784839
-0.000233083
-0.000336652
-0.000271577
-0.000146079
-0.000127191
-7.83369e-05
0.000105894
-0.000208797
-0.000108821
-1.31819e-05
-0.00904972
-0.00486135
-0.00022278
-0.000235561
-0.000148673
-5.72889e-07
1.56849e-05
1.58433e-05
0.000202707
-0.000224586
-4.57396e-05
0.000895963
-0.00826907
-0.00378338
0.00089368
-0.00670225
-0.00291114
0.000879092
-0.0051275
-0.0020877
0.000833249
-0.00356605
-0.00132368
0.000656377
-0.00220021
-0.000683717
0.000480335
-0.00102381
-0.00024657
-0.000925492
-0.00826947
-0.00504965
-0.000918979
-0.00669514
-0.00412233
-0.000893114
-0.00512228
-0.00319825
-0.000814065
-0.00357195
-0.00231175
-0.000699652
-0.00216224
-0.0014636
-0.000509671
-0.00101524
-0.000726729
0.000498688
-0.00890018
-0.00441684
0.000485344
-0.00730533
-0.0035258
0.000447217
-0.00566157
-0.00264888
0.000420573
-0.00404055
-0.0018253
0.000325795
-0.00253573
-0.00109211
0.000184666
-0.0011796
-0.000516087
-0.000523345
-0.0076356
-0.00441811
-0.000514092
-0.0060832
-0.00352617
-0.000481767
-0.00455169
-0.00265549
-0.000424268
-0.00307798
-0.00184607
-0.000381905
-0.00172385
-0.00110237
-0.000294044
-0.000710702
-0.000507449
0.000293699
-0.000384933
-0.00012263
0.000928108
-0.00422246
-0.00162013
