0.000704793
-0.0119841
-0.00386678
-0.0017466
-0.0119906
-0.00551955
-0.000116794
-6.17686e-05
-3.36652e-05
4.21872e-05
2.13307e-05
7.6363e-06
0.00173151
-0.0136366
-0.00386909
-0.000714471
-0.0136344
-0.00552149
-3.73624e-05
2.71478e-06
8.71253e-06
9.56939e-05
-5.78603e-05
-2.26494e-05
0.000713132
-0.0098969
-0.0029911
0.000739058
-0.00782807
-0.00215457
0.000763795
-0.00574614
-0.00140958
0.000700797
-0.00375391
-0.000708406
0.00056737
-0.00199455
-0.00025528
0.00034347
-0.00067753
1.87044e-06
-0.00174228
-0.00990412
-0.00461486
-0.00171706
-0.00783942
-0.0036822
-0.00164577
-0.00577987
-0.00278266
-0.00150213
-0.00369152
-0.00194876
-0.00123079
-0.00197948
-0.00116617
-0.000776214
-0.000688148
-0.000595668
0.00173103
-0.0115298
-0.00299163
0.00171504
-0.00936916
-0.002157
0.00164753
-0.00712454
-0.00143177
0.00147751
-0.0049785
-0.000788671
0.00117734
-0.002888
-0.000333309
0.000713293
-0.00100087
-0.000170143
-0.000723749
-0.0115158
-0.00461204
-0.000762589
-0.0093274
-0.00367298
-0.000766405
-0.00711303
-0.00274139
-0.000725182
-0.00485444
-0.00188781
-0.000706642
-0.0027444
-0.0010709
-0.000428018
-0.00114658
-0.000411252
-0.000519642
-0.0119867
-0.00469575
0.000170188
-0.000278844
1.1226e-05
0.00121648
-0.0128118
-0.00386817
-0.000491183
-0.000301971
-0.000304074
-0.00123684
-0.0128129
-0.00551925
-1.59747e-05
4.03688e-05
-2.967e-05
-0.000128135
-3.75962e-05
2.5231e-05
0.000127196
-3.04781e-05
4.5418e-05
0.000506386
-0.0136361
-0.00469727
0.000335778
-0.000402316
-0.000169177
-0.000223156
-0.000467731
-0.000130309
3.33157e-05
3.47804e-06
-3.31987e-05
0.000706783
-0.010938
-0.00342718
0.000723815
-0.00885976
-0.00256522
0.000755555
-0.00679117
-0.0017684
0.000769072
-0.00472347
-0.00103309
0.000636056
-0.00282554
-0.000462148
0.000477306
-0.00127177
-0.000108056
-0.00174576
-0.0109441
-0.00507452
-0.00173255
-0.00886848
-0.00414623
-0.00169082
-0.00680145
-0.00322418
-0.00159205
-0.00475872
-0.00237594
-0.00137958
-0.00280639
-0.00153864
-0.00103649
-0.00125837
-0.000846743
0.00173099
-0.0125863
-0.003427
0.00172638
-0.0104611
-0.00256646
0.00168757
-0.00826003
-0.00177761
0.00158519
-0.00600788
-0.00107407
0.00134662
-0.00390624
-0.000531199
0.000971841
-0.00193629
-0.000213571
-0.000717482
-0.0125798
-0.00507369
-0.000743707
-0.0104295
-0.00414248
-0.000784006
-0.00820958
-0.00320955
-0.000748
-0.00600132
-0.0023132
-0.000724976
-0.00377983
-0.00146503
-0.000645678
-0.00180778
-0.000723945
0.00121975
-0.010716
-0.00299099
0.00121997
-0.00859822
-0.00214808
0.00120194
-0.00645499
-0.00140568
0.00107366
-0.0044042
-0.000740537
0.000859302
-0.00246215
-0.000265008
0.000563016
-0.000859597
-2.97929e-05
-0.00123427
-0.010717
-0.00461002
-0.00122917
-0.00859752
-0.00366912
-0.00118676
-0.00645824
-0.00275982
-0.00109297
-0.00430401
-0.00189066
-0.000911604
-0.00241969
-0.00108708
-0.000558784
-0.000962351
-0.000488503
0.000499932
-0.0115233
-0.00380432
0.000468294
-0.00934684
-0.00291857
0.0004159
-0.00710122
-0.0020851
0.000382515
-0.00490625
-0.00134704
0.000226219
-0.00278555
-0.000703589
6.61758e-05
-0.00100231
-0.000282945
-0.000511245
-0.00990164
-0.00380618
-0.000481358
-0.00783622
-0.0029275
-0.000435649
-0.00575713
-0.00208901
-0.000379872
-0.00369292
-0.00132964
-0.000328072
-0.00194543
-0.000707861
-0.000223359
-0.000598545
-0.000243348
-0.000135599
-0.000225626
-6.39495e-05
9.3233e-05
-0.000339818
-8.92309e-05
-8.01881e-06
-0.0128124
-0.00469644
-0.000355808
-0.000379174
-0.000162593
-4.11517e-06
2.37678e-05
1.45522e-05
0.000317142
-0.000366221
-2.76096e-05
0.00121731
-0.0117632
-0.00342806
0.00122108
-0.00966403
-0.00256268
0.00121798
-0.00753456
-0.0017652
0.00117556
-0.00537314
-0.00104511
0.000965461
-0.0033896
-0.00046957
0.000727198
-0.00162376
-0.000122547
-0.0012363
-0.0117666
-0.00507288
-0.00123405
-0.00965768
-0.00413652
-0.00121596
-0.00752742
-0.00320635
-0.00114482
-0.00537338
-0.00232508
-0.00101518
-0.00333773
-0.00147594
-0.000767964
-0.0016032
-0.000750417
0.000504211
-0.012584
-0.00425113
0.000490543
-0.010451
-0.00336077
0.000445308
-0.00823226
-0.00249363
0.000411254
-0.00598714
-0.00169486
0.00030511
-0.00382135
-0.000994632
0.000132925
-0.00181921
-0.000468615
-0.000516377
-0.0109427
-0.00425235
-0.000502303
-0.0088636
-0.00336119
-0.000463142
-0.00679203
-0.00250027
-0.000403412
-0.00473582
-0.00171567
-0.00036584
-0.00277979
-0.00100364
-0.000283312
-0.00120964
-0.000454114
0.000378408
-0.000618536
-9.01898e-05
0.00117759
-0.00625767
-0.00137166
