0.00130063
-0.0180803
-0.00331242
-0.00228518
-0.0180895
-0.00539973
-0.000168205
-9.02996e-05
-5.13201e-05
7.87028e-05
2.59479e-05
2.23591e-05
0.00230271
-0.0201677
-0.00331531
-0.00127669
-0.0201648
-0.00540288
-7.0192e-05
-7.07049e-07
2.47237e-05
0.000130997
-7.90037e-05
-3.64825e-05
0.00131384
-0.0150274
-0.00246052
0.00135303
-0.0119921
-0.00166203
0.00138851
-0.00891377
-0.000979561
0.00128587
-0.00592589
-0.0003482
0.00106328
-0.00322793
-1.37347e-05
0.000664772
-0.00114616
0.000116437
-0.0022806
-0.0150382
-0.004511
-0.0022571
-0.0120054
-0.00359034
-0.00218375
-0.00894743
-0.00271631
-0.00201425
-0.00582824
-0.00191574
-0.00167426
-0.00318185
-0.00117302
-0.00107279
-0.0011274
-0.000672538
0.00230337
-0.0170905
-0.00246025
0.00228963
-0.0139385
-0.00166338
0.00221255
-0.010655
-0.00100742
0.00200011
-0.00745946
-0.000459267
0.00159863
-0.00433935
-0.000124464
0.000967028
-0.00150746
-0.00013053
-0.0012905
-0.0170739
-0.00450938
-0.0013472
-0.0138864
-0.00358279
-0.00136099
-0.0106385
-0.00266728
-0.00130582
-0.00729963
-0.00183711
-0.00124917
-0.00415513
-0.00104203
-0.000778301
-0.00176457
-0.000423613
-0.000491345
-0.0180843
-0.00435979
0.000349176
-0.000487778
5.97491e-05
0.00179967
-0.0191257
-0.00331411
-0.00068901
-0.000484302
-0.000365627
-0.00178954
-0.0191275
-0.00539984
1.23835e-05
6.29292e-05
-3.87526e-05
-0.000197077
-6.38287e-05
3.50985e-05
0.000192143
-5.23907e-05
5.79789e-05
0.000510517
-0.0201672
-0.00436183
0.000460443
-0.000603871
-0.000199222
-0.000417043
-0.000740466
-0.000109155
2.68342e-05
7.94509e-06
-3.92219e-05
0.00130385
-0.01655
-0.00288373
0.00133054
-0.0135082
-0.00205139
0.00137709
-0.010462
-0.00130362
0.00138864
-0.00738195
-0.000631179
0.0011823
-0.00451218
-0.000160342
0.000902703
-0.00209421
6.5668e-05
-0.00228409
-0.0165595
-0.0049643
-0.00227126
-0.0135198
-0.00404742
-0.00223149
-0.0104708
-0.00314222
-0.00212356
-0.00742013
-0.00233047
-0.00186316
-0.0044662
-0.00152281
-0.00142084
-0.00204624
-0.000884849
0.00230213
-0.0186324
-0.002883
0.00230005
-0.0155317
-0.00205128
0.00225929
-0.0123175
-0.00131365
0.00213854
-0.00900401
-0.000685378
0.00182407
-0.00586129
-0.000255752
0.00132066
-0.00291094
-8.51397e-05
-0.00128094
-0.018625
-0.00496415
-0.00131907
-0.0154926
-0.00404586
-0.00137891
-0.0122539
-0.00312804
-0.00133966
-0.0089987
-0.0022532
-0.00129337
-0.00570022
-0.00142399
-0.00113254
-0.0027545
-0.000713164
0.00180577
-0.0160621
-0.0024602
0.00181121
-0.0129641
-0.0016536
0.0017929
-0.00980856
-0.000974623
0.00161735
-0.00674294
-0.000392262
0.0013106
-0.00380811
-3.22869e-05
0.000870883
-0.00134735
6.15045e-05
-0.001788
-0.0160649
-0.00450605
-0.00178831
-0.0129635
-0.00357623
-0.00174483
-0.00980688
-0.00268956
-0.00162676
-0.00660429
-0.00184262
-0.0013787
-0.00374158
-0.00107
-0.000867358
-0.00149219
-0.000532589
0.000502981
-0.0170833
-0.0034881
0.000465108
-0.0139116
-0.00262804
0.000399336
-0.0106257
-0.00183406
0.000362596
-0.00736281
-0.00115904
0.000166936
-0.00420184
-0.000583374
-2.28046e-05
-0.00152361
-0.000248158
-0.000479695
-0.015035
-0.00348985
-0.000443726
-0.0120035
-0.00263654
-0.000394513
-0.00892378
-0.00183716
-0.000338357
-0.00583497
-0.0011321
-0.000301352
-0.00314299
-0.000584641
-0.000206055
-0.00100615
-0.000200294
-0.000118691
-0.00037884
-4.35227e-05
7.50055e-05
-0.00051859
-6.09363e-05
7.71149e-06
-0.0191267
-0.00436046
-0.000561131
-0.000592148
-0.000174732
-7.97758e-06
3.80259e-05
1.32885e-05
0.00049543
-0.000570119
-1.17949e-05
0.00180135
-0.0175924
-0.00288489
0.00180971
-0.0145243
-0.00204758
0.00181164
-0.0114004
-0.00129916
0.00175819
-0.00820317
-0.000649928
0.00146471
-0.00521597
-0.000173644
0.0011151
-0.00252487
3.95618e-05
-0.00178912
-0.0175983
-0.00496273
-0.00179063
-0.0145171
-0.00403723
-0.0017767
-0.0113892
-0.00312248
-0.00169371
-0.00820042
-0.0022683
-0.00152267
-0.00513923
-0.00144254
-0.00117411
-0.00248746
-0.000758435
0.000507677
-0.0186299
-0.00392486
0.0004921
-0.0155205
-0.00305608
0.000436384
-0.0122834
-0.00222087
0.000395125
-0.0089792
-0.00147028
0.000265687
-0.0057495
-0.000834963
4.96973e-05
-0.0027528
-0.0003941
-0.00048662
-0.0165572
-0.00392603
-0.000468456
-0.0135145
-0.00305631
-0.000423868
-0.0104625
-0.00222694
-0.00036063
-0.0073934
-0.00149417
-0.000333144
-0.00443809
-0.000842201
-0.000262866
-0.00198577
-0.000370591
0.000511064
-0.00095151
-5.23911e-05
0.00160175
-0.00942041
-0.00100809
