0.00143146
-0.0193258
-0.00320849
-0.00239826
-0.0193351
-0.00534876
-0.000177671
-9.55764e-05
-5.43812e-05
8.5362e-05
2.67819e-05
2.49868e-05
0.00242391
-0.0214661
-0.0032115
-0.00139927
-0.0214632
-0.00535196
-7.61433e-05
-1.16792e-06
2.77214e-05
0.000137387
-8.25947e-05
-3.92327e-05
0.00144497
-0.0160641
-0.00236493
0.00148439
-0.0128188
-0.00157599
0.00151741
-0.00952789
-0.000905372
0.00140259
-0.00633873
-0.0002872
0.00115794
-0.00345772
2.50267e-05
0.000724475
-0.00123251
0.000133873
-0.00239378
-0.0160749
-0.00446756
-0.00237009
-0.0128315
-0.0035542
-0.00229345
-0.00956332
-0.0026902
-0.00211442
-0.00623193
-0.00189868
-0.00175802
-0.00340603
-0.00116778
-0.00112749
-0.0012089
-0.000683913
0.00242454
-0.0181796
-0.00236479
0.00240975
-0.0148151
-0.00157795
0.00232815
-0.011314
-0.00093585
0.00210281
-0.00791215
-0.000406755
0.00167778
-0.00459545
-9.2824e-05
0.00101417
-0.00159247
-0.000126925
-0.00141376
-0.0181624
-0.00446597
-0.00147214
-0.0147612
-0.00354635
-0.00148336
-0.0112987
-0.00263811
-0.00142077
-0.00774323
-0.00181523
-0.0013528
-0.00440503
-0.0010293
-0.000843322
-0.00187102
-0.000422763
-0.000482464
-0.0193299
-0.00428244
0.000382038
-0.00052602
6.68671e-05
0.00192559
-0.0203977
-0.00321028
-0.000725233
-0.000518056
-0.000375331
-0.00190738
-0.0203996
-0.00534887
1.76397e-05
6.69091e-05
-4.06295e-05
-0.000209793
-6.86639e-05
3.73024e-05
0.000203981
-5.614e-05
5.9998e-05
0.0005099
-0.0214657
-0.00428452
0.000483785
-0.00063664
-0.000206655
-0.000452388
-0.000786267
-0.00010354
2.57517e-05
9.1707e-06
-4.04095e-05
0.00143477
-0.0176911
-0.00278391
0.0014619
-0.0144401
-0.00196035
0.00150787
-0.011183
-0.00122328
0.00151546
-0.00789078
-0.000563073
0.00128854
-0.0048291
-0.000110645
0.000982708
-0.00224643
9.26619e-05
-0.0023972
-0.0177007
-0.00491725
-0.00238444
-0.0144515
-0.00400751
-0.00234368
-0.011191
-0.00311036
-0.00222991
-0.00793118
-0.00230995
-0.00195578
-0.00477778
-0.00151123
-0.00149255
-0.00219238
-0.000887218
0.00242333
-0.0198263
-0.00278324
0.00242094
-0.0165151
-0.00196053
0.0023778
-0.0130861
-0.00123464
0.00224992
-0.00955576
-0.00062135
0.00191517
-0.00621163
-0.000212501
0.00138563
-0.00307997
-6.72327e-05
-0.00140373
-0.0198187
-0.00491715
-0.00144314
-0.0164749
-0.00400591
-0.00150433
-0.0130203
-0.00309536
-0.00145879
-0.00955187
-0.00222807
-0.00140388
-0.0060449
-0.00140668
-0.00122404
-0.00291965
-0.000705773
0.00193171
-0.0171251
-0.00236465
0.00193652
-0.0138159
-0.00156767
0.00191479
-0.0104463
-0.000901404
0.00172535
-0.00717856
-0.000334733
0.00139643
-0.00405175
4.16157e-06
0.000928283
-0.00143285
7.41333e-05
-0.00190588
-0.0171276
-0.00446251
-0.00190613
-0.0138144
-0.0035397
-0.00185906
-0.0104452
-0.00266231
-0.00173158
-0.00702944
-0.00182188
-0.00146789
-0.0039809
-0.00106011
-0.000924717
-0.00158649
-0.000537944
0.000502122
-0.0181721
-0.0034187
0.000463056
-0.0147872
-0.00256715
0.0003951
-0.0112838
-0.00178332
0.000357764
-0.00780912
-0.00112238
0.000154773
-0.00445172
-0.000560845
-3.93267e-05
-0.00161156
-0.000241818
-0.000470717
-0.0160718
-0.00342044
-0.000434675
-0.0128299
-0.00257561
-0.000385412
-0.00953787
-0.00178586
-0.000328505
-0.00623996
-0.00109366
-0.000295571
-0.00336572
-0.00056159
-0.000202568
-0.00108135
-0.000192721
-0.000115499
-0.00040701
-4.02106e-05
7.18962e-05
-0.00054697
-5.61907e-05
1.18398e-05
-0.0203987
-0.00428314
-0.000599044
-0.000629571
-0.000175391
-8.39435e-06
4.10114e-05
1.31812e-05
0.000528581
-0.000604715
-1.12003e-05
0.00192728
-0.01876
-0.00278515
0.00193551
-0.0154821
-0.00195659
0.00193574
-0.0121456
-0.00121917
0.00187686
-0.00873406
-0.000583752
0.0015613
-0.00555098
-0.000125791
0.001188
-0.00268588
6.37896e-05
-0.00190697
-0.0187659
-0.00491568
-0.00190853
-0.0154743
-0.00399708
-0.00189367
-0.0121334
-0.00309001
-0.00180343
-0.00873194
-0.00224438
-0.00162089
-0.00546901
-0.00142742
-0.00125075
-0.00264575
-0.000755135
0.000507016
-0.0198238
-0.0038515
0.000490793
-0.0165034
-0.00299082
0.000433269
-0.0130506
-0.00216488
0.000391624
-0.00953044
-0.00142509
0.000256829
-0.00609472
-0.000804341
3.36165e-05
-0.00291459
-0.000380483
-0.000477695
-0.0176985
-0.00385266
-0.00045945
-0.0144463
-0.00299097
-0.000414898
-0.0111826
-0.00217072
-0.000350963
-0.00790291
-0.00145019
-0.00032588
-0.00474876
-0.000811306
-0.000258558
-0.00212929
-0.000355355
0.000535901
-0.00100742
-4.78391e-05
0.00168805
-0.0100098
-0.000945068
