0.00156652
-0.0205803
-0.00310695
-0.0025134
-0.0205898
-0.00528834
-0.000186832
-0.00010069
-5.72741e-05
9.17758e-05
2.75867e-05
2.74947e-05
0.00254759
-0.0227618
-0.00311008
-0.00152568
-0.0227589
-0.00529153
-8.1863e-05
-1.54842e-06
3.06396e-05
0.000143526
-8.59518e-05
-4.19704e-05
0.00158007
-0.017104
-0.00227307
0.00161883
-0.0136428
-0.00149444
0.00164768
-0.0101343
-0.000835468
0.0015191
-0.00674316
-0.000230223
0.00125083
-0.00368094
6.03137e-05
0.000782421
-0.00131595
0.000149329
-0.00250909
-0.0171146
-0.00441626
-0.00248499
-0.0136545
-0.003512
-0.002404
-0.0101722
-0.00265983
-0.0022138
-0.00662644
-0.00187816
-0.00183999
-0.00362387
-0.00116037
-0.00118048
-0.00128789
-0.000693945
0.00254811
-0.0192602
-0.00227315
0.0025317
-0.0156778
-0.00149732
0.00244463
-0.0119556
-0.000869114
0.00220477
-0.00834876
-0.000359119
0.00175501
-0.00483894
-6.48656e-05
0.00105996
-0.00167148
-0.000124876
-0.00154076
-0.0192424
-0.00441463
-0.00160012
-0.0156224
-0.00350361
-0.00160706
-0.0119423
-0.00260412
-0.00153529
-0.00817006
-0.0017894
-0.00145461
-0.00464302
-0.00101427
-0.000906456
-0.00197117
-0.000420806
-0.000472489
-0.0205845
-0.00420152
0.000413772
-0.000562853
7.30527e-05
0.00205485
-0.0216729
-0.00310885
-0.000760221
-0.000550729
-0.000384141
-0.002028
-0.0216747
-0.00528842
2.27359e-05
7.07001e-05
-4.25266e-05
-0.000222104
-7.33416e-05
3.95814e-05
0.000215385
-5.96533e-05
6.18417e-05
0.000508661
-0.0227613
-0.00420361
0.000506513
-0.000666645
-0.000214588
-0.000486447
-0.000828856
-9.74747e-05
2.4747e-05
1.05131e-05
-4.15895e-05
0.00156984
-0.0188385
-0.00268719
0.00159686
-0.0153723
-0.00187351
0.00164095
-0.0118985
-0.0011475
0.00164325
-0.00839068
-0.00049943
0.00139355
-0.00513809
-6.4836e-05
0.00106075
-0.00239387
0.000116843
-0.0025124
-0.0188481
-0.0048615
-0.00249972
-0.0153831
-0.00396066
-0.00245746
-0.0119056
-0.0030733
-0.00233634
-0.00843389
-0.00228565
-0.00204694
-0.00508145
-0.00149691
-0.00156238
-0.00233406
-0.000887857
0.00254702
-0.0210147
-0.00268665
0.00254401
-0.0174871
-0.00187416
0.00249776
-0.0138389
-0.00116061
0.0023615
-0.01009
-0.000562308
0.00200461
-0.00654694
-0.000173565
0.00144879
-0.00323945
-5.21413e-05
-0.00153034
-0.0210069
-0.00486141
-0.00157062
-0.0174459
-0.00395885
-0.00163218
-0.0137711
-0.00305712
-0.00157825
-0.010088
-0.00219853
-0.0015132
-0.00637503
-0.00138634
-0.00131334
-0.00307589
-0.000696649
0.00206079
-0.0181855
-0.00227286
0.00206436
-0.0146595
-0.0014864
0.00203797
-0.0110715
-0.000832902
0.001833
-0.00760208
-0.000281627
0.00148056
-0.0042858
3.6937e-05
0.000984091
-0.00151382
8.47292e-05
-0.00202649
-0.0181876
-0.0044111
-0.00202623
-0.014657
-0.00349705
-0.00197432
-0.0110717
-0.00263067
-0.00183572
-0.00744148
-0.00179743
-0.00155552
-0.00421083
-0.00104809
-0.00098046
-0.00167642
-0.000542147
0.000500634
-0.0192524
-0.00334721
0.000460403
-0.015649
-0.00250542
0.000390456
-0.0119246
-0.00173257
0.000352587
-0.00823881
-0.00108624
0.000142482
-0.00468926
-0.000538982
-5.53828e-05
-0.00169353
-0.000235754
-0.000460848
-0.0171116
-0.00334893
-0.000425154
-0.013653
-0.00251384
-0.000376073
-0.0101443
-0.00173443
-0.000318172
-0.00663586
-0.00105578
-0.000289697
-0.00358194
-0.000539244
-0.000199107
-0.00115404
-0.000185586
-0.000112393
-0.000434182
-3.7204e-05
6.89798e-05
-0.000572653
-5.17978e-05
1.62382e-05
-0.0216739
-0.00420227
-0.000635779
-0.000665047
-0.000175461
-8.68678e-06
4.40424e-05
1.31228e-05
0.000560769
-0.000637006
-1.15205e-05
0.00205648
-0.019928
-0.00268851
0.0020642
-0.0164344
-0.00186988
0.00206173
-0.0128801
-0.00114396
0.00199624
-0.00925174
-0.000522257
0.00165661
-0.00587462
-8.20688e-05
0.00125912
-0.00283967
8.50462e-05
-0.00202759
-0.0199337
-0.0048599
-0.00202896
-0.0164259
-0.00394994
-0.00201249
-0.012867
-0.00305223
-0.00191317
-0.0092507
-0.00221627
-0.00171794
-0.00578734
-0.00140952
-0.00132569
-0.00279708
-0.000750228
0.000505768
-0.0210121
-0.00377532
0.000488803
-0.0174748
-0.00292413
0.000429588
-0.0138018
-0.00210855
0.000387965
-0.0100643
-0.00137999
0.000247589
-0.00642501
-0.000774346
1.77362e-05
-0.00306718
-0.000367416
-0.000467767
-0.0188459
-0.00377648
-0.00044971
-0.0153781
-0.0029242
-0.000405607
-0.011897
-0.00211413
-0.00034097
-0.00840377
-0.00140652
-0.000318429
-0.00505128
-0.000781071
-0.000254221
-0.00226825
-0.000340747
0.000560087
-0.00105938
-4.43801e-05
0.00177481
-0.0105832
-0.000885615
