0.00170583
-0.0218438
-0.00300775
-0.00263069
-0.0218531
-0.0052184
-0.000195678
-0.000105634
-5.99967e-05
9.79354e-05
2.83629e-05
2.98788e-05
0.00267374
-0.0240544
-0.003011
-0.00165603
-0.0240515
-0.0052215
-8.73438e-05
-1.84767e-06
3.3475e-05
0.000149405
-8.90697e-05
-4.46926e-05
0.00171917
-0.018147
-0.00218492
0.00175635
-0.0144635
-0.00141741
0.0017793
-0.0107326
-0.00076991
0.00163533
-0.00713879
-0.00017734
0.00134185
-0.0038973
9.20666e-05
0.000838538
-0.00139634
0.000162773
-0.00262659
-0.018157
-0.00435709
-0.00260187
-0.0144739
-0.00346377
-0.00251543
-0.0107735
-0.00262525
-0.0023124
-0.00701136
-0.00185424
-0.00192014
-0.00383509
-0.00115084
-0.00123173
-0.00136424
-0.00070265
0.00267405
-0.020332
-0.00218534
0.00265546
-0.0165264
-0.00142151
0.00256194
-0.0125794
-0.000807285
0.00230595
-0.00876888
-0.000316444
0.00183022
-0.00506951
-4.0649e-05
0.00110432
-0.00174437
-0.0001244
-0.00167162
-0.0203136
-0.00435533
-0.00173122
-0.0164696
-0.0034546
-0.00173213
-0.0125689
-0.00256534
-0.00164936
-0.00857967
-0.00175967
-0.00155454
-0.00486881
-0.000996986
-0.000967649
-0.00206486
-0.000417758
-0.000461431
-0.0218479
-0.00411696
0.000444331
-0.000598205
7.82926e-05
0.00218745
-0.022951
-0.00300979
-0.000793942
-0.000582263
-0.00039206
-0.0021515
-0.0229528
-0.00521842
2.76657e-05
7.43007e-05
-4.44434e-05
-0.000233997
-7.78557e-05
4.19333e-05
0.00022634
-6.29241e-05
6.3508e-05
0.000506741
-0.0240539
-0.00411904
0.000528598
-0.000693828
-0.000223022
-0.000519182
-0.000868162
-9.097e-05
2.3821e-05
1.19727e-05
-4.27608e-05
0.00170911
-0.019992
-0.00259355
0.00173546
-0.0163043
-0.00179087
0.00177632
-0.0126082
-0.00107633
0.00177197
-0.0088812
-0.000440321
0.00149726
-0.00543879
-2.29841e-05
0.00113673
-0.0025363
0.000138166
-0.00262978
-0.0200013
-0.00479698
-0.00261716
-0.0163143
-0.00390689
-0.00257286
-0.0126142
-0.00303107
-0.00244287
-0.00892783
-0.00225766
-0.00213661
-0.00537686
-0.00147988
-0.00163029
-0.00247108
-0.000886805
0.00267318
-0.0221973
-0.0025932
0.00266925
-0.0184476
-0.00179221
0.00261914
-0.0145754
-0.00109163
0.00247323
-0.0106062
-0.00050833
0.00209229
-0.00686686
-0.000139019
0.00151006
-0.00338917
-3.99064e-05
-0.00166087
-0.0221892
-0.00479688
-0.00170161
-0.0184054
-0.00390469
-0.00176255
-0.0145057
-0.00301336
-0.00169804
-0.0106065
-0.00216462
-0.00162132
-0.00669025
-0.00136302
-0.00140038
-0.003223
-0.000685824
0.00219301
-0.019243
-0.00218483
0.0021947
-0.0154945
-0.00140983
0.00216239
-0.0116839
-0.000769188
0.00194023
-0.00801312
-0.000233021
0.0015629
-0.00450995
6.59772e-05
0.00103825
-0.00159013
9.32637e-05
-0.0021499
-0.0192445
-0.00435179
-0.00214869
-0.0154906
-0.00344829
-0.00209064
-0.0116859
-0.00259468
-0.00193918
-0.00784002
-0.00176933
-0.00164156
-0.00443108
-0.001034
-0.00103454
-0.00176184
-0.000545215
0.000498456
-0.0203239
-0.0032736
0.000457093
-0.0164967
-0.0024429
0.000385359
-0.0125477
-0.00168187
0.000347038
-0.00865145
-0.0010507
0.000130052
-0.00491419
-0.000517839
-7.09652e-05
-0.00176938
-0.000229988
-0.000450104
-0.0181542
-0.00327532
-0.000415187
-0.0144725
-0.00245128
-0.000366523
-0.0107427
-0.00168291
-0.000307381
-0.00702226
-0.00101854
-0.000283754
-0.00379135
-0.00051766
-0.000195685
-0.0012241
-0.000178917
-0.000109382
-0.000460302
-3.45174e-05
6.62577e-05
-0.000595588
-4.77705e-05
2.08714e-05
-0.0229519
-0.00411777
-0.000671304
-0.000698517
-0.000174953
-8.85492e-06
4.7118e-05
1.31123e-05
0.000591955
-0.000666933
-1.27632e-05
0.00218898
-0.021096
-0.00259495
0.00219579
-0.0173808
-0.00178749
0.00218959
-0.0136036
-0.00107358
0.00211628
-0.00975575
-0.00046552
0.00175056
-0.00618652
-4.25505e-05
0.00132837
-0.00298603
0.000103285
-0.00215108
-0.0211014
-0.00479535
-0.00215197
-0.0173714
-0.00389583
-0.00213322
-0.0135894
-0.00300919
-0.00202295
-0.00975627
-0.00218402
-0.00181377
-0.00609386
-0.00138889
-0.00139889
-0.00294125
-0.000743748
0.000503873
-0.0221946
-0.0036963
0.00048607
-0.0184345
-0.00285604
0.000425291
-0.0145368
-0.00205192
0.000384116
-0.0105803
-0.00133504
0.000237948
-0.00674001
-0.000745038
2.05584e-06
-0.00321036
-0.000354936
-0.000456849
-0.0199992
-0.00369744
-0.000439256
-0.0163095
-0.00285602
-0.00039602
-0.0126053
-0.0020572
-0.000330678
-0.00889557
-0.00136324
-0.000310817
-0.00534531
-0.000751562
-0.000249876
-0.00240242
-0.000326812
0.000583595
-0.00110731
-4.2031e-05
0.00186199
-0.0111401
-0.000829806
