0.00214891
-0.0256828
-0.00272323
-0.00299549
-0.0256912
-0.00495173
-0.000220279
-0.00011941
-6.71445e-05
0.000114833
3.05288e-05
3.6265e-05
0.00306633
-0.0279107
-0.00272688
-0.00207121
-0.0279083
-0.00495414
-0.000102314
-2.26118e-06
4.14631e-05
0.000165434
-9.6968e-05
-5.27369e-05
0.00216009
-0.0212894
-0.00194216
0.00218698
-0.0169022
-0.00121313
0.00218165
-0.0124747
-0.000599264
0.00198164
-0.00826993
-4.3361e-05
0.00160304
-0.00450321
0.000166027
0.000995417
-0.00161821
0.000191017
-0.00299234
-0.0212964
-0.00413289
-0.00296442
-0.0169064
-0.00328376
-0.00285501
-0.0125291
-0.00249738
-0.00260341
-0.00810567
-0.00176309
-0.00214945
-0.00442718
-0.00111032
-0.00137487
-0.00157662
-0.000721116
0.00306542
-0.0234917
-0.00194423
0.00303686
-0.0189843
-0.00122277
0.00291814
-0.0143412
-0.000651202
0.00260408
-0.00992816
-0.000218284
0.00204328
-0.00568239
9.50039e-06
0.00122855
-0.0019258
-0.000132376
-0.00208777
-0.0234712
-0.00413024
-0.0021436
-0.0189238
-0.00327071
-0.00211563
-0.014344
-0.00242129
-0.00198877
-0.00970313
-0.00164797
-0.00184274
-0.00547167
-0.000932229
-0.00113926
-0.00230669
-0.000402368
-0.000422031
-0.0256866
-0.00384112
0.000528671
-0.000694877
8.83379e-05
0.00260479
-0.0267988
-0.00272577
-0.000887347
-0.00066964
-0.000410618
-0.00253951
-0.0268002
-0.00495137
4.14173e-05
8.39644e-05
-5.03043e-05
-0.000267094
-9.03804e-05
4.93911e-05
0.000256423
-7.12497e-05
6.74462e-05
0.000496326
-0.0279102
-0.00384302
0.000590792
-0.000758264
-0.000251244
-0.000609238
-0.000966151
-6.89876e-05
2.15111e-05
1.70391e-05
-4.62113e-05
0.00215168
-0.0234841
-0.00233027
0.00217265
-0.0190953
-0.00156774
0.00219571
-0.0146982
-0.000890329
0.00216305
-0.0102932
-0.000290233
0.00179982
-0.00628866
7.87101e-05
0.00135176
-0.00293205
0.000184934
-0.00299502
-0.0234916
-0.00455127
-0.00298251
-0.0191009
-0.00370477
-0.00292883
-0.0147
-0.00287434
-0.002763
-0.0103537
-0.00215255
-0.00239656
-0.00621109
-0.00141348
-0.00182223
-0.00285279
-0.000874016
0.00306582
-0.0257067
-0.00233088
0.00305726
-0.0212557
-0.00157232
0.00299111
-0.0166847
-0.000914785
0.00280862
-0.0120447
-0.000376806
0.00234426
-0.00773245
-6.18128e-05
0.00168212
-0.00377878
-2.03316e-05
-0.00207652
-0.0256977
-0.00455093
-0.00211603
-0.0212117
-0.00370027
-0.00216896
-0.0166104
-0.00284982
-0.0020594
-0.0120548
-0.0020377
-0.00193808
-0.00754463
-0.00127596
-0.00164754
-0.00360865
-0.000643649
0.00260797
-0.0223944
-0.00194261
0.00260027
-0.0179446
-0.00120808
0.00254254
-0.0134405
-0.000606742
0.0022588
-0.00916876
-0.000114315
0.00179858
-0.00512139
0.000130603
0.00119037
-0.00179041
0.000106505
-0.00253725
-0.0223929
-0.00412697
-0.00253037
-0.0179349
-0.00326625
-0.002446
-0.0134516
-0.00246168
-0.00224534
-0.00895207
-0.001664
-0.00188989
-0.00503214
-0.000979998
-0.00118659
-0.00199033
-0.000547916
0.00048723
-0.0234823
-0.00304006
0.000442729
-0.0189518
-0.00225076
0.000366941
-0.014308
-0.00153053
0.00032791
-0.00978488
-0.000948117
9.18097e-05
-0.00551185
-0.000459085
-0.000114868
-0.00195973
-0.000214643
-0.000412896
-0.0212946
-0.0030418
-0.000382913
-0.0169053
-0.00225907
-0.000336907
-0.0124855
-0.00152834
-0.000272568
-0.00812147
-0.000911134
-0.000265749
-0.0043768
-0.000457895
-0.000185784
-0.00141758
-0.000161922
-0.000100973
-0.000531948
-2.84717e-05
5.9235e-05
-0.000647755
-3.79499e-05
3.57616e-05
-0.0267996
-0.00384221
-0.000770416
-0.000786578
-0.000170122
-8.63235e-06
5.65946e-05
1.33533e-05
0.000679231
-0.000742234
-2.19725e-05
0.00260562
-0.0245972
-0.00233197
0.00260733
-0.0201808
-0.00156573
0.00258382
-0.0157045
-0.000891297
0.00247979
-0.0111829
-0.000323914
0.00202358
-0.00704967
5.06669e-05
0.00152441
-0.00337933
0.000139862
-0.00253902
-0.0246005
-0.00454947
-0.0025368
-0.0201679
-0.00369233
-0.00250694
-0.015687
-0.00284944
-0.00235245
-0.0111909
-0.00206345
-0.00209383
-0.00694052
-0.0013115
-0.00160773
-0.00332964
-0.000715397
0.000493746
-0.0257036
-0.00344187
0.00047287
-0.0212398
-0.00264339
0.000408235
-0.0166409
-0.00188068
0.000371086
-0.0120186
-0.0012016
0.000206419
-0.00759143
-0.000661694
-4.38336e-05
-0.00358258
-0.000321284
-0.000418433
-0.0234902
-0.003443
-0.000403878
-0.0190975
-0.00264309
-0.000365797
-0.0146894
-0.00188483
-0.000298295
-0.0103131
-0.00123621
-0.000287293
-0.00617394
-0.000667882
-0.000236972
-0.00277486
-0.000289354
0.000649826
-0.00122644
-4.1651e-05
0.00212547
-0.0127095
-0.000684378
