0.00262674
-0.0295781
-0.00245494
-0.00337861
-0.0295844
-0.004603
-0.00024197
-0.000131586
-7.28247e-05
0.00012934
3.24748e-05
4.15014e-05
0.00347701
-0.0317247
-0.00245899
-0.00252158
-0.0317231
-0.0046041
-0.000115082
-1.98859e-06
4.86628e-05
0.000179035
-0.000102724
-6.05393e-05
0.00263354
-0.0244391
-0.00172876
0.00264208
-0.0192966
-0.00104642
0.00259315
-0.0141321
-0.000465738
0.00232281
-0.00931422
5.50265e-05
0.00184556
-0.0050427
0.000209231
0.00113473
-0.00181032
0.00020185
-0.00337681
-0.0244407
-0.00384201
-0.00334374
-0.0192915
-0.00305413
-0.00320172
-0.014206
-0.00233644
-0.00288696
-0.00910641
-0.0016457
-0.00236215
-0.00495529
-0.00105385
-0.00150219
-0.00176318
-0.000729097
0.00347406
-0.0265611
-0.00173337
0.00343067
-0.0213069
-0.00106425
0.00327844
-0.0159383
-0.000537088
0.0028927
-0.0109368
-0.000163089
0.00223679
-0.00617872
2.72999e-05
0.00133914
-0.00205266
-0.00015371
-0.00253825
-0.0265383
-0.00383771
-0.00258366
-0.021244
-0.00303496
-0.00251094
-0.0159618
-0.00223896
-0.00232357
-0.0106699
-0.00150541
-0.00211338
-0.00596434
-0.000850123
-0.00129297
-0.00249087
-0.000378524
-0.000374236
-0.0295811
-0.00353196
0.000601836
-0.000777031
9.02265e-05
0.0030484
-0.0306535
-0.00245812
-0.000969192
-0.000745796
-0.000421937
-0.0029528
-0.0306543
-0.00460199
5.35933e-05
9.19929e-05
-5.63014e-05
-0.000296298
-0.000101366
5.73504e-05
0.000282305
-7.73705e-05
6.98611e-05
0.000477881
-0.031724
-0.00353345
0.000646666
-0.000797707
-0.000283442
-0.000687152
-0.00103499
-4.37749e-05
1.98554e-05
2.30592e-05
-4.9539e-05
0.00262846
-0.027009
-0.00209013
0.00263915
-0.0218676
-0.00137885
0.0026326
-0.0167221
-0.000743249
0.00255947
-0.0116117
-0.000179242
0.00208836
-0.00705787
0.000145933
0.00154679
-0.0032793
0.000206899
-0.00337879
-0.027013
-0.00423063
-0.00336624
-0.0218663
-0.00344478
-0.00329846
-0.0167184
-0.00267586
-0.00308341
-0.0116911
-0.00201879
-0.00264288
-0.00696514
-0.00132653
-0.00199666
-0.00318935
-0.000848312
0.0034766
-0.0291505
-0.00209225
0.00346076
-0.0239494
-0.0013884
0.00337221
-0.0186418
-0.000780616
0.00314238
-0.0133184
-0.000288856
0.00257865
-0.0084584
-2.26688e-05
0.00183607
-0.00408068
-2.52854e-05
-0.00252721
-0.0291404
-0.00422973
-0.00256164
-0.0239046
-0.00343632
-0.00259745
-0.0185643
-0.00264131
-0.00242326
-0.0133424
-0.00187613
-0.00224323
-0.0082637
-0.0011657
-0.00187374
-0.00391225
-0.000588436
0.00304743
-0.0255042
-0.00173003
0.00302491
-0.0203059
-0.00104555
0.00293073
-0.0150732
-0.000485267
0.00257112
-0.010207
-3.46786e-05
0.00201648
-0.00564132
0.000162794
0.00132664
-0.00194797
0.000102022
-0.00294923
-0.025498
-0.00383521
-0.00293255
-0.0202879
-0.00303394
-0.0028103
-0.0150987
-0.00229431
-0.00254495
-0.00993816
-0.00153011
-0.00212346
-0.00554382
-0.000910354
-0.0013234
-0.00217736
-0.000541791
0.000467944
-0.02655
-0.00278753
0.000420818
-0.0212717
-0.00205214
0.000343061
-0.0159046
-0.00138087
0.000304588
-0.0107628
-0.000852211
5.19026e-05
-0.00599558
-0.000407665
-0.000154696
-0.00209559
-0.000202364
-0.0003691
-0.0244406
-0.00278934
-0.000347837
-0.0192904
-0.00206041
-0.000306501
-0.0141443
-0.00137438
-0.000234862
-0.00912774
-0.000810817
-0.000247956
-0.0048965
-0.000406017
-0.000176639
-0.00158524
-0.00014963
-9.35774e-05
-0.000593136
-2.54957e-05
5.37876e-05
-0.000675718
-3.14892e-05
5.11258e-05
-0.0306539
-0.00353344
-0.00085836
-0.000856218
-0.00016085
-7.40726e-06
6.63848e-05
1.39535e-05
0.000756861
-0.000796115
-3.89306e-05
0.003048
-0.0280819
-0.00209219
0.00304121
-0.0229143
-0.00137911
0.00299151
-0.0176963
-0.000749897
0.00284635
-0.0124811
-0.000223377
0.00228227
-0.00780359
0.000107321
0.00170236
-0.00370418
0.000150343
-0.00295215
-0.0280816
-0.00422857
-0.0029443
-0.0228966
-0.00343048
-0.00289708
-0.0176753
-0.00264706
-0.00268181
-0.0125007
-0.00191034
-0.0023626
-0.00767762
-0.00121326
-0.00180044
-0.00365216
-0.00067516
0.000475907
-0.0291468
-0.00316141
0.00045121
-0.0239297
-0.00241841
0.000384113
-0.0185921
-0.00170782
0.000355094
-0.0132934
-0.00107094
0.000170693
-0.00830413
-0.000585684
-8.81968e-05
-0.00387034
-0.000293503
-0.000372435
-0.0270128
-0.00316252
-0.000363298
-0.0218646
-0.00241784
-0.000334082
-0.0167049
-0.00171056
-0.000264349
-0.0116396
-0.0011141
-0.000263332
-0.00692023
-0.000591997
-0.000224613
-0.00310103
-0.000258707
0.000709366
-0.00130936
-5.08298e-05
0.00239008
-0.0141261
-0.000570635
