0.00296128
-0.0321908
-0.00228211
-0.00364252
-0.0321952
-0.00432878
-0.000254886
-0.000138844
-7.58744e-05
0.000137735
3.36679e-05
4.43861e-05
0.00375787
-0.0342352
-0.00228646
-0.00283938
-0.0342344
-0.00432869
-0.000122439
-1.47313e-06
5.30406e-05
0.000186802
-0.000105454
-6.55729e-05
0.00296407
-0.026532
-0.00159967
0.00295631
-0.020862
-0.000953186
0.00287065
-0.0151878
-0.000394907
0.00254631
-0.00996212
0.000102852
0.00199674
-0.00536617
0.000222642
0.00121807
-0.00192219
0.000200372
-0.00364181
-0.026529
-0.0036146
-0.00360431
-0.020849
-0.00287662
-0.00343576
-0.0152777
-0.00221338
-0.00307164
-0.00972202
-0.00155517
-0.00249507
-0.00527252
-0.0010089
-0.00157874
-0.00187344
-0.000729439
0.00375316
-0.028553
-0.00160641
0.00369749
-0.0227803
-0.000977789
0.00351892
-0.016915
-0.000481582
0.00307888
-0.0115298
-0.00014762
0.00235491
-0.0064491
2.30978e-05
0.00140539
-0.00210927
-0.000174453
-0.00285565
-0.0285286
-0.0036088
-0.00289066
-0.0227164
-0.00285222
-0.00278001
-0.0169561
-0.00209901
-0.00254391
-0.0112322
-0.00139576
-0.00228434
-0.00623554
-0.000787368
-0.001386
-0.00258402
-0.000358696
-0.000338549
-0.032193
-0.00330779
0.000644607
-0.000823887
8.74192e-05
0.00335559
-0.0332152
-0.00228579
-0.00101767
-0.000790419
-0.000425988
-0.00324061
-0.0332154
-0.00432719
6.08699e-05
9.65221e-05
-6.03489e-05
-0.000313694
-0.000107869
6.28524e-05
0.000297316
-8.03055e-05
7.07069e-05
0.000460612
-0.0342344
-0.00330891
0.000680402
-0.000811265
-0.000306711
-0.000732734
-0.00106599
-2.55455e-05
1.90603e-05
2.75216e-05
-5.167e-05
0.00296203
-0.0293639
-0.00193981
0.00296344
-0.0236967
-0.00126887
0.0029312
-0.0180305
-0.000664046
0.00282496
-0.012438
-0.000124603
0.00227242
-0.00752644
0.000173501
0.00166584
-0.00348444
0.000209146
-0.00364326
-0.0293647
-0.00397898
-0.00363057
-0.0236895
-0.00324267
-0.00355101
-0.0180225
-0.00252328
-0.0032965
-0.0125328
-0.00191615
-0.00279969
-0.00742395
-0.0012591
-0.00210365
-0.00338917
-0.00082522
0.00375755
-0.0314034
-0.00194321
0.00373554
-0.0256797
-0.00128255
0.00362898
-0.0198638
-0.000711858
0.00336245
-0.0140804
-0.000251727
0.00272483
-0.00886944
-1.55057e-05
0.00192875
-0.00423664
-4.07052e-05
-0.00284515
-0.0313925
-0.00397753
-0.00287419
-0.0256349
-0.00323071
-0.00289386
-0.0197851
-0.00248039
-0.00266662
-0.0141158
-0.00175192
-0.00244021
-0.0086724
-0.00108135
-0.0020134
-0.00407226
-0.000545621
0.00335097
-0.0275469
-0.00160162
0.00331589
-0.0218275
-0.000955931
0.00319197
-0.0160934
-0.000424386
0.00277482
-0.010836
-1.04398e-06
0.00215174
-0.00593958
0.000168063
0.00140884
-0.00203067
9.02445e-05
-0.00323582
-0.0275366
-0.00360709
-0.00321049
-0.021803
-0.00285432
-0.00305714
-0.0161313
-0.0021663
-0.00274087
-0.0105283
-0.00142744
-0.0022712
-0.00583775
-0.000856785
-0.00140655
-0.0022803
-0.000533574
0.000450123
-0.0285405
-0.00260885
0.000401604
-0.0227433
-0.00191622
0.000323722
-0.0168815
-0.0012821
0.00028648
-0.0113331
-0.000791964
2.42479e-05
-0.00625891
-0.000377339
-0.000179234
-0.00215825
-0.000195827
-0.00033698
-0.0265301
-0.00261073
-0.000323436
-0.0208477
-0.00192447
-0.000286207
-0.0152013
-0.00127224
-0.000208673
-0.00974734
-0.000747871
-0.000236476
-0.00520721
-0.000375733
-0.000171053
-0.00168292
-0.000143985
-8.92133e-05
-0.000628188
-2.51432e-05
5.08816e-05
-0.000682096
-2.89083e-05
6.09373e-05
-0.0332153
-0.00330961
-0.000911084
-0.000893009
-0.000152632
-6.12037e-06
7.3031e-05
1.45105e-05
0.000803357
-0.000820948
-5.40022e-05
0.0033541
-0.0303862
-0.00194213
0.00333995
-0.0246944
-0.00127107
0.00326841
-0.0189624
-0.000675452
0.00309072
-0.0132767
-0.000176684
0.00244629
-0.00824807
0.000126831
0.001811
-0.00388475
0.000144339
-0.00323981
-0.0303827
-0.00397667
-0.00322689
-0.0246729
-0.00322688
-0.00316491
-0.018939
-0.00249144
-0.00290079
-0.0133061
-0.00179284
-0.00253555
-0.00811087
-0.00113815
-0.00192028
-0.00383257
-0.000642909
0.000459207
-0.0313992
-0.00296031
0.000431636
-0.0256568
-0.00226169
0.000363731
-0.0198099
-0.00159175
0.000342344
-0.0140567
-0.000985531
0.000144445
-0.00870686
-0.000539023
-0.000117111
-0.00401859
-0.000278117
-0.000338354
-0.0293656
-0.00296141
-0.00033401
-0.0236894
-0.00226099
-0.000312574
-0.0180065
-0.00159342
-0.000241317
-0.0124726
-0.00103547
-0.000247474
-0.00737277
-0.000545704
-0.000216852
-0.00329336
-0.000241968
0.000745324
-0.00134603
-6.16731e-05
0.00256564
-0.0149888
-0.000510489
