0.00313231
-0.0334975
-0.00219669
-0.00377645
-0.0335007
-0.00418038
-0.000260911
-0.000142229
-7.72033e-05
0.000141577
3.42375e-05
4.56608e-05
0.00389955
-0.0354784
-0.00220119
-0.00300281
-0.035478
-0.00417963
-0.000125798
-1.13032e-06
5.51113e-05
0.00019032
-0.000106518
-6.80327e-05
0.00313281
-0.0275733
-0.00153816
0.00311584
-0.0216339
-0.000911009
0.00300981
-0.0157008
-0.000364151
0.00265662
-0.010272
0.000122114
0.00206926
-0.00551758
0.000225303
0.00125704
-0.00197351
0.000197347
-0.00377632
-0.0275677
-0.00349195
-0.00373634
-0.0216166
-0.00278145
-0.00355328
-0.0157994
-0.00214782
-0.0031626
-0.010015
-0.00150684
-0.002559
-0.0054212
-0.000984643
-0.00161469
-0.00192455
-0.000728345
0.00389386
-0.0295317
-0.00154607
0.00383144
-0.0234948
-0.000939334
0.00363869
-0.0173784
-0.0004591
0.0031699
-0.0118043
-0.00014543
0.00241079
-0.00656772
1.68112e-05
0.00143636
-0.00213003
-0.00018649
-0.00301875
-0.0295064
-0.00348528
-0.00304761
-0.0234306
-0.00275412
-0.00291585
-0.0174293
-0.00202431
-0.00265314
-0.0114905
-0.00133724
-0.00236713
-0.00635546
-0.000754015
-0.00142988
-0.00262257
-0.000347809
-0.000319791
-0.0334992
-0.00319051
0.000664304
-0.000845069
8.4949e-05
0.00351167
-0.0344901
-0.00220065
-0.00104021
-0.000810976
-0.000427114
-0.00338757
-0.03449
-0.00417847
6.42737e-05
9.85668e-05
-6.23799e-05
-0.00032181
-0.000110892
6.564e-05
0.000304191
-8.14603e-05
7.09268e-05
0.000450416
-0.0354775
-0.00319142
0.000696247
-0.000814627
-0.000318767
-0.000753773
-0.00107749
-1.61019e-05
1.87381e-05
2.98632e-05
-5.27048e-05
0.00313252
-0.0305391
-0.00186671
0.00312865
-0.0246034
-0.00121772
0.003082
-0.0186716
-0.00062921
0.00295759
-0.0128357
-0.000102303
0.00236191
-0.00774802
0.000182757
0.0017222
-0.00357951
0.000207014
-0.00377749
-0.0305381
-0.00384296
-0.0037647
-0.0245928
-0.00313398
-0.00367863
-0.0186613
-0.00244173
-0.00340266
-0.0129387
-0.00186144
-0.00287593
-0.00764077
-0.00122304
-0.00215453
-0.00348211
-0.000812203
0.00389928
-0.0325152
-0.00187081
0.00387386
-0.0265249
-0.00123369
0.00375752
-0.020451
-0.000682715
0.00347134
-0.014437
-0.000238719
0.00279489
-0.00905486
-1.68599e-05
0.00197221
-0.00430229
-5.15545e-05
-0.00300861
-0.032504
-0.0038412
-0.00303441
-0.0264803
-0.00312004
-0.00304475
-0.0203719
-0.00239423
-0.00278834
-0.0144787
-0.00168562
-0.0025368
-0.00885728
-0.00103648
-0.0020801
-0.00414072
-0.00052274
0.003505
-0.028557
-0.00154048
0.00346295
-0.0225721
-0.000915782
0.00332274
-0.0165838
-0.000399104
0.00287506
-0.0111326
1.06955e-05
0.00221641
-0.00607527
0.000166455
0.00144746
-0.00206589
8.20658e-05
-0.00338207
-0.0285445
-0.00348404
-0.00335183
-0.0225439
-0.002758
-0.0031814
-0.0166285
-0.00209808
-0.00283763
-0.0108045
-0.00137273
-0.00234279
-0.00597161
-0.000828258
-0.00144587
-0.00232577
-0.00052843
0.000439658
-0.0295184
-0.00251649
0.000390565
-0.023457
-0.00184721
0.00031297
-0.0173452
-0.00123296
0.000276626
-0.0115956
-0.00076286
1.00856e-05
-0.00637439
-0.000363265
-0.00019098
-0.00218205
-0.000193012
-0.00032024
-0.0275696
-0.00251844
-0.000311058
-0.0216152
-0.00185544
-0.000276141
-0.015715
-0.0012213
-0.000195396
-0.0100423
-0.000717491
-0.000230899
-0.00535238
-0.00036179
-0.00016842
-0.00172775
-0.000141873
-8.7192e-05
-0.000644076
-2.5417e-05
4.96008e-05
-0.000682016
-2.8079e-05
6.55562e-05
-0.03449
-0.00319251
-0.000935799
-0.000908759
-0.000148028
-5.36133e-06
7.63745e-05
1.48244e-05
0.000825102
-0.000830349
-6.24988e-05
0.00350957
-0.0315299
-0.00186916
0.00349131
-0.0255705
-0.00122101
0.00340771
-0.019577
-0.000643249
0.00321244
-0.0136546
-0.000158608
0.00252571
-0.00845402
0.000131803
0.00186243
-0.00396508
0.00013794
-0.00338668
-0.0315246
-0.00384052
-0.00337087
-0.0255469
-0.00311738
-0.00330065
-0.0195525
-0.00240825
-0.00300992
-0.0136894
-0.00173019
-0.0026202
-0.00831124
-0.00109821
-0.00197776
-0.00391321
-0.000625459
0.00044934
-0.0325108
-0.00285567
0.00042026
-0.0265004
-0.00218134
0.000352205
-0.0203949
-0.00153343
0.000335254
-0.0144141
-0.0009433
0.000130591
-0.0088883
-0.000516804
-0.000131421
-0.00408087
-0.00027128
-0.000320505
-0.0305396
-0.00285676
-0.000318865
-0.0245935
-0.0021806
-0.000301814
-0.0186439
-0.00153453
-0.000229784
-0.0128738
-0.00099693
-0.000239651
-0.00758616
-0.000523757
-0.000213142
-0.0033824
-0.000234626
0.000762209
-0.00135933
-6.8318e-05
0.00265279
-0.0153971
-0.000484466
