0.00347984
-0.0361028
-0.00202635
-0.00404703
-0.0361036
-0.0038636
-0.000272165
-0.000148551
-7.95205e-05
0.000148607
3.53302e-05
4.79078e-05
0.00418375
-0.0379363
-0.00203115
-0.00333705
-0.0379369
-0.00386136
-0.000131942
-3.04806e-07
5.90362e-05
0.00019668
-0.000108108
-7.28292e-05
0.00347527
-0.0296403
-0.00141942
0.00343805
-0.0231537
-0.000833676
0.00328788
-0.0166969
-0.000310322
0.00287395
-0.0108649
0.000152757
0.00220835
-0.00580114
0.000223733
0.00132995
-0.00206763
0.000187396
-0.00404812
-0.029629
-0.00323091
-0.00400274
-0.0231271
-0.00258001
-0.00378855
-0.0168144
-0.0020099
-0.00334162
-0.0105726
-0.00140515
-0.00268208
-0.00570001
-0.000933257
-0.00168231
-0.00201926
-0.000724044
0.00417593
-0.0314529
-0.00142985
0.00409902
-0.0248809
-0.000869994
0.00387627
-0.0182589
-0.000422823
0.00334743
-0.012313
-0.000150362
0.00251641
-0.00677528
-2.81536e-06
0.00149419
-0.00215827
-0.000213305
-0.00335209
-0.0314259
-0.00322233
-0.00336703
-0.0248165
-0.00254631
-0.00318932
-0.0183312
-0.00186693
-0.00286955
-0.0119659
-0.00121412
-0.00252763
-0.0065672
-0.000684135
-0.00151287
-0.00268548
-0.000324465
-0.000280878
-0.0361035
-0.0029461
0.000700592
-0.000883273
7.81916e-05
0.00382693
-0.0370218
-0.00203088
-0.0010822
-0.000848816
-0.000427852
-0.0036862
-0.037021
-0.00386098
7.06545e-05
0.000102271
-6.64412e-05
-0.000336976
-0.000116518
7.12481e-05
0.000316785
-8.32131e-05
7.10139e-05
0.000426864
-0.0379353
-0.00294653
0.000725981
-0.000815378
-0.000343484
-0.000792693
-0.00109348
3.2682e-06
1.821e-05
3.4719e-05
-5.47052e-05
0.00347882
-0.0328778
-0.00172295
0.0034633
-0.0263967
-0.00112127
0.00338521
-0.0199267
-0.000567262
0.00322173
-0.0136012
-6.61115e-05
0.00253577
-0.00816728
0.000193567
0.001829
-0.00375575
0.000197205
-0.0040487
-0.0328728
-0.00355292
-0.00403565
-0.026379
-0.00290327
-0.0039355
-0.0199114
-0.00226964
-0.00361373
-0.0137218
-0.00174636
-0.00302423
-0.00805075
-0.00114714
-0.00225143
-0.003655
-0.000783794
0.00418358
-0.0347068
-0.00172857
0.00415079
-0.0281754
-0.00114214
0.00401362
-0.0215802
-0.000632931
0.00368612
-0.0151054
-0.000221962
0.002929
-0.00938945
-2.78893e-05
0.00205364
-0.00441167
-7.85113e-05
-0.0033429
-0.0346947
-0.00355045
-0.00336126
-0.0281315
-0.00288498
-0.00335067
-0.0215008
-0.00221216
-0.0030314
-0.0151607
-0.00154602
-0.00272627
-0.00919191
-0.000942326
-0.00220773
-0.00425711
-0.000474626
0.00381578
-0.0305513
-0.00142254
0.00375863
-0.0240278
-0.000842877
0.00358352
-0.0175266
-0.000357057
0.00307191
-0.0116926
2.56044e-05
0.00234006
-0.00632215
0.000156038
0.00152006
-0.0021253
6.1843e-05
-0.00367913
-0.030534
-0.00322214
-0.00363808
-0.0239919
-0.00255413
-0.00343084
-0.0175862
-0.00195455
-0.00302863
-0.0113219
-0.0012578
-0.00248164
-0.0062155
-0.00076843
-0.0015204
-0.0024059
-0.000516446
0.000415595
-0.0314381
-0.00232597
0.000365612
-0.0248414
-0.00170703
0.000289262
-0.0182265
-0.00113498
0.000255299
-0.0120794
-0.000706425
-1.89258e-05
-0.00657638
-0.000337032
-0.000213589
-0.00221641
-0.000188172
-0.000285761
-0.0296325
-0.00232805
-0.000286158
-0.0231254
-0.00171522
-0.000256297
-0.0167127
-0.00111956
-0.000168696
-0.0106042
-0.000658655
-0.000220124
-0.00562377
-0.000336043
-0.000163473
-0.00180997
-0.000138924
-8.34413e-05
-0.000672805
-2.67687e-05
4.72946e-05
-0.000676179
-2.72166e-05
7.39735e-05
-0.0370213
-0.0029485
-0.000982219
-0.00093551
-0.000138039
-3.66113e-06
8.30728e-05
1.55011e-05
0.000865778
-0.000843798
-8.10735e-05
0.0038235
-0.0337955
-0.00172568
0.00379627
-0.0272927
-0.00112692
0.00368666
-0.02077
-0.000586991
0.0034541
-0.0143729
-0.000131276
0.00267935
-0.00883602
0.000133636
0.0019598
-0.00410776
0.000119388
-0.00368512
-0.0337863
-0.00355018
-0.00366291
-0.0272649
-0.00288495
-0.00357473
-0.0207432
-0.00223268
-0.00322707
-0.0144197
-0.00159839
-0.00278591
-0.0086822
-0.00101449
-0.00208817
-0.00405723
-0.000588455
0.000426527
-0.0347018
-0.00263858
0.000394332
-0.0281473
-0.00201674
0.00032648
-0.0215197
-0.00141605
0.00031953
-0.0150845
-0.000859635
0.000101463
-0.00921522
-0.000474323
-0.000159843
-0.00418435
-0.000259109
-0.00028359
-0.0328756
-0.00263966
-0.000287876
-0.0263815
-0.00201595
-0.000280435
-0.0198909
-0.001416
-0.000206849
-0.0136469
-0.000921148
-0.000224315
-0.0079888
-0.000481997
-0.000206083
-0.00354723
-0.000221777
0.000793877
-0.00137707
-8.36533e-05
0.0028251
-0.0161707
-0.000439145
