0.00365541
-0.0373978
-0.0019408
-0.00418311
-0.0373972
-0.00369635
-0.000277427
-0.000151505
-8.05314e-05
0.000151826
3.58562e-05
4.88957e-05
0.00432554
-0.039149
-0.00194575
-0.00350711
-0.0391502
-0.00369331
-0.000134756
1.64531e-07
6.09e-05
0.000199548
-0.000108664
-7.51628e-05
0.00364811
-0.0306636
-0.00136143
0.00360001
-0.0239006
-0.000797699
0.00342636
-0.0171802
-0.000286518
0.0029808
-0.0111486
0.000164778
0.00227507
-0.00593396
0.000220041
0.00136408
-0.00211074
0.000180771
-0.00418483
-0.0306491
-0.0030935
-0.00413656
-0.023869
-0.0024745
-0.00390595
-0.0173078
-0.00193808
-0.00342961
-0.0108382
-0.00135225
-0.00274136
-0.00583079
-0.00090642
-0.00171415
-0.00206314
-0.000721012
0.00431659
-0.0323948
-0.00137318
0.00423203
-0.0255531
-0.000838237
0.00399365
-0.0186777
-0.0004082
0.00343382
-0.0125489
-0.000156684
0.00256628
-0.00686581
-1.55643e-05
0.00152118
-0.00216657
-0.000227819
-0.00352159
-0.032367
-0.00308387
-0.00352885
-0.0254887
-0.00243737
-0.00332658
-0.0187613
-0.00178488
-0.00297664
-0.0121848
-0.00115005
-0.0026055
-0.00666051
-0.000647932
-0.00155218
-0.00271067
-0.000312167
-0.000260903
-0.0373979
-0.00281923
0.000717316
-0.000900463
7.4046e-05
0.0039853
-0.0382757
-0.00194564
-0.00110177
-0.00086622
-0.000427584
-0.00383725
-0.0382745
-0.00369335
7.3652e-05
0.000103954
-6.8465e-05
-0.000344069
-0.000119141
7.40516e-05
0.00032255
-8.38428e-05
7.09046e-05
0.00041352
-0.039148
-0.00281941
0.000739918
-0.000813156
-0.000356042
-0.000810735
-0.00109842
1.3122e-05
1.79891e-05
3.72123e-05
-5.5668e-05
0.00365373
-0.0340383
-0.00165158
0.00363194
-0.0272817
-0.00107516
0.00353701
-0.0205402
-0.000539348
0.00335286
-0.0139696
-5.14865e-05
0.00262017
-0.00836569
0.000195732
0.00187962
-0.00383743
0.000189961
-0.00418512
-0.0340311
-0.00339996
-0.00417191
-0.0272601
-0.00278211
-0.00406428
-0.0205223
-0.00217975
-0.00371841
-0.0140994
-0.00168647
-0.00309634
-0.00824467
-0.00110766
-0.00229762
-0.00373544
-0.000768635
0.00432543
-0.0357851
-0.00165801
0.00428873
-0.0289807
-0.00109861
0.00414066
-0.0221234
-0.000611411
0.0037917
-0.0154191
-0.000217384
0.00299311
-0.00954042
-3.68676e-05
0.00209176
-0.00445664
-9.41628e-05
-0.00351296
-0.0357726
-0.0033971
-0.00352717
-0.0289372
-0.00276147
-0.00350516
-0.022044
-0.00211695
-0.00315253
-0.0154816
-0.00147331
-0.0028192
-0.0093434
-0.000893469
-0.00226889
-0.00430619
-0.000449641
0.00397175
-0.031534
-0.00136496
0.00390657
-0.0247388
-0.00080927
0.00371306
-0.0179799
-0.000339489
0.00316836
-0.0119571
2.94875e-05
0.00239913
-0.00643449
0.000147805
0.00155418
-0.00215009
5.01177e-05
-0.00382931
-0.0315142
-0.00308427
-0.00378242
-0.0246989
-0.00244733
-0.00355567
-0.0180476
-0.00187978
-0.0031228
-0.0115645
-0.00119808
-0.00254901
-0.00632664
-0.000737421
-0.00155577
-0.00244111
-0.000509761
0.000402013
-0.0323792
-0.0022279
0.000351719
-0.0255127
-0.00163584
0.000276308
-0.0186457
-0.00108604
0.000243831
-0.0123026
-0.000678954
-3.37756e-05
-0.00666444
-0.000324744
-0.000224524
-0.00222779
-0.000186093
-0.000268169
-0.0306535
-0.00223006
-0.000273716
-0.0238672
-0.001644
-0.000246562
-0.017197
-0.00106868
-0.000155356
-0.0108718
-0.00063006
-0.00021494
-0.00575066
-0.000324108
-0.00016115
-0.00184764
-0.000138014
-8.16955e-05
-0.000685762
-2.77999e-05
4.62307e-05
-0.000670812
-2.71247e-05
7.76821e-05
-0.0382749
-0.00282185
-0.00100405
-0.000946765
-0.000132742
-2.74105e-06
8.64149e-05
1.58547e-05
0.000884804
-0.00084816
-9.10013e-05
0.00398115
-0.0349151
-0.00165446
0.00394914
-0.028138
-0.00108206
0.00382574
-0.0213488
-0.000562096
0.00357367
-0.0147147
-0.000121248
0.00275358
-0.00901333
0.000131151
0.00200589
-0.00417099
0.0001077
-0.00383605
-0.0349038
-0.00339706
-0.00381038
-0.0281079
-0.00276288
-0.00371259
-0.0213208
-0.00214097
-0.00333492
-0.0147678
-0.0015298
-0.00286701
-0.00885408
-0.000971081
-0.00214125
-0.00412145
-0.000569125
0.000413589
-0.0357799
-0.00252631
0.000379809
-0.0289508
-0.00193252
0.000312302
-0.0220606
-0.00135693
0.00031086
-0.0153992
-0.000818112
8.62143e-05
-0.00936251
-0.000453927
-0.000173993
-0.00422677
-0.00025367
-0.00026469
-0.0340346
-0.00252738
-0.000272154
-0.0272636
-0.00193173
-0.000269872
-0.0205002
-0.00135629
-0.000195505
-0.0140192
-0.000883787
-0.000216834
-0.00817883
-0.000462047
-0.000202735
-0.00362353
-0.000216162
0.000808705
-0.00138204
-9.21644e-05
0.00290998
-0.0165376
-0.000419225
