0.00383154
-0.038685
-0.00185457
-0.00431932
-0.038683
-0.00352401
-0.000282469
-0.000154332
-8.14599e-05
0.000154868
3.63705e-05
4.98046e-05
0.00446662
-0.0403496
-0.00185967
-0.00367858
-0.0403512
-0.00352014
-0.000137419
6.62161e-07
6.2705e-05
0.00020223
-0.000109083
-7.74516e-05
0.0038214
-0.0316783
-0.00130381
0.00376202
-0.0246381
-0.000762933
0.00356414
-0.017654
-0.000264266
0.00308634
-0.0114243
0.000175058
0.00234
-0.00606134
0.000214798
0.00139681
-0.00215148
0.000173261
-0.00432167
-0.0316607
-0.00295216
-0.00427041
-0.0246014
-0.0023663
-0.00402292
-0.0177918
-0.00186469
-0.00351654
-0.0110955
-0.00129828
-0.00279923
-0.00595632
-0.000879014
-0.00174481
-0.00210492
-0.000717512
0.00445652
-0.0333238
-0.00131693
0.00436411
-0.0262118
-0.000807803
0.00410979
-0.0190832
-0.000395331
0.00351854
-0.012774
-0.000165004
0.00261429
-0.00694865
-2.98476e-05
0.00154696
-0.00217158
-0.000242886
-0.00369243
-0.0332951
-0.00294144
-0.0036916
-0.0261475
-0.00232563
-0.00346392
-0.0191786
-0.00170101
-0.00308294
-0.0123926
-0.00108469
-0.00268189
-0.00674653
-0.000611105
-0.0015902
-0.00273231
-0.000299559
-0.000240706
-0.0386845
-0.00268947
0.000733193
-0.000916503
6.94902e-05
0.00414359
-0.0395196
-0.00185971
-0.0011205
-0.000882703
-0.000426975
-0.00398898
-0.0395179
-0.00352062
7.65363e-05
0.000105542
-7.04794e-05
-0.000350868
-0.00012165
7.68432e-05
0.000327998
-8.43313e-05
7.071e-05
0.000399156
-0.0403484
-0.00268937
0.000753272
-0.000809481
-0.000368661
-0.000827946
-0.00110164
2.30394e-05
1.77863e-05
3.97344e-05
-5.66038e-05
0.00382918
-0.0351906
-0.00158008
0.00380088
-0.0281578
-0.00102989
0.00368853
-0.0211442
-0.000512903
0.00348311
-0.0143287
-3.86509e-05
0.00270291
-0.00855721
0.000196174
0.00192853
-0.00391522
0.000181468
-0.00432166
-0.0351812
-0.00324247
-0.00430827
-0.0281322
-0.00265768
-0.00419293
-0.0211236
-0.00208775
-0.00382237
-0.014468
-0.00162535
-0.00316714
-0.00843178
-0.00106741
-0.00234242
-0.00381224
-0.000752994
0.00446659
-0.036851
-0.00158733
0.00442587
-0.0297727
-0.00105599
0.00426664
-0.0226531
-0.000591516
0.00389586
-0.0157204
-0.000214745
0.0030553
-0.0096818
-4.76555e-05
0.00212826
-0.00449602
-0.000110938
-0.00368441
-0.036838
-0.00323919
-0.00369424
-0.0297298
-0.00263459
-0.00366026
-0.0225739
-0.00201946
-0.00327326
-0.0157903
-0.00139906
-0.00291095
-0.00948562
-0.000843708
-0.00232844
-0.00435004
-0.000424206
0.00412755
-0.032506
-0.00130777
0.00405412
-0.0254384
-0.000776959
0.0038417
-0.0184219
-0.000323651
0.00326338
-0.0122121
3.15017e-05
0.00245645
-0.00654025
0.000137969
0.00158697
-0.00217203
3.75439e-05
-0.00398013
-0.0324835
-0.00294247
-0.00392716
-0.0253944
-0.00233783
-0.00368032
-0.0184978
-0.00180339
-0.00321606
-0.0117974
-0.00113719
-0.00261508
-0.00643138
-0.000705877
-0.00159
-0.00247348
-0.000502719
0.000387422
-0.0333073
-0.00212804
0.000336909
-0.0261706
-0.00156387
0.000262632
-0.0190517
-0.00103706
0.000231836
-0.0125146
-0.000651872
-4.88517e-05
-0.006745
-0.00031291
-0.000235263
-0.00223588
-0.000184197
-0.00025044
-0.031666
-0.00213028
-0.000261328
-0.0245994
-0.00157201
-0.000236974
-0.0176717
-0.00101773
-0.000142076
-0.0111313
-0.000601903
-0.000209895
-0.00587221
-0.000312697
-0.000158918
-0.00188323
-0.000137424
-8.00232e-05
-0.00069787
-2.90328e-05
4.51992e-05
-0.000664092
-2.7216e-05
8.1004e-05
-0.0395186
-0.0026923
-0.00102507
-0.000956792
-0.000127305
-1.78893e-06
8.97435e-05
1.6212e-05
0.000903027
-0.000851175
-0.00010125
0.0041387
-0.0360244
-0.0015831
0.00410174
-0.0289722
-0.00103808
0.00396417
-0.0219161
-0.000538761
0.00369216
-0.0150456
-0.000113091
0.00282611
-0.00918242
0.000126868
0.00205036
-0.00422947
9.47371e-05
-0.00398766
-0.036011
-0.0032394
-0.00395837
-0.0289398
-0.00263752
-0.00385063
-0.021887
-0.00204709
-0.00344215
-0.0151052
-0.00145979
-0.00294696
-0.00901782
-0.0009269
-0.00219302
-0.00418111
-0.000549391
0.000399649
-0.0368455
-0.00241169
0.000364279
-0.0297409
-0.00184702
0.000297272
-0.022588
-0.00129745
0.000301635
-0.0157017
-0.000776725
7.0533e-05
-0.00950033
-0.000433987
-0.000188127
-0.00426383
-0.000248582
-0.000245606
-0.0351855
-0.00241275
-0.000256359
-0.0281366
-0.00184626
-0.000259426
-0.0210998
-0.00129623
-0.000184276
-0.0143825
-0.000846679
-0.000209492
-0.00836195
-0.000442609
-0.000199505
-0.00369614
-0.000211001
0.0008229
-0.00138481
-0.00010111
0.0029938
-0.0168923
-0.000400687
