0.00400772
-0.0399624
-0.00176734
-0.00445532
-0.0399589
-0.00334724
-0.00028731
-0.000157045
-8.23182e-05
0.000157752
3.68742e-05
5.06439e-05
0.00460663
-0.0415368
-0.00177259
-0.00385099
-0.041539
-0.00334251
-0.000139948
1.18073e-06
6.44571e-05
0.000204739
-0.000109382
-7.96944e-05
0.00399467
-0.0326832
-0.00124616
0.00392368
-0.0253658
-0.000728927
0.00370101
-0.0181182
-0.000243154
0.00319048
-0.0116924
0.000183962
0.00240324
-0.00618367
0.00020831
0.00142825
-0.00219005
0.000165037
-0.00445831
-0.0326623
-0.00280744
-0.00440398
-0.0253239
-0.00225583
-0.00413927
-0.0182666
-0.00179002
-0.00360235
-0.011345
-0.00124347
-0.00285575
-0.00607699
-0.000851181
-0.00177438
-0.00214475
-0.00071363
0.00459534
-0.0342395
-0.00126067
0.00449494
-0.0268575
-0.000778211
0.00422447
-0.0194765
-0.000383747
0.00360154
-0.0129891
-0.000174867
0.00266052
-0.00702471
-4.53309e-05
0.00157161
-0.00217378
-0.000258356
-0.00386415
-0.03421
-0.00279559
-0.00385491
-0.0267933
-0.00221152
-0.00360113
-0.0195839
-0.00161565
-0.00318838
-0.0125904
-0.0010183
-0.00275688
-0.0068261
-0.000573817
-0.00162705
-0.00275086
-0.000286721
-0.000220378
-0.0399613
-0.00255696
0.000748302
-0.000931497
6.46041e-05
0.00430135
-0.0407519
-0.0017728
-0.00113846
-0.000898342
-0.000426087
-0.00414102
-0.0407499
-0.00334345
7.93199e-05
0.000107048
-7.24809e-05
-0.000357399
-0.000124056
7.96141e-05
0.000333156
-8.46972e-05
7.04431e-05
0.0003838
-0.0415356
-0.00255659
0.000766074
-0.000804577
-0.000381284
-0.000844422
-0.0011034
3.29836e-05
1.75935e-05
4.22739e-05
-5.75113e-05
0.00400466
-0.0363332
-0.00150807
0.00396967
-0.0290239
-0.000985017
0.00383943
-0.0217384
-0.00048748
0.00361226
-0.0146791
-2.719e-05
0.002784
-0.00874228
0.000195242
0.00197584
-0.00398944
0.000171971
-0.004458
-0.0363215
-0.00308104
-0.0044444
-0.0289943
-0.00253044
-0.00432118
-0.0217152
-0.00199397
-0.00392545
-0.014828
-0.00156321
-0.00323664
-0.00861255
-0.00102657
-0.00238593
-0.0038857
-0.000736986
0.00460666
-0.0379036
-0.00151617
0.00456184
-0.0305515
-0.00101381
0.0043913
-0.0231701
-0.000572757
0.00399846
-0.0160105
-0.000213576
0.00311561
-0.00981465
-5.98577e-05
0.00216323
-0.00453054
-0.000128579
-0.0038568
-0.0378902
-0.00307733
-0.00386204
-0.0305092
-0.00250483
-0.00381564
-0.0230911
-0.00192005
-0.00339345
-0.016088
-0.00132358
-0.00300154
-0.00961955
-0.000793258
-0.00238652
-0.00438932
-0.000398445
0.00428277
-0.0334664
-0.00125055
0.0042009
-0.0261266
-0.000745472
0.00396921
-0.018853
-0.000309091
0.0033569
-0.0124585
3.20527e-05
0.0025121
-0.00664009
0.000126857
0.00161851
-0.00219146
2.4301e-05
-0.00413123
-0.0334413
-0.00279726
-0.00407198
-0.0260785
-0.00222603
-0.00380459
-0.0189374
-0.00172567
-0.00330835
-0.0120214
-0.0010754
-0.00267992
-0.00653038
-0.000673943
-0.00162319
-0.00250333
-0.000495399
0.000371855
-0.0342223
-0.00202645
0.000321212
-0.0268154
-0.00149112
0.000248252
-0.0194456
-0.000987962
0.000219328
-0.0127167
-0.000625086
-6.41489e-05
-0.00681896
-0.000301444
-0.000245844
-0.00224116
-0.00018245
-0.000232647
-0.0326685
-0.00202878
-0.000249028
-0.0253216
-0.00149922
-0.000227545
-0.0181369
-0.000966664
-0.000128893
-0.0113829
-0.000574091
-0.000204989
-0.00598883
-0.000301724
-0.000156768
-0.00191693
-0.000137107
-7.84127e-05
-0.000709201
-3.04384e-05
4.41795e-05
-0.000656239
-2.74559e-05
8.39051e-05
-0.0407507
-0.00256002
-0.00104533
-0.000965738
-0.00012177
-8.15929e-07
9.30519e-05
1.65683e-05
0.000920505
-0.000853023
-0.000111735
0.0042957
-0.0371222
-0.00151123
0.00425369
-0.0297949
-0.000994527
0.00410163
-0.0224721
-0.000516516
0.00380938
-0.0153665
-0.000106368
0.00289695
-0.00934404
0.000121159
0.00209331
-0.00428372
8.0762e-05
-0.00413958
-0.0371066
-0.00307779
-0.00410654
-0.0297601
-0.00250933
-0.00398857
-0.0224419
-0.00195141
-0.00354865
-0.0154329
-0.00138864
-0.00302577
-0.00917419
-0.000882132
-0.00224358
-0.00423672
-0.000529366
0.000384734
-0.0378978
-0.00229483
0.00034778
-0.0305178
-0.00176028
0.00028142
-0.0231027
-0.00123756
0.000291849
-0.015993
-0.00073541
5.44418e-05
-0.00962971
-0.000414415
-0.000202264
-0.00429625
-0.000243779
-0.000226423
-0.0363265
-0.0022959
-0.00024055
-0.0289997
-0.00175957
-0.000249116
-0.0216896
-0.00123576
-0.000173187
-0.014737
-0.00080974
-0.000202296
-0.00853864
-0.000423593
-0.000196387
-0.00376537
-0.000206225
0.000836491
-0.0013857
-0.000110387
0.00307643
-0.0172358
-0.000383176
