0.00470257
-0.0449322
-0.00140225
-0.00499029
-0.0449227
-0.00260933
-0.000305062
-0.000166956
-8.53055e-05
0.000168082
3.88063e-05
5.35051e-05
0.00514812
-0.0461313
-0.00140809
-0.00454039
-0.0461358
-0.00260106
-0.000149089
3.31386e-06
7.10568e-05
0.000213404
-0.000109738
-8.81917e-05
0.00467751
-0.0365786
-0.00100698
0.00455868
-0.0281677
-0.000591187
0.00423442
-0.0198845
-0.000161582
0.00359172
-0.012698
0.000213433
0.00264127
-0.00663179
0.000176317
0.00154369
-0.00232713
0.000128541
-0.00499575
-0.0365444
-0.00220574
-0.00492873
-0.0281046
-0.00179934
-0.00459392
-0.0200759
-0.00148376
-0.00393341
-0.0122766
-0.00102032
-0.00306979
-0.00651988
-0.000738309
-0.00188376
-0.00228845
-0.00069602
0.00513203
-0.0377637
-0.00102706
0.00499934
-0.0293176
-0.000658341
0.00466421
-0.0209471
-0.000340611
0.00391526
-0.0137724
-0.000220302
0.00282953
-0.00728029
-0.000112299
0.00166044
-0.00216414
-0.00032124
-0.00455037
-0.0377309
-0.00218911
-0.00450545
-0.029255
-0.00173991
-0.00414377
-0.0211045
-0.00126582
-0.00360059
-0.013305
-0.000748137
-0.00304477
-0.00709803
-0.000423251
-0.00176538
-0.00280431
-0.000234659
-0.000139519
-0.0449286
-0.00200336
0.000802828
-0.000983308
4.34208e-05
0.00491817
-0.0455341
-0.00140899
-0.00120413
-0.000954085
-0.000420997
-0.00474429
-0.0455304
-0.00260388
8.97203e-05
0.000112517
-8.02762e-05
-0.000381394
-0.000132892
9.0317e-05
0.00035151
-8.53276e-05
6.8919e-05
0.000313386
-0.0461297
-0.00200182
0.000812454
-0.000777289
-0.000430674
-0.000904913
-0.00110114
7.23131e-05
1.67545e-05
5.23712e-05
-6.08331e-05
0.00469663
-0.0407717
-0.00120762
0.00463407
-0.0323721
-0.000800597
0.00443024
-0.0240151
-0.000386751
0.00411412
-0.0160012
1.35546e-05
0.00309278
-0.00942839
0.00018504
0.00215185
-0.00425768
0.000129078
-0.00499432
-0.0407506
-0.00240833
-0.00497973
-0.0323258
-0.0020029
-0.00482422
-0.0239812
-0.00160789
-0.00432628
-0.016189
-0.00130927
-0.00350227
-0.00928241
-0.000860821
-0.00254898
-0.00415256
-0.000671502
0.00514845
-0.0419674
-0.00121912
0.005087
-0.0335357
-0.000840263
0.00487103
-0.025125
-0.000498964
0.00439016
-0.0170802
-0.000213861
0.00333922
-0.0102825
-0.000114561
0.00228978
-0.00463491
-0.00020248
-0.00454599
-0.0419524
-0.00240279
-0.00453167
-0.0334963
-0.00196677
-0.00443296
-0.025048
-0.00151075
-0.00386613
-0.0171893
-0.00101534
-0.00335281
-0.0100937
-0.000588756
-0.00260681
-0.00451468
-0.000294599
0.00488916
-0.0371766
-0.0010131
0.00477292
-0.0287638
-0.000618109
0.00446302
-0.020481
-0.000254227
0.00371452
-0.0133718
2.80991e-05
0.00271965
-0.00699445
7.64866e-05
0.00173425
-0.00225134
-3.16329e-05
-0.00473043
-0.0371406
-0.00219356
-0.004645
-0.0286991
-0.00176409
-0.00429335
-0.0206001
-0.00140695
-0.00366697
-0.0128459
-0.000824272
-0.00292818
-0.00688276
-0.000545086
-0.00174758
-0.00260438
-0.000464854
0.000300763
-0.0377431
-0.00160418
0.000250461
-0.0292724
-0.00119176
0.000184261
-0.0209191
-0.000788861
0.000164575
-0.0134478
-0.000518805
-0.000127359
-0.00706749
-0.000257432
-0.000287375
-0.0022439
-0.000176148
-0.00016221
-0.0365542
-0.00160698
-0.000201263
-0.0281013
-0.00119968
-0.000191551
-0.0199074
-0.000759844
-7.77373e-05
-0.0123228
-0.000464166
-0.000186623
-0.00641518
-0.000260284
-0.000148736
-0.00203664
-0.000137502
-7.23237e-05
-0.000748373
-3.71484e-05
3.98032e-05
-0.000618103
-2.91651e-05
9.08165e-05
-0.0455319
-0.00200733
-0.00112052
-0.000993846
-9.95465e-05
3.06151e-06
0.000105946
1.78867e-05
0.000984259
-0.000852584
-0.000154328
0.0049094
-0.0413743
-0.00121134
0.00484674
-0.0329617
-0.00081545
0.0046357
-0.0245896
-0.000428756
0.00426181
-0.016565
-8.46883e-05
0.00316416
-0.00993162
9.18442e-05
0.00225197
-0.00446948
2.0223e-05
-0.0047423
-0.0413497
-0.00240434
-0.00469354
-0.0329177
-0.00197795
-0.00453321
-0.0245554
-0.00155757
-0.00396498
-0.0166592
-0.00109824
-0.00332998
-0.00974192
-0.000700849
-0.00243541
-0.00442912
-0.000448483
0.000316187
-0.0419605
-0.00180765
0.000273151
-0.0334943
-0.00140121
0.000210651
-0.0250487
-0.000992759
0.00024714
-0.0170682
-0.000569386
-1.34376e-05
-0.0100847
-0.000337814
-0.000259165
-0.00439384
-0.000225969
-0.000150276
-0.0407587
-0.00180872
-0.000178243
-0.0323353
-0.00140091
-0.000209506
-0.0239483
-0.000988758
-0.00013052
-0.0160757
-0.000661716
-0.000175013
-0.0091918
-0.000349663
-0.000184816
-0.00401519
-0.000189375
0.000885515
-0.00137687
-0.00014872
0.00339206
-0.018516
-0.000316004
