0.00487122
-0.0461292
-0.00130547
-0.00511998
-0.0461182
-0.00242061
-0.000309197
-0.000169254
-8.60038e-05
0.000170461
3.9273e-05
5.41486e-05
0.005277
-0.0472357
-0.00131146
-0.00471013
-0.0472409
-0.00241146
-0.000151222
3.82441e-06
7.26358e-05
0.000215315
-0.000109709
-9.01953e-05
0.00484318
-0.0375148
-0.000943014
0.00471249
-0.0288386
-0.000554001
0.00436309
-0.0203045
-0.000139751
0.00368787
-0.0129352
0.000221203
0.0026976
-0.0067359
0.00016844
0.00157064
-0.00235827
0.000119419
-0.00512601
-0.0374773
-0.00205238
-0.00505583
-0.0287703
-0.00168357
-0.00470373
-0.0205065
-0.00140656
-0.00401284
-0.0124957
-0.000964609
-0.00312063
-0.00662292
-0.000710336
-0.00190939
-0.00232143
-0.000691502
0.00525974
-0.0386084
-0.000964449
0.00511917
-0.0299041
-0.000625524
0.00476833
-0.0212942
-0.000328185
0.00398892
-0.0139544
-0.000230755
0.00286832
-0.00733688
-0.000128533
0.00168062
-0.00215962
-0.000336441
-0.00471926
-0.0385748
-0.00203454
-0.00466527
-0.029842
-0.00162035
-0.00427663
-0.0214641
-0.00117783
-0.00370093
-0.0134705
-0.000680778
-0.00311417
-0.00715899
-0.000386012
-0.00179835
-0.00281504
-0.000221844
-0.000119827
-0.0461249
-0.00186009
0.00081544
-0.000994817
3.8138e-05
0.00506659
-0.0466849
-0.00131253
-0.00121941
-0.000966747
-0.000419638
-0.00489178
-0.0466808
-0.00241475
9.22087e-05
0.000113813
-8.21517e-05
-0.000387001
-0.000134963
9.28553e-05
0.000355689
-8.53782e-05
6.84903e-05
0.000293843
-0.0472341
-0.00185825
0.000823025
-0.000769723
-0.000442457
-0.000919179
-0.00109959
8.18636e-05
1.64865e-05
5.4822e-05
-6.15807e-05
0.00486456
-0.0418398
-0.00112765
0.00479518
-0.0331755
-0.000751041
0.0045731
-0.0245587
-0.000359486
0.00423494
-0.0163141
2.46587e-05
0.0031663
-0.00958901
0.000182724
0.00219323
-0.00431942
0.000118433
-0.00512432
-0.0418164
-0.00223655
-0.00510944
-0.0331251
-0.00186876
-0.00494595
-0.0245221
-0.00151029
-0.00442285
-0.0165114
-0.00124553
-0.00356568
-0.00943923
-0.000819601
-0.00258746
-0.00421421
-0.00065528
0.0052774
-0.0429431
-0.00113998
0.00521189
-0.0342493
-0.000793347
0.00498488
-0.0255892
-0.000478287
0.0044827
-0.0173307
-0.000212703
0.00339101
-0.0103891
-0.000127617
0.00231861
-0.00465638
-0.000220438
-0.00471566
-0.0429277
-0.00223054
-0.00469634
-0.0342108
-0.00182998
-0.00458439
-0.0255129
-0.00140736
-0.00398156
-0.0174477
-0.00093816
-0.00343794
-0.0102022
-0.000537957
-0.00265957
-0.00454162
-0.000269019
0.00503501
-0.0380672
-0.000949551
0.00491033
-0.0293941
-0.000583499
0.00458122
-0.0208669
-0.000238982
0.00379951
-0.013586
2.77252e-05
0.00276823
-0.0070754
6.41493e-05
0.00176111
-0.00226372
-4.54125e-05
-0.00487689
-0.0380285
-0.0020397
-0.00478486
-0.0293253
-0.00164697
-0.00441228
-0.0209946
-0.00132666
-0.00375374
-0.0130386
-0.000761702
-0.00298775
-0.00696348
-0.000513241
-0.0017771
-0.00262678
-0.000457262
0.000281097
-0.0385869
-0.00149504
0.000231077
-0.0298583
-0.00111469
0.000166842
-0.021267
-0.000737983
0.000149847
-0.0136172
-0.000491882
-0.000143598
-0.00712257
-0.000246397
-0.000297749
-0.00224247
-0.00017453
-0.000145094
-0.0374881
-0.00149797
-0.00018978
-0.0287667
-0.00112256
-0.000182976
-0.0203284
-0.000707142
-6.5463e-05
-0.0125439
-0.000436437
-0.000182286
-0.00651411
-0.000250015
-0.000146792
-0.00206382
-0.00013773
-7.08146e-05
-0.000757053
-3.89273e-05
3.85333e-05
-0.00060805
-2.95894e-05
9.13045e-05
-0.0466824
-0.00186429
-0.00113825
-0.000999752
-9.41776e-05
3.97305e-06
0.00010905
1.81661e-05
0.000998996
-0.000851493
-0.000164704
0.00505704
-0.0423964
-0.0011315
0.00498931
-0.0337204
-0.000767199
0.00476377
-0.0250939
-0.000404686
0.00436991
-0.0168474
-7.82586e-05
0.00322712
-0.0100678
8.48744e-05
0.00228892
-0.00451094
5.31982e-06
-0.00488966
-0.0423696
-0.00223238
-0.00483691
-0.0336741
-0.00184285
-0.00466598
-0.0250589
-0.00145806
-0.00406599
-0.0169484
-0.00102553
-0.00340331
-0.00987351
-0.000655837
-0.00248122
-0.00447242
-0.000428564
0.00029712
-0.0429359
-0.00168162
0.000252673
-0.0342061
-0.00130853
0.000191393
-0.0255108
-0.000929922
0.000234631
-0.0173202
-0.000527281
-3.11101e-05
-0.0101884
-0.000318546
-0.000273547
-0.00441389
-0.000221479
-0.00013175
-0.0418252
-0.00168269
-0.000163131
-0.0331357
-0.00130838
-0.00020004
-0.0244875
-0.000925418
-0.000120319
-0.0163926
-0.000624109
-0.000168541
-0.00934447
-0.000331151
-0.000182073
-0.00407264
-0.000185299
0.000896622
-0.00137324
-0.000158073
0.00346658
-0.0188176
-0.000298047
