0.005357
-0.0495786
-0.000997831
-0.0054935
-0.0495633
-0.00185521
-0.000321183
-0.000175893
-8.81728e-05
0.000177426
4.06434e-05
5.60745e-05
0.00564248
-0.0504255
-0.00100424
-0.00520484
-0.0504324
-0.00184352
-0.000157545
5.18754e-06
7.73003e-05
0.000220716
-0.000109626
-9.59147e-05
0.00532053
-0.0402133
-0.000735081
0.00515582
-0.0307731
-0.000428739
0.00473434
-0.0215163
-6.41154e-05
0.00396555
-0.0136203
0.000251572
0.0028608
-0.00703679
0.000150228
0.00164911
-0.00244798
9.48836e-05
-0.00550108
-0.0401665
-0.00159394
-0.00542177
-0.0306898
-0.00133843
-0.00502014
-0.0217489
-0.00117711
-0.00424207
-0.013129
-0.00080067
-0.00326765
-0.00692083
-0.000628756
-0.00198366
-0.00241646
-0.000678812
0.00562193
-0.0410501
-0.000760316
0.00545902
-0.031602
-0.000512672
0.00506369
-0.0223019
-0.000279387
0.00419791
-0.0144849
-0.000252428
0.002978
-0.0075043
-0.000170484
0.0017376
-0.00214873
-0.000378399
-0.00521136
-0.0410143
-0.00157253
-0.00513098
-0.0315415
-0.00126423
-0.00466434
-0.022508
-0.000917234
-0.00399431
-0.0139537
-0.000483071
-0.00331746
-0.00733921
-0.000277428
-0.00189548
-0.00284879
-0.000184969
-6.31254e-05
-0.0495726
-0.00142206
0.00085231
-0.00102782
2.36482e-05
0.00549122
-0.0500045
-0.0010058
-0.00126373
-0.00100305
-0.000416222
-0.00531953
-0.0499993
-0.00184816
9.96399e-05
0.000117734
-8.75328e-05
-0.000403317
-0.000141029
0.000100015
0.000367748
-8.55939e-05
6.72933e-05
0.000231835
-0.0504237
-0.00141938
0.000852882
-0.000748899
-0.000475558
-0.000961469
-0.00109678
0.000109349
1.54189e-05
6.18192e-05
-6.36088e-05
0.00534832
-0.0449179
-0.000870934
0.00525948
-0.0354916
-0.000587397
0.00498506
-0.0261266
-0.000265519
0.00458341
-0.0172175
6.70253e-05
0.00337893
-0.0100532
0.000182164
0.00231341
-0.00449772
9.07833e-05
-0.00549872
-0.0448878
-0.00172249
-0.00548291
-0.0354295
-0.0014682
-0.00529648
-0.0260826
-0.00121989
-0.00470127
-0.0174421
-0.00105682
-0.00374893
-0.0098926
-0.000698763
-0.00269886
-0.00439236
-0.000608398
0.00564311
-0.045762
-0.000885604
0.00556609
-0.0363134
-0.000637144
0.00530784
-0.0269345
-0.000403066
0.00474539
-0.0180598
-0.000198592
0.00353763
-0.0107017
-0.000158735
0.00240012
-0.00472153
-0.000268854
-0.00521012
-0.0457455
-0.00171509
-0.00517623
-0.0362773
-0.00142175
-0.00502575
-0.0268603
-0.00110018
-0.0043188
-0.0181999
-0.000710628
-0.00368706
-0.0105204
-0.000389237
-0.00281439
-0.00462284
-0.000194861
0.00545234
-0.0406376
-0.00074278
0.00530366
-0.0312146
-0.000465637
0.00491966
-0.0219834
-0.0001822
0.004043
-0.0142071
3.48287e-05
0.00290762
-0.00731126
3.31991e-05
0.00183845
-0.00230044
-8.3309e-05
-0.00530154
-0.0405914
-0.00157979
-0.00519035
-0.0311346
-0.00129794
-0.00475745
-0.0221359
-0.00108827
-0.00400613
-0.0135982
-0.000578013
-0.00316134
-0.00719895
-0.000420404
-0.00186343
-0.00269256
-0.000435604
0.000218826
-0.0410262
-0.0011604
0.000170032
-0.0315542
-0.000877733
0.000112015
-0.0222771
-0.000581282
0.000103762
-0.0141113
-0.000408357
-0.000193056
-0.00728572
-0.000211561
-0.000329399
-0.00224077
-0.000168864
-9.57376e-05
-0.0401797
-0.00116376
-0.000156592
-0.0306855
-0.00088541
-0.00015809
-0.0215434
-0.000545397
-3.01077e-05
-0.0131828
-0.000350689
-0.000169591
-0.00680015
-0.000217662
-0.000140808
-0.00214201
-0.000137752
-6.60547e-05
-0.000781788
-4.39395e-05
3.40013e-05
-0.000580252
-3.02459e-05
8.98209e-05
-0.0500014
-0.00142691
-0.00119012
-0.00101728
-7.91171e-05
6.40941e-06
0.000117974
1.88145e-05
0.00104141
-0.000848926
-0.000193834
0.00547948
-0.0453455
-0.000875165
0.0053973
-0.0359109
-0.000607239
0.00513038
-0.0265515
-0.000319849
0.00467957
-0.0176653
-4.93205e-05
0.00340755
-0.0104636
7.10373e-05
0.00239506
-0.00463227
-3.44756e-05
-0.00531696
-0.0453125
-0.00171775
-0.00525261
-0.0358584
-0.00143956
-0.005051
-0.0265143
-0.00116211
-0.00435953
-0.0177864
-0.000811
-0.00361679
-0.0102563
-0.000523983
-0.00261479
-0.00459931
-0.000370926
0.000236501
-0.045754
-0.00129574
0.000188213
-0.0362648
-0.00102389
0.000130971
-0.02685
-0.000736422
0.000194281
-0.0180536
-0.00039812
-8.51427e-05
-0.0104925
-0.000258653
-0.00031722
-0.00447508
-0.000206632
-7.83784e-05
-0.0448988
-0.00129684
-0.000119482
-0.0354428
-0.00102432
-0.00017262
-0.0260427
-0.000730566
-9.08193e-05
-0.0173073
-0.000508028
-0.000149761
-0.0097859
-0.000273638
-0.000173882
-0.00423859
-0.000171958
0.000927807
-0.00136411
-0.000183904
0.0036777
-0.0196928
-0.000235496
