0.00697455
-0.0531938
0.00161385
-0.00624399
-0.0531424
0.000506998
-0.000271047
-0.000146425
-7.96929e-05
0.000160483
3.16961e-05
5.58608e-05
0.00661465
-0.0542572
0.0015924
-0.00658846
-0.0542726
0.00053808
-0.000137745
5.34328e-06
6.88287e-05
0.000187272
-9.06972e-05
-9.00683e-05
0.00684967
-0.0417044
0.00130805
0.00636316
-0.0302495
0.00104217
0.0054222
-0.0196581
0.000906532
0.00418446
-0.0119095
0.000756252
0.00277144
-0.00594135
0.000290636
0.00155162
-0.00206813
9.08433e-05
-0.00623413
-0.0415735
0.000219292
-0.0059851
-0.030083
-7.66546e-05
-0.00516926
-0.0201173
-0.000451497
-0.00392213
-0.011266
-0.000303075
-0.0027934
-0.00586961
-0.000394321
-0.00165279
-0.002028
-0.000573161
0.00653733
-0.0427143
0.0012368
0.00609219
-0.0311489
0.00083974
0.0052861
-0.0204637
0.000510932
0.00404012
-0.0126899
6.0001e-05
0.00259198
-0.00628193
-6.55729e-05
0.00148103
-0.00176379
-0.000358018
-0.00657582
-0.0426101
0.000284725
-0.00625485
-0.0310452
9.7897e-05
-0.00521992
-0.0208754
-2.23822e-06
-0.00402809
-0.011986
0.000134082
-0.00310138
-0.00618516
-4.20579e-05
-0.00171471
-0.00240161
-0.000149369
0.000379581
-0.0531706
0.00107879
0.000795946
-0.000868606
1.60303e-05
0.00677283
-0.0537331
0.00159073
-0.00105858
-0.000821724
-0.00036358
-0.00633795
-0.0537159
0.000529734
0.000117616
0.00011156
-7.2987e-05
-0.000348071
-0.000119863
8.38535e-05
0.000322806
-7.9196e-05
5.03667e-05
4.90439e-05
-0.0542488
0.00108002
0.000730189
-0.000610652
-0.000446079
-0.000854091
-0.000911328
9.29638e-05
9.31913e-06
5.92921e-05
-5.68088e-05
0.00694296
-0.0474993
0.00146133
0.00666163
-0.0359216
0.0011617
0.00594592
-0.0248422
0.000933964
0.00508463
-0.0152705
0.000765687
0.00337812
-0.0085714
0.000465076
0.00220111
-0.00379178
0.000140223
-0.00624856
-0.0474043
0.000374027
-0.00615929
-0.0357708
5.76013e-05
-0.0056908
-0.0247908
-0.000214435
-0.00461462
-0.0155869
-0.000514618
-0.00330093
-0.00843974
-0.000345624
-0.00226691
-0.00371059
-0.000456721
0.00661222
-0.0485454
0.00141797
0.00636889
-0.0368602
0.00103453
0.00575718
-0.0256851
0.000642867
0.00479025
-0.0160742
0.000368405
0.00318715
-0.00907948
3.39375e-05
0.00205603
-0.00392859
-0.000221323
-0.00659915
-0.0484918
0.000397022
-0.0064403
-0.0367692
0.000181242
-0.00594022
-0.0255932
3.06512e-05
-0.00455758
-0.0162937
4.7137e-05
-0.00356697
-0.00894412
1.22433e-05
-0.00256912
-0.00387865
-8.03054e-05
0.00665128
-0.0422205
0.00128671
0.00625783
-0.0307463
0.000938329
0.00543904
-0.0201829
0.000671395
0.00412993
-0.0125007
0.000438799
0.00270933
-0.00615416
0.000138064
0.00167509
-0.0019142
-0.00010086
-0.00628117
-0.0421034
0.00026039
-0.00596193
-0.030614
9.52153e-06
-0.00509029
-0.0204882
-0.000300136
-0.003884
-0.0117307
-2.472e-05
-0.00286474
-0.00608678
-0.000205933
-0.00163631
-0.00225776
-0.00037665
7.13798e-06
-0.0426365
0.0007727
-7.75509e-05
-0.031037
0.000477089
-0.000103475
-0.0204306
0.000279375
-1.73998e-05
-0.0121734
-1.83046e-06
-0.000268015
-0.00608765
-4.90915e-05
-0.000339491
-0.00184879
-0.000145479
0.000279738
-0.0416028
0.000773031
0.000112053
-0.0300503
0.000493922
0.000104829
-0.0197337
0.000352431
0.000254618
-0.0113145
0.000113371
4.63048e-05
-0.00572093
-3.91867e-05
2.08698e-06
-0.00178516
-0.000114774
2.01704e-05
-0.000636144
-5.54822e-05
1.25331e-05
-0.000453833
-4.77497e-05
0.000228946
-0.0537222
0.00106026
-0.00104337
-0.000834646
-8.82559e-05
1.24821e-05
0.00010967
3.7716e-06
0.000936444
-0.000700422
-0.000200319
0.00673401
-0.0480354
0.00145008
0.00649439
-0.0364079
0.00111062
0.00586012
-0.0252919
0.000805971
0.00503005
-0.0156763
0.000570102
0.00327533
-0.00893154
0.000304541
0.00219717
-0.00388
-9.06317e-06
-0.0063334
-0.0479437
0.000390733
-0.00613612
-0.0362935
0.000125879
-0.00564161
-0.0252713
-0.000106426
-0.00440578
-0.0158948
-0.000126475
-0.00337769
-0.00875034
-0.000168519
-0.00232361
-0.00386624
-0.000257381
5.99508e-05
-0.0485182
0.000917851
-6.55593e-05
-0.0367294
0.000624316
-0.000122213
-0.0255194
0.000356642
5.71183e-05
-0.01607
0.000263513
-0.000204502
-0.00886526
2.40205e-05
-0.000348434
-0.00371568
-0.000131263
0.00033245
-0.0474381
0.000924127
0.000215757
-0.0357907
0.000622679
7.6437e-05
-0.0246801
0.000384435
0.000195554
-0.015357
0.000112353
8.58259e-05
-0.00827986
3.22387e-05
1.31451e-05
-0.00355739
-8.63538e-05
0.000810959
-0.00111378
-0.000197149
0.0038171
-0.0177562
0.000463763
