0.00690157
-0.061148
0.000713381
-0.00666556
-0.0611232
0.000264874
-0.00037359
-0.000204644
-0.000103537
0.000213621
4.59631e-05
6.9316e-05
0.00672719
-0.0615809
0.000705624
-0.00683938
-0.0615921
0.000282548
-0.000191432
5.25479e-06
9.88507e-05
0.00024619
-0.000117194
-0.000115835
0.00684652
-0.049421
0.000585475
0.00660039
-0.0375878
0.000534584
0.00599799
-0.0260301
0.000620647
0.00496611
-0.0163448
0.000676109
0.00352507
-0.00835408
0.000310375
0.00201191
-0.00288011
0.00011777
-0.00667549
-0.0493523
0.00012124
-0.00657315
-0.0374675
-4.29783e-05
-0.00604591
-0.0263407
-0.00030745
-0.0050359
-0.0157055
-0.000211732
-0.00382497
-0.00821714
-0.000348836
-0.00229523
-0.00284767
-0.000660998
0.00669943
-0.0498471
0.000551918
0.00648396
-0.0380407
0.000421037
0.00597907
-0.0265014
0.000336239
0.00489213
-0.0169744
2.97414e-05
0.00339003
-0.00859779
-8.07606e-05
0.00196169
-0.00235765
-0.000429708
-0.00683944
-0.0498055
0.000152248
-0.00669296
-0.0379828
6.00934e-05
-0.00602024
-0.0268029
3.77717e-05
-0.00508667
-0.0163149
0.000204238
-0.00414033
-0.00845571
9.15647e-05
-0.00233722
-0.00323449
-7.60148e-05
0.000123805
-0.0611382
0.00049701
0.00103855
-0.0012005
2.21902e-05
0.00680288
-0.0613674
0.000702842
-0.00145907
-0.00116985
-0.000431241
-0.00670728
-0.0613598
0.000274769
0.000138344
0.000140502
-0.000104234
-0.000476695
-0.000169586
0.000119981
0.000425964
-9.67261e-05
6.89633e-05
-3.58571e-05
-0.0615787
0.000501695
0.000967638
-0.000790477
-0.000555103
-0.00117662
-0.00122805
0.000197443
3.14795e-06
8.12199e-05
-6.83478e-05
0.00688855
-0.0553164
0.000643644
0.00675525
-0.0435014
0.000547573
0.00635228
-0.0317794
0.000542563
0.00578148
-0.0207165
0.000596495
0.0041938
-0.011993
0.000454828
0.00283361
-0.00531586
0.000161397
-0.00667232
-0.0552712
0.000200461
-0.00665289
-0.043411
3.35697e-05
-0.00640913
-0.0317162
-0.000129281
-0.00562828
-0.0210087
-0.000352966
-0.00441499
-0.0117932
-0.00027073
-0.00314099
-0.00519506
-0.000462761
0.00672852
-0.0557464
0.000623698
0.00662496
-0.0439196
0.000481218
0.00629228
-0.0322375
0.000358769
0.00558146
-0.0213005
0.000257335
0.00405954
-0.0123944
2.88146e-05
0.00271795
-0.00533705
-0.000266241
-0.00684412
-0.0557275
0.000211631
-0.00677428
-0.0438879
0.000100012
-0.00652469
-0.0321673
3.50926e-05
-0.00553714
-0.0215059
0.000102152
-0.00464982
-0.0122207
0.000125732
-0.00347639
-0.00527709
4.57464e-05
0.00674718
-0.0496408
0.000575328
0.00654192
-0.0378512
0.000479203
0.0060204
-0.0263593
0.000454972
0.00488581
-0.0168531
0.000396324
0.00345023
-0.00852182
0.000157474
0.00216778
-0.00261329
-0.000104964
-0.00668045
-0.0495773
0.00013946
-0.00651893
-0.0377456
8.00075e-06
-0.00592704
-0.0265736
-0.000193173
-0.00492172
-0.0160773
6.78788e-05
-0.00383651
-0.0084029
-0.000101093
-0.00223658
-0.00310017
-0.000381423
-4.86045e-05
-0.049817
0.000361703
-9.04036e-05
-0.0379869
0.000256115
-0.000128858
-0.0264819
0.000211331
-9.95228e-05
-0.0164999
6.23394e-05
-0.000403691
-0.00835627
2.21475e-05
-0.000487243
-0.0024854
-0.000106791
7.42192e-05
-0.0493712
0.000356756
-2.62892e-05
-0.0374614
0.000250211
-4.84163e-05
-0.0260654
0.000258052
0.000101981
-0.0157748
0.000128943
-0.000103642
-0.00806331
7.36204e-06
-9.92775e-05
-0.00251572
-9.36603e-05
-3.17258e-05
-0.00090581
-4.13747e-05
-5.08223e-06
-0.000598056
-4.42391e-06
5.20201e-05
-0.0613626
0.000490479
-0.00142339
-0.00115786
-4.45622e-05
8.14247e-06
0.000147106
1.66657e-05
0.00122574
-0.000934398
-0.000247697
0.00678601
-0.0555387
0.000638426
0.00667033
-0.0437204
0.00051963
0.00630245
-0.0320322
0.000465732
0.00570564
-0.0210399
0.000442301
0.00407212
-0.0123001
0.000308027
0.00282885
-0.00534863
8.0814e-07
-0.00670333
-0.0554915
0.000206859
-0.00660808
-0.0436531
6.93326e-05
-0.00632552
-0.0319906
-5.63235e-05
-0.00538993
-0.0212128
-3.57597e-05
-0.00441676
-0.0120549
-5.96077e-05
-0.00315583
-0.00532662
-0.000184994
-2.751e-05
-0.0557367
0.000424356
-8.33966e-05
-0.0438574
0.000302637
-0.000126233
-0.0321361
0.000217948
-3.13815e-06
-0.0213066
0.000256238
-0.000307924
-0.0121555
9.51781e-05
-0.000513927
-0.00506645
-7.72263e-05
0.000100797
-0.0552872
0.000423127
3.72557e-05
-0.0434311
0.000298778
-5.67369e-05
-0.0316631
0.000226599
2.94944e-05
-0.0208307
0.00010962
-6.41819e-05
-0.0116552
7.25347e-05
-0.00012359
-0.00500395
-4.71346e-05
0.00104517
-0.00149631
-0.000209619
0.00433801
-0.0233788
0.000348289
