0.00697524
-0.0617723
0.000870698
-0.00671775
-0.0617475
0.000392511
-0.000377863
-0.000206983
-0.000105251
0.000217153
4.63017e-05
7.08665e-05
0.00677336
-0.0622347
0.000862867
-0.00691912
-0.062246
0.000410195
-0.000194739
4.77486e-06
0.000100679
0.000248571
-0.00011859
-0.000117055
0.00692032
-0.0499374
0.000718659
0.00667375
-0.037996
0.000642698
0.00606897
-0.0263295
0.000703677
0.00502916
-0.0165446
0.000734896
0.00357563
-0.00846366
0.000344385
0.00204386
-0.00292024
0.000131346
-0.00672755
-0.0498686
0.000225171
-0.00662499
-0.0378753
3.72089e-05
-0.00609595
-0.0266412
-0.000251513
-0.00508086
-0.0159003
-0.000176114
-0.00386213
-0.00832402
-0.000332573
-0.00231926
-0.00288524
-0.000662335
0.00674562
-0.0503926
0.000685116
0.00652977
-0.0384762
0.000528887
0.00602325
-0.0268256
0.000417918
0.00493169
-0.017194
8.44616e-05
0.00341965
-0.0087207
-4.97434e-05
0.00197888
-0.00239831
-0.000422281
-0.00691925
-0.0503508
0.000256331
-0.00677237
-0.0384179
0.000140731
-0.00609599
-0.0271288
9.57853e-05
-0.00515558
-0.0165307
0.00024302
-0.00419978
-0.00857706
0.000112089
-0.00237408
-0.00328748
-7.15389e-05
0.000134471
-0.0617625
0.000639468
0.00105634
-0.00121793
2.7693e-05
0.0068627
-0.0620065
0.00086008
-0.00147508
-0.00118469
-0.000434711
-0.00677312
-0.061999
0.000402423
0.000142053
0.0001428
-0.000104947
-0.000482867
-0.000172079
0.000120668
0.00043136
-9.86152e-05
6.97289e-05
-5.24669e-05
-0.0622325
0.00064415
0.000976148
-0.000806072
-0.000555942
-0.00119662
-0.00125163
0.000201882
1.60323e-06
8.18074e-05
-6.84322e-05
0.00696227
-0.0558867
0.000789053
0.00682903
-0.0439637
0.000668234
0.00642484
-0.0321334
0.000638037
0.00585038
-0.0209633
0.000667385
0.00425073
-0.0121452
0.000500603
0.0028763
-0.00538775
0.000184154
-0.00672445
-0.0558416
0.000316277
-0.00670488
-0.043873
0.000125563
-0.00646049
-0.0320698
-6.09969e-05
-0.0056765
-0.0212564
-0.000308236
-0.00445632
-0.0119428
-0.000245006
-0.00317262
-0.00526404
-0.000455623
0.00677471
-0.0563462
0.000769099
0.00667105
-0.0444103
0.000601875
0.00633762
-0.0326176
0.000453613
0.00562452
-0.0215704
0.000326536
0.00409387
-0.0125632
7.1802e-05
0.00274206
-0.00541791
-0.000247273
-0.0069239
-0.0563272
0.0003275
-0.00685398
-0.0443783
0.000192269
-0.0066033
-0.032547
0.000104199
-0.00560976
-0.0217775
0.000149902
-0.0047146
-0.0123881
0.000154989
-0.0035279
-0.00535779
5.80775e-05
0.00680698
-0.0501718
0.000708524
0.00660139
-0.0382731
0.000587091
0.00607786
-0.0266717
0.0005373
0.00493626
-0.0170643
0.000453405
0.0034899
-0.00863827
0.000190287
0.00219466
-0.00265341
-9.385e-05
-0.0067461
-0.0501082
0.000243483
-0.00658384
-0.0381674
8.84094e-05
-0.00598899
-0.0268867
-0.000136509
-0.0049774
-0.0162839
0.000105368
-0.00388281
-0.008518
-8.26325e-05
-0.00226613
-0.00314483
-0.000380177
-6.51625e-05
-0.0503623
0.000480336
-0.000106649
-0.038422
0.000350241
-0.000144802
-0.026806
0.000281573
-0.000113379
-0.0167164
0.000108529
-0.000418433
-0.00847672
4.80681e-05
-0.000500905
-0.00252833
-9.83921e-05
8.4862e-05
-0.0498875
0.000475336
-1.60269e-05
-0.0378692
0.000344572
-3.84758e-05
-0.0263649
0.000328346
0.000111581
-0.0159702
0.000175973
-9.66863e-05
-0.00816934
3.31e-05
-9.42497e-05
-0.00255019
-8.56949e-05
-2.76492e-05
-0.000917958
-3.86504e-05
-9.55244e-06
-0.000612137
2.27502e-07
4.90389e-05
-0.0620017
0.000632903
-0.0014428
-0.00117537
-4.41888e-05
7.59701e-06
0.000148598
1.61207e-05
0.00124115
-0.000950508
-0.000245519
0.00684582
-0.0561238
0.000783804
0.00673005
-0.044197
0.000640319
0.0063611
-0.0323993
0.000560941
0.00576154
-0.0212985
0.000511998
0.00411677
-0.0124612
0.000352857
0.00286265
-0.00542507
2.22031e-05
-0.00676913
-0.0560767
0.000322718
-0.00667339
-0.0441296
0.000161446
-0.00638948
-0.0323576
1.23157e-05
-0.00544874
-0.0214721
1.08938e-05
-0.00446835
-0.0122143
-3.21171e-05
-0.00319527
-0.00540238
-0.000175303
-4.40687e-05
-0.0563365
0.00055497
-9.99357e-05
-0.0443478
0.000409198
-0.000142431
-0.0325156
0.000300006
-1.77385e-05
-0.0215767
0.000314884
-0.000322461
-0.0123223
0.000131337
-0.000529048
-0.0051445
-6.10245e-05
0.000111447
-0.0558576
0.000553749
4.78628e-05
-0.0438932
0.000405118
-4.66892e-05
-0.0320165
0.000308716
3.94106e-05
-0.0210774
0.000167364
-5.61302e-05
-0.0118042
0.000108582
-0.00011772
-0.00507149
-3.07546e-05
0.00105381
-0.00152302
-0.000203932
0.00437105
-0.0236676
0.000420088
