0.00715833
-0.0634105
0.0013601
-0.00683991
-0.0633865
0.000742937
-0.000390745
-0.000214041
-0.000110766
0.000228371
4.72185e-05
7.59857e-05
0.00688185
-0.0640118
0.00135206
-0.00711584
-0.064023
0.000760265
-0.000205198
2.95008e-06
0.000106275
0.00025604
-0.000123439
-0.000120455
0.00710505
-0.0513162
0.00114185
0.00686203
-0.0391162
0.000993955
0.00625981
-0.0271826
0.000977633
0.00520657
-0.0171329
0.000933294
0.00372685
-0.00879788
0.000464961
0.00214312
-0.00304614
0.000182228
-0.00684915
-0.0512485
0.000511955
-0.00674728
-0.0389961
0.00026115
-0.00621955
-0.0274935
-9.21628e-05
-0.00520018
-0.016479
-7.61866e-05
-0.00396717
-0.00864911
-0.00028696
-0.0023904
-0.00300116
-0.000667713
0.00685462
-0.0519083
0.00110885
0.00664059
-0.039724
0.000880967
0.00613459
-0.0277933
0.000691077
0.00503916
-0.0178724
0.000276347
0.0035069
-0.00911976
6.37626e-05
0.0020303
-0.0025402
-0.000390261
-0.00711674
-0.0518661
0.000543022
-0.00697286
-0.0396638
0.000364439
-0.0062962
-0.0280965
0.000257427
-0.0053472
-0.017203
0.000348487
-0.00437321
-0.00896843
0.000167995
-0.00248623
-0.00346489
-6.08598e-05
0.00016461
-0.0634012
0.00105909
0.00111268
-0.00127369
4.90546e-05
0.00700831
-0.0637143
0.00134934
-0.00152335
-0.0012307
-0.000446509
-0.00693311
-0.063707
0.000752729
0.000153833
0.000150097
-0.000106542
-0.000501681
-0.000179738
0.000122023
0.000448274
-0.000105157
7.25277e-05
-9.64e-05
-0.0640096
0.00106361
0.00100135
-0.000863006
-0.000553895
-0.00125909
-0.00133313
0.000213417
-3.4941e-06
8.28098e-05
-6.84523e-05
0.00714579
-0.0573948
0.00124602
0.00701561
-0.0452133
0.00105598
0.00661506
-0.0331214
0.000951341
0.00603749
-0.0216814
0.000905167
0.00441673
-0.0126023
0.000659027
0.00300664
-0.00561015
0.000267287
-0.00684633
-0.0573507
0.000634652
-0.00682652
-0.0451235
0.000380927
-0.00658351
-0.0330573
0.000131013
-0.00579961
-0.0219731
-0.000180894
-0.00457017
-0.0123921
-0.000172598
-0.00326417
-0.0054761
-0.000436503
0.00688322
-0.0579927
0.00122635
0.00678078
-0.0457937
0.000990598
0.00644907
-0.0337274
0.000767397
0.00573645
-0.0223924
0.000562445
0.00419226
-0.0130989
0.000224894
0.0028141
-0.00568715
-0.000174404
-0.00712086
-0.0579736
0.000645799
-0.00705311
-0.0457602
0.000447275
-0.006805
-0.0336546
0.000296353
-0.00580716
-0.0226016
0.000281586
-0.00489908
-0.0129176
0.000235061
-0.00368161
-0.00562369
9.066e-05
0.00695357
-0.0516191
0.0011319
0.00675028
-0.0394565
0.000938667
0.00622777
-0.0275832
0.000811623
0.00507578
-0.0177006
0.000649279
0.00360725
-0.00900538
0.000308534
0.00227651
-0.00278672
-4.95804e-05
-0.00690602
-0.0515565
0.000530337
-0.00674431
-0.039352
0.000312493
-0.00614869
-0.0277965
2.39222e-05
-0.00512984
-0.016913
0.000208701
-0.00401536
-0.00888017
-3.12754e-05
-0.00235462
-0.00328917
-0.000378185
-0.000108977
-0.0518778
0.000835285
-0.000149952
-0.0396689
0.000637379
-0.000188553
-0.0277726
0.000499983
-0.000152047
-0.0173894
0.000255982
-0.000460496
-0.00886772
0.000133064
-0.000542683
-0.0026765
-6.98264e-05
0.000115981
-0.0512672
0.000830232
1.61615e-05
-0.0389904
0.000632537
-6.28165e-06
-0.0272177
0.000546393
0.000140902
-0.0165501
0.000326217
-7.34579e-05
-0.00849338
0.000118178
-7.71857e-05
-0.00265809
-5.73993e-05
-1.39886e-05
-0.000956525
-2.80607e-05
-2.40392e-05
-0.000664747
1.65155e-05
4.19487e-05
-0.0637096
0.00105249
-0.00150176
-0.00123315
-4.46447e-05
5.46227e-06
0.000152428
1.41877e-05
0.00128838
-0.00100665
-0.000233559
0.0069917
-0.0577011
0.00124071
0.00687766
-0.0455137
0.00102866
0.00651104
-0.0334484
0.00087465
0.00591014
-0.0220688
0.000747626
0.00424547
-0.0129584
0.000509904
0.00296442
-0.00567114
0.000102336
-0.00692908
-0.0576549
0.000641133
-0.0068336
-0.0454466
0.000416792
-0.00654992
-0.0334066
0.000204666
-0.00560558
-0.0222418
0.000140919
-0.0046128
-0.012707
4.46038e-05
-0.00331047
-0.00564494
-0.000149155
-8.80612e-05
-0.0579829
0.000942534
-0.000143491
-0.0457311
0.000731022
-0.000185914
-0.033624
0.000552912
-5.93635e-05
-0.0223986
0.00049805
-0.000362721
-0.0128522
0.000247897
-0.000573684
-0.00540444
-6.69649e-06
0.000142017
-0.0573664
0.000941372
7.9668e-05
-0.0451435
0.000726402
-1.44309e-05
-0.0330044
0.000561762
7.0769e-05
-0.0217931
0.000349606
-2.98438e-05
-0.0122536
0.000225403
-9.77981e-05
-0.00528059
2.47839e-05
0.00107947
-0.00161659
-0.000180262
0.0044561
-0.0245329
0.000657771
