0.00720738
-0.06388
0.00152824
-0.00686945
-0.0638565
0.000849543
-0.000395019
-0.000216384
-0.000112706
0.000232287
4.74871e-05
7.78338e-05
0.00690859
-0.0645429
0.00152013
-0.00716763
-0.0645539
0.000866632
-0.00020883
2.22569e-06
0.000108165
0.00025861
-0.000125248
-0.000121501
0.00715504
-0.0517197
0.00128993
0.00691469
-0.0394547
0.00111918
0.00631631
-0.027451
0.00107654
0.00526184
-0.0173242
0.0010062
0.00377692
-0.00891026
0.000510882
0.00217713
-0.00308956
0.000202332
-0.00687845
-0.0516529
0.00059976
-0.00677724
-0.0393353
0.000330702
-0.00625205
-0.0277604
-4.15333e-05
-0.00523468
-0.0166687
-4.48572e-05
-0.0039998
-0.00875813
-0.000272579
-0.00241357
-0.00304053
-0.000669792
0.00688166
-0.0523726
0.00125727
0.00666912
-0.0401189
0.00100695
0.00616495
-0.028112
0.00079072
0.00507129
-0.0181031
0.000348849
0.00353529
-0.00926129
0.000107921
0.00204727
-0.00259336
-0.000376543
-0.00716896
-0.0523302
0.00063062
-0.00702741
-0.0400579
0.000433411
-0.006354
-0.0284137
0.00030758
-0.0054059
-0.0174331
0.000380403
-0.00442908
-0.00910648
0.000184988
-0.00252385
-0.00352934
-5.80843e-05
0.000174225
-0.0638709
0.00119629
0.0011323
-0.00129325
5.76824e-05
0.00704617
-0.0642147
0.00151746
-0.00153935
-0.00124639
-0.000450783
-0.00697424
-0.0642075
0.000859242
0.000157955
0.000152639
-0.000106892
-0.000507997
-0.000182329
0.00012225
0.000454102
-0.000107601
7.3607e-05
-0.000108971
-0.0645407
0.00120072
0.00100959
-0.000885014
-0.00055176
-0.00128056
-0.00136347
0.00021672
-5.33205e-06
8.29061e-05
-6.83829e-05
0.00719507
-0.057831
0.00140441
0.0070668
-0.0455843
0.00119295
0.0066697
-0.0334256
0.00106395
0.00609354
-0.0219121
0.000992127
0.00447034
-0.0127538
0.000718342
0.00305061
-0.0056859
0.000299598
-0.00687574
-0.0577875
0.000731677
-0.00685592
-0.0454953
0.000459669
-0.00661439
-0.0333616
0.000191134
-0.00583349
-0.0222021
-0.000140409
-0.00460454
-0.0125411
-0.00014977
-0.00329332
-0.0055479
-0.000430691
0.00690995
-0.0584902
0.00138493
0.00680839
-0.0462242
0.0011282
0.00647844
-0.0340853
0.000880889
0.0057682
-0.0226684
0.000649761
0.00422342
-0.0132854
0.000283369
0.00283785
-0.00578457
-0.000145165
-0.00717276
-0.0584712
0.000742725
-0.0071065
-0.0461899
0.000525534
-0.00686109
-0.0340115
0.000355788
-0.0058661
-0.0228772
0.000322029
-0.00495708
-0.0131014
0.000259494
-0.00373224
-0.00571911
0.000100246
0.00699208
-0.0520531
0.00128009
0.00679056
-0.0398228
0.0010643
0.00627056
-0.0278769
0.000911417
0.0051184
-0.0179122
0.000722148
0.00364567
-0.00913243
0.000354069
0.00230403
-0.00283489
-3.1435e-05
-0.00694728
-0.051991
0.0006181
-0.00678664
-0.0397191
0.000381927
-0.0061933
-0.0280886
7.45618e-05
-0.00517566
-0.0171242
0.000240465
-0.00405719
-0.00900529
-1.52687e-05
-0.00238383
-0.00334017
-0.00037796
-0.000121526
-0.0523422
0.000953129
-0.000162485
-0.0400635
0.000734484
-0.000201683
-0.0280909
0.00057516
-0.000163897
-0.0176195
0.000307928
-0.000473737
-0.00900638
0.000163684
-0.000556775
-0.00273156
-5.92267e-05
0.000126242
-0.0516713
0.000948092
2.74579e-05
-0.0393298
0.000729959
5.30552e-06
-0.0274859
0.000621301
0.000150941
-0.0167401
0.00037919
-6.48971e-05
-0.00860254
0.000149044
-7.08334e-05
-0.00269521
-4.65501e-05
-8.9668e-06
-0.000969954
-2.37549e-05
-2.91845e-05
-0.000685387
2.26723e-05
4.03561e-05
-0.0642101
0.00118971
-0.00152149
-0.00125392
-4.52438e-05
4.60473e-06
0.000153496
1.34521e-05
0.00130434
-0.00102768
-0.000227876
0.00702975
-0.058168
0.00139908
0.00691691
-0.0459145
0.00116599
0.00655275
-0.0337794
0.000987761
0.00595354
-0.0223221
0.00083431
0.00428654
-0.0131274
0.000569211
0.00299829
-0.00575782
0.000133982
-0.00697022
-0.0581224
0.000738145
-0.00687538
-0.0458478
0.000495408
-0.00659313
-0.0337376
0.00026467
-0.00565129
-0.0224941
0.000181328
-0.00465733
-0.0128747
6.85423e-05
-0.00334759
-0.00572998
-0.000141228
-0.00010072
-0.0584806
0.00107017
-0.000155899
-0.0461617
0.000838829
-0.00019862
-0.0339816
0.000639258
-7.23999e-05
-0.0226743
0.000561364
-0.000374978
-0.0130368
0.000289302
-0.000588239
-0.00549852
1.32301e-05
0.000151922
-0.0578031
0.00106904
9.04e-05
-0.0455152
0.000834075
-2.89527e-06
-0.0333091
0.000648152
8.18334e-05
-0.0220225
0.000413184
-2.03241e-05
-0.0124031
0.0002671
-9.03699e-05
-0.00535183
4.53442e-05
0.00108788
-0.00165175
-0.000170309
0.00447998
-0.0248191
0.000743832
