0.00735065
-0.0653957
0.00221821
-0.00693579
-0.0653749
0.00123279
-0.00041161
-0.000225491
-0.000120744
0.000248494
4.8345e-05
8.57662e-05
0.006974
-0.0663658
0.00220986
-0.00731128
-0.066376
0.00124841
-0.000223758
-1.12658e-06
0.000115719
0.000268983
-0.000133143
-0.000125239
0.00730361
-0.0530642
0.00190879
0.0070801
-0.0406335
0.00165204
0.00650951
-0.0284365
0.00150255
0.00546377
-0.0180544
0.00132527
0.00397325
-0.00935557
0.000718042
0.00231541
-0.00326631
0.000295679
-0.00694364
-0.0530022
0.000918548
-0.00684692
-0.0405198
0.000588372
-0.00634071
-0.0287341
0.000151893
-0.00534597
-0.0173998
7.36841e-05
-0.00411644
-0.00918866
-0.000217077
-0.00250143
-0.00319809
-0.000678015
0.00694878
-0.0540203
0.00187805
0.00674577
-0.0415792
0.00154485
0.00625557
-0.0293467
0.00122378
0.00518172
-0.0190278
0.000673729
0.00364354
-0.0098531
0.000310573
0.00211278
-0.00282711
-0.000308791
-0.00731519
-0.0539775
0.000947815
-0.00718854
-0.041514
0.000686603
-0.00654244
-0.0296356
0.000493756
-0.00561413
-0.0183622
0.000495731
-0.00464028
-0.00968053
0.00024706
-0.00267284
-0.00380505
-4.96619e-05
0.000212055
-0.0653879
0.00173191
0.00121343
-0.00137432
9.84422e-05
0.00715058
-0.0658841
0.00220749
-0.00160131
-0.00130933
-0.00046847
-0.00708226
-0.0658778
0.0012419
0.000175177
0.000163109
-0.000107417
-0.00053293
-0.000192646
0.000122153
0.000477798
-0.000118365
7.84352e-05
-0.000148722
-0.0663637
0.00173575
0.001041
-0.000984381
-0.000536765
-0.00136781
-0.00149613
0.000227734
-1.32216e-05
8.22698e-05
-6.77423e-05
0.00733966
-0.0592589
0.00206019
0.00722256
-0.0468462
0.00177073
0.00684855
-0.0345117
0.00154686
0.00628818
-0.0227805
0.00137105
0.00467489
-0.0133444
0.000982159
0.00322651
-0.00599021
0.000447769
-0.00694142
-0.0592193
0.00108154
-0.00692187
-0.0467623
0.000748429
-0.00669058
-0.0344491
0.000416438
-0.00593423
-0.0230591
1.48016e-05
-0.0047227
-0.0131219
-6.24444e-05
-0.00340084
-0.00583439
-0.00040844
0.00697528
-0.0602245
0.00204183
0.00687905
-0.0477828
0.00170967
0.00656096
-0.0354386
0.00137028
0.00586932
-0.0237596
0.00103413
0.00433869
-0.0140508
0.000547764
0.00292966
-0.00619967
-7.66854e-06
-0.00731703
-0.0602055
0.00109185
-0.00726
-0.0477446
0.000810803
-0.00703319
-0.0353598
0.000575185
-0.00606787
-0.023963
0.000470615
-0.00516977
-0.0138539
0.000348907
-0.00392862
-0.00612252
0.000134055
0.00710034
-0.0535492
0.00189954
0.00690992
-0.04114
0.00160006
0.00640887
-0.0289866
0.00134412
0.00526987
-0.01874
0.00104443
0.00379395
-0.00965111
0.000561313
0.0024133
-0.00303991
5.51896e-05
-0.00705652
-0.0534909
0.000936433
-0.00690396
-0.0410415
0.000638409
-0.00633048
-0.0291868
0.000266492
-0.00533335
-0.0179597
0.000357653
-0.00421072
-0.00951509
4.52679e-05
-0.00249701
-0.00355245
-0.000377976
-0.000161319
-0.0539902
0.00142116
-0.000203023
-0.0415225
0.00112803
-0.000246694
-0.0293227
0.000885619
-0.000205885
-0.0185469
0.000527606
-0.000522522
-0.00958601
0.000295993
-0.000613077
-0.00297193
-1.20798e-05
0.00016795
-0.0530194
0.00141637
7.60643e-05
-0.0405153
0.00112499
5.61766e-05
-0.0284696
0.000930179
0.000193024
-0.0174717
0.000603476
-2.65535e-05
-0.00903576
0.000283427
-4.22426e-05
-0.00284587
3.15499e-06
1.32683e-05
-0.00102507
-3.1029e-06
-5.09383e-05
-0.000779686
5.03341e-05
3.87381e-05
-0.0658799
0.00172547
-0.00159918
-0.00134172
-4.91505e-05
6.38351e-07
0.000156801
1.01355e-05
0.00136804
-0.00112011
-0.000197954
0.00713527
-0.059749
0.00205483
0.0070297
-0.047325
0.00174581
0.00668231
-0.0349991
0.00147419
0.00609861
-0.0233019
0.00121396
0.00444056
-0.0138044
0.00083485
0.00313133
-0.00611796
0.000280907
-0.00707842
-0.0597069
0.00108783
-0.00698844
-0.0472605
0.000783156
-0.00671773
-0.0349572
0.000488502
-0.00580168
-0.0234656
0.000332055
-0.00481591
-0.0135476
0.000158745
-0.00348737
-0.00608154
-0.000111796
-0.000141114
-0.0602151
0.00157252
-0.000194968
-0.0477216
0.00127123
-0.00024042
-0.0353345
0.00099277
-0.000119781
-0.0237634
0.000824094
-0.000418153
-0.0137951
0.000465822
-0.000644212
-0.00589935
0.000100814
0.000191505
-0.0592337
0.0015716
0.000134956
-0.0467811
0.00126621
4.75231e-05
-0.0343991
0.00100191
0.000129527
-0.0228834
0.000679518
2.16842e-05
-0.0129883
0.000445808
-5.67952e-05
-0.00563806
0.000136572
0.00112014
-0.00180672
-0.000121801
0.00455513
-0.0259325
0.00111569
