0.0073748
-0.0656891
0.00239349
-0.00694046
-0.0656691
0.00131973
-0.000415545
-0.000227653
-0.000122771
0.000252601
4.85004e-05
8.78437e-05
0.00698116
-0.0667476
0.00238508
-0.00733275
-0.0667576
0.00133488
-0.000227513
-2.0505e-06
0.000117578
0.00027153
-0.000135214
-0.000126059
0.0073294
-0.0533355
0.00206829
0.00711132
-0.0408846
0.00179129
0.00655019
-0.028659
0.0016149
0.00550949
-0.0182258
0.00141039
0.0040208
-0.0094638
0.000774478
0.00234996
-0.0033103
0.000321587
-0.00694798
-0.053275
0.000991696
-0.00685277
-0.0407728
0.000648793
-0.00635314
-0.0289524
0.000198698
-0.00536712
-0.0175729
0.000102273
-0.00414174
-0.00929294
-0.000203294
-0.00252174
-0.00323669
-0.000679745
0.00695646
-0.054379
0.00203813
0.00675651
-0.0419114
0.00168575
0.00627114
-0.0296407
0.00133874
0.00520482
-0.0192548
0.000761849
0.00366883
-0.0100037
0.000366431
0.00212822
-0.00288895
-0.000289183
-0.00733748
-0.0543362
0.0010204
-0.00721573
-0.0418449
0.00074545
-0.00657943
-0.0299249
0.000537617
-0.0056595
-0.0185917
0.00052231
-0.00468946
-0.00982589
0.000261583
-0.00270911
-0.00387649
-4.79693e-05
0.000221627
-0.0656817
0.00186271
0.00123399
-0.00139482
0.000109888
0.00716629
-0.0662218
0.00238281
-0.00161595
-0.00132476
-0.00047281
-0.00709632
-0.0662157
0.00132864
0.000179605
0.000165746
-0.00010734
-0.00053896
-0.000195163
0.000121904
0.000483689
-0.000121227
7.97207e-05
-0.000156129
-0.0667456
0.00186636
0.00104831
-0.00101119
-0.000531596
-0.00138954
-0.0015311
0.000230044
-1.52944e-05
8.18937e-05
-6.74949e-05
0.00736422
-0.0595405
0.00222796
0.00725062
-0.0471076
0.00192072
0.00688424
-0.0347497
0.0016738
0.0063299
-0.0229816
0.00147182
0.0047232
-0.0134858
0.00105334
0.00326987
-0.00606509
0.000488579
-0.00694589
-0.0595021
0.0011612
-0.00692649
-0.0470253
0.000815406
-0.00669864
-0.0346876
0.000469917
-0.00595104
-0.0232562
5.2568e-05
-0.00474715
-0.013261
-4.1094e-05
-0.00342498
-0.00590441
-0.000402771
0.0069824
-0.0605945
0.00220995
0.00688785
-0.0481296
0.00186081
0.00657367
-0.0357534
0.00149943
0.00588849
-0.0240243
0.00113709
0.00436483
-0.0142426
0.000619915
0.00295136
-0.00630687
3.08544e-05
-0.00733869
-0.0605755
0.00117126
-0.00728464
-0.0480902
0.000876578
-0.00706411
-0.0356731
0.00062652
-0.00611004
-0.0242255
0.000505349
-0.00521782
-0.0140419
0.000369805
-0.0039755
-0.00622606
0.000141751
0.00711726
-0.0538642
0.00205921
0.00693042
-0.0414309
0.0017403
0.00643589
-0.0292445
0.00145879
0.00530305
-0.0189389
0.00113105
0.00382923
-0.00978047
0.000618107
0.00243996
-0.00309283
7.96729e-05
-0.00707104
-0.053807
0.00100941
-0.00692128
-0.041334
0.000698381
-0.00635503
-0.0294408
0.000312593
-0.00536632
-0.0181624
0.000385231
-0.00424528
-0.00964198
5.9944e-05
-0.00252393
-0.00360624
-0.000377949
-0.000168773
-0.054349
0.00153719
-0.000210862
-0.0418544
0.0012273
-0.000256118
-0.0296157
0.000965172
-0.000215054
-0.0187756
0.000584981
-0.000533657
-0.00973342
0.000331118
-0.000626952
-0.00303518
7.2624e-07
0.000178745
-0.0532918
0.00153252
8.91322e-05
-0.0407686
0.00122469
7.00134e-05
-0.0286914
0.00100926
0.000204101
-0.0176448
0.000662122
-1.59869e-05
-0.00914119
0.00031933
-3.43582e-05
-0.00288325
1.69457e-05
1.93053e-05
-0.00103886
2.79611e-06
-5.65832e-05
-0.000805339
5.78633e-05
3.96179e-05
-0.0662177
0.00185632
-0.00161794
-0.00136424
-5.03559e-05
-4.46681e-07
0.000157404
9.23062e-06
0.00138364
-0.00114456
-0.000188979
0.00715134
-0.0600747
0.0022226
0.00704806
-0.0476291
0.00189643
0.00670624
-0.0352755
0.00160232
0.0061282
-0.0235347
0.0013153
0.00447622
-0.0139705
0.000906868
0.0031635
-0.0062091
0.000321702
-0.00709255
-0.0600337
0.00116742
-0.00700428
-0.0475653
0.000849772
-0.00673767
-0.0352336
0.000541398
-0.00583136
-0.0236955
0.000367815
-0.00485043
-0.0137129
0.000180445
-0.00351968
-0.00617012
-0.000104674
-0.000148743
-0.0605851
0.00169608
-0.000202222
-0.0480689
0.00137935
-0.00024871
-0.0356493
0.00108271
-0.000130395
-0.0240273
0.000891696
-0.000427537
-0.0139852
0.000512209
-0.000657534
-0.00600286
0.000124371
0.000201632
-0.0595162
0.00169523
0.000146652
-0.0470438
0.00137432
6.1209e-05
-0.0346385
0.00109195
0.000142333
-0.0230821
0.000748578
3.31475e-05
-0.013129
0.000492986
-4.7491e-05
-0.00570847
0.000161294
0.00112771
-0.0018478
-0.000107885
0.00456919
-0.0261986
0.00121405
