0.00742481
-0.0663824
0.00292073
-0.00692988
-0.0663652
0.00156646
-0.00042654
-0.0002337
-0.000128724
0.000264767
4.88116e-05
9.41507e-05
0.00698454
-0.0677221
0.00291213
-0.00736809
-0.0677311
0.00158005
-0.000238565
-4.93058e-06
0.000122986
0.000278807
-0.000141408
-0.000128236
0.00738473
-0.0540039
0.0025518
0.00718479
-0.0415345
0.00221661
0.00665594
-0.0292624
0.0019597
0.00563517
-0.0187045
0.00167304
0.00415773
-0.00977374
0.000950415
0.00245149
-0.0034384
0.00040304
-0.00693642
-0.0539486
0.00120119
-0.00684637
-0.0414291
0.000824569
-0.00636945
-0.0295416
0.000337866
-0.00541483
-0.0180595
0.000187689
-0.00420709
-0.0095908
-0.000160854
-0.00257717
-0.00334766
-0.000683174
0.00696152
-0.055325
0.00252356
0.00677174
-0.0428184
0.00211656
0.00630278
-0.0304704
0.00169263
0.00526325
-0.0199093
0.00103613
0.00373872
-0.0104479
0.000541665
0.00217105
-0.00307594
-0.000225978
-0.0073756
-0.0552819
0.00122792
-0.00727042
-0.0427478
0.000915725
-0.00666845
-0.0307384
0.000665996
-0.00577958
-0.019256
0.00059949
-0.00482659
-0.0102536
0.000304355
-0.0028135
-0.00408982
-4.30267e-05
0.000251384
-0.0663763
0.00224868
0.00129498
-0.00145514
0.000146097
0.00719319
-0.0670558
0.0029102
-0.00165666
-0.00136906
-0.000484879
-0.00711204
-0.0670505
0.00157473
0.000192953
0.000173514
-0.000106655
-0.00055614
-0.000202387
0.000120714
0.000500813
-0.000129946
8.35903e-05
-0.000173016
-0.0677202
0.00225169
0.00106838
-0.0010932
-0.000513397
-0.00145308
-0.00163672
0.000236263
-2.16351e-05
8.03828e-05
-6.65555e-05
0.00741552
-0.0602191
0.00273454
0.00731347
-0.047767
0.00237719
0.00697282
-0.0353803
0.00206272
0.00643984
-0.0235378
0.00178236
0.00486003
-0.0138867
0.00127424
0.00339613
-0.00628136
0.000616476
-0.00693472
-0.0601847
0.00138804
-0.0069159
-0.0476904
0.00100872
-0.00669983
-0.0353201
0.000626873
-0.0059828
-0.0237989
0.000165552
-0.00480763
-0.0136551
2.34762e-05
-0.00348931
-0.00610561
-0.000384376
0.00698566
-0.0615535
0.00271767
0.00689663
-0.0490607
0.00232103
0.00659547
-0.0366275
0.00189583
0.00593244
-0.0247814
0.00145549
0.00443556
-0.0148031
0.000845134
0.0030118
-0.00662623
0.000152755
-0.00737468
-0.0615345
0.00139721
-0.00733071
-0.0490174
0.00106573
-0.00713168
-0.0365423
0.000775901
-0.00621777
-0.0249742
0.000606815
-0.00534872
-0.0145905
0.000431116
-0.00410855
-0.00653331
0.000164287
0.00714815
-0.0546714
0.0025433
0.00697318
-0.042207
0.00216893
0.00650099
-0.0299598
0.00181153
0.00539141
-0.019504
0.00139937
0.00392909
-0.0101573
0.000795683
0.00251667
-0.00325041
0.000157388
-0.00708841
-0.0546181
0.00121827
-0.00694841
-0.0421154
0.000872541
-0.00640757
-0.030143
0.00044905
-0.00544984
-0.0187418
0.000466369
-0.00433852
-0.0100112
0.000104212
-0.00259975
-0.00376443
-0.00037696
-0.000185898
-0.0552955
0.00188266
-0.000229571
-0.0427605
0.0015259
-0.000280441
-0.0304425
0.00120662
-0.000239671
-0.0194373
0.000761008
-0.000564578
-0.0101683
0.000439825
-0.000667492
-0.00322581
4.09316e-05
0.000212534
-0.0539641
0.00187841
0.000130553
-0.041426
0.00152467
0.000113981
-0.0292928
0.00124923
0.000238781
-0.0181313
0.0008422
1.7779e-05
-0.0094433
0.00043091
-9.22344e-06
-0.00299169
6.07349e-05
3.83121e-05
-0.00107905
2.17752e-05
-7.37182e-05
-0.000884216
8.13822e-05
4.53921e-05
-0.0670522
0.00224247
-0.00167141
-0.00143096
-5.40286e-05
-3.78928e-06
0.000158743
6.39764e-06
0.00142863
-0.00121854
-0.000159595
0.00717941
-0.0608933
0.00272917
0.00708374
-0.0484244
0.00235495
0.0067607
-0.0360277
0.00199522
0.00620239
-0.024191
0.00162816
0.00457526
-0.0144492
0.00113088
0.00325548
-0.00647719
0.00045007
-0.00710854
-0.0608559
0.001394
-0.00702624
-0.0483631
0.00104182
-0.00677396
-0.0359856
0.000696223
-0.00590246
-0.0243418
0.000473238
-0.00494105
-0.0141896
0.000245268
-0.00360874
-0.00642984
-8.28006e-05
-0.000166406
-0.0615443
0.00206225
-0.000218762
-0.0490016
0.00170285
-0.000269045
-0.0365237
0.00135454
-0.000159387
-0.0247817
0.00109739
-0.000452663
-0.0145408
0.000654979
-0.000695589
-0.0063112
0.00019783
0.000233226
-0.0601976
0.00206165
0.000183411
-0.0477077
0.00169799
0.000104711
-0.0352738
0.00136417
0.000182768
-0.0236305
0.000959674
6.96205e-05
-0.0135286
0.000638637
-1.76952e-05
-0.0059117
0.000238736
0.00114861
-0.00197218
-6.32636e-05
0.00460123
-0.0269518
0.00151654
