0.00743518
-0.0665556
0.00309581
-0.00691911
-0.0665393
0.00164568
-0.000429873
-0.000235534
-0.000130627
0.000268704
4.88617e-05
9.6243e-05
0.00698047
-0.0679913
0.00308715
-0.00737151
-0.068
0.0016587
-0.000242119
-5.9054e-06
0.00012471
0.000281056
-0.000143412
-0.000128865
0.00739695
-0.0541806
0.00271324
0.00720344
-0.0417169
0.00235935
0.00668618
-0.0294409
0.00207578
0.0056732
-0.0188505
0.00176175
0.004201
-0.00987054
0.00101024
0.00248415
-0.00347904
0.000430875
-0.00692532
-0.054127
0.00126902
-0.00683714
-0.0416139
0.000882241
-0.00636848
-0.0297149
0.000384367
-0.00542559
-0.0182087
0.000216491
-0.00422513
-0.00968355
-0.000146082
-0.0025935
-0.00338241
-0.000683534
0.00695802
-0.0555965
0.00268565
0.0067718
-0.0430887
0.00226123
0.00630871
-0.0307261
0.00181204
0.00527907
-0.020115
0.00112935
0.00375964
-0.0105905
0.00060154
0.00218387
-0.00313728
-0.000203912
-0.00738002
-0.0555534
0.00129502
-0.0072808
-0.0430166
0.00097138
-0.00669141
-0.0309881
0.000708419
-0.00581434
-0.0194655
0.000624971
-0.00486846
-0.0103905
0.000318676
-0.00284638
-0.00415908
-4.12456e-05
0.000261779
-0.0665499
0.00237547
0.00131476
-0.00147447
0.00015853
0.00719642
-0.0672771
0.00308534
-0.00166891
-0.00138289
-0.000488429
-0.00710955
-0.067272
0.00165372
0.000197372
0.000176012
-0.000106288
-0.000561472
-0.000204648
0.00012019
0.000506235
-0.000132834
8.48461e-05
-0.000177102
-0.0679895
0.00237825
0.00107432
-0.00112037
-0.000506597
-0.00147338
-0.00167137
0.000238174
-2.37638e-05
7.97823e-05
-6.61793e-05
0.00742634
-0.0603932
0.00290321
0.00732833
-0.0479467
0.00253
0.00699686
-0.0355622
0.00219351
0.00647173
-0.0237057
0.00188718
0.00490261
-0.0140107
0.00134913
0.00343642
-0.00634945
0.000660117
-0.00692374
-0.0603602
0.00146111
-0.00690516
-0.047872
0.00107172
-0.00669336
-0.0355026
0.000678763
-0.00598751
-0.0239618
0.000203561
-0.00482338
-0.0137769
4.55116e-05
-0.00350775
-0.00616862
-0.000377557
0.00698153
-0.0618234
0.00288673
0.00689442
-0.0493332
0.00247514
0.00659785
-0.0368925
0.00202929
0.0059428
-0.0250175
0.00156323
0.00445627
-0.0149815
0.000921824
0.00303001
-0.00672961
0.000194677
-0.00737833
-0.0618045
0.00146994
-0.00733797
-0.0492885
0.00112721
-0.00714672
-0.0368055
0.000824991
-0.00624771
-0.0252072
0.000640378
-0.00538777
-0.0147648
0.000451533
-0.00414987
-0.00663246
0.000171875
0.00715278
-0.0548955
0.00270492
0.00698199
-0.0424325
0.00231284
0.00651783
-0.0301763
0.00193048
0.00541713
-0.0196791
0.00149025
0.00395998
-0.0102769
0.00085619
0.00254076
-0.00330142
0.000184143
-0.00708654
-0.0548436
0.00128586
-0.00695011
-0.0423427
0.000929609
-0.00641861
-0.0303547
0.000494495
-0.00547261
-0.0189225
0.000493414
-0.00436588
-0.0101282
0.000119317
-0.00262304
-0.00381504
-0.000376155
-0.000190094
-0.0555672
0.0019969
-0.00023442
-0.0430304
0.00162539
-0.000287383
-0.0306971
0.00128759
-0.000247015
-0.0196458
0.000820517
-0.000574096
-0.0103079
0.000476796
-0.000680518
-0.00328817
5.47721e-05
0.000224341
-0.0541421
0.00199282
0.000145063
-0.0416111
0.00162465
0.000129369
-0.0294705
0.00132973
0.000250816
-0.0182804
0.000903122
2.96344e-05
-0.00953769
0.000468995
-4.29168e-07
-0.00302596
7.59289e-05
4.48822e-05
-0.00109178
2.84123e-05
-7.94339e-05
-0.00091047
8.94082e-05
4.83178e-05
-0.0672736
0.00236932
-0.00168804
-0.00145243
-5.51693e-05
-4.90397e-06
0.000159047
5.42768e-06
0.00144279
-0.00124281
-0.000149234
0.00718305
-0.0611152
0.00289783
0.00709005
-0.0486505
0.00250847
0.00677369
-0.036251
0.00212744
0.00622256
-0.0243929
0.00173391
0.00460535
-0.0145996
0.00120696
0.00328422
-0.006563
0.000493999
-0.00710616
-0.0610791
0.00146696
-0.00702605
-0.04859
0.00110436
-0.00677901
-0.0362088
0.000747305
-0.00592044
-0.02454
0.000508343
-0.00496683
-0.0143395
0.000267146
-0.00363548
-0.00651272
-7.51254e-05
-0.000170775
-0.0618144
0.00218291
-0.00022278
-0.0492747
0.00181022
-0.000274511
-0.0367887
0.00144543
-0.000168166
-0.0250169
0.00116652
-0.000460138
-0.0147176
0.000703344
-0.000707586
-0.00641102
0.000222962
0.000244266
-0.0603727
0.00218241
0.000196257
-0.0478889
0.00180546
0.000119955
-0.0354574
0.00145524
0.000196864
-0.0237955
0.00103087
8.23943e-05
-0.0136525
0.00068811
-7.22267e-06
-0.00597562
0.000265326
0.00115485
-0.00201303
-4.77568e-05
0.00460875
-0.0271845
0.00161859
