0.007443
-0.066702
0.00327
-0.00690521
-0.0666867
0.00172423
-0.000433007
-0.000237259
-0.000132471
0.000272548
4.88843e-05
9.83122e-05
0.00697418
-0.0682336
0.00326128
-0.00737144
-0.068242
0.00173669
-0.000245577
-6.87696e-06
0.000126384
0.000283188
-0.000145359
-0.000129443
0.00740663
-0.0543353
0.00287409
0.0072196
-0.0418825
0.00250179
0.00671412
-0.0296074
0.00219171
0.00570929
-0.0189887
0.0018504
0.00424284
-0.00996327
0.00107012
0.00251596
-0.00351825
0.000458765
-0.0069111
-0.0542836
0.00133651
-0.00682482
-0.0417817
0.000939913
-0.00636462
-0.0298761
0.000431184
-0.00543384
-0.0183503
0.000245675
-0.00424119
-0.00977228
-0.000130874
-0.00260861
-0.00341572
-0.00068341
0.0069523
-0.055846
0.00284716
0.00676967
-0.0433418
0.00240561
0.00631252
-0.0309694
0.00193136
0.00529303
-0.0203127
0.00122271
0.00377918
-0.0107289
0.000661587
0.00219583
-0.00319737
-0.000181583
-0.00738097
-0.0558027
0.00136176
-0.00728781
-0.0432682
0.00102698
-0.00671133
-0.0312253
0.000751007
-0.0058465
-0.0196671
0.000650629
-0.00490824
-0.0105232
0.000333191
-0.00287807
-0.00422662
-3.93109e-05
0.000272465
-0.0666968
0.00250148
0.00133411
-0.00149322
0.000171011
0.00719728
-0.0674715
0.00325959
-0.00168038
-0.00139611
-0.000491667
-0.00710377
-0.0674666
0.00173204
0.000201746
0.000178443
-0.000105858
-0.000566561
-0.000206817
0.000119614
0.00051146
-0.000135681
8.60655e-05
-0.000180555
-0.0682318
0.00250403
0.00107982
-0.00114712
-0.000499514
-0.00149309
-0.00170532
0.000240042
-2.58874e-05
7.91489e-05
-6.57729e-05
0.00743461
-0.0605429
0.00307114
0.00734067
-0.048107
0.00268238
0.00701848
-0.0357295
0.0023241
0.00650139
-0.0238638
0.00199193
0.00494353
-0.0141289
0.00142405
0.00347554
-0.00641493
0.000703841
-0.00690964
-0.0605113
0.00153367
-0.00689131
-0.0480343
0.00113456
-0.00668385
-0.0356706
0.000730804
-0.00598949
-0.0241149
0.000241965
-0.00483687
-0.0138929
6.79645e-05
-0.00352454
-0.00622904
-0.000370288
0.0069752
-0.0620688
0.00305505
0.00689
-0.049586
0.00262883
0.00659806
-0.0371427
0.00216259
0.0059511
-0.0252437
0.00167097
0.00447537
-0.0151538
0.000998654
0.00304706
-0.0068303
0.000236823
-0.00737849
-0.0620499
0.00154216
-0.00734182
-0.04954
0.0011885
-0.00715849
-0.0370539
0.000874149
-0.00627483
-0.02543
0.000674136
-0.00542447
-0.014933
0.000472155
-0.00418944
-0.00672889
0.000179627
0.00715504
-0.0550977
0.00286596
0.00698846
-0.0426409
0.00245647
0.00653245
-0.0303806
0.00204933
0.00544099
-0.0198462
0.00158114
0.00398948
-0.0103923
0.000916798
0.00256393
-0.00335109
0.000211029
-0.00708141
-0.055047
0.0013531
-0.00694862
-0.042553
0.000986656
-0.00642673
-0.0305542
0.000540203
-0.00549288
-0.0190955
0.000520719
-0.00439128
-0.010241
0.000134726
-0.00264518
-0.00386405
-0.000375032
-0.000193674
-0.0558169
0.00211066
-0.000238703
-0.0432832
0.00172469
-0.000293832
-0.0309393
0.0013686
-0.000253993
-0.0198464
0.000880197
-0.000583245
-0.0104433
0.000513939
-0.000693241
-0.0033492
6.87492e-05
0.000236446
-0.0542982
0.00210677
0.000159896
-0.0417793
0.00172447
0.000145068
-0.0296362
0.00141027
0.000263074
-0.018422
0.000964238
4.17369e-05
-0.00962812
0.000507314
8.52897e-06
-0.00305896
9.1311e-05
5.15344e-05
-0.00110404
3.5143e-05
-8.51206e-05
-0.00093636
9.74635e-05
5.17044e-05
-0.0674681
0.0024954
-0.00170393
-0.00147328
-5.62186e-05
-6.00492e-06
0.000159289
4.45194e-06
0.0014564
-0.00126659
-0.000138722
0.00718432
-0.0613127
0.00306575
0.007094
-0.0488571
0.00266157
0.0067844
-0.0364597
0.00225947
0.00624059
-0.0245848
0.00183962
0.00463383
-0.0147441
0.00128309
0.00331178
-0.00664615
0.000538058
-0.00710049
-0.0612779
0.00153942
-0.00702262
-0.0487974
0.00116672
-0.00678098
-0.0364175
0.000798507
-0.00593572
-0.0247282
0.000543718
-0.00499037
-0.0144835
0.000289334
-0.0036606
-0.0065929
-6.71557e-05
-0.00017452
-0.0620599
0.00230295
-0.000226194
-0.0495282
0.00191726
-0.000279439
-0.0370391
0.00153627
-0.000176551
-0.025242
0.00123571
-0.000467228
-0.0148885
0.000751872
-0.000719217
-0.00650823
0.000248269
0.000255601
-0.0605234
0.00230255
0.000209405
-0.0480507
0.00191263
0.000135523
-0.0356266
0.00154627
0.00021123
-0.0239509
0.00110222
9.54276e-05
-0.0137706
0.000737807
3.46951e-06
-0.00603706
0.000292136
0.00116064
-0.00205307
-3.21001e-05
0.00461478
-0.0274062
0.00172062
