0.00745235
-0.0669197
0.0036144
-0.00686925
-0.0669064
0.00188143
-0.000438613
-0.000240346
-0.000135938
0.000279879
4.88457e-05
0.000102337
0.0069559
-0.068639
0.00360554
-0.00736254
-0.0686467
0.00189274
-0.000252139
-8.7853e-06
0.000129558
0.000287034
-0.000149011
-0.000130445
0.00741965
-0.0545822
0.00319237
0.00724548
-0.0421633
0.00278384
0.00676356
-0.0299028
0.00242135
0.00577553
-0.0192398
0.0020259
0.00432161
-0.0101346
0.00118878
0.00257647
-0.00359153
0.000514014
-0.00687453
-0.054534
0.00147209
-0.0067921
-0.0420671
0.00105634
-0.00634897
-0.0301607
0.000526357
-0.005443
-0.0186087
0.000305675
-0.00426712
-0.00993584
-9.88865e-05
-0.00263481
-0.00347729
-0.000681499
0.00693511
-0.0562781
0.0031667
0.00675951
-0.043794
0.00269151
0.00631419
-0.0314149
0.0021678
0.00531529
-0.0206795
0.00140797
0.00381358
-0.0109892
0.00078085
0.00221678
-0.00331203
-0.000136711
-0.00737416
-0.0562347
0.00149582
-0.00729318
-0.0437173
0.00113919
-0.00674283
-0.0316584
0.000837477
-0.00590319
-0.0200422
0.00070316
-0.00498112
-0.0107725
0.000363158
-0.00293739
-0.00435477
-3.47828e-05
0.000294794
-0.0669154
0.00275157
0.00137112
-0.00152851
0.000195787
0.007193
-0.0677831
0.0036041
-0.00170071
-0.00142042
-0.00049704
-0.00708374
-0.0677788
0.00188877
0.000210297
0.000183054
-0.00010483
-0.000575907
-0.000210836
0.000118331
0.000521195
-0.000141173
8.83493e-05
-0.000185956
-0.0686373
0.00275364
0.00108934
-0.00119847
-0.000484707
-0.00153033
-0.00177023
0.000243731
-3.00888e-05
7.78205e-05
-6.48723e-05
0.00744485
-0.0607736
0.00340327
0.00735896
-0.048371
0.00298403
0.00705526
-0.0360203
0.00258278
0.00655431
-0.0241489
0.00219941
0.00501991
-0.0143458
0.00157246
0.00354962
-0.00653664
0.000790529
-0.00687328
-0.0607448
0.00167913
-0.00685549
-0.0483023
0.0012611
-0.00665679
-0.0359627
0.000836192
-0.00598572
-0.0243896
0.000320455
-0.00485703
-0.0141058
0.000114479
-0.00355283
-0.00634083
-0.000354171
0.0069568
-0.0624867
0.00338794
0.00687535
-0.0500313
0.00293302
0.00659252
-0.0375954
0.00242665
0.00596177
-0.0256613
0.00188452
0.00450839
-0.0154763
0.00115112
0.00307723
-0.0070208
0.000320768
-0.00737009
-0.0624678
0.00168692
-0.00734081
-0.0499824
0.00131188
-0.00717346
-0.0375031
0.000973655
-0.00632104
-0.0258408
0.000742977
-0.00549065
-0.0152475
0.000514503
-0.00426277
-0.00691103
0.000195913
0.00715353
-0.0554372
0.0031846
0.00699527
-0.0430056
0.0027409
0.00655552
-0.0307499
0.00228481
0.00548302
-0.0201533
0.00176126
0.00404378
-0.0106078
0.00103697
0.00260699
-0.00344507
0.000264484
-0.00706271
-0.0553892
0.00148818
-0.00693731
-0.0429214
0.0011018
-0.00643493
-0.0309136
0.000633056
-0.00552608
-0.0194147
0.0005767
-0.00443594
-0.0104515
0.000166735
-0.0026856
-0.00395601
-0.000371645
-0.000199368
-0.0562494
0.00233675
-0.000245923
-0.0437346
0.00192239
-0.000305513
-0.0313826
0.00153011
-0.000267027
-0.0202195
0.000999464
-0.000600514
-0.010698
0.000588253
-0.000717638
-0.00346549
9.69077e-05
0.000261573
-0.0545478
0.00233325
0.000190421
-0.0420655
0.00192323
0.000177232
-0.02993
0.00157095
0.0002882
-0.0186802
0.00108641
6.65366e-05
-0.00979526
0.000584129
2.68192e-05
-0.00312037
0.000122362
6.49948e-05
-0.00112685
4.87308e-05
-9.6336e-05
-0.000986242
0.000113507
5.97183e-05
-0.0677801
0.0027456
-0.00173323
-0.00151254
-5.79305e-05
-8.13376e-06
0.000159599
2.49981e-06
0.00148172
-0.00131198
-0.00011756
0.00718086
-0.0616368
0.00339787
0.00709582
-0.0492118
0.00296461
0.00679964
-0.0368313
0.002521
0.00627054
-0.0249358
0.0020491
0.00468563
-0.015012
0.00143398
0.00336283
-0.00680233
0.000625505
-0.0070807
-0.0616045
0.00168466
-0.00700739
-0.0491538
0.00129228
-0.00677667
-0.0367888
0.000902158
-0.00595855
-0.0250715
0.000615932
-0.0050306
-0.0147506
0.000335026
-0.00370563
-0.00674318
-5.01076e-05
-0.000180514
-0.0624779
0.00254131
-0.000231605
-0.0499746
0.00213016
-0.000288008
-0.037492
0.00171725
-0.000192283
-0.0256575
0.00137377
-0.000480428
-0.0152083
0.000848859
-0.000741346
-0.00669218
0.000299038
0.000279212
-0.060756
0.00254114
0.000236583
-0.0483179
0.00212584
0.000167482
-0.0359209
0.00172771
0.000240648
-0.0242302
0.00124478
0.000122132
-0.0139878
0.000837278
2.53751e-05
-0.00615113
0.000345997
0.00117075
-0.00212954
-7.40224e-07
0.00462259
-0.0278128
0.00192305
