0.00752645
-0.0572828
0.00170628
-0.00697669
-0.0572397
0.000335465
-0.000247198
-0.000127117
-7.76962e-05
0.000142875
3.94399e-05
4.94886e-05
0.00725973
-0.0586162
0.00168495
-0.00722929
-0.0586307
0.000364019
-0.000124197
9.10685e-06
6.62971e-05
0.000155825
-6.82546e-05
-8.22811e-05
0.00741931
-0.0447027
0.00148696
0.00696151
-0.0320789
0.00129139
0.00595595
-0.020187
0.00118707
0.00448612
-0.0114904
0.00102188
0.00277423
-0.00511734
0.000432639
0.00143563
-0.00149356
0.000146807
-0.00697527
-0.0445772
0.00014065
-0.00674396
-0.0318898
-7.64006e-05
-0.0058556
-0.0206916
-0.000455025
-0.00439041
-0.010701
-0.000289128
-0.00295961
-0.00508802
-0.000397105
-0.00160614
-0.00154196
-0.000571026
0.00718932
-0.0459818
0.00141817
0.00674436
-0.0332298
0.00108305
0.00584563
-0.0211933
0.000737908
0.00434415
-0.012457
0.00018901
0.00257422
-0.00554028
1.46259e-05
0.00135408
-0.00123489
-0.000313819
-0.0072378
-0.0458742
0.000199319
-0.00697542
-0.0330923
9.91555e-05
-0.00587301
-0.0216487
5.42664e-05
-0.00448251
-0.011594
0.000248518
-0.0032982
-0.00545981
3.64485e-05
-0.00170117
-0.00191626
-0.000107617
0.000288089
-0.0572643
0.00103504
0.000700542
-0.000547258
4.51285e-05
0.00737108
-0.0579571
0.0016833
-0.000985153
-0.000575538
-0.000343953
-0.00702859
-0.0579419
0.000356233
0.000119227
0.000123669
-7.11306e-05
-0.000319464
-0.000101479
8.07983e-05
0.000284132
-5.37425e-05
4.82303e-05
5.07939e-05
-0.0586089
0.00103681
0.000640618
-0.000348008
-0.000409824
-0.000799104
-0.000636634
0.000117043
-2.23246e-07
7.09455e-05
-4.84605e-05
0.00749985
-0.0510425
0.00159625
0.00724812
-0.0383539
0.001381
0.00653255
-0.0260369
0.00120086
0.00557003
-0.0152095
0.00103953
0.00350536
-0.0078422
0.000661134
0.00212281
-0.00303531
0.000233309
-0.00698313
-0.0509577
0.000245849
-0.00691078
-0.0381967
2.51367e-05
-0.00643951
-0.0259576
-0.000198821
-0.00521779
-0.0155783
-0.00052782
-0.0036083
-0.00770223
-0.000339577
-0.00230853
-0.00302628
-0.000460549
0.00725814
-0.0523601
0.00155507
0.00702651
-0.0395558
0.00125426
0.00637996
-0.0271062
0.000885961
0.0052571
-0.016209
0.000566884
0.00330252
-0.00847363
0.000141346
0.0019558
-0.00322806
-0.000165843
-0.00724458
-0.0523075
0.000265659
-0.00713057
-0.0394485
0.000142316
-0.00667235
-0.0269722
6.26942e-05
-0.00512124
-0.0164698
0.000126732
-0.00389957
-0.00831291
0.000107705
-0.00263913
-0.00321909
-1.97203e-05
0.00726003
-0.0453546
0.0014666
0.00687073
-0.0327041
0.00119125
0.00598389
-0.0208337
0.000927922
0.00442759
-0.0122135
0.000644385
0.00271665
-0.00538123
0.000250108
0.00158302
-0.00136239
-6.65277e-05
-0.00697887
-0.0452378
0.000180303
-0.00668035
-0.0325464
1.54713e-05
-0.00573391
-0.0211623
-0.000281645
-0.00432474
-0.0112787
5.61085e-05
-0.00305264
-0.0053435
-0.000171952
-0.0016251
-0.00177636
-0.000367883
7.69088e-06
-0.0459062
0.000820288
-0.000103233
-0.0331032
0.000601333
-0.000177157
-0.0211452
0.000428813
-9.64297e-05
-0.011828
0.000100036
-0.000387649
-0.00531809
2.55449e-05
-0.000394061
-0.00133586
-0.000112069
0.000197318
-0.0446085
0.000820517
3.17419e-05
-0.031868
0.000616481
1.54823e-05
-0.0202608
0.000516328
0.000189543
-0.0107668
0.000236981
-3.64648e-05
-0.00487979
2.65724e-05
-2.60098e-05
-0.00124455
-0.000100282
2.04868e-05
-0.000363638
-5.322e-05
-1.64625e-05
-0.000198054
-3.82036e-05
0.00018341
-0.0579477
0.00101823
-0.000998496
-0.000577197
-8.28822e-05
1.32716e-05
0.000124602
-9.44826e-07
0.000849234
-0.000414863
-0.000175861
0.00733612
-0.0517146
0.00158456
0.00710975
-0.038973
0.0013321
0.00645237
-0.0266056
0.00106851
0.00550748
-0.0157198
0.000810839
0.00339567
-0.00828655
0.00046843
0.00213384
-0.00315586
5.80714e-05
-0.00702421
-0.0516288
0.000261106
-0.00684565
-0.0388474
9.49115e-05
-0.00634853
-0.026558
-7.87027e-05
-0.00494735
-0.0159655
-7.10695e-05
-0.00369457
-0.0080826
-0.000119091
-0.00239668
-0.00319833
-0.000237434
6.04816e-05
-0.0523343
0.000920025
-7.21668e-05
-0.0394215
0.000712638
-0.000173322
-0.0269125
0.000498013
7.98656e-07
-0.0162009
0.000416967
-0.000327612
-0.0082077
0.000123325
-0.000443965
-0.00300715
-8.13295e-05
0.000245657
-0.050989
0.000924792
0.000134855
-0.0382236
0.0007148
-1.09875e-05
-0.0258503
0.000530969
0.000120436
-0.0153125
0.000241666
-9.13576e-06
-0.00749295
0.000128076
-4.54368e-05
-0.00281148
-4.82856e-05
0.000738162
-0.000697161
-0.000173567
0.00418106
-0.0181037
0.000675845
