0.00744783
-0.0668965
0.00504102
-0.0066287
-0.0668898
0.0026836
-0.000449988
-0.000246616
-0.000146055
0.000303369
4.73079e-05
0.000116564
0.00681325
-0.0692418
0.00503154
-0.00725775
-0.069247
0.00269085
-0.000272753
-1.57251e-05
0.000139899
0.000294562
-0.000158598
-0.000132258
0.00742738
-0.0547915
0.0044923
0.00729693
-0.0426229
0.003921
0.00689684
-0.0305479
0.00333731
0.00597021
-0.0198592
0.00271346
0.00456776
-0.0105926
0.00164531
0.00277073
-0.00379699
0.000721988
-0.00663216
-0.0547553
0.00216358
-0.00656406
-0.0425424
0.00164509
-0.00618442
-0.0307656
0.0010042
-0.00537411
-0.0192568
0.00062165
-0.00427411
-0.0103665
8.06475e-05
-0.00267296
-0.00363938
-0.000637796
0.00679569
-0.057105
0.00447058
0.00664297
-0.0448221
0.00384134
0.00623797
-0.0325546
0.00310765
0.00531593
-0.0216727
0.00213304
0.0038691
-0.0117354
0.00124243
0.00224716
-0.00365966
4.26564e-05
-0.00727738
-0.0570601
0.00218145
-0.0072403
-0.0447342
0.00171196
-0.00678549
-0.0327525
0.00128156
-0.00604128
-0.0210687
0.000987754
-0.00518377
-0.0114835
0.000527724
-0.0031154
-0.00473768
4.41608e-06
0.00041176
-0.0668953
0.00386351
0.0014924
-0.00163077
0.000289238
0.00712014
-0.0680733
0.00503103
-0.00173793
-0.00148115
-0.000496386
-0.00691942
-0.0680706
0.00268934
0.000242318
0.000197412
-9.83489e-05
-0.000599803
-0.000221876
0.00011155
0.000547701
-0.000159126
9.40918e-05
-0.000207357
-0.0692402
0.00386375
0.00110114
-0.00135812
-0.000416919
-0.00164595
-0.00197142
0.000263076
-4.69491e-05
7.24566e-05
-5.95165e-05
0.00744324
-0.0608608
0.00476933
0.00738452
-0.0487059
0.00420792
0.0071443
-0.0365816
0.00361953
0.00669863
-0.0248254
0.0030186
0.00525381
-0.0149072
0.00214881
0.00378426
-0.00687017
0.00112142
-0.00663144
-0.0608413
0.00242276
-0.00661607
-0.0486504
0.00190321
-0.00644973
-0.0365279
0.00136802
-0.00586607
-0.0250263
0.000721114
-0.00483432
-0.0146535
0.000363687
-0.00358083
-0.00663932
-0.000247199
0.00681366
-0.0631984
0.00475638
0.00674402
-0.0509693
0.00416513
0.00649134
-0.0386925
0.00348163
0.00591801
-0.0267706
0.00272568
0.00455229
-0.0163792
0.00174398
0.00312702
-0.0075788
0.000646572
-0.00726732
-0.063179
0.00242778
-0.00726492
-0.0509099
0.00194214
-0.00715517
-0.0385872
0.00148305
-0.00641851
-0.0269234
0.00110535
-0.00566537
-0.0161253
0.000742886
-0.00447393
-0.00744309
0.000293454
0.00708979
-0.0559552
0.00448559
0.00695936
-0.0437431
0.00388594
0.00657573
-0.0316374
0.00322116
0.00557424
-0.0209514
0.00246615
0.00418756
-0.0112076
0.00149904
0.00272588
-0.00372068
0.000467533
-0.00690363
-0.0559161
0.0021777
-0.00680551
-0.0436714
0.00168543
-0.00637575
-0.0317649
0.00110136
-0.00556332
-0.0202602
0.00087491
-0.00452724
-0.0110346
0.000340969
-0.00278826
-0.00421544
-0.000330579
-0.000222427
-0.0570771
0.00332896
-0.000275783
-0.0447599
0.00277883
-0.000352537
-0.0325144
0.00222203
-0.000320865
-0.0212372
0.00150546
-0.000666184
-0.011428
0.000899898
-0.000804687
-0.00381725
0.000217165
0.000387789
-0.0547662
0.00332742
0.000334329
-0.0425438
0.00278454
0.000324623
-0.0305686
0.00226143
0.000406158
-0.0193279
0.00160442
0.000179591
-0.0102408
0.000907223
0.000108987
-0.00328805
0.000253341
0.000123487
-0.00118766
0.000104543
-0.000141181
-0.00114399
0.00017751
0.000106034
-0.0680712
0.00385784
-0.0018114
-0.00162442
-5.47063e-05
-1.52214e-05
0.000158957
-5.5392e-06
0.00155143
-0.00144975
-3.45116e-05
0.00711066
-0.0620357
0.00476377
0.00704318
-0.0498483
0.00419308
0.00679272
-0.0376597
0.00356737
0.00631502
-0.0258267
0.00287529
0.00481589
-0.0157369
0.00201907
0.00350151
-0.00724734
0.000959519
-0.00691743
-0.0620118
0.00242743
-0.00686101
-0.0497955
0.00193059
-0.00667085
-0.0376157
0.00142693
-0.00595467
-0.0259335
0.000991731
-0.00509849
-0.0154745
0.000577279
-0.00380891
-0.00716699
5.33517e-05
-0.000204135
-0.0631899
0.00359431
-0.000254347
-0.0509164
0.00305818
-0.000323356
-0.0385898
0.00249645
-0.00025541
-0.0267587
0.00196375
-0.000533317
-0.0161043
0.00125747
-0.000821549
-0.00723191
0.000512539
0.00040046
-0.0608499
0.00359528
0.000369474
-0.0486635
0.00305577
0.000315504
-0.0364943
0.00250991
0.000376233
-0.0248846
0.00185357
0.000244469
-0.0145526
0.00125743
0.00012494
-0.00646095
0.00057207
0.00118404
-0.00236261
0.000122747
0.00459358
-0.0288602
0.00273612
