0.00744576
-0.0666007
0.00545252
-0.00653906
-0.0665948
0.00301619
-0.000447951
-0.000245495
-0.000146882
0.000306575
4.63325e-05
0.000119202
0.00675211
-0.069025
0.00544286
-0.00722672
-0.0690297
0.00302281
-0.000275435
-1.71049e-05
0.00014159
0.000292624
-0.000158395
-0.000131834
0.00742684
-0.0545776
0.00485181
0.00730197
-0.0424942
0.00422256
0.00691291
-0.0304961
0.00357191
0.00599468
-0.0198531
0.00288011
0.00460091
-0.0106071
0.00174893
0.00279822
-0.00380842
0.000765582
-0.00654233
-0.0545429
0.00244666
-0.00647681
-0.0424157
0.00187934
-0.00610831
-0.0307068
0.00118818
-0.00531601
-0.0192555
0.000748587
-0.00423535
-0.0103763
0.000155486
-0.00265324
-0.00364236
-0.000608644
0.00673474
-0.0569688
0.00483045
0.00658459
-0.0447634
0.00414437
0.00618514
-0.0325622
0.00334563
0.00527707
-0.0217062
0.00230643
0.00384401
-0.0117806
0.00134805
0.00222929
-0.00368997
8.53137e-05
-0.00724781
-0.0569234
0.00246347
-0.00721736
-0.0446738
0.00194336
-0.0067774
-0.0327529
0.00145931
-0.00604887
-0.0211092
0.00110807
-0.00520175
-0.011526
0.000597115
-0.00313585
-0.00477017
2.6521e-05
0.000455398
-0.0665998
0.00423523
0.00151061
-0.00163814
0.00030865
0.00708863
-0.067817
0.00544252
-0.00172758
-0.00147984
-0.000485405
-0.00686021
-0.0678145
0.00302171
0.000249514
0.000199149
-9.58954e-05
-0.000599875
-0.000222494
0.000109327
0.000548504
-0.000161524
9.37357e-05
-0.000222694
-0.0690234
0.00423513
0.00109176
-0.00137382
-0.000397201
-0.00166063
-0.00199256
0.000271546
-5.14112e-05
7.14186e-05
-5.73136e-05
0.00744152
-0.0606051
0.00515532
0.00738628
-0.0485345
0.00453928
0.00715432
-0.0364924
0.00388916
0.00671498
-0.0248038
0.00322179
0.00528461
-0.0149157
0.00228405
0.00381648
-0.00688493
0.00119414
-0.00654162
-0.0605868
0.00273019
-0.00652684
-0.0484806
0.00216218
-0.00636614
-0.0364389
0.00157689
-0.00579808
-0.0249969
0.000877096
-0.00478668
-0.0146596
0.000464376
-0.00355125
-0.00664802
-0.000197179
0.0067524
-0.0630214
0.00514258
0.00668389
-0.0508734
0.00449743
0.00643492
-0.0386686
0.0037536
0.00587075
-0.0267986
0.00293241
0.00452215
-0.016424
0.00188261
0.00310564
-0.0076183
0.00072055
-0.00723671
-0.0630018
0.00273468
-0.00723853
-0.050812
0.00219905
-0.00713738
-0.0385614
0.0016879
-0.00641925
-0.0269469
0.00125399
-0.00567865
-0.0161683
0.000838039
-0.00449445
-0.00748141
0.000337832
0.00705937
-0.0557802
0.00484516
0.00693239
-0.0436485
0.00418835
0.00655626
-0.0316142
0.00345856
0.0055666
-0.020963
0.00263572
0.00419101
-0.0112365
0.00160336
0.00273139
-0.00374067
0.000510589
-0.00684542
-0.0557421
0.0024604
-0.00675174
-0.0435784
0.00191862
-0.00633418
-0.0317356
0.00128332
-0.0055391
-0.020281
0.000997553
-0.0045162
-0.0110616
0.000412467
-0.00278928
-0.00422916
-0.000305726
-0.000238244
-0.0569409
0.00364952
-0.000292918
-0.0447007
0.00304521
-0.000372374
-0.0325206
0.0024299
-0.000341496
-0.0212754
0.00165224
-0.000685886
-0.0114725
0.000987038
-0.000823913
-0.00384817
0.000251318
0.00043249
-0.0545535
0.00364852
0.000380784
-0.0424177
0.00305239
0.000370146
-0.0305154
0.00246979
0.000444399
-0.0193268
0.00175403
0.000214194
-0.010254
0.000997295
0.000133725
-0.00329459
0.000288832
0.000140387
-0.00118874
0.000118502
-0.00015315
-0.00116116
0.000193437
0.00012002
-0.0678151
0.00422953
-0.00181426
-0.00163072
-4.83879e-05
-1.6316e-05
0.000158258
-7.68857e-06
0.0015545
-0.00146188
-1.6202e-05
0.00707947
-0.0618193
0.00514968
0.0070141
-0.0497147
0.00452498
0.00676956
-0.0376029
0.00383816
0.00629905
-0.0258292
0.00307926
0.00481557
-0.0157618
0.00215546
0.00350665
-0.00727372
0.00103268
-0.00685847
-0.0617965
0.00273469
-0.00680482
-0.0496623
0.00218881
-0.00662138
-0.0375584
0.00163429
-0.00592259
-0.0259309
0.00114285
-0.00508101
-0.0155002
0.000675039
-0.0038038
-0.00719005
9.95534e-05
-0.000219839
-0.0630129
0.0039406
-0.000270349
-0.0508207
0.00335238
-0.000341444
-0.0385659
0.00273433
-0.000278024
-0.0267855
0.00213928
-0.000552522
-0.0161494
0.00137374
-0.000841433
-0.00727106
0.000571914
0.000444612
-0.0605951
0.00394192
0.000414872
-0.0484935
0.00335053
0.000361965
-0.0364067
0.00274896
0.000418687
-0.0248585
0.00203322
0.000282297
-0.0145622
0.00137681
0.000155275
-0.00647288
0.000634027
0.00117428
-0.00238375
0.000151205
0.00456103
-0.0288708
0.00294694
