0.00744702
-0.066016
0.00594108
-0.00642163
-0.0660101
0.00352386
-0.000440547
-0.000241427
-0.000145809
0.000306731
4.47197e-05
0.000120732
0.00666039
-0.068421
0.00593124
-0.00720205
-0.0684257
0.00353035
-0.000275386
-1.80846e-05
0.000142364
0.000286272
-0.000155124
-0.000130461
0.00742782
-0.054093
0.00526006
0.00730194
-0.0421112
0.0045486
0.00691212
-0.0302157
0.0038145
0.00599334
-0.0196716
0.00303987
0.00460228
-0.010511
0.00183852
0.00280174
-0.00377532
0.000797973
-0.00642497
-0.054058
0.00287446
-0.00636074
-0.042032
0.00222631
-0.00599728
-0.0304233
0.001454
-0.005215
-0.0190756
0.000935101
-0.00415284
-0.0102783
0.000266444
-0.00260141
-0.00360395
-0.000558505
0.00664257
-0.0564645
0.00523841
0.00649151
-0.0443591
0.00446995
0.00609266
-0.0322602
0.00358851
0.00519257
-0.0214967
0.00246959
0.00377327
-0.0116635
0.00144058
0.00218195
-0.00365408
0.000124205
-0.00722374
-0.0564187
0.00289081
-0.00719398
-0.0442693
0.0022891
-0.00675667
-0.0324494
0.00172204
-0.00603223
-0.0209051
0.00129013
-0.0051865
-0.0114141
0.000701405
-0.00313064
-0.00472994
6.34819e-05
0.000514708
-0.0660151
0.00473338
0.00151497
-0.00162501
0.000322673
0.00704341
-0.0672227
0.00593097
-0.00169554
-0.00146036
-0.000462159
-0.00678907
-0.0672201
0.00352938
0.000255776
0.000198766
-9.26663e-05
-0.000593454
-0.000220814
0.00010661
0.000542637
-0.00016143
9.12458e-05
-0.000256063
-0.0684194
0.0047331
0.00106826
-0.00136087
-0.000374978
-0.0016598
-0.00197998
0.000284712
-5.62683e-05
7.08501e-05
-5.40995e-05
0.00744268
-0.0600703
0.00560395
0.00738694
-0.0481004
0.00490657
0.00715377
-0.0361604
0.00417366
0.00671144
-0.0245753
0.00342312
0.00528489
-0.0147794
0.00240748
0.00381883
-0.0068235
0.00125342
-0.00642415
-0.0600519
0.00319807
-0.00640987
-0.048046
0.0025496
-0.00625172
-0.0361059
0.00188315
-0.00569105
-0.0247634
0.00110316
-0.00469418
-0.0145222
0.000612114
-0.00348183
-0.00658396
-0.000119647
0.00666061
-0.0624673
0.00559101
0.00659121
-0.0504191
0.0048644
0.00634183
-0.0383151
0.00403785
0.00578107
-0.0265462
0.00313502
0.00444367
-0.0162624
0.0020086
0.00304482
-0.00754217
0.000784172
-0.00721231
-0.0624474
0.00320229
-0.00721484
-0.0503572
0.00258569
-0.00711438
-0.0382081
0.00199236
-0.00640064
-0.026693
0.00147599
-0.00566254
-0.0160108
0.000980581
-0.00448103
-0.00741116
0.00040672
0.00701382
-0.0552857
0.00525328
0.00688619
-0.0432545
0.00451389
0.00650975
-0.0313223
0.00370109
0.00552454
-0.0207657
0.00279665
0.00415714
-0.0111285
0.0016928
0.00270917
-0.00370452
0.000543216
-0.00677475
-0.0552474
0.00288799
-0.00668226
-0.0431844
0.00226484
-0.00626888
-0.0314415
0.00154773
-0.00548162
-0.0200893
0.00118025
-0.00446987
-0.0109546
0.000518027
-0.00276375
-0.00418494
-0.000263776
-0.000272007
-0.0564363
0.00406711
-0.000326966
-0.0442961
0.00338054
-0.000406398
-0.0322185
0.00268281
-0.000374243
-0.0210687
0.00182435
-0.000712055
-0.0113591
0.00108513
-0.000841497
-0.00381281
0.000290078
0.000491366
-0.0540688
0.00406663
0.000438116
-0.0420345
0.00338934
0.000424416
-0.030234
0.00272397
0.000491844
-0.0191474
0.00192837
0.000255234
-0.0101586
0.00109792
0.000162793
-0.00326191
0.000326766
0.000159654
-0.00117411
0.000131905
-0.000166388
-0.001152
0.00020919
0.000133061
-0.0672207
0.00472755
-0.00179896
-0.00161245
-3.55746e-05
-1.66912e-05
0.000157066
-1.00026e-05
0.00154121
-0.00144797
-1.64829e-06
0.00703412
-0.0612748
0.00559821
0.00696821
-0.0492704
0.00489211
0.00672303
-0.0372597
0.00412231
0.006253
-0.0255879
0.00328019
0.00477759
-0.0156112
0.0022788
0.00347786
-0.00720355
0.001092
-0.00678751
-0.061252
0.00320249
-0.00673459
-0.0492177
0.00257572
-0.00655325
-0.037215
0.00193942
-0.00586087
-0.0256876
0.00136597
-0.00502842
-0.0153519
0.000818707
-0.00376592
-0.00711928
0.000170172
-0.000253295
-0.0624586
0.00439856
-0.000304417
-0.0503661
0.0037293
-0.000375583
-0.0382123
0.00302848
-0.000312775
-0.026533
0.00235052
-0.000581969
-0.0159907
0.00150729
-0.000863131
-0.00719979
0.000638139
0.000503766
-0.0600603
0.00440024
0.000473284
-0.0480591
0.00372795
0.000418081
-0.0360745
0.00304457
0.000469881
-0.0246268
0.00224743
0.000327532
-0.0144271
0.00151329
0.000191156
-0.00641222
0.000701681
0.00114918
-0.00236159
0.000175995
0.00449829
-0.0286011
0.00316791
