-1.3851e-06
-0.00490194
-8.02204e-07
-2.82186e-06
-0.00490199
3.37017e-07
-0.000202568
-0.000143141
-4.62353e-05
0.000131419
-2.84822e-05
4.4126e-05
-5.1496e-07
-0.00490095
-7.19675e-07
-7.04714e-07
-0.00490049
-4.72596e-07
-0.000126735
-3.51561e-05
4.96996e-05
0.000174547
-0.00012551
-4.89502e-05
-1.6797e-06
-0.00490271
-3.67932e-07
-4.12032e-07
-0.00490947
-1.35153e-06
2.00863e-05
-0.00493959
-1.1106e-05
0.000161396
-0.00490458
-2.93383e-05
0.000493844
-0.00468045
-2.07025e-05
0.000850265
-0.00335131
-9.63507e-05
-3.96644e-06
-0.00490267
1.73757e-06
-8.0838e-06
-0.00491272
5.98765e-06
-3.28423e-05
-0.00492583
3.32957e-05
-0.000121394
-0.00502829
4.06457e-05
-0.000334137
-0.00472407
6.85047e-05
-0.000698987
-0.00305707
-7.90918e-05
-7.11551e-07
-0.00490169
-3.27952e-07
1.52124e-06
-0.00490695
5.78434e-07
1.86049e-05
-0.00493878
5.50488e-06
0.000132082
-0.00489672
6.35958e-05
0.000410436
-0.00470619
7.70408e-05
0.000653639
-0.00319246
-5.36231e-05
-1.48762e-06
-0.00490112
-4.00796e-07
-4.94352e-06
-0.00490648
3.36108e-07
-4.53749e-05
-0.00491372
4.13944e-06
-0.00014977
-0.00498576
-1.88337e-05
-0.000425011
-0.00472683
-3.11565e-05
-0.00075663
-0.0032185
-0.000105058
-1.8437e-06
-0.00490187
-1.94736e-07
0.000668485
-0.00187674
-0.000109083
-4.2999e-07
-0.00490133
-5.31624e-07
-0.000672007
-0.00152077
-0.000207941
-3.15111e-06
-0.00490121
2.73937e-08
3.28205e-05
-2.86045e-05
-3.58241e-05
-0.000260136
-0.000146583
2.39808e-05
0.000260478
-0.000144671
2.25319e-05
-1.53244e-06
-0.00490094
-6.82764e-07
0.000487898
-0.00156686
-0.000162674
-0.000648256
-0.0018198
-5.17612e-05
3.78919e-06
-5.60759e-05
-3.04564e-05
-1.47273e-06
-0.00490177
-4.87939e-07
-1.65224e-06
-0.0049048
-5.56902e-07
4.76257e-06
-0.00491755
-3.32675e-06
3.82407e-05
-0.00497651
-1.61018e-05
0.000305311
-0.00485906
-1.08088e-05
0.000711795
-0.00424334
-5.02238e-05
-3.10018e-06
-0.0049018
8.21615e-07
-5.40427e-06
-0.00490536
3.455e-06
-1.33062e-05
-0.0049226
1.22336e-05
-6.11117e-05
-0.00495022
4.29259e-05
-0.000206105
-0.00494699
5.91003e-05
-0.000523112
-0.00415123
3.86355e-05
-6.97689e-07
-0.00490087
-3.63984e-07
-3.03378e-07
-0.0049037
-1.65412e-07
5.53118e-06
-0.00491501
2.76787e-06
4.61397e-05
-0.00495569
1.94678e-05
0.000264592
-0.00488139
6.47294e-05
0.000572803
-0.00423246
5.37395e-05
-1.06408e-06
-0.00490048
-3.32931e-07
-3.41806e-06
-0.00490205
-2.18529e-07
-1.03627e-05
-0.00491666
2.13458e-06
-8.39774e-05
-0.00492207
3.18293e-07
-0.000249921
-0.00492333
-1.73248e-05
-0.000668853
-0.00417699
-6.15554e-05
-7.29223e-08
-0.00490174
-3.45733e-07
2.34988e-06
-0.00490635
-1.44536e-07
2.26255e-05
-0.0049325
-2.32912e-06
0.000164834
-0.00487544
5.33391e-06
0.000442447
-0.00468935
2.86282e-05
0.000694381
-0.00326158
-4.82254e-06
-5.7936e-06
-0.00490201
6.95156e-07
-1.44985e-05
-0.00490911
3.43689e-06
-5.32366e-05
-0.00492056
2.51372e-05
-0.000161332
-0.00499893
2.96148e-07
-0.000369802
-0.00471919
2.55472e-05
-0.000646117
-0.00312075
-3.7241e-05
-2.84762e-06
-0.00490166
-6.57432e-07
-6.94128e-06
-0.00490717
-4.09334e-07
-1.10193e-05
-0.00493763
-1.20731e-07
-2.23019e-05
-0.00496413
2.3544e-05
3.29686e-05
-0.00477174
3.01585e-05
-6.79818e-05
-0.00316101
-8.31745e-06
-1.89178e-06
-0.00490286
7.67576e-07
-8.72724e-07
-0.00491285
1.83765e-06
2.9715e-06
-0.00494293
-8.72417e-07
7.00135e-07
-0.0050043
1.16182e-05
9.00711e-05
-0.00476032
1.99539e-05
7.39421e-05
-0.00319586
9.36972e-06
-3.36846e-07
-0.00159249
-1.44827e-05
1.38315e-05
-0.00153949
3.50983e-05
-1.6768e-06
-0.00490143
-2.78335e-07
-0.000596619
-0.00162229
-4.37022e-05
-3.35368e-05
-5.76135e-05
1.28519e-05
0.000600364
-0.00166974
-9.88755e-05
-2.77971e-07
-0.00490099
-4.02909e-07
5.4905e-07
-0.00490355
-3.22675e-07
9.60228e-06
-0.00491467
-1.19164e-06
4.76443e-05
-0.00495843
1.66125e-06
0.000298024
-0.00486124
1.59576e-05
0.000600173
-0.00422906
2.62784e-05
-3.88394e-06
-0.0049014
3.0475e-07
-9.68307e-06
-0.00490374
1.82212e-06
-2.46346e-05
-0.00491751
8.64502e-06
-0.000102621
-0.00494402
1.38468e-05
-0.000242544
-0.00492881
1.98927e-05
-0.000535225
-0.00416897
1.58556e-05
-2.12841e-06
-0.00490078
-4.53652e-07
-3.95507e-06
-0.00490428
-9.21736e-07
-8.4567e-06
-0.00491813
5.03837e-07
-2.9441e-05
-0.00495149
-3.64427e-06
1.18972e-05
-0.00493686
2.27154e-05
1.95927e-05
-0.00426556
2.35182e-05
-1.76422e-06
-0.00490178
3.15951e-07
-2.14147e-06
-0.00490528
1.31684e-06
2.74325e-07
-0.00492315
2.24305e-06
1.25078e-06
-0.00496518
1.33382e-05
4.91989e-05
-0.00495014
1.62238e-05
0.000109163
-0.00424969
1.90062e-05
0.000378817
-0.00247924
-2.46389e-05
2.06527e-05
-0.00494964
3.23805e-06
