0.00744757
-0.0658356
0.00605219
-0.00639271
-0.0658294
0.00366206
-0.000437894
-0.000239971
-0.000145162
0.000306039
4.42657e-05
0.000120755
0.00663512
-0.0682134
0.00604231
-0.00719898
-0.0682182
0.00366865
-0.000274737
-1.81789e-05
0.000142298
0.000284028
-0.000153781
-0.000129976
0.0074279
-0.0539364
0.00534909
0.00730031
-0.0419782
0.00461615
0.00690764
-0.0301086
0.00386222
0.00598676
-0.019596
0.00306831
0.00459493
-0.0104669
0.00185201
0.00279671
-0.00375867
0.000801368
-0.00639612
-0.0539009
0.00299018
-0.00633184
-0.0418983
0.00231895
-0.00596796
-0.0303165
0.00152383
-0.00518577
-0.0189997
0.000984517
-0.00412698
-0.0102346
0.000295948
-0.0025841
-0.00358706
-0.000544104
0.00661707
-0.0562809
0.00532725
0.00646508
-0.0442002
0.00453699
0.0060653
-0.0321297
0.00363562
0.00516548
-0.0213997
0.00249796
0.00374895
-0.0116032
0.0014549
0.002166
-0.00363174
0.000130625
-0.00722056
-0.056235
0.00300659
-0.00718951
-0.0441107
0.0023819
-0.00674985
-0.0323199
0.00179201
-0.00602348
-0.0208088
0.0013392
-0.00517587
-0.0113566
0.000729371
-0.00312366
-0.00470527
7.3968e-05
0.000529456
-0.0658347
0.00485812
0.00151251
-0.00161775
0.000324006
0.00703103
-0.0670287
0.00604203
-0.00168441
-0.00145245
-0.0004549
-0.00677277
-0.067026
0.00366763
0.00025673
0.000198189
-9.18814e-05
-0.00059072
-0.000219965
0.000105979
0.000539952
-0.000160822
9.02696e-05
-0.000267033
-0.0682118
0.00485786
0.00106047
-0.00135169
-0.000370202
-0.00165602
-0.00196971
0.000288309
-5.72861e-05
7.0852e-05
-5.32509e-05
0.00744311
-0.059902
0.00570401
0.00738636
-0.0479555
0.00498471
0.00715079
-0.03604
0.004231
0.00670575
-0.0244833
0.00346065
0.00527758
-0.0147196
0.00242789
0.00381214
-0.00679408
0.00126135
-0.00639526
-0.0598832
0.00332519
-0.00638105
-0.0479005
0.00265372
-0.00622268
-0.0359851
0.00196437
-0.00566156
-0.0246712
0.00116261
-0.00466614
-0.0144626
0.000651187
-0.00345937
-0.00655485
-9.85169e-05
0.00663533
-0.0622717
0.00569093
0.00656532
-0.0502474
0.00494221
0.00631499
-0.0381698
0.00409458
0.00575366
-0.0264321
0.00317232
0.00441718
-0.0161832
0.00202936
0.00302392
-0.00750057
0.000793689
-0.00720925
-0.0622518
0.00332941
-0.00721107
-0.0501858
0.00268996
-0.00710885
-0.0380634
0.00207378
-0.00639265
-0.0265794
0.00153543
-0.00565266
-0.0159338
0.00101876
-0.00447056
-0.00737238
0.000425527
0.00700105
-0.0551155
0.00534224
0.00687238
-0.0431086
0.00458104
0.00649413
-0.0312034
0.00374815
0.00550816
-0.020679
0.00282494
0.00414178
-0.0110759
0.00170608
0.00269837
-0.00368452
0.000546856
-0.00675842
-0.0550769
0.0030037
-0.00666539
-0.0430382
0.00235741
-0.00625094
-0.0313231
0.00161742
-0.00546296
-0.0200029
0.00122905
-0.00445286
-0.010903
0.000546028
-0.00275272
-0.00416302
-0.000251826
-0.000283017
-0.0562525
0.00416948
-0.00033774
-0.0441373
0.00346051
-0.000416463
-0.0320883
0.00274139
-0.000383518
-0.0209718
0.00186289
-0.000718657
-0.0113004
0.00110623
-0.00084449
-0.00379057
0.000298474
0.00050569
-0.0539118
0.00416909
0.000451385
-0.0419008
0.00346966
0.000436612
-0.0301269
0.00278295
0.000502865
-0.0190716
0.00196715
0.000264429
-0.0101152
0.00111938
0.000169261
-0.00324661
0.000334457
0.000163825
-0.0011677
0.000134271
-0.000169213
-0.0011441
0.000212123
0.000135017
-0.0670267
0.00485225
-0.00179181
-0.00160327
-3.16316e-05
-1.66014e-05
0.00015672
-1.04792e-05
0.00153482
-0.00143923
1.82192e-07
0.00702162
-0.0610929
0.00569824
0.006955
-0.0491121
0.00497007
0.00670823
-0.0371268
0.00417925
0.0062368
-0.0254846
0.0033174
0.00476131
-0.0155414
0.00229893
0.00346431
-0.00716761
0.00109985
-0.00677123
-0.0610698
0.0033296
-0.00671798
-0.0490592
0.00267979
-0.00653595
-0.037082
0.00202052
-0.00584224
-0.0255847
0.0014253
-0.00501026
-0.0152829
0.000856741
-0.00375109
-0.00708389
0.000189273
-0.000264214
-0.0622631
0.00451211
-0.000315493
-0.0501943
0.0038205
-0.00038614
-0.0380671
0.00309758
-0.000322475
-0.0264192
0.00239894
-0.000590124
-0.0159126
0.00153659
-0.000867752
-0.00716036
0.000652246
0.000518331
-0.0598917
0.00451387
0.000487254
-0.0479138
0.00381921
0.000430837
-0.0359536
0.00311401
0.000481494
-0.0245345
0.00229614
0.000337736
-0.0143676
0.00154308
0.00019918
-0.0063838
0.00071575
0.00114078
-0.00234725
0.000179782
0.0044789
-0.0284838
0.00321208
