0.00744795
-0.0654316
0.00626122
-0.00633497
-0.0654247
0.00395094
-0.000431687
-0.000236568
-0.000143438
0.000303812
4.33015e-05
0.000120382
0.00658093
-0.0677293
0.00625131
-0.00719597
-0.0677342
0.00395785
-0.000272713
-1.81986e-05
0.00014187
0.0002788
-0.000150503
-0.000128844
0.00742691
-0.0535796
0.0055117
0.00729434
-0.0416677
0.00473476
0.0068931
-0.0298515
0.00394239
0.00596598
-0.0194103
0.00311163
0.00457117
-0.0103561
0.00186854
0.0027798
-0.00371595
0.000802661
-0.00633858
-0.0535428
0.0032312
-0.00627381
-0.0415859
0.00251057
-0.00590726
-0.0300613
0.00166696
-0.00512267
-0.0188124
0.00108619
-0.00406931
-0.0101253
0.000356731
-0.00254459
-0.0035451
-0.00051329
0.00656233
-0.0558446
0.00548933
0.00640776
-0.0438144
0.00465416
0.00600507
-0.0318051
0.00371383
0.00510408
-0.0211544
0.00254022
0.00369261
-0.0114471
0.00147327
0.00212938
-0.00357196
0.000139614
-0.00721702
-0.0557987
0.00324791
-0.00718173
-0.0437262
0.00257432
-0.00673403
-0.031999
0.00193641
-0.00600055
-0.0205644
0.00144105
-0.00514673
-0.0112081
0.00078722
-0.00310321
-0.00463939
9.62634e-05
0.000558566
-0.0654303
0.00510734
0.00150348
-0.00159876
0.00032413
0.00700405
-0.0665846
0.00625097
-0.00165865
-0.00143326
-0.000438802
-0.00674149
-0.0665817
0.00395665
0.000257914
0.000196478
-9.03468e-05
-0.000583975
-0.000217785
0.000104775
0.000533191
-0.000158938
8.79165e-05
-0.000292251
-0.0677276
0.00510717
0.00104273
-0.00132662
-0.00036157
-0.00164438
-0.00194113
0.000295808
-5.90934e-05
7.10128e-05
-5.15046e-05
0.00744315
-0.0595221
0.00588972
0.00738341
-0.0476216
0.00512483
0.00714076
-0.0357552
0.00432941
0.00668827
-0.0242592
0.00352063
0.00525417
-0.0145709
0.00245643
0.0037903
-0.00671936
0.00126912
-0.00633761
-0.0595023
0.00359059
-0.00632349
-0.0475651
0.00286983
-0.00616376
-0.0356993
0.00213174
-0.00559925
-0.0244477
0.00128455
-0.00460446
-0.0143145
0.000731483
-0.0034087
-0.00648189
-5.44424e-05
0.00658115
-0.0618118
0.0058763
0.00650955
-0.0498353
0.00508141
0.00625645
-0.037813
0.00419119
0.00569259
-0.0261452
0.00323129
0.00435611
-0.0159804
0.00205834
0.00297553
-0.00739179
0.000805281
-0.00720617
-0.0617919
0.00359493
-0.00720555
-0.0497746
0.00290677
-0.00709767
-0.0377084
0.00224222
-0.00637266
-0.0262946
0.0016584
-0.00562608
-0.0157369
0.0010977
-0.00444146
-0.00727078
0.000464774
0.006973
-0.054719
0.00550467
0.00684132
-0.0427609
0.00469854
0.00645763
-0.0309125
0.00382629
0.00546827
-0.0204629
0.0028675
0.00410297
-0.0109416
0.00172204
0.00267072
-0.00363218
0.000548885
-0.00672689
-0.0546794
0.00324476
-0.00663184
-0.0426894
0.00254901
-0.00621295
-0.0310343
0.00176053
-0.00542061
-0.0197864
0.00132983
-0.00441261
-0.0107714
0.000603626
-0.00272536
-0.00410693
-0.000226356
-0.00030823
-0.0558161
0.0043714
-0.000362084
-0.0437518
0.00361557
-0.000438538
-0.0317645
0.0028528
-0.000403428
-0.0207263
0.00193451
-0.00073196
-0.0111488
0.0011443
-0.000848868
-0.00373095
0.000313697
0.00053361
-0.053554
0.00437113
0.000476466
-0.0415884
0.00362531
0.000459215
-0.0298697
0.00289522
0.00052373
-0.0188846
0.00203886
0.00028145
-0.0100062
0.00115779
0.000181185
-0.00320802
0.000347671
0.000171365
-0.00115184
0.000137826
-0.0001743
-0.00112198
0.000216808
0.000137149
-0.0665825
0.00510137
-0.00177376
-0.00157971
-2.29449e-05
-1.62224e-05
0.000155965
-1.13121e-05
0.00151851
-0.00141585
1.7403e-06
0.00699432
-0.060673
0.00588391
0.0069257
-0.0487391
0.00510966
0.0066742
-0.0368057
0.00427651
0.00619843
-0.0252287
0.00337649
0.00472069
-0.0153651
0.00232662
0.00342983
-0.00707494
0.00110742
-0.00673995
-0.060649
0.00359504
-0.00668542
-0.0486856
0.00289591
-0.00650069
-0.0367611
0.0021878
-0.00580116
-0.0253304
0.00154761
-0.00496814
-0.0151085
0.000934921
-0.00371533
-0.00699314
0.000228954
-0.000289243
-0.0618031
0.00473768
-0.000340804
-0.0497817
0.00399894
-0.00040975
-0.0377104
0.00323026
-0.000343193
-0.0261334
0.00249038
-0.0006074
-0.0157127
0.00159027
-0.000876082
-0.00705706
0.000677507
0.000546919
-0.0595111
0.00473954
0.00051421
-0.0475788
0.00399772
0.000454669
-0.0356675
0.0032473
0.00050314
-0.0243103
0.0023876
0.000356708
-0.0142194
0.0015974
0.000214019
-0.00631203
0.000740447
0.00112152
-0.00230864
0.000184548
0.00443538
-0.0281916
0.00328736
