0.0074474
-0.0652069
0.00635925
-0.00630592
-0.0651995
0.00410111
-0.000428157
-0.000234635
-0.000142373
0.000302294
4.27927e-05
0.000119993
0.00655173
-0.0674523
0.00634934
-0.00719569
-0.0674574
0.00410825
-0.000271354
-1.81292e-05
0.000141514
0.000275834
-0.000148583
-0.000128199
0.00742548
-0.053379
0.00558545
0.00728969
-0.0414904
0.00478603
0.00688286
-0.029702
0.00397503
0.00595175
-0.0193008
0.00312668
0.00455488
-0.0102898
0.00187175
0.00276803
-0.00369014
0.000800658
-0.00630965
-0.0533413
0.00335609
-0.00624446
-0.0414074
0.00260923
-0.00587577
-0.0299132
0.00174006
-0.00508883
-0.0187018
0.00113827
-0.00403762
-0.0100602
0.000387893
-0.00252252
-0.00352025
-0.000496957
0.0065328
-0.0555922
0.00556277
0.00637665
-0.0435882
0.00470453
0.00597206
-0.0316119
0.00374519
0.00506977
-0.0210071
0.00255436
0.00366071
-0.0113522
0.00147751
0.00210882
-0.00353494
0.00014226
-0.00721634
-0.0555462
0.00337305
-0.00717815
-0.0435009
0.00267362
-0.0067249
-0.0318085
0.00201059
-0.00598639
-0.0204174
0.00149359
-0.00512834
-0.0111179
0.000816971
-0.00308986
-0.00459863
0.000108008
0.000572848
-0.0652054
0.00523162
0.00149699
-0.00158715
0.000322966
0.00698913
-0.0663337
0.00634895
-0.00164412
-0.00142209
-0.000430018
-0.00672623
-0.0663307
0.00410692
0.000258152
0.000195354
-8.95976e-05
-0.000579995
-0.000216467
0.000104198
0.000529146
-0.000157678
8.65498e-05
-0.000306482
-0.0674506
0.00523152
0.00103282
-0.00131092
-0.000357694
-0.00163662
-0.00192304
0.000299685
-5.9887e-05
7.11644e-05
-5.06082e-05
0.00744238
-0.0593098
0.00597551
0.00738071
-0.0474325
0.00518701
0.00713348
-0.0355911
0.0043707
0.00667634
-0.0241277
0.00354328
0.00523813
-0.0144825
0.00246474
0.00377527
-0.00667446
0.0012691
-0.00630863
-0.0592893
0.00372842
-0.00629453
-0.0473749
0.00298147
-0.00613371
-0.0355346
0.00221762
-0.00556639
-0.024317
0.00134685
-0.00457089
-0.0142267
0.000772558
-0.00338062
-0.00643841
-3.15953e-05
0.00655196
-0.0615473
0.00596189
0.0064794
-0.0495952
0.00514301
0.00622456
-0.0376023
0.00423133
0.00565886
-0.0259736
0.00325321
0.00432161
-0.0158578
0.00206678
0.00294818
-0.00732527
0.000807504
-0.00720582
-0.0615273
0.00373285
-0.00720351
-0.0495352
0.00301893
-0.00709179
-0.0374989
0.00232896
-0.0063606
-0.0261243
0.00172169
-0.00560946
-0.015618
0.00113829
-0.00442297
-0.00720858
0.000485115
0.0069574
-0.0544924
0.00557832
0.0068238
-0.0425594
0.00474912
0.00643659
-0.0307412
0.0038576
0.00544473
-0.0203343
0.00288198
0.00407963
-0.0108607
0.0017249
0.00265397
-0.00360017
0.000547379
-0.00671142
-0.0544522
0.0033697
-0.00661493
-0.0424872
0.00264771
-0.00619278
-0.0308646
0.00183373
-0.00539695
-0.019657
0.00138161
-0.00438947
-0.0106921
0.000633106
-0.00270915
-0.00407308
-0.000212902
-0.000322414
-0.0555635
0.00447084
-0.000375632
-0.0435258
0.00369062
-0.000450531
-0.031572
0.00290562
-0.000414052
-0.0205787
0.00196763
-0.000738655
-0.0110566
0.0011613
-0.000850281
-0.003694
0.000320536
0.000547142
-0.0533527
0.0044706
0.000488245
-0.0414097
0.00370061
0.000469604
-0.0297203
0.00294849
0.000533538
-0.0187741
0.0020718
0.000289268
-0.00994114
0.00117479
0.000186637
-0.00318496
0.000353214
0.000174733
-0.00114248
0.000139028
-0.000176573
-0.00110795
0.000218581
0.000137292
-0.0663315
0.00522559
-0.00176293
-0.0015655
-1.82346e-05
-1.59411e-05
0.000155551
-1.16704e-05
0.00150866
-0.00140137
1.51244e-06
0.00697919
-0.0604346
0.00596969
0.0069093
-0.0485244
0.0051715
0.00665477
-0.0366182
0.00431707
0.00617615
-0.025077
0.00339861
0.00469642
-0.0152595
0.0023344
0.00340901
-0.00701873
0.00110729
-0.00672467
-0.06041
0.00373289
-0.00666924
-0.0484706
0.00300759
-0.00648255
-0.0365737
0.0022737
-0.00577867
-0.02518
0.00161037
-0.00494424
-0.015004
0.000974914
-0.00369452
-0.00693827
0.000249443
-0.00030334
-0.0615385
0.00484952
-0.000355013
-0.0495413
0.00408611
-0.000422779
-0.0374998
0.00329383
-0.000354213
-0.0259624
0.00253338
-0.000616502
-0.015592
0.00161466
-0.000879804
-0.00699381
0.000688686
0.000560869
-0.0592983
0.00485143
0.000527144
-0.0473889
0.00408487
0.000465722
-0.0355025
0.00331113
0.000513147
-0.0241791
0.00243037
0.000365463
-0.0141314
0.00162195
0.000220829
-0.00626907
0.000751103
0.00111072
-0.00228466
0.000185582
0.00441116
-0.0280176
0.00331863
