0.00744369
-0.0647088
0.0065427
-0.00624671
-0.0647003
0.00441132
-0.000420311
-0.000230344
-0.000139866
0.000298504
4.17246e-05
0.000118837
0.00648834
-0.066827
0.00653281
-0.00719652
-0.0668325
0.00441904
-0.000267993
-1.78478e-05
0.000140533
0.000269257
-0.000144233
-0.000126754
0.00741967
-0.0529315
0.00571848
0.00727625
-0.0410916
0.00487331
0.00685604
-0.0293627
0.00402619
0.0059156
-0.0190503
0.00314428
0.00451383
-0.0101373
0.00186868
0.00273827
-0.00363037
0.0007917
-0.00625073
-0.0528917
0.00361335
-0.00618441
-0.0410057
0.00281132
-0.00581008
-0.0295777
0.00188872
-0.00501656
-0.0184487
0.00124439
-0.00396883
-0.00991089
0.000451432
-0.00247408
-0.00346349
-0.000462661
0.0064687
-0.0550188
0.00569509
0.0063089
-0.043071
0.00478972
0.00589988
-0.0311673
0.00379328
0.00499398
-0.0206667
0.00256957
0.0035898
-0.0111315
0.00147678
0.00206348
-0.00344788
0.000144126
-0.00721607
-0.0549731
0.00363096
-0.0071707
-0.042986
0.00287738
-0.00670371
-0.0313704
0.00216215
-0.00595263
-0.0200773
0.00160126
-0.00508426
-0.0109082
0.000877749
-0.00305731
-0.00450275
0.000132503
0.000600682
-0.0647068
0.00547888
0.00148033
-0.00156011
0.000318347
0.00695548
-0.065772
0.0065323
-0.00161199
-0.00139685
-0.000411143
-0.00669561
-0.0657688
0.00441737
0.000257952
0.000192597
-8.8134e-05
-0.000570904
-0.000213414
0.000103082
0.00051982
-0.000154576
8.34685e-05
-0.00033805
-0.0668253
0.00547899
0.00101109
-0.00127377
-0.000350744
-0.00161746
-0.00187995
0.000307618
-6.12674e-05
7.1587e-05
-4.87724e-05
0.00743816
-0.0588379
0.0061335
0.00737187
-0.0470092
0.00529631
0.00711374
-0.0352205
0.00443824
0.00664579
-0.0238279
0.00357468
0.00519762
-0.0142796
0.00247013
0.00373741
-0.00657078
0.00126178
-0.00624957
-0.0588158
0.00401286
-0.00623548
-0.0469491
0.00321079
-0.0060718
-0.0351627
0.00239297
-0.00549702
-0.0240195
0.00147356
-0.00449849
-0.0140256
0.000856152
-0.00331932
-0.00633856
1.54509e-05
0.00648862
-0.0609484
0.00611941
0.00641387
-0.0490482
0.00525099
0.00615505
-0.037119
0.00429617
0.00558478
-0.0255772
0.00328284
0.00424498
-0.0155735
0.00207239
0.00288753
-0.00716995
0.000805306
-0.00720644
-0.0609285
0.00401757
-0.00719987
-0.0489899
0.00324962
-0.00707867
-0.0370185
0.0025066
-0.00633212
-0.0257317
0.00185117
-0.00556969
-0.0153422
0.00122122
-0.00437854
-0.00706327
0.000526946
0.00692214
-0.0539819
0.00571114
0.00678405
-0.0421021
0.00483478
0.00638847
-0.0303492
0.00390556
0.00539043
-0.0200385
0.00289816
0.0040254
-0.0106732
0.00172104
0.00261496
-0.00352551
0.000539684
-0.00668023
-0.0539403
0.00362709
-0.00658012
-0.0420283
0.00284996
-0.00614967
-0.0304769
0.00198274
-0.00534464
-0.0193591
0.00148735
-0.00433742
-0.0105086
0.000693101
-0.00267199
-0.00399478
-0.000184745
-0.000353795
-0.0549899
0.00466634
-0.000405337
-0.0430092
0.00383564
-0.000476324
-0.0311289
0.00300558
-0.000436565
-0.0202373
0.0020286
-0.000752087
-0.0108421
0.00119136
-0.000851641
-0.00360704
0.000332724
0.000573216
-0.0529037
0.0046661
0.000510238
-0.0410079
0.00384603
0.000488556
-0.0293813
0.00304935
0.000551845
-0.0185213
0.00213201
0.000303531
-0.00979155
0.0012045
0.00019654
-0.00313199
0.000362259
0.000180687
-0.00112118
0.000140343
-0.00018061
-0.00107452
0.000221054
0.000135699
-0.0657697
0.00547274
-0.00173792
-0.00153264
-8.1766e-06
-1.5218e-05
0.000154643
-1.22773e-05
0.0014858
-0.00136734
-8.01753e-07
0.00694505
-0.0598993
0.00612765
0.00687219
-0.0480391
0.00528002
0.00661047
-0.0361909
0.00438291
0.00612509
-0.0247285
0.00342882
0.00464016
-0.0150156
0.00233854
0.00336059
-0.00688816
0.00109974
-0.00669399
-0.0598734
0.00401741
-0.00663627
-0.0479846
0.00323705
-0.0064446
-0.0361467
0.00244923
-0.0057296
-0.0248348
0.00173846
-0.00489094
-0.0147627
0.00105628
-0.00364732
-0.0068111
0.000291467
-0.000334566
-0.0609396
0.00507086
-0.000386379
-0.0489937
0.00425613
-0.000451145
-0.0370167
0.00341539
-0.000377535
-0.0255677
0.00261403
-0.000635538
-0.0153117
0.0016587
-0.000886389
-0.00684608
0.000708257
0.000587919
-0.0588253
0.00507282
0.000551823
-0.0469637
0.00425479
0.00048609
-0.0351299
0.00343316
0.000531503
-0.0238803
0.00251011
0.000381511
-0.0139293
0.001666
0.000233245
-0.00617015
0.000769163
0.0010869
-0.0022282
0.000185146
0.00435759
-0.0276173
0.00336913
