0.00744005
-0.0644339
0.00662833
-0.00621618
-0.0644247
0.00457061
-0.000416024
-0.000228002
-0.000138439
0.000296256
4.11665e-05
0.000118081
0.00645381
-0.0664782
0.00661846
-0.0071971
-0.066484
0.00457867
-0.000266013
-1.76433e-05
0.000139917
0.000265671
-0.000141825
-0.000125958
0.00741484
-0.052684
0.0057781
0.00726708
-0.0408702
0.00490971
0.00683928
-0.0291735
0.00404508
0.00589368
-0.0189102
0.00314718
0.00448925
-0.0100518
0.00186271
0.00272046
-0.00359675
0.000784918
-0.00622036
-0.052643
0.00374512
-0.00615336
-0.0407827
0.0029143
-0.00577567
-0.0293908
0.00196401
-0.00497812
-0.0183071
0.0012982
-0.00393186
-0.00982729
0.000483671
-0.00244786
-0.00343187
-0.000444794
0.00643379
-0.0546982
0.00575432
0.00627201
-0.0427809
0.00482497
0.00586057
-0.0309172
0.00381047
0.00495253
-0.020475
0.00257109
0.00355098
-0.0110068
0.00147213
0.00203884
-0.00339844
0.000143483
-0.00721597
-0.0546525
0.00376312
-0.00716639
-0.0426974
0.00298137
-0.00669142
-0.0311241
0.00223918
-0.00593302
-0.0198857
0.00165609
-0.0050587
-0.0107898
0.000908612
-0.00303828
-0.00444826
0.000145171
0.00061417
-0.0644316
0.00560159
0.00147027
-0.00154484
0.000314973
0.00693634
-0.0654601
0.00661787
-0.00159452
-0.00138293
-0.00040112
-0.00667981
-0.0654567
0.0045768
0.000257529
0.00019098
-8.74176e-05
-0.000565834
-0.000211695
0.000102539
0.000514585
-0.000152757
8.17687e-05
-0.000355293
-0.0664764
0.00560183
0.000999323
-0.00125261
-0.000347629
-0.0016062
-0.00185526
0.000311641
-6.18605e-05
7.18468e-05
-4.78345e-05
0.00743423
-0.0585771
0.00620596
0.00736532
-0.0467746
0.00534381
0.00710099
-0.0350143
0.0044649
0.00662703
-0.0236603
0.00358384
0.00517326
-0.014166
0.00246756
0.00371478
-0.00651254
0.00125471
-0.00621913
-0.0585541
0.0041588
-0.00620503
-0.0467132
0.00332796
-0.00603965
-0.0349558
0.00248209
-0.00546039
-0.0238536
0.00153774
-0.00445974
-0.013913
0.000898491
-0.00328625
-0.00628268
3.95346e-05
0.00645412
-0.0606139
0.00619162
0.0063782
-0.0487418
0.00529776
0.00611721
-0.0368475
0.00432134
0.00554437
-0.0253541
0.00329101
0.00420299
-0.0154131
0.00206994
0.0028544
-0.00708208
0.000801138
-0.00720687
-0.060594
0.00416368
-0.00719778
-0.0486846
0.00336761
-0.00707107
-0.0367489
0.00259709
-0.00631558
-0.0255107
0.00191704
-0.0055466
-0.0151867
0.00126334
-0.00435279
-0.00698102
0.00054831
0.00690211
-0.0536977
0.00577063
0.00676149
-0.0418468
0.00487028
0.00636122
-0.0301296
0.00392264
0.00535968
-0.0198724
0.00290025
0.00399468
-0.0105676
0.00171465
0.00259285
-0.00348332
0.000533676
-0.00666409
-0.0536554
0.00375893
-0.00656185
-0.041772
0.00295306
-0.0061265
-0.0302598
0.00205826
-0.00531599
-0.0191917
0.00154105
-0.00430862
-0.0104054
0.000723473
-0.00265119
-0.00395078
-0.000170124
-0.000370897
-0.0546692
0.00476226
-0.000421404
-0.0427196
0.00390559
-0.000490055
-0.0308798
0.00305275
-0.000448403
-0.020045
0.00205655
-0.000758798
-0.010721
0.00120451
-0.000851625
-0.00355764
0.000338108
0.000585712
-0.0526553
0.00476199
0.000520451
-0.0407847
0.00391615
0.000497136
-0.0291923
0.00309697
0.000560331
-0.0183798
0.00215938
0.000309995
-0.00970771
0.00121731
0.000201005
-0.00310237
0.000365813
0.000183285
-0.00110937
0.000140488
-0.000182389
-0.00105539
0.00022179
0.000133974
-0.0654577
0.0055954
-0.00172385
-0.0015142
-2.87219e-06
-1.47865e-05
0.000154142
-1.25296e-05
0.00147288
-0.00134803
-2.80971e-06
0.00692564
-0.0596017
0.00620011
0.00685111
-0.0477685
0.00532708
0.00658536
-0.0359519
0.00440862
0.0060962
-0.0245329
0.00343735
0.00460829
-0.0148785
0.00233528
0.00333316
-0.00681453
0.00109258
-0.00667814
-0.059575
0.00416339
-0.00661907
-0.0477136
0.00335432
-0.00642449
-0.035908
0.00253848
-0.00570293
-0.0246413
0.00180349
-0.00486159
-0.014627
0.00109746
-0.00362109
-0.00673949
0.000312893
-0.000351606
-0.060605
0.00518015
-0.000403435
-0.048687
0.0043389
-0.000466397
-0.0367455
0.00347341
-0.000389802
-0.0253456
0.00265172
-0.000645419
-0.0151537
0.00167843
-0.000889259
-0.00676248
0.000716714
0.000600964
-0.0585639
0.00518212
0.00056354
-0.0467281
0.00433748
0.000495419
-0.0349226
0.00349137
0.000539856
-0.0237135
0.00254715
0.000388819
-0.0138162
0.00168559
0.000238869
-0.0061147
0.000776643
0.00107396
-0.00219612
0.000183775
0.00432816
-0.0273922
0.00338869
