0.00741876
-0.0634949
0.00686231
-0.00611834
-0.0634835
0.00505997
-0.000401899
-0.000220301
-0.00013356
0.000288277
3.94014e-05
0.000115191
0.0063369
-0.0652832
0.00685257
-0.00719572
-0.0652897
0.0050692
-0.000259032
-1.68247e-05
0.000137619
0.000253897
-0.000133825
-0.000123291
0.00738959
-0.0518405
0.00593172
0.00722743
-0.0401179
0.00499292
0.00677444
-0.0285326
0.00407786
0.00581267
-0.0184362
0.00313491
0.00440061
-0.00976269
0.00182929
0.00265658
-0.00348324
0.000756633
-0.00612306
-0.0517957
0.00414878
-0.00605375
-0.0400251
0.00322803
-0.00566467
-0.0287577
0.00219183
-0.0048534
-0.0178287
0.00146114
-0.00381141
-0.00954527
0.000581374
-0.00236216
-0.00332596
-0.000388927
0.00631571
-0.0536014
0.00590674
0.0061477
-0.0417911
0.0049045
0.0057289
-0.0300659
0.00383782
0.0048143
-0.0198237
0.00255461
0.00342231
-0.0105838
0.00144351
0.00195798
-0.00323046
0.000136246
-0.00721212
-0.0535565
0.00416817
-0.00714802
-0.0417128
0.00329862
-0.00664602
-0.030286
0.00247297
-0.00586295
-0.0192352
0.00182264
-0.00496886
-0.010388
0.00100201
-0.00297134
-0.00426272
0.000184303
0.000652587
-0.0634917
0.00596409
0.00143401
-0.00149318
0.000301188
0.00686707
-0.064393
0.00685172
-0.00153718
-0.00133677
-0.000369169
-0.00662744
-0.064389
0.00506661
0.000255094
0.000185276
-8.53091e-05
-0.000548784
-0.000205875
0.000100924
0.000496882
-0.000146399
7.61347e-05
-0.000412054
-0.0652814
0.00596481
0.000960884
-0.00118056
-0.000339413
-0.00156648
-0.00177076
0.000323711
-6.32961e-05
7.27443e-05
-4.49484e-05
0.00741199
-0.0576876
0.00639919
0.00733433
-0.0459764
0.00546045
0.00704945
-0.0343147
0.00451947
0.00655607
-0.0230931
0.00358806
0.00508468
-0.0137818
0.00244132
0.00363355
-0.00631582
0.00122173
-0.00612159
-0.0576615
0.0046067
-0.00610745
-0.0459105
0.00368593
-0.00593631
-0.034254
0.00275273
-0.00534184
-0.0232922
0.00173201
-0.00433368
-0.0135327
0.00102653
-0.00317835
-0.00609455
0.000113296
0.00633733
-0.0594688
0.00638406
0.00625772
-0.047695
0.00541208
0.00599006
-0.0359223
0.00437114
0.00540927
-0.0245952
0.00329222
0.00406335
-0.0148687
0.00204448
0.00274504
-0.00678393
0.000778175
-0.00720493
-0.0594492
0.00461222
-0.00718708
-0.047642
0.00372845
-0.00704148
-0.0358302
0.0028725
-0.00625589
-0.0247594
0.00211705
-0.00546495
-0.0146591
0.00139087
-0.00426269
-0.00670176
0.000613366
0.0068299
-0.0527275
0.0059239
0.00668109
-0.0409773
0.00495054
0.00626559
-0.0293836
0.00394941
0.00525318
-0.019309
0.00288549
0.00388927
-0.0102101
0.00168006
0.00251726
-0.00334051
0.000508309
-0.00661048
-0.0526826
0.00416286
-0.00650096
-0.0408994
0.0032672
-0.00604903
-0.0295225
0.00228693
-0.00521984
-0.0186242
0.00170373
-0.0042118
-0.010056
0.000815178
-0.00258081
-0.00380232
-0.000124621
-0.000427043
-0.0535722
0.00504177
-0.0004737
-0.0417315
0.00410516
-0.000534012
-0.0300319
0.00318352
-0.000485825
-0.0193921
0.00213099
-0.000778678
-0.0103102
0.00123709
-0.000849025
-0.00338966
0.000351686
0.000620859
-0.0518089
0.00504133
0.000548062
-0.0400266
0.00411603
0.000519516
-0.0285521
0.00322896
0.000583121
-0.0179017
0.00223125
0.00032691
-0.00942474
0.00124828
0.000212608
-0.003003
0.00037302
0.000189681
-0.00107014
0.000139124
-0.000186868
-0.000990098
0.000222251
0.000125307
-0.0643902
0.00595775
-0.00167608
-0.00145221
1.38576e-05
-1.32785e-05
0.00015242
-1.3108e-05
0.00142886
-0.00128254
-1.16686e-05
0.00685549
-0.0585845
0.00639335
0.00677552
-0.0468458
0.00544228
0.0064966
-0.035139
0.00446008
0.00599539
-0.0238693
0.00343971
0.00449858
-0.0144139
0.00230692
0.00323926
-0.00656527
0.00105948
-0.00662559
-0.0585552
0.00461146
-0.00656189
-0.0467897
0.00371262
-0.00635735
-0.035096
0.00280961
-0.00561359
-0.0239848
0.00200062
-0.00476302
-0.0141674
0.00122178
-0.00353271
-0.00649734
0.000378121
-0.000407654
-0.0594598
0.00550107
-0.000459263
-0.0476394
0.00457783
-0.000515708
-0.0358214
0.0036367
-0.000428677
-0.0245902
0.00275474
-0.000676081
-0.0146175
0.00172921
-0.000896201
-0.00647885
0.000737278
0.000637917
-0.0576722
0.00550303
0.000596118
-0.0459265
0.004576
0.000520172
-0.0342193
0.00365505
0.000561749
-0.0231491
0.00264767
0.000408061
-0.0134339
0.00173541
0.000253584
-0.00592784
0.000793487
0.00103143
-0.00208717
0.000175759
0.00422887
-0.0266271
0.00342711
