0.00780346
-0.0596881
0.00175256
-0.0073949
-0.0596487
0.000221303
-0.00023355
-0.00011523
-7.7133e-05
0.000133713
4.54915e-05
4.64967e-05
0.00759509
-0.0611852
0.0017319
-0.00759025
-0.0611994
0.000248782
-0.000117488
1.15073e-05
6.59214e-05
0.000136024
-5.39739e-05
-7.71665e-05
0.00770497
-0.0465173
0.00158798
0.0072693
-0.0332707
0.00144564
0.00625552
-0.0206733
0.00137763
0.00468244
-0.0113686
0.0012226
0.00280795
-0.00465982
0.000567575
0.00137976
-0.00112071
0.000213386
-0.00739678
-0.0463968
8.09977e-05
-0.007176
-0.0330762
-8.52621e-05
-0.00626655
-0.0211919
-0.000449216
-0.00470545
-0.0105022
-0.000270524
-0.00310239
-0.00464826
-0.000385334
-0.00159544
-0.00122669
-0.000562747
0.00752913
-0.0479627
0.00152145
0.00709407
-0.03459
0.00123893
0.00617044
-0.0218298
0.000909972
0.00454937
-0.0124832
0.000321589
0.00259892
-0.0051668
0.000111804
0.00128814
-0.000903987
-0.000261121
-0.00760566
-0.0478571
0.000136657
-0.00737261
-0.0344418
8.87595e-05
-0.00625742
-0.0222994
8.46989e-05
-0.00478463
-0.0115389
0.000318687
-0.00346056
-0.00508675
0.000100414
-0.00171626
-0.00162286
-6.84948e-05
0.000216838
-0.0596716
0.000999306
0.000647861
-0.000331512
7.98672e-05
0.00767752
-0.0604441
0.00173016
-0.000946616
-0.000411234
-0.000326407
-0.00742069
-0.06043
0.000241004
0.000122467
0.000134249
-6.95508e-05
-0.000303907
-8.99424e-05
7.94619e-05
0.000261653
-3.71653e-05
4.85436e-05
3.70581e-05
-0.0611785
0.00100159
0.000586728
-0.000176724
-0.000376043
-0.000775372
-0.000461913
0.000141917
-8.12408e-06
7.95524e-05
-4.22964e-05
0.00777919
-0.0531516
0.00166887
0.00754405
-0.0398658
0.00151059
0.00684484
-0.0268884
0.00137486
0.00585496
-0.0153382
0.00123835
0.00361264
-0.00749391
0.000828034
0.00210053
-0.00257536
0.000332742
-0.00740207
-0.0530723
0.000157512
-0.00733723
-0.0397102
-6.42093e-06
-0.00687202
-0.026798
-0.0001923
-0.0055957
-0.0157322
-0.000521594
-0.00383723
-0.00734207
-0.000323096
-0.00236622
-0.0026072
-0.000451751
0.00759396
-0.0546342
0.00162928
0.00737234
-0.0412359
0.00138638
0.00672454
-0.0281187
0.00105503
0.00554256
-0.0164904
0.00073137
0.00340872
-0.00823813
0.00026077
0.00191984
-0.00282842
-9.34092e-05
-0.00760647
-0.0545835
0.000176238
-0.00751119
-0.0411261
0.000107046
-0.00708213
-0.0279673
7.36529e-05
-0.00547353
-0.0167709
0.000173761
-0.00413992
-0.00805563
0.000176132
-0.00271933
-0.00283958
3.43682e-05
0.0075726
-0.0472528
0.00156829
0.00719297
-0.0339814
0.00134918
0.00629187
-0.021404
0.00111177
0.00462065
-0.0121861
0.000816715
0.00275147
-0.00497152
0.000368542
0.00154162
-0.00101048
-1.50622e-05
-0.00737377
-0.0471386
0.00011959
-0.00708754
-0.0338153
8.13734e-06
-0.00611839
-0.021739
-0.000266576
-0.0046189
-0.0111644
0.000110945
-0.0032037
-0.00494549
-0.000134479
-0.00163802
-0.00147505
-0.000352755
-4.80068e-06
-0.0478902
0.0008405
-0.000122928
-0.0344609
0.000675584
-0.000218081
-0.0217753
0.000533764
-0.000143936
-0.0117981
0.000194313
-0.000465408
-0.00492187
0.000103631
-0.000437208
-0.00101672
-7.17138e-05
0.000131425
-0.0464281
0.000839789
-2.85923e-05
-0.0330592
0.000687431
-4.68184e-05
-0.0207443
0.000625631
0.000140782
-0.0105791
0.000340081
-9.3901e-05
-0.00440627
9.9089e-05
-4.63997e-05
-0.000889309
-7.05249e-05
2.12965e-05
-0.000177807
-4.012e-05
-3.90754e-05
-3.01037e-05
-2.03136e-05
0.000140394
-0.0604354
0.000983656
-0.000980753
-0.000408108
-7.23945e-05
1.33474e-05
0.000136571
-3.47306e-06
0.000800742
-0.000226524
-0.000145974
0.0076447
-0.0539062
0.00165726
0.00742804
-0.0405695
0.00146324
0.00677376
-0.0275403
0.00124328
0.00578896
-0.0159304
0.000995531
0.00349767
-0.00800649
0.000619602
0.00211908
-0.00272899
0.000141694
-0.00741616
-0.053824
0.000172035
-0.00724687
-0.0404424
6.32358e-05
-0.00675551
-0.0274808
-6.77473e-05
-0.00528996
-0.0161864
-3.40269e-05
-0.00392239
-0.00778423
-7.51831e-05
-0.00247188
-0.00280398
-0.000209947
4.63621e-05
-0.0546097
0.000912183
-8.51569e-05
-0.0411036
0.000760053
-0.000202783
-0.0279164
0.00059005
-3.34996e-05
-0.0164804
0.000531099
-0.000402048
-0.0079395
0.000217008
-0.000512001
-0.00259656
-2.29325e-05
0.000176985
-0.0531019
0.000915673
7.12685e-05
-0.0397391
0.000762879
-7.26292e-05
-0.0266944
0.000623181
6.53845e-05
-0.0154516
0.000343418
-7.32725e-05
-0.00710882
0.000218402
-8.74762e-05
-0.00235254
3.58503e-06
0.000697113
-0.000427889
-0.000138489
0.00439615
-0.0185082
0.000837038
