0.00739315
-0.0627641
0.00700069
-0.0060455
-0.0627511
0.00539085
-0.000391593
-0.000214698
-0.000129898
0.000282091
3.81529e-05
0.00011283
0.00624616
-0.0643594
0.00699108
-0.0071887
-0.0643666
0.00540094
-0.000253652
-1.61539e-05
0.00013576
0.000245358
-0.000127989
-0.000121296
0.00736117
-0.0511893
0.00601547
0.00718883
-0.039543
0.00502962
0.00671818
-0.0280481
0.00408258
0.00574613
-0.0180803
0.00311186
0.00433032
-0.00954715
0.00179631
0.00260649
-0.00339905
0.000732386
-0.00605059
-0.0511417
0.00442097
-0.00597972
-0.0394464
0.00343842
-0.00558275
-0.0282788
0.00234371
-0.00476218
-0.0174705
0.00156969
-0.00372378
-0.00933528
0.000646563
-0.00229998
-0.00324785
-0.000350325
0.00622422
-0.0527594
0.00598971
0.00605219
-0.0410375
0.00493875
0.005629
-0.0294234
0.00383902
0.00471094
-0.0193352
0.00252922
0.00332753
-0.0102684
0.0014145
0.00189913
-0.00310576
0.00012796
-0.00720316
-0.0527152
0.00444138
-0.00712833
-0.0409632
0.00351156
-0.006607
-0.029653
0.00262899
-0.0058066
-0.0187481
0.00193364
-0.0048988
-0.0100884
0.001064
-0.00291953
-0.00412439
0.000210844
0.000676289
-0.0627602
0.00619933
0.00140556
-0.0014549
0.00028952
0.00680878
-0.0635656
0.00699002
-0.00149551
-0.00130309
-0.000346692
-0.00658553
-0.0635613
0.00539781
0.000252615
0.000180862
-8.39129e-05
-0.000536116
-0.000201537
9.98194e-05
0.000483691
-0.000141565
7.20272e-05
-0.000453207
-0.0643576
0.00620041
0.000933033
-0.00112713
-0.000334569
-0.00153582
-0.00170767
0.000331556
-6.40082e-05
7.33702e-05
-4.29708e-05
0.0073857
-0.0569978
0.00650981
0.00730184
-0.0453631
0.00551934
0.00700248
-0.0337829
0.00453762
0.00649589
-0.0226662
0.00357439
0.00501356
-0.0134945
0.00241088
0.00356961
-0.00616952
0.00119168
-0.00604896
-0.0569696
0.00490928
-0.00603482
-0.0452941
0.00392668
-0.0058597
-0.0337208
0.00293368
-0.00525471
-0.0228696
0.00186156
-0.00424178
-0.0132488
0.00111172
-0.00309997
-0.00595496
0.000163094
0.00624669
-0.0585865
0.00649417
0.00616468
-0.0468946
0.00546942
0.0058929
-0.0352209
0.00438614
0.00530741
-0.0240245
0.00327684
0.00395987
-0.0144619
0.00201515
0.00266494
-0.00656212
0.000755904
-0.00719743
-0.0585671
0.00491528
-0.00717303
-0.0468449
0.00397129
-0.00701362
-0.0351338
0.00305689
-0.00620678
-0.0241942
0.00225047
-0.00540044
-0.0142649
0.00147558
-0.00419302
-0.00649382
0.000656807
0.00676958
-0.0519808
0.00600742
0.00661517
-0.040314
0.00498519
0.00618938
-0.0288199
0.00394993
0.00517049
-0.0188861
0.00286097
0.00380905
-0.00994356
0.00164644
0.00246015
-0.00323465
0.000486529
-0.00656763
-0.0519341
0.00443522
-0.00645286
-0.0402342
0.00347785
-0.00598923
-0.0289652
0.00243935
-0.00514704
-0.0181991
0.00181196
-0.00413912
-0.00979565
0.000876006
-0.00252807
-0.00369237
-9.33845e-05
-0.000467632
-0.0527302
0.00522044
-0.000511165
-0.0409793
0.00422965
-0.000564993
-0.0293921
0.00326223
-0.000511902
-0.0189031
0.00217352
-0.000791471
-0.010004
0.00125376
-0.000845376
-0.00326484
0.000358869
0.00064226
-0.0511556
0.00521981
0.000564127
-0.0394476
0.0042406
0.000531923
-0.0280682
0.00330835
0.000596163
-0.0175435
0.00227147
0.000336358
-0.00921409
0.00126346
0.000219022
-0.00292973
0.000375367
0.000192914
-0.00104155
0.000136972
-0.000189235
-0.000941657
0.00022135
0.000116936
-0.0635626
0.0061929
-0.00164027
-0.00140653
2.54369e-05
-1.21543e-05
0.000151055
-1.3371e-05
0.00139576
-0.00123405
-1.93868e-05
0.0067966
-0.0577985
0.00650401
0.00671288
-0.0461388
0.00550017
0.00642495
-0.0345219
0.0044761
0.00591588
-0.0233702
0.00342497
0.00441452
-0.0140665
0.00227516
0.00316812
-0.00637993
0.00102959
-0.00658352
-0.0577675
0.00491414
-0.00651647
-0.046082
0.00395358
-0.00630482
-0.0344798
0.00299087
-0.00554552
-0.0234908
0.00213199
-0.00468874
-0.013824
0.00130422
-0.0034665
-0.00631739
0.000421785
-0.00044827
-0.0585775
0.00570797
-0.000499467
-0.0468386
0.00472892
-0.000550784
-0.035121
0.00373689
-0.000455922
-0.0240223
0.00281556
-0.000696919
-0.014217
0.00175676
-0.000899434
-0.00626791
0.0007475
0.000660588
-0.0569809
0.00570987
0.00061571
-0.0453109
0.00472671
0.000534242
-0.0336849
0.00375536
0.000573902
-0.0227244
0.00270655
0.000418881
-0.0131484
0.00176194
0.00026181
-0.0057892
0.000800675
0.00100044
-0.0020064
0.00016785
0.00415323
-0.0260508
0.00343826
