0.00733204
-0.0614907
0.0071851
-0.00591969
-0.0614753
0.00588349
-0.000375135
-0.000205777
-0.000123972
0.000271855
3.61786e-05
0.000108819
0.00608768
-0.0627772
0.00717579
-0.00716141
-0.0627853
0.00589487
-0.000244784
-1.50568e-05
0.00013258
0.000231841
-0.000118778
-0.000118009
0.00729592
-0.0500689
0.0061183
0.00710867
-0.0385702
0.00506288
0.00661258
-0.0272436
0.00407014
0.00562806
-0.0174972
0.00306073
0.00421077
-0.00919834
0.00173567
0.00252268
-0.00326416
0.000690646
-0.00592536
-0.0500173
0.00482549
-0.00585246
-0.0384683
0.00374998
-0.00544486
-0.027482
0.00256801
-0.00461264
-0.0168857
0.00172963
-0.00358255
-0.00899556
0.000742869
-0.00220078
-0.00312284
-0.000291449
0.00606478
-0.0513337
0.00609151
0.00588762
-0.0397791
0.00496872
0.00545985
-0.0283664
0.00382218
0.00454
-0.0185402
0.00247647
0.00317442
-0.00976107
0.00136121
0.00180521
-0.00290732
0.000112473
-0.00717271
-0.051291
0.00484742
-0.00708135
-0.0397117
0.00382685
-0.00653175
-0.0286101
0.00285881
-0.00570683
-0.0179573
0.00209643
-0.00478001
-0.00960625
0.00115458
-0.0028332
-0.00390288
0.000250327
0.000708732
-0.0614857
0.00653878
0.0013581
-0.00139382
0.000269585
0.00669887
-0.0621376
0.0071744
-0.00142913
-0.00124969
-0.000312011
-0.00650604
-0.0621328
0.0058909
0.000247878
0.000173531
-8.17698e-05
-0.000515634
-0.000194529
9.80302e-05
0.000462392
-0.000133758
6.55379e-05
-0.000517773
-0.0627754
0.00654047
0.000888733
-0.00104245
-0.000327552
-0.00148513
-0.00160696
0.000342595
-6.47979e-05
7.41994e-05
-3.99353e-05
0.00732361
-0.0558026
0.00665273
0.0072306
-0.0443163
0.00558528
0.00691014
-0.0328912
0.00454404
0.00638519
-0.0219632
0.00353557
0.00489074
-0.0130271
0.00235135
0.00346193
-0.00593392
0.00113844
-0.00592347
-0.0557713
0.00535947
-0.00590944
-0.0442428
0.00428388
-0.00572899
-0.032827
0.00320114
-0.00510991
-0.0221728
0.00205299
-0.00409268
-0.0127871
0.00123718
-0.00297434
-0.00573025
0.000237454
0.00608838
-0.0570832
0.0066364
0.00600325
-0.0455485
0.00553329
0.0057267
-0.0340581
0.00438842
0.00513664
-0.0230917
0.00323655
0.00379128
-0.0138042
0.0019587
0.00253637
-0.00620688
0.000715912
-0.00716934
-0.0570644
0.00536622
-0.00713472
-0.0455044
0.00433159
-0.00695431
-0.0339795
0.00332932
-0.00611717
-0.0232698
0.00244669
-0.00528907
-0.0136276
0.00159952
-0.00407642
-0.00616038
0.000720557
0.00665677
-0.0507075
0.00610997
0.00649455
-0.0392
0.00501549
0.00605477
-0.0278887
0.00393151
0.00502951
-0.0181954
0.00280846
0.00367623
-0.00951375
0.00158533
0.0023666
-0.00306586
0.000449309
-0.00648673
-0.0506583
0.00483994
-0.00636423
-0.0391173
0.00378964
-0.00588403
-0.0280435
0.00266419
-0.00502418
-0.017507
0.00197073
-0.00401897
-0.00937574
0.00096516
-0.00244193
-0.00351655
-4.61278e-05
-0.000531142
-0.0513046
0.00547524
-0.000569314
-0.0397234
0.00440369
-0.000612477
-0.0283395
0.00336882
-0.000551601
-0.0181087
0.00222844
-0.000809367
-0.00951186
0.00127272
-0.000837443
-0.00306597
0.000367481
0.000671327
-0.0500322
0.00547427
0.000585259
-0.0384688
0.00441461
0.000547519
-0.0272645
0.00341564
0.000612791
-0.0169584
0.00232211
0.000348387
-0.00887369
0.00127978
0.000227099
-0.00281284
0.000376184
0.000196539
-0.000996465
0.000132461
-0.000192053
-0.000865093
0.000218731
0.000101391
-0.0621343
0.00653228
-0.0015819
-0.00133402
4.29193e-05
-1.04088e-05
0.000148613
-1.36397e-05
0.0013418
-0.00115715
-3.24627e-05
0.00668583
-0.0564494
0.00664703
0.00659681
-0.0449421
0.00556468
0.00629634
-0.0334939
0.00447949
0.00577728
-0.0225517
0.00338507
0.00427391
-0.0135033
0.00221406
0.00305111
-0.00608249
0.000977097
-0.00650378
-0.0564157
0.00536449
-0.00643176
-0.0448845
0.00431097
-0.00620985
-0.0334533
0.0032586
-0.00542889
-0.0226802
0.00232534
-0.00456483
-0.0132676
0.00142502
-0.00335778
-0.00602851
0.000486304
-0.000511998
-0.0570743
0.00600505
-0.00056211
-0.0454922
0.00494254
-0.00060488
-0.0339605
0.00387499
-0.000497768
-0.0230938
0.00289626
-0.000727718
-0.01357
0.00179034
-0.000902138
-0.00593033
0.000758792
0.000691518
-0.0557835
0.00600682
0.000642109
-0.0442607
0.00493966
0.000552409
-0.0327897
0.00389342
0.000589037
-0.0220248
0.00278437
0.0004327
-0.0126848
0.00179359
0.000272309
-0.00556636
0.000806829
0.000950894
-0.00187817
0.000153659
0.00402522
-0.0251051
0.0034387
