0.00723746
-0.0599814
0.00734589
-0.00576791
-0.0599638
0.00635843
-0.000357857
-0.000196446
-0.000117746
0.00026089
3.40875e-05
0.000104473
0.00589918
-0.0609533
0.00733696
-0.00710479
-0.0609622
0.006371
-0.000235309
-1.39653e-05
0.000129043
0.000217856
-0.000109379
-0.000114401
0.00719765
-0.048764
0.00620037
0.00699735
-0.0374647
0.00507811
0.00647983
-0.0263552
0.00404219
0.00548897
-0.0168666
0.00299715
0.00407763
-0.00882902
0.00166784
0.00243161
-0.00312371
0.000645914
-0.00577412
-0.048709
0.00521508
-0.00570002
-0.0373582
0.00404944
-0.00528518
-0.0265995
0.0027838
-0.004447
-0.0162568
0.00188282
-0.00343088
-0.00863572
0.000835589
-0.0020963
-0.00299236
-0.000232632
0.00587562
-0.049718
0.00617286
0.00569518
-0.0383828
0.00498154
0.00526659
-0.0272211
0.0037917
0.00435138
-0.0176935
0.00241481
0.00301132
-0.00923138
0.00130263
0.00170665
-0.00270441
9.60217e-05
-0.00711284
-0.0496772
0.00523834
-0.00700583
-0.038323
0.00412942
-0.00643199
-0.0274773
0.0030782
-0.00558778
-0.0171186
0.00225044
-0.0046466
-0.00910224
0.00123996
-0.00273906
-0.00367394
0.00028822
0.000737366
-0.0599754
0.00685751
0.00130695
-0.00133078
0.00024836
0.00655729
-0.0604708
0.00733525
-0.00135958
-0.00119453
-0.000277092
-0.00639919
-0.0604655
0.0063662
0.000242257
0.000165611
-7.94772e-05
-0.000493926
-0.000187133
9.59643e-05
0.000439962
-0.000125688
5.88969e-05
-0.000582822
-0.0609515
0.0068598
0.000842364
-0.000956657
-0.000319929
-0.00143065
-0.0015038
0.000352247
-6.53629e-05
7.47135e-05
-3.68281e-05
0.00722815
-0.0543971
0.00677347
0.00712706
-0.0431111
0.00563184
0.00678835
-0.0318915
0.00453379
0.00624894
-0.0211971
0.00348294
0.00475107
-0.0125276
0.00228221
0.0033437
-0.0056865
0.00108035
-0.00577197
-0.054363
0.00579332
-0.00575826
-0.0430337
0.00462758
-0.00557424
-0.0318257
0.00345801
-0.00494577
-0.0214115
0.00223738
-0.00393058
-0.0122943
0.00135742
-0.00284081
-0.00549401
0.000309935
0.00590006
-0.0553638
0.00675663
0.00581279
-0.0440388
0.00557833
0.00553416
-0.0327826
0.00437536
0.00494429
-0.0220913
0.00318451
0.00360946
-0.0131117
0.00189494
0.00240057
-0.00583905
0.00067288
-0.00711183
-0.0553459
0.00580076
-0.00706734
-0.0440007
0.00467799
-0.00686748
-0.0327132
0.00359023
-0.00600585
-0.0222769
0.00263336
-0.00516065
-0.0129564
0.00171655
-0.00394799
-0.00581441
0.000780823
0.00651276
-0.0492469
0.00619185
0.00634435
-0.0379505
0.00502817
0.0058942
-0.0268708
0.00389862
0.00486915
-0.0174542
0.00274511
0.00353145
-0.00906233
0.00151785
0.00226622
-0.00289215
0.000410106
-0.00637863
-0.0491957
0.00522958
-0.00624945
-0.0378656
0.00408901
-0.00575623
-0.0270339
0.00287988
-0.00488414
-0.0167684
0.00212138
-0.00388664
-0.00893454
0.00104991
-0.00234927
-0.00333426
5.04522e-07
-0.000594926
-0.0496894
0.00571221
-0.000627169
-0.0383303
0.00456275
-0.000659134
-0.0271989
0.00346324
-0.000590478
-0.0172653
0.002275
-0.000824892
-0.00899839
0.00128644
-0.000827034
-0.0028622
0.000374338
0.00069698
-0.0487247
0.00571086
0.000603688
-0.0373582
0.00457354
0.000560597
-0.0263768
0.0035103
0.000626408
-0.016329
0.00236365
0.000358693
-0.00851394
0.00129063
0.000233932
-0.00269165
0.000375051
0.000199141
-0.000950423
0.000127171
-0.000194231
-0.000787998
0.000215277
8.3638e-05
-0.0604672
0.006851
-0.00151951
-0.00125966
5.99143e-05
-8.73048e-06
0.000145614
-1.38327e-05
0.00128427
-0.0010789
-4.57886e-05
0.00654354
-0.0548869
0.00676793
0.00645017
-0.0435842
0.00561002
0.00613986
-0.0323554
0.00446678
0.00561474
-0.0216678
0.00333235
0.00411832
-0.0129061
0.00214421
0.00292478
-0.0057728
0.000920582
-0.00639667
-0.0548511
0.00579844
-0.00632031
-0.0435264
0.0046546
-0.00608994
-0.0323167
0.0035153
-0.0052927
-0.0218033
0.00250986
-0.00442618
-0.0126783
0.00153975
-0.00323948
-0.00572733
0.000548198
-0.000576236
-0.0553551
0.00628288
-0.000624663
-0.0439827
0.00513975
-0.000658303
-0.032688
0.00399956
-0.000539349
-0.022098
0.00296604
-0.00075656
-0.0128894
0.00181683
-0.00090214
-0.00558115
0.000766782
0.000718821
-0.054376
0.00628448
0.000665372
-0.0430526
0.00513614
0.000568091
-0.0317873
0.00401775
0.000601321
-0.0212618
0.00285181
0.000444483
-0.0121908
0.00181793
0.000281355
-0.00533283
0.000809317
0.000898778
-0.0017476
0.000138598
0.00387964
-0.024084
0.00342648
