0.00719742
-0.0594217
0.00739503
-0.00571043
-0.0594034
0.00651026
-0.000351982
-0.000193282
-0.000115643
0.000257151
3.33652e-05
0.000102993
0.00582917
-0.0602909
0.00738625
-0.00707768
-0.0603
0.00652318
-0.000232081
-1.3624e-05
0.000127806
0.000213161
-0.00010627
-0.000113132
0.00715656
-0.048286
0.00622438
0.00695257
-0.0370667
0.00508074
0.00642929
-0.0260422
0.00403096
0.00543813
-0.0166481
0.00297463
0.00403087
-0.00870316
0.00164483
0.00240022
-0.00307652
0.000631005
-0.00571681
-0.0482299
0.00533963
-0.00564257
-0.0369589
0.00414519
-0.00522641
-0.0262878
0.00285303
-0.00438806
-0.0160398
0.00193176
-0.00337823
-0.00851299
0.000865367
-0.00206064
-0.00294833
-0.00021326
0.00580549
-0.0491384
0.00619672
0.00562451
-0.0378898
0.00498364
0.00519671
-0.0268241
0.00378018
0.00428487
-0.0174041
0.00239395
0.00295533
-0.00905332
0.00128316
0.00167316
-0.00263748
9.08459e-05
-0.00708467
-0.0490983
0.00536325
-0.00697289
-0.0378326
0.00422598
-0.00639246
-0.0270838
0.00314799
-0.0055436
-0.0168329
0.002299
-0.0045992
-0.00893262
0.00126684
-0.0027064
-0.00359771
0.000300278
0.000746081
-0.0594154
0.00695826
0.00128945
-0.00130977
0.000241315
0.00650228
-0.0598597
0.00738444
-0.00133595
-0.00117604
-0.000265565
-0.00635613
-0.0598542
0.00651813
0.000240251
0.000162891
-7.86608e-05
-0.000486516
-0.000184619
9.51911e-05
0.000432361
-0.000123015
5.66949e-05
-0.000604019
-0.060289
0.00696074
0.00082662
-0.000928605
-0.000317075
-0.00141198
-0.00146976
0.000355061
-6.55218e-05
7.47805e-05
-3.57781e-05
0.00718786
-0.0538787
0.00680983
0.00708446
-0.0426731
0.00564449
0.00674069
-0.0315352
0.00452828
0.00619769
-0.0209299
0.00346392
0.00470125
-0.0123561
0.0022584
0.00330262
-0.00560276
0.00106088
-0.00571456
-0.0538438
0.00593202
-0.00570104
-0.0425946
0.00473748
-0.00551639
-0.031469
0.00354017
-0.00488631
-0.0211454
0.0022966
-0.00387374
-0.0121252
0.00139589
-0.00279485
-0.00541391
0.00033341
0.00583012
-0.0547428
0.00679288
0.00574243
-0.0435013
0.00559065
0.00546388
-0.0323361
0.00436931
0.00487543
-0.0217474
0.00316625
0.00354646
-0.0128772
0.00187352
0.00235424
-0.00571629
0.000658796
-0.00708441
-0.0547253
0.00593966
-0.00703687
-0.0434653
0.00478862
-0.00683123
-0.0322699
0.0036734
-0.00596345
-0.0219351
0.00269255
-0.00511412
-0.0127291
0.00175344
-0.00390304
-0.00569874
0.000799808
0.0064571
-0.048718
0.00621582
0.00628715
-0.0375054
0.0050301
0.00583469
-0.0265153
0.0038861
0.00481161
-0.017199
0.00272312
0.0034811
-0.0089097
0.0014952
0.00223174
-0.00283445
0.000397266
-0.00633521
-0.0486663
0.00535411
-0.00620421
-0.03742
0.00418463
-0.00570787
-0.0266807
0.00294887
-0.00483348
-0.0165153
0.00216908
-0.00384003
-0.00878529
0.00107683
-0.00231728
-0.00327324
1.57075e-05
-0.000615665
-0.04911
0.00578686
-0.000645857
-0.0378385
0.0046125
-0.000674089
-0.0268035
0.00349234
-0.000602945
-0.0169777
0.0022891
-0.000829375
-0.00882588
0.00129025
-0.000823098
-0.00279487
0.000376401
0.000704842
-0.0482459
0.00578538
0.000609415
-0.0369588
0.00462324
0.000564624
-0.0260639
0.00353937
0.000630395
-0.0161117
0.00237596
0.000361918
-0.00839151
0.00129348
0.000236058
-0.00265101
0.000374495
0.000199871
-0.000935154
0.000125385
-0.00019486
-0.000762947
0.000214071
7.7526e-05
-0.059856
0.00695177
-0.0014981
-0.00123499
6.53559e-05
-8.21073e-06
0.000144476
-1.38949e-05
0.0012646
-0.00105319
-4.99864e-05
0.00648834
-0.0543173
0.00680435
0.00639384
-0.0430963
0.00562235
0.00608111
-0.0319538
0.00446063
0.00555516
-0.021362
0.00331357
0.0040636
-0.0127026
0.00212041
0.00288118
-0.00566886
0.000901842
-0.00635353
-0.0542808
0.00593715
-0.00627596
-0.0430386
0.0047644
-0.00604342
-0.0319157
0.00359727
-0.00524254
-0.0214995
0.00256858
-0.00437673
-0.0124775
0.00157616
-0.00319823
-0.00562611
0.00056798
-0.000597183
-0.0547342
0.00637058
-0.000644911
-0.0434455
0.00520169
-0.000675468
-0.0322428
0.0040383
-0.000552853
-0.0217556
0.0029872
-0.000765459
-0.0126591
0.00182452
-0.00090151
-0.00546472
0.000769016
0.000727158
-0.053857
0.00637212
0.00067254
-0.0426138
0.00519784
0.000572983
-0.0314303
0.00405637
0.000604966
-0.0209955
0.00287242
0.000448137
-0.0120215
0.0018249
0.000284202
-0.00525389
0.000809703
0.000881039
-0.00170467
0.000133755
0.00382724
-0.023731
0.00342092
