0.00715279
-0.0588325
0.00744222
-0.00564914
-0.0588136
0.00665799
-0.000346071
-0.000190102
-0.00011354
0.000253395
3.26306e-05
0.000101512
0.00575546
-0.059601
0.00743359
-0.00704589
-0.0596104
0.00667122
-0.000228837
-1.33009e-05
0.000126546
0.000208471
-0.000103195
-0.000111833
0.00711098
-0.0477858
0.00624714
0.00690373
-0.0366539
0.00508268
0.00637553
-0.0257212
0.00401929
0.00538513
-0.016426
0.00295193
0.00398313
-0.00857651
0.00162204
0.00236852
-0.00302941
0.000616324
-0.00565568
-0.0477288
0.00546084
-0.00558147
-0.0365451
0.00423843
-0.00516465
-0.0259678
0.00292063
-0.00432719
-0.0158198
0.00197943
-0.0033246
-0.00838942
0.00089447
-0.00202465
-0.00290426
-0.000194076
0.00573169
-0.0485388
0.00621939
0.00555049
-0.0373841
0.00498521
0.00512407
-0.026421
0.00376855
0.00421666
-0.0171124
0.00237349
0.00289873
-0.00887566
0.00126414
0.00163947
-0.00257145
8.60028e-05
-0.00705186
-0.0484995
0.00548478
-0.00693562
-0.0373294
0.00431989
-0.00634954
-0.0266838
0.00321578
-0.00549711
-0.0165455
0.00234592
-0.00455043
-0.00876324
0.00129277
-0.00267326
-0.00352209
0.000311978
0.000754395
-0.0588259
0.00705596
0.00127186
-0.00128889
0.000234393
0.00644314
-0.0592201
0.00743168
-0.00131219
-0.00115758
-0.000254147
-0.0063089
-0.0592145
0.00666593
0.000238203
0.000160147
-7.78114e-05
-0.000479051
-0.000182092
9.43676e-05
0.000424738
-0.000120375
5.45138e-05
-0.000624763
-0.0595992
0.00705862
0.000810788
-0.000901087
-0.000314002
-0.00139318
-0.00143618
0.000357641
-6.56729e-05
7.4784e-05
-3.47212e-05
0.00714301
-0.0533344
0.0068446
0.00703754
-0.0422166
0.00565621
0.00668933
-0.0311677
0.00452227
0.00614351
-0.0206575
0.00344469
0.00464997
-0.0121828
0.00223467
0.00326092
-0.00551882
0.00104167
-0.00565334
-0.0532988
0.00606697
-0.00564004
-0.0421372
0.00484446
-0.0054551
-0.0311011
0.00362022
-0.00482434
-0.0208738
0.00235446
-0.00381552
-0.0119543
0.00143339
-0.00274828
-0.00533353
0.000356455
0.00575646
-0.0540981
0.00682757
0.00566852
-0.0429476
0.00560212
0.00539048
-0.0318804
0.00436299
0.00480423
-0.0213999
0.00314813
0.00348246
-0.0126422
0.00185253
0.00230756
-0.00559434
0.00064516
-0.00705232
-0.0540809
0.0060748
-0.00700189
-0.0429136
0.00489624
-0.00679093
-0.0318173
0.00375424
-0.00591824
-0.0215894
0.00274992
-0.00506577
-0.0125012
0.00178907
-0.00385719
-0.00558369
0.000818131
0.0063974
-0.0481679
0.00623856
0.00622621
-0.0370464
0.00503142
0.00577212
-0.0261527
0.00387336
0.0047521
-0.0169409
0.00270123
0.00342991
-0.00875683
0.00147289
0.00219692
-0.00277726
0.000384768
-0.00628767
-0.0481159
0.00547527
-0.00615509
-0.0369607
0.00427768
-0.00565638
-0.02632
0.00301612
-0.00478077
-0.0162598
0.00221528
-0.00379222
-0.00863577
0.00110297
-0.00228486
-0.00321249
3.06738e-05
-0.000635936
-0.0485107
0.0058592
-0.000664059
-0.0373339
0.00466063
-0.000688601
-0.0264019
0.00352035
-0.000615057
-0.0166884
0.00230265
-0.000833454
-0.00865379
0.00129381
-0.000818956
-0.00272837
0.000378409
0.000712391
-0.047745
0.0058576
0.000615001
-0.0365448
0.00467132
0.000568567
-0.025743
0.00356729
0.000634149
-0.0158914
0.00238767
0.000365101
-0.00826838
0.0012961
0.000238152
-0.00261048
0.00037394
0.000200566
-0.000920013
0.000123638
-0.000195455
-0.00073847
0.000212884
7.14264e-05
-0.0592163
0.0070495
-0.00147646
-0.00121056
7.06479e-05
-7.71879e-06
0.000143263
-1.39611e-05
0.00124477
-0.00102788
-5.39594e-05
0.00642903
-0.0537227
0.00683919
0.00633358
-0.042591
0.00563378
0.00601897
-0.0315417
0.00445409
0.00549287
-0.0210518
0.00329474
0.00400762
-0.0124978
0.00209684
0.00283702
-0.00556522
0.000883491
-0.00630623
-0.0536857
0.00607211
-0.00622761
-0.0425335
0.00487124
-0.00599328
-0.0315043
0.00367705
-0.00518987
-0.0211911
0.00262563
-0.00432568
-0.0122757
0.0016115
-0.00315617
-0.00552508
0.000587251
-0.000617691
-0.0540896
0.00645562
-0.000664652
-0.0428921
0.00526168
-0.000692139
-0.0317883
0.00407572
-0.000566071
-0.0214095
0.00300745
-0.000773903
-0.0124285
0.00183178
-0.000900551
-0.0053491
0.00077114
0.000735133
-0.0533121
0.00645709
0.000679457
-0.0421567
0.00525759
0.000577787
-0.0310622
0.00409365
0.000608454
-0.0207238
0.00289226
0.000451716
-0.0118506
0.00183147
0.00028702
-0.00517479
0.000809996
0.000863183
-0.00166242
0.000129128
0.00377292
-0.023373
0.00341506
