0.00791919
-0.0607987
0.00177409
-0.00758534
-0.0607605
0.000165478
-0.000228245
-0.000110286
-7.71743e-05
0.000130669
4.84404e-05
4.57022e-05
0.00773742
-0.0623744
0.00175386
-0.00775474
-0.0623885
0.000192767
-0.000115426
1.25007e-05
6.62808e-05
0.000127593
-4.78695e-05
-7.49346e-05
0.0078237
-0.0473666
0.00163443
0.00739709
-0.0338484
0.00151855
0.00638448
-0.0209489
0.00147187
0.00477498
-0.0113662
0.00132709
0.002835
-0.00448449
0.000645241
0.00136321
-0.000958877
0.000254672
-0.00758799
-0.0472483
4.89526e-05
-0.00737002
-0.0336534
-9.40241e-05
-0.00645285
-0.0214723
-0.000446249
-0.00485481
-0.0104695
-0.000258593
-0.00317802
-0.00447878
-0.000374063
-0.00159733
-0.00109015
-0.000555639
0.00767334
-0.0488922
0.00156899
0.00724357
-0.0352517
0.00131333
0.00631445
-0.0221843
0.000998879
0.0046484
-0.01256
0.000399623
0.00262243
-0.0050408
0.000173065
0.00126478
-0.000765205
-0.000228169
-0.00777137
-0.0487884
0.000104068
-0.00754729
-0.0351013
7.99911e-05
-0.00642875
-0.0226588
9.72907e-05
-0.00492636
-0.0115837
0.000351584
-0.00354594
-0.004958
0.000135257
-0.00173226
-0.00150382
-4.61088e-05
0.000179227
-0.0607829
0.000981608
0.000628934
-0.00023574
0.000101276
0.00780666
-0.0615939
0.00175202
-0.000932856
-0.000338505
-0.000316529
-0.00759904
-0.0615802
0.00018484
0.000124976
0.000139873
-6.86584e-05
-0.000298314
-8.51256e-05
7.91014e-05
0.000252936
-3.00443e-05
4.92833e-05
2.55286e-05
-0.0623679
0.000984244
0.000564615
-0.000102556
-0.000357114
-0.000769901
-0.000387969
0.000156503
-1.22913e-05
8.36435e-05
-3.92889e-05
0.00789573
-0.0541313
0.00170228
0.00766663
-0.0405823
0.00157075
0.00697597
-0.0273202
0.00145911
0.00598086
-0.015455
0.00133963
0.00367068
-0.00738133
0.000919805
0.00210178
-0.002385
0.000392479
-0.00759269
-0.054054
0.000113117
-0.00752972
-0.0404283
-2.60734e-05
-0.00706608
-0.0272269
-0.000192344
-0.00576969
-0.0158597
-0.000515832
-0.00395093
-0.00722326
-0.000310449
-0.0024021
-0.00243346
-0.000442518
0.0077365
-0.0556931
0.00166342
0.0075193
-0.0420345
0.00144794
0.00687385
-0.0286329
0.00113876
0.00567268
-0.0166881
0.000820233
0.00346801
-0.00818932
0.000333468
0.00191389
-0.00267392
-4.65959e-05
-0.00777085
-0.0556435
0.000131811
-0.00768046
-0.0419253
8.66955e-05
-0.0072617
-0.0284764
7.56257e-05
-0.00563408
-0.0169766
0.000195326
-0.00425774
-0.00799563
0.000211184
-0.00276799
-0.0026919
6.49456e-05
0.00770408
-0.0481425
0.00161507
0.0073292
-0.0346018
0.00142379
0.00642623
-0.0217221
0.00120449
0.00471236
-0.0122316
0.00091056
0.00277844
-0.00482335
0.000439639
0.00153072
-0.000860109
1.91569e-05
-0.0075525
-0.0480296
8.73206e-05
-0.00726958
-0.0344336
1.467e-07
-0.00629207
-0.0220598
-0.000259863
-0.00475785
-0.0111753
0.000138121
-0.00328201
-0.00480086
-0.000110928
-0.00165127
-0.00134864
-0.000341808
-1.5279e-05
-0.0488213
0.000848011
-0.000134252
-0.0351228
0.000709163
-0.00023572
-0.0221278
0.000585823
-0.000164149
-0.011853
0.000247631
-0.000500304
-0.00478426
0.000150637
-0.000459271
-0.000883473
-4.62361e-05
9.59392e-05
-0.0472794
0.000846488
-6.07824e-05
-0.0336377
0.000718687
-7.78928e-05
-0.021019
0.000678187
0.000117013
-0.010551
0.000396012
-0.000119919
-0.00422261
0.000143605
-5.51827e-05
-0.000733565
-4.9002e-05
2.2532e-05
-9.41675e-05
-2.96764e-05
-5.05635e-05
4.30732e-05
-7.82523e-06
0.000115579
-0.0615855
0.000966474
-0.000977416
-0.000334316
-6.49353e-05
1.32449e-05
0.000142574
-4.43419e-06
0.000782915
-0.000144069
-0.000127383
0.00777465
-0.0549254
0.00169081
0.00756198
-0.0413272
0.00152406
0.00691122
-0.0280144
0.00132836
0.0059148
-0.0160902
0.00109202
0.00355344
-0.00793062
0.000705588
0.00212267
-0.00255789
0.000194702
-0.00759427
-0.0548446
0.000127489
-0.00742729
-0.0412006
4.37427e-05
-0.00693734
-0.0279515
-6.5906e-05
-0.00544815
-0.0163504
-1.63224e-05
-0.004034
-0.00769964
-5.002e-05
-0.00251545
-0.00264633
-0.000191295
3.4839e-05
-0.0556692
0.000907023
-9.49995e-05
-0.0419037
0.000780325
-0.000216655
-0.0284286
0.000633744
-4.84087e-05
-0.0166776
0.000589793
-0.000433975
-0.00787609
0.000270975
-0.0005444
-0.00243524
1.36518e-05
0.000140335
-0.0540829
0.000909753
3.70517e-05
-0.0404574
0.000782784
-0.000104313
-0.0271245
0.000665838
3.80489e-05
-0.0155736
0.000396482
-0.000102512
-0.00698068
0.000270371
-0.000106425
-0.00216088
3.77411e-05
0.000681464
-0.000311806
-0.000115251
0.00449253
-0.0187584
0.000920693
