0.00710341
-0.058213
0.0074876
-0.00558386
-0.0581936
0.00680112
-0.000340134
-0.000186912
-0.000111445
0.000249637
3.18837e-05
0.000100038
0.00567798
-0.0588838
0.00747913
-0.00700912
-0.0588934
0.00681464
-0.000225591
-1.29998e-05
0.000125267
0.0002038
-0.000100165
-0.000110503
0.00706077
-0.047263
0.0062689
0.00685071
-0.0362264
0.00508422
0.00631854
-0.0253927
0.00400749
0.00533003
-0.0162007
0.00292934
0.00393453
-0.00844935
0.0015997
0.00233661
-0.00298251
0.000602002
-0.00559055
-0.0472053
0.00557834
-0.00551653
-0.0361167
0.0043289
-0.00509978
-0.0256397
0.00298644
-0.00426438
-0.0155972
0.00202572
-0.00327004
-0.00826529
0.000922837
-0.00198839
-0.00286024
-0.000175119
0.00565419
-0.0479195
0.00624111
0.00547309
-0.0368662
0.00498655
0.0050487
-0.0260125
0.00375714
0.0041468
-0.0168194
0.00235376
0.00284164
-0.008699
0.00124581
0.00160566
-0.00250663
8.15935e-05
-0.00701409
-0.047881
0.00560254
-0.00689376
-0.0368142
0.00441086
-0.00630306
-0.0262779
0.00328137
-0.00544827
-0.0162572
0.00239103
-0.00450036
-0.00859468
0.0013177
-0.0026397
-0.00344738
0.000323279
0.000762318
-0.0582063
0.00715044
0.00125424
-0.00126822
0.000227656
0.00637975
-0.0585517
0.00747713
-0.00128833
-0.00113922
-0.000242868
-0.00625726
-0.058546
0.00680912
0.000236124
0.000157389
-7.69247e-05
-0.000471546
-0.000179559
9.34892e-05
0.000417116
-0.000117783
5.23621e-05
-0.00064493
-0.058882
0.00715328
0.000794898
-0.000874244
-0.000310676
-0.00137429
-0.00140322
0.00035997
-6.58201e-05
7.47178e-05
-3.36576e-05
0.00709344
-0.0527637
0.00687799
0.00698617
-0.0417415
0.00566726
0.00663421
-0.030789
0.00451606
0.00608637
-0.0203802
0.00342557
0.00459733
-0.012008
0.0022113
0.00321875
-0.00543489
0.00102292
-0.00558813
-0.0527274
0.00619774
-0.00557508
-0.0416613
0.00494821
-0.00539023
-0.0307222
0.00369794
-0.00475978
-0.020597
0.00241084
-0.00375594
-0.011782
0.00146985
-0.00270112
-0.00525305
0.000379022
0.00567904
-0.0534298
0.0068609
0.00559102
-0.0423779
0.00561304
0.00531396
-0.031416
0.00435674
0.00473072
-0.0210494
0.00313047
0.00341756
-0.0124075
0.00183224
0.00226062
-0.00547365
0.000632152
-0.00701525
-0.053413
0.00620573
-0.00696213
-0.0423461
0.00500052
-0.00674637
-0.031356
0.00383253
-0.00587013
-0.0212405
0.0028053
-0.00501559
-0.0122734
0.00182335
-0.0038105
-0.00546969
0.000835734
0.00633356
-0.0475968
0.00626032
0.00616148
-0.036574
0.00503245
0.00570648
-0.0257835
0.00386073
0.00469069
-0.0166803
0.00267973
0.00337799
-0.0086042
0.00145116
0.00216183
-0.00272081
0.000372741
-0.00623577
-0.0475444
0.00559269
-0.00610191
-0.036488
0.00436788
-0.00560164
-0.0259525
0.00308146
-0.004726
-0.0160027
0.00225985
-0.00374326
-0.00848641
0.00112827
-0.00225205
-0.00315221
4.53671e-05
-0.00065562
-0.0478916
0.00592915
-0.000681667
-0.0368173
0.00470716
-0.000702585
-0.025995
0.00354736
-0.00062675
-0.016398
0.00231573
-0.000837096
-0.00848274
0.0012972
-0.000814623
-0.00266301
0.000380396
0.000719647
-0.0472217
0.00592745
0.000620487
-0.0361163
0.00471779
0.000572473
-0.0254145
0.00359413
0.000637699
-0.0156685
0.00239889
0.000368277
-0.00814484
0.00129859
0.00024024
-0.00257017
0.000373435
0.000201243
-0.000905046
0.000121961
-0.000196023
-0.000714703
0.000211739
6.54046e-05
-0.0585478
0.00714401
-0.00145465
-0.00118644
7.57694e-05
-7.25891e-06
0.000141973
-1.40344e-05
0.00122484
-0.00100309
-5.76493e-05
0.00636552
-0.0531032
0.00687265
0.00626933
-0.0420685
0.0056446
0.00595338
-0.0311199
0.00444747
0.00542788
-0.0207377
0.00327618
0.00395046
-0.0122923
0.00207377
0.00279242
-0.00546223
0.000865719
-0.00625453
-0.0530657
0.00620288
-0.00617503
-0.0420112
0.0049748
-0.00593936
-0.0310832
0.00375443
-0.00513461
-0.0208785
0.00268085
-0.00427302
-0.0120733
0.00164566
-0.00311334
-0.00542458
0.000605962
-0.000637639
-0.0534214
0.00653786
-0.000683767
-0.0423229
0.0053197
-0.000708215
-0.0313253
0.00411187
-0.00057894
-0.0210604
0.00302683
-0.000781837
-0.0121981
0.00183871
-0.000899257
-0.00523474
0.000773214
0.000742763
-0.0527409
0.00653927
0.000686151
-0.041681
0.00531537
0.000582546
-0.0306832
0.00412965
0.000611823
-0.0204472
0.00291141
0.000455259
-0.0116785
0.00183773
0.000289839
-0.00509576
0.000810271
0.000845248
-0.00162102
0.000124787
0.00371672
-0.0230108
0.00340916
