0.00698986
-0.0568814
0.00757351
-0.00544069
-0.0568611
0.00707175
-0.00032822
-0.000180523
-0.000107299
0.000242164
3.03539e-05
9.71407e-05
0.00551161
-0.0573674
0.00756539
-0.00691955
-0.0573774
0.00708571
-0.000219128
-1.24771e-05
0.000122665
0.000194553
-9.42845e-05
-0.000107754
0.00694594
-0.0461488
0.00631033
0.00673181
-0.0353273
0.00508727
0.00619479
-0.0247138
0.00398459
0.00521368
-0.0157421
0.00288556
0.0038352
-0.00819458
0.00155722
0.00227255
-0.00288987
0.000574915
-0.00544765
-0.0460901
0.00580074
-0.00537457
-0.0352164
0.00450051
-0.0049603
-0.0249604
0.0031121
-0.00413281
-0.0151459
0.00211371
-0.00315822
-0.0080163
0.000977145
-0.00191526
-0.00277276
-0.000138027
0.00548793
-0.046623
0.00628262
0.00530811
-0.0357964
0.00498974
0.00488978
-0.0251825
0.00373614
0.00400244
-0.0162319
0.00231767
0.00272637
-0.00835096
0.00121209
0.00153791
-0.0023817
7.44533e-05
-0.00692268
-0.0465862
0.00582527
-0.0067954
-0.0357496
0.00458295
-0.00619893
-0.0254516
0.00340522
-0.00534341
-0.0156811
0.0024753
-0.00439651
-0.00826207
0.00136422
-0.00257166
-0.0033018
0.000344543
0.000777041
-0.0568742
0.00732909
0.00121915
-0.00122775
0.000214967
0.00623992
-0.0571275
0.00756323
-0.00124047
-0.00110289
-0.000220827
-0.00613996
-0.0571217
0.00707981
0.000231921
0.000151867
-7.50239e-05
-0.000456479
-0.000174491
9.15505e-05
0.000401956
-0.000112788
4.81773e-05
-0.00068307
-0.0573657
0.00733223
0.000763045
-0.000823094
-0.000303127
-0.00133649
-0.00133973
0.000363808
-6.61169e-05
7.43533e-05
-3.15104e-05
0.0069796
-0.0515413
0.00694132
0.00686963
-0.0407351
0.00568841
0.00651248
-0.0299991
0.00450424
0.00596325
-0.0198126
0.00338881
0.00448832
-0.0116553
0.0021666
0.00313338
-0.00526787
0.000987491
-0.00544505
-0.0515041
0.00644509
-0.00543265
-0.0406539
0.00514482
-0.00524916
-0.029932
0.00384562
-0.00462262
-0.0200291
0.00251865
-0.00363272
-0.0114343
0.00153934
-0.00260528
-0.00509252
0.000422546
0.00551278
-0.0520232
0.00692424
0.00542516
-0.041193
0.00563426
0.00515154
-0.0304641
0.00434563
0.00457694
-0.0203429
0.00309774
0.00328547
-0.0119414
0.00179479
0.00216634
-0.00523779
0.000608686
-0.0069251
-0.0520072
0.00645332
-0.0068673
-0.0411652
0.00519779
-0.00664373
-0.0304103
0.00398057
-0.00576493
-0.0205363
0.00290946
-0.0049098
-0.0118209
0.00188741
-0.00371496
-0.00524641
0.00086856
0.00619316
-0.0463912
0.00630179
0.00602038
-0.03559
0.00503477
0.00556597
-0.0250274
0.00383695
0.00456235
-0.0161539
0.00263901
0.00327232
-0.00830128
0.00141035
0.00209123
-0.00261093
0.000350577
-0.00611811
-0.0463385
0.00581485
-0.0059826
-0.035504
0.00453877
-0.00548195
-0.0251986
0.00320576
-0.00461013
-0.0154853
0.00234362
-0.00364199
-0.0081898
0.0011761
-0.00218551
-0.00303377
7.38032e-05
-0.000692769
-0.0465959
0.00606165
-0.000714689
-0.0357501
0.00479544
-0.000728651
-0.025168
0.00359855
-0.000648636
-0.0158174
0.00234082
-0.000842942
-0.00814585
0.00130376
-0.000805432
-0.00253675
0.00038443
0.000733359
-0.0461067
0.00605975
0.000631304
-0.0352158
0.00480599
0.00058035
-0.0247354
0.00364482
0.000644287
-0.0152162
0.00242019
0.000374739
-0.0078976
0.00130349
0.000244496
-0.00249059
0.000372767
0.000202615
-0.000875785
0.000118926
-0.000197114
-0.000669788
0.000209669
5.38466e-05
-0.0571236
0.00732277
-0.00141069
-0.00113948
8.54246e-05
-6.45052e-06
0.000139154
-1.42129e-05
0.00118487
-0.00095549
-6.39624e-05
0.00622553
-0.0517886
0.00693614
0.00612852
-0.0409725
0.00566544
0.00581175
-0.0302482
0.00443521
0.00528984
-0.0201002
0.00324107
0.00383301
-0.0118812
0.00203017
0.00270226
-0.00525943
0.000832623
-0.00613712
-0.0517505
0.00645018
-0.00605643
-0.040916
0.00517087
-0.00581956
-0.030213
0.00390112
-0.00501609
-0.020243
0.00278524
-0.00416292
-0.0116685
0.00171017
-0.00302558
-0.00522632
0.000641531
-0.000675402
-0.0520151
0.00669349
-0.00071967
-0.041139
0.00542968
-0.000738206
-0.0303765
0.00418049
-0.00060339
-0.0203566
0.00306328
-0.000795962
-0.0117411
0.00185189
-0.00089563
-0.00501143
0.000777436
0.00075705
-0.0515178
0.0066948
0.000698975
-0.0406739
0.00542492
0.000592104
-0.0298931
0.00419796
0.000618357
-0.0198803
0.00294794
0.000462371
-0.0113317
0.00184969
0.000295606
-0.0049386
0.000811039
0.00080927
-0.00154154
0.000117231
0.00359878
-0.0222764
0.00339819
