0.00692547
-0.0561684
0.00761429
-0.00536254
-0.0561477
0.0071984
-0.00032226
-0.000177332
-0.000105261
0.000238472
2.95712e-05
9.57312e-05
0.0054227
-0.0565686
0.00760635
-0.00686629
-0.0565787
0.00721253
-0.00021593
-1.22615e-05
0.000121346
0.000189996
-9.14522e-05
-0.000106336
0.00688114
-0.045557
0.00633039
0.0066658
-0.0348558
0.00508927
0.00612802
-0.024364
0.00397401
0.00515254
-0.0155093
0.00286483
0.00378467
-0.0080674
0.00153749
0.00224057
-0.00284432
0.000562369
-0.0053696
-0.045498
0.00590498
-0.0052973
-0.0347446
0.00458119
-0.00488553
-0.0246096
0.00317168
-0.00406402
-0.0149176
0.00215522
-0.00310102
-0.00789186
0.00100298
-0.00187847
-0.00272944
-0.000119952
0.00539916
-0.0459465
0.00630282
0.00522054
-0.0352455
0.00499211
0.0048063
-0.0247623
0.00372709
0.00392808
-0.0159386
0.00230183
0.00266838
-0.00818054
0.0011971
0.00150408
-0.00232206
7.18945e-05
-0.00686858
-0.0459107
0.00592957
-0.00673852
-0.0352012
0.00466358
-0.00614106
-0.0250325
0.00346317
-0.00528733
-0.0153946
0.00251421
-0.0043428
-0.00809891
0.00138569
-0.00253729
-0.00323141
0.000354441
0.000783868
-0.056161
0.00741296
0.00120179
-0.00120806
0.000209121
0.00616336
-0.0563715
0.00760412
-0.00121654
-0.00108498
-0.00021011
-0.00607393
-0.0563656
0.00720646
0.000229818
0.000149119
-7.40022e-05
-0.000448941
-0.000171965
9.0482e-05
0.000394452
-0.000110408
4.6158e-05
-0.000700826
-0.0565669
0.00741623
0.000747126
-0.000799009
-0.000298843
-0.00131766
-0.00130944
0.000365289
-6.6273e-05
7.4045e-05
-3.04267e-05
0.00691512
-0.050889
0.0069716
0.00680428
-0.0402036
0.00569898
0.0064458
-0.0295882
0.00449915
0.00589728
-0.0195228
0.00337169
0.00443212
-0.0114779
0.00214572
0.0030904
-0.0051851
0.000971128
-0.00536692
-0.0508515
0.00656091
-0.00535491
-0.0401221
0.00523711
-0.00517276
-0.029521
0.00391521
-0.00454992
-0.0197385
0.00256985
-0.00356911
-0.0112595
0.00157222
-0.00255666
-0.00501274
0.000443426
0.00542391
-0.0512854
0.00695458
0.00533679
-0.0405787
0.00564504
0.00506565
-0.0299778
0.00434132
0.00449675
-0.0199883
0.00308321
0.00321846
-0.0117112
0.00177811
0.00211915
-0.00512336
0.000598532
-0.00687156
-0.0512698
0.00656921
-0.00681181
-0.0405528
0.0052902
-0.00658534
-0.029927
0.00404991
-0.0057077
-0.0201823
0.00295795
-0.00485422
-0.0115973
0.00191702
-0.00366623
-0.0051378
0.000883685
0.0061165
-0.0457569
0.0063219
0.00594396
-0.0350789
0.00503658
0.00549111
-0.0246414
0.00382635
0.00449554
-0.0158889
0.0026203
0.00321877
-0.0081517
0.00139168
0.00205585
-0.00255783
0.000340658
-0.006052
-0.0457043
0.00591893
-0.00591619
-0.0349931
0.00461899
-0.00541682
-0.0248131
0.00326444
-0.004549
-0.0152261
0.0023826
-0.00358973
-0.00804322
0.00119854
-0.00215187
-0.00297592
8.74874e-05
-0.000710022
-0.0459198
0.00612405
-0.000729913
-0.0352006
0.0048372
-0.000740586
-0.0247492
0.00362284
-0.000658716
-0.0155283
0.00235298
-0.000845088
-0.00798097
0.00130706
-0.000800597
-0.00247632
0.000386534
0.000739854
-0.0455147
0.00612207
0.000636706
-0.034744
0.00484773
0.000584403
-0.0243854
0.00366877
0.000647375
-0.0149874
0.00243044
0.000378087
-0.00777432
0.00130606
0.000246709
-0.00245148
0.000372692
0.000203344
-0.000861551
0.00011762
-0.000197649
-0.000648851
0.000208787
4.84303e-05
-0.0563675
0.0074067
-0.00138861
-0.00111678
8.99244e-05
-6.10855e-06
0.00013762
-1.43234e-05
0.00116491
-0.000932855
-6.6486e-05
0.00614895
-0.0510935
0.00696651
0.00605189
-0.0403994
0.00567593
0.0057357
-0.0297992
0.00443011
0.00521684
-0.0197776
0.00322504
0.00377287
-0.0116764
0.00201011
0.00265688
-0.00516016
0.000817624
-0.00607105
-0.0510552
0.00656596
-0.00599009
-0.0403434
0.00526281
-0.00575341
-0.0297646
0.00397007
-0.00495273
-0.019921
0.00283416
-0.00410549
-0.011467
0.00174036
-0.00298072
-0.00512907
0.000658311
-0.000693002
-0.0512774
0.00676667
-0.00073625
-0.0405253
0.00548159
-0.000751947
-0.0298919
0.00421304
-0.000614856
-0.0200031
0.00308046
-0.000802058
-0.0115155
0.00185827
-0.000893283
-0.00490318
0.000779685
0.000763738
-0.0508652
0.00676792
0.000705153
-0.0401423
0.00547664
0.000596981
-0.0294824
0.00423033
0.000621592
-0.0195906
0.00296547
0.000466004
-0.0111577
0.00185555
0.000298607
-0.00486077
0.000811659
0.000791286
-0.00150375
0.000114137
0.00353711
-0.0219055
0.00339355
