0.00685592
-0.0554235
0.00765376
-0.00527986
-0.0554025
0.00731878
-0.000316306
-0.000174147
-0.000103253
0.000234822
2.8777e-05
9.43554e-05
0.00532998
-0.0557429
0.00764601
-0.00680713
-0.0557531
0.00733302
-0.000212763
-1.20798e-05
0.00012002
0.000185494
-8.87022e-05
-0.00010489
0.00681131
-0.044942
0.00635027
0.00659535
-0.0343698
0.0050919
0.006058
-0.0240074
0.0039643
0.00508948
-0.0152744
0.00284519
0.00373367
-0.00794061
0.001519
0.00220872
-0.00279938
0.000550621
-0.00528703
-0.0448828
0.00600419
-0.0052157
-0.0342585
0.00465819
-0.00480732
-0.0242515
0.00322891
-0.00399321
-0.014688
0.00219495
-0.00304299
-0.00776767
0.00102789
-0.00184156
-0.00268649
-0.000102228
0.00530665
-0.0452516
0.0063229
0.00512962
-0.0346847
0.00499531
0.00472017
-0.0243395
0.00371932
0.00385234
-0.0156464
0.00228779
0.00261027
-0.00801307
0.00118359
0.00147034
-0.00226457
7.01126e-05
-0.00680865
-0.0452168
0.00602876
-0.00667632
-0.0346429
0.00474032
-0.00607921
-0.02461
0.00351826
-0.00522879
-0.0151097
0.00255083
-0.00428797
-0.00793837
0.0014059
-0.00250277
-0.00316289
0.000363814
0.000790356
-0.055416
0.00749301
0.00118462
-0.00118877
0.00020367
0.00608233
-0.0555861
0.00764372
-0.00119263
-0.00106729
-0.00019962
-0.0060028
-0.0555802
0.00732682
0.000227728
0.00014639
-7.29282e-05
-0.000441414
-0.000169449
8.93426e-05
0.000387019
-0.000108117
4.41953e-05
-0.000717573
-0.0557412
0.0074964
0.000731237
-0.000776042
-0.000294181
-0.00129894
-0.00128026
0.000366461
-6.64379e-05
7.36471e-05
-2.9336e-05
0.00684551
-0.0502091
0.00700115
0.00673415
-0.0396532
0.00570981
0.0063752
-0.0291667
0.00449492
0.00582839
-0.0192294
0.00335574
0.00437488
-0.0113
0.0021261
0.00304733
-0.005103
0.000955855
-0.00528426
-0.0501714
0.00667103
-0.00527269
-0.0395716
0.00532506
-0.00509232
-0.0290996
0.00398174
-0.00447443
-0.0194437
0.00261912
-0.00350417
-0.0110842
0.00160378
-0.00250762
-0.00493345
0.000463672
0.00533124
-0.0505249
0.00698423
0.00524483
-0.0399502
0.00565621
0.00497669
-0.0294853
0.00433816
0.00441441
-0.0196335
0.00307025
0.00315094
-0.0114835
0.00176307
0.00207202
-0.00501168
0.00058961
-0.00681212
-0.0505097
0.00667938
-0.00675071
-0.0399263
0.00537813
-0.00652206
-0.0294374
0.00411589
-0.00564733
-0.0198277
0.00300389
-0.00479685
-0.011376
0.00194492
-0.00361694
-0.00503158
0.000897896
0.0060355
-0.0451018
0.00634185
0.00586361
-0.0345555
0.00503914
0.00541321
-0.0242506
0.00381693
0.00442704
-0.0156232
0.00260299
0.00316484
-0.00800377
0.0013744
0.0020205
-0.00250615
0.000331644
-0.00598085
-0.0450494
0.00601793
-0.00584511
-0.0344701
0.00469544
-0.00534805
-0.0244224
0.00332063
-0.00448572
-0.014967
0.0024195
-0.00353642
-0.00789816
0.00121992
-0.00211802
-0.00291916
0.000100782
-0.000726266
-0.0452254
0.00618381
-0.000744165
-0.0346412
0.00487738
-0.000751699
-0.0243278
0.00364633
-0.000668154
-0.0152407
0.00236495
-0.000846682
-0.00781898
0.00131046
-0.000795614
-0.00241794
0.00038873
0.000746135
-0.0448995
0.00618176
0.000642144
-0.0342579
0.0048879
0.000588581
-0.0240286
0.00369186
0.000650356
-0.0147572
0.00244053
0.00038155
-0.00765149
0.0013088
0.000249006
-0.00241291
0.000372842
0.000204121
-0.00084761
0.000116483
-0.000198185
-0.000629048
0.000208031
4.33297e-05
-0.0555821
0.00748683
-0.00136649
-0.00109466
9.41858e-05
-5.81172e-06
0.000136001
-1.44511e-05
0.00114502
-0.000911098
-6.85281e-05
0.00606794
-0.0503732
0.00699616
0.00597108
-0.0398098
0.00568675
0.00565615
-0.0293418
0.00442602
0.00514122
-0.0194532
0.00321036
0.00371189
-0.0114725
0.00199148
0.0026114
-0.00506262
0.000803849
-0.0059999
-0.0503349
0.00667603
-0.00591889
-0.0397544
0.00535035
-0.00568296
-0.029308
0.00403586
-0.00488657
-0.0195968
0.00288072
-0.00404648
-0.0112665
0.00176909
-0.00293526
-0.00503334
0.000674375
-0.000709619
-0.050517
0.00683663
-0.000751789
-0.0398976
0.00553141
-0.000764747
-0.0294012
0.00424445
-0.000625748
-0.0196494
0.00309701
-0.000807452
-0.0112925
0.00186462
-0.000890571
-0.00479759
0.000782089
0.000770145
-0.0501852
0.00683783
0.000711207
-0.0395919
0.00552628
0.000601968
-0.0290613
0.00426157
0.000624848
-0.019297
0.00298259
0.000469725
-0.0109834
0.00186144
0.00030172
-0.0047836
0.000812512
0.000773339
-0.00146744
0.000111572
0.00347369
-0.0215327
0.00338973
