0.00678115
-0.0546466
0.00769203
-0.00519261
-0.0546254
0.00743254
-0.000310362
-0.00017097
-0.000101278
0.000231222
2.79714e-05
9.30182e-05
0.0052335
-0.0548906
0.00768447
-0.00674192
-0.0549009
0.00744684
-0.000209634
-1.1934e-05
0.000118686
0.000181053
-8.60409e-05
-0.000103415
0.00673643
-0.0443035
0.00637011
0.00652046
-0.0338692
0.00509535
0.00598476
-0.0236444
0.00395566
0.00502455
-0.0150376
0.0028268
0.00368229
-0.00781432
0.00150191
0.00217707
-0.00275511
0.000539756
-0.00519986
-0.0442444
0.0060981
-0.00512972
-0.0337582
0.00473131
-0.00472563
-0.0238864
0.0032837
-0.00392039
-0.0144572
0.00223283
-0.00298415
-0.00764386
0.00105182
-0.00180457
-0.00264394
-8.48755e-05
0.00521043
-0.0445388
0.00634301
0.00503538
-0.0341144
0.00499953
0.00463145
-0.0239145
0.00371306
0.00377529
-0.0153557
0.00227574
0.0025521
-0.0078489
0.00117172
0.00143674
-0.00220938
6.91742e-05
-0.00674273
-0.044505
0.00612258
-0.00660867
-0.034075
0.00481296
-0.0060133
-0.0241848
0.00357037
-0.00516777
-0.014827
0.00258506
-0.00423203
-0.00778074
0.00142478
-0.00246813
-0.0030964
0.000372637
0.000796518
-0.054639
0.00756911
0.00116768
-0.00116992
0.000198655
0.00599682
-0.0547714
0.00768213
-0.00116878
-0.00104981
-0.000189372
-0.00592648
-0.0547656
0.00744053
0.000225658
0.000143686
-7.17988e-05
-0.000433907
-0.000166945
8.81291e-05
0.000379668
-0.000105925
4.22944e-05
-0.000733222
-0.054889
0.0075726
0.00071539
-0.000754269
-0.000289117
-0.00128035
-0.00125228
0.000367314
-6.66142e-05
7.3156e-05
-2.82382e-05
0.00677072
-0.0495015
0.0070301
0.00665919
-0.0390839
0.00572108
0.0063007
-0.0287348
0.00449175
0.00575662
-0.0189324
0.00334114
0.00431668
-0.0111219
0.00210792
0.00300425
-0.00502165
0.000941795
-0.00519701
-0.0494637
0.00677516
-0.00518593
-0.0390024
0.00540845
-0.00500779
-0.0286678
0.00404506
-0.00439611
-0.019145
0.00266635
-0.00343793
-0.0109088
0.00163396
-0.00245819
-0.00485471
0.000483255
0.00523481
-0.0497421
0.00701332
0.00514929
-0.0393082
0.00566795
0.00488469
-0.0289872
0.00433638
0.00432999
-0.0192789
0.00305906
0.00308296
-0.0112589
0.00174985
0.00202501
-0.004903
0.000582038
-0.00674665
-0.0497274
0.00678353
-0.00668388
-0.0392861
0.00546133
-0.0064538
-0.0289422
0.00417835
-0.00558376
-0.019473
0.00304716
-0.00473771
-0.0111574
0.00197104
-0.00356714
-0.00492799
0.000911156
0.00595016
-0.044426
0.00636177
0.00577933
-0.03402
0.00504264
0.00533229
-0.0238555
0.00380889
0.0043569
-0.0153572
0.00258728
0.00311061
-0.00785771
0.00135869
0.00198524
-0.002456
0.000323619
-0.00590458
-0.0443739
0.00611161
-0.00576927
-0.0339352
0.00476793
-0.0052756
-0.0240267
0.00337421
-0.00442028
-0.0147085
0.00245426
-0.00348207
-0.00775485
0.00124021
-0.00208401
-0.00286359
0.000113665
-0.000741415
-0.0445132
0.00624086
-0.000757369
-0.0340723
0.00491598
-0.000761932
-0.0239041
0.00366905
-0.000676902
-0.0149552
0.0023768
-0.000847702
-0.00766022
0.001314
-0.00079049
-0.00236178
0.00039104
0.000752217
-0.0442611
0.00623877
0.000647645
-0.0337576
0.00492651
0.000592915
-0.0236652
0.00371411
0.00065325
-0.0145258
0.00245051
0.000385152
-0.00752925
0.00131176
0.000251404
-0.00237491
0.000373251
0.000204959
-0.000833976
0.000115538
-0.000198728
-0.000610451
0.000207417
3.85951e-05
-0.0547674
0.00756303
-0.00134438
-0.00107317
9.81964e-05
-5.56219e-06
0.000134297
-1.45981e-05
0.00112521
-0.000890276
-7.00498e-05
0.0059825
-0.0496279
0.0070252
0.00588609
-0.0392039
0.00569809
0.00557312
-0.0288763
0.00442314
0.00506302
-0.0191271
0.00319722
0.00365014
-0.0112699
0.00197447
0.00256588
-0.00496696
0.000791424
-0.00592355
-0.0495897
0.00678009
-0.00584273
-0.0391492
0.00543327
-0.00560814
-0.0288433
0.00409833
-0.0048176
-0.0192705
0.00292483
-0.00398589
-0.0110674
0.00179631
-0.00288922
-0.0049393
0.000689695
-0.000725165
-0.0497344
0.00690327
-0.000766204
-0.0392564
0.00557911
-0.000776536
-0.0289049
0.00427475
-0.000636016
-0.019296
0.00311298
-0.000812106
-0.0110725
0.00187097
-0.000887488
-0.0046949
0.000784685
0.000776286
-0.0494774
0.00690444
0.000717155
-0.0390227
0.00557383
0.000607096
-0.02863
0.00429169
0.000628153
-0.0189997
0.00299937
0.00047356
-0.0108092
0.00186741
0.000304967
-0.00470718
0.000813648
0.000755447
-0.0014327
0.000109582
0.00340857
-0.0211586
0.00338689
