0.00670115
-0.0538376
0.00772915
-0.00510073
-0.0538164
0.0075394
-0.000304432
-0.000167803
-9.93405e-05
0.000227679
2.71546e-05
9.17238e-05
0.0051333
-0.0540121
0.00772179
-0.00667056
-0.0540225
0.0075537
-0.000206547
-1.18258e-05
0.000117348
0.000176676
-8.34731e-05
-0.000101911
0.00665648
-0.0436418
0.00639004
0.00644112
-0.0333543
0.00509979
0.00590831
-0.023275
0.00394828
0.00495781
-0.0147991
0.00280984
0.00363059
-0.00768863
0.00148635
0.00214566
-0.00271155
0.000529849
-0.00510806
-0.0435829
0.00618648
-0.00503931
-0.0332437
0.00480039
-0.00464044
-0.0235144
0.00333594
-0.00384554
-0.0142254
0.00226879
-0.00292453
-0.0075205
0.00107474
-0.00176752
-0.00260182
-6.79132e-05
0.00511056
-0.0438085
0.00636327
0.00493787
-0.033535
0.00500494
0.00454019
-0.0234878
0.00370846
0.00369699
-0.0150669
0.00226586
0.00249393
-0.00768828
0.00116162
0.00140329
-0.00215663
6.91376e-05
-0.00667074
-0.0437757
0.00621078
-0.00653549
-0.033498
0.00488134
-0.0059433
-0.0237572
0.0036194
-0.00510426
-0.0145468
0.00261683
-0.00417502
-0.00762628
0.00144232
-0.00243341
-0.00303206
0.000380893
0.000802367
-0.0538301
0.00764117
0.00115099
-0.00115152
0.000194113
0.00590687
-0.0539276
0.00771941
-0.001145
-0.00103255
-0.000179379
-0.00584488
-0.0539218
0.00754731
0.000223615
0.000141012
-7.06109e-05
-0.000426423
-0.000164454
8.68386e-05
0.000372408
-0.000103835
4.04596e-05
-0.000747696
-0.0540105
0.00764474
0.000699596
-0.000733749
-0.000283629
-0.00126192
-0.00122554
0.000367837
-6.68039e-05
7.25688e-05
-2.71329e-05
0.00669074
-0.0487661
0.00705855
0.00657942
-0.0384957
0.00573296
0.00622231
-0.0282927
0.00448982
0.00568198
-0.0186321
0.00332808
0.00425757
-0.0109437
0.00209133
0.00296122
-0.00494112
0.000929057
-0.00510512
-0.0487283
0.00687303
-0.00509457
-0.0384145
0.00548707
-0.00491914
-0.0282259
0.00410505
-0.00431496
-0.0188425
0.00271147
-0.0033704
-0.0107332
0.00166271
-0.00240837
-0.00477658
0.00050215
0.00513465
-0.0489373
0.00704195
0.00505024
-0.038653
0.00568041
0.00478971
-0.0284839
0.00433613
0.00424354
-0.0189252
0.00304981
0.0030146
-0.0110375
0.00173861
0.00197816
-0.00479752
0.000575915
-0.00667504
-0.0489231
0.00688138
-0.00661123
-0.0386326
0.00553962
-0.0063805
-0.0284416
0.00423715
-0.00551698
-0.0191186
0.00308766
-0.00467681
-0.0109419
0.00199532
-0.00351686
-0.0048272
0.000923436
0.0058605
-0.0437298
0.00638181
0.00569116
-0.0334726
0.00504726
0.00524839
-0.0234561
0.00380241
0.00428518
-0.015091
0.00257333
0.00305614
-0.00771371
0.00134466
0.00195011
-0.00240745
0.000316656
-0.0058231
-0.0436782
0.00619973
-0.00568863
-0.0333887
0.00483631
-0.00519944
-0.0236265
0.00342509
-0.00435268
-0.0144506
0.0024868
-0.00342671
-0.00761346
0.00125938
-0.00204985
-0.00280927
0.000126119
-0.000755392
-0.0437834
0.00629516
-0.000769457
-0.0334943
0.00495301
-0.000771235
-0.0234786
0.00369103
-0.000684922
-0.0146721
0.00238858
-0.000848129
-0.00750494
0.00131774
-0.000785233
-0.00230795
0.000393484
0.000758116
-0.0435994
0.00629304
0.000653231
-0.0332431
0.00496357
0.000597432
-0.0232954
0.00373557
0.000656076
-0.0142932
0.00246044
0.000388912
-0.00740767
0.001315
0.000253919
-0.00233752
0.00037395
0.000205872
-0.000820654
0.000114801
-0.000199281
-0.000593116
0.000206958
3.42714e-05
-0.0539236
0.00763519
-0.00132228
-0.00105234
0.000101946
-5.36169e-06
0.000132505
-1.47664e-05
0.00110552
-0.000870435
-7.10172e-05
0.00589264
-0.0488577
0.00705376
0.00579695
-0.038582
0.00571008
0.00548667
-0.0284031
0.00442165
0.00498229
-0.0187997
0.00318582
0.00358767
-0.0110687
0.00195924
0.00252038
-0.00487332
0.000780457
-0.00584195
-0.0488197
0.00687787
-0.00576156
-0.0385281
0.00551138
-0.0055289
-0.0283709
0.00415736
-0.00474579
-0.0189426
0.00296641
-0.00392374
-0.0108698
0.00182195
-0.00284262
-0.00484707
0.000704247
-0.000739563
-0.0489298
0.00696651
-0.000779422
-0.0386021
0.00562467
-0.000787253
-0.0284035
0.00430395
-0.00064562
-0.0189431
0.0031284
-0.000815991
-0.0108558
0.00187738
-0.000884029
-0.00459531
0.00078751
0.000782172
-0.048742
0.00696765
0.000723016
-0.0384349
0.00561926
0.00061239
-0.0281886
0.00432072
0.000631531
-0.0186989
0.00301585
0.000477528
-0.010635
0.00187352
0.000308366
-0.00463154
0.000815109
0.000737629
-0.00139962
0.000108208
0.0033418
-0.0207835
0.00338518
