0.00643007
-0.05122
0.00783427
-0.00479742
-0.0511989
0.00781617
-0.000286737
-0.000158363
-9.37712e-05
0.000217425
2.46407e-05
8.81258e-05
0.00481121
-0.0512234
0.00782751
-0.00641905
-0.0512338
0.0078302
-0.000197568
-1.17368e-05
0.000113306
0.000163963
-7.63618e-05
-9.72245e-05
0.00638651
-0.0415178
0.00645138
0.00617676
-0.0317241
0.00512029
0.00566022
-0.0221295
0.00393493
0.00474709
-0.0140735
0.00276883
0.00347396
-0.00731548
0.00144989
0.00205322
-0.00258517
0.000506441
-0.00480488
-0.0414605
0.0064166
-0.00474157
-0.0316162
0.00498211
-0.00436392
-0.0223575
0.00347651
-0.00360898
-0.0135241
0.0023646
-0.00274103
-0.00715347
0.0011372
-0.00165603
-0.00247798
-1.94939e-05
0.00478977
-0.0415159
0.00642598
0.0046265
-0.0317461
0.00502961
0.00425182
-0.0222006
0.00370599
0.0034552
-0.0142141
0.00225049
0.00231989
-0.00722947
0.00114291
0.00130407
-0.00201373
7.48791e-05
-0.00641784
-0.0414864
0.0064399
-0.00628247
-0.0317156
0.00505962
-0.00570855
-0.0224631
0.00374708
-0.00489884
-0.0137236
0.00269679
-0.00399773
-0.00718334
0.0014865
-0.00232896
-0.00285277
0.000402118
0.000818139
-0.0512125
0.00783212
0.00110265
-0.00109909
0.000183598
0.0056108
-0.0512242
0.00782507
-0.00107409
-0.00098209
-0.000151002
-0.00556825
-0.0512186
0.00782373
0.000217704
0.000133219
-6.66724e-05
-0.000404151
-0.000157065
8.24825e-05
0.000351235
-9.82262e-05
3.53818e-05
-0.000783441
-0.051222
0.00783582
0.00065258
-0.000680075
-0.000264444
-0.00120771
-0.00115325
0.000367373
-6.74694e-05
7.02126e-05
-2.37681e-05
0.00641995
-0.0463946
0.00714168
0.00631144
-0.0366192
0.00577331
0.00596417
-0.0269057
0.00449278
0.00544134
-0.0177119
0.00329953
0.00407526
-0.0104085
0.00205226
0.00283283
-0.00470464
0.000899593
-0.0048017
-0.0463578
0.00712698
-0.00479303
-0.0365403
0.00569284
-0.00462851
-0.0268402
0.00426392
-0.00405461
-0.0179126
0.00283343
-0.00316013
-0.0102061
0.00174004
-0.00225677
-0.004546
0.000554526
0.00481263
-0.0463954
0.00712586
0.00473276
-0.0366119
0.00572329
0.00448754
-0.0269459
0.00434599
0.0039726
-0.0178711
0.00303513
0.00280778
-0.0103952
0.00171788
0.00183891
-0.00450154
0.000567001
-0.00642288
-0.0463827
0.00713505
-0.00635794
-0.0365964
0.00574337
-0.00613005
-0.0269111
0.00439053
-0.00529727
-0.0180602
0.00319188
-0.00448362
-0.0103155
0.00205676
-0.00336341
-0.00454273
0.000954184
0.00556611
-0.0415211
0.00644357
0.00540379
-0.0317622
0.00506906
0.00497936
-0.0222353
0.00379372
0.00406102
-0.0142933
0.00254337
0.00289168
-0.00729508
0.00131375
0.00184573
-0.0022719
0.000302681
-0.00554729
-0.0414715
0.00642886
-0.00541769
-0.0316816
0.00501545
-0.00494859
-0.0224
0.00356064
-0.004137
-0.0136831
0.00257054
-0.00325464
-0.0072018
0.00130989
-0.00194662
-0.00265424
0.000160778
-0.000789698
-0.0414927
0.00644108
-0.000798509
-0.0317097
0.00505456
-0.000793158
-0.0221947
0.0037528
-0.000704291
-0.0138394
0.0024238
-0.000845707
-0.00706155
0.00133041
-0.000768699
-0.00216122
0.00040177
0.000774834
-0.0414767
0.00643897
0.000670661
-0.0316161
0.00506534
0.000612264
-0.0221482
0.00379543
0.00066428
-0.0135895
0.00249036
0.000401291
-0.00704726
0.00132679
0.000262288
-0.00222892
0.000378013
0.000209143
-0.000782524
0.00011397
-0.000201039
-0.000549021
0.000206615
2.41296e-05
-0.0512203
0.0078265
-0.00125616
-0.00099393
0.000111551
-5.06454e-06
0.000126608
-1.54131e-05
0.00104727
-0.000817038
-7.0333e-05
0.00559712
-0.0464007
0.00713722
0.00550513
-0.0366226
0.00575117
0.0052072
-0.0269392
0.00442685
0.0047254
-0.0178115
0.00316334
0.00339648
-0.0104754
0.00192536
0.00238436
-0.00460528
0.000757115
-0.00556538
-0.0463639
0.00713149
-0.00548775
-0.0365717
0.00571523
-0.00526452
-0.0269091
0.00431274
-0.00451336
-0.0179503
0.00307522
-0.00372798
-0.0102876
0.00188912
-0.00269959
-0.00458193
0.000743109
-0.000775255
-0.0463886
0.0071352
-0.000811315
-0.0365643
0.00574828
-0.000812513
-0.0268717
0.00438508
-0.000670105
-0.0178912
0.00317169
-0.000822779
-0.0102277
0.00189733
-0.000871353
-0.0043162
0.000797616
0.000798425
-0.046371
0.00713629
0.000740204
-0.0365604
0.00574262
0.000629435
-0.0268052
0.00440137
0.000642278
-0.0177758
0.00306378
0.000490381
-0.0101136
0.00189311
0.000319611
-0.00440958
0.000821776
0.00068471
-0.00131075
0.000108084
0.00313208
-0.0196549
0.00338788
