0.00622414
-0.0493194
0.00789936
-0.00457271
-0.0492989
0.00796263
-0.000275009
-0.000152108
-9.02705e-05
0.000210917
2.29152e-05
8.59788e-05
0.0045796
-0.049242
0.00789302
-0.00622041
-0.0492522
0.0079762
-0.000191822
-1.18769e-05
0.000110591
0.000155831
-7.21214e-05
-9.39484e-05
0.00618212
-0.0399886
0.00649408
0.00597923
-0.0305675
0.00514068
0.00547977
-0.0213353
0.00393419
0.00459828
-0.0135815
0.00275053
0.00336854
-0.00706967
0.00143474
0.0019932
-0.00250425
0.000496452
-0.00458018
-0.0399333
0.00653959
-0.00452149
-0.0304627
0.00508108
-0.00416251
-0.0215528
0.00355617
-0.0034415
-0.0130517
0.00241806
-0.00261492
-0.00691101
0.00117342
-0.00158142
-0.00239728
1.06688e-05
0.0045593
-0.0399073
0.00646989
0.00440413
-0.0305142
0.00505378
0.00404817
-0.0213383
0.00371453
0.00328877
-0.013658
0.00225286
0.0022045
-0.0069433
0.00114067
0.0012389
-0.00193144
8.3854e-05
-0.0062187
-0.0398799
0.0065618
-0.00608614
-0.0304875
0.00515518
-0.00553163
-0.0215929
0.00381547
-0.00474958
-0.0131904
0.00273698
-0.00387443
-0.00690549
0.00150879
-0.00225915
-0.00274484
0.000413255
0.000827254
-0.0493121
0.00793774
0.00107191
-0.00106629
0.000179357
0.00539247
-0.0492831
0.00789059
-0.00102717
-0.000949393
-0.000133443
-0.00535769
-0.0492776
0.00796983
0.000213975
0.000128241
-6.37165e-05
-0.000389447
-0.000152197
7.91597e-05
0.000337636
-9.50462e-05
3.2368e-05
-0.000800451
-0.0492408
0.00794142
0.000621526
-0.000650945
-0.000249269
-0.00117252
-0.00111173
0.000365335
-6.80029e-05
6.81404e-05
-2.14795e-05
0.0062144
-0.0446789
0.00719563
0.00610961
-0.0352769
0.00580478
0.00577357
-0.0259314
0.00450285
0.00526749
-0.0170826
0.00329019
0.00394986
-0.0100511
0.0020359
0.00274801
-0.00455094
0.000887749
-0.00457685
-0.0446433
0.00726182
-0.00456963
-0.0352004
0.00580384
-0.00441466
-0.0258672
0.00435152
-0.00386729
-0.0172744
0.00290309
-0.00301372
-0.00985416
0.00178389
-0.00215393
-0.00439515
0.000585746
0.00458105
-0.0445992
0.00718051
0.00450516
-0.035192
0.00575705
0.00427259
-0.0258997
0.00436212
0.00378298
-0.0171758
0.00303699
0.00266881
-0.00998593
0.00171556
0.0017473
-0.00432159
0.000569384
-0.00622389
-0.0445876
0.00726952
-0.00615989
-0.0351793
0.00585222
-0.00593791
-0.0258693
0.00447287
-0.00513482
-0.0173599
0.00324652
-0.00434622
-0.00991542
0.00208798
-0.00325902
-0.00436823
0.0009695
0.00534955
-0.0399519
0.00648662
0.00519397
-0.0305669
0.00509094
0.00478624
-0.0214036
0.00379766
0.00390454
-0.0137627
0.00253406
0.00278144
-0.00702724
0.00130309
0.00177713
-0.0021899
0.000299458
-0.00533764
-0.0399043
0.00655102
-0.00521326
-0.0304895
0.00511233
-0.00476302
-0.0215621
0.00363619
-0.00398265
-0.0131768
0.00261448
-0.00313502
-0.00693786
0.00133758
-0.00187721
-0.00255745
0.000181566
-0.000805814
-0.0398855
0.00652383
-0.000811536
-0.0304807
0.00511422
-0.000802538
-0.0213342
0.00379058
-0.000713089
-0.0132992
0.00244735
-0.000840932
-0.0067851
0.00134029
-0.000757057
-0.00207585
0.000408184
0.000785232
-0.0399489
0.00652184
0.000682909
-0.030463
0.00512528
0.000623308
-0.0213524
0.00383169
0.000669607
-0.0131153
0.00251064
0.000410533
-0.00681024
0.00133662
0.000268624
-0.00215923
0.000382505
0.000211831
-0.000758475
0.000114651
-0.000202313
-0.000526286
0.000207303
1.99773e-05
-0.0492793
0.0079324
-0.00121225
-0.000958341
0.000116548
-5.12216e-06
0.000122244
-1.59728e-05
0.00100915
-0.000786546
-6.67251e-05
0.00537934
-0.0446445
0.00719139
0.0052911
-0.035241
0.00578345
0.00500489
-0.0259279
0.00443917
0.0045425
-0.0171484
0.00315895
0.00326619
-0.0100885
0.00191335
0.00229425
-0.00443732
0.00075001
-0.00535493
-0.0446091
0.00726603
-0.00528036
-0.0351926
0.00582469
-0.00506639
-0.0258993
0.00439751
-0.00434446
-0.0172825
0.00313405
-0.00358986
-0.00990842
0.00192555
-0.0026016
-0.00441479
0.000764924
-0.000792379
-0.0445929
0.0072296
-0.000825742
-0.035147
0.00581954
-0.000823319
-0.0258299
0.00443379
-0.000682584
-0.0171968
0.00319821
-0.000823118
-0.00982797
0.00191144
-0.000860964
-0.00414678
0.000805873
0.000808162
-0.0446561
0.00723069
0.000751399
-0.0352201
0.00581385
0.000641841
-0.0258343
0.0044498
0.000650055
-0.0171434
0.00309466
0.000499811
-0.00976655
0.00190747
0.000328058
-0.00426538
0.000828326
0.000649912
-0.00126021
0.000111519
0.00298499
-0.0189012
0.00339681
