0.0052252
-0.0406005
0.00811364
-0.00352025
-0.0405851
0.00824296
-0.000227796
-0.00012682
-7.77e-05
0.000186867
1.5701e-05
7.9148e-05
0.00354418
-0.0404604
0.00810884
-0.00520478
-0.0404685
0.00825287
-0.00017016
-1.38448e-05
9.93452e-05
0.000125273
-5.85404e-05
-7.94763e-05
0.00519475
-0.0330475
0.00667296
0.00504037
-0.0254176
0.00527045
0.00465173
-0.0179078
0.00399303
0.003942
-0.011524
0.00274772
0.00293607
-0.00608491
0.00144499
0.00176153
-0.00219304
0.000500028
-0.00352705
-0.0330055
0.00678688
-0.00349298
-0.0253336
0.00529795
-0.00323826
-0.0180649
0.00375968
-0.0027015
-0.0110961
0.0025486
-0.00208055
-0.0059351
0.00127535
-0.00127743
-0.00207712
0.000115482
0.00353002
-0.0329054
0.00665548
0.00341858
-0.0253009
0.00520508
0.0031583
-0.0178462
0.00382385
0.00258794
-0.0115071
0.00235675
0.00174603
-0.00592666
0.00120962
0.000982652
-0.00168979
0.000159677
-0.00520431
-0.0328866
0.00680206
-0.00510345
-0.025285
0.00535092
-0.00467623
-0.0180452
0.00395595
-0.00406047
-0.0111506
0.00279595
-0.00333983
-0.00590528
0.00154264
-0.00197495
-0.00238952
0.000435043
0.000852634
-0.0405954
0.00818336
0.00095778
-0.000944911
0.000184
0.00437751
-0.0405322
0.0081069
-0.000839309
-0.00082028
-7.27986e-05
-0.00433224
-0.0405284
0.00824799
0.000200549
0.000110038
-4.9193e-05
-0.000330689
-0.000132597
6.25417e-05
0.000286197
-8.61055e-05
2.30713e-05
-0.000814
-0.0404597
0.00818616
0.000497511
-0.000579979
-0.000169543
-0.00103624
-0.000990183
0.000343927
-7.08048e-05
5.61475e-05
-1.18603e-05
0.00521825
-0.0368428
0.00739334
0.00514066
-0.0292335
0.0059612
0.00488136
-0.0216509
0.00460297
0.00447648
-0.0144207
0.00332713
0.00341781
-0.00859038
0.00204528
0.00241068
-0.00394718
0.000900723
-0.00352333
-0.0368165
0.00752443
-0.00352294
-0.0291736
0.00603697
-0.00342045
-0.0215954
0.00455366
-0.00302134
-0.0145591
0.00308618
-0.00238171
-0.00841605
0.00189794
-0.00172624
-0.00379585
0.000681798
0.00354549
-0.0367011
0.0073822
0.00349135
-0.0290904
0.00592648
0.00332439
-0.021556
0.00449609
0.00296466
-0.0144317
0.00313152
0.00210538
-0.00846938
0.00179311
0.00138719
-0.00371657
0.000642664
-0.00520761
-0.0366936
0.00752943
-0.00515944
-0.0290843
0.00607122
-0.00498917
-0.0215378
0.00464301
-0.00436753
-0.0145805
0.00334819
-0.00373043
-0.00842358
0.00213734
-0.00282184
-0.00376859
0.000991022
0.00434599
-0.0329791
0.00666745
0.00423081
-0.0253784
0.00523097
0.00391951
-0.0179271
0.00388605
0.00322918
-0.0116267
0.0025781
0.00233401
-0.00601876
0.00133659
0.00150712
-0.00191353
0.000333438
-0.00431834
-0.0329438
0.00679411
-0.004228
-0.0253195
0.00531854
-0.00389005
-0.0180439
0.00381832
-0.00328772
-0.0111671
0.00269715
-0.00261774
-0.00593995
0.00140154
-0.00159201
-0.00220864
0.00024709
-0.000816561
-0.03289
0.00673499
-0.00081378
-0.025278
0.00528499
-0.000799087
-0.0178454
0.00391188
-0.000715656
-0.0112279
0.00253958
-0.000797485
-0.0058027
0.00139014
-0.00070509
-0.00181778
0.000440671
0.000820193
-0.0330178
0.00673423
0.000734953
-0.0253365
0.00529818
0.000674759
-0.0179165
0.00394542
0.000689272
-0.0111503
0.00259261
0.000454205
-0.005863
0.00139042
0.00029958
-0.00188908
0.00041419
0.000226545
-0.000667119
0.000126939
-0.000208121
-0.000481067
0.000216868
2.43851e-05
-0.0405295
0.00817937
-0.00103534
-0.000835758
0.00012586
-7.17416e-06
0.000101603
-1.92466e-05
0.00085975
-0.000697778
-2.76584e-05
0.00436789
-0.036776
0.00739004
0.00430294
-0.0291666
0.00594521
0.00408674
-0.0216115
0.00455337
0.00373071
-0.0144412
0.0032215
0.00272363
-0.00858191
0.00194628
0.00193531
-0.00382908
0.00078648
-0.00433037
-0.03675
0.00752703
-0.00427627
-0.0291307
0.00604998
-0.0041193
-0.0215883
0.00458509
-0.00356816
-0.0145425
0.00326029
-0.00297988
-0.00843535
0.00200542
-0.00218677
-0.00380218
0.000820423
-0.000807477
-0.036697
0.00745905
-0.000829594
-0.0290579
0.00601183
-0.000819414
-0.0215052
0.0045823
-0.000701463
-0.014452
0.00328398
-0.000792244
-0.00834843
0.00197282
-0.000804183
-0.00357835
0.000850273
0.000838071
-0.036826
0.00746056
0.000792908
-0.0291903
0.00600709
0.000697579
-0.0215743
0.0045977
0.000684894
-0.0144609
0.00320675
0.000542978
-0.00835542
0.00197373
0.00036861
-0.00369878
0.000870465
0.000512902
-0.00111566
0.000152383
0.00234891
-0.0158585
0.00348505
