0.0049405
-0.0381854
0.00815183
-0.00322825
-0.0381718
0.00824249
-0.000215594
-0.000120229
-7.47647e-05
0.000181022
1.38432e-05
7.77118e-05
0.00326546
-0.0380849
0.00814737
-0.00490664
-0.0380922
0.00825114
-0.000164797
-1.45938e-05
9.63478e-05
0.000117788
-5.56911e-05
-7.54741e-05
0.0049139
-0.0311334
0.00671471
0.00477543
-0.0240099
0.00530944
0.0044222
-0.0169848
0.00401833
0.00376361
-0.0109781
0.00276042
0.00282318
-0.0058288
0.00146158
0.00170331
-0.00211326
0.000509764
-0.00323472
-0.0310958
0.00679198
-0.00320766
-0.0239327
0.00531027
-0.00298399
-0.0171235
0.00378301
-0.00250179
-0.01058
0.00256179
-0.00193939
-0.00568065
0.0012909
-0.00119875
-0.00199352
0.00013844
0.00325304
-0.0310307
0.0066992
0.00315428
-0.0239277
0.00525054
0.00292119
-0.0169508
0.00386408
0.00240499
-0.0109724
0.00240047
0.00163044
-0.00568979
0.00124221
0.000918065
-0.0016435
0.000186955
-0.00490712
-0.0310139
0.00680493
-0.00481801
-0.0239134
0.00535664
-0.00443162
-0.0171315
0.00396035
-0.00386761
-0.010647
0.00278789
-0.00319529
-0.00566915
0.00153875
-0.00190091
-0.002312
0.00043564
0.000855907
-0.0381811
0.0082016
0.000929817
-0.000914337
0.000189617
0.00409644
-0.0381368
0.00814563
-0.000791113
-0.000786481
-5.93845e-05
-0.00404008
-0.0381334
0.00824685
0.00019735
0.000105791
-4.49375e-05
-0.000315565
-0.000127458
5.76307e-05
0.000273522
-8.44699e-05
2.12811e-05
-0.000805488
-0.0380844
0.00820401
0.000465713
-0.000569948
-0.000145362
-0.00100186
-0.000966819
0.000335648
-7.16114e-05
5.23855e-05
-9.31587e-06
0.00493448
-0.0346761
0.00743378
0.00486589
-0.0275731
0.00600258
0.00463151
-0.0204882
0.00463755
0.00425806
-0.013711
0.00335001
0.00327617
-0.00820699
0.00206218
0.00232429
-0.00379141
0.000916099
-0.00323098
-0.0346529
0.00752611
-0.00323233
-0.0275185
0.00604612
-0.00314523
-0.0204355
0.00456928
-0.00279047
-0.0138329
0.00310909
-0.00221319
-0.00803869
0.00191215
-0.00161433
-0.00364023
0.000699356
0.00326668
-0.0345742
0.00742381
0.00321885
-0.0274688
0.00597174
0.00307058
-0.020425
0.00454076
0.00274802
-0.01374
0.00317104
0.00196172
-0.00810398
0.00182921
0.0012968
-0.00358231
0.000673842
-0.00490947
-0.0345676
0.0075302
-0.00486755
-0.0274633
0.00607587
-0.00471539
-0.0204085
0.0046487
-0.00415044
-0.013877
0.00334698
-0.00356082
-0.00806188
0.00213273
-0.00270606
-0.00363238
0.000987664
0.00406849
-0.0310843
0.00670977
0.00396571
-0.0239858
0.00527329
0.00368366
-0.0170133
0.00392071
0.00304916
-0.0110774
0.00260445
0.00221887
-0.00577028
0.00136001
0.00143882
-0.00185086
0.000351496
-0.00402815
-0.0310528
0.00679802
-0.00394863
-0.0239325
0.00532784
-0.00364528
-0.0171166
0.00383548
-0.00309711
-0.0106548
0.00269663
-0.00247872
-0.00569331
0.00140685
-0.00151752
-0.00212512
0.000259731
-0.000807571
-0.0310169
0.00675761
-0.000803606
-0.0239072
0.00530951
-0.00078939
-0.0169501
0.00393313
-0.000709116
-0.0107159
0.00256032
-0.000781266
-0.00557341
0.00140386
-0.000690501
-0.00176645
0.000449991
0.000826665
-0.031107
0.00675732
0.000747552
-0.0239363
0.00532343
0.000688181
-0.016991
0.00396454
0.000693184
-0.0106314
0.00261147
0.000465943
-0.00561689
0.00140597
0.000308225
-0.00181916
0.000424723
0.000230919
-0.000643465
0.000131931
-0.000209627
-0.000477606
0.000220514
2.97738e-05
-0.0381343
0.00819797
-0.000989639
-0.000807254
0.000125933
-8.0355e-06
9.57577e-05
-2.02837e-05
0.000821902
-0.000680543
-1.2654e-05
0.0040879
-0.0346288
0.0074307
0.00403019
-0.0275252
0.0059883
0.00383549
-0.0204635
0.00459237
0.00351104
-0.0137392
0.00325181
0.0025819
-0.00820241
0.00197022
0.00184395
-0.00368326
0.000808625
-0.00403853
-0.0346059
0.00752824
-0.00399098
-0.0274928
0.00605693
-0.00385172
-0.0204417
0.00459657
-0.00335296
-0.0138298
0.00326664
-0.00281416
-0.00806479
0.00201031
-0.00207652
-0.00365395
0.000827193
-0.000799568
-0.0345705
0.00747978
-0.000818951
-0.0274397
0.00603595
-0.000808339
-0.020379
0.00460632
-0.000699244
-0.0137591
0.00329896
-0.00077758
-0.00799194
0.00198786
-0.000786412
-0.00345217
0.000863227
0.000842842
-0.0346614
0.00748147
0.000801648
-0.0275343
0.00603167
0.000711736
-0.020418
0.00462169
0.000693599
-0.0137445
0.00322998
0.000554191
-0.00798605
0.00199081
0.000379743
-0.00355239
0.00088377
0.000478363
-0.00108853
0.000168184
0.00218039
-0.0150785
0.00351566
