0.00464604
-0.0356975
0.00818155
-0.0029294
-0.0356858
0.008218
-0.000203079
-0.000113439
-7.18274e-05
0.000175064
1.19743e-05
7.62866e-05
0.00298199
-0.0356522
0.0081774
-0.00459655
-0.0356587
0.00822532
-0.000159306
-1.53932e-05
9.32302e-05
0.000110193
-5.28994e-05
-7.13025e-05
0.00462347
-0.0291612
0.00675215
0.00450166
-0.0225593
0.00534754
0.00418544
-0.0160337
0.00404464
0.00357976
-0.0104151
0.00277561
0.00270717
-0.00556411
0.00148134
0.00164364
-0.00203025
0.00052169
-0.00293547
-0.0291281
0.00677762
-0.00291547
-0.0224893
0.00530799
-0.00272365
-0.0161534
0.00379643
-0.00229758
-0.0100477
0.00256822
-0.00179516
-0.00541771
0.00130304
-0.00111835
-0.00190653
0.000160516
0.00297134
-0.0291133
0.00673865
0.00288545
-0.0225258
0.00529528
0.00267995
-0.0160396
0.00390576
0.00221919
-0.0104302
0.00244763
0.00151341
-0.00545186
0.00127831
0.000852416
-0.00159868
0.000216471
-0.00459814
-0.0290983
0.00678827
-0.00452161
-0.0225127
0.00534753
-0.0041779
-0.0162009
0.00395421
-0.00366779
-0.0101366
0.00277235
-0.00304611
-0.00543113
0.00153083
-0.00182473
-0.00223485
0.000434793
0.000857724
-0.035694
0.00820354
0.000901197
-0.000882395
0.000196384
0.00380811
-0.0356763
0.0081759
-0.000741848
-0.000751194
-4.63122e-05
-0.00373869
-0.0356735
0.00822167
0.000194079
0.000101581
-4.04744e-05
-0.000300044
-0.000122127
5.24712e-05
0.000260628
-8.28862e-05
1.96116e-05
-0.000793434
-0.0356518
0.00820554
0.000433183
-0.000561016
-0.00011985
-0.000966593
-0.000944065
0.000326432
-7.24206e-05
4.84096e-05
-6.7084e-06
0.00464098
-0.032444
0.00746787
0.00458183
-0.0258621
0.00604148
0.00437353
-0.01929
0.00467245
0.00403278
-0.0129797
0.00337508
0.00313039
-0.00781128
0.00208215
0.00223566
-0.00363005
0.000934378
-0.00293174
-0.0324239
0.00750595
-0.00293478
-0.0258132
0.00603829
-0.00286333
-0.0192404
0.00457263
-0.00255421
-0.0130843
0.00312377
-0.00204099
-0.00764924
0.00192139
-0.00149999
-0.00347903
0.000714808
0.0029831
-0.0323972
0.00745912
0.00294168
-0.0258117
0.00601463
0.00281234
-0.0192719
0.00458604
0.00252767
-0.0130374
0.00321319
0.00181624
-0.00773511
0.00186884
0.00120517
-0.00344852
0.000708187
-0.00459942
-0.0323915
0.00750912
-0.00456426
-0.0258064
0.00606337
-0.0044313
-0.0192567
0.00464175
-0.00392536
-0.0131618
0.00333681
-0.00338538
-0.00769604
0.00212254
-0.00258686
-0.00349584
0.000981529
0.00378388
-0.0291392
0.00674779
0.00369388
-0.0225572
0.00531487
0.00344204
-0.0160773
0.00395682
0.002865
-0.0105157
0.00263372
0.0021014
-0.00551699
0.00138687
0.00136916
-0.00178743
0.00037199
-0.00372881
-0.0291116
0.00678248
-0.0036605
-0.0225098
0.00532252
-0.00339301
-0.0161665
0.00384259
-0.00290101
-0.0101311
0.00268901
-0.00233581
-0.0054418
0.00140855
-0.00144109
-0.00204006
0.000271277
-0.000795123
-0.0291011
0.00676829
-0.00079029
-0.0225075
0.00532615
-0.000777084
-0.0160386
0.00394979
-0.000700368
-0.010197
0.00257903
-0.000763349
-0.00534283
0.00141722
-0.000675135
-0.0017163
0.000459449
0.000831848
-0.0291382
0.00676849
0.000759307
-0.0224937
0.00534086
0.000701088
-0.0160373
0.00397904
0.000696315
-0.0100964
0.00262853
0.000477497
-0.00536249
0.00142139
0.000316912
-0.00174619
0.000435761
0.000235368
-0.00061856
0.00013738
-0.000211072
-0.000475351
0.000224382
3.61792e-05
-0.0356743
0.00820027
-0.000942764
-0.0007782
0.000125354
-8.97768e-06
8.96972e-05
-2.13782e-05
0.000783188
-0.000663548
3.83e-06
0.0038007
-0.0324238
0.00746502
0.00375048
-0.0258406
0.00602899
0.00357802
-0.0192867
0.00463187
0.00328609
-0.013021
0.00328452
0.00243715
-0.00781489
0.00199748
0.00175079
-0.00353493
0.000833918
-0.00373748
-0.0324041
0.00750762
-0.00369672
-0.0258118
0.0060469
-0.00357581
-0.0192662
0.00459571
-0.00313136
-0.0131002
0.00326433
-0.00264373
-0.00768642
0.00201005
-0.00196323
-0.00350302
0.000831643
-0.000788169
-0.0323941
0.00748639
-0.000804915
-0.0257859
0.00605022
-0.000794321
-0.0192305
0.00462424
-0.000694852
-0.0130551
0.00331049
-0.000760822
-0.00763185
0.00200182
-0.000767354
-0.00332626
0.000876278
0.000846231
-0.0324314
0.00748828
0.000809244
-0.0258278
0.00604645
0.000725231
-0.0192265
0.00463961
0.000701728
-0.0130061
0.00325014
0.000565017
-0.00760481
0.00200701
0.000390846
-0.00340065
0.000897389
0.000443268
-0.00106214
0.000185442
0.002009
-0.0142837
0.00354679
