0.00434408
-0.0331487
0.00820135
-0.00262627
-0.033139
0.00817228
-0.00019017
-0.000106402
-6.88387e-05
0.000168892
1.00996e-05
7.48142e-05
0.00269537
-0.0331699
0.0081975
-0.00427774
-0.0331755
0.00817824
-0.000153606
-1.62121e-05
8.99681e-05
0.000102396
-5.00743e-05
-6.69562e-05
0.00432561
-0.0271384
0.00678334
0.00422079
-0.021069
0.00538249
0.00394238
-0.0150536
0.00406989
0.00339055
-0.00983267
0.00279146
0.00258731
-0.00528846
0.00150273
0.00158176
-0.00194277
0.000534944
-0.00263187
-0.02711
0.00674597
-0.00261879
-0.0210063
0.00529258
-0.00245899
-0.0151542
0.00380071
-0.00208966
-0.00949674
0.00256854
-0.00164787
-0.00514406
0.00131212
-0.00103592
-0.00181518
0.000181962
0.00268646
-0.0271564
0.00677185
0.00261339
-0.0210943
0.00533695
0.00243543
-0.0151082
0.00394656
0.00203059
-0.00987557
0.00249594
0.00139434
-0.00520833
0.00131628
0.000785242
-0.00155298
0.000247523
-0.00428053
-0.0271431
0.00675431
-0.00421702
-0.0210822
0.00532523
-0.00391687
-0.0152496
0.00393869
-0.00346173
-0.00961398
0.00275036
-0.00289214
-0.00518702
0.00151943
-0.00174591
-0.00215569
0.000432801
0.000857939
-0.033146
0.0081899
0.000871419
-0.000848425
0.000203893
0.00351446
-0.0331607
0.00819624
-0.000691213
-0.000713987
-3.33757e-05
-0.00343089
-0.0331584
0.00817526
0.000190652
9.73507e-05
-3.58341e-05
-0.000284007
-0.000116554
4.71002e-05
0.000247354
-8.12467e-05
1.80066e-05
-0.000778627
-0.0331696
0.00819144
0.000399708
-0.000552051
-9.32579e-05
-0.000930019
-0.000920676
0.000316426
-7.32066e-05
4.42746e-05
-4.0364e-06
0.00433999
-0.030156
0.00749392
0.00429047
-0.0241059
0.00607578
0.0041088
-0.0180575
0.00470542
0.00380135
-0.0122249
0.00340024
0.00298003
-0.00740065
0.00210341
0.00214397
-0.00346123
0.000954314
-0.00262821
-0.0301392
0.00746648
-0.0026328
-0.0240628
0.00601528
-0.00257695
-0.0180111
0.00456485
-0.00231388
-0.0123119
0.00313087
-0.00186544
-0.00724516
0.00192614
-0.001383
-0.00331059
0.000728455
0.00269637
-0.0301757
0.00748637
0.0026613
-0.02412
0.00605293
0.0025508
-0.0180939
0.0046295
0.00230416
-0.0123189
0.00325564
0.00166851
-0.00735766
0.00191003
0.00111172
-0.00331165
0.000744449
-0.00428069
-0.0301708
0.0074687
-0.00425259
-0.0241148
0.00603564
-0.00413936
-0.0180797
0.00462352
-0.0036935
-0.0124304
0.00331876
-0.0032044
-0.00732118
0.00210751
-0.00246377
-0.0033557
0.000973061
0.00349397
-0.027149
0.00677955
0.00341687
-0.0210939
0.00535339
0.00319561
-0.0151169
0.00399209
0.00267686
-0.0099379
0.00266383
0.00198103
-0.00525543
0.00141552
0.00129754
-0.00172141
0.000394034
-0.00342307
-0.0271254
0.00674967
-0.00336611
-0.0210526
0.00530411
-0.00313497
-0.0151916
0.00384054
-0.00270014
-0.00959223
0.00267513
-0.00218904
-0.0051821
0.00140706
-0.00136238
-0.00195182
0.000281975
-0.000780001
-0.0271457
0.00676715
-0.000774566
-0.0210781
0.00533458
-0.000762746
-0.0151068
0.00396129
-0.000689836
-0.00966593
0.00259503
-0.000744004
-0.00510652
0.0014297
-0.000658912
-0.001665
0.000468825
0.000835509
-0.0271189
0.00676787
0.000769817
-0.0210115
0.00535009
0.000713041
-0.0150548
0.00398837
0.000698431
-0.00954244
0.00264306
0.000488557
-0.00509743
0.00143604
0.000325439
-0.00166908
0.000446958
0.000239757
-0.000591948
0.000143088
-0.000212401
-0.000473202
0.000228301
4.31461e-05
-0.0331589
0.00818697
-0.000894394
-0.000747836
0.000124278
-9.96638e-06
8.34554e-05
-2.25095e-05
0.000743237
-0.000645825
2.13944e-05
0.00350818
-0.0301686
0.00749127
0.00346551
-0.0241163
0.0060651
0.00331555
-0.0180805
0.00466953
0.00305653
-0.0122829
0.00331741
0.00228901
-0.00741556
0.0020262
0.00165519
-0.00338137
0.00086105
-0.00343002
-0.0301521
0.00746769
-0.00339614
-0.0240911
0.00602171
-0.00329377
-0.0180612
0.00458373
-0.00290452
-0.0123505
0.00325429
-0.00246894
-0.00729647
0.00200522
-0.0018467
-0.00334685
0.000834099
-0.000774052
-0.0301731
0.0074793
-0.00078828
-0.0240976
0.00605451
-0.00077805
-0.0180571
0.00463557
-0.000688681
-0.012335
0.00331802
-0.000742394
-0.00726308
0.00201407
-0.000747098
-0.00319718
0.000889016
0.000848052
-0.0301456
0.00748141
0.000815403
-0.0240762
0.00605128
0.00073762
-0.0180008
0.00465096
0.00070893
-0.0122439
0.00326651
0.000575127
-0.00720899
0.00202163
0.000401654
-0.00324175
0.000910817
0.000407375
-0.0010349
0.000203664
0.00183517
-0.0134698
0.0035766
