0.00818632
-0.0637664
0.00184081
-0.00808254
-0.0637294
2.96984e-06
-0.00022174
-0.000102272
-7.90834e-05
0.000129956
5.56164e-05
4.69035e-05
0.00807291
-0.0655733
0.00182193
-0.00818577
-0.0655878
3.09429e-05
-0.000116417
1.38105e-05
7.004e-05
0.000112083
-3.67284e-05
-7.05843e-05
0.00809511
-0.0496772
0.00176413
0.00768405
-0.0354882
0.00172145
0.00668112
-0.0218761
0.00174413
0.00501462
-0.0116147
0.00164328
0.00295041
-0.00425309
0.000903458
0.00137156
-0.000653426
0.000399459
-0.00808459
-0.0495633
-5.58225e-05
-0.00786406
-0.0352965
-0.000138243
-0.00692235
-0.0224142
-0.000441547
-0.00524286
-0.010662
-0.000213288
-0.00340077
-0.00425635
-0.000318214
-0.00163519
-0.00083677
-0.00052335
0.0080129
-0.0514386
0.0017015
0.00759548
-0.0371416
0.00152096
0.00666364
-0.0233565
0.00126523
0.00491277
-0.0130556
0.000665752
0.00272738
-0.00497611
0.000396475
0.0012418
-0.000530565
-0.000110044
-0.00819919
-0.0513403
1.4299e-06
-0.00797947
-0.0369926
4.07349e-05
-0.00684765
-0.0238426
0.000125617
-0.00528854
-0.0120162
0.000441986
-0.00379959
-0.00487681
0.000245862
-0.0018171
-0.00132623
2.62854e-05
6.36398e-05
-0.0637512
0.000933193
0.000614392
-4.60962e-05
0.000174869
0.008108
-0.064677
0.00181963
-0.000922725
-0.000196285
-0.000286753
-0.00806408
-0.0646639
2.20922e-05
0.000136108
0.000155949
-6.60225e-05
-0.000294444
-7.75787e-05
7.93671e-05
0.000241881
-1.71798e-05
5.37045e-05
-2.30888e-05
-0.0655672
0.00093714
0.000527145
3.38274e-05
-0.00029776
-0.000787785
-0.000262866
0.000204242
-2.47471e-05
9.29647e-05
-3.1521e-05
0.00816408
-0.0567706
0.00179897
0.00794396
-0.0425613
0.00173686
0.00727118
-0.0286122
0.00169793
0.00627978
-0.0160076
0.00163976
0.00384784
-0.00734322
0.00121278
0.00215914
-0.00206454
0.000598089
-0.00808986
-0.056696
-2.10486e-05
-0.00802549
-0.0424126
-0.000100391
-0.00755513
-0.0285196
-0.00020778
-0.00621102
-0.0164391
-0.000492895
-0.00426121
-0.00717186
-0.000254975
-0.00252862
-0.00214454
-0.000395046
0.00807261
-0.0585648
0.00176187
0.00786482
-0.0442553
0.00161776
0.00722877
-0.0301756
0.00137959
0.00599737
-0.0174901
0.00109936
0.0036529
-0.00835989
0.000589526
0.00194468
-0.00247532
0.000127831
-0.00819997
-0.0585183
-6.37144e-07
-0.00810872
-0.044152
1.55217e-05
-0.0076984
-0.0300145
6.89837e-05
-0.00603181
-0.0177961
0.000253579
-0.00457614
-0.00813598
0.000316782
-0.00294028
-0.00249976
0.000164357
0.00800943
-0.0505713
0.00174578
0.0076447
-0.0363687
0.00163038
0.00674474
-0.0227778
0.00147622
0.0049546
-0.0126214
0.00120752
0.00289032
-0.00468084
0.000686476
0.00154523
-0.000589478
0.000147918
-0.00801493
-0.0504619
-1.66227e-05
-0.00772901
-0.0362005
-4.04329e-05
-0.00672647
-0.0231256
-0.000245334
-0.005118
-0.0114979
0.000217725
-0.00350991
-0.00466253
-2.39164e-05
-0.00171971
-0.00113614
-0.000297331
-5.97982e-05
-0.0513713
0.000863345
-0.000173563
-0.0370156
0.00079538
-0.000278638
-0.0232984
0.000735064
-0.000208815
-0.012306
0.00042287
-0.000582137
-0.00468837
0.000315239
-0.000523043
-0.000661932
4.59864e-05
-1.55604e-05
-0.049593
0.000858271
-0.000162335
-0.0352803
0.000796118
-0.000167758
-0.0219476
0.000823389
5.343e-05
-0.010751
0.00057278
-0.000178607
-0.00396985
0.00030207
-7.0911e-05
-0.000432852
3.77808e-05
3.049e-05
7.6942e-05
1.46015e-05
-8.31995e-05
0.000179434
4.1232e-05
3.285e-05
-0.0646688
0.000919238
-0.000996101
-0.000196117
-3.61415e-05
1.19676e-05
0.000157793
-5.91129e-06
0.000765559
1.31392e-05
-6.24974e-05
0.00807732
-0.057681
0.00178818
0.00787204
-0.0434275
0.00169164
0.00723135
-0.0294342
0.00156994
0.00622171
-0.0167734
0.00138531
0.00372622
-0.00800699
0.000989601
0.00217873
-0.0023013
0.000387427
-0.00805805
-0.0576022
-6.25027e-06
-0.0078886
-0.0433047
-2.84581e-05
-0.00739143
-0.02937
-7.51942e-05
-0.00584956
-0.0170453
3.27229e-05
-0.00433573
-0.00775669
3.59353e-05
-0.00266166
-0.00241643
-0.000118364
-1.30419e-05
-0.0585422
0.000890298
-0.000135679
-0.0441287
0.000829314
-0.000256183
-0.0299704
0.000752693
-8.34633e-05
-0.0174795
0.000765429
-0.000504428
-0.00801318
0.000452359
-0.000627485
-0.00221385
0.000146043
2.63595e-05
-0.0567238
0.000890416
-7.08072e-05
-0.0424404
0.000828241
-0.000200591
-0.0284166
0.000777977
-3.86473e-05
-0.0161402
0.000556294
-0.000171963
-0.00691001
0.000444669
-0.000146921
-0.00183132
0.000166508
0.000660518
-9.95017e-05
-2.82603e-05
0.00472826
-0.0196758
0.00117298
