0.00341497
-0.0252557
0.00818578
-0.00171605
-0.0252519
0.00793819
-0.000148397
-8.34243e-05
-5.90672e-05
0.000148104
4.48856e-06
6.95264e-05
0.00183145
-0.0254981
0.00818265
-0.00330117
-0.0255013
0.00794022
-0.000134459
-1.84722e-05
7.90893e-05
7.69295e-05
-4.05122e-05
-5.28549e-05
0.0034082
-0.0208435
0.00681827
0.00335228
-0.0163931
0.00544449
0.00318411
-0.0119366
0.00411687
0.00279174
-0.00794997
0.0028227
0.00219796
-0.00437469
0.00155973
0.00137569
-0.00164246
0.000573392
-0.00171996
-0.0208286
0.00657106
-0.00172536
-0.0163522
0.00518384
-0.00165645
-0.0119823
0.00376787
-0.00145152
-0.00770828
0.00254036
-0.00118819
-0.00423941
0.00132502
-0.000773674
-0.00150648
0.000245063
0.00182723
-0.0210802
0.00681241
0.00178993
-0.0166139
0.00541812
0.00169008
-0.0121528
0.00403874
0.00144854
-0.00808933
0.00262353
0.00101908
-0.00440012
0.00142363
0.000570369
-0.00138727
0.000342262
-0.00330746
-0.0210713
0.00657294
-0.00328158
-0.0166035
0.00519688
-0.0031078
-0.0122361
0.00384838
-0.00281377
-0.0079217
0.00265646
-0.00240034
-0.00437739
0.0014703
-0.00148875
-0.00188318
0.00042308
0.000847523
-0.0252555
0.00806307
0.000770294
-0.000728486
0.000226457
0.00261975
-0.0253781
0.00818215
-0.00052845
-0.000587191
6.67116e-06
-0.00249675
-0.0253774
0.00793926
0.00017857
8.39602e-05
-2.12061e-05
-0.000231724
-9.79536e-05
3.01449e-05
0.000203709
-7.49355e-05
1.30003e-05
-0.000726074
-0.0254982
0.00806323
0.00029176
-0.000513785
-9.85449e-06
-0.000808406
-0.000834496
0.000283235
-7.51375e-05
3.14827e-05
4.35282e-06
0.00341363
-0.0230557
0.00750526
0.00339169
-0.0186211
0.00612803
0.0032872
-0.0141683
0.00476872
0.00307708
-0.00980322
0.00345345
0.00249749
-0.00605668
0.00215574
0.00184261
-0.00289324
0.00101061
-0.00171674
-0.0230484
0.00725952
-0.00172493
-0.0185948
0.00587499
-0.00171223
-0.0141318
0.00448763
-0.00158144
-0.00983862
0.00311431
-0.00132205
-0.00592304
0.00191894
-0.00101456
-0.00274729
0.000761787
0.00183204
-0.0232964
0.00750111
0.00181452
-0.0188491
0.00611653
0.00175683
-0.0143857
0.00472301
0.00161953
-0.0100199
0.00335966
0.00120754
-0.00612424
0.00202182
0.000814676
-0.00284752
0.000851289
-0.00330441
-0.0232935
0.0072591
-0.00329677
-0.0188429
0.00588198
-0.00324047
-0.0143736
0.0045163
-0.00296947
-0.0100927
0.00322902
-0.00263117
-0.00609515
0.00204129
-0.00206696
-0.00288181
0.000938327
0.00260986
-0.0209627
0.00681611
0.00256948
-0.0165086
0.00542576
0.00243653
-0.0120672
0.00406847
0.00208963
-0.00807601
0.00273724
0.00159675
-0.00438873
0.0014946
0.00106532
-0.00149045
0.000459996
-0.00249468
-0.0209505
0.00657164
-0.0024698
-0.0164851
0.00518704
-0.0023435
-0.0121
0.00378957
-0.00207619
-0.00784636
0.00260525
-0.00172619
-0.00432288
0.00138797
-0.00110929
-0.00165261
0.000311541
-0.000726859
-0.0210736
0.00669448
-0.000720576
-0.0166029
0.00530719
-0.00071355
-0.0121499
0.00395877
-0.000652
-0.00794907
0.00261965
-0.000680165
-0.00432031
0.001456
-0.00060429
-0.00148138
0.000494065
0.000835078
-0.020834
0.00669671
0.000789914
-0.0163593
0.00532494
0.000738767
-0.0119309
0.00397946
0.000696304
-0.00774472
0.00266375
0.00051562
-0.00421749
0.00146881
0.000347927
-0.00140374
0.000477813
0.000251126
-0.000497947
0.000159645
-0.000215084
-0.00045651
0.000238528
6.2626e-05
-0.0253774
0.00806107
-0.000737402
-0.000641801
0.000119713
-1.28578e-05
6.39957e-05
-2.58884e-05
0.000612533
-0.000578963
7.62158e-05
0.00261665
-0.0231777
0.00750319
0.00259542
-0.0187372
0.00612261
0.0025101
-0.0142787
0.00474646
0.00234675
-0.00991815
0.00339343
0.00182074
-0.00611126
0.00210086
0.00134744
-0.00286337
0.000939438
-0.00249687
-0.0231704
0.00725952
-0.00248238
-0.0187222
0.00587551
-0.00243274
-0.0142634
0.00449475
-0.00220414
-0.00995153
0.00318801
-0.00192211
-0.00602158
0.00196955
-0.00147598
-0.0028227
0.000833005
-0.00072356
-0.023295
0.00738039
-0.000731116
-0.0188358
0.00600643
-0.000722863
-0.0143614
0.00462487
-0.000663674
-0.0100308
0.00331095
-0.000681397
-0.0060553
0.00203407
-0.000680055
-0.0027574
0.00092094
0.000842266
-0.0230516
0.00738313
0.000822377
-0.0186046
0.00600482
0.000763758
-0.0141313
0.00464023
0.000721429
-0.00980026
0.00328544
0.000597813
-0.0059104
0.00204877
0.000429576
-0.00270641
0.00094455
0.000292714
-0.000932436
0.000258772
0.00130297
-0.0108748
0.00363846
