0.00325936
-0.0239193
0.00817019
-0.00156719
-0.0239163
0.00788907
-0.000140921
-7.92848e-05
-5.72608e-05
0.000144193
3.56064e-06
6.84461e-05
0.00168857
-0.0241955
0.00816718
-0.00313938
-0.0241983
0.00789052
-0.000130878
-1.87808e-05
7.70922e-05
7.22887e-05
-3.86554e-05
-5.03538e-05
0.00325432
-0.0197713
0.00681277
0.00320577
-0.0155886
0.0054454
0.00305456
-0.0113914
0.00411753
0.00268755
-0.00761465
0.00282286
0.00212795
-0.00420756
0.00156598
0.00133752
-0.00158574
0.000578392
-0.00157078
-0.0197584
0.00653341
-0.00157877
-0.0155511
0.00515879
-0.00152355
-0.0114289
0.00375698
-0.00134406
-0.0073882
0.00253241
-0.0011091
-0.00407444
0.00132561
-0.000727515
-0.00144913
0.000255717
0.00168503
-0.0200414
0.00680775
0.00165303
-0.0158392
0.00542195
0.00156507
-0.0116321
0.00404645
0.00134923
-0.00776815
0.00263911
0.000953254
-0.0042489
0.00143826
0.000532159
-0.00135271
0.00035727
-0.00314616
-0.0200331
0.00653435
-0.00312585
-0.015829
0.0051689
-0.00297137
-0.0117064
0.00382861
-0.00270241
-0.00761547
0.00263815
-0.00231395
-0.0042264
0.00146071
-0.00144233
-0.00182992
0.000421311
0.00084401
-0.0239194
0.00803042
0.000751155
-0.000705246
0.000229642
0.00247078
-0.0240585
0.00816679
-0.000499467
-0.000563488
1.3775e-05
-0.00234283
-0.0240581
0.00788987
0.000176186
8.15503e-05
-1.87152e-05
-0.000222288
-9.45355e-05
2.72562e-05
0.000195703
-7.35538e-05
1.20655e-05
-0.000717197
-0.0241957
0.00803037
0.000272488
-0.000504407
4.17853e-06
-0.000785937
-0.000816342
0.000277447
-7.53579e-05
2.93669e-05
5.79952e-06
0.00325843
-0.0218503
0.00749497
0.0032406
-0.0176827
0.00612633
0.00314786
-0.0134944
0.0047709
0.00295286
-0.00937534
0.00345608
0.00241204
-0.00581405
0.00216027
0.00178765
-0.00278786
0.00101772
-0.00156768
-0.0218445
0.00721575
-0.00157627
-0.017659
0.00584387
-0.00156987
-0.0134596
0.00446865
-0.00145928
-0.00940273
0.00310708
-0.00122951
-0.00568443
0.00191534
-0.000950476
-0.00264344
0.000766652
0.0016891
-0.0221249
0.00749133
0.00167414
-0.0179434
0.00611655
0.00162437
-0.0137393
0.00472984
0.00150397
-0.00961019
0.00337034
0.00112763
-0.00589809
0.00203599
0.000762112
-0.00275823
0.000867052
-0.00314266
-0.0221223
0.00721495
-0.00313803
-0.017937
0.00584888
-0.00309024
-0.0137275
0.00449276
-0.00284618
-0.00967685
0.00321041
-0.00253164
-0.00587048
0.0020282
-0.00199636
-0.00279129
0.000931779
0.00246246
-0.0199071
0.00681085
0.00242761
-0.0157179
0.00542826
0.00230823
-0.0115321
0.00407372
0.0019886
-0.00774335
0.00274411
0.00152868
-0.00422864
0.00150447
0.00102345
-0.00144516
0.000469724
-0.0023416
-0.0198966
0.00653354
-0.00232146
-0.0156972
0.00516075
-0.00221117
-0.0115586
0.00377591
-0.00197002
-0.00753237
0.0025907
-0.0016459
-0.00416447
0.00138326
-0.0010643
-0.00159597
0.000316425
-0.000717918
-0.0200354
0.00667251
-0.000711545
-0.0158289
0.00529452
-0.000705198
-0.0116289
0.00395217
-0.000645347
-0.00763893
0.00261943
-0.00066902
-0.00417296
0.00145801
-0.000594217
-0.00144373
0.000497533
0.000833077
-0.0197632
0.00667496
0.000791128
-0.0155584
0.00531259
0.000741045
-0.0113848
0.00397184
0.000694428
-0.00742305
0.00266287
0.000518851
-0.00405632
0.00147177
0.000350951
-0.00135361
0.000482074
0.000252569
-0.000479822
0.000162046
-0.000215256
-0.000450922
0.000239773
6.50649e-05
-0.0240579
0.00802856
-0.000709187
-0.000621148
0.000118971
-1.32837e-05
6.06911e-05
-2.64169e-05
0.000588784
-0.000564732
8.50835e-05
0.00246815
-0.0219891
0.00749299
0.00245012
-0.017815
0.00612171
0.00237463
-0.0136181
0.00475074
0.00222617
-0.00949857
0.00339969
0.00173883
-0.00587438
0.00210899
0.00129238
-0.00276572
0.000950229
-0.0023431
-0.0219832
0.00721558
-0.00233147
-0.0178015
0.00584353
-0.00228972
-0.0136036
0.004474
-0.00208595
-0.00952671
0.00317304
-0.0018282
-0.0057898
0.00196134
-0.00141098
-0.00272449
0.000832044
-0.000715001
-0.0221238
0.0073532
-0.000721581
-0.0179315
0.0059894
-0.00071363
-0.0137169
0.0046159
-0.000659086
-0.00962026
0.00330469
-0.000670935
-0.00583344
0.00203412
-0.000668077
-0.00267249
0.000924765
0.000839451
-0.0218472
0.00735604
0.000821526
-0.0176682
0.00598804
0.000765982
-0.0134606
0.00463123
0.000721754
-0.00936894
0.00328324
0.000600075
-0.00567536
0.0020499
0.000433231
-0.002607
0.000948513
0.000272351
-0.000910493
0.000267319
0.00121318
-0.0104155
0.00364218
