0.00294941
-0.02124
0.00812623
-0.00127405
-0.0212386
0.00778545
-0.000125491
-7.07224e-05
-5.34515e-05
0.000135908
1.71452e-06
6.60617e-05
0.00140498
-0.0215766
0.00812341
-0.00281951
-0.0215787
0.00778581
-0.000123319
-1.93095e-05
7.29248e-05
6.26091e-05
-3.46432e-05
-4.52312e-05
0.00294757
-0.017615
0.00678983
0.00291274
-0.0139622
0.00543662
0.00279357
-0.0102801
0.00411035
0.0024756
-0.00692479
0.0028167
0.00198304
-0.00385939
0.00157392
0.00125734
-0.00146591
0.00058621
-0.00127699
-0.0176059
0.00645338
-0.00128962
-0.0139312
0.00510452
-0.00126003
-0.0103019
0.00373163
-0.00112898
-0.00672813
0.00251456
-0.000948972
-0.00373125
0.00132588
-0.000632968
-0.00132893
0.000277381
0.00140266
-0.0179447
0.00678639
0.00138054
-0.0142653
0.00541866
0.00131508
-0.0105633
0.00405273
0.00114875
-0.00710183
0.00266291
0.000818389
-0.00392869
0.00146288
0.000453424
-0.00127567
0.000385787
-0.00282712
-0.0179375
0.00645263
-0.00281702
-0.0142557
0.0051092
-0.00269883
-0.0106207
0.00378637
-0.00247758
-0.00697821
0.00260034
-0.00213738
-0.00390738
0.00144092
-0.00134608
-0.00171478
0.000417953
0.000835363
-0.0212407
0.00795609
0.000710531
-0.000655623
0.000235052
0.00217452
-0.0214093
0.00812324
-0.000439759
-0.000513707
2.85311e-05
-0.00203897
-0.0214093
0.00778574
0.000171015
7.65185e-05
-1.37318e-05
-0.000202727
-8.74026e-05
2.14772e-05
0.000178951
-7.04179e-05
1.0055e-05
-0.000700158
-0.0215768
0.00795563
0.000232754
-0.000482114
3.20171e-05
-0.000738798
-0.000775751
0.000265814
-7.56786e-05
2.52062e-05
8.72556e-06
0.00294923
-0.0194307
0.00746201
0.00293902
-0.0157913
0.00611159
0.00286831
-0.0121273
0.00476554
0.0027021
-0.00849844
0.00345357
0.00223657
-0.00531166
0.0021637
0.00167305
-0.00256693
0.00102857
-0.00127415
-0.0194274
0.0071232
-0.00128336
-0.0157725
0.00577716
-0.00128856
-0.0120957
0.00442689
-0.0012161
-0.00851061
0.00308968
-0.00104317
-0.00519043
0.00190669
-0.000819999
-0.0024264
0.00077612
0.00140538
-0.0197655
0.00745931
0.00139516
-0.01611
0.006105
0.00136023
-0.0124203
0.00473329
0.00127205
-0.00876409
0.00338338
0.000964906
-0.00542415
0.00205831
0.000653985
-0.00256653
0.000895409
-0.00282285
-0.0197635
0.00712172
-0.00282371
-0.0161033
0.00577853
-0.00279158
-0.0124094
0.00444247
-0.00259852
-0.00881915
0.00317126
-0.00232957
-0.00539993
0.00200106
-0.00185105
-0.00259774
0.000918505
0.00216913
-0.0177803
0.00678838
0.0021446
-0.0141157
0.00542247
0.0020509
-0.010438
0.00407521
0.00178401
-0.00705668
0.00275095
0.00138872
-0.00389266
0.00151955
0.00093658
-0.00134744
0.0004871
-0.00203925
-0.017773
0.00645272
-0.00202786
-0.0141004
0.00510421
-0.00194772
-0.0104526
0.00374529
-0.00175653
-0.00688203
0.00256008
-0.00148278
-0.00383234
0.001373
-0.000971732
-0.00147572
0.000326407
-0.00070076
-0.0179397
0.0066203
-0.000694179
-0.0142565
0.0052619
-0.000688921
-0.0105598
0.00393306
-0.000632168
-0.00699404
0.00261458
-0.000646547
-0.00386076
0.00145938
-0.000573164
-0.00136047
0.000503573
0.000827255
-0.0176097
0.00662315
0.000791403
-0.0139389
0.00528052
0.000743502
-0.0102718
0.00395074
0.000689173
-0.0067598
0.00265659
0.000523929
-0.00372034
0.00147487
0.000356168
-0.00124777
0.000489453
0.000254917
-0.000441264
0.000166319
-0.00021529
-0.000436396
0.000241679
6.88049e-05
-0.021409
0.00795447
-0.000650806
-0.000576765
0.000117668
-1.40518e-05
5.40659e-05
-2.74162e-05
0.000539363
-0.000532871
0.000102114
0.00217276
-0.0195993
0.0074602
0.00216068
-0.0159523
0.00610847
0.0021037
-0.0122741
0.00474935
0.00198367
-0.00863554
0.00340421
0.00157148
-0.00538139
0.00211942
0.0011786
-0.00255877
0.000968394
-0.00203951
-0.019596
0.00712274
-0.00203311
-0.0159417
0.00577525
-0.00200606
-0.0122611
0.00442893
-0.00184943
-0.00865384
0.00314086
-0.00163844
-0.00530712
0.00194362
-0.00127817
-0.00251698
0.000829816
-0.000698556
-0.0197647
0.00729016
-0.000703302
-0.0161006
0.00594754
-0.000695803
-0.0124016
0.00459132
-0.000649945
-0.00877265
0.00328723
-0.000650154
-0.00536809
0.00203071
-0.000643516
-0.00248993
0.000930667
0.000832103
-0.0194294
0.00729317
0.000817875
-0.0157806
0.00594661
0.000768237
-0.0120993
0.00460652
0.000720588
-0.00848549
0.00327351
0.00060301
-0.00518804
0.0020485
0.000439426
-0.00239855
0.000954455
0.000230415
-0.000861144
0.000283297
0.00103301
-0.0094707
0.00364193
