0.00279543
-0.0198994
0.00809753
-0.00113014
-0.0198987
0.00773159
-0.000117535
-6.6299e-05
-5.1441e-05
0.000131522
7.96836e-07
6.47485e-05
0.00126448
-0.0202616
0.0080948
-0.00266195
-0.0202633
0.00773145
-0.000119331
-1.95238e-05
7.07527e-05
5.7563e-05
-3.2476e-05
-4.2613e-05
0.00279503
-0.0165325
0.00677195
0.0027665
-0.0131413
0.00542642
0.00266229
-0.00971417
0.00410202
0.00236788
-0.00657029
0.00280996
0.00190809
-0.00367825
0.00157526
0.00121524
-0.00140275
0.000588837
-0.00113274
-0.0165253
0.00641152
-0.00114741
-0.0131133
0.00507568
-0.00112969
-0.00972876
0.00371739
-0.00102151
-0.00638811
0.00250481
-0.000867982
-0.00355295
0.00132566
-0.000584576
-0.00126605
0.000288433
0.0012627
-0.0168874
0.00676923
0.00124512
-0.0134663
0.00541103
0.00119024
-0.0100149
0.00405078
0.0010476
-0.00675611
0.00267063
0.000749301
-0.00375911
0.00147251
0.000412872
-0.00123286
0.00039913
-0.0026699
-0.0168808
0.00641001
-0.00266436
-0.013457
0.00507787
-0.00256302
-0.0100644
0.00376417
-0.00236428
-0.00664653
0.00258107
-0.00204723
-0.00373882
0.00143084
-0.00129621
-0.00165258
0.000416421
0.00083022
-0.0199005
0.00791456
0.000688987
-0.000629201
0.000237185
0.00202751
-0.0200815
0.00809473
-0.000409022
-0.00048762
3.62145e-05
-0.00188946
-0.0200817
0.00773165
0.000168215
7.38854e-05
-1.12488e-05
-0.000192596
-8.36858e-05
1.85983e-05
0.000170189
-6.86484e-05
8.96924e-06
-0.000692144
-0.0202618
0.00791392
0.000212289
-0.000469035
4.57499e-05
-0.000714081
-0.000753139
0.000260004
-7.57718e-05
2.31722e-05
1.02021e-05
0.00279558
-0.0182184
0.00743894
0.00278884
-0.0148396
0.00609806
0.00272832
-0.0114346
0.0047575
0.00257569
-0.00804954
0.00344795
0.00214653
-0.00505182
0.00216221
0.00161334
-0.00245128
0.00103204
-0.00113005
-0.0182163
0.00707501
-0.00113948
-0.0148231
0.005742
-0.00114994
-0.0114046
0.0044044
-0.0010953
-0.00805455
0.00307971
-0.000949449
-0.00493496
0.00190176
-0.000753625
-0.00231314
0.000780787
0.00126481
-0.0185786
0.00743668
0.00125675
-0.0151827
0.00609296
0.00122872
-0.0117476
0.00472939
0.0011558
-0.00832718
0.00338524
0.000882048
-0.00517572
0.00206604
0.000598376
-0.00246364
0.000907724
-0.0026653
-0.0185768
0.00707323
-0.0026686
-0.0151758
0.00574173
-0.00264356
-0.0117372
0.00441604
-0.00247439
-0.00837676
0.00315097
-0.0022271
-0.00515345
0.00198717
-0.00177632
-0.0024943
0.000911871
0.00202345
-0.0167103
0.00677072
0.00200369
-0.0133048
0.00541366
0.00192203
-0.00987891
0.00407097
0.0016805
-0.00670239
0.00275046
0.00131676
-0.00371642
0.00152438
0.000891528
-0.00129479
0.000494552
-0.00189041
-0.0167045
0.0064105
-0.00188298
-0.013292
0.00507433
-0.00181689
-0.00988798
0.00372856
-0.00164937
-0.00654534
0.0025442
-0.0014
-0.00365829
0.00136754
-0.00092413
-0.00141196
0.00033155
-0.000692689
-0.0168829
0.00659011
-0.000685974
-0.0134582
0.00524189
-0.000681095
-0.0100112
0.00392044
-0.000625718
-0.00665866
0.00260981
-0.000635263
-0.00369536
0.00145863
-0.00056217
-0.00131455
0.000506094
0.000823411
-0.0165285
0.00659314
0.000790415
-0.0131212
0.00526075
0.000743619
-0.00970513
0.00393714
0.000685762
-0.00641818
0.00265105
0.000525728
-0.00354544
0.00147487
0.000358322
-0.00119202
0.000492497
0.000255792
-0.000420817
0.000168149
-0.000215136
-0.000427295
0.000242304
7.00284e-05
-0.0200813
0.00791306
-0.000620618
-0.000552959
0.000117142
-1.43871e-05
5.07527e-05
-2.78812e-05
0.00051366
-0.000515121
0.000110181
0.00202615
-0.0183995
0.00743721
0.0020168
-0.0150126
0.00609564
0.00196843
-0.011591
0.00474316
0.00186187
-0.00819186
0.00340198
0.00148601
-0.00512493
0.00212132
0.00111981
-0.00244918
0.00097548
-0.00189011
-0.0183974
0.00707442
-0.00188608
-0.0150034
0.00573938
-0.00186577
-0.0115788
0.00440491
-0.0017313
-0.00820559
0.00312386
-0.00154269
-0.00505589
0.00193425
-0.00121038
-0.00240741
0.000828619
-0.000690816
-0.018578
0.0072544
-0.000694701
-0.0151745
0.00592269
-0.000687329
-0.0117307
0.00457559
-0.000645464
-0.00833505
0.00327592
-0.000639906
-0.00512399
0.00202713
-0.000630946
-0.00239185
0.000932652
0.000827556
-0.0182178
0.00725749
0.000815043
-0.0148305
0.00592195
0.00076821
-0.0114094
0.00459071
0.000719047
-0.00803352
0.00326583
0.000603633
-0.00493568
0.00204583
0.00044192
-0.00228942
0.000956325
0.00020883
-0.000833526
0.000290615
0.000942712
-0.00898495
0.00363756
