0.00264231
-0.0185597
0.00806413
-0.000988207
-0.0185597
0.00767676
-0.000109418
-6.17817e-05
-4.93557e-05
0.000126967
-1.1699e-07
6.33495e-05
0.00112495
-0.0189435
0.00806149
-0.00250627
-0.0189449
0.00767617
-0.0001152
-1.97016e-05
6.85207e-05
5.23767e-05
-3.01952e-05
-3.99593e-05
0.00264324
-0.0154483
0.00674953
0.0026206
-0.0123158
0.00541204
0.00253058
-0.00914175
0.00409024
0.00225905
-0.00620948
0.00280051
0.00183143
-0.00349238
0.00157464
0.00117176
-0.0013374
0.000590493
-0.000990471
-0.0154426
0.00636875
-0.00100699
-0.0122908
0.00504592
-0.00100046
-0.0091495
0.00370224
-0.000914173
-0.00604148
0.00249463
-0.000786412
-0.00337017
0.00132524
-0.000535444
-0.00120133
0.000299655
0.00112368
-0.0158245
0.00674749
0.00111037
-0.0126593
0.00539908
0.00106557
-0.00945686
0.00404515
0.000945887
-0.00640173
0.00267528
0.000679091
-0.00358292
0.00148013
0.000371526
-0.00118702
0.000411761
-0.00251448
-0.0158184
0.00636654
-0.00251313
-0.0126503
0.00504579
-0.00242769
-0.00949891
0.00374141
-0.00225048
-0.00630585
0.00256167
-0.00195586
-0.00356396
0.00142071
-0.00124516
-0.00158712
0.000415021
0.000824529
-0.018561
0.00787023
0.000666592
-0.000601693
0.000238879
0.00188141
-0.0187526
0.00806152
-0.000377695
-0.000460742
4.41185e-05
-0.0017418
-0.0187529
0.00767661
0.000165263
7.11675e-05
-8.77764e-06
-0.000182229
-7.98686e-05
1.57337e-05
0.000161161
-6.67366e-05
7.824e-06
-0.000684555
-0.0189438
0.00786941
0.000191428
-0.000454578
5.93118e-05
-0.000688575
-0.000728891
0.000254216
-7.58158e-05
2.11757e-05
1.16856e-05
0.00264276
-0.0170056
0.00741123
0.00263925
-0.0138846
0.00608014
0.00258833
-0.0107362
0.00474557
0.00244869
-0.00759381
0.00343914
0.00205496
-0.00478624
0.00215833
0.00155197
-0.00233217
0.00103403
-0.000987935
-0.0170046
0.0070259
-0.000997513
-0.0138703
0.00570591
-0.00101287
-0.0107079
0.00438103
-0.000975152
-0.00759201
0.00306899
-0.000855425
-0.00467387
0.0018965
-0.000686515
-0.0021967
0.000785449
0.00112523
-0.0173875
0.00740938
0.00111918
-0.0142485
0.00607644
0.00109768
-0.011066
0.00472142
0.0010394
-0.00788074
0.00338369
0.000798187
-0.00491932
0.00207122
0.000541722
-0.00235581
0.000918628
-0.00250961
-0.0173859
0.00702384
-0.00251512
-0.0142415
0.00570411
-0.00249663
-0.0110561
0.00438894
-0.00235018
-0.00792509
0.00313035
-0.00212374
-0.00489921
0.00197317
-0.00170021
-0.0023862
0.000905291
0.0018786
-0.0156367
0.0067485
0.00186331
-0.0124876
0.00540059
0.00179312
-0.00931182
0.00406309
0.00157621
-0.00634072
0.00274709
0.00124348
-0.00353454
0.0015272
0.000845374
-0.00123953
0.000501062
-0.00174336
-0.0156323
0.0063674
-0.00173961
-0.0124773
0.00504358
-0.00168683
-0.00931572
0.00371104
-0.00154201
-0.00620083
0.00252806
-0.00131644
-0.00347877
0.00136193
-0.000875645
-0.00134569
0.000336823
-0.000685041
-0.0158205
0.00655722
-0.000678161
-0.0126519
0.00521939
-0.000673533
-0.00945312
0.0039057
-0.000619404
-0.00631436
0.00260339
-0.000623972
-0.00352347
0.00145685
-0.000550856
-0.00126558
0.000508249
0.000818936
-0.0154455
0.00656041
0.000788653
-0.0122988
0.00523844
0.000742963
-0.00913202
0.00392145
0.000681813
-0.00606995
0.00264381
0.000527007
-0.0033659
0.00147376
0.000360148
-0.00113438
0.000495065
0.000256451
-0.000399592
0.000169749
-0.000214859
-0.000416878
0.000242687
7.0778e-05
-0.0187525
0.00786883
-0.000589757
-0.000528041
0.000116718
-1.46858e-05
4.74437e-05
-2.83196e-05
0.000487284
-0.000496097
0.000117891
0.00188042
-0.0171974
0.00740959
0.00187362
-0.0140678
0.00607837
0.0018334
-0.0109006
0.004733
0.00173978
-0.00774001
0.00339647
0.00139936
-0.00486167
0.00212075
0.00105972
-0.00233538
0.00098106
-0.00174256
-0.0171964
0.00702519
-0.00174071
-0.01406
0.00570263
-0.00172671
-0.0108892
0.00438009
-0.00161338
-0.00774944
0.00310639
-0.00144642
-0.0047979
0.00192461
-0.00114169
-0.00229385
0.00082741
-0.000683482
-0.017387
0.00721589
-0.000686541
-0.0142414
0.00589522
-0.000679214
-0.0110507
0.00455753
-0.000641081
-0.00788799
0.00326281
-0.000629792
-0.00487196
0.00202222
-0.000618191
-0.00228898
0.000933935
0.000822421
-0.0170058
0.00721904
0.000811527
-0.0138772
0.00589465
0.000767385
-0.0107137
0.00457254
0.000716841
-0.00757486
0.00325619
0.000603668
-0.00467753
0.00204174
0.000443985
-0.002177
0.000957395
0.000186831
-0.000803834
0.000297416
0.000852312
-0.00849011
0.00363011
