0.0021893
-0.0145542
0.00793451
-0.000575381
-0.0145558
0.00750898
-8.41291e-05
-4.76851e-05
-4.26294e-05
0.000112267
-2.83426e-06
5.86102e-05
0.000712874
-0.014977
0.00793214
-0.00205214
-0.0149775
0.00750725
-0.00010193
-1.99954e-05
6.14664e-05
3.59781e-05
-2.26441e-05
-3.18091e-05
0.00219352
-0.0121915
0.00665329
0.00218593
-0.00981699
0.00534188
0.00213353
-0.00738798
0.00403239
0.00192619
-0.00509065
0.00275426
0.00159126
-0.00290703
0.00155966
0.00103291
-0.00112847
0.000588905
-0.000576637
-0.0121901
0.00623694
-0.000597511
-0.00979987
0.00495256
-0.000620359
-0.00737779
0.00365225
-0.000593605
-0.00496317
0.00246211
-0.000538564
-0.00279557
0.00132317
-0.00038376
-0.00099637
0.00033447
0.000712861
-0.0126058
0.00665303
0.000710667
-0.0101916
0.00533539
0.000693168
-0.00772504
0.00400416
0.000637569
-0.00528561
0.00266895
0.000461776
-0.00301342
0.00148958
0.000242798
-0.00103042
0.000444705
-0.00206074
-0.0126012
0.00623306
-0.00206938
-0.0101841
0.00494653
-0.00202564
-0.00774745
0.00367081
-0.00190673
-0.00522869
0.00250355
-0.00167469
-0.00300053
0.00139044
-0.00108485
-0.00137047
0.00041181
0.000804204
-0.0145561
0.00772099
0.000594188
-0.000512739
0.000240979
0.00144948
-0.0147664
0.00793241
-0.000280252
-0.00037551
6.92389e-05
-0.00131127
-0.0147672
0.00750831
0.000155449
6.24665e-05
-1.47739e-06
-0.000149725
-6.78255e-05
7.27702e-06
0.000132473
-6.01084e-05
3.99864e-06
-0.000664819
-0.0149773
0.00771975
0.000126555
-0.000402495
9.86486e-05
-0.000607248
-0.000645875
0.000237122
-7.56223e-05
1.54524e-05
1.61592e-05
0.00219051
-0.0133724
0.0072988
0.00219507
-0.0110064
0.00599814
0.00216913
-0.00861117
0.00468455
0.0020647
-0.00618749
0.00339166
0.00177115
-0.00395587
0.00213087
0.00135785
-0.00195432
0.00103009
-0.000574612
-0.0133741
0.00687533
-0.000584285
-0.0109977
0.00559377
-0.000611962
-0.00858745
0.00430676
-0.0006194
-0.00616739
0.0030332
-0.000571957
-0.00385769
0.00187922
-0.000481004
-0.00182875
0.000799632
0.000712989
-0.0137931
0.00729802
0.000712078
-0.011407
0.00599811
0.000707917
-0.00896803
0.00467107
0.000689806
-0.00648349
0.0033566
0.000540666
-0.00410105
0.00206989
0.000365534
-0.00200156
0.000941786
-0.00205539
-0.0137921
0.00687265
-0.00206601
-0.0114
0.00558817
-0.00206369
-0.00896034
0.00430494
-0.00197794
-0.00651375
0.00306742
-0.00180875
-0.0040888
0.00193102
-0.0014636
-0.00203296
0.000886214
0.00144981
-0.0123986
0.0066528
0.00144619
-0.010002
0.00533389
0.00140676
-0.00756382
0.00401573
0.001259
-0.00521156
0.00271797
0.00101566
-0.00295459
0.00152218
0.000700264
-0.0010577
0.000514183
-0.0013143
-0.0123979
0.00623479
-0.00131974
-0.0099982
0.00494769
-0.0013022
-0.00755433
0.00365461
-0.00121938
-0.00512041
0.00247879
-0.00106146
-0.00290707
0.00134452
-0.00072497
-0.00113164
0.000353568
-0.000665102
-0.012603
0.00644252
-0.000657485
-0.0101861
0.00513664
-0.00065272
-0.00772136
0.00384832
-0.000601519
-0.00522677
0.00257375
-0.000590183
-0.00296768
0.00144487
-0.000514944
-0.00109965
0.000512307
0.000801731
-0.0121916
0.00644608
0.000778633
-0.0098079
0.00515607
0.00073621
-0.00737666
0.00386134
0.000666682
-0.00498687
0.00261136
0.000527577
-0.00280009
0.00146325
0.000363534
-0.000950384
0.00049962
0.000257018
-0.000331384
0.000173004
-0.00021321
-0.00037728
0.000242251
6.99667e-05
-0.0147667
0.00771987
-0.000493155
-0.000446528
0.00011618
-1.53354e-05
3.75721e-05
-2.94493e-05
0.000404112
-0.000431113
0.00013849
0.00144941
-0.0135832
0.0072974
0.00144916
-0.0112075
0.00599808
0.00143045
-0.00878788
0.00467668
0.00137227
-0.00633596
0.00335834
0.0011324
-0.00403094
0.00210266
0.000871706
-0.00196834
0.000987666
-0.00131229
-0.013585
0.00687436
-0.00131584
-0.0112033
0.00558882
-0.00131806
-0.00877902
0.00430198
-0.00126166
-0.00633417
0.00305201
-0.00115492
-0.00398321
0.00189465
-0.000930378
-0.00192882
0.000823964
-0.000664392
-0.013793
0.00708417
-0.000665164
-0.0114028
0.00579704
-0.000657391
-0.00895762
0.00448891
-0.000628738
-0.00648927
0.00321225
-0.000600471
-0.00406702
0.001999
-0.000578852
-0.0019507
0.00093322
0.000803515
-0.0133744
0.00708745
0.000796845
-0.0110032
0.00579687
0.000759993
-0.00859592
0.00450347
0.000706109
-0.00616077
0.00321501
0.000600122
-0.00386911
0.00202051
0.000447462
-0.0018204
0.000955386
0.000118397
-0.0007018
0.000314274
0.000580844
-0.00695091
0.00358779
