0.00204071
-0.0132261
0.00788113
-0.000442334
-0.0132282
0.00745265
-7.54005e-05
-4.28149e-05
-4.02263e-05
0.000107019
-3.73183e-06
5.68442e-05
0.000577839
-0.0136521
0.00787885
-0.00190544
-0.0136524
0.00745062
-9.72129e-05
-2.00084e-05
5.89972e-05
3.02394e-05
-1.98877e-05
-2.9038e-05
0.00204578
-0.0111066
0.00661108
0.0020423
-0.00897809
0.00530896
0.00200073
-0.00679227
0.00400509
0.00181325
-0.00470622
0.00273242
0.00150786
-0.00270302
0.00154993
0.000983832
-0.00105469
0.000585991
-0.000443259
-0.0111063
0.0061924
-0.0004652
-0.0089633
0.0049205
-0.000496408
-0.00677697
0.00363434
-0.000487397
-0.00459154
0.0024508
-0.000455025
-0.00259563
0.0013223
-0.000331843
-0.000924622
0.000346485
0.000578157
-0.0115239
0.00661132
0.000579104
-0.00935405
0.00530434
0.000569716
-0.00712872
0.00398195
0.000533845
-0.00489593
0.00265959
0.000387174
-0.0028098
0.00148789
0.00019839
-0.00097173
0.000453847
-0.00191404
-0.0115198
0.00618811
-0.00192512
-0.00934718
0.00491285
-0.00189321
-0.00714555
0.0036468
-0.00179155
-0.00485125
0.00248442
-0.00157871
-0.00279967
0.0013805
-0.00102906
-0.00129139
0.000411119
0.000796375
-0.0132282
0.00766601
0.000568309
-0.000481015
0.000240587
0.00130785
-0.0134399
0.00787919
-0.000246664
-0.000345652
7.80974e-05
-0.00117222
-0.0134408
0.00745185
0.000151848
5.9374e-05
9.05291e-07
-0.000138436
-6.36212e-05
4.51966e-06
0.00012238
-5.75951e-05
2.58595e-06
-0.000659365
-0.0136524
0.00766466
0.000104215
-0.000382147
0.000111213
-0.000578537
-0.000614704
0.000231548
-7.54401e-05
1.36445e-05
1.76513e-05
0.00204211
-0.0121653
0.00725114
0.00204882
-0.0100443
0.00596089
0.00202988
-0.00789409
0.00465526
0.0019359
-0.00570649
0.00336832
0.00167361
-0.00366838
0.00211601
0.00128983
-0.00182178
0.00102518
-0.000441415
-0.0121678
0.0068247
-0.000451007
-0.0100373
0.00555559
-0.000482013
-0.00787183
0.00428097
-0.000502582
-0.00568104
0.00302028
-0.000477146
-0.00357514
0.0018731
-0.00041121
-0.00170013
0.000804486
0.000577906
-0.0125892
0.00725066
0.00057841
-0.0104476
0.0059619
0.000579279
-0.00825144
0.00464493
0.000573275
-0.0059985
0.00333958
0.000452918
-0.00381184
0.00206338
0.000304795
-0.00187308
0.000946023
-0.00190864
-0.0125884
0.00682187
-0.00192045
-0.0104408
0.00554898
-0.0019223
-0.00824466
0.00427639
-0.00185421
-0.00602464
0.00304634
-0.00170226
-0.00380271
0.00191708
-0.00138204
-0.00190547
0.000880161
0.00130903
-0.0113151
0.00661075
0.00130868
-0.00916307
0.00530195
0.00127827
-0.0069662
0.0039915
0.00115194
-0.0048208
0.00270146
0.000937127
-0.00274996
0.00151563
0.000649712
-0.000991744
0.000516215
-0.00117561
-0.0113155
0.00619005
-0.0011835
-0.00916128
0.00491491
-0.00117609
-0.006953
0.00363479
-0.00111181
-0.00474493
0.00246228
-0.000975142
-0.00270557
0.00133862
-0.000673057
-0.00105525
0.000359497
-0.000659564
-0.0115215
0.00639899
-0.000651603
-0.00934924
0.00510393
-0.000646469
-0.0071252
0.0038247
-0.000595962
-0.00484601
0.00256028
-0.000578975
-0.00276893
0.00143854
-0.000502307
-0.00103787
0.000512796
0.000794757
-0.0111075
0.00640264
0.000773716
-0.00897128
0.00512341
0.000732346
-0.00678057
0.00383685
0.000660541
-0.00461367
0.0025968
0.000526652
-0.00260277
0.00145721
0.000363931
-0.000885514
0.000500011
0.000256707
-0.000307213
0.000173531
-0.000212366
-0.00036121
0.000241538
6.86351e-05
-0.0134402
0.00766497
-0.000459646
-0.000417121
0.000116278
-1.54627e-05
3.43088e-05
-2.97566e-05
0.000375069
-0.000406788
0.000144404
0.00130802
-0.0123776
0.00724981
0.00130957
-0.0102466
0.0059613
0.00129704
-0.00807067
0.00464876
0.00124952
-0.00585222
0.00333792
0.00104115
-0.00374058
0.00209074
0.000806489
-0.00183748
0.000986188
-0.0011733
-0.0123802
0.00682367
-0.00117826
-0.0102436
0.00555018
-0.00118497
-0.0080627
0.00427507
-0.00114529
-0.00584728
0.00303347
-0.00105701
-0.00369827
0.00188444
-0.00085829
-0.00179909
0.000822945
-0.000659111
-0.0125891
0.00703498
-0.000659176
-0.0104443
0.00575906
-0.000651036
-0.00824256
0.00446114
-0.000624937
-0.00600394
0.00319154
-0.000591082
-0.00378234
0.00198829
-0.000565389
-0.00182792
0.000931358
0.000796073
-0.0121678
0.00703829
0.000790586
-0.0100423
0.00575896
0.000755882
-0.00788098
0.00447551
0.000701145
-0.00567753
0.00319706
0.000597704
-0.00358879
0.00201029
0.000447681
-0.00169533
0.000952864
9.48089e-05
-0.000663397
0.000318587
0.000490367
-0.00641987
0.00356661
