0.00160286
-0.00927142
0.00768942
-5.7136e-05
-0.0092744
0.00728455
-4.84107e-05
-2.77514e-05
-3.25341e-05
9.02668e-05
-6.40059e-06
5.09853e-05
0.000179982
-0.00967427
0.00768742
-0.00148011
-0.0096741
0.00728188
-8.22108e-05
-1.97809e-05
5.1253e-05
1.22734e-05
-1.09186e-05
-2.06031e-05
0.00160974
-0.00786131
0.00645271
0.00161589
-0.00644993
0.00518004
0.00160161
-0.00497704
0.00389768
0.00146913
-0.0035224
0.00264629
0.00124816
-0.00206678
0.00150547
0.000828544
-0.000822067
0.000569524
-5.71066e-05
-0.0078638
0.00605869
-8.11676e-05
-0.00644116
0.00482272
-0.000133271
-0.00494898
0.00357775
-0.000171264
-0.00344399
0.00241603
-0.000202225
-0.00197303
0.00131943
-0.000172498
-0.000700197
0.000383778
0.000181055
-0.00825539
0.00645419
0.000189806
-0.00680008
0.00518022
0.000201908
-0.00528545
0.00388822
0.00022037
-0.00367593
0.00260839
0.000157437
-0.00215867
0.00146717
6.11434e-05
-0.000776405
0.000475164
-0.00148821
-0.00825266
0.00605354
-0.00150395
-0.00679563
0.00481128
-0.00150129
-0.00528843
0.00357415
-0.00144489
-0.00366582
0.00242828
-0.00128457
-0.00215914
0.00135144
-0.000854968
-0.00103391
0.000410291
0.000769931
-0.00927382
0.00748585
0.000485611
-0.000380173
0.00023585
0.00089046
-0.00947359
0.00768791
-0.00014291
-0.000252253
0.000106119
-0.000768881
-0.00947475
0.00728346
0.000140039
4.94991e-05
7.85413e-06
-0.000103315
-5.04882e-05
-3.51011e-06
9.06014e-05
-4.91542e-05
-2.07801e-06
-0.00064657
-0.00967462
0.00748427
3.53331e-05
-0.000312182
0.000146909
-0.000487762
-0.000510803
0.000215301
-7.4508e-05
8.5512e-06
2.20991e-05
0.00160466
-0.008564
0.00707635
0.00161615
-0.00715695
0.00581791
0.00161424
-0.00572246
0.00453901
0.00154772
-0.0042313
0.00327426
0.00137276
-0.00277696
0.00205313
0.00107628
-0.00140622
0.000998824
-5.58271e-05
-0.00856809
0.00667337
-6.48852e-05
-0.00715401
0.00544008
-0.000103641
-0.00570436
0.00420149
-0.000157932
-0.00419211
0.00297931
-0.00019232
-0.00269921
0.00185404
-0.000198515
-0.00129812
0.000819573
0.000179934
-0.00896475
0.00707661
0.000183827
-0.00753677
0.00582153
0.000197645
-0.00605301
0.00453694
0.000224217
-0.00448822
0.00326305
0.000184492
-0.00289638
0.00202444
0.000117089
-0.00145708
0.000947411
-0.00148302
-0.00896446
0.0066703
-0.00149678
-0.00753091
0.00543124
-0.00150753
-0.00604964
0.00419012
-0.00148475
-0.00450371
0.00298347
-0.00137893
-0.0028982
0.00187602
-0.00112977
-0.00149447
0.000863137
0.00089362
-0.00805798
0.00645278
0.000901305
-0.00662033
0.00517548
0.00089424
-0.0051325
0.00389203
0.000827322
-0.00360835
0.00263012
0.000694274
-0.0021039
0.00148031
0.000491897
-0.000778512
0.000514685
-0.000772996
-0.00806089
0.00605588
-0.000786381
-0.00662374
0.00481536
-0.000804594
-0.00511037
0.00357312
-0.00078959
-0.00357531
0.00241307
-0.000712773
-0.00206998
0.00132089
-0.000512625
-0.000811699
0.000378387
-0.000646458
-0.00825395
0.0062527
-0.000637108
-0.00679727
0.00499029
-0.000629828
-0.00528281
0.00374001
-0.000580571
-0.00365108
0.0025087
-0.000545531
-0.00213331
0.00141216
-0.00046237
-0.000833349
0.000511477
0.000770321
-0.00786413
0.00625648
0.000754391
-0.00644879
0.00500969
0.000716004
-0.00496461
0.00374968
0.000638913
-0.00346144
0.00254151
0.000520526
-0.00198707
0.00143113
0.000362849
-0.000681376
0.000497576
0.000254198
-0.000230884
0.000173315
-0.000208872
-0.000304383
0.000237585
6.14631e-05
-0.00947404
0.00748503
-0.000355447
-0.000322535
0.000117482
-1.55557e-05
2.46295e-05
-3.04459e-05
0.000284246
-0.00032604
0.000158946
0.000891213
-0.00876441
0.00707525
0.00089704
-0.00734711
0.00581949
0.000900048
-0.00588456
0.00453599
0.000881074
-0.00435731
0.00325206
0.00076123
-0.00283154
0.00203606
0.000603673
-0.00142062
0.000969858
-0.000770087
-0.00876878
0.00667224
-0.000778126
-0.00734702
0.00543359
-0.000795562
-0.00587941
0.00419275
-0.000799398
-0.00434473
0.00297732
-0.000761595
-0.00280562
0.00185356
-0.000637581
-0.00138693
0.000820453
-0.000646704
-0.00896496
0.00687191
-0.000644778
-0.00753583
0.00562932
-0.000634814
-0.00604852
0.00436289
-0.000614517
-0.00449314
0.0031175
-0.000564113
-0.00288081
0.00194689
-0.000523953
-0.00143015
0.000920598
0.000770526
-0.00856748
0.00687523
0.000767908
-0.00715777
0.00562935
0.00073874
-0.00571501
0.00437653
0.000682164
-0.00419674
0.00313015
0.000586789
-0.00271849
0.00196977
0.000445471
-0.00130322
0.000939421
2.19751e-05
-0.000535259
0.000327228
0.000219375
-0.00477582
0.00348066
