0.0011769
-0.0053685
0.0074497
0.000308053
-0.00537181
0.00711918
-2.04122e-05
-1.21342e-05
-2.41509e-05
7.21139e-05
-9.03612e-06
4.43186e-05
-0.000207195
-0.00569734
0.00744801
-0.00107619
-0.00569686
0.00711623
-6.6027e-05
-1.91531e-05
4.30461e-05
-6.65161e-06
-9.86498e-07
-1.2056e-05
0.00118455
-0.00463854
0.00624589
0.00119648
-0.00391361
0.00500498
0.00120213
-0.00312882
0.00375106
0.00111819
-0.00230048
0.00252836
0.000975582
-0.00139965
0.0014375
0.000662182
-0.000575053
0.000541148
0.000308947
-0.00464275
0.00592603
0.000284174
-0.00390947
0.00472353
0.000216932
-0.00309157
0.00351764
0.000140606
-0.00225528
0.0023804
5.285e-05
-0.00132142
0.00131629
-8.72133e-06
-0.000464305
0.000422788
-0.000205685
-0.00495907
0.00624826
-0.000191309
-0.00419138
0.0050088
-0.000161548
-0.00336837
0.00375306
-9.55561e-05
-0.00238609
0.00252185
-7.98575e-05
-0.00145172
0.00142241
-8.10784e-05
-0.000554044
0.000486828
-0.00108314
-0.00495777
0.00592058
-0.00109971
-0.0041902
0.00470975
-0.00111751
-0.00336166
0.00350111
-0.00109722
-0.00240753
0.00237424
-0.000982196
-0.00146618
0.0013236
-0.000671647
-0.000748166
0.000411295
0.000739508
-0.00537092
0.00728326
0.00039591
-0.000272067
0.000225595
0.000484278
-0.00553354
0.00744856
-3.53819e-05
-0.000154185
0.000136156
-0.000385522
-0.00553481
0.00711795
0.000126756
3.87364e-05
1.44497e-05
-6.65507e-05
-3.66829e-05
-1.11086e-05
5.68124e-05
-3.94463e-05
-7.36422e-06
-0.000638903
-0.00569768
0.00728161
-3.57388e-05
-0.000229593
0.000179213
-0.000390554
-0.00039226
0.000199834
-7.29635e-05
3.97013e-06
2.64525e-05
0.00117885
-0.0050003
0.00685312
0.00119279
-0.00427669
0.00562722
0.00120226
-0.00352946
0.00437925
0.00115778
-0.00271649
0.00314325
0.00106095
-0.00184888
0.00196203
0.000849746
-0.000967676
0.000954538
0.000309662
-0.0050052
0.00652422
0.000301468
-0.00427667
0.00532423
0.000257972
-0.00351515
0.00411976
0.000177836
-0.00266687
0.00293568
9.22779e-05
-0.0017874
0.00183422
1.80816e-05
-0.000875562
0.000835457
-0.000207321
-0.00532712
0.00685392
-0.000201174
-0.00458379
0.00563271
-0.00017728
-0.00378915
0.00438376
-0.000123299
-0.00290229
0.00314755
-9.0448e-05
-0.00191493
0.00195572
-7.75665e-05
-0.000998551
0.000931244
-0.00107867
-0.00532736
0.00652116
-0.00109207
-0.00457967
0.00531425
-0.00110656
-0.00379025
0.00410362
-0.0011183
-0.00290966
0.00292154
-0.00105069
-0.00193008
0.00183621
-0.000867214
-0.00104389
0.000847856
0.000488603
-0.00479818
0.00624628
0.000501812
-0.00404667
0.00500215
0.000512928
-0.00324588
0.00375151
0.000498591
-0.00234272
0.00252535
0.000441836
-0.00141458
0.00142085
0.00032586
-0.000544405
0.000501353
-0.000389859
-0.00480289
0.00592297
-0.00040621
-0.00405423
0.0047149
-0.000443371
-0.00321802
0.00350882
-0.00046868
-0.00234819
0.00236459
-0.000446226
-0.00139259
0.00130327
-0.000345993
-0.000548799
0.000398864
-0.000638357
-0.00495845
0.00608301
-0.000627038
-0.0041907
0.00485341
-0.000616055
-0.00336727
0.00363447
-0.00056692
-0.00238389
0.00244025
-0.000512215
-0.00144326
0.00137447
-0.000419424
-0.000601937
0.000505804
0.000741105
-0.00464241
0.00608675
0.000728733
-0.00391648
0.00487238
0.00069297
-0.00311621
0.00364184
0.000612788
-0.00226816
0.00246857
0.000509567
-0.00134108
0.00139287
0.000358376
-0.000465256
0.000489592
0.000249286
-0.000149859
0.000170337
-0.000203841
-0.000235298
0.000230845
4.98626e-05
-0.00553407
0.00728262
-0.000246366
-0.000219399
0.00012008
-1.52035e-05
1.51453e-05
-3.07609e-05
0.000188545
-0.000234568
0.000168408
0.000485363
-0.00516351
0.00685227
0.000493901
-0.00443009
0.00562957
0.0005083
-0.00365511
0.00437884
0.000513072
-0.00280487
0.00312846
0.000473264
-0.00187175
0.00195231
0.000391321
-0.000970913
0.00093518
-0.000386753
-0.00516892
0.00652307
-0.000396294
-0.00443247
0.00531703
-0.0004207
-0.00365294
0.00410882
-0.000458639
-0.00278723
0.00292082
-0.000464458
-0.00186233
0.0018225
-0.00041119
-0.000943748
0.000818854
-0.000639231
-0.00532755
0.00668587
-0.000635438
-0.00458476
0.00547601
-0.000622538
-0.00378888
0.00424219
-0.000605361
-0.00290743
0.0030254
-0.000538738
-0.00191383
0.00189133
-0.0004809
-0.000991485
0.000901853
0.000740627
-0.00500424
0.00668911
0.000739881
-0.00427941
0.00547598
0.000714887
-0.00352655
0.0042549
0.000657398
-0.00267802
0.00304358
0.000570664
-0.00181086
0.00191426
0.000439056
-0.000889581
0.000916976
-5.33903e-05
-0.000389092
0.000329144
-5.03992e-05
-0.00306305
0.00336046
