0.000761692
-0.00152145
0.00716237
0.000655865
-0.0015246
0.0069562
8.27879e-06
3.84087e-06
-1.51596e-05
5.27868e-05
-1.1643e-05
3.6933e-05
-0.000584626
-0.00172616
0.00716103
-0.000690867
-0.00172557
0.00695328
-4.88485e-05
-1.81466e-05
3.44498e-05
-2.62517e-05
9.72868e-06
-3.49221e-06
0.000769228
-0.00144583
0.00599119
0.000783645
-0.00138008
0.0047844
0.000802892
-0.00126077
0.00356571
0.000762087
-0.00105242
0.00237904
0.000692549
-0.000710344
0.00134647
0.000486654
-0.000317759
0.00050113
0.000657496
-0.00145084
0.00579426
0.000633045
-0.00137934
0.00462297
0.000555345
-0.00121732
0.00345428
0.000447882
-0.00103776
0.00234387
0.000308795
-0.000649129
0.00131274
0.000157962
-0.000220589
0.000463088
-0.00058292
-0.00164335
0.00599415
-0.000564625
-0.00153973
0.00479091
-0.000520219
-0.00139147
0.00357733
-0.000412425
-0.00103901
0.00240085
-0.000322409
-0.000698387
0.00135409
-0.000226527
-0.000308757
0.000488748
-0.000696078
-0.00164359
0.00578894
-0.000710145
-0.00154272
0.00460805
-0.000741001
-0.00137866
0.00342743
-0.000749123
-0.00108951
0.00232177
-0.000673191
-0.000729886
0.00129663
-0.000480649
-0.000438599
0.000413842
0.00070584
-0.00152367
0.00705824
0.000300354
-0.000158739
0.000209921
8.82895e-05
-0.00162428
0.00716158
7.47554e-05
-5.31034e-05
0.000167836
-1.95017e-05
-0.00162554
0.00695495
0.000112114
2.71461e-05
2.06442e-05
-2.85512e-05
-2.23793e-05
-1.82157e-05
2.14516e-05
-2.86596e-05
-1.32063e-05
-0.000635455
-0.00172649
0.00705666
-0.000108061
-0.000136182
0.000207794
-0.000287928
-0.000261199
0.000185118
-7.07823e-05
-1.14736e-07
3.06434e-05
0.00076358
-0.00148001
0.00658196
0.000777962
-0.00141285
0.00538944
0.000793964
-0.00132732
0.00417658
0.000766989
-0.00117514
0.00297583
0.000740386
-0.00089483
0.00184321
0.000612547
-0.000512586
0.000892683
0.000657683
-0.00148501
0.00637696
0.000650525
-0.00141472
0.00520801
0.000604641
-0.00131641
0.00403587
0.000505172
-0.001118
0.00288964
0.000375654
-0.000850191
0.00181354
0.000236969
-0.000438422
0.000851873
-0.000584791
-0.00168292
0.0065831
-0.000577273
-0.00159886
0.00539619
-0.000545538
-0.00147294
0.00418629
-0.000468377
-0.00125457
0.00299393
-0.000369788
-0.00087896
0.00185792
-0.000276997
-0.000504414
0.000897749
-0.000692761
-0.00168372
0.00637412
-0.00070378
-0.0015973
0.00519777
-0.000717591
-0.00147955
0.00401666
-0.000754781
-0.00125602
0.00286016
-0.000718707
-0.000909638
0.00179724
-0.000596236
-0.000560323
0.00083401
9.30999e-05
-0.00154371
0.00599181
0.000109748
-0.00145341
0.0047827
0.000134729
-0.00131979
0.00357066
0.000167205
-0.00103605
0.00238779
0.000182044
-0.000691033
0.00133778
0.000153406
-0.000293539
0.000476432
-2.36589e-05
-0.00154956
0.0057911
-4.09114e-05
-0.00146419
0.00461343
-9.14642e-05
-0.00128894
0.00344198
-0.000149507
-0.00107621
0.00231653
-0.00017683
-0.000682133
0.00128555
-0.000174554
-0.000270586
0.000420619
-0.000634332
-0.00164348
0.0058901
-0.000620449
-0.00154143
0.00469357
-0.000604324
-0.00139257
0.00350837
-0.000554444
-0.00105749
0.00235524
-0.000478656
-0.000708085
0.00132559
-0.000373576
-0.00034774
0.000495714
0.000707949
-0.00145007
0.00589365
0.000697728
-0.00138551
0.00471178
0.00066414
-0.00124841
0.00351358
0.000582749
-0.00104621
0.00237827
0.000494255
-0.000673387
0.00134263
0.000350685
-0.000240852
0.000476139
0.000242032
-6.57564e-05
0.000164661
-0.000197197
-0.000155609
0.000221359
3.46418e-05
-0.00162481
0.00705776
-0.00013346
-0.000109537
0.000123972
-1.4415e-05
5.87474e-06
-3.06863e-05
8.91146e-05
-0.00013427
0.000172738
8.95063e-05
-0.00158106
0.00658136
9.94491e-05
-0.00150528
0.00539221
0.000121761
-0.00139496
0.00417804
0.000146267
-0.00120841
0.00296781
0.000179314
-0.000872205
0.00184008
0.000171565
-0.000495049
0.000882533
-2.06753e-05
-0.00158688
0.00637587
-3.04336e-05
-0.00150977
0.00520037
-5.8738e-05
-0.00139588
0.00402323
-0.000122867
-0.00118793
0.0028638
-0.000166541
-0.000879264
0.00179104
-0.000180632
-0.000475898
0.000817922
-0.000635803
-0.00168354
0.00647695
-0.000630177
-0.00160146
0.00529936
-0.000613279
-0.00147685
0.00409934
-0.000596885
-0.00126063
0.0029154
-0.000514392
-0.000892893
0.00182179
-0.00043612
-0.000518669
0.000875138
0.000707163
-0.0014839
0.00648001
0.000707399
-0.00141666
0.00529911
0.000685305
-0.00132796
0.00411093
0.000627574
-0.00113431
0.00293773
0.000549945
-0.000876646
0.00184401
0.000428756
-0.000460569
0.000885672
-0.000130345
-0.000227818
0.000324351
-0.000318286
-0.00129538
0.00320664
