0.00830297
-0.0654377
0.00189095
-0.00834783
-0.0654003
-0.000103304
-0.000227298
-0.000104325
-8.22279e-05
0.000137365
5.82395e-05
5.08144e-05
0.00822724
-0.067401
0.00187279
-0.00841469
-0.0674162
-7.422e-05
-0.000123983
1.27666e-05
7.49661e-05
0.000111981
-3.69018e-05
-7.02568e-05
0.00821163
-0.051017
0.00184746
0.00780171
-0.0364978
0.00184606
0.00680411
-0.0225646
0.00191314
0.00513502
-0.0119991
0.00184475
0.00304849
-0.00438315
0.00108011
0.00142908
-0.000645949
0.000500458
-0.00834774
-0.050904
-0.000132019
-0.00811798
-0.0363102
-0.000179423
-0.00715519
-0.0231146
-0.00044118
-0.00543867
-0.0110368
-0.00017606
-0.00353395
-0.00438823
-0.00026603
-0.00168922
-0.000839545
-0.000497091
0.00816863
-0.0529362
0.00178612
0.00775466
-0.0383156
0.00164776
0.00682431
-0.024208
0.00143513
0.00505023
-0.0136013
0.000855834
0.00281524
-0.00522206
0.000563887
0.00126765
-0.000565873
-2.49782e-05
-0.00842251
-0.0528408
-7.10726e-05
-0.0081917
-0.0381708
6.50168e-06
-0.00704497
-0.0247008
0.000139182
-0.00546772
-0.0125443
0.000495748
-0.00395658
-0.00510834
0.000318591
-0.00190524
-0.00139447
7.20675e-05
-1.08247e-05
-0.0654221
0.000905443
0.00064507
-2.94927e-05
0.000224162
0.00824322
-0.0664265
0.00187015
-0.000947571
-0.000187541
-0.000271951
-0.00831071
-0.0664136
-8.38393e-05
0.000145976
0.000164505
-6.4935e-05
-0.00030494
-8.02081e-05
8.06371e-05
0.000249478
-1.76963e-05
5.81464e-05
-6.04812e-05
-0.067395
0.000910268
0.000530793
3.05223e-05
-0.000261914
-0.000832522
-0.000284465
0.00023471
-3.23695e-05
9.54328e-05
-2.8042e-05
0.00828078
-0.0582768
0.00186506
0.00806039
-0.0437352
0.00183984
0.00739095
-0.0294609
0.00184515
0.00640997
-0.0165366
0.00182875
0.00395845
-0.00758898
0.00140783
0.00224017
-0.00210862
0.000741463
-0.00835477
-0.0582021
-0.000112241
-0.00828512
-0.0435892
-0.000160223
-0.00780092
-0.0293744
-0.000228047
-0.00642891
-0.0169823
-0.000474093
-0.00442785
-0.00741665
-0.000205621
-0.00262312
-0.00219402
-0.000350992
0.00822729
-0.0602277
0.00182875
0.00802217
-0.0455896
0.00172238
0.00738972
-0.0311899
0.00152881
0.00615155
-0.0181807
0.00128521
0.00376834
-0.00874736
0.00077643
0.00200128
-0.00260391
0.000260003
-0.00842697
-0.0601826
-8.97119e-05
-0.00832639
-0.0454907
-3.88416e-05
-0.00790574
-0.0310311
5.71965e-05
-0.00622014
-0.0184933
0.000288685
-0.00474772
-0.00850865
0.000384416
-0.00307198
-0.00262216
0.000229581
0.00814515
-0.0519903
0.00182974
0.00778277
-0.0374618
0.00175617
0.00688594
-0.0235502
0.00164655
0.00508058
-0.0130926
0.00140514
0.00298242
-0.00487083
0.000862899
0.00159561
-0.0006026
0.000244471
-0.00825762
-0.0518821
-9.12133e-05
-0.00796114
-0.0372966
-7.79313e-05
-0.00693904
-0.023907
-0.000238891
-0.00530053
-0.0119531
0.000268678
-0.00364672
-0.00485237
4.23582e-05
-0.00178993
-0.00117229
-0.000262761
-9.44566e-05
-0.0528701
0.000869765
-0.000201679
-0.0381917
0.000842554
-0.000300603
-0.0241511
0.000826643
-0.000227219
-0.0128402
0.000544214
-0.000616986
-0.0049195
0.000434286
-0.000561807
-0.000702277
0.000113052
-8.89471e-05
-0.0509328
0.000861915
-0.000229891
-0.0362912
0.000837007
-0.000222118
-0.0226402
0.000909283
1.95954e-05
-0.0111254
0.000691247
-0.000198779
-0.00409165
0.000418062
-7.12047e-05
-0.000416717
0.000106081
3.87512e-05
9.90605e-05
5.00139e-05
-0.000101999
0.000178271
7.9531e-05
-2.33968e-05
-0.0664182
0.000891898
-0.00103601
-0.000196839
-1.53385e-05
9.90541e-06
0.000163747
-5.79058e-06
0.000788513
1.82927e-05
-1.82225e-05
0.00821267
-0.0592657
0.0018548
0.00800862
-0.0446819
0.00179522
0.00737099
-0.030367
0.00171853
0.00636309
-0.0173851
0.00157469
0.0038355
-0.00832706
0.0011851
0.00225042
-0.00238845
0.000529535
-0.00830356
-0.0591869
-9.66088e-05
-0.00812657
-0.0445621
-8.55836e-05
-0.00761572
-0.0303073
-9.05169e-05
-0.00604783
-0.0176647
6.29732e-05
-0.0044981
-0.00807202
9.85325e-05
-0.00276742
-0.00250981
-6.14886e-05
-4.95899e-05
-0.0602056
0.00087953
-0.000167432
-0.0454644
0.000854553
-0.00028072
-0.0309859
0.000822082
-0.000100374
-0.0181707
0.000877421
-0.000531726
-0.00838823
0.000579915
-0.000668755
-0.00232803
0.000243534
-4.7899e-05
-0.0582297
0.000877929
-0.000142176
-0.0436152
0.000849891
-0.000262559
-0.0292676
0.000841035
-8.26881e-05
-0.016677
0.000658826
-0.000201
-0.00714755
0.000567023
-0.000157529
-0.00186689
0.000264143
0.00067027
-0.000105747
3.63414e-05
0.00483695
-0.0204081
0.00133489
