0.000354958
0.00227138
0.00682933
0.000990323
0.00226877
0.0067928
3.72891e-05
1.99486e-05
-5.68594e-06
3.25904e-05
-1.42256e-05
2.89644e-05
-0.000953887
0.00223615
0.0068284
-0.000319377
0.0022367
0.00679016
-3.09253e-05
-1.68073e-05
2.5556e-05
-4.61771e-05
2.0979e-05
4.99173e-06
0.00036169
0.00171271
0.00569106
0.000376127
0.00114072
0.00452102
0.000404195
0.00061289
0.00334402
0.00040263
0.000208103
0.00220044
0.000402108
-9.17777e-06
0.00123423
0.000304458
-5.50513e-05
0.000450507
0.00099253
0.00170757
0.00566125
0.000968967
0.00113905
0.00451969
0.000884029
0.000660437
0.00338711
0.000750559
0.000194237
0.00230568
0.000564089
3.40408e-05
0.00130823
0.000325762
2.67306e-05
0.000504
-0.000952123
0.00168293
0.00569443
-0.000931007
0.00114043
0.00452954
-0.00087391
0.000627082
0.00336394
-0.00072852
0.000348469
0.00224829
-0.000567372
8.83816e-05
0.00126413
-0.000373103
-4.6428e-05
0.000481449
-0.000322381
0.00168095
0.00565637
-0.000331416
0.00113241
0.00450446
-0.00036989
0.000643261
0.00335176
-0.000400854
0.000270669
0.0022694
-0.000359421
3.74067e-05
0.00126968
-0.000283961
-0.00011143
0.000417376
0.000669776
0.00226953
0.00681031
0.000200472
-4.26192e-05
0.000189294
-0.000299406
0.00225346
0.00682889
0.000186113
4.91006e-05
0.000200604
0.000333422
0.0022523
0.00679162
9.62981e-05
1.4845e-05
2.6417e-05
1.01897e-05
-7.78331e-06
-2.4805e-05
-1.49204e-05
-1.70625e-05
-1.9489e-05
-0.000634692
0.00223584
0.00680891
-0.000180547
-3.45967e-05
0.00023255
-0.000181231
-0.000120675
0.000170998
-6.79651e-05
-3.76043e-06
3.4605e-05
0.000356626
0.00199575
0.00626504
0.000369919
0.00142748
0.0051072
0.000388817
0.0008717
0.00393368
0.000376058
0.000377996
0.00277445
0.000413782
7.2693e-05
0.00169876
0.000367672
-4.85945e-05
0.000814732
0.000992263
0.00199115
0.0062291
0.000986134
0.0014245
0.00508971
0.000939356
0.000879559
0.0039488
0.000825167
0.000440378
0.00284069
0.000656868
0.000100169
0.00179137
0.000456311
6.27773e-06
0.000868234
-0.000954054
0.00196198
0.00626641
-0.000945717
0.00140624
0.00511478
-0.000907563
0.00087906
0.0039476
-0.000810184
0.000436626
0.00280508
-0.000650924
0.000195958
0.00173346
-0.000478531
1.56614e-05
0.000848246
-0.000320557
0.00196052
0.00622663
-0.000327633
0.00140441
0.00507983
-0.000337476
0.000865973
0.00392773
-0.000393538
0.000439374
0.00279792
-0.000384091
0.000147912
0.00175802
-0.000319132
-5.28539e-05
0.000820893
-0.000294602
0.00169896
0.00569187
-0.000276011
0.00114738
0.00451998
-0.000240283
0.000629724
0.00335226
-0.00016522
0.000296608
0.00221991
-8.23231e-05
5.51192e-05
0.00123304
-2.31819e-05
-3.13158e-05
0.000440907
0.000329707
0.00169246
0.00565806
0.000312979
0.00113414
0.00450944
0.000253008
0.000661482
0.00337177
0.000167787
0.000224738
0.00226774
9.39727e-05
5.01963e-05
0.00126712
-9.5763e-09
1.7746e-05
0.000443098
-0.000632843
0.00168201
0.00567407
-0.000615839
0.00113607
0.00451135
-0.000593386
0.0006232
0.00336245
-0.000542253
0.000310722
0.00225451
-0.000444302
5.9471e-05
0.00126605
-0.000325023
-7.66079e-05
0.00048133
0.000671858
0.00170861
0.00567732
0.000662644
0.00113383
0.00452855
0.000630726
0.000624735
0.00336563
0.000549557
0.000190068
0.00227151
0.000475293
5.89866e-06
0.00128112
0.00034011
-1.24744e-05
0.000457583
0.000232613
1.95686e-05
0.000156516
-0.00018892
-6.77907e-05
0.000209309
1.69683e-05
0.002253
0.00680997
-1.80432e-05
4.71533e-06
0.000128913
-1.32273e-05
-3.18434e-06
-3.02284e-05
-1.26193e-05
-2.77274e-05
0.000172238
-0.000298197
0.00197943
0.00626471
-0.000287793
0.00141787
0.00511013
-0.000260089
0.000881518
0.00393646
-0.000218746
0.000415531
0.00277278
-0.000118129
0.000153171
0.00170162
-5.29084e-05
-1.69248e-06
0.000813441
0.000332365
0.00197368
0.00622809
0.000323267
0.00141154
0.00508177
0.000293191
0.000877455
0.00393477
0.00020863
0.000437125
0.00280516
0.000131284
0.0001298
0.00175841
5.23431e-05
8.42248e-06
0.000817105
-0.000634923
0.00196116
0.00624496
-0.000627405
0.00140212
0.00509975
-0.000605593
0.000870852
0.00393508
-0.000588201
0.000429047
0.00278814
-0.000490212
0.000166452
0.00173895
-0.000389471
-2.10409e-05
0.000840816
0.000671058
0.00199227
0.00624778
0.000671567
0.00142317
0.00509918
0.000651291
0.000868222
0.00394541
0.000593678
0.000419849
0.00281355
0.000525479
7.15473e-05
0.00175983
0.00041509
-2.3456e-05
0.000846072
-0.000207765
-5.55263e-05
0.000313297
-0.000583664
0.000509535
0.00302145
