0.000220743
0.00352454
0.00670869
0.00109967
0.00352217
0.00673746
4.69606e-05
2.53062e-05
-2.44774e-06
2.57261e-05
-1.50817e-05
2.62075e-05
-0.00107549
0.00355455
0.0067079
-0.0001976
0.00355506
0.00673494
-2.48354e-05
-1.62977e-05
2.25432e-05
-5.28246e-05
2.47979e-05
7.7859e-06
0.0002271
0.00275766
0.0055816
0.000241167
0.0019766
0.00442446
0.000271437
0.00123618
0.00326272
0.000282394
0.000628547
0.00213499
0.00030424
0.000225265
0.00119261
0.000242739
3.28189e-05
0.000431553
0.00110203
0.00275259
0.00561603
0.0010788
0.00197429
0.00448425
0.000991876
0.00128479
0.00336365
0.000850461
0.000605483
0.00229236
0.000648769
0.000262366
0.00130637
0.00038161
0.0001092
0.000517625
-0.00107372
0.0027924
0.00558507
-0.00105179
0.00203736
0.00443354
-0.000990691
0.00130557
0.00328521
-0.000833396
0.000816568
0.00219116
-0.000649016
0.000355446
0.00122985
-0.000421819
4.35901e-05
0.000477139
-0.00019979
0.00278979
0.00561133
-0.000206753
0.00202749
0.00446902
-0.000246966
0.00132245
0.00332572
-0.00028474
0.000729918
0.0022516
-0.000254123
0.000297573
0.0012605
-0.000217526
2.66126e-07
0.000418643
0.000657374
0.00352284
0.00672243
0.000166521
-3.74346e-06
0.000181445
-0.000427216
0.0035393
0.00670836
0.000223242
8.3076e-05
0.000211651
0.000449048
0.00353819
0.0067363
9.08064e-05
1.0614e-05
2.82477e-05
2.31741e-05
-2.89135e-06
-2.68868e-05
-2.71599e-05
-1.30717e-05
-2.16555e-05
-0.000634702
0.00355424
0.00672111
-0.000204548
5.30436e-07
0.000239966
-0.00014503
-7.2362e-05
0.00016638
-6.68884e-05
-4.89295e-06
3.58639e-05
0.000222313
0.00314476
0.00614984
0.000235006
0.00236809
0.00500396
0.00025431
0.00160193
0.0038445
0.000245819
0.000895641
0.00270045
0.000304084
0.000395882
0.00164548
0.000284927
0.000106627
0.000785569
0.00110163
0.00314039
0.00617896
0.00109582
0.00236486
0.0050493
0.00104891
0.00160884
0.00391874
0.000930454
0.0009594
0.00282353
0.000749969
0.000417614
0.00178348
0.000529187
0.000154892
0.000873533
-0.00107565
0.0031761
0.00615127
-0.0010671
0.00241017
0.00501176
-0.00102697
0.00166775
0.00385968
-0.000923255
0.00100636
0.00273507
-0.000744536
0.00055978
0.00168669
-0.000545669
0.000192816
0.000828556
-0.000198518
0.0031744
0.00617663
-0.000204029
0.00240704
0.00503963
-0.000212053
0.00165232
0.00389722
-0.000273451
0.00101023
0.00277662
-0.000272163
0.000505625
0.00174462
-0.000225848
0.000119773
0.00081651
-0.000422484
0.00277626
0.00558246
-0.00040346
0.00201382
0.00442357
-0.0003646
0.00128173
0.00327187
-0.000275965
0.000743701
0.00215788
-0.000170927
0.000306596
0.00119383
-8.25207e-05
5.75523e-05
0.000426978
0.000445511
0.00276962
0.00561283
0.000429147
0.00199989
0.00447377
0.000366598
0.00131347
0.00334736
0.000273139
0.000661756
0.00225101
0.000184292
0.000296984
0.00126066
5.85365e-05
0.000115091
0.000450627
-0.000632578
0.00279121
0.00559694
-0.000614426
0.00203202
0.00444579
-0.000589656
0.00130065
0.00330961
-0.000538065
0.000772596
0.00221766
-0.000432564
0.000319948
0.00124399
-0.000308284
1.63301e-05
0.000475627
0.000659361
0.00275368
0.00560007
0.000650287
0.00196939
0.0044626
0.000618809
0.00124782
0.00331213
0.000537939
0.000602709
0.0022325
0.000468306
0.000233021
0.0012583
0.00033602
6.37434e-05
0.000450363
0.000229036
4.7945e-05
0.000153313
-0.000185803
-3.72295e-05
0.000204773
1.07692e-05
0.00353887
0.00672215
2.07341e-05
4.33204e-05
0.000130732
-1.27529e-05
-6.15995e-06
-2.99946e-05
-4.67691e-05
8.65644e-06
0.000171097
-0.000426028
0.00316105
0.0061496
-0.000415607
0.00239029
0.00500691
-0.00038647
0.0016413
0.00384764
-0.000339933
0.000959777
0.00270084
-0.000217579
0.000498003
0.00165025
-0.000128261
0.000164949
0.000787166
0.000448037
0.00315539
0.00617799
0.000439274
0.00238337
0.00504128
0.00040889
0.0016362
0.00390429
0.000318359
0.000981475
0.00278495
0.000230395
0.000469256
0.00174707
0.000130212
0.000171919
0.00081672
-0.000634871
0.00317521
0.00616244
-0.000626695
0.00240554
0.0050282
-0.000603078
0.00165807
0.00387575
-0.000585076
0.000998168
0.00274206
-0.000482009
0.000524975
0.00170857
-0.00037348
0.000148451
0.000827792
0.000658604
0.00314148
0.00616517
0.000659084
0.0023637
0.00502751
0.000639221
0.00159762
0.00388564
0.00058167
0.000937597
0.00276833
0.000516661
0.000388382
0.00172889
0.000409897
0.000122699
0.000831179
-0.000233465
3.52119e-06
0.000308353
-0.000671463
0.00111597
0.00295335
