-4.64017e-05
0.00601588
0.00645384
0.00131631
0.00601408
0.00662413
6.6214e-05
3.59501e-05
4.11023e-06
1.18835e-05
-1.67869e-05
2.05838e-05
-0.00131694
0.0061873
0.00645338
4.43238e-05
0.00618769
0.0066219
-1.25516e-05
-1.52006e-05
1.64694e-05
-6.60396e-05
3.2469e-05
1.33044e-05
-4.08895e-05
0.00483567
0.00534966
-2.78908e-05
0.00363996
0.0042194
6.13197e-06
0.00247765
0.00309012
4.17266e-05
0.00146659
0.00199621
0.000107724
0.000692725
0.00110386
0.000118494
0.000207835
0.000390979
0.00131891
0.00483083
0.00552322
0.00129629
0.00363653
0.00441111
0.00120563
0.00252819
0.00331474
0.00104884
0.00142541
0.00226445
0.000817144
0.000717544
0.00130186
0.000492731
0.000273186
0.000544637
-0.00131515
0.0050102
0.00535332
-0.00129162
0.00383264
0.00422956
-0.00122259
0.00266601
0.00311762
-0.00104199
0.00175649
0.0020687
-0.000811557
0.000893126
0.00115569
-0.000518516
0.000225783
0.000466006
4.38386e-05
0.00500622
0.00551889
4.13779e-05
0.00381883
0.00439597
-1.68136e-06
0.00268391
0.00327182
-5.24737e-05
0.00165232
0.00221493
-4.29353e-05
0.00082105
0.00124148
-8.38817e-05
0.000225833
0.000421117
0.000632187
0.00601452
0.0065386
9.80517e-05
7.3673e-05
0.000164496
-0.000681308
0.00610148
0.00645377
0.000297167
0.00015045
0.000233759
0.00067853
0.00610049
0.00662304
7.95537e-05
1.99807e-06
3.17732e-05
4.91239e-05
6.88207e-06
-3.08839e-05
-5.16643e-05
-4.97997e-06
-2.60582e-05
-0.000634644
0.00618699
0.00653748
-0.000252049
7.19022e-05
0.000253598
-7.2048e-05
2.55808e-05
0.000157208
-6.45379e-05
-7.05765e-06
3.82768e-05
-4.50494e-05
0.00542932
0.00590612
-3.37683e-05
0.00423911
0.00478494
-1.41392e-05
0.00305566
0.00365505
-1.44465e-05
0.00192736
0.00254327
8.41353e-05
0.00104026
0.00153217
0.000118559
0.000416046
0.000723124
0.0013183
0.00542547
0.00607624
0.00131301
0.00423551
0.00496617
0.00126586
0.00306077
0.00385651
0.00113932
0.00199351
0.00278763
0.000935015
0.00105053
0.00176663
0.000674138
0.000450996
0.000883675
-0.00131708
0.00560173
0.00590765
-0.00130811
0.00441826
0.00479311
-0.00126404
0.00324767
0.00367264
-0.00114793
0.00214974
0.0025857
-0.000930938
0.00129133
0.00158623
-0.000679203
0.000550067
0.000785003
4.39574e-05
0.00559951
0.00607421
4.18164e-05
0.00441231
0.00495696
3.78466e-05
0.0032273
0.00383419
-3.35036e-05
0.00215562
0.00273259
-4.79738e-05
0.00122461
0.0017169
-3.85145e-05
0.000467667
0.000807461
-0.000676776
0.00492436
0.00535062
-0.000657041
0.00374314
0.00421875
-0.000612255
0.00258493
0.00310089
-0.000496974
0.00163829
0.00202581
-0.000348135
0.00081061
0.00110985
-0.000201313
0.000236027
0.000396432
0.00067536
0.0049175
0.00551999
0.00065983
0.00372797
0.00440019
0.000592527
0.00261635
0.00329654
0.000483242
0.00153668
0.00221639
0.000364666
0.000791609
0.00124699
0.000175736
0.000310252
0.000465548
-0.000631923
0.00500841
0.00543502
-0.000611333
0.00382524
0.00430764
-0.000581711
0.00265887
0.00319793
-0.000529239
0.00170021
0.00213939
-0.000408503
0.000844255
0.00119681
-0.000274051
0.000204355
0.000462941
0.000633903
0.00483201
0.0054379
0.000624899
0.00363228
0.00432364
0.00059413
0.00248891
0.00319916
0.000514066
0.00142537
0.00214971
0.000453534
0.000685844
0.0012095
0.000327105
0.000215293
0.00043453
0.000221299
0.000104169
0.00014627
-0.00017905
2.5087e-05
0.000195005
-1.7657e-06
0.00610112
0.00653844
9.84044e-05
0.000120696
0.000134533
-1.17031e-05
-1.20511e-05
-2.94136e-05
-0.00011506
8.20127e-05
0.000167525
-0.000680176
0.00551626
0.00590607
-0.000669819
0.00433017
0.00478786
-0.000638098
0.00315878
0.00365881
-0.000581488
0.00204839
0.00254776
-0.000416297
0.00118856
0.00154064
-0.000279053
0.000499205
0.000730423
0.000677619
0.00551086
0.00607533
0.000669585
0.0043221
0.00495796
0.000638751
0.0031516
0.00384119
0.000536927
0.00207005
0.00274303
0.000428189
0.00114919
0.00172334
0.000285832
0.000499809
0.000815566
-0.000634664
0.00560068
0.00598954
-0.000625113
0.00441257
0.00487771
-0.000597694
0.00323491
0.00375052
-0.000578226
0.00214021
0.00264469
-0.000465138
0.00124579
0.00164395
-0.000340807
0.000490205
0.000799549
0.000633278
0.0054265
0.00599206
0.00063358
0.00423464
0.00487676
0.000614319
0.00304978
0.00375951
0.000556854
0.00196924
0.00267253
0.000498261
0.00102015
0.00166304
0.000398716
0.000413924
0.000799097
-0.000284429
0.00012288
0.000296802
-0.000845948
0.00233125
0.00280857
