-0.000179597
0.00725472
0.00631999
0.00142398
0.00725321
0.00656565
7.57657e-05
4.12191e-05
7.41624e-06
4.93407e-06
-1.76359e-05
1.77315e-05
-0.00143694
0.00750145
0.0063197
0.000164967
0.00750178
0.00656357
-6.38144e-06
-1.46191e-05
1.34168e-05
-7.25776e-05
3.62975e-05
1.6023e-05
-0.000174533
0.00586879
0.00522762
-0.000162149
0.00446687
0.00411137
-0.000126418
0.00309479
0.00299925
-7.85631e-05
0.00188312
0.00192325
9.34688e-06
0.000924918
0.00105705
5.6199e-05
0.000294596
0.000369529
0.00142667
0.0058641
0.00547524
0.00140429
0.00446294
0.00437314
0.00131175
0.00314628
0.00328912
0.00114733
0.00183295
0.00224972
0.00090072
0.000943617
0.00129912
0.000547859
0.000354379
0.000557946
-0.00143513
0.00611774
0.00523137
-0.00141077
0.00472966
0.00412205
-0.00133771
0.00334623
0.00302922
-0.00114557
0.00222671
0.00200382
-0.000892207
0.00116248
0.00111614
-0.000566326
0.000317367
0.0004593
0.00016536
0.00611303
0.0054711
0.000165247
0.00471378
0.00435805
0.000120887
0.00336453
0.00324373
6.36808e-05
0.0021138
0.00219584
6.27936e-05
0.00108318
0.00123153
-1.68575e-05
0.000339088
0.000422253
0.00061946
0.00725353
0.00644256
6.36765e-05
0.000112021
0.000155476
-0.000807798
0.00737805
0.00632004
0.000333848
0.000183708
0.00024476
0.000792811
0.00737712
0.00656459
7.38142e-05
-2.37151e-06
3.34702e-05
6.20472e-05
1.17469e-05
-3.28025e-05
-6.38793e-05
-9.05564e-07
-2.82807e-05
-0.000634411
0.00750113
0.00644155
-0.000275467
0.000107876
0.00025984
-3.53947e-05
7.49024e-05
0.000152627
-6.3268e-05
-8.09863e-06
3.94273e-05
-0.000178359
0.00656523
0.00577798
-0.00016784
0.00516927
0.0046696
-0.000148171
0.00377834
0.00355522
-0.000144439
0.0024403
0.00246052
-2.58848e-05
0.00136046
0.00147249
3.52064e-05
0.000569634
0.000690088
0.00142597
0.00656165
0.00602321
0.00142089
0.00516552
0.00492311
0.00137357
0.0037826
0.00382411
0.00124303
0.00250753
0.00276874
0.00102689
0.00136503
0.00175757
0.000746063
0.00059793
0.000888435
-0.00143707
0.00681276
0.00577957
-0.00142786
0.00542134
0.00467796
-0.00138176
0.00403733
0.00357401
-0.00125947
0.00272165
0.00250681
-0.0010235
0.00165756
0.00153294
-0.000745374
0.000729214
0.000761372
0.000164888
0.00681025
0.00602132
0.000164503
0.00541389
0.00491414
0.000162656
0.00401439
0.00380141
8.64504e-05
0.00272845
0.00270964
6.42019e-05
0.00158443
0.00170242
5.53276e-05
0.000642051
0.000802696
-0.000803374
0.0059948
0.00522862
-0.000783307
0.00460508
0.00411082
-0.000735613
0.00323475
0.00301078
-0.00060711
0.00208446
0.00195617
-0.000436495
0.00106211
0.00106538
-0.000260565
0.000325142
0.000379982
0.000789818
0.00598783
0.00547198
0.0007747
0.00458935
0.00436198
0.00070507
0.00326594
0.00326995
0.000588002
0.00197318
0.00219832
0.000454606
0.00103844
0.00123968
0.00023424
0.000407604
0.000472872
-0.000631369
0.00611562
0.00535024
-0.000609501
0.00472116
0.00423515
-0.000577373
0.00333793
0.00313921
-0.000524511
0.00216428
0.0020981
-0.000396132
0.00110686
0.00117179
-0.000256584
0.000298857
0.000455991
0.000621017
0.00586531
0.005353
0.000611975
0.004459
0.00425071
0.000581476
0.00310587
0.00313981
0.000501874
0.00183426
0.00210607
0.000445817
0.000910736
0.00118364
0.000322321
0.000290293
0.000425979
0.000217164
0.000131878
0.000142466
-0.000175422
5.65855e-05
0.000189803
-7.99252e-06
0.00737772
0.00644247
0.000137182
0.00015926
0.000136478
-1.11342e-05
-1.49692e-05
-2.90698e-05
-0.000149078
0.000118741
0.000165162
-0.000806695
0.00668978
0.00577803
-0.000796387
0.00529696
0.00467251
-0.00076342
0.00391529
0.00355929
-0.000701825
0.00259131
0.00246705
-0.000515352
0.00153306
0.00148278
-0.000354256
0.000666038
0.000700206
0.000791951
0.00668453
0.00602231
0.000784275
0.00528831
0.00491479
0.000753211
0.00390709
0.00380834
0.000645858
0.00261289
0.00272113
0.000526811
0.00148843
0.00171083
0.000363436
0.000663465
0.000814716
-0.000634348
0.00681162
0.00589912
-0.000624075
0.0054151
0.00479882
-0.00059468
0.00402298
0.00368473
-0.000574415
0.00271139
0.0025935
-0.000456386
0.00160658
0.00160982
-0.000324117
0.000661557
0.0007844
0.000620473
0.00656265
0.00590154
0.000620644
0.00516478
0.00479775
0.000601598
0.00377171
0.00369326
0.000544134
0.00248204
0.00262208
0.000488757
0.00133408
0.00162825
0.000392782
0.000558417
0.000781999
-0.000309601
0.000182793
0.000290282
-0.000932593
0.00293847
0.00273227
