-0.000445895
0.00972042
0.00604035
0.00163897
0.00971952
0.00644373
9.46451e-05
5.1609e-05
1.4047e-05
-8.94905e-06
-1.93262e-05
1.19828e-05
-0.00167588
0.0101247
0.00604043
0.000406847
0.0101249
0.00644196
5.95593e-06
-1.34064e-05
7.30042e-06
-8.54429e-05
4.38804e-05
2.13659e-05
-0.000441725
0.00792349
0.00497253
-0.000430525
0.00610987
0.00388557
-0.00039132
0.00431942
0.0028095
-0.000318705
0.00270863
0.00177121
-0.000186974
0.00138424
0.00095938
-6.81661e-05
0.000465705
0.000324761
0.00164177
0.00791908
0.00537508
0.00161966
0.00610496
0.00429368
0.00152301
0.00437294
0.00323514
0.00134299
0.00264049
0.00221831
0.00106636
0.00139085
0.00129243
0.000656885
0.000514393
0.000583966
-0.00167399
0.00832805
0.00497649
-0.00164774
0.00651903
0.00389735
-0.00156629
0.00470233
0.0028445
-0.00135095
0.00316361
0.00186796
-0.00105166
0.00169908
0.00103292
-0.000660451
0.000500032
0.000443937
0.000409015
0.00832178
0.00537125
0.000413583
0.00649883
0.0042786
0.000366384
0.00472147
0.00318465
0.000296035
0.00303313
0.0021556
0.000274118
0.00160523
0.00121042
0.000117134
0.000564999
0.000424136
0.00059387
0.00971958
0.00624205
-5.00034e-06
0.000187538
0.000136558
-0.00106018
0.00992269
0.00604068
0.000406363
0.000249033
0.000266501
0.0010215
0.00992188
0.00644272
6.21642e-05
-1.11932e-05
3.67402e-05
8.7688e-05
2.13923e-05
-3.649e-05
-8.81114e-05
7.23363e-06
-3.27324e-05
-0.000633123
0.0101244
0.00624126
-0.000321439
0.000179718
0.000271255
3.7916e-05
0.000173469
0.000143402
-6.05509e-05
-1.01211e-05
4.16087e-05
-0.000444883
0.00882526
0.00551021
-0.000435877
0.00701831
0.00442853
-0.000416071
0.0052134
0.00334664
-0.000404064
0.00345759
0.00228783
-0.000245444
0.00199447
0.00134805
-0.00013116
0.000873098
0.000621046
0.00164094
0.00882223
0.00591257
0.00163615
0.00701427
0.00483312
0.00158817
0.005216
0.00375615
0.00144928
0.00352692
0.00272869
0.0012092
0.00198777
0.00173785
0.00088845
0.00088823
0.000897113
-0.00167597
0.00922994
0.00551192
-0.00166617
0.00742281
0.00443728
-0.00161574
0.00561211
0.00336788
-0.00148085
0.00386148
0.00234187
-0.00120679
0.00238715
0.00142126
-0.000875968
0.00108617
0.000711028
0.000407359
0.0092268
0.00591095
0.000410505
0.00741217
0.00482456
0.000412812
0.00558389
0.00373259
0.000326544
0.00387012
0.00266128
0.0002885
0.00230108
0.0016718
0.000242842
0.000989482
0.000792425
-0.00105595
0.00812751
0.00497363
-0.00103512
0.00632121
0.00388524
-0.000981438
0.00452746
0.00282255
-0.000826325
0.0029713
0.0018108
-0.000612128
0.00156152
0.00097238
-0.00037828
0.000501914
0.000345176
0.00101881
0.00812034
0.00537172
0.00100436
0.00630437
0.00428196
0.000929811
0.00455821
0.00321395
0.000796951
0.00284078
0.00216015
0.000633703
0.00152868
0.00122388
0.000350689
0.000600705
0.000487067
-0.000629399
0.00832521
0.00517309
-0.000604882
0.00650821
0.00408355
-0.000567664
0.00469161
0.00301635
-0.000514202
0.0030888
0.00201156
-0.000370585
0.00162987
0.00111914
-0.000221028
0.000487372
0.000440972
0.000595103
0.00792034
0.00517559
0.000585915
0.00610163
0.00409823
0.000555801
0.00433021
0.00301567
0.000477131
0.00264445
0.00201469
0.000429887
0.00135553
0.00112928
0.0003122
0.00043795
0.000407766
0.00020843
0.000186162
0.000134389
-0.000167687
0.000119614
0.000178849
-2.00998e-05
0.00992242
0.0062421
0.000214335
0.000235631
0.000140364
-9.92568e-06
-2.07573e-05
-2.8286e-05
-0.000216558
0.000191693
0.000159469
-0.00105912
0.00902851
0.00551047
-0.00104886
0.00722257
0.00443139
-0.00101327
0.00542089
0.00335132
-0.000941546
0.00367084
0.00229852
-0.000712327
0.00221742
0.00136197
-0.00050369
0.000997183
0.000636762
0.00102073
0.00902354
0.00591169
0.00101367
0.00721274
0.00482453
0.000981923
0.00541069
0.00373939
0.000863229
0.00369224
0.00267492
0.000723351
0.00216247
0.00168418
0.000517873
0.000988373
0.000812256
-0.00063289
0.0092286
0.00571024
-0.000621092
0.00741537
0.0046339
-0.000587651
0.00559444
0.0035471
-0.000565809
0.00384974
0.00248642
-0.000438041
0.00232521
0.00153825
-0.000290019
0.00100292
0.000752238
0.000594726
0.00882317
0.00571245
0.000594605
0.00701376
0.0046326
0.000575886
0.00520524
0.0035547
0.000518283
0.0034989
0.00251649
0.000469325
0.00195559
0.00155531
0.000380363
0.000843774
0.000745935
-0.000359108
0.000302087
0.000275987
-0.00110459
0.00414795
0.00257282
