-0.0011169
0.0158294
0.00528143
0.00218203
0.0158298
0.00609677
0.000139908
7.63713e-05
3.04027e-05
-4.29262e-05
-2.34937e-05
-2.31044e-06
-0.00227001
0.016645
0.00528258
0.00102551
0.0166449
0.00609561
3.62508e-05
-1.02377e-05
-7.87143e-06
-0.000115768
6.18783e-05
3.40802e-05
-0.00111445
0.012995
0.00428252
-0.00110413
0.0101434
0.00327702
-0.00105243
0.0073037
0.00230005
-0.000913425
0.00470678
0.00136567
-0.000669344
0.00248635
0.000699932
-0.000372735
0.000871773
0.00020648
0.00218476
0.0129908
0.00508961
0.00216129
0.0101357
0.00406688
0.00204962
0.00736486
0.00307947
0.00182454
0.00459217
0.0021244
0.00146895
0.00246449
0.00126615
0.000919143
0.000894276
0.000643593
-0.00226751
0.0138055
0.0042873
-0.00223432
0.0109333
0.00329237
-0.00212811
0.00802767
0.00234912
-0.0018509
0.00544892
0.00150458
-0.00143429
0.00299997
0.000809408
-0.000883531
0.000940436
0.000397475
0.00103191
0.0137947
0.00508605
0.00104629
0.0109017
0.00405067
0.000986428
0.00805101
0.00301392
0.000877007
0.00527252
0.00203759
0.000797955
0.002871
0.0011475
0.000447626
0.00111239
0.000424829
0.00053001
0.0158294
0.00568973
-0.000173132
0.000365658
8.62708e-05
-0.00169202
0.0162378
0.00528258
0.00058027
0.000402704
0.000317891
0.00160267
0.0162372
0.00609575
3.25616e-05
-3.33316e-05
4.42814e-05
0.000149697
4.46721e-05
-4.49632e-05
-0.000146466
2.69312e-05
-4.35637e-05
-0.0006215
0.0166446
0.00568949
-0.000429694
0.000352559
0.0002945
0.000218333
0.000412446
0.00011928
-5.28625e-05
-1.50534e-05
4.63176e-05
-0.00111632
0.0144153
0.00478465
-0.00110993
0.0115709
0.00377765
-0.00108677
0.00872467
0.00278562
-0.00105031
0.00592757
0.00182583
-0.000786511
0.00352214
0.00101685
-0.000539171
0.00159785
0.000437701
0.0021839
0.0144133
0.00559737
0.00217879
0.0115656
0.00457661
0.00212597
0.00872335
0.00356159
0.00196051
0.00600327
0.00261129
0.00165487
0.00348831
0.00167612
0.00123267
0.00158204
0.000911726
-0.00226999
0.0152301
0.00478684
-0.00225745
0.0123724
0.00378786
-0.00219319
0.00948631
0.00281412
-0.00202294
0.00664822
0.00190034
-0.00164942
0.00416063
0.00112261
-0.00118751
0.00194948
0.000573469
0.00102752
0.0152251
0.00559622
0.00103853
0.0123531
0.00456822
0.00104822
0.00944444
0.00353442
0.0009296
0.00666254
0.0025203
0.000846874
0.0040427
0.00158155
0.000705924
0.0018305
0.000759949
-0.00168772
0.0134026
0.00428394
-0.00166326
0.0105451
0.00327765
-0.00159115
0.00768873
0.00231773
-0.00136539
0.00512769
0.00142283
-0.00103961
0.00276666
0.000724715
-0.00066363
0.000924769
0.000251532
0.00160025
0.0133945
0.00508566
0.00158535
0.0105253
0.00405315
0.00149374
0.00771998
0.00305232
0.00131589
0.00494774
0.00204825
0.00107427
0.00271255
0.00117483
0.000635263
0.00106412
0.000518198
-0.000615887
0.0138003
0.00468638
-0.000584474
0.010916
0.00366837
-0.000534835
0.00801075
0.00268076
-0.000481556
0.00534149
0.00177548
-0.000301082
0.00289712
0.000974984
-0.000129302
0.000942604
0.000397868
0.000530771
0.0129923
0.00468835
0.00052154
0.0101335
0.00368087
0.000491639
0.00731439
0.00267685
0.000414402
0.00460254
0.00176597
0.000388616
0.00242202
0.000981096
0.000284614
0.000786949
0.000357358
0.000184551
0.00031264
0.00011239
-0.000145876
0.000271506
0.000149095
-4.61443e-05
0.0162376
0.00569022
0.000402355
0.000417741
0.000149119
-6.66994e-06
-3.5016e-05
-2.5875e-05
-0.000379431
0.000365791
0.000141502
-0.00169089
0.014824
0.00478547
-0.00167967
0.0119747
0.00378052
-0.00163478
0.00911547
0.00279228
-0.00153456
0.00630132
0.0018476
-0.00119353
0.00387462
0.00104011
-0.000866483
0.00179349
0.000467346
0.00160208
0.0148194
0.00559639
0.00159516
0.0119615
0.00456679
0.0015586
0.0091006
0.00354165
0.00140548
0.00632351
0.00254025
0.00120909
0.00379491
0.00160468
0.000896231
0.00177067
0.00079958
-0.000620895
0.0152281
0.00519064
-0.000604747
0.0123612
0.0041815
-0.00056117
0.00945942
0.00317072
-0.000536796
0.00663279
0.00219423
-0.000385532
0.00407103
0.00134303
-0.000200577
0.0018281
0.000662902
0.000530655
0.0144142
0.00519233
0.000530076
0.0115656
0.0041798
0.000512205
0.00871211
0.00317607
0.000453027
0.00596771
0.00222873
0.000419854
0.00345195
0.00135674
0.000347322
0.00152445
0.000647295
-0.000476149
0.000588351
0.000235323
-0.00152611
0.00710596
0.00214426
