-0.00138961
0.018256
0.00495857
0.0024042
0.0182568
0.00593524
0.000156994
8.56595e-05
3.67146e-05
-5.59654e-05
-2.5128e-05
-7.8561e-06
-0.00250741
0.0192325
0.00496018
0.00128252
0.0192324
0.00593418
4.79312e-05
-8.98328e-06
-1.38171e-05
-0.000126928
6.84808e-05
3.88808e-05
-0.00138746
0.0149981
0.00399114
-0.00137593
0.0117229
0.0030219
-0.00131633
0.00845837
0.00208764
-0.00114778
0.00547148
0.00119802
-0.000856539
0.0029024
0.000593843
-0.000489998
0.0010227
0.000158686
0.00240679
0.0149936
0.00495666
0.00238173
0.0117136
0.00396149
0.00226112
0.00852426
0.00300677
0.00201405
0.00533714
0.00207885
0.00162428
0.00287019
0.00125069
0.00101867
0.00103585
0.000664434
-0.00250444
0.0159672
0.00399643
-0.00246718
0.0126613
0.00303922
-0.00234886
0.00931523
0.00214332
-0.0020442
0.00632523
0.00135511
-0.00157887
0.00349251
0.000717683
-0.000966527
0.00110465
0.000377229
0.0012904
0.0159544
0.00495289
0.00130721
0.0126251
0.0039441
0.00123843
0.00934186
0.0029337
0.00110921
0.00612919
0.00198109
0.00100411
0.0033507
0.00111693
0.000576298
0.00131871
0.000422747
0.000504748
0.0182562
0.0054477
-0.000237697
0.000431244
6.59303e-05
-0.00194672
0.0187451
0.00496011
0.000645918
0.000459354
0.000336645
0.00184211
0.0187446
0.00593413
2.07536e-05
-4.2042e-05
4.70904e-05
0.000173311
5.35184e-05
-4.81213e-05
-0.000168493
3.43088e-05
-4.7631e-05
-0.00061207
0.0192321
0.00544766
-0.000469725
0.000416469
0.00030217
0.000288166
0.000502182
0.000108898
-4.95006e-05
-1.70744e-05
4.78937e-05
-0.00138911
0.0166303
0.00447709
-0.00138285
0.013362
0.00350381
-0.00135609
0.0100923
0.00255119
-0.00130732
0.0068773
0.00163426
-0.00099777
0.00410257
0.000880724
-0.00069682
0.00186958
0.00036306
0.00240603
0.0166283
0.00545047
0.00240034
0.0133558
0.00445734
0.00234377
0.0100894
0.00347108
0.00216398
0.00695659
0.0025555
0.00182837
0.00405845
0.00164503
0.00136435
0.00184261
0.000913768
-0.00250735
0.0176055
0.00447959
-0.002493
0.0143185
0.00351495
-0.00242147
0.0109953
0.00258337
-0.00223465
0.00772125
0.00171775
-0.00181826
0.00483595
0.00100002
-0.0013043
0.00227444
0.000516641
0.0012851
0.0175996
0.00544937
0.00129843
0.0142957
0.00444848
0.0013089
0.0109481
0.00344151
0.00117247
0.00773876
0.00245332
0.00106832
0.00470599
0.00153821
0.000886894
0.00214781
0.000743155
-0.00194202
0.0154853
0.00399273
-0.00191495
0.012199
0.00302321
-0.00183312
0.00891274
0.00210784
-0.00157624
0.00595441
0.00126287
-0.00120386
0.00322242
0.000623499
-0.000772463
0.0010821
0.00021346
0.00183952
0.0154764
0.0049523
0.00182311
0.0121778
0.00394661
0.00172157
0.00894544
0.0029767
0.00152189
0.00575341
0.00199482
0.00124649
0.00316075
0.00115025
0.000745126
0.00123781
0.00052816
-0.000605653
0.015961
0.00447452
-0.000571499
0.0126412
0.00348898
-0.000517331
0.00929589
0.00253668
-0.000465033
0.00620367
0.00167471
-0.000270708
0.00337663
0.000913543
-9.18646e-05
0.00111287
0.000378872
0.00050561
0.0149952
0.00447633
0.000496797
0.0117117
0.00350067
0.000466779
0.00846938
0.00253141
0.000389389
0.00535
0.00166008
0.000372079
0.00282423
0.000918297
0.000273055
0.000916127
0.000335964
0.000174472
0.000358612
0.000103285
-0.00013633
0.000327573
0.000136633
-5.40686e-05
0.0187449
0.00544842
0.000474595
0.000485333
0.000151819
-5.35628e-06
-4.06648e-05
-2.47842e-05
-0.000441232
0.000429989
0.000133709
-0.00194544
0.0171193
0.00447816
-0.00193312
0.0138437
0.00350683
-0.00188263
0.0105546
0.00255899
-0.00176887
0.00731347
0.00166089
-0.00137965
0.00450532
0.000907995
-0.00100524
0.0020927
0.000398327
0.00184155
0.0171146
0.00544937
0.00183384
0.0138289
0.00444676
0.00179343
0.010538
0.00344947
0.00162241
0.00733692
0.0024764
0.00140041
0.00441618
0.00156623
0.00104314
0.00206525
0.000790971
-0.000611375
0.0176031
0.00496367
-0.000593256
0.0143055
0.0039853
-0.000545848
0.0109644
0.00300866
-0.000521545
0.00770451
0.00206896
-0.000361227
0.00473532
0.00125985
-0.000163192
0.00213852
0.000624499
0.000505452
0.0166293
0.00496519
0.000504993
0.013356
0.00398354
0.00048775
0.0100775
0.00301317
0.00042732
0.00691724
0.0021058
0.00040029
0.00401973
0.0012724
0.000333788
0.00177932
0.000605544
-0.00051958
0.000694475
0.000218187
-0.00169092
0.00824762
0.00196543
