-0.00152722
0.0194663
0.00479389
0.00251669
0.0194672
0.00584854
0.000165282
9.01521e-05
3.97966e-05
-6.23248e-05
-2.59356e-05
-1.05686e-05
-0.00262616
0.0205205
0.00479575
0.00141362
0.0205204
0.0058475
5.36417e-05
-8.37089e-06
-1.6751e-05
-0.000132266
7.16202e-05
4.12175e-05
-0.00152509
0.0159941
0.0038432
-0.0015125
0.0125047
0.00289295
-0.00144812
0.00902608
0.00198059
-0.00126398
0.00584518
0.00111393
-0.000948519
0.00310417
0.000541005
-0.000547326
0.0010953
0.000135064
0.00251918
0.0159894
0.00488531
0.00249307
0.0124944
0.00390502
0.00236723
0.00909478
0.00296777
0.0021081
0.00570063
0.00205403
0.00170052
0.00306707
0.0012417
0.00106708
0.00110409
0.000674062
-0.00262291
0.0170398
0.0038488
-0.00258327
0.0135147
0.00291139
-0.00245834
0.00994704
0.00203986
-0.0021392
0.00675279
0.00128049
-0.00164901
0.00373093
0.000672032
-0.00100649
0.0011833
0.000367043
0.00142218
0.0170259
0.00488136
0.00143978
0.0134762
0.00388686
0.00136546
0.00997579
0.00289055
0.0012252
0.00654658
0.00195043
0.00110617
0.00358309
0.00110024
0.000639588
0.00141823
0.000421069
0.000492187
0.0194666
0.00532208
-0.000269202
0.000462629
5.58902e-05
-0.0020747
0.0199943
0.00479564
0.000677752
0.000486519
0.00034553
0.00196376
0.0199938
0.00584736
1.48957e-05
-4.63336e-05
4.84597e-05
0.000184808
5.78217e-05
-4.96647e-05
-0.000179157
3.78513e-05
-4.95825e-05
-0.000606115
0.02052
0.00532212
-0.000488957
0.000446892
0.000305755
0.000322385
0.000545324
0.000103495
-4.77733e-05
-1.81121e-05
4.86163e-05
-0.00152672
0.0177335
0.00432058
-0.00152027
0.0142508
0.0033651
-0.00149105
0.0107671
0.00243292
-0.00143542
0.0073426
0.00153803
-0.00110196
0.00438508
0.000812697
-0.000774069
0.00200088
0.000326012
0.00251849
0.0177315
0.0053716
0.00251241
0.014244
0.0043934
0.00245351
0.0107634
0.00342259
0.00226556
0.007424
0.00252536
0.00191395
0.00433595
0.00162786
0.00142869
0.00196866
0.0009138
-0.00262608
0.0187861
0.00432326
-0.00261065
0.015282
0.00337679
-0.00253504
0.0117384
0.00246714
-0.00233929
0.00824606
0.00162623
-0.0019006
0.00516402
0.000938903
-0.00136074
0.00243114
0.000488371
0.00141648
0.0187798
0.00537049
0.00143072
0.0152574
0.00438415
0.00144096
0.0116885
0.00339156
0.00129429
0.00826545
0.00241711
0.00117844
0.00502829
0.00151468
0.000976128
0.00230105
0.000733755
-0.0020697
0.0165198
0.00384489
-0.002041
0.0130167
0.00289467
-0.00195368
0.00951403
0.00200226
-0.00168044
0.00635824
0.0011828
-0.0012842
0.00344325
0.00057315
-0.000825468
0.00115757
0.000194667
0.00196099
0.0165105
0.0048807
0.00194349
0.0129947
0.00388949
0.00183614
0.0095478
0.00293613
0.00162448
0.00614631
0.00196587
0.00133155
0.00337805
0.00113669
0.000798984
0.00132153
0.000532476
-0.000599292
0.017033
0.00436499
-0.000563794
0.0134931
0.00339665
-0.000507509
0.00992654
0.00246282
-0.000455926
0.00662387
0.00162326
-0.000254935
0.00360869
0.000882244
-7.3063e-05
0.00119459
0.00036909
0.000493186
0.015991
0.00436675
0.000484727
0.0124926
0.00340797
0.000454629
0.00903733
0.00245685
0.000376953
0.00571473
0.00160609
0.000363886
0.0030192
0.000886397
0.000267229
0.000978157
0.000325134
0.000169371
0.000380487
9.87409e-05
-0.000131418
0.000354205
0.000130353
-5.73881e-05
0.0199942
0.00532292
0.000509912
0.000517738
0.000152923
-4.7125e-06
-4.34825e-05
-2.42225e-05
-0.000471257
0.000460585
0.00012985
-0.00207332
0.0182614
0.00432177
-0.00206024
0.0147701
0.00336823
-0.00200644
0.011264
0.00244139
-0.00188532
0.00780889
0.0015672
-0.00147105
0.00481207
0.000842057
-0.00107293
0.00223711
0.000364114
0.00196319
0.0182565
0.00537041
0.00195487
0.0147544
0.00438237
0.00191202
0.0112466
0.00340004
0.0017309
0.00783326
0.00244192
0.00149529
0.00471833
0.00154532
0.00111541
0.00220762
0.000785743
-0.000605394
0.0187836
0.00484609
-0.00058624
0.015268
0.0038841
-0.000537005
0.0117054
0.00292544
-0.00051305
0.00822874
0.0020048
-0.00034828
0.00505792
0.00121744
-0.000144182
0.00228817
0.000604898
0.000492962
0.0177326
0.00484752
0.000492661
0.0142443
0.00388233
0.000475843
0.0107511
0.00292955
0.000414641
0.00738254
0.00204298
0.000390637
0.00429586
0.00122947
0.000327027
0.00190239
0.000584379
-0.000540468
0.000745165
0.000209638
-0.00177243
0.00880699
0.00187528
