-0.00180514
0.0218806
0.00445915
0.00274464
0.0218816
0.00566211
0.00018131
9.88185e-05
4.57861e-05
-7.46821e-05
-2.75282e-05
-1.58492e-05
-0.0028638
0.0230826
0.0044615
0.00168142
0.0230825
0.00566101
6.47677e-05
-7.18894e-06
-2.25281e-05
-0.000142426
7.75431e-05
4.57641e-05
-0.0018028
0.0179747
0.00354408
-0.00178711
0.0140513
0.00263354
-0.00171128
0.010141
0.00176601
-0.0014942
0.00657414
0.00094624
-0.00112887
0.00349446
0.000436552
-0.000659062
0.00123447
8.8804e-05
0.00274691
0.0179691
0.00473191
0.00271818
0.0140389
0.00378386
0.00258019
0.0102163
0.00288402
0.00229464
0.00640845
0.00199993
0.00184995
0.00344813
0.00122094
0.00116101
0.00123524
0.000691574
-0.00285985
0.0191659
0.00355039
-0.00281476
0.0151975
0.00265457
-0.00267541
0.0111838
0.00183302
-0.00232567
0.00758416
0.00113255
-0.0017847
0.00419018
0.00058197
-0.00108317
0.00133285
0.000346893
0.00169118
0.0191498
0.00472742
0.00170937
0.0151544
0.00376371
0.00162163
0.0112178
0.00279763
0.00145679
0.0073569
0.00188389
0.00130797
0.00403117
0.00106383
0.000763773
0.00160907
0.000416308
0.00046717
0.021881
0.00506157
-0.000330461
0.000522441
3.62748e-05
-0.00233205
0.0224827
0.00446134
0.000739299
0.000538439
0.000362203
0.00221115
0.0224822
0.00566075
3.31453e-06
-5.47521e-05
5.11398e-05
0.000207128
6.6171e-05
-5.26978e-05
-0.000199727
4.46066e-05
-5.32935e-05
-0.000591542
0.023082
0.00506176
-0.000525786
0.000504273
0.000312554
0.000389226
0.000627687
9.22091e-05
-4.42455e-05
-2.02598e-05
4.99341e-05
-0.0018046
0.0199312
0.00400325
-0.00179716
0.016014
0.00308539
-0.00176157
0.0120979
0.00219554
-0.00169072
0.00825277
0.00134584
-0.00130713
0.00493367
0.000677658
-0.000925041
0.00225383
0.000253091
0.0027464
0.0199289
0.00520194
0.00273935
0.0160057
0.00425608
0.00267481
0.0120926
0.00331855
0.00246839
0.00833912
0.00246014
0.00208258
0.00487483
0.00158995
0.00155415
0.0022118
0.000911691
-0.00286368
0.0211311
0.00400637
-0.00284568
0.0171872
0.00309839
-0.00276101
0.0131988
0.00223431
-0.00254597
0.00926945
0.00144394
-0.0020608
0.00579872
0.000818013
-0.00146942
0.00273157
0.000432731
0.00168481
0.0211238
0.00520072
0.00170032
0.0171592
0.00424576
0.00170872
0.0131437
0.00328403
0.00153865
0.00929318
0.00233878
0.00139725
0.00565204
0.00146357
0.00115173
0.00259544
0.000712749
-0.00232622
0.0185734
0.003546
-0.00229357
0.0146318
0.0026363
-0.00219385
0.0106931
0.00179104
-0.00188617
0.007145
0.00102356
-0.00144098
0.00386949
0.0004738
-0.000928397
0.00130156
0.000157993
0.00220789
0.018563
0.00472672
0.00218743
0.0146078
0.00376686
0.00206663
0.0107298
0.00284894
0.0018287
0.00691034
0.00190311
0.00149931
0.00379775
0.0011068
0.000904326
0.00148216
0.000539637
-0.000583903
0.0191578
0.00413889
-0.000545798
0.0151728
0.00320704
-0.00048563
0.011161
0.00231181
-0.000435949
0.00743992
0.00151857
-0.00022221
0.00405558
0.000818766
-3.53907e-05
0.00135032
0.000349067
0.00046864
0.017971
0.00414058
0.000461231
0.0140371
0.00321766
0.000430966
0.010153
0.0023044
0.000352254
0.00642503
0.00149636
0.000347715
0.00339609
0.000821895
0.000255543
0.00109686
0.000303359
0.000159105
0.000421942
8.97555e-05
-0.000121364
0.000404274
0.000117781
-6.26705e-05
0.0224826
0.00506268
0.000578777
0.000579525
0.000154555
-3.46918e-06
-4.9109e-05
-2.30798e-05
-0.000529416
0.000518463
0.0001224
-0.00233038
0.020533
0.0040047
-0.00231537
0.0166048
0.00308883
-0.00225381
0.0126604
0.00220558
-0.00211668
0.00877637
0.00138032
-0.00165021
0.00540676
0.000711388
-0.00120463
0.00251458
0.000296923
0.00221055
0.0205276
0.00520055
0.00220053
0.0165872
0.00424403
0.0021517
0.0126415
0.00329392
0.00194789
0.00880321
0.00236739
0.0016833
0.00530401
0.00149981
0.00125737
0.00248154
0.000773259
-0.000590811
0.0211282
0.00460278
-0.000569494
0.017171
0.00367572
-0.000516823
0.0131613
0.00275495
-0.000494267
0.0092511
0.00187375
-0.000320737
0.00568179
0.0011313
-0.000105581
0.00257501
0.0005651
0.000468182
0.0199303
0.00460407
0.000468421
0.0160064
0.00367401
0.000452727
0.0120792
0.00275829
0.000389691
0.00829299
0.00191498
0.000371649
0.00483162
0.00114242
0.000313588
0.00213933
0.000541699
-0.000580507
0.000841246
0.000192816
-0.00193355
0.00990016
0.0016945
