-0.00222904
0.0254847
0.0039466
0.0030938
0.0254855
0.00534697
0.000203921
0.000110994
5.42682e-05
-9.2223e-05
-2.98469e-05
-2.3352e-05
-0.00322024
0.0268832
0.00394971
0.00209746
0.0268833
0.00534554
8.06361e-05
-5.55664e-06
-3.09362e-05
-0.000156326
8.54691e-05
5.22754e-05
-0.00222567
0.0209147
0.00309076
-0.00220263
0.0163266
0.0022443
-0.00210457
0.0117597
0.00144617
-0.00183344
0.00761933
0.000698797
-0.00138951
0.00404536
0.000285097
-0.000818676
0.00142771
2.3018e-05
0.00309569
0.0209072
0.00447265
0.00306173
0.01631
0.00357976
0.00290126
0.0118475
0.00274278
0.00257008
0.00742
0.00190664
0.00206589
0.0039867
0.0011823
0.00129424
0.00141831
0.000713091
-0.00321496
0.0222992
0.00309841
-0.0031599
0.0176533
0.00227005
-0.00299589
0.0129641
0.00152636
-0.00259592
0.00876592
0.000916938
-0.0019761
0.00483089
0.000452137
-0.00118978
0.00153583
0.00031816
0.00210861
0.0222797
0.00446691
0.00212506
0.0176039
0.00355555
0.00201093
0.0130089
0.00264039
0.00180267
0.00850521
0.00176995
0.00160397
0.00465766
0.00100103
0.000943328
0.00187277
0.000405326
0.000429699
0.0254851
0.00464771
-0.000417547
0.000604583
8.5579e-06
-0.0027215
0.0261854
0.00394951
0.000826024
0.000610226
0.000384203
0.00259253
0.0261848
0.00534522
-1.36141e-05
-6.68689e-05
5.50458e-05
0.000238815
7.80177e-05
-5.7164e-05
-0.000228554
5.38343e-05
-5.83123e-05
-0.000562695
0.0268824
0.00464803
-0.000576863
0.000580783
0.000322195
0.000485025
0.000740385
7.39393e-05
-3.88294e-05
-2.37054e-05
5.16087e-05
-0.00222826
0.0232041
0.0035198
-0.00221772
0.0186209
0.00266363
-0.00216865
0.0140443
0.00184086
-0.00207091
0.00956442
0.00106142
-0.00160607
0.00571374
0.000480187
-0.00114185
0.00260823
0.000148339
0.00309553
0.0232008
0.00491495
0.00308656
0.0186097
0.00402445
0.00301112
0.0140363
0.00314333
0.00277141
0.00966013
0.0023489
0.00232864
0.00564105
0.00152344
0.00173376
0.00255331
0.000902604
-0.00322009
0.0245997
0.00352374
-0.00319727
0.0199824
0.00267913
-0.00309663
0.015317
0.00188766
-0.00284904
0.0107321
0.00117566
-0.00228922
0.00669192
0.000642616
-0.00162149
0.00314669
0.000353155
0.00210158
0.0245908
0.00491338
0.00211744
0.0199495
0.00401171
0.00211942
0.0152548
0.00310212
0.00190653
0.010764
0.00220528
0.00172116
0.00653052
0.00137602
0.00140707
0.00300388
0.000675252
-0.00271384
0.0216105
0.00309307
-0.00267341
0.0169982
0.00224912
-0.00255137
0.0123978
0.00147748
-0.00218748
0.00826885
0.00078986
-0.00166571
0.00446749
0.000330344
-0.00107454
0.00149893
0.0001064
0.00258813
0.0215979
0.00446639
0.00256129
0.0169709
0.00356012
0.00241549
0.0124411
0.00270186
0.00213207
0.00799769
0.00179584
0.00174444
0.0043873
0.00105451
0.00105586
0.00170491
0.000546351
-0.000553847
0.0222889
0.00378263
-0.000512105
0.0176241
0.00291108
-0.000447121
0.0129384
0.0020781
-0.00040148
0.00859709
0.00135799
-0.00017025
0.00467882
0.00072211
2.10052e-05
0.00156275
0.000318208
0.000432415
0.0209096
0.00378433
0.000427561
0.0163082
0.00292079
0.000397127
0.0117731
0.0020684
0.000315631
0.0074403
0.00132848
0.000324105
0.00392752
0.000724188
0.000238084
0.00126125
0.000270807
0.000143686
0.000478351
7.67513e-05
-0.000105859
0.000470517
9.91217e-05
-6.71529e-05
0.0261851
0.00464927
0.000677278
0.000664188
0.000155353
-1.76403e-06
-5.7536e-05
-2.1355e-05
-0.000611635
0.000596347
0.000112424
-0.00271922
0.0239041
0.00352165
-0.00270016
0.0193066
0.00266781
-0.00262395
0.014694
0.00185386
-0.0024594
0.0101645
0.00110445
-0.00190917
0.00624826
0.000520996
-0.00139229
0.00290039
0.000200943
0.00259183
0.0238974
0.00491316
0.002578
0.0192859
0.00401053
0.00251735
0.0146729
0.00311505
0.00227295
0.0101967
0.00224053
0.00196029
0.0061325
0.00142165
0.00146321
0.0028635
0.000749018
-0.000562071
0.0245961
0.00421775
-0.000537297
0.0199625
0.00334893
-0.000480131
0.0152727
0.00249006
-0.000461566
0.0107126
0.00167131
-0.000275264
0.00655915
0.000999652
-4.64212e-05
0.00297115
0.000504481
0.000431323
0.0232026
0.00421888
0.000433011
0.0186109
0.00334743
0.00041982
0.0140206
0.00249235
0.000353348
0.00960585
0.00171809
0.00034403
0.00559213
0.00100982
0.000293766
0.00247094
0.000477434
-0.000636081
0.000970935
0.000168912
-0.00217017
0.0114697
0.00142479
