-0.00251612
0.0278727
0.00360012
0.00333072
0.0278731
0.00511145
0.000218015
0.000118556
5.95486e-05
-0.000103208
-3.1335e-05
-2.80441e-05
-0.00345737
0.0293814
0.00360376
0.00238403
0.0293817
0.00510962
9.06242e-05
-4.58282e-06
-3.63522e-05
-0.000164686
9.00843e-05
5.64229e-05
-0.00251156
0.0228517
0.00278783
-0.00248175
0.0178118
0.00198715
-0.00236537
0.0128016
0.00123653
-0.00205511
0.00828317
0.0005385
-0.00155624
0.00438933
0.000189051
-0.000919426
0.00154624
-1.76834e-05
0.00333234
0.0228424
0.00427892
0.00329411
0.0177918
0.00342768
0.00311585
0.0128994
0.00263741
0.0027503
0.00806011
0.00183577
0.00220401
0.00432343
0.00115117
0.00137774
0.00153133
0.000724035
-0.00345101
0.0243444
0.00279656
-0.00338811
0.0192396
0.00201662
-0.00320571
0.0140968
0.00132655
-0.0027694
0.00950695
0.000779331
-0.00209533
0.00522378
0.000370513
-0.00125517
0.00165598
0.000300636
0.00239581
0.0243225
0.00427206
0.00240925
0.0191862
0.00340006
0.00227329
0.0141506
0.00252289
0.00203169
0.00922275
0.00168401
0.00179625
0.00504293
0.000953383
0.00105812
0.0020325
0.000395271
0.00040452
0.027873
0.0043566
-0.000472201
0.000654349
-8.42518e-06
-0.00298307
0.0286287
0.00360355
0.000879983
0.000654105
0.000396708
0.00285311
0.0286279
0.00510934
-2.45384e-05
-7.45406e-05
5.75967e-05
0.000258696
8.54526e-05
-6.01224e-05
-0.000246366
5.93456e-05
-6.12522e-05
-0.000538734
0.0293805
0.00435694
-0.000608151
0.000624982
0.000328519
0.000545656
0.000807759
6.07895e-05
-3.51802e-05
-2.61758e-05
5.25409e-05
-0.00251505
0.0253674
0.00319483
-0.00250132
0.0203315
0.00238345
-0.00244054
0.015307
0.00160771
-0.00232215
0.010402
0.000876524
-0.00179905
0.0062047
0.000353642
-0.00127955
0.00282772
8.27049e-05
0.00333246
0.025363
0.00470034
0.00332195
0.0203177
0.00385164
0.00323767
0.0152971
0.00301281
0.00297207
0.0105053
0.00226507
0.00248763
0.00612327
0.0014722
0.00184749
0.00276542
0.0008923
-0.00345719
0.0268726
0.00319944
-0.00343053
0.0217982
0.00240097
-0.00331772
0.0166759
0.00166067
-0.00304604
0.0116549
0.00100239
-0.00243319
0.00724543
0.000531344
-0.00171538
0.00339821
0.000303774
0.00238857
0.0268627
0.0046984
0.00240358
0.0217622
0.00383674
0.00239876
0.0166093
0.00296616
0.00215214
0.0116934
0.00210493
0.00193364
0.0070755
0.00130997
0.00157135
0.00325267
0.000646001
-0.00297376
0.0236019
0.00279046
-0.00292691
0.0185347
0.0019937
-0.00278748
0.0134888
0.00127287
-0.0023831
0.00897851
0.000639431
-0.0018082
0.00483736
0.000239876
-0.00116621
0.00161764
7.50262e-05
0.00284768
0.0235875
0.00427181
0.00281531
0.0185047
0.00340603
0.00264964
0.0135379
0.00259216
0.00233179
0.00868135
0.001715
0.00190308
0.00475245
0.00101435
0.00115226
0.00184083
0.00054794
-0.000529105
0.0243326
0.00353418
-0.000485172
0.0192073
0.00270673
-0.00041772
0.0140693
0.00191823
-0.000375534
0.00932069
0.00124922
-0.000133825
0.00506088
0.000657247
5.83149e-05
0.0016893
0.000297314
0.000408448
0.0228453
0.00353597
0.000406016
0.0177898
0.00271595
0.000375605
0.0128162
0.00190689
0.00029143
0.0080829
0.00121508
0.000308809
0.00425894
0.00065896
0.000226566
0.00136185
0.000249444
0.000133487
0.000512222
6.85379e-05
-9.53571e-05
0.00050834
8.69695e-05
-6.7933e-05
0.0286283
0.00435849
0.000739551
0.000715123
0.000154657
-7.66793e-07
-6.31478e-05
-2.02248e-05
-0.000662988
0.000642055
0.000106925
-0.00298025
0.0261225
0.00319695
-0.0029577
0.0210702
0.00238829
-0.00286968
0.0160057
0.0016231
-0.00268459
0.0110454
0.000925664
-0.00207491
0.00677393
0.000399537
-0.0015105
0.00313649
0.000141287
0.00285229
0.0261146
0.00469823
0.00283512
0.0210472
0.00383627
0.00276471
0.0159834
0.00298178
0.00248885
0.0110824
0.00214522
0.00214112
0.00664982
0.00136251
0.00159533
0.00309801
0.000728919
-0.000538267
0.0268685
0.00394801
-0.000511075
0.0217756
0.00312215
-0.000451415
0.0166269
0.00230809
-0.000436822
0.0116351
0.00153313
-0.000242251
0.00710246
0.000910892
-6.32836e-06
0.00321107
0.000463853
0.000406731
0.0253653
0.00394907
0.000409846
0.0203193
0.00312089
0.000398946
0.0152795
0.00230973
0.000329792
0.0104448
0.00158428
0.000326164
0.00606988
0.000920707
0.000280824
0.00267609
0.000434845
-0.00067012
0.00104724
0.00015429
-0.00232425
0.0124655
0.00124777
