-0.00266084
0.029061
0.00342595
0.00345012
0.0290612
0.00498574
0.000224768
0.000122174
6.20695e-05
-0.000108483
-3.20588e-05
-3.02926e-05
-0.00357557
0.0306177
0.00342984
0.00252981
0.0306182
0.00498367
9.54351e-05
-4.13401e-06
-3.90005e-05
-0.000168598
9.21896e-05
5.84429e-05
-0.00265554
0.0238125
0.00263669
-0.00262179
0.0185444
0.00185981
-0.00249521
0.0133112
0.00113326
-0.00216451
0.00860523
0.000460168
-0.00163744
0.00455444
0.000142806
-0.000968069
0.00160253
-3.69342e-05
0.0034516
0.0238021
0.00417553
0.00341102
0.0185225
0.00334663
0.00322308
0.0134145
0.00258121
0.00283923
0.00836993
0.00179761
0.00227123
0.00448521
0.00113394
0.00141787
0.00158523
0.000728448
-0.00356862
0.0253523
0.00264601
-0.00350148
0.0200163
0.00189131
-0.00330934
0.014646
0.00122849
-0.00285405
0.00986293
0.000712764
-0.0021524
0.00540971
0.000331473
-0.00128618
0.00171142
0.000292499
0.00254182
0.0253292
0.00416802
0.00255321
0.0199609
0.0033171
0.0024051
0.014705
0.00246021
0.00214557
0.00956666
0.00163796
0.00189075
0.00522561
0.00092778
0.00111397
0.00210744
0.000389399
0.000391794
0.0290612
0.00420658
-0.000498488
0.000677794
-1.63953e-05
-0.00311425
0.0298412
0.00342965
0.000905799
0.000674906
0.000402288
0.00298501
0.0298403
0.00498345
-2.98798e-05
-7.8241e-05
5.88613e-05
0.00026826
8.9032e-05
-6.1604e-05
-0.000254848
6.19062e-05
-6.25934e-05
-0.000525362
0.0306168
0.00420692
-0.000622989
0.000644996
0.000331712
0.000574963
0.00083906
5.39131e-05
-3.33549e-05
-2.74666e-05
5.29571e-05
-0.0026596
0.0264423
0.00303206
-0.00264394
0.0211778
0.00224419
-0.00257649
0.0159275
0.00149264
-0.00244699
0.0108096
0.000785956
-0.00189358
0.00644154
0.00029226
-0.00134629
0.00293255
5.13769e-05
0.00345187
0.0264373
0.00458576
0.00344053
0.0211626
0.00375949
0.0033514
0.0159167
0.00294326
0.00307181
0.0109172
0.00222011
0.0025655
0.00635588
0.00144444
0.0019025
0.00286692
0.000885823
-0.0035754
0.0279954
0.00303703
-0.00354663
0.0226903
0.00226283
-0.00342732
0.0173384
0.00154892
-0.00314291
0.0121
0.000917886
-0.00250264
0.00750924
0.000477753
-0.00176008
0.00351623
0.000280408
0.00253454
0.0279849
0.00458361
0.00254881
0.0226529
0.00374337
0.00253983
0.0172698
0.00289362
0.00227486
0.0121422
0.00205125
0.0020387
0.00733547
0.00127458
0.00165161
0.00336985
0.000630064
-0.00310401
0.0245864
0.00263948
-0.00305358
0.0192898
0.00186733
-0.00290472
0.0140201
0.00117237
-0.00247924
0.00932122
0.000566235
-0.0018772
0.00501358
0.000196492
-0.0012103
0.00167313
6.03963e-05
0.002979
0.024571
0.00416797
0.00294349
0.0192583
0.00332391
0.00276697
0.0140726
0.00253369
0.00243074
0.00901058
0.00167169
0.00198087
0.00492658
0.000992633
0.00119903
0.00190501
0.000547835
-0.000515355
0.0253396
0.00340681
-0.000470407
0.0199825
0.00260261
-0.000401953
0.0146178
0.00183725
-0.000361708
0.00966768
0.00119447
-0.000115128
0.00524165
0.000624807
7.68323e-05
0.00174797
0.000286824
0.000396444
0.0238052
0.00340866
0.000395446
0.0185203
0.00261162
0.000365109
0.0133266
0.00182506
0.000279361
0.00839397
0.00115809
0.000301279
0.0044179
0.000626437
0.000220854
0.00140956
0.000238918
0.000128429
0.000528102
6.45957e-05
-9.00859e-05
0.000525304
8.10131e-05
-6.77129e-05
0.0298407
0.00420864
0.000769643
0.000738948
0.000153918
-3.16917e-07
-6.59513e-05
-1.96716e-05
-0.000687625
0.000663039
0.000104596
-0.00311114
0.0272215
0.00303431
-0.0030866
0.0219397
0.00224942
-0.0029921
0.0166477
0.00150935
-0.00279608
0.0114721
0.000838257
-0.00215566
0.00702603
0.000340807
-0.0015675
0.00324819
0.000112988
0.00298412
0.027213
0.00458347
0.00296505
0.0219154
0.00374334
0.00288922
0.0166247
0.00291077
0.00259636
0.0115118
0.00209423
0.00223025
0.00689784
0.00133077
0.00165979
0.0032092
0.000717647
-0.000525
0.0279911
0.00380935
-0.000496572
0.0226663
0.00300625
-0.000435829
0.017287
0.00221566
-0.000423612
0.0120801
0.00146324
-0.000224981
0.0073613
0.000866354
1.38601e-05
0.00332362
0.000443564
0.000394353
0.0264398
0.00381038
0.000398324
0.0211644
0.00300512
0.000388769
0.015898
0.002217
0.00031818
0.0108533
0.00151676
0.000317368
0.00630007
0.000876078
0.000274434
0.00277401
0.000413716
-0.000686253
0.0010823
0.000147463
-0.00240011
0.0129477
0.00116048
