-0.00295223
0.0314234
0.00307644
0.00369006
0.0314228
0.00471822
0.000237697
0.000129092
6.68663e-05
-0.000118601
-3.34605e-05
-3.45926e-05
-0.00381082
0.0330613
0.00308084
0.00282569
0.0330621
0.00471556
0.00010469
-3.31614e-06
-4.41755e-05
-0.000175905
9.60027e-05
6.23842e-05
-0.00294515
0.0257166
0.00233574
-0.00290246
0.0199887
0.00160829
-0.00275352
0.0143078
0.000930471
-0.00238031
0.00922997
0.000307677
-0.00179551
0.00487139
5.42375e-05
-0.00106192
0.00170945
-7.3054e-05
0.0036913
0.0257038
0.00395547
0.00364564
0.0199627
0.00317437
0.00343691
0.0144229
0.00246164
0.00301445
0.0089695
0.0017158
0.0024019
0.00479604
0.00109607
0.00149492
0.00168808
0.000735128
-0.00380259
0.0273358
0.00234636
-0.00372636
0.0215349
0.00164415
-0.00351378
0.0157095
0.00103668
-0.00301906
0.0105456
0.000584573
-0.00226155
0.00576059
0.000257285
-0.00134493
0.00181309
0.000277644
0.00283797
0.0273105
0.00394654
0.00284419
0.0214761
0.00314064
0.00266947
0.0157798
0.00232692
0.00237176
0.0102247
0.0015397
0.00207629
0.00557118
0.000873012
0.00122253
0.00224749
0.000375963
0.000365924
0.0314234
0.00389784
-0.000549003
0.000721985
-3.12058e-05
-0.00337699
0.0322444
0.00308069
0.000955132
0.000714376
0.000412089
0.00325135
0.0322432
0.00471549
-4.03084e-05
-8.53543e-05
6.13756e-05
0.000286645
9.5922e-05
-6.45836e-05
-0.00027098
6.66435e-05
-6.50119e-05
-0.000495953
0.0330602
0.00389812
-0.000651123
0.000680899
0.000338249
0.000631541
0.00089692
3.95557e-05
-2.97196e-05
-3.01606e-05
5.37e-05
-0.00295056
0.0285766
0.00270666
-0.0029304
0.0228514
0.00196802
-0.00284809
0.0171467
0.00126618
-0.00269484
0.0116029
0.000609172
-0.00207866
0.00689844
0.000173732
-0.0014756
0.00313282
-8.02314e-06
0.00369186
0.02857
0.00434183
0.00367877
0.022833
0.00356351
0.00357917
0.0171337
0.00279544
0.00326968
0.0117196
0.00212396
0.00271779
0.00680455
0.00138453
0.00200878
0.00306118
0.000870174
-0.00381065
0.0302103
0.00271242
-0.00377735
0.0244409
0.0019891
-0.00364427
0.0186283
0.00132952
-0.00333321
0.0129573
0.000753678
-0.00263644
0.00801097
0.000375075
-0.00184508
0.00373692
0.00023659
0.00283076
0.0301988
0.00433917
0.0028429
0.0244009
0.00354464
0.00282421
0.0185559
0.0027393
0.00251973
0.0130074
0.00193683
0.00224622
0.00783035
0.00119907
0.00180824
0.00358991
0.00059556
-0.00336465
0.0265306
0.00233891
-0.00330638
0.0207723
0.00161796
-0.00313732
0.0150541
0.000975599
-0.00266806
0.00998245
0.000424387
-0.00201074
0.00534889
0.000113788
-0.00129503
0.00177659
3.34282e-05
0.00324403
0.0265128
0.00394695
0.00320157
0.0207376
0.00314938
0.00300165
0.015114
0.00240935
0.0026265
0.00964396
0.00157926
0.00213325
0.00525819
0.000945893
0.00128966
0.00202597
0.000545806
-0.000485219
0.0273216
0.00314603
-0.000438414
0.0214981
0.00239073
-0.00036843
0.0156799
0.00167345
-0.000332451
0.0103319
0.00108443
-7.68754e-05
0.00558278
0.000560076
0.000113514
0.00185614
0.000265836
0.000372242
0.0257075
0.00314804
0.000374562
0.0199601
0.00239938
0.000344529
0.0143247
0.0016595
0.000255204
0.00899607
0.00104377
0.000286408
0.00472283
0.000561729
0.000209523
0.00150011
0.000218247
0.000118416
0.00055791
5.70725e-05
-7.95488e-05
0.000555372
6.93833e-05
-6.61845e-05
0.0322437
0.00390025
0.00082774
0.000783411
0.000151638
4.76937e-07
-7.15499e-05
-1.85976e-05
-0.000734865
0.000701359
0.000100867
-0.0033732
0.0293964
0.00270918
-0.00334429
0.0236523
0.00197414
-0.00323567
0.0179031
0.00128575
-0.00301658
0.012298
0.000667991
-0.00231285
0.00750897
0.00022779
-0.00167734
0.00345913
5.97214e-05
0.00325028
0.0293863
0.00433916
0.00322698
0.0236254
0.00354572
0.00313934
0.017879
0.00275989
0.00281015
0.0123439
0.00198549
0.00240574
0.00737279
0.0012629
0.00178544
0.00341965
0.000692629
-0.000495853
0.0302055
0.00352466
-0.000464921
0.0244139
0.00276965
-0.000402345
0.018572
0.00202818
-0.000395626
0.0129374
0.00132211
-0.000189031
0.00785337
0.000777156
5.44228e-05
0.00353404
0.000403158
0.000369282
0.0285732
0.00352565
0.000375246
0.0228354
0.00276886
0.000368794
0.0171127
0.00202895
0.000295198
0.0116488
0.00138075
0.000299975
0.00674358
0.000786864
0.000261791
0.00296096
0.000371905
-0.000716802
0.00114637
0.000134885
-0.00254932
0.0138801
0.000988835
