-0.00324547
0.0337624
0.00272614
0.00393035
0.0337609
0.00442918
0.000249884
0.000135609
7.13348e-05
-0.000128156
-3.47947e-05
-3.86336e-05
-0.0040438
0.0354605
0.00273104
0.00312609
0.0354618
0.00442582
0.000113463
-2.6062e-06
-4.91883e-05
-0.000182557
9.93059e-05
6.6207e-05
-0.00323624
0.0275947
0.00203733
-0.0031833
0.0214041
0.00136167
-0.00300957
0.0152743
0.000733302
-0.00259195
0.00982974
0.000161285
-0.00194789
0.00517162
-2.87654e-05
-0.00115131
0.00180942
-0.000105844
0.00393138
0.0275792
0.00371768
0.00388025
0.0213734
0.0029885
0.00364911
0.0154023
0.0023324
0.00318571
0.0095433
0.00162661
0.00252743
0.00509077
0.00105366
0.00156774
0.00178482
0.000738954
-0.00403418
0.0292729
0.00204936
-0.00394818
0.0230053
0.00140228
-0.00371407
0.0167261
0.00085114
-0.00317824
0.0111897
0.000463372
-0.00236416
0.00608416
0.000188587
-0.00139952
0.00190288
0.000264844
0.00313842
0.0292452
0.00370716
0.00313817
0.0229434
0.00295014
0.00293405
0.0168091
0.0021831
0.00259538
0.0108434
0.00143335
0.00225703
0.00589097
0.000813575
0.00132688
0.00237481
0.000360313
0.000339286
0.0337619
0.00357788
-0.00059686
0.000762883
-4.44359e-05
-0.00363949
0.0346137
0.00273096
0.00100149
0.000751246
0.000420092
0.00351987
0.0346123
0.00442597
-5.039e-05
-9.20693e-05
6.38767e-05
0.000304066
0.000102469
-6.75963e-05
-0.000286041
7.08889e-05
-6.70778e-05
-0.000463226
0.0354593
0.00357806
-0.000677322
0.000711483
0.000345087
0.000685432
0.000948638
2.44094e-05
-2.61244e-05
-3.30009e-05
5.43378e-05
-0.00324328
0.0306863
0.00238221
-0.00321781
0.0244974
0.00169573
-0.00311872
0.018336
0.00104527
-0.00293995
0.0123675
0.000438769
-0.00225846
0.00733394
6.12744e-05
-0.00159944
0.00332135
-6.28395e-05
0.00393223
0.0306779
0.00407818
0.00391731
0.0244754
0.00335191
0.00380639
0.0183208
0.00263594
0.00346478
0.0124942
0.00201943
0.00286523
0.00723214
0.0013188
0.00211009
0.00324449
0.000850931
-0.00404365
0.03238
0.00238883
-0.00400544
0.0261438
0.00171949
-0.00385773
0.0198702
0.00111621
-0.00351863
0.0137707
0.00059638
-0.00276352
0.00847879
0.000278758
-0.00192441
0.00393769
0.000196895
0.00313146
0.0323673
0.00407492
0.00314068
0.0261015
0.00332997
0.00311052
0.0197946
0.00257271
0.00276324
0.0138295
0.00181306
0.00244994
0.00829245
0.00111734
0.00195962
0.00379141
0.000557606
-0.00362477
0.0284385
0.0020409
-0.00355784
0.0222165
0.00137374
-0.00336695
0.0160497
0.000785048
-0.0028521
0.010612
0.000289069
-0.00213842
0.00566213
3.68201e-05
-0.00137529
0.00187051
9.66297e-06
0.00351109
0.0284182
0.00370816
0.0034609
0.0221782
0.00296113
0.00323559
0.0161181
0.00227515
0.00281897
0.0102446
0.00147916
0.00228119
0.00556835
0.000894778
0.00137643
0.00213749
0.000541363
-0.000451811
0.0292569
0.00287755
-0.000403397
0.0229656
0.00217434
-0.000332499
0.0166954
0.00150751
-0.000301233
0.0109569
0.000973909
-3.76534e-05
0.00589736
0.000495724
0.000149633
0.00195248
0.000244925
0.000347554
0.0275836
0.00287977
0.000353775
0.0213704
0.00218271
0.000324295
0.0152929
0.00149172
0.0002309
0.00957244
0.000929212
0.000271692
0.00501138
0.000497631
0.000198301
0.00158469
0.000198147
0.000108553
0.000585378
5.00558e-05
-6.90751e-05
0.000580459
5.81741e-05
-6.34248e-05
0.0346128
0.00358066
0.000883091
0.000823842
0.000148285
1.12224e-06
-7.71305e-05
-1.75756e-05
-0.000779493
0.000735045
9.84607e-05
-0.00363495
0.0315365
0.00238499
-0.00360113
0.0253272
0.00170287
-0.00347706
0.0191196
0.00106801
-0.00323347
0.0130876
0.000504328
-0.00246435
0.00796437
0.000121097
-0.00178175
0.00365414
1.11296e-05
0.0035186
0.0315245
0.0040751
0.00349058
0.0252976
0.00333238
0.00338998
0.0190944
0.00259716
0.00302169
0.0131404
0.00186778
0.00257722
0.0078204
0.00118923
0.00190667
0.00361481
0.000664337
-0.000463453
0.0323746
0.00323053
-0.000429994
0.0261137
0.00252703
-0.000366039
0.0198091
0.00183752
-0.000365744
0.0137511
0.00117948
-0.000151399
0.00831195
0.000688017
9.50952e-05
0.00372544
0.00036312
0.000343573
0.0306818
0.00323152
0.000351892
0.0244785
0.00252662
0.00034909
0.0182973
0.00183775
0.000272382
0.0124159
0.00124365
0.000282718
0.00716563
0.000697913
0.000249277
0.00313681
0.000330801
-0.000745177
0.00120266
0.000123843
-0.00269499
0.0147699
0.000821588
