-0.00339243
0.0349211
0.00255094
0.00405012
0.0349191
0.0042767
0.000255713
0.000138727
7.34471e-05
-0.000132732
-3.5434e-05
-4.05601e-05
-0.00415913
0.0366415
0.00255608
0.00327747
0.036643
0.00427295
0.000117675
-2.29125e-06
-5.16349e-05
-0.000185655
0.000100777
6.8079e-05
-0.00338201
0.0285227
0.00188929
-0.00332351
0.0221004
0.00124039
-0.00313657
0.0157465
0.000636993
-0.00269616
0.0101207
9.05153e-05
-0.002022
0.00531589
-6.8106e-05
-0.00119441
0.00185704
-0.000120962
0.00405107
0.0285058
0.00359222
0.0039971
0.0220673
0.00289051
0.00375425
0.0158813
0.00226418
0.00326968
0.00982101
0.00157929
0.00258824
0.00523251
0.00103078
0.00160261
0.00183111
0.000739814
-0.00414878
0.0302226
0.00190205
-0.00405768
0.0237219
0.00128349
-0.00381249
0.0172169
0.000760849
-0.00325561
0.0114975
0.000405468
-0.00241311
0.00623612
0.000156356
-0.00142534
0.00194355
0.000259252
0.00328974
0.0301937
0.00358085
0.0032858
0.0236586
0.0028497
0.00306607
0.0173067
0.00210732
0.00270604
0.0111385
0.00137722
0.00234556
0.00604158
0.000782161
0.00137749
0.00243391
0.000351686
0.0003256
0.0349204
0.00341387
-0.00061984
0.000782233
-5.04442e-05
-0.00377033
0.0357836
0.00255604
0.00102359
0.000768811
0.000423434
0.00365444
0.035782
0.00427323
-5.53003e-05
-9.52742e-05
6.51241e-05
0.000312431
0.000105622
-6.91183e-05
-0.000293191
7.28383e-05
-6.79802e-05
-0.000445726
0.0366402
0.00341397
-0.00068975
0.000724889
0.000348647
0.000711396
0.000972304
1.6553e-05
-2.43484e-05
-3.44727e-05
5.4623e-05
-0.00338996
0.0317303
0.00222055
-0.00336157
0.0253093
0.00156124
-0.00325345
0.0189194
0.000937079
-0.00306133
0.0127394
0.000356107
-0.0023464
0.00754414
7.42326e-06
-0.0016594
0.00341157
-8.8479e-05
0.00405205
0.031721
0.00393904
0.00403621
0.0252854
0.00324032
0.00391938
0.018903
0.00255185
0.00356102
0.0128715
0.00196402
0.00293705
0.00743848
0.00128377
0.00215889
0.00333236
0.00083998
-0.00415899
0.0334461
0.00222763
-0.00411821
0.0269764
0.00158641
-0.00396293
0.0204729
0.00101197
-0.0036094
0.0141612
0.000520433
-0.00282458
0.0087004
0.000233055
-0.00196205
0.00403093
0.000178641
0.00328295
0.0334329
0.00393547
0.00329045
0.0269331
0.00321674
0.00325397
0.0203958
0.00248488
0.00288422
0.0142246
0.00174776
0.00255026
0.00851163
0.00107421
0.00203334
0.0038855
0.000537378
-0.00375433
0.0293775
0.00189307
-0.0036828
0.0229236
0.00125374
-0.00348048
0.0165332
0.000692247
-0.00294229
0.0109152
0.000223967
-0.00220012
0.0058109
5.52108e-07
-0.00141381
0.00191413
-9.92417e-07
0.00364489
0.0293559
0.00358217
0.00359058
0.0228834
0.00286191
0.00335194
0.0166062
0.00220438
0.00291379
0.010533
0.00142629
0.00235345
0.00571577
0.000867615
0.00141839
0.00218992
0.000538254
-0.000433991
0.0302058
0.00274058
-0.000384869
0.0236808
0.00206458
-0.000313738
0.0171858
0.00142385
-0.000284968
0.011255
0.000918532
-1.77512e-05
0.0060451
0.000463744
0.000167451
0.00199644
0.000234527
0.00033494
0.0285105
0.00274291
0.000343318
0.022064
0.00207283
0.000314223
0.0157659
0.00140711
0.000218641
0.00985144
0.000871924
0.000264351
0.00514994
0.000465856
0.000192721
0.00162498
0.000188326
0.000103681
0.000598347
4.67415e-05
-6.38814e-05
0.000591235
5.27386e-05
-6.16767e-05
0.0357826
0.00341682
0.000909766
0.000842653
0.000146212
1.38772e-06
-7.99105e-05
-1.70866e-05
-0.000800881
0.000750269
9.77715e-05
-0.00376538
0.0325917
0.00222347
-0.00372894
0.0261497
0.00156893
-0.00359671
0.0197131
0.000961492
-0.00334042
0.0134691
0.000425103
-0.00253799
0.00818217
7.02122e-05
-0.001832
0.00374602
-1.1369e-05
0.00365307
0.0325787
0.00393575
0.00362252
0.0261187
0.00321989
0.00351509
0.0196874
0.00251142
0.00312637
0.0135256
0.00180562
0.00266136
0.00803437
0.00115026
0.00196562
0.00370697
0.000648988
-0.00044614
0.0334404
0.00308008
-0.000411419
0.0269448
0.0024036
-0.000346943
0.0204094
0.00174111
-0.000350172
0.0141418
0.00110769
-0.000132038
0.00852912
0.000643536
0.00011542
0.00381433
0.000343278
0.000330395
0.0317252
0.00308107
0.000340017
0.0252888
0.0024034
0.000339242
0.0188782
0.00174107
0.00026097
0.0127893
0.00117476
0.000274084
0.00736908
0.000653594
0.000243042
0.00322093
0.000310545
-0.000758601
0.00122806
0.00011892
-0.00276641
0.015199
0.000739733
