-0.00353942
0.0360715
0.00237579
0.00416935
0.0360689
0.00411901
0.000261373
0.000141756
7.54799e-05
-0.00013718
-3.60535e-05
-4.24267e-05
-0.00427351
0.0378089
0.00238118
0.00342929
0.0378106
0.00411484
0.000121775
-2.00224e-06
-5.40424e-05
-0.00018861
0.000102135
6.99275e-05
-0.00352774
0.0294428
0.00174209
-0.0034634
0.022789
0.00112052
-0.00326279
0.0162114
0.000542253
-0.00279927
0.0104059
2.14041e-05
-0.00209478
0.00545655
-0.000105994
-0.00123649
0.00190325
-0.000135227
0.00417024
0.0294243
0.00346246
0.00411338
0.0227532
0.0027892
0.00385855
0.0163531
0.00219357
0.00335245
0.0100929
0.00153018
0.00264774
0.00537075
0.00100679
0.00163648
0.00187615
0.000739988
-0.00426241
0.0311591
0.00175562
-0.0041661
0.0244258
0.00116618
-0.00390968
0.0176961
0.00067224
-0.00333149
0.0117962
0.000349363
-0.00246054
0.00638181
0.00012554
-0.00145024
0.00198156
0.000254208
0.00344146
0.0311291
0.00345021
0.00343357
0.0243612
0.00274588
0.00319772
0.0177929
0.00202902
0.00281585
0.0114243
0.0013192
0.00243282
0.00618629
0.000749661
0.00142709
0.00249012
0.000342546
0.000311625
0.0360706
0.00324726
-0.000642222
0.000800931
-5.60476e-05
-0.0039007
0.0369426
0.00238118
0.00104501
0.000785857
0.00042635
0.00378892
0.0369409
0.00411528
-6.0125e-05
-9.83769e-05
6.63699e-05
0.000320575
0.0001087
-7.06516e-05
-0.000300102
7.46796e-05
-6.87977e-05
-0.000427538
0.0378075
0.00324729
-0.000701762
0.000737112
0.000352313
0.000736727
0.000994587
8.5178e-06
-2.25899e-05
-3.59766e-05
5.48888e-05
-0.00353665
0.0327663
0.00205938
-0.00350517
0.0261133
0.0014279
-0.00338765
0.0194952
0.00083044
-0.00318185
0.0131045
0.00027518
-0.00243305
0.0077496
-4.48201e-05
-0.00171809
0.00349931
-0.000112935
0.00417134
0.0327559
0.00379513
0.00415457
0.0260873
0.00312493
0.00403171
0.0194775
0.00246491
0.00365625
0.0132421
0.00190654
0.00300755
0.00764013
0.00124733
0.00220648
0.00341791
0.00082816
-0.00427338
0.0344988
0.00206692
-0.00422997
0.027796
0.00145454
-0.004067
0.0210634
0.000909381
-0.00369882
0.0145411
0.000446307
-0.00288403
0.00891414
0.000188991
-0.00199841
0.00411966
0.000161452
0.00343489
0.0344851
0.00379123
0.00344049
0.0277519
0.00309965
0.00339735
0.020985
0.0023941
0.00300455
0.0146093
0.00168024
0.0026495
0.00872321
0.00102964
0.00210575
0.00397539
0.000516349
-0.00388337
0.030306
0.00174609
-0.0038071
0.0236205
0.0011352
-0.00359305
0.0170072
0.000601134
-0.00303122
0.011211
0.000160593
-0.00226045
0.00595472
-3.42318e-05
-0.00145131
0.00195568
-1.0831e-05
0.00377857
0.030283
0.00345188
0.00372
0.0235784
0.00275937
0.00346769
0.017085
0.0021312
0.00300758
0.0108139
0.0013716
0.00242454
0.00585836
0.000839413
0.00145943
0.00224028
0.000534571
-0.000415497
0.0311415
0.00260186
-0.000365732
0.0243833
0.00195383
-0.00029451
0.0176646
0.00133976
-0.000268312
0.011544
0.000863106
2.3036e-06
0.00618678
0.000431918
0.000185093
0.00203773
0.00022418
0.000322095
0.0294294
0.00260432
0.00033276
0.0227497
0.00196198
0.000304129
0.0162317
0.00132205
0.000206283
0.0101246
0.000814657
0.000256994
0.00528496
0.000434279
0.000187153
0.00166407
0.000178662
9.8846e-05
0.000610872
4.35558e-05
-5.87255e-05
0.000600903
4.74193e-05
-5.97377e-05
0.0369415
0.00325041
0.000935795
0.000860596
0.000143881
1.61501e-06
-8.26814e-05
-1.66133e-05
-0.000821684
0.000764492
9.74275e-05
-0.00389533
0.0336362
0.00206242
-0.00385616
0.0269618
0.00143618
-0.00371553
0.0202967
0.000856588
-0.00344629
0.013842
0.000347645
-0.00261025
0.00839368
2.09825e-05
-0.001881
0.00383438
-3.26683e-05
0.00378743
0.0336222
0.00379163
0.00375428
0.0269293
0.0031036
0.00363981
0.0202705
0.00242281
0.0032302
0.0139024
0.0017413
0.00274437
0.0082421
0.00110992
0.00202347
0.00379573
0.000632861
-0.000428152
0.0344929
0.00292748
-0.000392177
0.0277629
0.00227882
-0.000327289
0.0209976
0.00164403
-0.000334228
0.0145221
0.00103565
-0.000112365
0.00873854
0.000599142
0.000135708
0.00389892
0.000323572
0.000316955
0.0327605
0.00292848
0.00032796
0.0260911
0.00227883
0.00032934
0.0194513
0.00164374
0.000249516
0.013156
0.00110569
0.000265414
0.0075678
0.000609404
0.000236806
0.00330271
0.000290494
-0.000771547
0.00125175
0.000114398
-0.00283684
0.0156178
0.000659092
