-0.00383278
0.0383435
0.00202589
0.00440524
0.0383397
0.0037885
0.000272217
0.000147569
7.93146e-05
-0.000145716
-3.72298e-05
-4.59907e-05
-0.00449881
0.0400994
0.00203173
0.00373325
0.0401017
0.00378344
0.000129658
-1.49817e-06
-5.87442e-05
-0.000194131
0.000104538
7.35621e-05
-0.00381837
0.0312567
0.00145036
-0.00374172
0.0241417
0.000885055
-0.00351255
0.0171196
0.000357531
-0.00300212
0.0109601
-0.000111816
-0.00223649
0.00572792
-0.000177454
-0.0013178
0.0019919
-0.000161244
0.00440604
0.0312349
0.00319042
0.00434334
0.0241005
0.00257694
0.00406402
0.0172756
0.00204539
0.00351409
0.0106201
0.00142676
0.00276278
0.00563757
0.000955635
0.00170136
0.00196286
0.000738346
-0.00448618
0.0329905
0.00146547
-0.00437921
0.0257951
0.00093599
-0.00410003
0.0186204
0.000500031
-0.00347871
0.0123671
0.000242446
-0.00255105
0.00665554
6.80825e-05
-0.00149746
0.0020502
0.000245751
0.00374508
0.0329584
0.00317637
0.0037286
0.0257282
0.00252841
0.00345924
0.018732
0.00186516
0.00303257
0.0119694
0.00119776
0.00260353
0.00645903
0.00068157
0.0015233
0.00259447
0.000322816
0.000282688
0.0383422
0.00290664
-0.000685314
0.000836633
-6.60596e-05
-0.00415941
0.0392241
0.00203185
0.0010859
0.000818591
0.000430955
0.0040566
0.039222
0.00378423
-6.95246e-05
-0.000104278
6.88571e-05
0.00033624
0.000114645
-7.37532e-05
-0.000313252
7.80655e-05
-7.0187e-05
-0.000389321
0.0400979
0.00290647
-0.000724643
0.000758288
0.000359985
0.000785575
0.0010353
-8.05038e-06
-1.91326e-05
-3.90702e-05
5.53707e-05
-0.00382936
0.0348107
0.00173859
-0.00379128
0.0276959
0.0011648
-0.00365402
0.0206237
0.000621871
-0.00342004
0.0138154
0.000118546
-0.00260257
0.00814727
-0.000144506
-0.00183189
0.0036681
-0.000158343
0.00440737
0.034798
0.00349342
0.00438879
0.0276657
0.0028831
0.00425363
0.0206034
0.00228271
0.00384317
0.0139644
0.0017855
0.00314447
0.00803035
0.00117035
0.00229807
0.00358269
0.000802001
-0.00449872
0.0365614
0.00174711
-0.00444992
0.029395
0.00119447
-0.00427131
0.022208
0.000709131
-0.00387339
0.0152703
0.000303456
-0.0029982
0.00931917
0.000105695
-0.00206749
0.00428446
0.000130222
0.00373904
0.0365467
0.00348882
0.00374041
0.0293492
0.00285429
0.00368309
0.0221273
0.00220399
0.00324278
0.0153485
0.00153885
0.00284455
0.00912472
0.000936346
0.00224669
0.00414333
0.000472016
-0.00413928
0.0321289
0.00145481
-0.00405314
0.0249831
0.000902527
-0.00381494
0.0179276
0.000423962
-0.00320525
0.0117813
3.89908e-05
-0.00237713
0.00622848
-9.94099e-05
-0.00152342
0.00203312
-2.81058e-05
0.00404461
0.032103
0.00317879
0.00397722
0.0249368
0.00254463
0.00369678
0.0180154
0.00197784
0.00319175
0.0113539
0.00125699
0.00256319
0.00612998
0.000780018
0.00153878
0.00233525
0.000525545
-0.000376715
0.0329712
0.00231945
-0.000325865
0.02575
0.00172957
-0.000254866
0.0185884
0.00117047
-0.000233986
0.0120953
0.00075217
4.27402e-05
0.00645301
0.00036877
0.000219814
0.00211293
0.000203666
0.000295575
0.0312408
0.00232218
0.000311172
0.0240965
0.00173753
0.00028372
0.0171418
0.00115076
0.000181177
0.0106545
0.000700254
0.000242154
0.0055453
0.000371742
0.000176023
0.00173912
0.000159802
8.92835e-05
0.000634798
3.75609e-05
-4.85508e-05
0.000617179
3.7132e-05
-5.54588e-05
0.0392227
0.00291015
0.000985996
0.000894116
0.000138478
1.95685e-06
-8.81878e-05
-1.57151e-05
-0.000861656
0.000790207
9.77616e-05
-0.00415316
0.0356901
0.00174189
-0.0041083
0.028553
0.00117432
-0.00395026
0.021434
0.000651629
-0.00365453
0.0145627
0.000198013
-0.0027507
0.00879887
-7.25594e-05
-0.00197541
0.00400133
-7.17316e-05
0.00405488
0.0356738
0.00348948
0.00401633
0.0285177
0.00285996
0.00388736
0.0214068
0.00223726
0.00343482
0.0146313
0.00160644
0.00290683
0.00863984
0.00102525
0.00213588
0.00396379
0.000598366
-0.000390373
0.0365549
0.00261608
-0.000351929
0.0293587
0.00202544
-0.000286538
0.0221375
0.00144802
-0.000301376
0.0152521
0.000890896
-7.22471e-05
0.00913531
0.000510679
0.000176091
0.00405608
0.000284596
0.000289156
0.0348034
0.0026171
0.00030314
0.0276702
0.0020259
0.000309198
0.0205745
0.00144722
0.000226363
0.0138702
0.000967063
0.000247862
0.00795204
0.00052145
0.000224269
0.00345999
0.000251019
-0.00079611
0.00129443
0.000106543
-0.00297459
0.0164253
0.000501459
