-0.00397877
0.0394632
0.00185119
0.0045214
0.0394587
0.00361599
0.000277417
0.000150364
8.11216e-05
-0.000149817
-3.77851e-05
-4.76941e-05
-0.00460942
0.0412208
0.00185725
0.00388482
0.0412233
0.00361045
0.000133451
-1.28063e-06
-6.10408e-05
-0.000196716
0.000105597
7.53521e-05
-0.00396292
0.0321492
0.00130584
-0.00387985
0.0248054
0.00076944
-0.00363592
0.0175632
0.000267528
-0.00310182
0.0112296
-0.000175951
-0.00230551
0.00585911
-0.000211079
-0.00135713
0.0020346
-0.000173035
0.00452218
0.0321257
0.00304839
0.00445657
0.0247615
0.00246616
0.00416486
0.0177265
0.00196791
0.00359281
0.010876
0.00137255
0.00281832
0.00576661
0.000928523
0.00173242
0.00200476
0.000736574
-0.00459601
0.0338844
0.00132176
-0.00448366
0.0264603
0.000823074
-0.00419304
0.019066
0.000416366
-0.00355005
0.01264
0.000191536
-0.00259424
0.00678418
4.13717e-05
-0.00151987
0.00208115
0.000242319
0.00389643
0.0338512
0.00303342
0.00387536
0.0263923
0.00241497
0.00358878
0.0191852
0.00177976
0.00313932
0.0122295
0.00113451
0.00268696
0.00658764
0.00064608
0.00156998
0.00264292
0.000312276
0.000267669
0.0394616
0.00273281
-0.000706092
0.000853773
-7.04864e-05
-0.0042874
0.0403447
0.00185743
0.00110542
0.00083438
0.000432676
0.00418929
0.0403424
0.00361143
-7.41046e-05
-0.000107078
7.0098e-05
0.00034378
0.000117521
-7.5321e-05
-0.000319518
7.96252e-05
-7.07646e-05
-0.000369414
0.0412192
0.00273253
-0.000735566
0.000767397
0.000363995
0.000809141
0.0010539
-1.65603e-05
-1.74368e-05
-4.0654e-05
5.55913e-05
-0.00397501
0.0358176
0.00157901
-0.00393346
0.0284737
0.00103503
-0.00378594
0.0211763
0.000519913
-0.00353758
0.0141615
4.28029e-05
-0.0026855
0.00834001
-0.000191995
-0.00188712
0.00374953
-0.000179344
0.00452361
0.0358037
0.00333589
0.00450417
0.0284413
0.00275687
0.0043628
0.0211548
0.0021876
0.00393461
0.0143164
0.00172202
0.00321083
0.00821943
0.00112988
0.00234212
0.00366226
0.000787713
-0.00460936
0.0375698
0.00158803
-0.00455783
0.0301738
0.00106625
-0.00437133
0.0227621
0.000611407
-0.00395845
0.0156201
0.000234653
-0.00305299
0.00951116
6.63806e-05
-0.00210033
0.00436102
0.00011613
0.00389069
0.0375546
0.00333093
0.00388977
0.0301274
0.00272625
0.003825
0.0226804
0.00210485
0.00336045
0.0157035
0.00146514
0.00294028
0.00931532
0.000887761
0.00231526
0.00422185
0.00044879
-0.00426583
0.0330223
0.00131052
-0.00417462
0.0256483
0.000788361
-0.00392409
0.0183742
0.000337854
-0.00329031
0.0120563
-1.92957e-05
-0.00243357
0.00635898
-0.000129868
-0.00155812
0.0020693
-3.55839e-05
0.00417646
0.0329948
0.00303624
0.00410456
0.0255999
0.00243262
0.00380978
0.0184672
0.00189779
0.00328199
0.0116136
0.0011972
0.00263072
0.00625952
0.000748903
0.00157714
0.00238014
0.000520244
-0.000356551
0.0338643
0.00217589
-0.000305258
0.026414
0.00161613
-0.000234556
0.0190337
0.00108531
-0.000216396
0.0123583
0.000696681
6.30552e-05
0.00657819
0.000337462
0.000236879
0.00214715
0.000193511
0.000281829
0.032132
0.00217875
0.000300052
0.0247571
0.00162402
0.000273323
0.0175863
0.00106459
0.000168387
0.0109118
0.000643139
0.000234627
0.00567109
0.000340786
0.000170444
0.0017753
0.0001506
8.45503e-05
0.000646306
3.47436e-05
-4.35419e-05
0.000623935
3.21624e-05
-5.32066e-05
0.0403432
0.0027365
0.00101021
0.000909822
0.000135425
2.07319e-06
-9.09187e-05
-1.52904e-05
-0.000880887
0.000801851
9.84249e-05
-0.00428071
0.0366979
0.00158244
-0.00423291
0.0293316
0.0010452
-0.00406593
0.0219879
0.000551533
-0.00375678
0.014911
0.000125783
-0.00281895
0.00899314
-0.000116934
-0.00202094
0.00408037
-8.95528e-05
0.00418745
0.0366805
0.00333174
0.00414613
0.0292947
0.00273283
0.00400977
0.0219601
0.00214048
0.0035354
0.0149838
0.00153604
0.0029862
0.00883045
0.000981033
0.00219047
0.0040435
0.000580056
-0.000370701
0.0375631
0.00245744
-0.00033105
0.0301359
0.00189694
-0.00026556
0.0226894
0.00134916
-0.000284547
0.0156025
0.000818243
-5.18883e-05
0.00932336
0.00046663
0.000196145
0.00412912
0.000265337
0.000274735
0.0358096
0.00245849
0.0002903
0.0284463
0.00189763
0.000298868
0.0211244
0.0013481
0.000214601
0.0142182
0.000897528
0.000238926
0.00813809
0.000477698
0.000217939
0.00353585
0.000231591
-0.000807782
0.00131365
0.000103194
-0.00304182
0.0168144
0.000424437
