-0.00412405
0.0405706
0.00167669
0.00463603
0.0405655
0.00343887
0.00028248
0.00015309
8.2859e-05
-0.000153817
-3.83174e-05
-4.93497e-05
-0.00471847
0.0423251
0.00168295
0.00403574
0.0423279
0.00343285
0.000137152
-1.08407e-06
-6.3303e-05
-0.000199195
0.000106572
7.71264e-05
-0.00410672
0.0330313
0.00116219
-0.00401707
0.0254605
0.000655195
-0.00375817
0.0179999
0.000179057
-0.00320036
0.0114943
-0.000238477
-0.00237338
0.00598763
-0.000243356
-0.00139564
0.0020764
-0.000184051
0.00463683
0.033006
0.00290254
0.00456833
0.0254136
0.00235242
0.00426421
0.0181705
0.00188827
0.00367004
0.0111272
0.00131676
0.00287254
0.00589302
0.000900441
0.00176261
0.00204583
0.000734201
-0.00470428
0.0347631
0.00117892
-0.00458652
0.0271124
0.00071155
-0.00428449
0.0195008
0.000334257
-0.00361985
0.0129049
0.000142232
-0.00263613
0.00690782
1.59401e-05
-0.00154157
0.0021101
0.000239396
0.00404708
0.034729
0.00288664
0.00402128
0.0270435
0.00229856
0.00371728
0.0196278
0.00169218
0.0032449
0.0124817
0.00106969
0.00276911
0.00671152
0.000609702
0.00161574
0.00268913
0.000301324
0.000252247
0.0405688
0.00255676
-0.000726407
0.000870534
-7.45444e-05
-0.00441426
0.0414506
0.00168321
0.00112438
0.000849854
0.000434035
0.00432086
0.0414482
0.00343403
-7.8609e-05
-0.000109781
7.13366e-05
0.00035114
0.00012034
-7.68992e-05
-0.000325597
8.1107e-05
-7.12687e-05
-0.000349059
0.0423235
0.00255636
-0.000746181
0.000775635
0.000368122
0.000832172
0.00107145
-2.52033e-05
-1.57645e-05
-4.22578e-05
5.58009e-05
-0.00411992
0.0368131
0.00141999
-0.00407483
0.029242
0.000906412
-0.00391685
0.0217211
0.000419458
-0.00365398
0.0145018
-3.12763e-05
-0.00276723
0.00852904
-0.00023797
-0.0019413
0.00382924
-0.00019926
0.00463833
0.0367981
0.00317413
0.00461806
0.0292073
0.00262726
0.00447051
0.0216982
0.00208993
0.00402455
0.0146626
0.00165665
0.00327574
0.00840483
0.00108817
0.00238503
0.00374018
0.000772662
-0.00471843
0.0385621
0.00142951
-0.00466416
0.0309384
0.000939204
-0.0044698
0.0233043
0.000515212
-0.00404196
0.0159606
0.00016752
-0.00310631
0.00969663
2.8543e-05
-0.00213213
0.00443405
0.000103004
0.00404167
0.0385465
0.00316881
0.00403835
0.0308914
0.00259481
0.00396597
0.0232218
0.00200313
0.00347699
0.0160492
0.00138955
0.00303476
0.00949964
0.00083798
0.0023826
0.00429708
0.000424914
-0.00439121
0.0339028
0.00116711
-0.00429487
0.0263027
0.00067559
-0.00403193
0.018812
0.000253335
-0.00337405
0.0123249
-7.59713e-05
-0.00248881
0.00648561
-0.000158969
-0.00159199
0.002104
-4.2328e-05
0.00430719
0.0338739
0.00288988
0.00423073
0.0262521
0.00231766
0.00392155
0.0189102
0.00181558
0.0033709
0.0118669
0.00113588
0.00269704
0.00638527
0.000716903
0.00161467
0.00242348
0.000514451
-0.000335956
0.0347422
0.00203084
-0.000284285
0.0270648
0.00150188
-0.000213996
0.0194685
0.000999849
-0.000198577
0.0126135
0.000641187
8.33897e-05
0.00669853
0.000306336
0.000253739
0.00217936
0.000183428
0.000267716
0.0330128
0.00203385
0.000288656
0.025409
0.0015097
0.000262742
0.0180239
0.000978098
0.000155411
0.0111642
0.000586089
0.000226999
0.00579429
0.000310033
0.000164844
0.00181075
0.000141543
7.98444e-05
0.000657585
3.20393e-05
-3.85906e-05
0.000629878
2.73056e-05
-5.0938e-05
0.041449
0.00256064
0.00103388
0.000924916
0.000132155
2.15487e-06
-9.36316e-05
-1.48817e-05
-0.000899659
0.000812793
9.94038e-05
-0.0044071
0.037692
0.00142354
-0.00435632
0.0300982
0.000917249
-0.00418033
0.0225318
0.000452967
-0.00385769
0.0152518
5.52134e-05
-0.00288592
0.0091823
-0.000159775
-0.00206541
0.00415676
-0.000106288
0.00431889
0.0376734
0.00316977
0.00427479
0.0300599
0.00260233
0.004131
0.0225036
0.00204116
0.00363467
0.0153288
0.00146376
0.00306428
0.00901598
0.000935635
0.002244
0.00412061
0.000561084
-0.00035059
0.0385552
0.00229696
-0.000309758
0.030899
0.00176732
-0.000244265
0.0232293
0.00124976
-0.000267503
0.0159435
0.000745437
-3.13884e-05
0.00950503
0.000422713
0.000216081
0.00419882
0.000246232
0.000259925
0.0368043
0.00229803
0.000277126
0.0292128
0.00176823
0.000288307
0.0216665
0.00124845
0.000202674
0.0145603
0.000827859
0.000229847
0.00832048
0.000434099
0.000211547
0.00361011
0.000212364
-0.000819084
0.00133163
0.000100213
-0.00310791
0.0171942
0.000348567
