-0.00426839
0.0416647
0.00150238
0.00474889
0.0416588
0.00325736
0.000287416
0.000155755
8.45302e-05
-0.000157722
-3.88263e-05
-5.09613e-05
-0.00482578
0.0434115
0.00150884
0.00418569
0.0434146
0.00325084
0.000140767
-9.06736e-07
-6.55321e-05
-0.000201581
0.00010747
7.88866e-05
-0.00424955
0.0339023
0.00101938
-0.00415324
0.0261066
0.000542264
-0.00387919
0.0184299
9.20682e-05
-0.0032977
0.0117544
-0.000299443
-0.00244016
0.00611373
-0.000274339
-0.00143341
0.00211743
-0.000194326
0.00474972
0.0338752
0.00275305
0.00467839
0.0260568
0.00223585
0.0043619
0.0186078
0.00180654
0.0037457
0.0113738
0.00125947
0.00292544
0.00601706
0.000871436
0.00179197
0.00208618
0.000731256
-0.00481082
0.0356262
0.00103694
-0.00468768
0.0277513
0.000601351
-0.00437431
0.0199252
0.000253627
-0.00368813
0.0131623
9.44473e-05
-0.00267679
0.0070268
-8.27623e-06
-0.00156259
0.00213724
0.000236959
0.00419675
0.0355912
0.00273623
0.00416609
0.0276817
0.00217932
0.00384455
0.02006
0.00160254
0.00334922
0.0127265
0.00100341
0.00284996
0.006831
0.000572501
0.00166062
0.00273329
0.000289994
0.0002364
0.0416625
0.0023786
-0.000746297
0.000886985
-7.82501e-05
-0.00453978
0.0425409
0.00150917
0.0011428
0.000865062
0.000435051
0.00445103
0.0425383
0.00325224
-8.30414e-05
-0.00011239
7.2572e-05
0.00035833
0.000123106
-7.84867e-05
-0.000331504
8.25195e-05
-7.17032e-05
-0.000328321
0.0434098
0.00237808
-0.000756516
0.000783092
0.000372361
0.000854699
0.00108804
-3.39647e-05
-1.41163e-05
-4.3878e-05
5.60016e-05
-0.00426391
0.0377965
0.0012615
-0.00421519
0.0300003
0.000778895
-0.00404662
0.0222581
0.000320449
-0.00376917
0.0148363
-0.00010375
-0.00284781
0.00871465
-0.000282486
-0.0019945
0.00390743
-0.000218137
0.00475129
0.0377802
0.00300833
0.00473023
0.0299633
0.00249441
0.00457655
0.0222338
0.00198982
0.00411285
0.0150032
0.00158946
0.00333919
0.00858683
0.00104527
0.00242683
0.00381664
0.000756885
-0.00482577
0.0395377
0.00127153
-0.00476877
0.0316886
0.000813269
-0.00456659
0.0238347
0.000420472
-0.00412387
0.0162921
0.000101974
-0.0031582
0.009876
-7.89373e-06
-0.00216294
0.00450386
9.07954e-05
0.00419168
0.0395216
0.00300265
0.00418588
0.0316411
0.00246014
0.00410576
0.0237514
0.00189897
0.00359228
0.0163859
0.00131219
0.00312795
0.00967809
0.000787086
0.00244873
0.00436927
0.000400439
-0.00451526
0.03477
0.00102454
-0.00441375
0.026946
0.000564153
-0.00413835
0.0192411
0.000170339
-0.00345646
0.0125874
-0.000131103
-0.00254291
0.00660868
-0.000186773
-0.00162507
0.00213739
-4.83751e-05
0.00443653
0.0347395
0.00273988
0.00435552
0.0268932
0.00219989
0.0040319
0.0193447
0.00173131
0.00345841
0.0121142
0.00107311
0.00276215
0.00650752
0.000684069
0.00165139
0.00246543
0.000508191
-0.000314995
0.0356046
0.0018844
-0.000263013
0.0277027
0.00138686
-0.000193242
0.0198928
0.000914102
-0.000180573
0.0128612
0.000585689
0.00010371
0.00681439
0.000275391
0.000270389
0.00220974
0.000173419
0.000253205
0.0338825
0.00188755
0.000276944
0.026052
0.0013946
0.000251939
0.0184548
0.000891311
0.000142228
0.0114123
0.000529108
0.000219248
0.00591514
0.000279477
0.000159214
0.00184559
0.000132622
7.51615e-05
0.000668687
2.94413e-05
-3.37002e-05
0.000635096
2.25581e-05
-4.86958e-05
0.0425392
0.00238266
0.00105701
0.000939468
0.00012868
2.2036e-06
-9.63237e-05
-1.44886e-05
-0.000918007
0.000823118
0.000100683
-0.00453217
0.0386717
0.00126517
-0.00447838
0.0308527
0.000790413
-0.00429331
0.0230658
0.000355865
-0.00395719
0.0155851
-1.37653e-05
-0.00295163
0.00936667
-0.00020115
-0.0021089
0.00423075
-0.00012199
0.00444895
0.0386518
0.00300377
0.00440205
0.0308129
0.00246861
0.00425083
0.0230371
0.00193942
0.00373252
0.0156665
0.00138971
0.00314104
0.00919676
0.000889125
0.00229648
0.00419537
0.000541489
-0.000330103
0.0395305
0.00213472
-0.000288119
0.0316476
0.00163662
-0.000222715
0.0237576
0.00114985
-0.000250283
0.0162756
0.000672499
-1.0792e-05
0.00968074
0.00037893
0.00023588
0.00426547
0.000227281
0.000244701
0.0377869
0.00213581
0.000263581
0.0299692
0.00163776
0.00027747
0.0222007
0.00114828
0.000190554
0.0148968
0.000758062
0.0002206
0.00849949
0.000390649
0.000205077
0.00368296
0.000193327
-0.000830047
0.0013485
9.75812e-05
-0.00317281
0.017565
0.000273802
