-0.0048322
0.0458857
0.000806644
0.00517749
0.0458768
0.00249219
0.000306052
0.000165896
9.06306e-05
-0.000172569
-4.06174e-05
-5.70479e-05
-0.00523438
0.0475612
0.000813816
0.0047699
0.0475656
0.00248367
0.000154499
-3.48803e-07
-7.41496e-05
-0.00021038
0.000110468
8.58151e-05
-0.00480719
0.037262
0.000455413
-0.00468398
0.0285965
0.000102079
-0.00434923
0.0200842
-0.000242561
-0.00367481
0.0127548
-0.000529117
-0.00269735
0.00659891
-0.000386779
-0.00157816
0.00227647
-0.000228913
0.00517866
0.0372276
0.00212255
0.00509689
0.0285347
0.00174421
0.00473274
0.0202905
0.00146062
0.00403123
0.0123212
0.00101689
0.00312405
0.00649404
0.000747217
0.00190181
0.00224258
0.000714398
-0.00521643
0.0389144
0.000476185
-0.00507247
0.0301756
0.000171948
-0.00471553
0.0215247
-5.60744e-05
-0.00394576
0.0141249
-8.37277e-05
-0.0028283
0.00746403
-9.46139e-05
-0.00164102
0.00223177
0.000231435
0.00477964
0.038876
0.0021022
0.00472906
0.0301037
0.00167732
0.00433801
0.0216908
0.00122594
0.00375245
0.0136405
0.000726079
0.00316055
0.0072723
0.000416869
0.0018321
0.00289345
0.000241581
0.000168394
0.0458823
0.00164713
-0.000822408
0.00095106
-8.99718e-05
-0.00502485
0.0467265
0.000814466
0.00121177
0.000924239
0.000436146
0.00495243
0.046723
0.00248597
-0.000100136
-0.000121937
7.74612e-05
0.000385628
0.000133739
-8.48941e-05
-0.000353711
8.76592e-05
-7.2834e-05
-0.000242842
0.0475592
0.00164605
-0.000795589
0.000807054
0.000390305
0.000940405
0.00114702
-6.98691e-05
-7.77026e-06
-5.04368e-05
5.67472e-05
-0.00482625
0.04159
0.000632024
-0.00476281
0.0329241
0.000278435
-0.00455162
0.024326
-6.2794e-05
-0.00421634
0.016122
-0.000379229
-0.00315908
0.0094282
-0.000447498
-0.00219884
0.00420894
-0.000284477
0.00518033
0.0415687
0.00230917
0.00515663
0.0328778
0.00193413
0.00497974
0.0242958
0.00156737
0.00444728
0.0163125
0.00130408
0.00357781
0.00928611
0.000863128
0.00258351
0.00411128
0.000687339
-0.00523451
0.0432597
0.000644038
-0.00516693
0.0345412
0.000319059
-0.0049347
0.0258412
5.40221e-05
-0.0044344
0.017536
-0.000146439
-0.00335228
0.0105411
-0.000141555
-0.00227761
0.00475691
4.99069e-05
0.00477604
0.0432421
0.00230211
0.00475991
0.0344927
0.00189274
0.00464852
0.025756
0.00146073
0.00403857
0.017651
0.000987536
0.00348711
0.0103415
0.000574198
0.0027018
0.00463345
0.000297616
-0.0049944
0.0380944
0.000461503
-0.00487247
0.0294065
0.00013
-0.00454794
0.0208754
-0.000148268
-0.00377231
0.0135833
-0.00033798
-0.00274884
0.00707176
-0.000286614
-0.00175063
0.00226118
-6.6519e-05
0.00493473
0.0380578
0.00210754
0.00483595
0.0293446
0.00170381
0.00445591
0.0210002
0.00137578
0.00379298
0.0130502
0.000809572
0.00301039
0.0069675
0.000545561
0.00179082
0.00262234
0.000479108
-0.000228812
0.0388899
0.00128594
-0.000176215
0.030123
0.000919766
-0.000109371
0.0214925
0.000568582
-0.000107526
0.0137863
0.000363625
0.000184205
0.00724072
0.000153315
0.000334852
0.00231701
0.000134127
0.000190678
0.0372367
0.00128962
0.000226171
0.0285289
0.000927199
0.000205752
0.0201123
0.000541577
8.71014e-05
0.0123651
0.000301779
0.000186599
0.00637999
0.000158992
0.000136183
0.0019811
9.81103e-05
5.65604e-05
0.000712369
1.99483e-05
-1.47806e-05
0.000650581
4.55171e-06
-4.0802e-05
0.0467242
0.00165186
0.00114484
0.000993703
0.000113058
2.11269e-06
-0.000106828
-1.30566e-05
-0.000987849
0.000859997
0.000108405
-0.00501541
0.0424302
0.000636132
-0.00494968
0.0337416
0.000292726
-0.00472869
0.0251045
-1.97331e-05
-0.00433965
0.0168514
-0.000275618
-0.00320257
0.0100632
-0.000353684
-0.00227407
0.00450778
-0.000175782
0.00494987
0.0424054
0.00230385
0.00489211
0.0336961
0.00190512
0.00471199
0.0250738
0.00151088
0.00410752
0.0169502
0.00107797
0.00343412
0.00987929
0.000693485
0.00249634
0.00447548
0.000457747
-0.000245673
0.0432516
0.00147002
-0.000199458
0.0344945
0.00110411
-0.000135222
0.0257563
0.000745665
-0.000180429
0.0175224
0.000379745
7.16789e-05
0.0103326
0.000205081
0.00031336
0.00450755
0.000152914
0.000179234
0.0415771
0.00147119
0.000205105
0.0328857
0.0011061
0.000230571
0.0242575
0.000742999
0.000139578
0.0161905
0.000477604
0.000181436
0.0091873
0.00021818
0.0001781
0.00396397
0.000118852
-0.000871054
0.00140771
9.00939e-05
-0.00341964
0.0189644
-1.55682e-05
