-0.00510293
0.0478876
0.000459114
0.00537472
0.0478772
0.00208995
0.000314826
0.000170728
9.33894e-05
-0.000179639
-4.13622e-05
-5.99338e-05
-0.005424
0.0495075
0.000466578
0.00504852
0.0495126
0.00208045
0.000161019
-1.28715e-07
-7.83012e-05
-0.00021447
0.00011173
8.92256e-05
-0.00507489
0.0388574
0.000176627
-0.00493861
0.0297809
-0.000112564
-0.00457443
0.0208732
-0.000403249
-0.0038557
0.0132339
-0.000636719
-0.00282074
0.0068332
-0.000437336
-0.00164757
0.00235464
-0.000243038
0.00537621
0.0388195
0.00179092
0.00529
0.0297131
0.00148553
0.00490398
0.0210927
0.00127781
0.00416283
0.0127751
0.00088892
0.00321566
0.00672403
0.000681023
0.0019527
0.00231915
0.000703419
-0.00540468
0.0404546
0.00019892
-0.00525112
0.031309
-3.75695e-05
-0.00487412
0.0222703
-0.000204952
-0.0040652
0.0145719
-0.000166884
-0.00289821
0.00766499
-0.00013283
-0.00167754
0.00227355
0.000230654
0.00505755
0.0404148
0.00176897
0.00499719
0.0312366
0.00141387
0.00457299
0.0224517
0.00102885
0.0039446
0.0140649
0.00058188
0.00330821
0.00747617
0.000336033
0.00191357
0.00296654
0.000216051
0.00013147
0.0478836
0.00127173
-0.000858947
0.00098295
-9.43245e-05
-0.00525452
0.0487008
0.000467397
0.00124388
0.000953462
0.000435258
0.00518788
0.0486968
0.00208323
-0.000108368
-0.000126235
7.98542e-05
0.000398556
0.000138862
-8.8099e-05
-0.00036417
9.00507e-05
-7.31031e-05
-0.000199469
0.0495055
0.00127035
-0.000814109
0.000816906
0.000399713
0.000981085
0.00117357
-8.80884e-05
-4.7402e-06
-5.36988e-05
5.71041e-05
-0.00509627
0.0433903
0.0003191
-0.00502564
0.0343137
3.26157e-05
-0.00479374
0.0253108
-0.000248245
-0.00443065
0.016736
-0.000509794
-0.00330847
0.00977119
-0.000523501
-0.0022968
0.0043555
-0.000313174
0.00537782
0.0433666
0.00194151
0.0053532
0.0342629
0.00163938
0.00516595
0.0252775
0.00134495
0.00460161
0.0169378
0.0011528
0.00368773
0.00962198
0.000766804
0.00265594
0.00425417
0.000649365
-0.00542421
0.0450044
0.000332057
-0.00535176
0.0358762
7.62091e-05
-0.00510573
0.0267782
-0.000123462
-0.00457867
0.0181148
-0.000264184
-0.00344181
0.0108485
-0.000202743
-0.00233068
0.00487217
3.3188e-05
0.00505468
0.0449862
0.00193382
0.00503341
0.0358277
0.0015947
0.00490688
0.0266926
0.00123095
0.00425118
0.0182401
0.000818002
0.00365808
0.0106489
0.000463562
0.00282193
0.00475484
0.000244072
-0.00522122
0.0396625
0.000183166
-0.0050896
0.030567
-8.16944e-05
-0.00474171
0.0216461
-0.000301168
-0.00392171
0.014053
-0.00043477
-0.00284624
0.00729016
-0.000331042
-0.00181008
0.00231956
-7.27362e-05
0.00516876
0.0396228
0.00177513
0.00506174
0.0305008
0.00144319
0.00465523
0.021781
0.00118864
0.00395008
0.0134913
0.000671947
0.00312717
0.0071843
0.000472908
0.00185651
0.00269639
0.00046261
-0.000185201
0.0404289
0.000980139
-0.000132654
0.031255
0.000682522
-6.765e-05
0.0222386
0.000394475
-7.0946e-05
0.0142158
0.000252453
0.00022356
0.00743709
9.31564e-05
0.000365802
0.00236495
0.000114889
0.000156468
0.0388295
0.000984055
0.000197983
0.029707
0.000689743
0.000180415
0.0209027
0.000365371
5.79173e-05
0.0128217
0.000188352
0.000169024
0.00660451
9.95672e-05
0.000124225
0.00204804
8.13813e-05
4.7261e-05
0.000734432
1.5608e-05
-5.70786e-06
0.000656435
-3.96081e-06
-3.80003e-05
0.0486982
0.00127675
0.00118633
0.00101943
0.000104461
1.93323e-06
-0.000111879
-1.24089e-05
-0.00102111
0.000877009
0.000113484
-0.0052442
0.044203
0.000323407
-0.00517278
0.0351043
4.82735e-05
-0.00493468
0.0260659
-0.000201478
-0.00452054
0.0174485
-0.000399723
-0.00332127
0.0103918
-0.000423635
-0.0023522
0.00463843
-0.000198375
0.00518511
0.0441758
0.00193588
0.00512234
0.035056
0.00160899
0.0049288
0.0260343
0.00128577
0.00428368
0.0175556
0.000914497
0.00357186
0.010201
0.000591088
0.0025905
0.00460745
0.000413343
-0.000202828
0.044996
0.00112955
-0.000154781
0.035827
0.000832761
-9.15343e-05
0.0266899
0.000541122
-0.000145422
0.0181028
0.000232931
0.00011238
0.0106342
0.00011882
0.000350864
0.00461813
0.000116468
0.000143556
0.0433758
0.00113074
0.000172961
0.0342718
0.00083513
0.000204508
0.0252368
0.000537855
0.000112266
0.0168085
0.000336568
0.000160251
0.00951797
0.000132562
0.000163748
0.00410069
8.23941e-05
-0.000890215
0.00143436
8.77768e-05
-0.00353476
0.0196189
-0.000155643
