-0.00536394
0.0498057
0.000111191
0.00555825
0.0497939
0.00167779
0.000323319
0.000175448
9.60011e-05
-0.000186555
-4.20053e-05
-6.27587e-05
-0.00560217
0.0513606
0.000118903
0.0053152
0.0513663
0.00166737
0.000167376
7.82815e-08
-8.23644e-05
-0.000218447
0.000112921
9.26051e-05
-0.00533303
0.0403894
-0.000101116
-0.0051843
0.0309218
-0.000324926
-0.00479207
0.0216373
-0.00056078
-0.0040312
0.013701
-0.000740669
-0.00294116
0.00706411
-0.000485198
-0.0017156
0.00243303
-0.00025569
0.00556015
0.040348
0.00145098
0.00547018
0.0308483
0.00122027
0.00506421
0.0218689
0.0010898
0.00428636
0.013218
0.000757628
0.00330224
0.00695038
0.000612802
0.00200127
0.00239553
0.000691141
-0.0055816
0.0419221
-7.7404e-05
-0.00541924
0.0323905
-0.000245112
-0.0050238
0.0229836
-0.000351361
-0.00417829
0.0150005
-0.000247674
-0.00296481
0.00785832
-0.000168926
-0.00171273
0.00231383
0.000230694
0.00532355
0.0418811
0.0014276
0.00525386
0.0323179
0.00114424
0.00479846
0.0231794
0.000827564
0.00412972
0.0144725
0.000435444
0.00345086
0.00767271
0.000254048
0.0019926
0.00303713
0.000190059
9.25792e-05
0.0498011
0.000891189
-0.00089487
0.00101533
-9.79774e-05
-0.00547365
0.0505864
0.000119893
0.00127474
0.000982846
0.000433686
0.00541061
0.0505821
0.00167062
-0.000116439
-0.000130262
8.21937e-05
0.000411114
0.000143901
-9.12725e-05
-0.000374345
9.24169e-05
-7.32293e-05
-0.000156291
0.0513585
0.000889522
-0.000832172
0.000826377
0.000409248
0.00102067
0.0011993
-0.000106287
-1.79512e-06
-5.68981e-05
5.74591e-05
-0.00535659
0.0451169
6.51805e-06
-0.00527913
0.03565
-0.000211515
-0.00502749
0.0262616
-0.000430957
-0.00463794
0.0173326
-0.000636911
-0.00345391
0.0101073
-0.000596353
-0.00239258
0.00450096
-0.000339784
0.00556161
0.0450908
0.00156472
0.00553639
0.0355947
0.00133717
0.00533996
0.0262252
0.00111676
0.00474622
0.0175449
0.000996953
0.00379121
0.00995098
0.000667879
0.00272471
0.00439563
0.000609799
-0.00560247
0.046666
2.03566e-05
-0.00552556
0.0371489
-0.000165138
-0.00526691
0.0276732
-0.000298681
-0.00471505
0.0186692
-0.000379193
-0.00352673
0.0111437
-0.000261556
-0.0023815
0.00498318
1.8043e-05
0.00532137
0.0466472
0.00155648
0.00529517
0.0371007
0.00128949
0.00515432
0.0275875
0.00099598
0.00445562
0.0188043
0.00064523
0.00382302
0.0109447
0.000351253
0.00293815
0.00487209
0.000189765
-0.00543769
0.0411624
-9.415e-05
-0.00529696
0.0316798
-0.000291226
-0.00492708
0.0223878
-0.000451246
-0.00406519
0.0145071
-0.000528492
-0.00294039
0.00750293
-0.00037297
-0.00186782
0.00237726
-7.77159e-05
0.00539021
0.0411199
0.00143452
0.00527565
0.0316093
0.00117625
0.00484453
0.0225322
0.000996683
0.00409977
0.0139182
0.000531732
0.00323907
0.00739533
0.000398731
0.00191984
0.002769
0.000445188
-0.000141862
0.0418953
0.000670752
-8.9583e-05
0.0323352
0.000443171
-2.65628e-05
0.0229524
0.00021956
-3.47123e-05
0.0146279
0.000141075
0.000262038
0.00762631
3.34303e-05
0.000395923
0.00241124
9.58709e-05
0.000120196
0.040359
0.000674858
0.000167682
0.0308419
0.000450119
0.000153309
0.0216679
0.000188394
2.75722e-05
0.0132674
7.49416e-05
0.000150452
0.00682589
4.04757e-05
0.000111876
0.00211541
6.48499e-05
3.79004e-05
0.000757066
1.14261e-05
3.1234e-06
0.000662039
-1.22382e-05
-3.62688e-05
0.0505836
0.000896485
0.0012265
0.00104493
9.55463e-05
1.69753e-06
-0.000116762
-1.17909e-05
-0.00105358
0.000893954
0.00011907
-0.00546252
0.0458973
1.10046e-05
-0.00538575
0.036409
-0.000194544
-0.00513154
0.0269893
-0.000380651
-0.00469376
0.0180247
-0.000520717
-0.00343572
0.0107106
-0.000490658
-0.0024279
0.00476634
-0.000219057
0.00540765
0.0458679
0.00155882
0.00534029
0.0363583
0.00130561
0.00513444
0.0269566
0.00105521
0.00445126
0.0181397
0.000747398
0.00370345
0.0105131
0.000486611
0.00268103
0.00473638
0.000367804
-0.000160165
0.0466572
0.000784695
-0.000110512
0.0370974
0.000558583
-4.84606e-05
0.0275818
0.000335139
-0.000110698
0.0186588
8.59071e-05
0.000152321
0.0109243
3.28742e-05
0.000387418
0.0047249
8.0381e-05
0.000105859
0.0451008
0.000785905
0.000138727
0.0356047
0.000561282
0.00017642
0.0261825
0.00033123
8.35519e-05
0.0174088
0.000194926
0.00013782
0.00984226
4.71725e-05
0.000148687
0.00423651
4.62546e-05
-0.000908723
0.00146051
8.60594e-05
-0.00364387
0.0202469
-0.000293724
