-0.00585055
0.053359
-0.000588109
0.00587862
0.0533446
0.000833873
0.000339658
0.000184654
0.000100921
-0.000200133
-4.29921e-05
-6.83443e-05
-0.00591982
0.0547681
-0.000580031
0.0058052
0.054775
0.000821864
0.000179777
5.32664e-07
-9.02665e-05
-0.000226277
0.000115322
9.92601e-05
-0.0058146
0.043242
-0.000657207
-0.0056439
0.0330635
-0.000747353
-0.00520169
0.0230904
-0.00087066
-0.00436511
0.0146031
-0.000941597
-0.00317419
0.00752037
-0.000576397
-0.00184893
0.00259284
-0.000278645
0.00588157
0.0431946
0.000754585
0.00578648
0.0329793
0.000676436
0.00534789
0.0233423
0.000702532
0.00450778
0.0140762
0.000488712
0.00346062
0.00739641
0.000472478
0.00209242
0.00254957
0.000663896
-0.00589723
0.0446303
-0.000631072
-0.00572029
0.0343992
-0.000659161
-0.00529401
0.0243227
-0.000641708
-0.00438502
0.0158143
-0.00040723
-0.00308938
0.00823301
-0.000238592
-0.00178016
0.00239574
0.000231534
0.00581238
0.0445877
0.000729003
0.00572636
0.0343271
0.000593288
0.00521666
0.0245441
0.000417688
0.00447708
0.0152496
0.000140267
0.00372134
0.00805392
8.92329e-05
0.00214445
0.00317655
0.000137927
9.2497e-06
0.0533535
0.000118688
-0.000965839
0.00108278
-0.000104177
-0.00587502
0.054067
-0.000578718
0.00133348
0.0010429
0.000429282
0.00581153
0.054062
0.000825962
-0.000132247
-0.000137656
8.66431e-05
0.000435385
0.000153829
-9.7408e-05
-0.000394202
9.73173e-05
-7.3216e-05
-7.20468e-05
0.0547659
0.000116479
-0.000867377
0.000846976
0.000428059
0.00109745
0.00125132
-0.00014202
3.89378e-06
-6.2955e-05
5.81684e-05
-0.00584202
0.0483226
-0.000620682
-0.00575255
0.0381472
-0.00069895
-0.00546587
0.0280563
-0.000792779
-0.00502895
0.0184761
-0.000885288
-0.00373333
0.0107639
-0.000736532
-0.00257906
0.00479223
-0.000389665
0.00588251
0.0482924
0.000793089
0.00585709
0.0380839
0.000717798
0.00564657
0.0280138
0.000648584
0.00500361
0.0187065
0.000675488
0.00397846
0.0105931
0.000465085
0.00285205
0.00467746
0.000527585
-0.0059203
0.0497261
-0.000605326
-0.00583605
0.0395042
-0.000647781
-0.00555657
0.0293431
-0.000647431
-0.00496251
0.0197168
-0.000606123
-0.00368357
0.01171
-0.000376531
-0.00247773
0.00520117
-1.05039e-05
0.00581138
0.0497066
0.000784015
0.00577649
0.0394573
0.000665248
0.0056107
0.0292581
0.000516451
0.00483712
0.0198696
0.000294824
0.00413401
0.011513
0.000125016
0.00315982
0.00510215
8.08274e-05
-0.00583447
0.043943
-0.000649492
-0.00567808
0.0337578
-0.000708547
-0.0052698
0.023789
-0.000747736
-0.00433361
0.0153759
-0.000711216
-0.00312002
0.00791933
-0.000453106
-0.00197935
0.00249483
-8.61199e-05
0.00578918
0.0438956
0.000737219
0.00566221
0.0336796
0.000629935
0.00518918
0.0239498
0.000603001
0.00437538
0.0147381
0.000247584
0.00344824
0.0078075
0.000248092
0.00204029
0.00291368
0.000408712
-5.75159e-05
0.0446018
4.36043e-05
-6.35375e-06
0.0343423
-4.08086e-05
5.2562e-05
0.0242929
-0.000132517
3.57906e-05
0.0154128
-8.272e-05
0.000335721
0.00799396
-8.53102e-05
0.000453834
0.00250458
5.82517e-05
4.1595e-05
0.0432072
4.79442e-05
0.000100443
0.0329729
-3.46485e-05
9.33447e-05
0.0231225
-0.000167593
-3.65798e-05
0.0141309
-0.000152344
0.000110019
0.00726385
-7.74298e-05
8.57771e-05
0.00225344
3.18765e-05
1.88174e-05
0.000804889
3.18256e-06
2.01763e-05
0.000675245
-2.84037e-05
-3.65673e-05
0.0540637
0.000124419
0.00130356
0.00109698
7.73897e-05
1.1677e-06
-0.000125929
-1.05866e-05
-0.00111689
0.000929915
0.000130734
-0.00586252
0.0490307
-0.000615891
-0.00577653
0.0388356
-0.000679624
-0.00549431
0.0287224
-0.000736148
-0.00501503
0.0191217
-0.000758121
-0.00365228
0.0113274
-0.000620129
-0.00257331
0.00502014
-0.000257785
0.00580829
0.0489974
0.000786842
0.00573345
0.0387806
0.000684563
0.00550715
0.0286876
0.000583383
0.00475815
0.0192504
0.000406833
0.00394747
0.0111171
0.00027443
0.00285172
0.00499093
0.000275033
-7.68637e-05
0.0497168
8.50415e-05
-2.4759e-05
0.0394491
3.3861e-06
3.4473e-05
0.029247
-8.06287e-05
-4.28562e-05
0.0197097
-0.000208664
0.000228957
0.0114818
-0.00013859
0.00045744
0.00493536
8.77966e-06
2.46584e-05
0.0483038
8.62161e-05
6.39602e-05
0.038096
6.57701e-06
0.000113754
0.027968
-8.59619e-05
2.16662e-05
0.0185591
-9.04433e-05
8.8945e-05
0.0104769
-0.000123564
0.000116161
0.0045089
-2.5742e-05
-0.000944286
0.00151517
8.32524e-05
-0.0038426
0.0214327
-0.000567498
