-0.00596381
0.0541833
-0.000764079
0.0059482
0.0541684
0.00062067
0.000343632
0.000186919
0.00010211
-0.000203504
-4.31785e-05
-6.97457e-05
-0.00599051
0.0555549
-0.000755936
0.00591753
0.0555621
0.000608328
0.000182838
6.68544e-07
-9.2201e-05
-0.000228238
0.00011596
0.000100897
-0.0059268
0.0439076
-0.000797046
-0.00575137
0.0335679
-0.000853321
-0.00529825
0.0234377
-0.00094785
-0.00444482
0.0148223
-0.000991123
-0.00323095
0.00763379
-0.000598907
-0.00188189
0.0026337
-0.000284271
0.00595146
0.0438589
0.000578588
0.00585563
0.0334813
0.000538888
0.00541061
0.0236937
0.000604206
0.00455758
0.0142854
0.000420826
0.00349718
0.007507
0.000436986
0.00211409
0.00258854
0.000656731
-0.00596752
0.0452588
-0.000770409
-0.00578766
0.0348695
-0.000763348
-0.00535509
0.0246408
-0.000714679
-0.00443256
0.0160105
-0.000447612
-0.00311889
0.00832586
-0.000256181
-0.00179653
0.0024174
0.000231582
0.00592449
0.045216
0.000552605
0.005835
0.0347977
0.000454343
0.00531375
0.0248677
0.000314642
0.00455887
0.0154379
6.67656e-05
0.0037859
0.00814828
4.83077e-05
0.00218128
0.00321193
0.000125075
-1.26194e-05
0.0541776
-7.60927e-05
-0.000983534
0.00110035
-0.000105679
-0.00596684
0.0548726
-0.000754548
0.00134765
0.00105827
0.000428052
0.00590156
0.0548674
0.000612617
-0.000136153
-0.000139395
8.76939e-05
0.000441311
0.000156292
-9.88745e-05
-0.000399112
9.8614e-05
-7.31852e-05
-5.16458e-05
0.0555527
-7.84234e-05
-0.000876032
0.000852908
0.000432576
0.00111629
0.00126493
-0.00015071
5.28629e-06
-6.43717e-05
5.83434e-05
-0.00595503
0.0490682
-0.000778473
-0.005863
0.0387323
-0.000821418
-0.00556873
0.0284817
-0.000883338
-0.00512136
0.0187518
-0.000946995
-0.00380079
0.0109253
-0.000771152
-0.00262481
0.00486554
-0.000401973
0.00595222
0.0490371
0.000598134
0.00592697
0.0386673
0.000561196
0.00571392
0.0284376
0.000530099
0.00506094
0.018986
0.000593812
0.00402112
0.0107509
0.000413878
0.00288185
0.00474805
0.000506691
-0.00599103
0.0504342
-0.0007628
-0.00590532
0.040053
-0.000769247
-0.00562167
0.0297364
-0.000735195
-0.00501884
0.0199677
-0.000663141
-0.00372018
0.0118484
-0.000405533
-0.00250083
0.00525617
-1.78248e-05
0.00592371
0.0504146
0.000588916
0.00588698
0.0400065
0.000507698
0.00571591
0.0296518
0.000395661
0.00492636
0.0201245
0.000207073
0.00420771
0.0116519
6.8715e-05
0.00321313
0.00515994
5.38674e-05
-0.00592533
0.0445901
-0.00078917
-0.00576565
0.0342458
-0.000813385
-0.00534916
0.0241228
-0.000821974
-0.00439669
0.0155859
-0.000756736
-0.00316324
0.00802262
-0.000473055
-0.00200657
0.00252527
-8.82904e-05
0.00587885
0.0445417
0.000561086
0.00574943
0.0341658
0.000491964
0.0052677
0.0242869
0.000503403
0.00443912
0.0149373
0.000176495
0.00349748
0.00790954
0.000210364
0.00206923
0.00295027
0.000399449
-3.71333e-05
0.0452301
-0.000114492
1.36435e-05
0.0348123
-0.000162714
7.15528e-05
0.0246113
-0.000220977
5.28771e-05
0.0156027
-0.000138964
0.000353374
0.00808525
-0.000114962
0.000467862
0.00252895
4.88814e-05
2.07676e-05
0.0438719
-0.000110128
8.22621e-05
0.0334749
-0.00015681
7.71321e-05
0.02347
-0.000256968
-5.32972e-05
0.0143414
-0.00020936
9.92013e-05
0.00737286
-0.000106982
7.89301e-05
0.00228884
2.35596e-05
1.39419e-05
0.000817462
1.08327e-06
2.43406e-05
0.000679395
-3.24237e-05
-3.74703e-05
0.0548692
-7.02765e-05
0.00132225
0.00111046
7.28933e-05
1.04355e-06
-0.000128079
-1.02808e-05
-0.00113247
0.000939672
0.00013356
-0.00595405
0.0497576
-0.000773618
-0.00586614
0.0394026
-0.000801578
-0.00557797
0.0291319
-0.00082532
-0.00508973
0.0193854
-0.00081739
-0.00370388
0.0114784
-0.000652315
-0.00260858
0.00508405
-0.000267484
0.00589826
0.0497235
0.000591839
0.00582195
0.0393467
0.000527698
0.00559155
0.0290965
0.000464236
0.00482861
0.019517
0.000321182
0.00400439
0.0112651
0.000221251
0.0028923
0.00505471
0.000251788
-5.66732e-05
0.0504248
-9.13687e-05
-4.12485e-06
0.0399972
-0.000136537
5.4346e-05
0.0296395
-0.000185271
-2.63287e-05
0.0199614
-0.000282407
0.000247304
0.0116183
-0.000181468
0.00047428
0.00498861
-9.10216e-06
3.25177e-06
0.0490488
-9.02177e-05
4.40139e-05
0.0386799
-0.00013326
9.67226e-05
0.0283913
-0.000190989
5.26777e-06
0.0188362
-0.000162266
7.58791e-05
0.0106332
-0.00016636
0.000107498
0.00457755
-4.38063e-05
-0.000952932
0.00152992
8.24635e-05
-0.00388798
0.021716
-0.000636102
