-0.00607342
0.0549805
-0.000940646
0.00601339
0.054965
0.000407201
0.000347567
0.000189171
0.000103291
-0.000206873
-4.33417e-05
-7.11541e-05
-0.00605751
0.056315
-0.000932449
0.0060255
0.0563223
0.000394556
0.000185891
8.17715e-07
-9.41203e-05
-0.000230205
0.000116622
0.000102519
-0.00603542
0.0445532
-0.000937438
-0.00585562
0.0340593
-0.000959711
-0.00539231
0.0237784
-0.0010252
-0.00452296
0.0150389
-0.00104062
-0.00328713
0.00774704
-0.000621517
-0.00191473
0.00267495
-0.000289977
0.00601696
0.0445032
0.00040235
0.00592061
0.0339704
0.000401105
0.00546992
0.024038
0.000505559
0.00460512
0.0144926
0.000352898
0.00353253
0.0076173
0.00040146
0.00213533
0.00262772
0.000649491
-0.00603417
0.0458676
-0.000910345
-0.00585171
0.0353271
-0.000868096
-0.00541346
0.0249526
-0.000788097
-0.00447841
0.0162042
-0.000488489
-0.00314778
0.00841882
-0.000274069
-0.00181272
0.00243978
0.000231455
0.00603226
0.0458247
0.00037603
0.00593958
0.0352556
0.000315328
0.00540768
0.0251846
0.000211678
0.00463856
0.0156244
-6.36982e-06
0.00384923
0.00824268
7.63876e-06
0.0022177
0.00324776
0.00011236
-3.48465e-05
0.0549745
-0.000271291
-0.00100124
0.00111821
-0.000107221
-0.00605501
0.0556511
-0.00093099
0.00136164
0.00107378
0.000426811
0.00598726
0.0556459
0.000399024
-0.000140046
-0.000141099
8.87152e-05
0.000447189
0.00015875
-0.000100306
-0.000404013
9.99491e-05
-7.31519e-05
-3.15652e-05
0.0563127
-0.000273735
-0.000884632
0.000859274
0.000436971
0.00113502
0.0012789
-0.00015927
6.67165e-06
-6.5741e-05
5.85156e-05
-0.00606441
0.04979
-0.000936846
-0.00597002
0.0393008
-0.000944388
-0.00566868
0.0288973
-0.000974222
-0.00521149
0.0190234
-0.00100882
-0.00386728
0.0110856
-0.000805844
-0.00267025
0.00493911
-0.000414393
0.00601754
0.0497581
0.000402936
0.00599253
0.0392342
0.000404347
0.00577737
0.0288518
0.000411382
0.00511537
0.0192611
0.000511861
0.00406211
0.0109076
0.00036264
0.00291088
0.00481874
0.000485758
-0.00605807
0.051119
-0.000920883
-0.00597107
0.0405856
-0.0008913
-0.0056837
0.0301204
-0.000823492
-0.00507286
0.0202147
-0.000720579
-0.00375576
0.011986
-0.000434904
-0.00252358
0.00531171
-2.54015e-05
0.00603168
0.0510994
0.000393599
0.00599326
0.0405396
0.00035002
0.00581735
0.0300361
0.000274871
0.00501302
0.0203752
0.000119544
0.00427974
0.0117901
1.27083e-05
0.00326563
0.00521818
2.71252e-05
-0.00601262
0.0452173
-0.000929413
-0.00584994
0.0347208
-0.000918712
-0.00542584
0.0244499
-0.000896548
-0.0044581
0.0157933
-0.000802465
-0.00320581
0.00812585
-0.000493198
-0.00203355
0.00255627
-9.06189e-05
0.00596426
0.045168
0.000384748
0.00583267
0.0346392
0.000353839
0.00534301
0.0246172
0.000403625
0.00450073
0.0151344
0.000105621
0.0035455
0.00801144
0.000172741
0.00209772
0.00298715
0.000390192
-1.70875e-05
0.0458387
-0.000272964
3.32667e-05
0.0352698
-0.000284919
9.01916e-05
0.0249235
-0.000309605
6.9716e-05
0.0157906
-0.000195352
0.000370701
0.00817672
-0.000144641
0.000481724
0.00255398
3.95052e-05
-4.84075e-07
0.0445166
-0.000268591
6.35572e-05
0.0339641
-0.000279297
6.04412e-05
0.0238108
-0.00034648
-7.02608e-05
0.0145499
-0.000266485
8.81018e-05
0.00748176
-0.00013661
7.19476e-05
0.00232463
1.5183e-05
9.01583e-06
0.000830288
-1.05203e-06
2.84769e-05
0.000684007
-3.64556e-05
-3.87027e-05
0.0556477
-0.000265398
0.00134074
0.00112418
6.84495e-05
9.29592e-07
-0.000130166
-9.96908e-06
-0.00114797
0.000949823
0.000136284
-0.00604196
0.050461
-0.000931932
-0.00595229
0.0399533
-0.000924068
-0.00565863
0.0295318
-0.000914906
-0.00516206
0.0196451
-0.000876914
-0.00375445
0.0116285
-0.000684682
-0.00264344
0.00514836
-0.000277376
0.00598393
0.0504261
0.000396609
0.00590632
0.0398965
0.00037065
0.00567226
0.0294959
0.000344961
0.00489647
0.0197793
0.000235597
0.00405965
0.0114121
0.000168194
0.00293206
0.00511875
0.000228618
-3.67911e-05
0.0511096
-0.000268182
1.61315e-05
0.0405292
-0.000276805
7.38289e-05
0.0300227
-0.000290162
-9.99562e-06
0.0202092
-0.000356189
0.000265294
0.0117542
-0.000224386
0.00049085
0.00504247
-2.70121e-05
-1.85452e-05
0.0497701
-0.000267061
2.36043e-05
0.0392473
-0.000273457
7.91616e-05
0.0288051
-0.000296275
-1.14862e-05
0.0191091
-0.000234293
6.24827e-05
0.0107886
-0.00020924
9.86204e-05
0.00464648
-6.19377e-05
-0.000961487
0.00154525
8.15661e-05
-0.00393156
0.0219943
-0.000704986
