-0.00628118
0.0564908
-0.00129581
0.00613038
0.0564743
-1.93463e-05
0.000355323
0.000193635
0.000105635
-0.000213614
-4.36012e-05
-7.39995e-05
-0.0061802
0.0577535
-0.00128753
0.00622791
0.0577613
-3.25033e-05
0.000191979
1.16359e-06
-9.79144e-05
-0.000234166
0.000118033
0.000105715
-0.00624151
0.0457819
-0.00122029
-0.00605408
0.0350016
-0.00117426
-0.00557268
0.0244393
-0.00118085
-0.00467433
0.0154641
-0.00113999
-0.0033977
0.00797289
-0.000667442
-0.00198013
0.0027586
-0.000301857
0.00613461
0.0457298
5.01377e-05
0.00603791
0.0349085
0.000125597
0.00557812
0.0247049
0.00030785
0.00469334
0.0149006
0.000217331
0.00359962
0.00783692
0.00033055
0.00217658
0.00270662
0.000634894
-0.00615632
0.0470256
-0.00119243
-0.00596962
0.0362043
-0.0010798
-0.00552189
0.0255578
-0.000936815
-0.00456494
0.0165851
-0.000572272
-0.00320371
0.00860571
-0.000311169
-0.00184457
0.00248704
0.000230468
0.00623437
0.0469824
2.33385e-05
0.00613623
0.0361336
3.78653e-05
0.00558583
0.0257989
6.57685e-06
0.00479151
0.0159923
-0.000151096
0.00397223
0.00843214
-7.26719e-05
0.00228934
0.00332112
8.74563e-05
-8.02328e-05
0.0564845
-0.000662462
-0.00103673
0.00115484
-0.000110539
-0.00622002
0.0571255
-0.00128594
0.0013891
0.0011052
0.000424363
0.00614541
0.0571201
-2.77151e-05
-0.000147807
-0.000144416
9.06589e-05
0.000458803
0.000163651
-0.000103045
-0.000413794
0.000102747
-7.30931e-05
7.56179e-06
0.0577512
-0.000665109
-0.000901652
0.000873488
0.000445294
0.0011722
0.00130815
-0.00017594
9.43111e-06
-6.83229e-05
5.88468e-05
-0.00627179
0.0511605
-0.00125567
-0.00617333
0.0403867
-0.0011923
-0.00585953
0.0296985
-0.00115749
-0.00538467
0.0195538
-0.00113338
-0.00399727
0.011403
-0.000875895
-0.00276022
0.00508696
-0.000439898
0.00613477
0.0511272
1.28993e-05
0.0061105
0.0403171
9.07853e-05
0.0058924
0.02965
0.000173912
0.00521541
0.0197974
0.000347614
0.00413905
0.0112177
0.000260394
0.00296658
0.00496039
0.000443953
-0.00618085
0.0524179
-0.00123921
-0.00609176
0.0416022
-0.00113765
-0.00579832
0.0308606
-0.00100224
-0.00517385
0.0206977
-0.000837272
-0.00382383
0.0122596
-0.000495239
-0.00256804
0.00542499
-4.16629e-05
0.00623409
0.0523982
3.41095e-06
0.00619278
0.0415571
3.51613e-05
0.00600856
0.030777
3.39674e-05
0.00517842
0.0208648
-5.43299e-05
0.00441877
0.0120649
-9.80791e-05
0.00336823
0.00533641
-2.55148e-05
-0.00617614
0.0464106
-0.00121201
-0.00600834
0.0356316
-0.00113136
-0.00557096
0.0250846
-0.00104724
-0.00457579
0.0162003
-0.000895052
-0.00328898
0.00833237
-0.000534491
-0.00208683
0.00262014
-9.59919e-05
0.00612199
0.0463597
3.24483e-05
0.00598692
0.0355471
7.78925e-05
0.0054838
0.0252571
0.000204075
0.0046175
0.0155227
-3.50536e-05
0.00363786
0.00821507
9.80515e-05
0.00215342
0.00306194
0.000371799
2.19234e-05
0.0469963
-0.000590743
7.13319e-05
0.0361469
-0.000530093
0.000126377
0.0255294
-0.00048734
0.000102613
0.0161609
-0.000308601
0.000404359
0.0083608
-0.000204158
0.000508976
0.00260638
2.06938e-05
-4.41342e-05
0.0457439
-0.000586395
2.46634e-05
0.0349025
-0.00052511
2.56816e-05
0.0244717
-0.000525878
-0.000104854
0.0149603
-0.000381121
6.50794e-05
0.00769912
-0.000196171
5.75716e-05
0.00239731
-1.80641e-06
-1.00177e-06
0.000856669
-5.4684e-06
3.66902e-05
0.000694801
-4.45935e-05
-4.21188e-05
0.057122
-0.000656446
0.00137711
0.00115242
5.97828e-05
7.45216e-07
-0.000134144
-9.32009e-06
-0.00117874
0.000971413
0.000141305
-0.00620653
0.0517958
-0.00125065
-0.00611387
0.0410046
-0.00117113
-0.00581071
0.0303025
-0.00109586
-0.00529943
0.0201524
-0.000997263
-0.00385247
0.0119258
-0.000750438
-0.00271197
0.00527841
-0.000298086
0.00614202
0.0517596
6.55632e-06
0.00606237
0.0409464
5.68804e-05
0.00582231
0.0302656
0.000106687
0.00502426
0.0202913
6.51291e-05
0.00416512
0.0117036
6.27687e-05
0.00300911
0.00524783
0.000182682
1.97834e-06
0.0524084
-0.000622635
5.54402e-05
0.0415448
-0.000558172
0.000111572
0.0307616
-0.000500617
2.20699e-05
0.0206936
-0.000503866
0.00030016
0.0120247
-0.00031041
0.00052319
0.00515245
-6.29868e-05
-6.3175e-05
0.0511396
-0.000621594
-1.84929e-05
0.0403311
-0.000554725
4.25217e-05
0.0296027
-0.00050755
-4.60024e-05
0.0196418
-0.000378977
3.47392e-05
0.0110967
-0.000295326
8.02243e-05
0.00478511
-9.84784e-05
-0.000978318
0.00157789
7.93067e-05
-0.00401317
0.0225366
-0.000843997
