-0.00637912
0.0572028
-0.00147452
0.00618213
0.0571859
-0.000231857
0.000359141
0.000195845
0.000106803
-0.000216987
-4.36988e-05
-7.5439e-05
-0.00623579
0.0584315
-0.00146621
0.00632219
0.0584396
-0.00024522
0.000195017
1.36371e-06
-9.97892e-05
-0.000236158
0.000118785
0.000107283
-0.00633877
0.0463643
-0.00136293
-0.0061481
0.035452
-0.00128266
-0.00565886
0.0247592
-0.0012594
-0.00474748
0.0156726
-0.00119008
-0.00345208
0.00808539
-0.000690945
-0.00201269
0.00280094
-0.000308139
0.00618671
0.0463113
-0.000125364
0.00609015
0.035357
-1.17621e-05
0.00562698
0.0250271
0.000209053
0.00473399
0.0151011
0.00014989
0.00363135
0.00794614
0.00029528
0.00219659
0.00274629
0.000627588
-0.00621172
0.0475744
-0.00133476
-0.00602338
0.0366239
-0.001187
-0.00557187
0.0258513
-0.00101236
-0.00460558
0.0167724
-0.000615425
-0.00323073
0.00869984
-0.000330579
-0.00186022
0.00251206
0.000229508
0.00632855
0.0475312
-0.000152305
0.00622816
0.0365537
-0.000100214
0.00566995
0.0260964
-9.52862e-05
0.00486472
0.016174
-0.000222481
0.00403188
0.00852737
-0.000112196
0.00232458
0.00335878
7.53175e-05
-0.000103314
0.0571963
-0.000858201
-0.00105451
0.00117356
-0.000112369
-0.0062967
0.0578206
-0.00146456
0.00140257
0.00112109
0.000423184
0.00621776
0.057815
-0.000240293
-0.000151678
-0.000146038
9.15765e-05
0.000464539
0.000166092
-0.000104346
-0.000418676
0.000104215
-7.3074e-05
2.65838e-05
0.0584293
-0.000860936
-0.000910056
0.000881404
0.000449173
0.00119067
0.0013235
-0.000184023
1.08104e-05
-6.9529e-05
5.90027e-05
-0.00636958
0.0518081
-0.00141626
-0.00626944
0.0409033
-0.00131745
-0.00595029
0.0300834
-0.00125011
-0.0054676
0.0198123
-0.00119634
-0.00406071
0.0115599
-0.000911467
-0.00280473
0.00516116
-0.000453137
0.00618664
0.0517742
-0.000181415
0.00616285
0.0408323
-6.55087e-05
0.00594392
0.0300336
5.54739e-05
0.00526098
0.0200583
0.000265549
0.00417499
0.011371
0.000209539
0.00299326
0.00503126
0.000423163
-0.00623648
0.0530316
-0.0013996
-0.00614661
0.0420861
-0.00126217
-0.00585082
0.0312167
-0.00109294
-0.00522075
0.0209338
-0.000896784
-0.00385631
0.0123958
-0.000526429
-0.00258974
0.00548289
-5.05069e-05
0.00632838
0.053012
-0.000190938
0.00628588
0.0420415
-0.000121598
0.00609822
0.0311336
-8.5824e-05
0.00525709
0.0211039
-0.000140434
0.00448573
0.0122016
-0.000152703
0.00341834
0.00539656
-5.13266e-05
-0.00625221
0.0469763
-0.00135454
-0.00608231
0.036067
-0.00123891
-0.00563928
0.0253919
-0.0011236
-0.004632
0.0163999
-0.000942145
-0.00332956
0.00843572
-0.000555837
-0.00211313
0.00265305
-9.91494e-05
0.00619422
0.0469246
-0.000143043
0.00605784
0.0359812
-5.95642e-05
0.00554921
0.0255666
0.000104569
0.00467263
0.015714
-0.000104654
0.00368218
0.00831684
6.10963e-05
0.00218063
0.00309987
0.000362712
4.08658e-05
0.047545
-0.000749905
8.97566e-05
0.0365666
-0.000652992
0.000143917
0.0258234
-0.000576432
0.00011866
0.0163436
-0.000365481
0.000420687
0.00845361
-0.000234032
0.00052238
0.00263388
1.12377e-05
-6.64606e-05
0.0463256
-0.00074559
4.52995e-06
0.0353512
-0.000648369
7.65201e-06
0.0247914
-0.000615746
-0.000122441
0.0151621
-0.000438655
5.31738e-05
0.00780748
-0.000226143
5.01782e-05
0.00243415
-1.04456e-05
-6.09897e-06
0.000870194
-7.76689e-06
4.07804e-05
0.000701053
-4.8718e-05
-4.42742e-05
0.0578169
-0.000852138
0.001395
0.00116695
5.55887e-05
6.80874e-07
-0.00013603
-8.97901e-06
-0.001194
0.000982887
0.000143541
-0.00628303
0.0524266
-0.0014112
-0.00618916
0.0415048
-0.00129592
-0.005882
0.0306731
-0.00118747
-0.00536437
0.0204001
-0.00105834
-0.00389988
0.0120732
-0.000784046
-0.00274562
0.00534419
-0.000309066
0.00621436
0.0523898
-0.000187743
0.00613395
0.041446
-9.94236e-05
0.00589158
0.0306357
-1.19965e-05
0.00508414
0.0205409
-1.9517e-05
0.00421531
0.0118481
1.05503e-05
0.0030464
0.00531291
0.000159995
2.08426e-05
0.0530221
-0.000800085
7.44705e-05
0.0420283
-0.000699166
0.000129819
0.0311174
-0.000606143
3.78008e-05
0.0209304
-0.00057776
0.000317026
0.0121595
-0.000353546
0.000538966
0.00520874
-8.10854e-05
-8.59322e-05
0.0517868
-0.000799094
-4.01145e-05
0.0408469
-0.00069569
2.34903e-05
0.0299862
-0.0006135
-6.37269e-05
0.0199012
-0.000451638
2.04197e-05
0.0112493
-0.000338565
7.07141e-05
0.00485474
-0.000116923
-0.000986582
0.00159528
7.78786e-05
-0.00405115
0.0228006
-0.000914306
