-0.00656276
0.0585383
-0.00183436
0.0062722
0.0585209
-0.000654027
0.00036665
0.000200212
0.000109142
-0.000223739
-4.38333e-05
-7.83554e-05
-0.00633531
0.0597046
-0.00182602
0.0064967
0.0597129
-0.000667702
0.000201083
1.82543e-06
-0.000103493
-0.000240156
0.000120388
0.000110348
-0.00652135
0.0474631
-0.00165104
-0.00632541
0.0363096
-0.0015022
-0.00582293
0.0253765
-0.00141844
-0.00488849
0.0160803
-0.00129161
-0.00355888
0.00830903
-0.000739456
-0.00207746
0.00288642
-0.000321627
0.00627746
0.0474086
-0.000474053
0.00618184
0.0362113
-0.000284831
0.00571418
0.0256478
1.21961e-05
0.0048084
0.0154947
1.61396e-05
0.00369119
0.0081629
0.000225362
0.00223534
0.00282583
0.000613062
-0.00631099
0.0486116
-0.00162239
-0.00612036
0.037425
-0.00140461
-0.00566318
0.0264205
-0.00116636
-0.00468149
0.0171409
-0.000704799
-0.00328283
0.00888973
-0.00037156
-0.00189088
0.00256505
0.000226418
0.00650298
0.0485685
-0.000501088
0.00639906
0.0373556
-0.000374213
0.00582817
0.0266721
-0.000297013
0.00500451
0.016533
-0.000362844
0.00414742
0.00871905
-0.000189728
0.00239389
0.00343619
5.17684e-05
-0.000150036
0.0585317
-0.00124942
-0.00109014
0.00121172
-0.000116485
-0.00643814
0.0591248
-0.00182427
0.00142895
0.00115308
0.000420973
0.00634892
0.0591191
-0.000662541
-0.000159408
-0.000149222
9.32905e-05
0.000475857
0.00017095
-0.000106787
-0.000428413
0.00010729
-7.30698e-05
6.35198e-05
0.0597024
-0.0012523
-0.00092659
0.000898949
0.000456243
0.00122738
0.00135574
-0.000199627
1.35809e-05
-7.17574e-05
5.92859e-05
-0.00655298
0.053026
-0.00174012
-0.00645017
0.041882
-0.00157061
-0.00612212
0.0308209
-0.00143786
-0.00562588
0.0203152
-0.00132418
-0.00418432
0.0118695
-0.000984176
-0.00289275
0.00530976
-0.000480928
0.00627691
0.0529912
-0.000567414
0.00625429
0.0418088
-0.000376145
0.00603494
0.0307684
-0.000180066
0.00534324
0.0205649
0.000102079
0.00424183
0.0116734
0.000108708
0.00304425
0.00517275
0.000381985
-0.00633608
0.0541871
-0.00172315
-0.00624513
0.0430046
-0.00151434
-0.00594604
0.0319014
-0.00127754
-0.00530722
0.0213956
-0.0010187
-0.00391804
0.0126672
-0.000591347
-0.00263199
0.00560144
-6.9981e-05
0.00650292
0.0541676
-0.000576924
0.00645858
0.0429612
-0.000432803
0.00626548
0.0318191
-0.000323347
0.00540627
0.0215708
-0.000310438
0.00461448
0.012474
-0.000260068
0.00351615
0.00551911
-0.00010175
-0.00639272
0.0480442
-0.00164246
-0.00621954
0.036897
-0.001457
-0.00576722
0.0259862
-0.0012789
-0.00473901
0.016791
-0.00103845
-0.00340859
0.00864247
-0.000600367
-0.00216496
0.00272078
-0.00010666
0.00632531
0.0479915
-0.000491608
0.00618719
0.036809
-0.000332596
0.00567001
0.0261641
-9.32899e-05
0.00477633
0.0160904
-0.000241932
0.00376708
0.00852021
-1.17883e-05
0.00223374
0.00317678
0.000344857
7.76035e-05
0.0485821
-0.00106841
0.000125384
0.0373678
-0.000899238
0.000177902
0.0263932
-0.000755024
0.000149947
0.0167042
-0.000479784
0.00045235
0.00864096
-0.000294098
0.000548777
0.00269161
-7.82677e-06
-0.000111912
0.0474235
-0.00106421
-3.69396e-05
0.036206
-0.000895412
-2.95787e-05
0.0254082
-0.000795764
-0.000158077
0.0155579
-0.000554207
2.86336e-05
0.00802309
-0.000286553
3.49895e-05
0.00250855
-2.80721e-05
-1.64803e-05
0.000897792
-1.25831e-05
4.89608e-05
0.000715377
-5.71204e-05
-4.93827e-05
0.0591211
-0.00124329
0.00143018
0.0011968
4.75401e-05
6.2161e-07
-0.000139587
-8.25468e-06
-0.00122422
0.00100721
0.000147327
-0.00642421
0.0536133
-0.00173498
-0.00632845
0.0424535
-0.00154848
-0.00601486
0.0313842
-0.00137351
-0.00548658
0.020883
-0.00118283
-0.00399135
0.012365
-0.000853215
-0.00281162
0.00547722
-0.000332635
0.00634552
0.0535757
-0.000573668
0.00626414
0.0423936
-0.000409899
0.00601849
0.0313457
-0.000247727
0.00519582
0.0210268
-0.000187095
0.00431059
0.0121345
-9.25633e-05
0.00311847
0.00544413
0.000115355
5.7507e-05
0.0541777
-0.00115497
0.000111265
0.0429463
-0.000981511
0.000165064
0.0318014
-0.000817694
6.86759e-05
0.0213934
-0.000725648
0.000349621
0.0124285
-0.000440138
0.000569749
0.00532412
-0.000117585
-0.00013212
0.0530041
-0.0011541
-8.43114e-05
0.0418242
-0.000978017
-1.58444e-05
0.030721
-0.000825916
-9.99916e-05
0.0204055
-0.000597591
-9.0262e-06
0.0115508
-0.000425504
5.11014e-05
0.00499426
-0.00015424
-0.00100275
0.00163227
7.4274e-05
-0.00412129
0.0233144
-0.00105693
