-0.00664834
0.0591612
-0.00201555
0.00631059
0.0591435
-0.0008632
0.000370332
0.000202362
0.000110315
-0.000227115
-4.38717e-05
-7.98323e-05
-0.00637921
0.0602994
-0.00200721
0.00657692
0.0603079
-0.000876979
0.000204108
2.08926e-06
-0.00010532
-0.000242155
0.000121237
0.000111839
-0.00660656
0.0479789
-0.00179662
-0.00640859
0.0367163
-0.00161351
-0.00590073
0.0256734
-0.00149911
-0.00495626
0.0162792
-0.00134322
-0.00361124
0.00841989
-0.000764609
-0.00210963
0.00292941
-0.000328916
0.00631619
0.0479238
-0.000646836
0.00622134
0.0366165
-0.000420227
0.00575256
0.0259457
-8.56317e-05
0.00484215
0.0156873
-5.00078e-05
0.00371927
0.00827019
0.000190804
0.00225406
0.00286556
0.000605874
-0.00635484
0.0490998
-0.00176781
-0.00616356
0.0378063
-0.00151518
-0.00570447
0.026696
-0.00124498
-0.00471672
0.017322
-0.000751201
-0.00330784
0.00898546
-0.000393283
-0.00190583
0.00259303
0.000224206
0.00658321
0.0490568
-0.000673825
0.00647802
0.0377375
-0.000509825
0.00590224
0.0269502
-0.000396655
0.00507106
0.0167102
-0.00043167
0.00420329
0.00881544
-0.000227651
0.00242794
0.00347595
4.03898e-05
-0.000173585
0.0591545
-0.00144468
-0.00110796
0.00123108
-0.000118813
-0.00650284
0.0597337
-0.00200541
0.00144185
0.00116913
0.000419956
0.00640777
0.0597279
-0.000871725
-0.000163267
-0.000150789
9.40822e-05
0.00048143
0.000173361
-0.00010792
-0.000433259
0.000108897
-7.30886e-05
8.14368e-05
0.0602972
-0.00144762
-0.000934687
0.000908591
0.000459386
0.0012456
0.00137265
-0.000207129
1.49772e-05
-7.27752e-05
5.94092e-05
-0.00663848
0.0535956
-0.00190347
-0.00653469
0.0423435
-0.00169875
-0.00620311
0.0311728
-0.00153317
-0.00570113
0.0205591
-0.00138925
-0.00424441
0.0120218
-0.00102148
-0.00293619
0.00538395
-0.0004956
0.00631539
0.0535605
-0.000758652
0.00629344
0.0422694
-0.000530127
0.0060745
0.031119
-0.000296897
0.00537994
0.0208101
2.0875e-05
0.00427271
0.0118221
5.88549e-05
0.00306853
0.00524318
0.000361658
-0.00638002
0.0547288
-0.00188638
-0.00628879
0.0434392
-0.00164214
-0.00598873
0.0322297
-0.00137161
-0.00534675
0.0216211
-0.0010813
-0.00394726
0.0128023
-0.000625245
-0.00265248
0.00566207
-8.07367e-05
0.00658315
0.0547093
-0.000768117
0.00653817
0.0433963
-0.000586892
0.00634307
0.0321479
-0.000440813
0.00547676
0.0217985
-0.00039415
0.00467623
0.0126096
-0.000312694
0.00356382
0.00558148
-0.000126302
-0.0064571
0.0485462
-0.00178798
-0.00628274
0.0372913
-0.00156771
-0.00582678
0.0262728
-0.00135802
-0.00478973
0.0169822
-0.00108784
-0.00344699
0.00874571
-0.000623702
-0.00219046
0.00275554
-0.000111101
0.00638421
0.048493
-0.000664281
0.00624564
0.0372023
-0.000467861
0.00572539
0.0264518
-0.000191418
0.00482489
0.0162753
-0.000309457
0.00380763
0.00862167
-4.76331e-05
0.00225962
0.00321568
0.000336121
9.54041e-05
0.0490704
-0.00122761
0.000142597
0.0377494
-0.00102251
0.000194363
0.026669
-0.000844502
0.000165193
0.016882
-0.000537215
0.000467696
0.00873547
-0.00032432
0.000561781
0.00272187
-1.74552e-05
-0.000134948
0.0479389
-0.00122348
-5.81965e-05
0.0366114
-0.00101912
-4.87176e-05
0.0257049
-0.00088589
-0.000176072
0.0157516
-0.000612237
1.60288e-05
0.00813006
-0.000317018
2.72005e-05
0.002546
-3.708e-05
-2.17669e-05
0.000911804
-1.5114e-05
5.30642e-05
0.000723467
-6.14134e-05
-5.22876e-05
0.0597299
-0.00143853
0.00144745
0.00121209
4.37057e-05
6.31485e-07
-0.000141254
-7.86811e-06
-0.00123915
0.00102005
0.000148826
-0.00648883
0.054169
-0.0018983
-0.0063924
0.0429015
-0.00167639
-0.00607636
0.0317243
-0.00146811
-0.00554378
0.021118
-0.00124643
-0.00403536
0.0125092
-0.000888944
-0.00284392
0.00554435
-0.000345348
0.00640438
0.0541311
-0.000764848
0.00632277
0.0428413
-0.000563715
0.00607615
0.0316853
-0.000364508
0.00524762
0.0212629
-0.000269835
0.00435565
0.0122763
-0.000143342
0.00315322
0.00551015
9.34605e-05
7.53109e-05
0.0547193
-0.00133223
0.000129037
0.0433808
-0.00112276
0.000182075
0.0321296
-0.000923672
8.38341e-05
0.0216195
-0.000799636
0.000365359
0.0125626
-0.000483618
0.000584767
0.00538319
-0.000136016
-0.00015546
0.0535735
-0.00133142
-0.000106801
0.0422851
-0.00111927
-3.60755e-05
0.0310719
-0.000932335
-0.000118477
0.0206498
-0.000670874
-2.41099e-05
0.0116994
-0.000469227
4.10162e-05
0.00506395
-0.000173139
-0.00101063
0.00165186
7.20434e-05
-0.00415341
0.023564
-0.00112938
