-0.00680688
0.0603161
-0.00238051
0.00637441
0.060298
-0.00127663
0.000377527
0.000206579
0.000112668
-0.000233851
-4.38949e-05
-8.28212e-05
-0.00645537
0.0614057
-0.00237218
0.00672343
0.0614144
-0.00129051
0.000210136
2.68677e-06
-0.000108921
-0.00024613
0.000123025
0.000114722
-0.00676467
0.0489421
-0.00209104
-0.00656385
0.0374839
-0.00183952
-0.00604768
0.0262426
-0.00166313
-0.00508613
0.0166658
-0.0014485
-0.00371364
0.00863882
-0.000817017
-0.00217341
0.00301545
-0.000344754
0.00638069
0.0488861
-0.00098837
0.00628792
0.0373817
-0.000688033
0.00581904
0.0265156
-0.000279561
0.00490283
0.0160628
-0.000180497
0.00377171
0.00848173
0.000122677
0.00229007
0.00294458
0.000591702
-0.00643104
0.0500153
-0.00206206
-0.00623935
0.0385302
-0.00174017
-0.00577826
0.0272283
-0.00140585
-0.00478158
0.0176775
-0.000847788
-0.00335563
0.00917808
-0.000439503
-0.00193485
0.00265183
0.000218259
0.00672984
0.0499726
-0.0010151
0.00662307
0.0384624
-0.000777586
0.00604036
0.0274864
-0.000593016
0.00519742
0.0170596
-0.000566301
0.00431112
0.00900895
-0.000301646
0.00249476
0.00355742
1.84795e-05
-0.000220821
0.0603093
-0.00183398
-0.00114354
0.00127014
-0.000124096
-0.00662015
0.0608642
-0.00237031
0.00146696
0.00120115
0.000418116
0.00651224
0.0608584
-0.00128512
-0.000170973
-0.000153884
9.55237e-05
0.000492374
0.000178134
-0.000109993
-0.000442878
0.000112241
-7.3175e-05
0.000116207
0.0614036
-0.00183701
-0.000950441
0.000929569
0.000464776
0.00128175
0.00140797
-0.000221496
1.78039e-05
-7.46097e-05
5.96077e-05
-0.00679695
0.0546549
-0.00223313
-0.0066919
0.0432095
-0.00195846
-0.00635506
0.0318417
-0.001727
-0.00584366
0.0210303
-0.00152206
-0.00436092
0.0123205
-0.00109832
-0.00302176
0.00553143
-0.000526745
0.00637936
0.0546194
-0.0011366
0.00635893
0.0431338
-0.000834611
0.00614191
0.0317855
-0.000528067
0.00544461
0.0212829
-0.000140019
0.00432941
0.0121137
-3.94627e-05
0.00311458
0.00538279
0.000321647
-0.00645625
0.0557398
-0.0022159
-0.00636492
0.0442588
-0.00190143
-0.00606422
0.032858
-0.00156364
-0.00541828
0.0220608
-0.00121013
-0.00400222
0.0130711
-0.000696253
-0.00269204
0.00578581
-0.000104548
0.0067297
0.0557206
-0.0011459
0.00668396
0.0442169
-0.000891251
0.00648627
0.0327771
-0.000672571
0.0056095
0.0222418
-0.000558596
0.00479442
0.0128791
-0.000415601
0.00365661
0.00570817
-0.000173973
-0.00657403
0.0494855
-0.0020823
-0.00639822
0.0380374
-0.00179275
-0.00593696
0.0268239
-0.00151956
-0.00488545
0.0173553
-0.00118946
-0.00352135
0.00895132
-0.000672823
-0.00224048
0.00282657
-0.000121538
0.00648893
0.0494317
-0.00100551
0.00635027
0.037947
-0.000735199
0.00582624
0.0270043
-0.00038557
0.00491548
0.0166378
-0.000441952
0.00388488
0.00882351
-0.000117955
0.00230996
0.00329413
0.000319086
0.000129912
0.0499859
-0.00154557
0.000175879
0.0384738
-0.00126916
0.000226291
0.0272019
-0.00102375
0.000194926
0.0172321
-0.000652641
0.000497456
0.00892577
-0.000385204
0.000587427
0.00278503
-3.69517e-05
-0.000181401
0.0489016
-0.00154162
-0.000101532
0.0373772
-0.00126671
-8.78637e-05
0.0262731
-0.0010663
-0.00021227
0.0161292
-0.000728822
-9.76143e-06
0.00834149
-0.000378524
1.12562e-05
0.00262095
-5.55286e-05
-3.25336e-05
0.000940058
-2.04486e-05
6.13288e-05
0.000741475
-7.02153e-05
-5.86593e-05
0.0608604
-0.00182782
0.00148129
0.00124327
3.64551e-05
7.40237e-07
-0.00014436
-7.0388e-06
-0.00126857
0.00104695
0.000150931
-0.00660604
0.0552042
-0.00222791
-0.00650883
0.0437442
-0.00193575
-0.0061894
0.0323727
-0.00166084
-0.00565024
0.021574
-0.00137673
-0.00411972
0.0127937
-0.000963039
-0.00290694
0.00567941
-0.000372889
0.0065089
0.0551659
-0.00114264
0.00642734
0.0436835
-0.00086771
0.00618003
0.0323327
-0.000595309
0.00534319
0.0217204
-0.000432804
0.00444059
0.0125559
-0.000243104
0.00322007
0.00564263
5.06373e-05
0.0001099
0.0557304
-0.00168593
0.00016338
0.0442004
-0.00140512
0.00021494
0.0327578
-0.00113591
0.000113643
0.0220603
-0.000947677
0.000395757
0.0128296
-0.000570987
0.00061409
0.00550385
-0.000173304
-0.000202392
0.0546326
-0.00168528
-0.000152329
0.0431503
-0.00140168
-7.74597e-05
0.0317389
-0.00114546
-0.000155997
0.0211215
-0.000818017
-5.48768e-05
0.0119912
-0.000557219
2.03419e-05
0.00520256
-0.000211475
-0.00102588
0.00169312
6.66092e-05
-0.00421166
0.024048
-0.00127682
