-0.00687984
0.0608478
-0.00256426
0.00640003
0.0608296
-0.0014805
0.000381028
0.000208636
0.000113848
-0.000237203
-4.38812e-05
-8.43308e-05
-0.00648769
0.0619173
-0.00255594
0.00678983
0.0619261
-0.00149439
0.000213133
3.02132e-06
-0.000110692
-0.000248092
0.000123957
0.000116108
-0.00683756
0.049389
-0.00223992
-0.00663589
0.0378443
-0.00195431
-0.00611679
0.0265141
-0.00174658
-0.00514813
0.0168529
-0.00150228
-0.00376358
0.00874647
-0.000844364
-0.00220494
0.0030583
-0.000353357
0.00640664
0.0493328
-0.0011568
0.00631516
0.0377411
-0.000820194
0.00584725
0.0267869
-0.000375477
0.00492977
0.0162452
-0.000244721
0.00379604
0.00858559
8.91673e-05
0.00230732
0.00298366
0.000584729
-0.00646345
0.0504425
-0.00221092
-0.00627199
0.0388726
-0.00185467
-0.00581075
0.0274847
-0.00148817
-0.00481117
0.0178515
-0.000898073
-0.00337832
0.00927473
-0.000464094
-0.00194883
0.00268254
0.000214463
0.00679636
0.0504
-0.00118331
0.00668926
0.0388052
-0.000909501
0.00610445
0.0277442
-0.000689574
0.00525722
0.0172314
-0.000632012
0.00436304
0.0091058
-0.00033767
0.00252748
0.00359902
7.95963e-06
-0.000244409
0.060841
-0.00202782
-0.00116125
0.00128973
-0.000127078
-0.00667278
0.0613859
-0.00255404
0.00147914
0.00121702
0.000417295
0.00655801
0.0613801
-0.00148895
-0.000174817
-0.000155415
9.61691e-05
0.000497729
0.000180487
-0.000110928
-0.000447633
0.000113971
-7.32438e-05
0.000133087
0.0619152
-0.00203087
-0.00095805
0.000940862
0.00046698
0.00129964
0.00142634
-0.00022835
1.92386e-05
-7.54241e-05
5.96783e-05
-0.0068699
0.0551444
-0.00239945
-0.00676458
0.0436135
-0.00209008
-0.00642599
0.032158
-0.00182561
-0.00591087
0.0212571
-0.00158992
-0.00441723
0.0124663
-0.00113797
-0.00306379
0.0056044
-0.000543294
0.00640505
0.0551088
-0.00132295
0.00638544
0.0435373
-0.000984829
0.00616991
0.0321007
-0.000642192
0.00547265
0.0215099
-0.000219549
0.00435522
0.012256
-8.78412e-05
0.00313631
0.00545168
0.000301998
-0.0064886
0.0562092
-0.00238219
-0.00639745
0.0446436
-0.00203298
-0.00609705
0.0331576
-0.00166169
-0.00545026
0.0222746
-0.00127647
-0.0040279
0.0132044
-0.000733463
-0.00271101
0.00584872
-0.000117687
0.00679613
0.0561901
-0.00133213
0.00675027
0.0446023
-0.00104125
0.00655197
0.0330771
-0.000786665
0.00567177
0.0224571
-0.000639204
0.00485083
0.0130127
-0.000465813
0.00370167
0.00577229
-0.000197062
-0.00662661
0.0499225
-0.00223115
-0.00645052
0.0383888
-0.00190716
-0.00598756
0.027088
-0.00160208
-0.00493039
0.0175367
-0.00124179
-0.00355723
0.00905334
-0.000698704
-0.00226493
0.00286269
-0.000127592
0.00653489
0.0498686
-0.00117374
0.00639658
0.0382979
-0.000867031
0.00587177
0.0272685
-0.000481418
0.00495751
0.0168149
-0.000506822
0.00392154
0.00892359
-0.00015238
0.00233437
0.00333351
0.000310801
0.000146647
0.0504133
-0.00170418
0.000191982
0.0388164
-0.00139246
0.000241792
0.0274586
-0.00111349
0.000209434
0.017404
-0.00071063
0.00051189
0.00902128
-0.000415888
0.000600076
0.00281783
-4.68371e-05
-0.000204719
0.0493485
-0.00170034
-0.000123515
0.037737
-0.00139051
-0.000107791
0.0265442
-0.00115655
-0.000230412
0.0163126
-0.000787377
-2.29071e-05
0.00844552
-0.000409581
3.11279e-06
0.00265826
-6.49827e-05
-3.80127e-05
0.000954211
-2.32607e-05
6.5502e-05
0.000751357
-7.47347e-05
-6.20642e-05
0.0613821
-0.00202166
0.00149781
0.00125909
3.30489e-05
8.42232e-07
-0.000145797
-6.59351e-06
-0.001283
0.00106096
0.0001515
-0.00665867
0.0556836
-0.00239421
-0.00656133
0.0441386
-0.00206726
-0.00624095
0.0326806
-0.00175905
-0.00569946
0.0217946
-0.00144354
-0.00415998
0.0129335
-0.00100151
-0.00293757
0.00574707
-0.000387797
0.00655471
0.0556452
-0.0013289
0.0064734
0.0440778
-0.00101761
0.00622635
0.0326401
-0.000709125
0.00538699
0.0219414
-0.000512898
0.00448046
0.0126935
-0.00029201
0.00325211
0.00570884
2.97416e-05
0.000126712
0.0561999
-0.0018622
0.000179983
0.0445853
-0.00154613
0.00023083
0.0330575
-0.00124211
0.000128318
0.0222747
-0.00102172
0.00041044
0.0129621
-0.00061489
0.000628409
0.00556524
-0.000192183
-0.000225885
0.055122
-0.00186163
-0.000175269
0.0435541
-0.00154272
-9.85224e-05
0.0320545
-0.00125211
-0.000174965
0.0213483
-0.000891853
-7.05059e-05
0.012134
-0.000601497
9.77786e-06
0.00527117
-0.000230927
-0.0010332
0.0017147
6.33671e-05
-0.00423777
0.024282
-0.00135188
