-0.00694861
0.061349
-0.00274882
0.00642162
0.0613308
-0.00168224
0.000384453
0.000210652
0.000115029
-0.000240538
-4.38516e-05
-8.58484e-05
-0.00651623
0.0624013
-0.00274052
0.00685177
0.0624102
-0.00169611
0.000216112
3.37994e-06
-0.000112442
-0.000250029
0.00012491
0.000117452
-0.00690637
0.0498127
-0.00238991
-0.00670422
0.0381887
-0.00207031
-0.00618294
0.0267765
-0.00183103
-0.00520812
0.0170355
-0.00155689
-0.0038126
0.00885259
-0.000872522
-0.00223616
0.00310086
-0.000362443
0.00642854
0.0497564
-0.00132349
0.0063385
0.0380847
-0.000951048
0.0058722
0.0270487
-0.000470583
0.00495449
0.0164236
-0.0003082
0.00381908
0.00868787
5.60578e-05
0.00232403
0.00302233
0.000577833
-0.00649212
0.0508493
-0.00236094
-0.00630117
0.0392017
-0.00197052
-0.00584032
0.0277343
-0.0015718
-0.00483883
0.0180227
-0.000949728
-0.00340014
0.00937135
-0.000489719
-0.00196239
0.00271403
0.000210083
0.00685845
0.0508071
-0.00134974
0.00675132
0.0391349
-0.00103997
0.00616528
0.0279948
-0.000784963
0.00531476
0.017401
-0.00069661
0.00441359
0.00920248
-0.000373025
0.0025597
0.00364108
-2.26768e-06
-0.000267913
0.0613423
-0.00222099
-0.00117888
0.00130928
-0.000130301
-0.00672145
0.0618785
-0.0027386
0.00149103
0.00123274
0.000416536
0.0065996
0.0618727
-0.00169064
-0.000178654
-0.000156935
9.67617e-05
0.000502993
0.000182813
-0.000111789
-0.000452337
0.000115735
-7.33298e-05
0.000149651
0.0623993
-0.00222405
-0.000965446
0.000952647
0.000468833
0.00131738
0.00144512
-0.00023498
2.06903e-05
-7.61692e-05
5.97263e-05
-0.00693869
0.0556069
-0.00256675
-0.00683331
0.0439979
-0.00222289
-0.00649354
0.0324619
-0.00192541
-0.00597535
0.0214775
-0.0016588
-0.00447217
0.0126094
-0.00117849
-0.00310524
0.00567663
-0.000560532
0.00642669
0.0555713
-0.00150735
0.00640793
0.0439212
-0.00113353
0.00619421
0.0324035
-0.000755219
0.00549788
0.0217302
-0.000298375
0.00437933
0.0123957
-0.000135653
0.00315713
0.00551973
0.000282605
-0.00651717
0.0566546
-0.00254949
-0.00642635
0.0450117
-0.00216581
-0.00612663
0.0334473
-0.00176112
-0.00547971
0.0224842
-0.00134415
-0.00405232
0.0133367
-0.000771855
-0.00272937
0.00591215
-0.000131691
0.00685811
0.0566357
-0.0015164
0.0068123
0.0449709
-0.00118963
0.00661381
0.0333673
-0.000899457
0.00573134
0.0226679
-0.000718668
0.00490543
0.0131452
-0.000515166
0.0037458
0.00583676
-0.00021964
-0.0066753
0.0503377
-0.00238113
-0.0064992
0.0387257
-0.00202287
-0.00603516
0.0273441
-0.00168581
-0.00497334
0.0177143
-0.0012952
-0.00359216
0.00915456
-0.000725512
-0.00228894
0.00289907
-0.000134232
0.00657673
0.0502838
-0.00134021
0.00643898
0.0386344
-0.0009975
0.00591411
0.0275245
-0.000576348
0.00499738
0.0169888
-0.00057072
0.00395686
0.00902282
-0.000186287
0.00235824
0.00337287
0.000302674
0.000163061
0.0508203
-0.00186245
0.000207755
0.0391459
-0.00151568
0.000257012
0.0277085
-0.00120329
0.00022372
0.0175736
-0.000768795
0.000526044
0.0091168
-0.000446742
0.000612613
0.00285133
-5.68247e-05
-0.00022803
0.0497721
-0.00185874
-0.00014564
0.038081
-0.00151425
-0.000127899
0.026806
-0.0012468
-0.000248543
0.0164919
-0.000846101
-3.6191e-05
0.00854813
-0.000440846
-5.13566e-06
0.00269531
-7.45969e-05
-4.35542e-05
0.000968316
-2.61734e-05
6.97096e-05
0.000761786
-7.93388e-05
-6.55715e-05
0.0618747
-0.00221483
0.00151405
0.001275
2.97929e-05
9.77533e-07
-0.000147155
-6.12637e-06
-0.00129721
0.00107527
0.000151724
-0.00670735
0.0561376
-0.00256149
-0.00661005
0.0445148
-0.0022
-0.00628918
0.0329772
-0.00185854
-0.00574599
0.0220098
-0.0015115
-0.0041989
0.0130714
-0.00104098
-0.00296755
0.00581462
-0.000403502
0.00659635
0.0560992
-0.0015132
0.00651544
0.0444539
-0.00116595
0.00626902
0.0329364
-0.000821765
0.00542819
0.0221567
-0.000591988
0.00451859
0.0128292
-0.000340226
0.00328321
0.00577483
9.20461e-06
0.000143223
0.0566454
-0.00203797
0.000196234
0.0449535
-0.00168695
0.000246386
0.0333474
-0.00134833
0.000142861
0.0224846
-0.00109576
0.000424801
0.0130937
-0.000658944
0.000642508
0.00562716
-0.000211231
-0.000249329
0.0555845
-0.0020375
-0.000198259
0.0439384
-0.00168359
-0.000119768
0.0323579
-0.00135878
-0.000194024
0.0215686
-0.000965845
-8.62606e-05
0.0122742
-0.000645965
-9.18854e-07
0.00533909
-0.000250578
-0.00104029
0.00173683
5.97544e-05
-0.00426186
0.0245103
-0.00142785
