-0.00707375
0.0622603
-0.00312019
0.00645322
0.0622421
-0.0020788
0.000391043
0.00021454
0.00011739
-0.000247134
-4.37477e-05
-8.88988e-05
-0.00656224
0.0632875
-0.00311193
0.00696273
0.0632965
-0.00209253
0.000222003
4.16853e-06
-0.000115869
-0.000253791
0.000126861
0.000120002
-0.00703184
0.0505899
-0.00269313
-0.00682982
0.0388289
-0.00230596
-0.00630639
0.0272725
-0.00200303
-0.00532188
0.0173857
-0.00166868
-0.0039076
0.00905918
-0.000931345
-0.0022975
0.00318463
-0.000382107
0.00646073
0.0505335
-0.00165116
0.00637395
0.0387237
-0.00120848
0.00591259
0.0275425
-0.000658091
0.00499732
0.0167669
-0.000432776
0.00386123
0.00888672
-8.90024e-06
0.00235565
0.00309794
0.000564258
-0.0065385
0.051602
-0.00266434
-0.00634933
0.0398196
-0.00220625
-0.00589075
0.0282123
-0.00174296
-0.00488826
0.0183557
-0.00105719
-0.00344092
0.00956361
-0.000544144
-0.0019881
0.00277892
0.000199496
0.0069698
0.0515603
-0.00167676
0.00686344
0.0397537
-0.00129625
0.00627737
0.0284736
-0.000972036
0.00542309
0.017732
-0.000822388
0.00451047
0.00939443
-0.000441702
0.00262249
0.00372613
-2.1857e-05
-0.000314472
0.0622537
-0.00260493
-0.00121374
0.001348
-0.000137496
-0.00680706
0.0627772
-0.00310999
0.00151382
0.00126351
0.000415177
0.00667074
0.0627715
-0.00208705
-0.000186292
-0.000159943
9.77809e-05
0.000513207
0.00018736
-0.000113285
-0.000461547
0.000119343
-7.35507e-05
0.000181918
0.0632856
-0.00260799
-0.000979484
0.00097751
0.00047141
0.00135232
0.00148372
-0.000247564
2.36515e-05
-7.74511e-05
5.97452e-05
-0.00706393
0.0564511
-0.00290414
-0.00695906
0.0447072
-0.00249203
-0.00661853
0.033031
-0.00212854
-0.00609602
0.021898
-0.00179972
-0.0045777
0.0128862
-0.00126222
-0.00318614
0.00581803
-0.000597143
0.00645838
0.0564157
-0.00186978
0.00644139
0.0446301
-0.00142597
0.00623216
0.0329708
-0.000977665
0.00554013
0.0221494
-0.000453685
0.00442247
0.0126659
-0.000229475
0.00319592
0.00565261
0.000244603
-0.00656324
0.0574739
-0.00288696
-0.00647345
0.0456974
-0.00243524
-0.00617616
0.0339961
-0.00196412
-0.00553101
0.0228891
-0.00148352
-0.00409718
0.0135972
-0.000852246
-0.00276405
0.00603987
-0.00016237
0.00696914
0.0574554
-0.0018785
0.00692389
0.0456575
-0.00148116
0.00672623
0.0339169
-0.00112088
0.00584242
0.0230745
-0.000874032
0.00500913
0.0134058
-0.000611246
0.00383108
0.00596608
-0.000263261
-0.00676121
0.0511025
-0.00268435
-0.00658588
0.0393547
-0.00225814
-0.00612139
0.0278309
-0.00185693
-0.00505314
0.0180569
-0.00140528
-0.00365898
0.00935363
-0.000781985
-0.00233547
0.00297219
-0.000149321
0.00664845
0.0510487
-0.00166739
0.00651249
0.0392629
-0.00125401
0.00598945
0.0280102
-0.000763204
0.0050707
0.0173259
-0.000695502
0.00402341
0.00921787
-0.000252504
0.00240423
0.0034511
0.000286886
0.000195011
0.0515733
-0.00217772
0.000238404
0.0397645
-0.00176172
0.000286702
0.0281868
-0.00138294
0.000251686
0.0179043
-0.000885615
0.000553561
0.00930694
-0.000508979
0.000637354
0.00292005
-7.71336e-05
-0.000274429
0.0505494
-0.00217427
-0.00019011
0.0387208
-0.00176139
-0.000168474
0.0273008
-0.00142723
-0.000284641
0.0168369
-0.000964026
-6.30821e-05
0.00874802
-0.000504006
-2.1916e-05
0.00276819
-9.43187e-05
-5.48162e-05
0.000996162
-3.23077e-05
7.82472e-05
0.000784122
-8.88123e-05
-7.27566e-05
0.0627735
-0.00259881
0.00154555
0.00130689
2.37321e-05
1.35076e-06
-0.000149632
-5.12325e-06
-0.00132483
0.00110462
0.000151099
-0.00679307
0.0569693
-0.00289886
-0.00669633
0.0452122
-0.00246913
-0.00637578
0.0335359
-0.00206135
-0.00583097
0.0224229
-0.00165095
-0.00427253
0.0133401
-0.00112301
-0.00302533
0.00594864
-0.00043737
0.0066676
0.0569311
-0.00187541
0.00658787
0.0451514
-0.00145756
0.00634373
0.0334943
-0.00104324
0.00550286
0.0225694
-0.000746996
0.00458959
0.013094
-0.000434518
0.00334242
0.0059055
-3.07747e-05
0.000175424
0.0574649
-0.00238771
0.000227774
0.0456398
-0.00196781
0.000276601
0.0338968
-0.00156069
0.000171609
0.0228903
-0.0012438
0.00045262
0.0133531
-0.000747501
0.000670077
0.00575192
-0.000249862
-0.000295873
0.0564288
-0.00238743
-0.000244181
0.0446478
-0.00196454
-0.000162608
0.0329263
-0.00157201
-0.000232266
0.0219883
-0.00111423
-0.000118027
0.0125457
-0.000735461
-2.265e-05
0.00547209
-0.000290486
-0.00105367
0.00178243
5.13729e-05
-0.00430395
0.0249485
-0.00158259
