-0.00713023
0.0626707
-0.00330688
0.00646355
0.0626526
-0.00227338
0.00039419
0.000216399
0.000118566
-0.000250381
-4.36748e-05
-9.04265e-05
-0.00657988
0.06369
-0.00329865
0.007012
0.063699
-0.002287
0.000224903
4.59751e-06
-0.000117542
-0.000255599
0.000127848
0.000121201
-0.00708862
0.0509433
-0.00284627
-0.00688714
0.0391242
-0.00242556
-0.00636368
0.0275054
-0.00209058
-0.00537557
0.0175526
-0.00172589
-0.00395343
0.00915909
-0.000962026
-0.00232749
0.00322556
-0.000392695
0.00647132
0.0508871
-0.00181195
0.00638633
0.0390186
-0.0013349
0.00592822
0.0277738
-0.000750377
0.00501549
0.0169311
-0.000493821
0.00388029
0.00898274
-4.0732e-05
0.00237048
0.00313464
0.000557562
-0.00655637
0.0519478
-0.00281764
-0.00636842
0.0401081
-0.00232608
-0.00591165
0.0284399
-0.00183047
-0.00490999
0.0185168
-0.00111298
-0.00345977
0.00965871
-0.000572953
-0.00200013
0.00281206
0.000193261
0.00701931
0.0519065
-0.00183718
0.00691371
0.0400427
-0.00142193
0.00632874
0.0287011
-0.00106365
0.00547389
0.0178929
-0.000883558
0.00455673
0.00948919
-0.000475026
0.00265299
0.00376887
-3.12331e-05
-0.000337434
0.0626641
-0.00279553
-0.0012309
0.00136703
-0.000141474
-0.00684416
0.0631836
-0.0032967
0.00152466
0.00127845
0.000414559
0.00670056
0.0631779
-0.00228154
-0.000190087
-0.00016143
9.82043e-05
0.000518133
0.000189571
-0.000113915
-0.000466026
0.000121175
-7.36834e-05
0.000197666
0.0636881
-0.00279858
-0.000986067
0.000990478
0.000472105
0.00136947
0.00150342
-0.00025352
2.51639e-05
-7.79889e-05
5.9711e-05
-0.00712049
0.056833
-0.00307413
-0.00701617
0.045032
-0.0026283
-0.00667601
0.0332957
-0.00223187
-0.00615219
0.0220972
-0.00187176
-0.00462816
0.0130192
-0.00130546
-0.00322546
0.00588678
-0.00061653
0.00646873
0.0567977
-0.0020476
0.00645265
0.0449547
-0.00156954
0.00624603
0.0332346
-0.00108696
0.00555726
0.0223476
-0.000530074
0.00444148
0.0127957
-0.000275453
0.00321381
0.00571704
0.000225996
-0.0065809
0.057848
-0.00305702
-0.00649179
0.0460149
-0.00257177
-0.0061962
0.0342547
-0.00206765
-0.00555287
0.0230838
-0.00155521
-0.00411754
0.0137248
-0.000894243
-0.00278024
0.00610376
-0.000179064
0.00701845
0.0578296
-0.00205613
0.0069737
0.0459754
-0.00162416
0.00677701
0.0341759
-0.0012294
0.005894
0.0232697
-0.00094989
0.0050582
0.0135334
-0.000657968
0.00387215
0.00603055
-0.000284313
-0.00679856
0.0514521
-0.00283752
-0.00662396
0.0396465
-0.00237765
-0.00616005
0.028061
-0.0019443
-0.00508995
0.0182212
-0.00146197
-0.00369073
0.00945094
-0.000811661
-0.00235788
0.00300865
-0.000157782
0.0066786
0.0513985
-0.00182791
0.00654382
0.0395547
-0.00137991
0.00602259
0.0282394
-0.000855032
0.00510417
0.0174884
-0.000756358
0.0040546
0.00931315
-0.000284806
0.00242628
0.0034897
0.000279213
0.000210595
0.0519194
-0.00233458
0.000253335
0.0400534
-0.00188445
0.000301222
0.0284146
-0.00147275
0.000265398
0.0180647
-0.000944245
0.000566953
0.00940102
-0.000540366
0.000649559
0.00295503
-8.74666e-05
-0.000297417
0.0509031
-0.00233127
-0.000212348
0.0390161
-0.00188469
-0.000188851
0.027533
-0.00151736
-0.000302546
0.0170019
-0.00102321
-7.66418e-05
0.00884475
-0.000535898
-3.04307e-05
0.00280376
-0.000104429
-6.05316e-05
0.00100979
-3.55307e-05
8.25855e-05
0.000795928
-9.3685e-05
-7.63656e-05
0.0631799
-0.00278944
0.00156075
0.00132275
2.09239e-05
1.58921e-06
-0.000150752
-4.58607e-06
-0.00133817
0.00111953
0.000150232
-0.00683025
0.0573472
-0.00306885
-0.006734
0.0455333
-0.00260545
-0.00641423
0.0337975
-0.00216463
-0.00586943
0.02262
-0.00172244
-0.00430712
0.0134703
-0.00116557
-0.00305301
0.00601469
-0.000455545
0.00669748
0.0573092
-0.0020531
0.00661851
0.0454726
-0.00160067
0.00637596
0.0337554
-0.00115196
0.00553642
0.022766
-0.000822856
0.00462245
0.0132225
-0.000480572
0.00337046
0.00596977
-5.02185e-05
0.000191159
0.057839
-0.00256151
0.000243116
0.0459576
-0.00210773
0.000291315
0.0341558
-0.00166675
0.000185848
0.0230853
-0.00131777
0.000466116
0.0134802
-0.000792
0.000683561
0.00581436
-0.000269454
-0.000318876
0.0568108
-0.00256134
-0.000267011
0.0449727
-0.00210451
-0.0001841
0.0331908
-0.00167851
-0.000251375
0.0221869
-0.00118857
-0.000133976
0.0126765
-0.000780478
-3.36526e-05
0.00553676
-0.000310744
-0.0010599
0.00180572
4.659e-05
-0.00432196
0.0251579
-0.00166133
