-0.00718274
0.0630511
-0.00349413
0.00647044
0.0630332
-0.00246538
0.000397225
0.000218194
0.000119735
-0.000253583
-4.35887e-05
-9.19518e-05
-0.00659406
0.0640658
-0.00348592
0.00705733
0.0640748
-0.00247886
0.000227766
5.0486e-06
-0.000119186
-0.000257345
0.000128833
0.000122345
-0.00714152
0.0512733
-0.00300036
-0.00694089
0.0394027
-0.00254629
-0.00641801
0.0277278
-0.00217912
-0.00542709
0.0177136
-0.00178397
-0.00399806
0.00925634
-0.000993548
-0.00235694
0.00326565
-0.000403783
0.00647846
0.0512174
-0.00197062
0.00639534
0.0392968
-0.00145972
0.00594093
0.0279943
-0.000841623
0.00503153
0.0170898
-0.000554016
0.00389797
0.00907613
-7.21298e-05
0.00238461
0.00317044
0.000550912
-0.00657081
0.0522734
-0.00297191
-0.00638429
0.0403826
-0.00244715
-0.00592973
0.0286594
-0.00191922
-0.00492971
0.0186738
-0.0011701
-0.00347749
0.00975272
-0.000602815
-0.00201153
0.0028455
0.000186389
0.00706489
0.0522324
-0.00199544
0.0069603
0.0403176
-0.00154591
0.00637708
0.0289202
-0.00115395
0.00552245
0.01805
-0.000943588
0.00460149
0.00958273
-0.000507686
0.00268282
0.00381155
-4.03444e-05
-0.000360126
0.0630447
-0.0029851
-0.00124783
0.00138574
-0.000145707
-0.00687755
0.0635617
-0.00348397
0.00153507
0.001293
0.000413966
0.00672675
0.0635561
-0.00247343
-0.000193862
-0.000162904
9.85682e-05
0.000522921
0.000191733
-0.000114463
-0.000470403
0.000123018
-7.38286e-05
0.00021319
0.064064
-0.00298813
-0.000992317
0.00100372
0.000472388
0.00138635
0.00152328
-0.000259254
2.66989e-05
-7.84591e-05
5.96444e-05
-0.00717311
0.0571881
-0.00324488
-0.00706951
0.0453366
-0.00276564
-0.00673018
0.0335468
-0.00233631
-0.00620557
0.0222885
-0.00194485
-0.004677
0.0131481
-0.0013496
-0.00326392
0.00595393
-0.000636633
0.00647564
0.0571531
-0.00222304
0.00646047
0.0452594
-0.00171125
0.00625667
0.0334849
-0.0011949
0.00557183
0.0225377
-0.00060557
0.00445879
0.0129215
-0.000320797
0.00323066
0.00577986
0.000207644
-0.0065951
0.0581985
-0.00322787
-0.00650678
0.0463153
-0.00270943
-0.00621316
0.0345024
-0.00217247
-0.00557222
0.0232728
-0.0016282
-0.00413643
0.01385
-0.000937417
-0.00279557
0.00616736
-0.000196661
0.00706383
0.0581803
-0.00223137
0.00701969
0.0462762
-0.00176523
0.0068243
0.0344239
-0.00133643
0.00594299
0.023459
-0.00102452
0.00510539
0.0136586
-0.00070382
0.0039121
0.00609459
-0.000304872
-0.00683227
0.0517798
-0.00299164
-0.00665863
0.0399229
-0.00249835
-0.00619577
0.0282817
-0.00203284
-0.00512465
0.0183803
-0.00151974
-0.0037213
0.00954635
-0.000842288
-0.00237965
0.00304486
-0.000166854
0.00670515
0.0517265
-0.00198629
0.00657171
0.0398311
-0.00150417
0.00605282
0.028459
-0.000945745
0.00513555
0.0176463
-0.000816188
0.00408435
0.00940655
-0.000316572
0.00244764
0.00352779
0.000271675
0.000225954
0.0522452
-0.00249083
0.000268041
0.0403283
-0.00200691
0.00031556
0.0286343
-0.00156251
0.000278954
0.0182214
-0.001003
0.000580121
0.00949405
-0.000571931
0.000661651
0.00299022
-9.79249e-05
-0.0003202
0.0512333
-0.00248767
-0.000234518
0.0392948
-0.00200773
-0.000209225
0.0277547
-0.0016074
-0.000320316
0.0171613
-0.00108251
-9.02454e-05
0.00893895
-0.000567991
-3.90161e-05
0.00283856
-0.000114706
-6.6299e-05
0.00102314
-3.88571e-05
8.69745e-05
0.000808082
-9.86489e-05
-7.994e-05
0.063558
-0.00297904
0.00157555
0.00133848
1.82586e-05
1.86201e-06
-0.000151793
-4.02466e-06
-0.00135115
0.0011345
0.00014899
-0.00686375
0.0577
-0.0032396
-0.00676812
0.0458357
-0.00274287
-0.00644948
0.0340467
-0.00226912
-0.0059052
0.0228103
-0.00179508
-0.00434016
0.0135973
-0.00120916
-0.00307979
0.0060798
-0.000474543
0.00672373
0.0576623
-0.00222841
0.00664562
0.0457752
-0.00174189
0.00640493
0.0340043
-0.00125927
0.00556752
0.0229556
-0.000897598
0.00465355
0.0133478
-0.000525897
0.0033974
0.00603306
-6.93064e-05
0.000206682
0.0581896
-0.00273451
0.000258212
0.0462583
-0.00224723
0.000305805
0.0344039
-0.00177269
0.000200018
0.0232746
-0.00139169
0.000479365
0.013605
-0.000836637
0.000696852
0.00587654
-0.000289234
-0.000341637
0.0571661
-0.00273443
-0.000289686
0.0452775
-0.00224407
-0.000205571
0.0334418
-0.00178487
-0.000270424
0.0223776
-0.00126298
-0.000149929
0.0128033
-0.000825661
-4.47246e-05
0.00559992
-0.000331201
-0.00106578
0.00182919
4.14083e-05
-0.00433796
0.0253602
-0.00174094
