-0.00723139
0.063402
-0.00368185
0.00647408
0.0633842
-0.00265471
0.000400137
0.000219917
0.000120894
-0.000256735
-4.34899e-05
-9.34717e-05
-0.00660488
0.0644152
-0.00367367
0.00709887
0.0644241
-0.00266804
0.000230584
5.52074e-06
-0.000120797
-0.000259019
0.000129812
0.000123432
-0.00719061
0.05158
-0.0031553
-0.00699111
0.0396643
-0.00266808
-0.00646941
0.0279393
-0.00226863
-0.00547639
0.0178682
-0.0018429
-0.00404141
0.00935065
-0.00102589
-0.0023858
0.00330476
-0.000415362
0.00648232
0.0515243
-0.0021271
0.00640113
0.0395582
-0.0015829
0.00595082
0.0282037
-0.000931796
0.00504547
0.0172425
-0.000613354
0.00391424
0.0091666
-0.000103098
0.00239798
0.00320519
0.000544291
-0.00658193
0.0525787
-0.00312707
-0.006397
0.040643
-0.00256938
-0.00594501
0.0288706
-0.00200915
-0.00494738
0.0188263
-0.00122851
-0.00349404
0.00984531
-0.000633708
-0.00202226
0.00287905
0.000178877
0.00710672
0.052538
-0.00215148
0.00700332
0.0405784
-0.00166817
0.00642248
0.0291306
-0.00124293
0.00556878
0.0182031
-0.0010025
0.0046447
0.00967474
-0.000539698
0.00271194
0.003854
-4.92053e-05
-0.000382503
0.0633957
-0.00317357
-0.00126449
0.00140405
-0.00015019
-0.00690733
0.0639118
-0.00367172
0.00154503
0.00130712
0.000413383
0.00674947
0.0639062
-0.00266264
-0.000197613
-0.000164364
9.88714e-05
0.000527557
0.000193839
-0.000114929
-0.000474661
0.000124862
-7.39843e-05
0.000228516
0.0644133
-0.00317656
-0.000998202
0.00101717
0.000472247
0.00140294
0.00154322
-0.000264771
2.82576e-05
-7.8863e-05
5.95431e-05
-0.00722188
0.0575167
-0.00341632
-0.00711916
0.045621
-0.00290396
-0.00678108
0.033784
-0.00244183
-0.00625616
0.0224717
-0.00201894
-0.00472414
0.0132727
-0.00139462
-0.00330144
0.00601926
-0.00065744
0.00647928
0.057482
-0.00239604
0.00646502
0.0455439
-0.00185105
0.00626422
0.0337214
-0.00130145
0.00558389
0.0227192
-0.000680149
0.00447438
0.013043
-0.000365507
0.0032464
0.00584086
0.000189538
-0.00660594
0.0585256
-0.00339942
-0.0065185
0.0465985
-0.00284815
-0.00622711
0.0347389
-0.00227851
-0.00558906
0.0234557
-0.00170243
-0.00415382
0.0139726
-0.000981738
-0.00280998
0.00623041
-0.00021515
0.00710542
0.0585077
-0.00240416
0.00706203
0.0465598
-0.00190433
0.00686822
0.0346607
-0.00144194
0.00598941
0.023642
-0.00109794
0.00515069
0.0137812
-0.00074882
0.00395088
0.00615797
-0.000324954
-0.00686244
0.0520858
-0.00314663
-0.00668995
0.0401836
-0.00262018
-0.00622859
0.0284928
-0.0021225
-0.00515722
0.018534
-0.00157855
-0.00375062
0.00963956
-0.000873845
-0.00240071
0.00308066
-0.000176527
0.00672826
0.0520327
-0.00214249
0.00659629
0.0400921
-0.00162676
0.00608022
0.0286686
-0.00103532
0.00516484
0.0177992
-0.000874999
0.00411264
0.00949778
-0.000347813
0.00246828
0.00356521
0.000264258
0.000241113
0.0525507
-0.00264641
0.000282553
0.0405891
-0.00212907
0.000329744
0.0288456
-0.0016522
0.00029237
0.0183739
-0.00106186
0.00059308
0.00958567
-0.000603669
0.000673628
0.00302547
-0.000108512
-0.00034273
0.0515403
-0.0026434
-0.000256568
0.0395566
-0.00213048
-0.00022955
0.0279655
-0.00169731
-0.00033792
0.0173147
-0.00114192
-0.000103868
0.00903032
-0.000600276
-4.76625e-05
0.00287248
-0.000125147
-7.21147e-05
0.00103616
-4.22854e-05
9.14168e-05
0.000820516
-0.000103703
-8.34465e-05
0.0639082
-0.00316754
0.00158991
0.00135399
1.57305e-05
2.16858e-06
-0.000152754
-3.43889e-06
-0.00136372
0.00114948
0.000147371
-0.00689366
0.0580278
-0.00341103
-0.00679876
0.0461195
-0.00288131
-0.0064816
0.0342833
-0.00237476
-0.0059383
0.0229934
-0.00186882
-0.0043716
0.0137207
-0.00125374
-0.00310561
0.00614373
-0.000494348
0.00674652
0.0579904
-0.00240128
0.00666935
0.0460592
-0.00188119
0.00643075
0.0342406
-0.00136516
0.00559621
0.0231379
-0.000971218
0.00468287
0.0134697
-0.0005705
0.00342322
0.00609514
-8.80493e-05
0.000222018
0.0585169
-0.00290662
0.000273092
0.046542
-0.00238625
0.0003201
0.0346408
-0.00187846
0.000214137
0.0234577
-0.00146554
0.000492387
0.0137273
-0.000881403
0.000709957
0.00593822
-0.000309201
-0.000364113
0.057495
-0.00290665
-0.000312158
0.0455622
-0.00238315
-0.000226969
0.0336791
-0.00189106
-0.000289379
0.0225599
-0.00133743
-0.000165854
0.0129259
-0.000870998
-5.58492e-05
0.00566136
-0.000351854
-0.00107128
0.00185275
3.58286e-05
-0.00435196
0.025555
-0.0018214
