-0.00731747
0.0640163
-0.00405822
0.0064723
0.0639989
-0.00302521
0.000405549
0.00022312
0.000123171
-0.000262848
-4.32565e-05
-9.64804e-05
-0.00661693
0.0650356
-0.00405009
0.00717127
0.0650444
-0.00303818
0.000236059
6.52303e-06
-0.000123914
-0.000262111
0.000131717
0.000125417
-0.00727779
0.0521236
-0.00346737
-0.00708124
0.0401358
-0.00291454
-0.00656345
0.0283282
-0.00245033
-0.0055682
0.018157
-0.00196318
-0.00412391
0.00952914
-0.00109293
-0.00244144
0.0033794
-0.000439932
0.00648093
0.0520688
-0.00243338
0.00640371
0.0400297
-0.00182421
0.00596259
0.0285877
-0.00110883
0.00506717
0.0175286
-0.000729476
0.00394245
0.00933758
-0.00016379
0.00242227
0.00327106
0.000531062
-0.00659461
0.0531286
-0.00343965
-0.0064133
0.0411205
-0.00281697
-0.00596736
0.0292659
-0.00219227
-0.00497653
0.0191161
-0.00134896
-0.0035233
0.0100248
-0.000698451
-0.00204145
0.00294587
0.00016195
0.00717973
0.0530886
-0.00245683
0.00707927
0.0410566
-0.00190743
0.00650474
0.0295238
-0.00141695
0.00565478
0.0184951
-0.00111707
0.00472631
0.0098528
-0.000601867
0.00276783
0.00393753
-6.62449e-05
-0.000426164
0.0640103
-0.00354685
-0.00129684
0.00143916
-0.000159883
-0.00695651
0.0645292
-0.00404816
0.00156341
0.0013338
0.000412185
0.00678518
0.0645238
-0.0030329
-0.000205023
-0.00016723
9.92915e-05
0.00053632
0.000197859
-0.000115611
-0.00048276
0.000128528
-7.43164e-05
0.000258677
0.0650338
-0.00354975
-0.00100875
0.00104436
0.000470663
0.00143508
0.001583
-0.000275177
3.14474e-05
-7.9479e-05
5.92271e-05
-0.00730825
0.0580953
-0.00376079
-0.00720773
0.0461292
-0.0031832
-0.00687326
0.0342157
-0.0026558
-0.00634899
0.0228117
-0.00216994
-0.0048131
0.013507
-0.00148719
-0.00337336
0.00614347
-0.000701072
0.00647748
0.0580614
-0.00273456
0.00646499
0.0460526
-0.00212482
0.00627058
0.0341517
-0.00151031
0.00560079
0.0230554
-0.00082649
0.00450041
0.0132716
-0.000453056
0.00327443
0.00595653
0.000154
-0.00661802
0.0591103
-0.00374416
-0.00653254
0.0471132
-0.00312834
-0.00624622
0.0351768
-0.00249393
-0.0056153
0.0238013
-0.00185436
-0.00418385
0.0142082
-0.00107362
-0.00283574
0.00635382
-0.000254717
0.00717793
0.0590928
-0.00274224
0.00713632
0.0470751
-0.00217656
0.00694643
0.0350992
-0.00164837
0.00607472
0.0239874
-0.00124117
0.00523552
0.0140165
-0.000836359
0.00402468
0.00628172
-0.000363769
-0.00691253
0.0526324
-0.0034588
-0.00674284
0.0406577
-0.00286684
-0.00628564
0.0288842
-0.00230493
-0.00521591
0.0188231
-0.00169911
-0.00380521
0.00981803
-0.000939616
-0.00244047
0.00315039
-0.000197615
0.00676478
0.0525802
-0.00244816
0.00663612
0.0405667
-0.00186684
0.0061269
0.0290567
-0.00121098
0.00521727
0.0180883
-0.00098964
0.00416474
0.00967239
-0.000408774
0.00250718
0.00363744
0.000249725
0.000270945
0.0531011
-0.00295528
0.000311109
0.0410674
-0.00237224
0.00035775
0.0292411
-0.00183119
0.000318856
0.0186645
-0.0011798
0.000618425
0.00976333
-0.000667634
0.000697219
0.00309549
-0.000130081
-0.000386859
0.0520847
-0.00295258
-0.000300105
0.040029
-0.00237485
-0.000269872
0.0283529
-0.00187663
-0.00037252
0.0176021
-0.00126097
-0.000131077
0.00920333
-0.000665381
-6.50987e-05
0.00293706
-0.000146508
-8.38737e-05
0.00106093
-4.9438e-05
0.000100467
0.000845939
-0.000114076
-9.01287e-05
0.0645256
-0.0035409
0.00161715
0.00138412
1.10547e-05
2.8791e-06
-0.000154442
-2.19472e-06
-0.00138751
0.0011791
0.00014301
-0.00694312
0.0586094
-0.0037555
-0.00685
0.0466308
-0.00316087
-0.00653667
0.0347178
-0.00258916
-0.00599655
0.0233364
-0.0020194
-0.00442943
0.0139551
-0.00134572
-0.00315406
0.00626702
-0.00053628
0.00678237
0.0585728
-0.00273953
0.00670728
0.0465712
-0.00215389
0.00647343
0.0346745
-0.00157259
0.00564653
0.0234787
-0.00111512
0.00473615
0.0137014
-0.000657594
0.00347127
0.00621469
-0.000124561
0.00025223
0.0591019
-0.00324788
0.000302321
0.0470575
-0.00266264
0.000348231
0.0350797
-0.00208932
0.00024228
0.0238036
-0.00161295
0.000517836
0.0139624
-0.000971272
0.000735625
0.006059
-0.000349689
-0.000408041
0.0580741
-0.00324813
-0.000356306
0.0460712
-0.00265964
-0.00026935
0.034111
-0.00210272
-0.000326856
0.0228978
-0.00148632
-0.000197499
0.013157
-0.000962071
-7.81888e-05
0.00577816
-0.000393716
-0.00108102
0.0018996
2.34946e-05
-0.004374
0.0259206
-0.00198461
