-0.00738938
0.0645169
-0.00443499
0.00645969
0.0645
-0.0033847
0.000410339
0.000225956
0.000125367
-0.000268652
-4.29778e-05
-9.94226e-05
-0.006617
0.0655536
-0.0044269
0.00723062
0.0655624
-0.00339724
0.000241272
7.59228e-06
-0.000126872
-0.00026479
0.000133504
0.000127135
-0.00735098
0.0525753
-0.00378152
-0.00715817
0.0405377
-0.00316412
-0.00664598
0.0286693
-0.00263511
-0.00565076
0.0184157
-0.00208634
-0.0042003
0.00969206
-0.00116283
-0.00249383
0.00344826
-0.000466226
0.00646861
0.0525215
-0.00273064
0.0063954
0.0404321
-0.00205874
0.0059644
0.0289233
-0.00128138
0.00508084
0.0177862
-0.000842286
0.00396466
0.00949333
-0.000222935
0.00244295
0.00333119
0.000517699
-0.00659535
0.0535977
-0.00375439
-0.00641808
0.0415387
-0.00306797
-0.0059791
0.0296223
-0.00237909
-0.00499733
0.0193825
-0.00147368
-0.00354699
0.0101941
-0.00076681
-0.00205722
0.00301108
0.000142557
0.00723974
0.0535583
-0.00275313
0.00714276
0.0414754
-0.00213972
0.00657616
0.0298772
-0.00158584
0.00573196
0.018765
-0.00122757
0.00480121
0.0100205
-0.000661756
0.00282022
0.00401796
-8.25123e-05
-0.000468135
0.0645111
-0.00391478
-0.00132758
0.00147176
-0.000170478
-0.00699261
0.0650384
-0.00442501
0.00157948
0.001358
0.000410815
0.00680911
0.0650332
-0.00339212
-0.000212277
-0.000170007
9.94581e-05
0.000544307
0.000201581
-0.000115955
-0.000490193
0.000132107
-7.46557e-05
0.000288356
0.0655519
-0.00391757
-0.00101747
0.0010714
0.00046731
0.00146559
0.00162201
-0.000284793
3.47344e-05
-7.98536e-05
5.87464e-05
-0.00738049
0.0585709
-0.00410655
-0.00728261
0.0465566
-0.00346515
-0.00695296
0.0345887
-0.00287308
-0.00643076
0.0231139
-0.00232426
-0.0048945
0.0137193
-0.00158278
-0.00344055
0.00625753
-0.000747172
0.00646482
0.0585379
-0.003063
0.00645399
0.0464808
-0.0023907
0.00626629
0.0345238
-0.00171345
0.00560855
0.0233531
-0.000969053
0.00451952
0.0134786
-0.000538215
0.00329752
0.00606232
0.00011923
-0.00661811
0.0596035
-0.00409025
-0.00653479
0.0475579
-0.0034114
-0.00625413
0.0355658
-0.00271309
-0.00563177
0.0241167
-0.00201037
-0.0042072
0.0144279
-0.00116941
-0.00285696
0.00647166
-0.000297524
0.0072374
0.0595864
-0.00307023
0.00719788
0.0475202
-0.00244078
0.00701268
0.0354887
-0.00184878
0.00615026
0.0243021
-0.00137981
0.00531255
0.0142358
-0.000920839
0.00409309
0.00639961
-0.000400959
-0.0069497
0.0530927
-0.00377309
-0.00678335
0.0410671
-0.00311681
-0.00633155
0.0292322
-0.0024909
-0.00526586
0.0190852
-0.00182316
-0.00385394
0.0099836
-0.00100862
-0.00247666
0.00321651
-0.000220875
0.00678955
0.0530414
-0.00274483
0.00666449
0.0409771
-0.00210009
0.00616335
0.0294008
-0.00138201
0.00526161
0.0183523
-0.0011005
0.00421063
0.00983435
-0.000467851
0.00254262
0.00370512
0.000235464
0.000300307
0.0535708
-0.00326066
0.000339237
0.0414863
-0.00261354
0.000385446
0.0295976
-0.00200944
0.000344995
0.0189326
-0.00129786
0.000643102
0.00993101
-0.000732182
0.000720285
0.00316366
-0.000152181
-0.00042948
0.0525372
-0.00325827
-0.000342577
0.0404322
-0.00261736
-0.000309467
0.0286925
-0.00205505
-0.000406139
0.0178606
-0.00138015
-0.000158079
0.00936134
-0.000731099
-8.26577e-05
0.00299643
-0.000168472
-9.57712e-05
0.00108364
-5.69611e-05
0.000109743
0.000871578
-0.000124779
-9.6175e-05
0.065035
-0.00390891
0.00164218
0.00141254
6.82216e-06
3.70985e-06
-0.000155823
-8.56377e-07
-0.00140921
0.00120774
0.000137193
-0.00697956
0.0590936
-0.00410127
-0.00688853
0.0470668
-0.00344324
-0.00657995
0.0350984
-0.00280709
-0.00604438
0.0236453
-0.00217361
-0.00448018
0.0141703
-0.00144111
-0.00319781
0.00638247
-0.000581065
0.00680645
0.059058
-0.00306772
0.00673361
0.0470078
-0.00241871
0.00650503
0.0350546
-0.00177423
0.0056878
0.023785
-0.00125469
0.00478222
0.0139146
-0.000742025
0.00351426
0.00632644
-0.000159911
0.000281995
0.0595952
-0.00358475
0.000331043
0.0475033
-0.0029364
0.000375944
0.0354697
-0.00229896
0.000270393
0.0241193
-0.00175979
0.000542629
0.0141819
-0.00106148
0.000760595
0.00617445
-0.000390881
-0.000450359
0.0585503
-0.00358522
-0.000399106
0.0464996
-0.00293349
-0.000310859
0.0344847
-0.00231313
-0.00036353
0.0231976
-0.00163496
-0.00022868
0.0133667
-0.00105354
-0.000100538
0.00588535
-0.000436254
-0.00108888
0.00194526
9.65649e-06
-0.00438825
0.0262511
-0.00215041
