-0.00742034
0.0647256
-0.00462314
0.0064498
0.0647091
-0.00356033
0.000412472
0.000227219
0.000126424
-0.000271415
-4.28222e-05
-0.000100859
-0.00661286
0.065775
-0.00461507
0.00725585
0.0657837
-0.00357264
0.000243761
8.14753e-06
-0.000128284
-0.00026595
0.000134334
0.000127887
-0.00738263
0.0527671
-0.00393902
-0.0071919
0.0407123
-0.00328977
-0.00668302
0.0288211
-0.00272841
-0.00568849
0.0185329
-0.00214883
-0.00423601
0.00976693
-0.0011987
-0.00251863
0.00348015
-0.000479944
0.00645882
0.0527138
-0.00287591
0.00638757
0.0406071
-0.00217348
0.00596184
0.0290722
-0.00136598
0.00508474
0.0179033
-0.000897508
0.00397344
0.00956477
-0.000251986
0.00245181
0.00335878
0.000510903
-0.00659156
0.053802
-0.00391222
-0.0064164
0.0417249
-0.00319441
-0.00598113
0.0297848
-0.00247361
-0.00500457
0.0195058
-0.0015374
-0.00355657
0.010274
-0.000802189
-0.00206368
0.0030426
0.00013198
0.00726532
0.053763
-0.00289792
0.00717021
0.0416618
-0.0022533
0.00660802
0.0300379
-0.00166844
0.00576727
0.0188903
-0.00128142
0.00483603
0.0100995
-0.000690933
0.00284495
0.00405651
-9.04147e-05
-0.000488414
0.06472
-0.00409657
-0.00134224
0.00148693
-0.000176081
-0.00700608
0.0652535
-0.0046132
0.00158654
0.00136902
0.000410014
0.0068171
0.0652484
-0.00356761
-0.000215833
-0.000171353
9.9445e-05
0.000547973
0.000203314
-0.000116001
-0.000493619
0.000133843
-7.48194e-05
0.000303076
0.0657734
-0.00409928
-0.00102106
0.00108465
0.000464967
0.00148013
0.00164098
-0.000289326
3.64133e-05
-7.99567e-05
5.84398e-05
-0.00741162
0.0587709
-0.00427954
-0.00731519
0.0467401
-0.0036068
-0.00698829
0.0347527
-0.00298267
-0.00646754
0.02325
-0.00240245
-0.00493221
0.0138163
-0.00163155
-0.00347217
0.00631018
-0.000771037
0.00645487
0.0587384
-0.00322346
0.00644483
0.0466647
-0.00252071
0.00626051
0.0346873
-0.00181291
0.00560918
0.0234867
-0.00103894
0.00452645
0.0135732
-0.000579958
0.00330709
0.00611098
0.000102071
-0.00661398
0.0598161
-0.00426342
-0.00653178
0.0477538
-0.00355366
-0.00625408
0.035741
-0.00282375
-0.00563641
0.0242619
-0.00208962
-0.00421624
0.0145307
-0.00121856
-0.0028657
0.00652775
-0.000320036
0.0072627
0.0597992
-0.00323046
0.00722431
0.0477163
-0.00256994
0.00704163
0.035664
-0.00194678
0.00618448
0.0244467
-0.00144752
0.00534808
0.0143383
-0.000962034
0.0041251
0.00645564
-0.00041902
-0.00696374
0.0532907
-0.00393067
-0.00679919
0.0412472
-0.0032427
-0.00635045
0.0293889
-0.00258495
-0.00528752
0.0192051
-0.00188629
-0.00387595
0.0100607
-0.00104417
-0.00249327
0.00324779
-0.000233243
0.00679795
0.05324
-0.0028898
0.00667475
0.0411578
-0.0022142
0.00617797
0.0295555
-0.00146582
0.00528078
0.0184736
-0.00115461
0.00423117
0.00990975
-0.000496749
0.00255892
0.00373685
0.00022838
0.000314875
0.0537754
-0.00341188
0.000353211
0.0416729
-0.00273335
0.000399235
0.0297601
-0.00209818
0.000357976
0.019057
-0.00135686
0.000655221
0.0100101
-0.000764637
0.000731603
0.00319657
-0.000163426
-0.000450138
0.0527295
-0.00340964
-0.000363304
0.0406076
-0.00273777
-0.00032889
0.0288435
-0.00214383
-0.000422524
0.0179781
-0.00143972
-0.000171448
0.00943396
-0.000764142
-9.14576e-05
0.00302382
-0.000179661
-0.000101759
0.00109407
-6.08498e-05
0.000114464
0.000884271
-0.000130242
-9.88946e-05
0.0652501
-0.00409073
0.00165378
0.00142593
4.84356e-06
4.16563e-06
-0.000156401
-1.53581e-07
-0.00141917
0.00122149
0.000133763
-0.0069932
0.0592999
-0.00427427
-0.0069033
0.0472564
-0.00358512
-0.00659734
0.0352678
-0.00291707
-0.00606444
0.0237859
-0.00225184
-0.00450277
0.0142697
-0.0014899
-0.00321775
0.00643659
-0.00060441
0.00681451
0.0592647
-0.00322805
0.00674282
0.0471979
-0.00254818
0.00651699
0.0352239
-0.00187292
0.00570516
0.0239242
-0.00132293
0.00480254
0.0140132
-0.000783318
0.00353374
0.00637877
-0.000177212
0.000296768
0.0598079
-0.00375136
0.000345286
0.0476996
-0.00307214
0.000389714
0.0356454
-0.0024032
0.000284469
0.0242646
-0.00183293
0.00055483
0.0142846
-0.00110666
0.000772822
0.00622945
-0.00041172
-0.000470834
0.0587507
-0.00375193
-0.000419904
0.0466836
-0.00306927
-0.000331175
0.0346491
-0.00241773
-0.000381486
0.0233323
-0.00170909
-0.000244028
0.0134627
-0.00109937
-0.000111675
0.00593479
-0.000457743
-0.00109203
0.00196731
2.20741e-06
-0.00439251
0.026402
-0.00223407
