0.00832901
-0.0692581
0.00208932
-0.00876433
-0.0692181
-0.000478307
-0.000308943
-0.000157237
-0.00010571
0.000202395
5.51655e-05
7.71893e-05
0.00837669
-0.0717909
0.00207099
-0.00870656
-0.0718067
-0.000446585
-0.000185919
-1.2608e-06
0.000103696
0.000172872
-8.1158e-05
-8.67781e-05
0.00823067
-0.0544504
0.00214611
0.00781114
-0.0395993
0.00224567
0.00686299
-0.0254637
0.00238934
0.00536005
-0.0146224
0.00236415
0.00349346
-0.00647826
0.0015326
0.00189487
-0.00177754
0.000735845
-0.00875293
-0.0543373
-0.000399656
-0.00847566
-0.039436
-0.000310938
-0.00746218
-0.0260356
-0.00039493
-0.00575293
-0.0137611
-2.55331e-05
-0.00391113
-0.00646532
-8.5728e-05
-0.00206135
-0.00187104
-0.000464152
0.00831527
-0.0569302
0.00208482
0.00789053
-0.0419473
0.00205129
0.00697231
-0.0275873
0.00193937
0.00528645
-0.0166454
0.00144998
0.00318153
-0.00763523
0.00105838
0.00158343
-0.00176361
0.00017273
-0.00869764
-0.0568323
-0.000325631
-0.00842426
-0.0418069
-0.000103539
-0.00727542
-0.0280656
0.000192228
-0.0057833
-0.015653
0.000619384
-0.00444659
-0.00746909
0.000481554
-0.0023823
-0.00268319
0.000140354
-0.000204774
-0.0692404
0.00081887
0.000959377
-0.000620108
0.000322023
0.00832964
-0.0705324
0.00206825
-0.00123546
-0.000674593
-0.000304767
-0.00866457
-0.0705191
-0.000456665
0.000184312
0.00017775
-7.26069e-05
-0.000418031
-0.000135677
9.15112e-05
0.000358862
-6.98793e-05
7.75833e-05
-0.000132356
-0.0717841
0.000824106
0.000713538
-0.000514324
-0.000227457
-0.00116305
-0.000956142
0.000292027
-4.89869e-05
8.28455e-05
-3.06368e-05
0.00830496
-0.0619046
0.00211415
0.00807232
-0.0469885
0.00218843
0.00741204
-0.0324428
0.00229075
0.00651836
-0.0193603
0.00234461
0.00430652
-0.0100098
0.00191717
0.00273626
-0.00376506
0.00109647
-0.008769
-0.0618257
-0.000435401
-0.008671
-0.046852
-0.00036404
-0.00812643
-0.0323933
-0.000276998
-0.00672816
-0.0198133
-0.00036489
-0.00477472
-0.00986781
-2.10596e-05
-0.00301942
-0.00378433
-0.000223603
0.00837659
-0.0644218
0.00207784
0.00816312
-0.0493922
0.00207158
0.00752498
-0.0346817
0.00198605
0.00632427
-0.0214363
0.00184259
0.00408999
-0.0115547
0.00134032
0.0023732
-0.00448296
0.000631805
-0.00871479
-0.0643744
-0.000406552
-0.00858315
-0.0492915
-0.000224358
-0.0081212
-0.0345313
2.69812e-05
-0.00647839
-0.0217293
0.000392535
-0.00514651
-0.0112968
0.000545178
-0.00362157
-0.00444095
0.000358966
0.00822709
-0.0557049
0.00212915
0.00786049
-0.0408284
0.0021585
0.00699389
-0.0266881
0.00214222
0.00531638
-0.0159154
0.00195787
0.00337344
-0.00712207
0.00135035
0.00198183
-0.00176342
0.000497647
-0.00859865
-0.0555976
-0.000351636
-0.00826244
-0.0406828
-0.000196894
-0.0072167
-0.0270586
-0.000183565
-0.00562324
-0.0148676
0.000409996
-0.00404825
-0.00708888
0.000228931
-0.00217979
-0.00232702
-0.000196147
-0.000165188
-0.0568601
0.000891413
-0.000264696
-0.0418215
0.000987463
-0.000342338
-0.0275337
0.001098
-0.000257741
-0.0159324
0.000908422
-0.000656332
-0.00732168
0.000764016
-0.000675337
-0.00190292
0.000275905
-0.000282622
-0.0543627
0.000877907
-0.000400447
-0.0394025
0.000966758
-0.000333956
-0.025559
0.001158
-3.53543e-05
-0.0138253
0.00103648
-0.000171341
-0.00618982
0.000742988
-3.36476e-05
-0.00145818
0.000286242
6.53988e-05
-0.000378022
0.00013948
-0.000140608
-0.000349325
0.000187525
-0.000157095
-0.0705234
0.00080453
-0.0013348
-0.00074675
2.01153e-05
-4.90352e-06
0.000158678
-1.60656e-06
0.00105734
-0.00053937
6.52492e-05
0.00829727
-0.0631773
0.00210467
0.00808681
-0.0482112
0.00214489
0.00745744
-0.0336062
0.00217014
0.00650835
-0.0204202
0.00211549
0.00416473
-0.0109342
0.00172652
0.00266554
-0.00415292
0.000917126
-0.00865506
-0.063096
-0.000416229
-0.00845024
-0.0480977
-0.000278457
-0.00789569
-0.0335724
-0.000126311
-0.00634536
-0.0207056
0.000167878
-0.00485783
-0.0107021
0.000283832
-0.00319108
-0.0042358
8.44396e-05
-0.000120449
-0.0643982
0.000846258
-0.000235505
-0.0492636
0.000934327
-0.000332774
-0.034481
0.00103329
-0.000143333
-0.0214244
0.00119509
-0.000552161
-0.0112048
0.000943039
-0.000746808
-0.00417432
0.000502307
-0.000242785
-0.0618541
0.000841978
-0.000329356
-0.0468687
0.000921137
-0.000408101
-0.0322679
0.00103339
-0.000164691
-0.0195065
0.000966743
-0.000204194
-0.00960635
0.000916663
-0.000117509
-0.00348392
0.000530297
0.000834575
-0.000972533
0.000195031
0.00493772
-0.0236433
0.00180534
