-0.0074729
0.0650626
-0.00499817
0.00642371
0.0650466
-0.00390349
0.000416164
0.000229403
0.000128434
-0.000276621
-4.24792e-05
-0.000103641
-0.00659689
0.0661439
-0.00499012
0.00729835
0.0661525
-0.00391533
0.000248467
9.28911e-06
-0.000130964
-0.000267858
0.000135828
0.000129168
-0.00743665
0.0530836
-0.00425406
-0.00725035
0.0410085
-0.00354206
-0.00674879
0.0290857
-0.0029163
-0.00575677
0.0187412
-0.00227522
-0.00430204
0.009902
-0.00127196
-0.00256509
0.00353812
-0.000508334
0.00643286
0.0530316
-0.00315987
0.00636539
0.0409041
-0.00239804
0.00595035
0.029331
-0.0015319
0.00508681
0.018112
-0.00100575
0.00398618
0.0096934
-0.000309189
0.00246632
0.00340841
0.000496942
-0.0065763
0.0541503
-0.00422793
-0.00640541
0.0420503
-0.00344838
-0.0059778
0.0300759
-0.0026642
-0.00501267
0.0197301
-0.00166696
-0.00357091
0.0104222
-0.000874964
-0.00207349
0.00310253
0.000109185
0.0073085
0.0541119
-0.00318094
0.0072173
0.0419876
-0.00247553
0.00666445
0.0303252
-0.00183015
0.00583136
0.0191193
-0.0013866
0.00490017
0.0102459
-0.000747955
0.00289122
0.00412928
-0.000105885
-0.000527446
0.0650573
-0.00445544
-0.00136991
0.00151464
-0.00018781
-0.0070245
0.0656064
-0.00498831
0.00159852
0.00138865
0.000408069
0.00682602
0.0656015
-0.0039105
-0.000222774
-0.000173943
9.92255e-05
0.000554579
0.000206493
-0.000115843
-0.000499811
0.000137164
-7.51156e-05
0.000332389
0.0661424
-0.004458
-0.00102657
0.00111015
0.000458957
0.00150756
0.00167731
-0.000297894
3.98376e-05
-8.00092e-05
5.76863e-05
-0.00746455
0.059097
-0.00462495
-0.00737118
0.0470469
-0.00389066
-0.00705024
0.0350346
-0.00320311
-0.00653298
0.0234901
-0.00256035
-0.00500134
0.0139901
-0.00173062
-0.00353104
0.00640561
-0.000820127
0.00642868
0.0590656
-0.00353702
0.00642005
0.0469726
-0.00277499
0.00624239
0.0349686
-0.00200768
0.0056043
0.0237215
-0.001176
0.00453504
0.0137426
-0.000661923
0.00332207
0.00619884
6.8062e-05
-0.00659802
0.0601742
-0.00460919
-0.00651808
0.0480918
-0.0038388
-0.00624643
0.036051
-0.00304648
-0.00563864
0.0245246
-0.00225003
-0.00422882
0.0147197
-0.0013189
-0.00287909
0.00663271
-0.000367006
0.00730533
0.0601577
-0.00354357
0.00726928
0.0480545
-0.00282251
0.00709185
0.0359743
-0.0021386
0.00624599
0.0247081
-0.00157994
0.00541306
0.0145269
-0.00104257
0.00418444
0.00656046
-0.000454246
-0.00698336
0.053623
-0.00424588
-0.00682258
0.0415572
-0.00349555
-0.0063804
0.0296659
-0.00277453
-0.00532416
0.0194205
-0.00201424
-0.0039149
0.0102017
-0.00111703
-0.00252318
0.00330592
-0.000259266
0.00680768
0.0535734
-0.00317321
0.00668819
0.0414692
-0.00243751
0.00620047
0.0298281
-0.00163014
0.00531323
0.018693
-0.00126044
0.00426729
0.0100477
-0.000553428
0.00258845
0.00379529
0.000214182
0.000343906
0.0541242
-0.00371105
0.000381102
0.0419989
-0.00297098
0.000426802
0.0300511
-0.00227468
0.000383828
0.019284
-0.00147462
0.000679072
0.010157
-0.000829818
0.000753759
0.0032591
-0.00018629
-0.000490003
0.0530471
-0.00370911
-0.000403547
0.0409054
-0.00297659
-0.000366803
0.0291068
-0.0023203
-0.000454349
0.0181876
-0.00155862
-0.000197817
0.00956501
-0.000830485
-0.000109048
0.00307338
-0.000202408
-0.000113783
0.00111281
-6.88523e-05
0.000124059
0.000908977
-0.000141361
-0.000103619
0.0656032
-0.00444968
0.00167492
0.00145069
1.09655e-06
5.14637e-06
-0.000157339
1.31432e-06
-0.00143713
0.00124741
0.000125928
-0.00701199
0.0596419
-0.00461968
-0.00692443
0.0475787
-0.00386951
-0.00662405
0.0355633
-0.00313837
-0.00609705
0.0240373
-0.00240997
-0.00454213
0.0144501
-0.00158924
-0.00325339
0.0065363
-0.000652714
0.00682357
0.0596078
-0.00354137
0.00675417
0.0475211
-0.00280143
0.0065339
0.0355192
-0.00206619
0.00573357
0.0241725
-0.00145652
0.00483767
0.0141925
-0.000864243
0.00356846
0.00647507
-0.000211207
0.000326202
0.0601663
-0.0040806
0.000373667
0.0480386
-0.00334102
0.000417204
0.0359564
-0.00261026
0.000312707
0.0245275
-0.0019785
0.000578931
0.0144737
-0.00119706
0.000796762
0.00633247
-0.000453826
-0.000510287
0.0590775
-0.00408139
-0.000460134
0.0469915
-0.00333821
-0.000370731
0.034932
-0.00262545
-0.000416498
0.0235695
-0.00185675
-0.000274118
0.0136349
-0.00119107
-0.000133799
0.0060243
-0.000501083
-0.00109662
0.00200918
-1.36594e-05
-0.00439545
0.0266729
-0.00240241
