-0.00749478
0.0651918
-0.00518468
0.00640787
0.0651762
-0.00407113
0.000417701
0.000230312
0.000129378
-0.000279045
-4.22919e-05
-0.000104978
-0.00658534
0.0662921
-0.00517664
0.00731596
0.0663006
-0.00408273
0.000250668
9.87108e-06
-0.000132225
-0.000268588
0.000136476
0.000129692
-0.00745928
0.0532088
-0.00441125
-0.00727527
0.0411299
-0.00366837
-0.00677761
0.029198
-0.00301062
-0.00578727
0.0188317
-0.00233892
-0.00433223
0.00996167
-0.00130918
-0.00258661
0.00356395
-0.000522919
0.00641703
0.0531575
-0.00329866
0.00635135
0.0410261
-0.00250793
0.00594163
0.0294403
-0.00161328
0.00508502
0.0182031
-0.00105886
0.00399007
0.00975008
-0.000337407
0.00247187
0.00343023
0.000489718
-0.00656509
0.0542943
-0.00438546
-0.00639632
0.0421889
-0.00357556
-0.00597257
0.0302036
-0.00275996
-0.00501352
0.0198301
-0.00173254
-0.00357554
0.0104897
-0.000912185
-0.00207673
0.00313054
9.70286e-05
0.00732645
0.0542562
-0.00331927
0.00723722
0.0421264
-0.00258428
0.00668917
0.0304509
-0.00190937
0.00586015
0.019222
-0.00143807
0.00492939
0.0103126
-0.000775887
0.00291263
0.00416309
-0.000113507
-0.000546164
0.0651867
-0.0046324
-0.00138283
0.00152705
-0.000193898
-0.00702972
0.0657451
-0.00517486
0.00160336
0.00139716
0.00040688
0.00682728
0.0657403
-0.00407801
-0.000226147
-0.000175178
9.90193e-05
0.000557491
0.000207928
-0.000115642
-0.000502545
0.000138733
-7.52401e-05
0.00034702
0.0662907
-0.00463488
-0.00102844
0.00112222
0.0004553
0.00152038
0.00169448
-0.00030195
4.15802e-05
-7.99648e-05
5.72371e-05
-0.00748662
0.059224
-0.00479699
-0.00739481
0.0471704
-0.00403254
-0.00707701
0.0351522
-0.00331365
-0.00656169
0.0235935
-0.00263981
-0.00503266
0.0140664
-0.00178075
-0.00355814
0.00644797
-0.000845226
0.00641277
0.059193
-0.00369021
0.00640476
0.0470968
-0.00289934
0.00623034
0.0350859
-0.00210308
0.00559892
0.0238222
-0.00124325
0.00453668
0.0138168
-0.00070222
0.00332738
0.00623766
5.11486e-05
-0.00658647
0.0603201
-0.00478142
-0.00650764
0.0482338
-0.00398132
-0.006239
0.036185
-0.00315822
-0.00563629
0.0246412
-0.00233089
-0.00423226
0.014805
-0.00136987
-0.00288362
0.00668097
-0.000391338
0.007323
0.0603037
-0.00369655
0.00728814
0.0481965
-0.00294603
0.00711337
0.0361085
-0.00223251
0.00627336
0.0248239
-0.00164479
0.00544248
0.014612
-0.00108202
0.00421163
0.00660866
-0.000471485
-0.00698919
0.0537575
-0.00440316
-0.00683032
0.0416869
-0.00362216
-0.00639157
0.0297854
-0.00286978
-0.00533912
0.0195152
-0.00207883
-0.00393173
0.010265
-0.00115416
-0.00253637
0.00333246
-0.000272834
0.00680932
0.0537086
-0.00331174
0.00669165
0.0415996
-0.00254681
0.00620853
0.0299454
-0.00171072
0.00532654
0.0187901
-0.00131226
0.00428279
0.0101096
-0.000581279
0.00260157
0.00382169
0.000207017
0.000358408
0.0542684
-0.00385887
0.000395063
0.0421379
-0.00308869
0.000440615
0.0301788
-0.00236234
0.000396725
0.0193855
-0.00153331
0.000690822
0.0102239
-0.0008625
0.000764575
0.00328833
-0.0001979
-0.000509163
0.0531728
-0.00385708
-0.000422996
0.0410278
-0.00309489
-0.000385227
0.0292184
-0.00240791
-0.000469757
0.0182789
-0.00161789
-0.000210781
0.00962289
-0.000863733
-0.000117818
0.00309532
-0.000213943
-0.000119807
0.00112102
-7.29525e-05
0.000128928
0.000920817
-0.000147002
-0.000105589
0.0657419
-0.00462668
0.0016844
0.00146192
-7.00078e-07
5.66603e-06
-0.000157701
2.07696e-06
-0.00144506
0.00125942
0.000121557
-0.00701739
0.0597782
-0.00479173
-0.00693102
0.0477114
-0.00401166
-0.00663352
0.0356889
-0.00324938
-0.00610966
0.0241472
-0.00248961
-0.00455881
0.0145304
-0.00163958
-0.00326897
0.00658137
-0.00067754
0.0068249
0.0597447
-0.00369446
0.00675661
0.0476542
-0.00292529
0.00653908
0.0356447
-0.00216085
0.00574471
0.0242808
-0.00152198
0.00485246
0.0142724
-0.000903961
0.0035836
0.00651855
-0.000227964
0.0003409
0.0603122
-0.00424311
0.000387851
0.0481811
-0.00347404
0.00043097
0.036091
-0.00271296
0.000326883
0.024644
-0.00205086
0.000590863
0.0145591
-0.00124221
0.000808471
0.00637991
-0.000475064
-0.000529225
0.0592048
-0.004244
-0.000479511
0.0471157
-0.00347125
-0.000389902
0.0350501
-0.00272847
-0.000433505
0.0236714
-0.00193018
-0.000288816
0.0137106
-0.00123687
-0.000144758
0.00606398
-0.000522896
-0.00109801
0.00202873
-2.20334e-05
-0.00439419
0.0267919
-0.00248686
