-0.00753043
0.0653743
-0.00555476
0.00637138
0.0653594
-0.00439886
0.00042011
0.000231737
0.000131122
-0.000283497
-4.18855e-05
-0.000107526
-0.00655573
0.0665172
-0.00554672
0.00734474
0.0665255
-0.00440997
0.00025473
1.1046e-05
-0.000134579
-0.000269557
0.000137538
0.000130503
-0.00749641
0.0533945
-0.004724
-0.007317
0.0413195
-0.00392044
-0.00682732
0.0293814
-0.00319932
-0.00584092
0.0189837
-0.00246675
-0.00438659
0.010064
-0.00138438
-0.00262592
0.00360868
-0.000552633
0.00638051
0.0533445
-0.00357014
0.00631811
0.0412169
-0.00272319
0.00591869
0.0296178
-0.00177304
0.00507595
0.0183568
-0.00116326
0.00399276
0.00984696
-0.000393253
0.00247934
0.00346735
0.000474631
-0.00653612
0.054522
-0.00469888
-0.00637144
0.0424169
-0.00382936
-0.00595528
0.0304212
-0.00295163
-0.00500882
0.0200037
-0.00186457
-0.00357944
0.0106095
-0.000987814
-0.00207967
0.00318172
7.13729e-05
0.00735588
0.0544843
-0.0035899
0.00727053
0.0423546
-0.00279734
0.00673201
0.0306643
-0.00206484
0.00591127
0.0194011
-0.0015391
0.0049819
0.0104309
-0.00083082
0.00295173
0.00422459
-0.00012866
-0.00058195
0.0653696
-0.00498106
-0.00140666
0.00154868
-0.000206411
-0.00703284
0.0659489
-0.005545
0.00161056
0.00141132
0.000403951
0.00682419
0.0659444
-0.00440548
-0.000232672
-0.000177505
9.84161e-05
0.000562472
0.000210461
-0.000115005
-0.000507219
0.000141645
-7.5421e-05
0.000376317
0.0665158
-0.00498338
-0.0010303
0.00114458
0.000446727
0.001544
0.0017263
-0.000309663
4.51178e-05
-7.97514e-05
5.61899e-05
-0.00752265
0.0594074
-0.00513882
-0.00743396
0.0473584
-0.00431523
-0.00712248
0.0353401
-0.00353455
-0.00661125
0.0237655
-0.00279911
-0.00508855
0.0141961
-0.00188165
-0.00360731
0.00652107
-0.000896184
0.00637612
0.0593776
-0.00398974
0.00636919
0.0472859
-0.00314274
0.00620087
0.0352734
-0.0022901
0.00558261
0.0239887
-0.00137532
0.0045346
0.0139431
-0.000781642
0.00333343
0.00630421
1.73376e-05
-0.00655686
0.060546
-0.00512361
-0.00648015
0.0484628
-0.00426531
-0.00621735
0.0364094
-0.00338155
-0.00562487
0.0248422
-0.00249318
-0.00423327
0.014955
-0.00147282
-0.00288806
0.00676759
-0.000441351
0.00735192
0.0605299
-0.00399569
0.00731939
0.0484255
-0.00318783
0.00714981
0.036333
-0.00241665
0.00632151
0.0250233
-0.00177207
0.00549503
0.0147618
-0.00115956
0.00426076
0.00669526
-0.000505402
-0.0069935
0.0539641
-0.00471609
-0.00683843
0.0418949
-0.00387486
-0.00640659
0.029985
-0.00306042
-0.00536232
0.0196769
-0.00220864
-0.00395981
0.0103754
-0.00122936
-0.00255897
0.00337968
-0.000300838
0.00680694
0.0539164
-0.00358274
0.00669273
0.0418092
-0.00276094
0.00621865
0.0301406
-0.00186894
0.00534737
0.0189572
-0.00141403
0.00430855
0.0102178
-0.000636198
0.00262433
0.00386811
0.00019242
0.000387473
0.0544965
-0.00415067
0.000423109
0.0423664
-0.00332157
0.000468365
0.0303962
-0.00253621
0.000422509
0.0195623
-0.00165009
0.000714002
0.0103428
-0.000927919
0.000785621
0.00334177
-0.000221436
-0.000545856
0.0533596
-0.00414914
-0.000460414
0.0412192
-0.00332891
-0.000420871
0.0294005
-0.00258161
-0.000499501
0.018433
-0.00173583
-0.000236185
0.00972214
-0.000930244
-0.000135262
0.00313299
-0.000237275
-0.00013185
0.0011349
-8.13136e-05
0.000138786
0.00094305
-0.000158404
-0.000108681
0.0659458
-0.00497541
0.001701
0.00148174
-4.21351e-06
6.74932e-06
-0.00015822
3.65233e-06
-0.00145863
0.00128116
0.000112008
-0.00702087
0.0599828
-0.00513357
-0.00693685
0.0479198
-0.00429492
-0.00664509
0.0358947
-0.00347125
-0.00612768
0.0243335
-0.00264935
-0.00458598
0.0146691
-0.00174106
-0.00329534
0.00666074
-0.00072817
0.00682194
0.0599503
-0.0039938
0.00675575
0.0478636
-0.00316777
0.0065435
0.0358504
-0.00234648
0.00576107
0.024464
-0.00165048
0.00487643
0.0144108
-0.00098213
0.00360923
0.00659504
-0.00026116
0.000370334
0.0605383
-0.00456357
0.000416306
0.048411
-0.00373691
0.000458631
0.0363163
-0.00291642
0.000355368
0.0248451
-0.00219452
0.000614556
0.0147095
-0.00133228
0.000831349
0.00646521
-0.000517827
-0.000565457
0.0593891
-0.00456466
-0.000516682
0.0473048
-0.00373413
-0.000426882
0.0352391
-0.00293251
-0.000466415
0.0238402
-0.00207602
-0.000317427
0.0138395
-0.00132822
-0.000166402
0.00613228
-0.000566704
-0.00109888
0.00206442
-3.95376e-05
-0.00438638
0.0269949
-0.00265569
