-0.00755614
0.0654591
-0.00591957
0.00632943
0.0654448
-0.00471704
0.000421577
0.000232606
0.000132641
-0.000287368
-4.14357e-05
-0.000109879
-0.00651828
0.0666487
-0.00591152
0.00736594
0.0666568
-0.00472771
0.000258294
1.22198e-05
-0.00013669
-0.000269819
0.000138242
0.00013099
-0.00752354
0.0534956
-0.00503325
-0.00734854
0.0414381
-0.00417052
-0.00686673
0.0295084
-0.00338706
-0.00588471
0.0190955
-0.00259436
-0.00443255
0.0101423
-0.00145992
-0.00265987
0.0036435
-0.000582726
0.00633841
0.0534469
-0.00383396
0.00627884
0.0413367
-0.00293278
0.005889
0.0297394
-0.00192906
0.00505965
0.0184708
-0.00126558
0.00398847
0.00992054
-0.000448564
0.00248169
0.00349522
0.000458493
-0.00649924
0.0546692
-0.00500875
-0.00633832
0.0425775
-0.00408111
-0.00592931
0.0305853
-0.00314232
-0.0049956
0.0201391
-0.00199677
-0.0035759
0.0107069
-0.00106433
-0.00207764
0.00322526
4.41955e-05
0.00737768
0.0546318
-0.00385299
0.00729595
0.0425152
-0.00300493
0.00676647
0.0308245
-0.00221676
0.00595377
0.0195423
-0.00163804
0.00502621
0.0105271
-0.00088482
0.0029855
0.0042767
-0.000143875
-0.00061551
0.0654547
-0.00532234
-0.00142753
0.00156571
-0.000219216
-0.00702705
0.0660571
-0.00590987
0.00161424
0.00142145
0.00040014
0.00681456
0.0660528
-0.00472344
-0.000238861
-0.000179612
9.75635e-05
0.00056625
0.000212511
-0.000114067
-0.000510746
0.000144207
-7.54834e-05
0.000405737
0.0666474
-0.00532449
-0.00102952
0.00116401
0.000436551
0.00156471
0.00175415
-0.000316922
4.87103e-05
-7.93943e-05
5.49414e-05
-0.00754871
0.0594997
-0.00547628
-0.00746303
0.0474684
-0.00459521
-0.00715768
0.0354641
-0.00375404
-0.00665052
0.0238894
-0.00295791
-0.00513514
0.0142938
-0.00198268
-0.00364934
0.00657757
-0.000947651
0.006334
0.0594709
-0.00428066
0.00632787
0.0473972
-0.00337949
0.00616503
0.0353972
-0.00247245
0.00555924
0.0241071
-0.00150446
0.00452529
0.0140379
-0.00085979
0.00333311
0.00635501
-1.66792e-05
-0.00651939
0.0606849
-0.00546142
-0.0064446
0.0486178
-0.00454653
-0.00618722
0.0365733
-0.00360341
-0.00560472
0.0249974
-0.00265511
-0.0042262
0.0150748
-0.00157625
-0.00288605
0.00683915
-0.00049265
0.00737324
0.0606691
-0.00428627
0.00734291
0.0485803
-0.00342313
0.00717813
0.036497
-0.00259631
0.00636108
0.0251769
-0.00189658
0.00553908
0.0148815
-0.00123565
0.00430248
0.00676706
-0.000538828
-0.00698883
0.0540882
-0.0050255
-0.00683737
0.0420337
-0.00412555
-0.00641222
0.0301297
-0.00325011
-0.00537655
0.0197993
-0.00233835
-0.00398014
0.0104626
-0.00130511
-0.00257619
0.00341816
-0.000329648
0.00679792
0.0540416
-0.00384617
0.00668682
0.0419496
-0.00296954
0.00622128
0.0302811
-0.00202354
0.00536055
0.0190855
-0.0015137
0.00432711
0.0103032
-0.000690332
0.00264214
0.00390514
0.000177291
0.000416703
0.054644
-0.00443691
0.000451412
0.0425273
-0.00355067
0.000496346
0.0305601
-0.00270781
0.00044832
0.0197011
-0.0017658
0.000736778
0.0104396
-0.00099322
0.000805796
0.00338735
-0.000245337
-0.000580311
0.0534616
-0.00443563
-0.000495721
0.0413396
-0.00355908
-0.000454761
0.0295265
-0.00275298
-0.000527764
0.0185473
-0.00185269
-0.0002608
0.00979796
-0.000996564
-0.000152518
0.00316179
-0.00026086
-0.00014384
0.00114515
-8.98338e-05
0.000148766
0.000962817
-0.000169904
-0.000110595
0.0660541
-0.00531673
0.00171422
0.00149764
-7.72135e-06
7.87022e-06
-0.000158477
5.28325e-06
-0.00146896
0.00129937
0.000101531
-0.0070154
0.0600984
-0.00547103
-0.0069336
0.0480522
-0.00457546
-0.00664737
0.0360382
-0.0036917
-0.00613636
0.0244728
-0.00280865
-0.00460467
0.0147767
-0.00184281
-0.00331499
0.00672428
-0.000779572
0.00681243
0.0600669
-0.00428456
0.0067481
0.0479969
-0.00340371
0.00654066
0.0359941
-0.00252757
0.00576978
0.0246003
-0.00177617
0.00489284
0.0145186
-0.00105893
0.00362841
0.00665616
-0.000294153
0.000399892
0.0606774
-0.00487755
0.000444976
0.0485668
-0.00399512
0.000486557
0.036481
-0.00311689
0.000384031
0.0250003
-0.00233651
0.000638089
0.0148297
-0.00142178
0.000853468
0.00653595
-0.000560837
-0.000599449
0.0594821
-0.00487883
-0.000551651
0.047416
-0.00399233
-0.000461892
0.0353643
-0.0031335
-0.000497749
0.0239609
-0.00222014
-0.00034489
0.0139369
-0.00141898
-0.000187607
0.00618483
-0.000610597
-0.00109707
0.00209477
-5.78629e-05
-0.00437175
0.0271485
-0.00282355
