-0.00758303
0.0652683
-0.00679787
0.00620632
0.0652554
-0.00547572
0.000420788
0.000232164
0.000135241
-0.00029417
-4.01045e-05
-0.000114727
-0.00639587
0.0665776
-0.00678967
0.00739202
0.0665853
-0.00548546
0.000264712
1.50279e-05
-0.000140802
-0.000267102
0.000138145
0.000130785
-0.00755336
0.0533924
-0.00577999
-0.00738736
0.0414269
-0.00477652
-0.00692238
0.0295736
-0.0038435
-0.00595091
0.0191898
-0.00290541
-0.00450825
0.0102244
-0.00164488
-0.00271883
0.0036834
-0.000656722
0.00621456
0.0533464
-0.00446437
0.00615964
0.0413286
-0.00343549
0.00578879
0.0297934
-0.00230529
0.00498811
0.0185719
-0.00151498
0.00394594
0.00999484
-0.000586421
0.0024635
0.00352132
0.000412111
-0.00637782
0.0546837
-0.00575677
-0.00622396
0.0426725
-0.00469057
-0.00582942
0.030743
-0.0036053
-0.00492564
0.0202913
-0.00231961
-0.0035327
0.0108357
-0.00125373
-0.0020494
0.0032927
-2.80242e-05
0.0074049
0.0546466
-0.00448216
0.0073301
0.0426099
-0.00350385
0.00681858
0.0309739
-0.00258448
0.00602233
0.0197088
-0.0018798
0.00509904
0.0106554
-0.001018
0.00304423
0.00435753
-0.000183486
-0.000689945
0.0652646
-0.00614035
-0.00146522
0.00158632
-0.000251155
-0.00697939
0.0659262
-0.00678821
0.00160668
0.00142775
0.000385686
0.00676765
0.0659223
-0.00548172
-0.000252587
-0.000183662
9.44028e-05
0.000569956
0.00021533
-0.000110549
-0.000514014
0.000148745
-7.49137e-05
0.000480127
0.0665764
-0.0061421
-0.00101541
0.00119598
0.000404943
0.00160196
0.001802
-0.000333665
5.77863e-05
-7.80485e-05
5.09537e-05
-0.00757632
0.0593513
-0.00628986
-0.00749682
0.0474112
-0.00527244
-0.00720422
0.0354932
-0.00428683
-0.00670527
0.0239798
-0.00334454
-0.00520937
0.0143883
-0.00222941
-0.00372042
0.00664019
-0.00107429
0.00621039
0.0593247
-0.00497496
0.00620507
0.0473427
-0.00394612
0.00605224
0.0354265
-0.00291091
0.00547222
0.0241849
-0.00181692
0.00446995
0.0141282
-0.00105186
0.00330287
0.00640755
-0.000104333
-0.00639693
0.0606557
-0.00627568
-0.00632561
0.0486749
-0.00522634
-0.00607874
0.0367023
-0.00414122
-0.00551802
0.0251649
-0.00304932
-0.00417209
0.0152231
-0.00182992
-0.00285094
0.00693975
-0.000622201
0.00739962
0.0606402
-0.00497998
0.00737359
0.0486364
-0.00398711
0.00721778
0.0366261
-0.00302947
0.00642352
0.0253406
-0.00219929
0.00561082
0.015031
-0.00142236
0.0043717
0.00687023
-0.000622117
-0.0069434
0.0540437
-0.00577262
-0.0067992
0.0420738
-0.00473283
-0.00638809
0.0302394
-0.00371095
-0.00537317
0.0199196
-0.0026546
-0.00399511
0.0105663
-0.00149123
-0.00259379
0.00347014
-0.000402237
0.00675195
0.0539995
-0.00447598
0.00664639
0.0419938
-0.00347045
0.00619799
0.030382
-0.00239695
0.00536028
0.0192217
-0.00175686
0.00434063
0.0104055
-0.000824213
0.00266318
0.00395102
0.000135855
0.000490815
0.0546589
-0.00512495
0.000523614
0.0426227
-0.00410342
0.000567412
0.0307173
-0.0031238
0.000513042
0.0198617
-0.00204781
0.000791888
0.0105687
-0.00115422
0.000851639
0.00345889
-0.000306054
-0.000656659
0.0533605
-0.00512413
-0.000574235
0.0413324
-0.0041142
-0.000531112
0.0295896
-0.00316828
-0.000591805
0.0186483
-0.00213752
-0.000318386
0.00987698
-0.0011597
-0.000194422
0.00319175
-0.000320094
-0.000173246
0.00115357
-0.000111357
0.000173874
0.000997736
-0.000198519
-0.000110265
0.0659235
-0.00613479
0.00173113
0.00151773
-1.72347e-05
1.06636e-05
-0.000158061
9.50253e-06
-0.00147943
0.00132632
7.26087e-05
-0.00696837
0.0600094
-0.00628461
-0.00689099
0.0480521
-0.00525392
-0.0066161
0.0361165
-0.00422655
-0.00611915
0.0246006
-0.00319649
-0.00461314
0.0148951
-0.00209162
-0.00333257
0.00680459
-0.000906988
0.0067657
0.0599801
-0.00497865
0.00670457
0.0479987
-0.00396894
0.00650607
0.0360732
-0.00296362
0.00575946
0.0247216
-0.00208127
0.00490016
0.0146401
-0.00124733
0.00364636
0.00673286
-0.000377407
0.000474582
0.0606485
-0.00563109
0.000517998
0.0486252
-0.00461686
0.000557828
0.0366114
-0.00360165
0.000456211
0.0251677
-0.00268164
0.00069644
0.0149801
-0.00164098
0.000904994
0.00663708
-0.000668193
-0.000674785
0.0593352
-0.00563276
-0.000629236
0.0473611
-0.00461387
-0.000540136
0.0353959
-0.00361929
-0.000568728
0.0240434
-0.00257007
-0.000408047
0.0140325
-0.00164104
-0.000238227
0.00624148
-0.000719335
-0.00108019
0.00214191
-0.000105638
-0.00430715
0.0272984
-0.00323157
