-0.00758081
0.0650392
-0.00713143
0.00615119
0.0650267
-0.00576653
0.000418609
0.000230906
0.000135726
-0.000295644
-3.94805e-05
-0.000116194
-0.0063371
0.0663912
-0.00712314
0.00739337
0.0663988
-0.00577602
0.000266188
1.60554e-05
-0.000141945
-0.000264602
0.000137279
0.000130149
-0.00755195
0.0532141
-0.00606375
-0.00738835
0.0413015
-0.00500703
-0.00692822
0.0294979
-0.00401734
-0.00596017
0.0191518
-0.00302371
-0.00452223
0.0102102
-0.00171507
-0.00273137
0.00367975
-0.000684653
0.006159
0.0531688
-0.00470665
0.0061049
0.0412041
-0.00362946
0.0057392
0.0297146
-0.00245126
0.00494735
0.0185366
-0.00161317
0.0039159
0.00997909
-0.000642083
0.00244617
0.00351376
0.00039067
-0.00631923
0.0545471
-0.00604087
-0.00616704
0.0425842
-0.00492204
-0.00577651
0.0306991
-0.00378119
-0.00488317
0.0202719
-0.00244237
-0.00350135
0.0108366
-0.00132637
-0.00202861
0.00330066
-5.76004e-05
0.00740652
0.05451
-0.00472421
0.00733335
0.0425214
-0.0036969
0.00682643
0.0309278
-0.00272799
0.00603457
0.0196947
-0.00197548
0.00511231
0.0106574
-0.00107131
0.00305668
0.00436753
-0.000200391
-0.000716231
0.0650358
-0.0064524
-0.00147404
0.00158541
-0.000263352
-0.00694888
0.0657185
-0.00712174
0.00159662
0.00142245
0.000377587
0.0067412
0.0657148
-0.00577245
-0.000257277
-0.000184703
9.27611e-05
0.000569021
0.000215486
-0.00010874
-0.000512963
0.000149713
-7.43227e-05
0.000510183
0.06639
-0.00645402
-0.00100484
0.00120096
0.000390248
0.00161054
0.00181109
-0.000340006
6.13862e-05
-7.73934e-05
4.90324e-05
-0.0075743
0.0591472
-0.00659892
-0.0074965
0.0472591
-0.0055299
-0.00720739
0.035393
-0.00448959
-0.00671042
0.0239265
-0.00349163
-0.0052218
0.0143643
-0.00232312
-0.00373453
0.00663252
-0.0011224
0.00615505
0.0591212
-0.00524142
0.00614957
0.0471914
-0.00416426
0.00599907
0.0353266
-0.00308057
0.00542653
0.0241274
-0.00193874
0.00443484
0.0141037
-0.0011282
0.00327858
0.00639765
-0.000141031
-0.00633813
0.0604941
-0.00658491
-0.00626754
0.0485632
-0.00548453
-0.00602338
0.0366369
-0.00434544
-0.00546953
0.0251374
-0.00319912
-0.00413569
0.0152164
-0.00192657
-0.00282453
0.00694494
-0.000672767
0.00740106
0.0604786
-0.00524634
0.0073761
0.0485241
-0.00420464
0.00722227
0.0365606
-0.00319773
0.00643412
0.0253121
-0.00231821
0.00562377
0.0150256
-0.00149659
0.00438451
0.00687747
-0.000655953
-0.00691347
0.0538862
-0.00605648
-0.00677121
0.0419663
-0.00496367
-0.00636411
0.0301791
-0.00388616
-0.00535647
0.0198897
-0.00277478
-0.00398634
0.010559
-0.00156204
-0.00259018
0.00347161
-0.000430292
0.00672564
0.0538427
-0.00471818
0.00662122
0.0418877
-0.00366401
0.00617746
0.0303191
-0.00254215
0.00534687
0.0191981
-0.00185283
0.00433249
0.0103987
-0.00087787
0.00266167
0.00394918
0.000117406
0.000520839
0.0545223
-0.00538785
0.000553028
0.0425344
-0.00431514
0.000596164
0.0306733
-0.0032837
0.000538919
0.0198453
-0.00215666
0.000813072
0.0105705
-0.00121694
0.000867814
0.00346809
-0.000330418
-0.000683492
0.0531827
-0.00538714
-0.000601767
0.0412081
-0.00432673
-0.000558224
0.0295135
-0.00332792
-0.000614845
0.0186128
-0.00224742
-0.000339736
0.00986268
-0.00122309
-0.00021055
0.00318634
-0.000343527
-0.000184643
0.00114987
-0.000119857
0.0001838
0.00100474
-0.000209671
-0.000108268
0.0657159
-0.00644683
0.00173104
0.00151722
-2.16119e-05
1.1709e-05
-0.000157505
1.12031e-05
-0.0014772
0.00132879
6.05114e-05
-0.00693802
0.0598265
-0.00659364
-0.0068618
0.0479201
-0.00551175
-0.00659003
0.0360334
-0.0044299
-0.0060974
0.0245596
-0.00334396
-0.00460102
0.0148786
-0.00218618
-0.00332649
0.00680278
-0.000955703
0.00673929
0.0597979
-0.00524511
0.00667876
0.0478673
-0.00418678
0.00648231
0.0359906
-0.00313266
0.00574278
0.0246788
-0.00220083
0.00488936
0.0146256
-0.0013221
0.00364105
0.00673067
-0.000411586
0.000504726
0.0604869
-0.00591874
0.000547732
0.0485137
-0.00485467
0.000586861
0.0365462
-0.00378762
0.000485074
0.0251402
-0.00281467
0.000719545
0.0149747
-0.00172591
0.000923858
0.00664364
-0.0007105
-0.00070132
0.0591316
-0.00592053
-0.000656475
0.0472096
-0.00485155
-0.000567682
0.0352965
-0.00380558
-0.00059415
0.0239873
-0.00270469
-0.000431045
0.0140095
-0.00172698
-0.000257389
0.00623308
-0.000761832
-0.00106841
0.0021477
-0.000124846
-0.00427078
0.0272595
-0.00338712
