-0.00757719
0.0648932
-0.00729363
0.00612246
0.0648809
-0.0059096
0.000417116
0.000230044
0.000135838
-0.000296102
-3.91468e-05
-0.000116818
-0.00630583
0.0662643
-0.00728529
0.00739226
0.0662718
-0.00591899
0.000266681
1.65411e-05
-0.000142405
-0.000263048
0.000136659
0.000129717
-0.00754864
0.0530964
-0.00620162
-0.00738594
0.0412133
-0.00511896
-0.00692774
0.0294384
-0.00410172
-0.00596114
0.0191165
-0.00308099
-0.00452567
0.010193
-0.00174894
-0.0027352
0.00367372
-0.000698044
0.00613004
0.0530515
-0.004826
0.00607613
0.0411165
-0.00372516
0.00571245
0.0296539
-0.00252345
0.00492437
0.0185027
-0.00166209
0.00389805
0.00996143
-0.00067013
0.00243532
0.00350614
0.000379264
-0.006288
0.0544481
-0.00617887
-0.00613638
0.0425125
-0.00503435
-0.00574744
0.0306536
-0.00386643
-0.0048589
0.0202444
-0.00250177
-0.00348267
0.0108256
-0.0013616
-0.00201619
0.00330026
-7.23382e-05
0.0074055
0.0544109
-0.0048435
0.00733286
0.0424496
-0.00379228
0.00682761
0.0308813
-0.00279917
0.00603741
0.0196696
-0.00202328
0.00511546
0.0106472
-0.00109808
0.00306044
0.00436742
-0.000209131
-0.000728711
0.0648899
-0.00660499
-0.00147707
0.00158299
-0.000269224
-0.00693142
0.0655821
-0.00728391
0.00159006
0.00141815
0.000372994
0.00672645
0.0655784
-0.00591549
-0.000259434
-0.000185082
9.18672e-05
0.000568025
0.000215352
-0.000107763
-0.000511921
0.000150004
-7.39382e-05
0.000525245
0.0662631
-0.00660654
-0.000998514
0.00120163
0.000382551
0.0016134
0.00181329
-0.000343131
6.31655e-05
-7.70516e-05
4.80082e-05
-0.00757075
0.0590152
-0.00674914
-0.00749361
0.0471561
-0.00565495
-0.00720583
0.0353193
-0.004588
-0.0067095
0.0238808
-0.00356291
-0.0052243
0.0143391
-0.00236842
-0.00373844
0.00662166
-0.00114559
0.00612622
0.0589894
-0.0053726
0.00612058
0.0470887
-0.00427179
0.00597086
0.035253
-0.00316438
0.00540139
0.0240797
-0.00199914
0.00441448
0.0140784
-0.00116639
0.00326378
0.00638606
-0.000159819
-0.00630685
0.0603811
-0.00673519
-0.00623647
0.0484781
-0.00560987
-0.00599331
0.0365784
-0.00444446
-0.00544245
0.0251026
-0.00327166
-0.00411434
0.0151982
-0.00197335
-0.00280868
0.00693956
-0.000697451
0.00739999
0.0603655
-0.00537748
0.0073754
0.0484387
-0.00431197
0.00722216
0.0365022
-0.00328101
0.00643633
0.0252769
-0.00237739
0.0056268
0.0150082
-0.00153374
0.00438762
0.00687338
-0.000673073
-0.00689621
0.0537779
-0.0061944
-0.0067547
0.0418862
-0.00507571
-0.00634918
0.0301264
-0.00397111
-0.00534488
0.0198576
-0.00283293
-0.00397878
0.0105445
-0.00159624
-0.00258605
0.00346805
-0.000443887
0.00671091
0.0537347
-0.00483752
0.00660682
0.0418082
-0.00375957
0.00616485
0.0302654
-0.00261403
0.00533729
0.0191692
-0.00190071
0.00432547
0.0103848
-0.000904822
0.00265873
0.00394379
0.000107718
0.0005359
0.0544232
-0.00551641
0.000567812
0.0424626
-0.00441873
0.000610559
0.0306277
-0.00336202
0.000551819
0.0198191
-0.00221002
0.000823439
0.0105601
-0.00124779
0.000875376
0.00346822
-0.000342549
-0.000696186
0.0530652
-0.00551575
-0.000614746
0.0411204
-0.00443069
-0.000571064
0.0294539
-0.00340612
-0.000625843
0.0185788
-0.00230128
-0.000350045
0.00984566
-0.00125423
-0.000218455
0.00317991
-0.000355115
-0.000190238
0.00114652
-0.000124044
0.0001887
0.00100659
-0.000215137
-0.00010693
0.0655794
-0.00659939
0.00172948
0.00151507
-2.39662e-05
1.22041e-05
-0.000157149
1.20476e-05
-0.0014747
0.00132815
5.44579e-05
-0.00692061
0.059704
-0.00674386
-0.00684482
0.0478261
-0.00563696
-0.00657426
0.0359672
-0.00452856
-0.00608345
0.024519
-0.0034154
-0.00459165
0.0148563
-0.00223189
-0.0033206
0.00679436
-0.000979244
0.00672456
0.0596756
-0.00537629
0.00666417
0.0477735
-0.00429421
0.00646841
0.0359246
-0.00321623
0.00573177
0.0246375
-0.00226027
0.00488098
0.0146046
-0.00135948
0.00363567
0.00672229
-0.000428947
0.000519822
0.0603738
-0.0060594
0.00056268
0.0484286
-0.00497098
0.00060145
0.0364878
-0.00387864
0.000499446
0.0251055
-0.0028799
0.000731016
0.0149572
-0.0017676
0.000932863
0.00663922
-0.0007314
-0.000713895
0.0589997
-0.00606124
-0.000669341
0.0471068
-0.0049678
-0.000580681
0.0352231
-0.00389675
-0.000606245
0.0239402
-0.00277063
-0.000442067
0.0139849
-0.00176915
-0.000266723
0.00622219
-0.000782748
-0.00106146
0.0021476
-0.00013434
-0.00425045
0.0272182
-0.00346269
