-0.00753501
0.0638556
-0.00805192
0.00596618
0.0638436
-0.00660452
0.000405705
0.00022349
0.00013503
-0.00029559
-3.72423e-05
-0.0001188
-0.00613124
0.0652896
-0.00804329
0.00736825
0.065297
-0.00661372
0.000266648
1.86318e-05
-0.000143572
-0.000252345
0.000131698
0.000126514
-0.00750707
0.0522307
-0.00684378
-0.0073457
0.0405252
-0.00563833
-0.00689193
0.0289308
-0.00449199
-0.00593008
0.0187823
-0.00334354
-0.00450777
0.0100089
-0.00190219
-0.00273007
0.00360333
-0.000757349
0.00597251
0.0521864
-0.0054072
0.0059176
0.0404297
-0.00419275
0.00555869
0.0291429
-0.00287783
0.00478343
0.0181753
-0.00190594
0.00378076
0.00977844
-0.000813088
0.00235953
0.00343129
0.000315118
-0.00611314
0.0536432
-0.00682127
-0.00596179
0.0418759
-0.00555455
-0.00557684
0.0301875
-0.00425952
-0.00470807
0.019926
-0.0027738
-0.00336001
0.0106548
-0.00152285
-0.0019347
0.00325349
-0.000143644
0.0073815
0.0536053
-0.00542498
0.00730864
0.0418126
-0.00425949
0.0068055
0.0304134
-0.00315059
0.00601832
0.0193627
-0.00226271
0.00509588
0.010484
-0.0012336
0.00305427
0.00431492
-0.000255971
-0.000785517
0.0638524
-0.00733151
-0.00147828
0.00155221
-0.000295406
-0.00682289
0.0645761
-0.00804203
0.00154222
0.00138091
0.00034439
0.00663665
0.0645725
-0.00661047
-0.000268218
-0.00018545
8.67598e-05
0.00055783
0.00021261
-0.000102296
-0.000501612
0.000149502
-7.10544e-05
0.000600314
0.0652883
-0.00733284
-0.000957048
0.00118625
0.000341534
0.0016132
0.00180038
-0.000358493
7.1707e-05
-7.5277e-05
4.23421e-05
-0.00752871
0.0580631
-0.00745015
-0.00745281
0.0463781
-0.00623628
-0.00716734
0.0347208
-0.00504381
-0.00667073
0.0234659
-0.00389091
-0.00520011
0.014084
-0.00257482
-0.00372677
0.0064995
-0.00124995
0.00596949
0.0580377
-0.00601062
0.00596224
0.0463116
-0.00479615
0.00581308
0.0346554
-0.0035749
0.00525258
0.0236573
-0.00229731
0.0042847
0.0138255
-0.00135834
0.00316362
0.00626404
-0.000258585
-0.00613217
0.0594913
-0.00743627
-0.00606143
0.0477578
-0.00619191
-0.00581992
0.0360267
-0.00490188
-0.00527955
0.0247172
-0.00360488
-0.00397702
0.0149576
-0.00218714
-0.00270382
0.00683184
-0.00081189
0.00737612
0.0594754
-0.00601562
0.0073517
0.047717
-0.00483629
0.0071975
0.0359511
-0.00369043
0.00641606
0.0248904
-0.00267165
0.00560715
0.014774
-0.00172052
0.0043698
0.00677481
-0.00076111
-0.00678792
0.0529426
-0.00683666
-0.00664772
0.0412228
-0.00559512
-0.00624605
0.0296388
-0.00436307
-0.00525532
0.0195285
-0.00309918
-0.00390972
0.0103652
-0.0017513
-0.00254259
0.00340764
-0.000505559
0.00662072
0.0529001
-0.00541899
0.00651599
0.0411474
-0.004227
0.00607789
0.0297749
-0.00296755
0.00526034
0.0188544
-0.00213995
0.00426074
0.0102106
-0.00104131
0.00262214
0.00387255
5.43774e-05
0.00061109
0.0536178
-0.00612807
0.000641812
0.0418253
-0.00491139
0.000681964
0.0301615
-0.00373466
0.000615362
0.0195068
-0.00246419
0.000872425
0.0103948
-0.00139523
0.000907381
0.00342323
-0.000401943
-0.000753423
0.0521998
-0.00612754
-0.000672581
0.0404335
-0.00492488
-0.00062864
0.0289461
-0.00377837
-0.000676086
0.0182502
-0.00255756
-0.000398063
0.00966495
-0.00140276
-0.000256233
0.00311238
-0.000411001
-0.000216938
0.00111571
-0.000143994
0.000212177
0.000998761
-0.000240912
-9.76618e-05
0.0645735
-0.00732577
0.00170658
0.00148567
-3.76667e-05
1.43039e-05
-0.000154637
1.61292e-05
-0.00144855
0.00130615
2.51564e-05
-0.00681207
0.058783
-0.00744481
-0.0067369
0.047077
-0.00621876
-0.00646884
0.0353916
-0.00498491
-0.00598373
0.0241172
-0.00374389
-0.00451231
0.0146059
-0.00244008
-0.00326321
0.00667777
-0.0010858
0.00663475
0.0587552
-0.00601452
0.00657364
0.0470251
-0.00481857
0.00637805
0.0353507
-0.00362619
0.00564954
0.0242335
-0.00255508
0.00480912
0.0143616
-0.00154703
0.00358143
0.00660812
-0.000518873
0.000594961
0.0594839
-0.00672881
0.000637594
0.0477079
-0.00552417
0.000674375
0.035936
-0.00431154
0.000569967
0.0247205
-0.00319077
0.000786981
0.0147211
-0.00196636
0.000973022
0.0065391
-0.000832126
-0.000770869
0.0580479
-0.00673086
-0.000727074
0.0463292
-0.00552058
-0.000638634
0.0346256
-0.00433023
-0.000660997
0.0235194
-0.00308428
-0.0004927
0.0137341
-0.00196999
-0.000310875
0.00610349
-0.000882789
-0.00101658
0.00211686
-0.000179483
-0.00412824
0.0267933
-0.00381345
