-0.0075068
0.0632984
-0.00832789
0.00589663
0.0632864
-0.00687394
0.000399391
0.000219885
0.000134058
-0.000294105
-3.63613e-05
-0.000119057
-0.00605261
0.0647387
-0.00831914
0.00734908
0.0647461
-0.00688318
0.000265485
1.92922e-05
-0.000143512
-0.000246789
0.000128878
0.000124794
-0.00747867
0.0517573
-0.00707574
-0.00731642
0.0401379
-0.00582445
-0.00686212
0.0286335
-0.0046308
-0.00590122
0.0185787
-0.00343526
-0.00448465
0.00989222
-0.00195447
-0.00271699
0.0035578
-0.000776737
0.00590245
0.0517129
-0.00563323
0.00584641
0.0400425
-0.00437521
0.00548729
0.0288456
-0.00301685
0.00471478
0.0179742
-0.00200331
0.00372103
0.00966364
-0.000871591
0.00231956
0.00338549
0.000286176
-0.0060342
0.0531755
-0.00705315
-0.00588192
0.0414915
-0.00574055
-0.005497
0.029891
-0.00439882
-0.00463442
0.0197158
-0.00286887
-0.00329798
0.0105337
-0.00157888
-0.00189367
0.0032143
-0.000170258
0.00736213
0.0531372
-0.00565133
0.00728789
0.0414282
-0.00444231
0.00678298
0.0301172
-0.00328925
0.00599493
0.0191567
-0.00235872
0.00507158
0.0103675
-0.00128854
0.00304023
0.00427009
-0.000276153
-0.000806148
0.0632952
-0.00760424
-0.00147244
0.0015319
-0.000304029
-0.00676938
0.0640221
-0.0083179
0.00151639
0.00135932
0.000330343
0.00659218
0.0640185
-0.00687997
-0.000270759
-0.00018484
8.44648e-05
0.000551414
0.000210591
-9.99006e-05
-0.000495213
0.000148411
-6.94373e-05
0.000629897
0.0647373
-0.00760553
-0.000936252
0.00117151
0.000324398
0.00160642
0.00178419
-0.000364544
7.48909e-05
-7.45604e-05
3.98707e-05
-0.00750044
0.0575478
-0.00770435
-0.00742411
0.0459472
-0.00644545
-0.00713765
0.0343779
-0.00520648
-0.00663945
0.023217
-0.00400642
-0.00517375
0.0139252
-0.00264613
-0.00370792
0.00642108
-0.00128513
0.00589978
0.0575222
-0.00625839
0.00589164
0.0458806
-0.00500035
0.00574138
0.0343129
-0.00373553
0.0051819
0.0234063
-0.00241511
0.00421983
0.0136685
-0.00143568
0.00311172
0.00618727
-0.000300361
-0.0060535
0.0589821
-0.00769039
-0.00598202
0.0473315
-0.00640104
-0.00573984
0.0356856
-0.0050646
-0.00520186
0.0244655
-0.00372204
-0.00390839
0.0147929
-0.00226146
-0.00265063
0.00675183
-0.000852268
0.00735697
0.0589659
-0.00626353
0.00733185
0.0472904
-0.00504087
0.00717557
0.0356105
-0.00385126
0.00639294
0.0246388
-0.00278868
0.00558294
0.014613
-0.00179569
0.00434718
0.00669974
-0.000797454
-0.00673416
0.052472
-0.00706862
-0.00659346
0.0408368
-0.00578103
-0.00619159
0.0293416
-0.00450201
-0.00520509
0.0193205
-0.00319211
-0.00386805
0.0102455
-0.00180435
-0.00251498
0.00336449
-0.000526502
0.00657591
0.0524295
-0.00564522
0.00647001
0.040762
-0.0044096
0.0060314
0.0294777
-0.00310647
0.0052158
0.0186516
-0.00223565
0.00422115
0.010094
-0.00109671
0.00259749
0.00382429
3.07659e-05
0.000640758
0.0531497
-0.00635713
0.000671044
0.0414406
-0.0050955
0.000709823
0.0298651
-0.00387373
0.000640014
0.0192988
-0.002559
0.000890368
0.0102769
-0.00145028
0.000917245
0.00338433
-0.000424748
-0.00077393
0.0517263
-0.00635661
-0.000692898
0.0400461
-0.00510946
-0.000648925
0.028649
-0.00391739
-0.000694211
0.0180486
-0.00265298
-0.000415722
0.00955075
-0.00145809
-0.000270464
0.00307019
-0.000432055
-0.000226919
0.00109746
-0.000151351
0.000220909
0.000987737
-0.000250299
-9.31786e-05
0.0640194
-0.00759842
0.00169056
0.00146563
-4.41053e-05
1.4933e-05
-0.000153307
1.76609e-05
-0.00143204
0.00128895
1.43103e-05
-0.00675845
0.0582708
-0.00769897
-0.00668288
0.0466484
-0.00642796
-0.00641429
0.0350493
-0.00514751
-0.00593003
0.0238661
-0.0038595
-0.00446591
0.0144431
-0.00251201
-0.0032277
0.00659781
-0.00112203
0.00659025
0.0582429
-0.00626241
0.00652828
0.0465966
-0.00502294
0.00633146
0.0350092
-0.00378682
0.00560363
0.0239824
-0.00267208
0.00476636
0.0142024
-0.00162238
0.0035472
0.00653004
-0.000556309
0.000624524
0.0589746
-0.0069798
0.000667261
0.0472813
-0.00573108
0.000703109
0.0355947
-0.00447316
0.000597177
0.0244692
-0.00330692
0.000808378
0.0145588
-0.00204045
0.000986536
0.00646347
-0.000870079
-0.000791426
0.0575325
-0.0069819
-0.000747593
0.0458981
-0.00572732
-0.000658957
0.0342827
-0.00449204
-0.000680499
0.0232686
-0.00320123
-0.000511057
0.0135774
-0.00204479
-0.000327372
0.00602803
-0.000920136
-0.000994266
0.00209085
-0.000195946
-0.00407003
0.0265229
-0.00393902
