-0.00749013
0.0629892
-0.00845952
0.00585998
0.0629771
-0.00700693
0.000395887
0.000217892
0.000133434
-0.000293101
-3.58937e-05
-0.000119072
-0.00601124
0.064428
-0.00845071
0.00733712
0.0644354
-0.00701622
0.000264666
1.95826e-05
-0.000143372
-0.000243766
0.000127302
0.000123851
-0.00746182
0.0514938
-0.00718588
-0.00729886
0.039921
-0.00591237
-0.00684388
0.0284657
-0.00469603
-0.00588334
0.0184629
-0.00347787
-0.00446982
0.00982548
-0.0019784
-0.00270819
0.0035317
-0.00078537
0.00586556
0.0514492
-0.00574493
0.00580884
0.0398256
-0.00446549
0.00544929
0.0286779
-0.0030858
0.00467779
0.0178597
-0.00205194
0.00368852
0.00959808
-0.000901092
0.00229763
0.00335956
0.00027104
-0.00599265
0.0529101
-0.00716321
-0.00583973
0.0412718
-0.00582833
-0.00545458
0.0297197
-0.00446419
-0.00459485
0.0195937
-0.00291311
-0.00326438
0.0104623
-0.00160482
-0.00187153
0.00319056
-0.000183006
0.00735002
0.0528717
-0.00576322
0.00727485
0.0412085
-0.00453285
0.00676862
0.0299464
-0.00335813
0.00597981
0.0190366
-0.00240671
0.00505594
0.0102988
-0.00131612
0.00303079
0.00424282
-0.000286523
-0.000816124
0.062986
-0.00773659
-0.00146823
0.00152023
-0.000307879
-0.00674031
0.0637122
-0.00844948
0.00150213
0.00134727
0.000322788
0.00656777
0.0637086
-0.00701302
-0.000271816
-0.000184367
8.32733e-05
0.000547736
0.000209397
-9.86708e-05
-0.00049156
0.000147685
-6.85296e-05
0.000644513
0.0644267
-0.00773785
-0.000925055
0.00116239
0.000315767
0.00160164
0.00177384
-0.000367545
7.64194e-05
-7.42033e-05
3.86028e-05
-0.00748371
0.0572614
-0.00782532
-0.007407
0.0457066
-0.00654452
-0.00711969
0.0341852
-0.00528312
-0.00662045
0.0230758
-0.00406038
-0.00515713
0.0138346
-0.00267905
-0.00369559
0.00637613
-0.00130111
0.00586306
0.0572357
-0.00638078
0.00585446
0.0456399
-0.00510132
0.00570344
0.0341203
-0.0038151
0.00514406
0.0232642
-0.00247371
0.00418466
0.0135789
-0.00147444
0.00308336
0.00614345
-0.000321703
-0.00601212
0.0586941
-0.00781131
-0.00594017
0.0470888
-0.00650002
-0.00569744
0.0354896
-0.00514116
-0.00516036
0.0243195
-0.00377676
-0.00387131
0.0146965
-0.00229591
-0.00262182
0.00670432
-0.000871086
0.007345
0.0586779
-0.006386
0.00731939
0.0470476
-0.00514209
0.00716176
0.0354148
-0.00393103
0.00637806
0.0244929
-0.002847
0.00556733
0.0145186
-0.0018333
0.00433263
0.00665496
-0.000815826
-0.00670491
0.0522076
-0.00717874
-0.00656378
0.0406184
-0.00586879
-0.0061615
0.029172
-0.00456721
-0.00517696
0.0192009
-0.00323529
-0.00384436
0.010176
-0.00182867
-0.00249911
0.00333917
-0.000536038
0.00655131
0.052165
-0.00575705
0.00644467
0.0405439
-0.00449998
0.00600547
0.0293083
-0.0031754
0.00519054
0.0185347
-0.00228345
0.00419847
0.0100262
-0.00112454
0.0025831
0.00379623
1.85023e-05
0.00065542
0.0528842
-0.0064681
0.000685484
0.0412207
-0.00518454
0.000723499
0.0296939
-0.00394089
0.000652099
0.0191777
-0.00260474
0.000898911
0.0102074
-0.0014768
0.000921507
0.00336064
-0.000435867
-0.000783785
0.0514625
-0.00646758
-0.000702566
0.039829
-0.00519872
-0.000658565
0.0284814
-0.00398455
-0.000702904
0.0179339
-0.00269897
-0.000424247
0.00948544
-0.00148473
-0.00027738
0.0030462
-0.000442233
-0.00023174
0.00108724
-0.000154865
0.000225097
0.000980618
-0.000254756
-9.08646e-05
0.0637095
-0.00773072
0.00168115
0.00145398
-4.75286e-05
1.51971e-05
-0.000152574
1.83984e-05
-0.00142258
0.00127868
9.15263e-06
-0.00672931
0.0579837
-0.00781994
-0.00665342
0.0464068
-0.00652702
-0.00638429
0.0348549
-0.00522405
-0.00590022
0.0237221
-0.0039135
-0.00443971
0.0143491
-0.00254521
-0.00320741
0.00655119
-0.00113857
0.00656582
0.0579557
-0.00638487
0.00650334
0.046355
-0.00512403
0.00630569
0.0348152
-0.00386643
0.00557778
0.0238385
-0.00273035
0.00474199
0.0141103
-0.00166008
0.00352749
0.00648453
-0.000575306
0.000639122
0.0586866
-0.00710149
0.000681937
0.0470384
-0.00583122
0.000717279
0.0353987
-0.00455126
0.000610486
0.0243233
-0.003363
0.000818781
0.0144637
-0.00207616
0.000992689
0.00641843
-0.000888434
-0.000801339
0.0572461
-0.00710362
-0.000757416
0.0456574
-0.00582738
-0.000668612
0.0340899
-0.00457022
-0.0006898
0.0231266
-0.00325766
-0.000519877
0.013488
-0.00208082
-0.000335376
0.00598488
-0.000938124
-0.000982273
0.00207509
-0.000203741
-0.00403894
0.026367
-0.00399827
