-0.00745133
0.0623092
-0.0087096
0.00578238
0.0622969
-0.00726944
0.000388231
0.00021355
0.000131918
-0.00029059
-3.49027e-05
-0.000118882
-0.00592407
0.0637353
-0.00870068
0.00730787
0.0637428
-0.00727887
0.00026257
2.00834e-05
-0.000142876
-0.000237272
0.000123845
0.000121817
-0.00742251
0.0509131
-0.00739397
-0.0072577
0.0394416
-0.00607744
-0.00680065
0.0280935
-0.00481766
-0.0058408
0.0182049
-0.00355618
-0.00443383
0.00967636
-0.00202159
-0.0026863
0.00347348
-0.000800397
0.00578748
0.0508682
-0.00596569
0.00572929
0.0393461
-0.00464411
0.00536838
0.0283063
-0.00322251
0.00459847
0.0176045
-0.00214896
0.00361834
0.00945178
-0.000960491
0.00225011
0.00330217
0.000239529
-0.00590507
0.0523163
-0.0073711
-0.00575061
0.0407778
-0.00599299
-0.00536467
0.0293324
-0.00458596
-0.00451032
0.0193165
-0.00299467
-0.00319232
0.0102991
-0.00165227
-0.00182424
0.00313526
-0.000207234
0.00732041
0.0522775
-0.00598442
0.00724297
0.0407148
-0.00471211
0.00673338
0.0295603
-0.00349485
0.00594267
0.0187636
-0.00250244
0.00501778
0.0101416
-0.00137134
0.00300721
0.00417908
-0.000307746
-0.000835524
0.0623059
-0.00799298
-0.00145735
0.00149417
-0.000314599
-0.00667723
0.0630259
-0.00869946
0.00147112
0.00132089
0.000306678
0.00651407
0.0630223
-0.00727566
-0.000273502
-0.000183084
8.08149e-05
0.000539491
0.000206667
-9.61609e-05
-0.0004834
0.000145898
-6.65212e-05
0.000673291
0.0637339
-0.00799424
-0.00090121
0.00114089
0.000298487
0.00158938
0.00174887
-0.000373478
7.93343e-05
-7.3491e-05
3.60176e-05
-0.00744478
0.0566312
-0.00805456
-0.00736698
0.045176
-0.00673114
-0.00707737
0.0337585
-0.0054265
-0.00657569
0.0227617
-0.00416025
-0.00511717
0.0136323
-0.00273906
-0.00366535
0.0062757
-0.00132965
0.00578533
0.0566051
-0.00662253
0.00577576
0.045109
-0.00530095
0.00562296
0.0336939
-0.00397268
0.00506319
0.0229487
-0.00259025
0.00410895
0.0133791
-0.00155203
0.00302204
0.0060458
-0.000365197
-0.00592492
0.0580511
-0.00804041
-0.00585189
0.0465444
-0.00668637
-0.00560775
0.035048
-0.00528425
-0.0050721
0.0239885
-0.00387808
-0.00379184
0.0144769
-0.00235909
-0.00256009
0.00659512
-0.000905781
0.00731574
0.0580346
-0.00662795
0.00728887
0.046503
-0.00534233
0.00712803
0.034974
-0.00408915
0.00634149
0.0241622
-0.00296307
0.00552913
0.0143037
-0.00190843
0.00429717
0.00655169
-0.000852864
-0.00664135
0.0516203
-0.0073868
-0.00649907
0.0401316
-0.00603349
-0.00609553
0.0287921
-0.00468863
-0.00511479
0.018932
-0.00331472
-0.00379151
0.010019
-0.00187269
-0.00246346
0.00328156
-0.000553121
0.00649718
0.0515775
-0.00597806
0.00638885
0.0400575
-0.00467883
0.00594798
0.0289289
-0.00331207
0.00513398
0.018271
-0.00237878
0.00414748
0.00987297
-0.00118036
0.00255035
0.00373279
-6.8663e-06
0.000684287
0.05229
-0.00668265
0.000713878
0.0407265
-0.00535632
0.000750214
0.029307
-0.00407017
0.000675691
0.0189026
-0.00269266
0.000915042
0.0100483
-0.00152768
0.000928654
0.00330525
-0.000457443
-0.000802841
0.0508815
-0.00668212
-0.000721072
0.0393492
-0.00537087
-0.000676959
0.0281094
-0.00411386
-0.000719615
0.017678
-0.00278723
-0.000440726
0.00933963
-0.00153579
-0.000290801
0.00299303
-0.000461806
-0.000241017
0.00106486
-0.000161528
0.000233077
0.000963358
-0.000263159
-8.6205e-05
0.0630232
-0.00798702
0.00165964
0.00142769
-5.47625e-05
1.56216e-05
-0.000150975
1.98099e-05
-0.00140139
0.00125506
-5.55269e-07
-0.00666606
0.0573471
-0.00804915
-0.00658932
0.0458693
-0.00671355
-0.00631871
0.0344205
-0.00536717
-0.00583469
0.0233988
-0.00401346
-0.00438151
0.0141371
-0.00260578
-0.00316201
0.00644554
-0.00116832
0.00651207
0.0573188
-0.00662676
0.0064484
0.0458175
-0.00532391
0.0062488
0.0343816
-0.00402409
0.00552016
0.0235156
-0.00284628
0.0046873
0.0139024
-0.00173537
0.00348303
0.00638138
-0.000613769
0.000667844
0.0580434
-0.00733703
0.000710847
0.0464936
-0.00602462
0.000745086
0.0349569
-0.00470175
0.000636412
0.0239927
-0.00347093
0.000838882
0.014247
-0.00214465
0.00100372
0.00631471
-0.000923759
-0.000820565
0.0566156
-0.00733919
-0.000776331
0.0451264
-0.00602062
-0.000687047
0.0336631
-0.00472088
-0.00070759
0.0228111
-0.00336621
-0.000536862
0.0132884
-0.00214992
-0.000350908
0.00588863
-0.000972601
-0.000956754
0.00203844
-0.000218368
-0.00397284
0.0260149
-0.00410933
