-0.00740472
0.061546
-0.00894163
0.00569818
0.0615333
-0.00752717
0.000379777
0.00020878
0.000130059
-0.000287447
-3.38361e-05
-0.000118408
-0.00583045
0.0629461
-0.00893262
0.00727071
0.0629536
-0.00753679
0.000259894
2.04791e-05
-0.000142103
-0.000230246
0.000120017
0.000119605
-0.00737523
0.0502613
-0.00758535
-0.0072081
0.0389029
-0.00622767
-0.00674829
0.0276745
-0.00492705
-0.00578934
0.017914
-0.00362486
-0.00438978
0.0095082
-0.00205829
-0.00265896
0.00340807
-0.000812329
0.00570287
0.0502157
-0.00618274
0.00564311
0.0388071
-0.00481993
0.00528049
0.0278882
-0.00335745
0.00451195
0.0173167
-0.00224544
0.00354156
0.00928696
-0.00102023
0.00219801
0.00323819
0.000206525
-0.00581098
0.0516382
-0.00756223
-0.00565478
0.0402123
-0.00614269
-0.00526786
0.0288876
-0.00469541
-0.00441879
0.0189977
-0.00306672
-0.0031142
0.0101103
-0.0016936
-0.00177332
0.00307034
-0.000229608
0.00728279
0.051599
-0.00620193
0.00720262
0.0401498
-0.00488866
0.00668907
0.0291169
-0.00362986
0.00589625
0.0184492
-0.0025975
0.00497064
0.00995968
-0.0014264
0.0029776
0.00410392
-0.000329481
-0.000854332
0.0615425
-0.008238
-0.00144338
0.00146492
-0.000319956
-0.00660702
0.0622497
-0.0089314
0.00143702
0.00129187
0.000289343
0.00645302
0.0622459
-0.00753353
-0.000274618
-0.000181353
7.82719e-05
0.000530141
0.000203513
-9.35997e-05
-0.00047419
0.000143695
-6.42664e-05
0.000701324
0.0629446
-0.00823926
-0.000875642
0.00111538
0.000281316
0.00157368
0.00171861
-0.000379276
8.20417e-05
-7.27777e-05
3.33873e-05
-0.00739799
0.0559238
-0.00826637
-0.00731878
0.0445802
-0.00690191
-0.00702625
0.0332786
-0.00555622
-0.00652186
0.0224077
-0.00424897
-0.00506857
0.0134041
-0.00279098
-0.00362804
0.00616255
-0.00135346
0.00570103
0.0558972
-0.00686008
0.00569052
0.0445126
-0.00549731
0.00553573
0.0332144
-0.00412796
0.00497517
0.0225934
-0.00270573
0.00402618
0.0131539
-0.00162948
0.00295489
0.00593605
-0.000409601
-0.00583127
0.0573176
-0.00825204
-0.00575703
0.045922
-0.00685678
-0.00551126
0.0345415
-0.00541354
-0.00497678
0.0236076
-0.00396822
-0.00370565
0.0142236
-0.0024144
-0.00249331
0.0064683
-0.000936361
0.00727853
0.0573009
-0.00686571
0.00725011
0.0458806
-0.00553938
0.00708552
0.0344687
-0.00424509
0.00629563
0.0237818
-0.00307805
0.00548168
0.0140557
-0.00198312
0.0042535
0.00643139
-0.000890108
-0.00657056
0.0509553
-0.00757812
-0.00642684
0.0395795
-0.00618327
-0.00602166
0.0283599
-0.00479765
-0.00504483
0.0186257
-0.00338455
-0.00373175
0.0098396
-0.00191028
-0.00242294
0.00321553
-0.000567438
0.00643568
0.0509121
-0.00619536
0.00632547
0.0395056
-0.00485488
0.00588256
0.0284977
-0.00344696
0.00506932
0.01797
-0.00247344
0.00408914
0.00969772
-0.00123615
0.00251254
0.0036604
-3.32265e-05
0.000712395
0.0516115
-0.00688701
0.00074145
0.0401609
-0.00551933
0.000775902
0.0288626
-0.00419239
0.000698379
0.0185861
-0.00277555
0.000929772
0.0098643
-0.00157543
0.000933929
0.00323999
-0.000478012
-0.000821189
0.0502291
-0.00688646
-0.000738661
0.0388099
-0.0055342
-0.000694326
0.0276908
-0.00423615
-0.000735498
0.0173895
-0.00287025
-0.000456493
0.00917531
-0.00158366
-0.000303662
0.00293373
-0.000480237
-0.000249782
0.00104028
-0.000167667
0.000240478
0.000942393
-0.000270832
-8.16427e-05
0.0622469
-0.00823195
0.00163473
0.00139778
-6.24678e-05
1.59072e-05
-0.000149197
2.11294e-05
-0.0013774
0.00122773
-9.37357e-06
-0.00659565
0.0566267
-0.00826094
-0.00651788
0.0452602
-0.00688417
-0.00624537
0.0339272
-0.00549654
-0.00576117
0.0230305
-0.00410232
-0.00431587
0.0138954
-0.00265826
-0.00311054
0.00632467
-0.00119344
0.00645097
0.056598
-0.00686446
0.00638601
0.0452083
-0.00552054
0.00618422
0.0338891
-0.00417947
0.00545444
0.0231479
-0.00296113
0.00462477
0.013665
-0.00181029
0.00343209
0.0062633
-0.000652688
0.000695801
0.0573098
-0.00756176
0.000739
0.0458707
-0.00620849
0.000771996
0.0344505
-0.00484428
0.000661289
0.0236124
-0.00357283
0.000857887
0.0139971
-0.002209
0.00101296
0.00619409
-0.000957061
-0.000839148
0.0559079
-0.00756395
-0.000794453
0.04453
-0.00620434
-0.000704502
0.033183
-0.00486356
-0.000724401
0.0224558
-0.0034687
-0.000553058
0.0130632
-0.00221482
-0.00036582
0.00578043
-0.00100492
-0.000929395
0.00199553
-0.000231612
-0.00390146
0.0256115
-0.00421007
