0.00814041
-0.0699133
0.0021615
-0.00865956
-0.0698759
-0.00061814
-0.000361217
-0.000191385
-0.000119437
0.000237443
5.24229e-05
8.97355e-05
0.00824953
-0.0726582
0.00214267
-0.00853746
-0.0726719
-0.000587869
-0.000218574
-8.08325e-06
0.000117448
0.000215468
-0.000110005
-9.99366e-05
0.00804507
-0.0553681
0.00226818
0.00765127
-0.0408182
0.00239601
0.00679118
-0.0269984
0.00251806
0.00544102
-0.0162154
0.00245964
0.00374682
-0.00783273
0.0016012
0.00215977
-0.00251906
0.000757028
-0.00864287
-0.0552621
-0.000478024
-0.00835562
-0.0406779
-0.000316688
-0.00738098
-0.0275413
-0.000328063
-0.00578316
-0.0154383
2.52243e-05
-0.00408126
-0.00778794
-5.95368e-05
-0.0022888
-0.00253837
-0.000508374
0.00818706
-0.0580532
0.00220792
0.00776986
-0.0433399
0.00221198
0.00689381
-0.029252
0.00210485
0.00533672
-0.0183228
0.00162452
0.00338963
-0.00906318
0.00116037
0.00179688
-0.00249017
0.000172895
-0.0085286
-0.0579527
-0.000403769
-0.00827093
-0.0431972
-0.000115273
-0.00720975
-0.0296846
0.000223251
-0.00585811
-0.0174112
0.000616928
-0.00466969
-0.00887024
0.0004779
-0.00263029
-0.00345348
0.000112552
-0.000245983
-0.0698962
0.000784292
0.00113507
-0.00100604
0.000321801
0.00817229
-0.0712939
0.00214069
-0.00142026
-0.000992653
-0.000361936
-0.00853321
-0.0712809
-0.000596408
0.000198342
0.000180867
-8.17368e-05
-0.000485216
-0.000169305
9.90622e-05
0.000425359
-0.000101768
8.6078e-05
-0.000114361
-0.0726508
0.000788312
0.000843518
-0.000846748
-0.000267097
-0.00133845
-0.0013551
0.000290847
-4.99782e-05
7.53153e-05
-3.82813e-05
0.00811678
-0.0626874
0.00221224
0.00789449
-0.0480507
0.00232886
0.00728619
-0.0338181
0.00243977
0.00648759
-0.020995
0.00246923
0.004492
-0.0115449
0.00200658
0.00302035
-0.00484513
0.0011396
-0.00866283
-0.0626119
-0.000547638
-0.00855462
-0.0479278
-0.000404436
-0.00801159
-0.0337881
-0.000249335
-0.00669064
-0.0214198
-0.000291885
-0.00488186
-0.0114064
2.24905e-05
-0.003237
-0.00480567
-0.000228255
0.00824865
-0.0654151
0.00217661
0.00803589
-0.0506497
0.00221587
0.0074159
-0.036211
0.00215558
0.00629034
-0.0231698
0.00201143
0.0042394
-0.0131787
0.0014796
0.00260694
-0.00560903
0.000688163
-0.00854595
-0.0653654
-0.000518523
-0.008422
-0.0505423
-0.000267371
-0.00798878
-0.0360613
4.01907e-05
-0.00648187
-0.0234308
0.000414301
-0.00529554
-0.0129175
0.000547869
-0.00389611
-0.00553289
0.000343683
0.00807239
-0.0567255
0.0022516
0.00772074
-0.0421301
0.00231626
0.00691518
-0.0282783
0.00229603
0.00538008
-0.017532
0.00208941
0.00359015
-0.00850859
0.00144072
0.002211
-0.00249672
0.000528047
-0.0084672
-0.0566232
-0.000428779
-0.00813793
-0.0420002
-0.000203369
-0.00715273
-0.028626
-0.000126591
-0.00568207
-0.016575
0.000429804
-0.00422605
-0.00845357
0.000246145
-0.00239411
-0.00304255
-0.000221369
-0.000149975
-0.0579818
0.000912124
-0.000255938
-0.0432135
0.00105897
-0.000335843
-0.0291978
0.00119082
-0.000260031
-0.0176689
0.00100506
-0.000651912
-0.00875244
0.000816459
-0.000714779
-0.00263115
0.000282582
-0.000318541
-0.0552845
0.000898636
-0.000413864
-0.0406397
0.00103461
-0.000323467
-0.0270946
0.00124132
-2.44253e-05
-0.0154907
0.00112307
-0.000133412
-0.00754323
0.000796536
-1.78414e-05
-0.00214457
0.000300513
6.78636e-05
-0.00069686
0.000144359
-0.000142838
-0.000669432
0.000203329
-0.000169648
-0.0712852
0.000769783
-0.00150512
-0.00109324
8.42471e-06
-1.17899e-05
0.000153844
5.77086e-07
0.00122096
-0.000891562
5.40642e-05
0.00814048
-0.0640651
0.00220286
0.00793666
-0.0493713
0.00228788
0.00734458
-0.035058
0.00232932
0.00647108
-0.0221013
0.00226274
0.00432532
-0.0125021
0.00183917
0.00290668
-0.0052537
0.00097867
-0.00852397
-0.063987
-0.00052771
-0.00832237
-0.0492635
-0.000317809
-0.00778708
-0.0350333
-0.000102507
-0.00634733
-0.0223662
0.00020608
-0.00497753
-0.0122797
0.000311554
-0.00340802
-0.00529927
8.32852e-05
-0.000104209
-0.0653906
0.000839047
-0.000220817
-0.0505228
0.000981153
-0.000323216
-0.0360175
0.00112108
-0.000154299
-0.0231538
0.0012792
-0.000538653
-0.0128464
0.00101588
-0.000763843
-0.00528877
0.000531117
-0.000281918
-0.0626393
0.000834713
-0.000358582
-0.0479385
0.000968539
-0.000408481
-0.033662
0.00111648
-0.000153507
-0.0211322
0.00106456
-0.00016785
-0.0111691
0.000988222
-8.79727e-05
-0.00453701
0.000563649
0.000947255
-0.0015101
0.000203597
0.00489607
-0.0253309
0.00194473
