-0.00712382
0.0576234
-0.00968407
0.00527427
0.0576091
-0.00849958
0.000339793
0.000186515
0.000119664
-0.000269591
-2.88193e-05
-0.000114026
-0.00537592
0.0587927
-0.00967498
0.00702083
0.0588006
-0.00851009
0.000244274
2.11387e-05
-0.000136519
-0.000198467
0.000102083
0.000109443
-0.00709106
0.0469388
-0.00817893
-0.00691364
0.0361853
-0.00667519
-0.00644295
0.0255881
-0.00523644
-0.00549733
0.0164798
-0.003798
-0.00414244
0.00869097
-0.00213803
-0.00250368
0.00309697
-0.000828634
0.00527791
0.0468907
-0.00700358
0.00521368
0.0360879
-0.0054857
0.00484827
0.0258033
-0.00387188
0.00409358
0.0159007
-0.00261735
0.00317578
0.0084862
-0.00125582
0.00195276
0.00293624
6.46296e-05
-0.00535479
0.0480858
-0.00815485
-0.00519307
0.0372716
-0.00658841
-0.00480665
0.0265951
-0.00500682
-0.00398663
0.017369
-0.00325877
-0.00275236
0.00915107
-0.00179645
-0.001543
0.00273831
-0.000298487
0.00703045
0.0480466
-0.00702433
0.00693769
0.0372138
-0.00555663
0.00641089
0.0268298
-0.00414143
0.00561706
0.0168449
-0.00295915
0.00469819
0.00903418
-0.00163707
0.00280575
0.00371415
-0.000417357
-0.00092596
0.0576191
-0.00909611
-0.0013617
0.00132718
-0.00032742
-0.00623918
0.0582117
-0.00967368
0.00127647
0.00115849
0.00021118
0.00611437
0.0582075
-0.00850646
-0.00027359
-0.00017019
6.75927e-05
0.000483835
0.000187599
-8.31018e-05
-0.000429142
0.000131743
-5.32045e-05
0.000802992
0.0587911
-0.00909756
-0.000761421
0.000983956
0.000216117
0.00148143
0.00155698
-0.000399673
9.04866e-05
-6.97076e-05
2.28738e-05
-0.00711624
0.0523021
-0.00893434
-0.00703031
0.0415582
-0.00742174
-0.00672533
0.0308724
-0.0059334
-0.0062134
0.0206532
-0.00448716
-0.00479524
0.0122875
-0.00291438
-0.0034179
0.00561738
-0.00140008
0.00527692
0.0522732
-0.00775768
0.00526384
0.0414885
-0.00624027
0.0051037
0.0308091
-0.00471712
0.00454542
0.0208337
-0.00314971
0.00362899
0.0120519
-0.00193027
0.00263707
0.00540798
-0.000590516
-0.00537666
0.0534651
-0.00891934
-0.00529827
0.0426719
-0.00737517
-0.0050487
0.0319192
-0.00578984
-0.00452389
0.0216531
-0.00421458
-0.00330274
0.0129343
-0.00255551
-0.00218714
0.0058238
-0.00101605
0.00702818
0.0534482
-0.00776408
0.00699215
0.042633
-0.0062847
0.00681172
0.0318537
-0.00483576
0.00601455
0.0218285
-0.00351523
0.00520227
0.0127936
-0.00226762
0.00400472
0.00581687
-0.00103498
-0.00620026
0.0475177
-0.00817147
-0.00605102
0.0367505
-0.00662891
-0.00564144
0.0261681
-0.00510563
-0.00469
0.0170862
-0.00356458
-0.00343307
0.00894705
-0.00199479
-0.00222069
0.00289034
-0.000596575
0.00609559
0.0474731
-0.00701681
0.00597894
0.0366773
-0.00552076
0.00553167
0.0263095
-0.00395962
0.00472905
0.0164572
-0.0028348
0.00378807
0.0088237
-0.00145209
0.00231777
0.00330395
-0.000144331
0.000813954
0.0480585
-0.00759489
0.000839617
0.0372213
-0.0060763
0.000864568
0.0265733
-0.00460331
0.000777161
0.0169715
-0.0030512
0.000971931
0.00892996
-0.0017306
0.000936063
0.00290397
-0.000547673
-0.000890538
0.0469045
-0.0075943
-0.000803797
0.0360895
-0.00609218
-0.000756822
0.0256052
-0.00464742
-0.000791933
0.0159706
-0.0031439
-0.000513459
0.00837831
-0.00173912
-0.00034922
0.0026555
-0.000540584
-0.000279186
0.000928913
-0.000186313
0.000263441
0.000831448
-0.00029351
-6.69235e-05
0.0582086
-0.00908982
0.00150668
0.00125238
-9.62894e-05
1.57914e-05
-0.000140247
2.53853e-05
-0.00125913
0.00109221
-3.48882e-05
-0.006227
0.0528897
-0.00892893
-0.00614499
0.0421239
-0.00740318
-0.00586576
0.0314117
-0.00587236
-0.00538448
0.0211728
-0.00434282
-0.00398648
0.0126873
-0.00278478
-0.00285386
0.00572579
-0.00124677
0.00611218
0.0528592
-0.00776248
0.00604276
0.0420721
-0.00626395
0.00583428
0.031377
-0.00476796
0.00510604
0.0212927
-0.00339916
0.00429911
0.0124764
-0.00209756
0.00317076
0.00567671
-0.000807358
0.000797068
0.0534571
-0.00834485
0.000840237
0.0426198
-0.00684112
0.000866535
0.0318302
-0.00532748
0.000747813
0.021661
-0.00391267
0.000919399
0.0127262
-0.00241946
0.00103065
0.0055806
-0.00106655
-0.000909711
0.0522846
-0.00834712
-0.000862404
0.0415059
-0.00683665
-0.000768436
0.0307761
-0.00534735
-0.000783992
0.0206975
-0.0038118
-0.000611606
0.0119626
-0.00242717
-0.000419559
0.00526123
-0.00110948
-0.000806642
0.00177832
-0.000269671
-0.00356146
0.0235482
-0.00450547
