-0.00707622
0.0570312
-0.00975603
0.00520941
0.0570167
-0.0086128
0.000334292
0.000183488
0.000118094
-0.00026688
-2.81119e-05
-0.000113242
-0.00530842
0.0581592
-0.00974698
0.00697596
0.0581671
-0.00862341
0.000241871
2.11373e-05
-0.000135574
-0.000194251
9.96659e-05
0.000108067
-0.0070431
0.0464425
-0.00823394
-0.00686469
0.0357852
-0.00671402
-0.00639346
0.0252868
-0.00526069
-0.00545141
0.016276
-0.00380819
-0.00410454
0.00857724
-0.00214062
-0.00248002
0.00305476
-0.000827299
0.005213
0.0463941
-0.00709927
0.00514866
0.0356878
-0.00556329
0.00478413
0.0255015
-0.0039322
0.0040332
0.0157003
-0.0026611
0.0031243
0.00837466
-0.00128404
0.00191891
0.0028953
4.63926e-05
-0.00528717
0.0475485
-0.0082098
-0.00512529
0.0368324
-0.00662722
-0.0047401
0.0262581
-0.00503183
-0.00392558
0.0171329
-0.00327238
-0.00270275
0.00901402
-0.00180253
-0.00151219
0.00269139
-0.000304754
0.00698523
0.0475096
-0.0071201
0.00689103
0.0367755
-0.00563425
0.00636379
0.0264931
-0.00420067
0.00557165
0.0166131
-0.00300078
0.00465543
0.00890186
-0.00166135
0.00277907
0.00365827
-0.00042794
-0.000934599
0.0570268
-0.00918879
-0.00134916
0.00130873
-0.000326849
-0.00618166
0.0575988
-0.00974566
0.00125441
0.00114079
0.000200828
0.00605932
0.0575945
-0.00861972
-0.000272878
-0.000168361
6.62289e-05
0.000477275
0.000185337
-8.17742e-05
-0.000422833
0.000130009
-5.16478e-05
0.000814262
0.0581575
-0.00919028
-0.00074632
0.00096545
0.00020852
0.00146714
0.00153362
-0.000401722
9.12557e-05
-6.92685e-05
2.16014e-05
-0.00706855
0.0517579
-0.00899779
-0.0069819
0.0411099
-0.00746852
-0.00667589
0.0305213
-0.00596472
-0.00616404
0.0204021
-0.00450388
-0.00475297
0.0121306
-0.00292044
-0.00338584
0.00554231
-0.00140061
0.00521205
0.0517288
-0.00786229
0.00519887
0.0410399
-0.00632686
0.00503882
0.0304581
-0.00478585
0.00448245
0.0205816
-0.00320212
0.00357245
0.011897
-0.00196584
0.0025928
0.0053352
-0.000612774
-0.00530916
0.0528797
-0.00898274
-0.00523052
0.0421832
-0.00742188
-0.00498131
0.0315305
-0.00582138
-0.00445907
0.0213681
-0.00423286
-0.00324678
0.012749
-0.00256447
-0.00214565
0.00573221
-0.00102137
0.00698322
0.0528629
-0.00786875
0.00694626
0.042145
-0.00637142
0.00676422
0.0314662
-0.00490432
0.00596802
0.0215432
-0.00356581
0.00515766
0.0126122
-0.00230037
0.00396622
0.00572924
-0.00105187
-0.00614252
0.0470009
-0.00822647
-0.00599295
0.0363309
-0.00666759
-0.00558373
0.0258485
-0.00512992
-0.00463746
0.0168649
-0.00357611
-0.00339004
0.00882104
-0.00199818
-0.00219181
0.00284532
-0.00059722
0.00604046
0.0469561
-0.00711249
0.00592343
0.0362578
-0.00559819
0.00547683
0.02599
-0.00401943
0.00467738
0.0162403
-0.00287668
0.0037435
0.00870007
-0.00147739
0.00228931
0.0032543
-0.000158337
0.000825139
0.0475212
-0.00767031
0.000850179
0.0367825
-0.00613458
0.000873741
0.0262369
-0.00464529
0.000785405
0.016738
-0.00307892
0.000975081
0.00879664
-0.00174563
0.000934234
0.00285625
-0.000554753
-0.000898926
0.0464079
-0.00766973
-0.000811648
0.0356892
-0.00615056
-0.000764111
0.0253038
-0.00468941
-0.000798234
0.0157698
-0.00317104
-0.000519965
0.0082676
-0.00175418
-0.000354227
0.00261813
-0.000546479
-0.000282186
0.000914417
-0.000187944
0.000265514
0.000815693
-0.000295411
-6.56443e-05
0.0575957
-0.0091825
0.00148807
0.00123242
-0.000100628
1.56615e-05
-0.000138912
2.58002e-05
-0.00124243
0.00107352
-3.69983e-05
-0.00616941
0.0523248
-0.00899239
-0.00608706
0.0416553
-0.00744988
-0.00580763
0.0310415
-0.00590361
-0.00532776
0.0209043
-0.00436013
-0.00393857
0.0125154
-0.00279142
-0.0028171
0.00564191
-0.00124837
0.00605713
0.0522942
-0.0078671
0.00598741
0.0416036
-0.00635046
0.00577879
0.0310073
-0.00483639
0.0050525
0.0210243
-0.00345014
0.00425031
0.0123071
-0.00213099
0.00313244
0.00559431
-0.000825886
0.000808289
0.0528716
-0.00842891
0.000851272
0.0421312
-0.00690795
0.000876511
0.0314421
-0.00537748
0.000756977
0.0213764
-0.00394689
0.000925133
0.0125438
-0.00244006
0.0010306
0.00549348
-0.0010773
-0.000918239
0.0517402
-0.00843119
-0.000870612
0.0410574
-0.00690347
-0.000776073
0.0304251
-0.00539742
-0.000790727
0.020446
-0.00384666
-0.000618341
0.0118083
-0.00244798
-0.000425628
0.00518998
-0.00111954
-0.000790306
0.00174795
-0.000272763
-0.0035126
0.0232471
-0.00453031
