-0.00691417
0.0551133
-0.00994493
0.00499655
0.0550982
-0.00893801
0.000317374
0.000174232
0.00011312
-0.000258275
-2.58942e-05
-0.000110636
-0.00508947
0.056105
-0.00993606
0.00682032
0.056113
-0.00894883
0.000234208
2.10577e-05
-0.000132458
-0.000181507
9.23477e-05
0.000103843
-0.00688018
0.0448449
-0.00837449
-0.00669982
0.0345086
-0.00680885
-0.00622911
0.0243365
-0.00531509
-0.0053015
0.01564
-0.00382422
-0.0039829
0.00822666
-0.00213935
-0.00240464
0.00292651
-0.00081932
0.0050001
0.044796
-0.00737409
0.00493634
0.0344111
-0.00578597
0.0045771
0.0245484
-0.00410584
0.00384158
0.0150763
-0.00278678
0.00296345
0.0080306
-0.00136567
0.00181448
0.00277072
-8.03972e-06
-0.00506804
0.0458159
-0.00835034
-0.00490693
0.0354272
-0.00672246
-0.00452787
0.0251911
-0.00508958
-0.00373358
0.0163918
-0.0033007
-0.00254964
0.0085885
-0.00181271
-0.00141834
0.00254735
-0.000320683
0.00682855
0.0457779
-0.00739497
0.00673066
0.0353736
-0.00585644
0.00620495
0.0254258
-0.0043696
0.00542161
0.0158871
-0.00311855
0.00451669
0.00849081
-0.00172994
0.00269336
0.00348527
-0.000458376
-0.000959989
0.0551086
-0.00944608
-0.00130922
0.00125317
-0.000323365
-0.00599131
0.0556127
-0.00993469
0.00118661
0.00108744
0.000169621
0.00587469
0.0556083
-0.00894498
-0.000270025
-0.000162378
6.21266e-05
0.000456886
0.000178317
-7.77693e-05
-0.000403342
0.000124645
-4.68375e-05
0.000845869
0.0561033
-0.00944768
-0.000700572
0.000908955
0.000186548
0.0014214
0.0014614
-0.000406903
9.31768e-05
-6.78237e-05
1.78842e-05
-0.00690627
0.0500003
-0.00916236
-0.00681803
0.0396725
-0.00758575
-0.00651044
0.0294068
-0.00603864
-0.00600109
0.0196146
-0.00453752
-0.00461643
0.011644
-0.00292692
-0.00328339
0.0053124
-0.00139585
0.00499918
0.0499705
-0.00816278
0.00498613
0.0396023
-0.00657548
0.0048279
0.0293439
-0.00498312
0.0042807
0.0197902
-0.00335335
0.00339454
0.0114168
-0.00206819
0.00245538
0.00511201
-0.000677917
-0.00509022
0.050986
-0.00914728
-0.00501149
0.040613
-0.00753919
-0.00476508
0.0302926
-0.00589668
-0.00425347
0.02047
-0.00427234
-0.0030727
0.0121707
-0.00258092
-0.00201845
0.00544912
-0.00103185
0.00682728
0.0509695
-0.00816931
0.00678777
0.040577
-0.00662005
0.00660209
0.0302327
-0.00510031
0.00581287
0.020644
-0.00370967
0.00501162
0.0120465
-0.00239292
0.00384228
0.00545794
-0.00109976
-0.00595178
0.0453355
-0.00836702
-0.00580215
0.0349899
-0.00676213
-0.00539618
0.0248378
-0.00518495
-0.00446931
0.0161715
-0.00359707
-0.00325469
0.00843099
-0.0019997
-0.00210163
0.00270788
-0.000595693
0.00585579
0.0452907
-0.00738712
0.00573855
0.0349174
-0.00582006
0.00529658
0.0249789
-0.00419095
0.00451046
0.0155624
-0.00299571
0.00360156
0.00831706
-0.00154963
0.00219962
0.00310186
-0.000199708
0.000856367
0.045789
-0.00787816
0.000879206
0.035379
-0.00629349
0.00089837
0.0251718
-0.00475812
0.000807721
0.0160066
-0.00315267
0.000981469
0.00838298
-0.00178461
0.000926092
0.00270944
-0.000573629
-0.00092373
0.0448099
-0.00787766
-0.000835022
0.0344124
-0.00630984
-0.000785497
0.0243531
-0.0048021
-0.000816069
0.0151444
-0.00324262
-0.000538695
0.00792668
-0.00179327
-0.000368292
0.0025051
-0.000561862
-0.00029025
0.000871253
-0.000191904
0.000270652
0.000767624
-0.000299891
-6.26233e-05
0.0556094
-0.00943983
0.00142964
0.00117169
-0.000113423
1.51706e-05
-0.000134599
2.68978e-05
-0.00119059
0.00101681
-4.2072e-05
-0.00597894
0.0504991
-0.00915706
-0.00589612
0.0401512
-0.00756695
-0.00561763
0.0298646
-0.00597761
-0.00514431
0.0200604
-0.00439614
-0.00378693
0.0119802
-0.00280007
-0.002702
0.0053837
-0.00124714
0.0058725
0.0504681
-0.00816756
0.00580251
0.0401002
-0.00659858
0.00559496
0.0298317
-0.00503234
0.00487827
0.0201799
-0.00359576
0.00409382
0.0117803
-0.00222625
0.00301114
0.00534021
-0.000879304
0.000839767
0.050978
-0.00866153
0.000881835
0.0405617
-0.00709125
0.000903586
0.0302066
-0.00551296
0.000782104
0.0204797
-0.00403786
0.00093936
0.0119751
-0.00249387
0.00102739
0.00522439
-0.00110542
-0.000943381
0.0499821
-0.00866386
-0.000894952
0.0396198
-0.00708679
-0.00079876
0.0293112
-0.00553309
-0.000810053
0.0196571
-0.00394005
-0.000637833
0.0113302
-0.00250243
-0.000442961
0.00497207
-0.00114556
-0.00074062
0.00165525
-0.000280021
-0.0033572
0.0222968
-0.00458944
