-0.00685342
0.0544264
-0.00999909
0.00491928
0.0544112
-0.00904105
0.000311627
0.000171106
0.000111389
-0.000255269
-2.51254e-05
-0.000109693
-0.00501077
0.0553693
-0.0099903
0.00676113
0.0553774
-0.0090519
0.000231523
2.10115e-05
-0.000131332
-0.000177252
8.9907e-05
0.000102407
-0.00681924
0.0442761
-0.00841341
-0.00663862
0.034058
-0.00683348
-0.00616896
0.0240051
-0.00532731
-0.00524751
0.0154206
-0.0038249
-0.00393987
0.00810736
-0.00213609
-0.0023782
0.00288353
-0.000815438
0.00492286
0.0442271
-0.00746113
0.00485962
0.0339607
-0.00585643
0.00450313
0.0242155
-0.00416096
0.00377427
0.0148616
-0.00282653
0.00290786
0.00791342
-0.00139167
0.00177887
0.00272888
-2.59632e-05
-0.00498936
0.0451988
-0.00838932
-0.00482895
0.0349308
-0.00674742
-0.00445284
0.0248183
-0.00510332
-0.00366671
0.0161353
-0.00330622
-0.00249737
0.00844294
-0.00181359
-0.00138673
0.00249875
-0.0003251
0.00676901
0.0451612
-0.00748195
0.00667017
0.0348785
-0.00592653
0.00614606
0.0250524
-0.0044226
0.00536704
0.0156364
-0.00315511
0.00446712
0.00835013
-0.00175117
0.00266305
0.00342635
-0.000467979
-0.000968232
0.0544217
-0.00952475
-0.00129523
0.00123472
-0.000321661
-0.00592166
0.0549013
-0.00998892
0.00116358
0.0010697
0.000159253
0.0058064
0.0548969
-0.009048
-0.000268846
-0.000160232
6.07574e-05
0.000449891
0.000175915
-7.64241e-05
-0.000396697
0.000122824
-4.52006e-05
0.000855643
0.0553676
-0.00952637
-0.000685246
0.000890027
0.000179489
0.00140532
0.00143689
-0.000408268
9.36905e-05
-6.72916e-05
1.66824e-05
-0.00684547
0.0493725
-0.00920884
-0.00675692
0.0391628
-0.00761736
-0.00644943
0.0290156
-0.00605684
-0.00594177
0.0193417
-0.00454345
-0.00456779
0.0114774
-0.00292538
-0.00324733
0.00523468
-0.00139228
0.00492192
0.0493426
-0.00825798
0.00490905
0.0390926
-0.00665419
0.00475201
0.0289528
-0.00504554
0.00420917
0.0195156
-0.00340146
0.00333261
0.0112524
-0.00210061
0.00240822
0.00503646
-0.000698927
-0.00501152
0.0503094
-0.00919378
-0.004933
0.0400559
-0.00757094
-0.00468819
0.0298575
-0.00591563
-0.00418121
0.0201578
-0.00428063
-0.00301277
0.0119719
-0.00258315
-0.00197533
0.00535279
-0.00103365
0.00676798
0.0502932
-0.00826451
0.00672774
0.0400208
-0.00669861
0.0065413
0.0297991
-0.00516201
0.00575596
0.0203312
-0.00375464
0.00495899
0.011852
-0.00242162
0.00379834
0.00536547
-0.00111464
-0.00588211
0.0447425
-0.00840595
-0.00573283
0.0345163
-0.00678675
-0.00532875
0.0244849
-0.0051976
-0.00440979
0.0159317
-0.00359973
-0.00320766
0.00829785
-0.00199751
-0.00207054
0.00266168
-0.000594135
0.00578756
0.0446978
-0.00747405
0.00567061
0.0344442
-0.00589013
0.00523117
0.0246255
-0.00424517
0.00445091
0.0153286
-0.00303289
0.00355166
0.00818621
-0.0015723
0.00216843
0.0030503
-0.000213173
0.00086597
0.0451721
-0.00794119
0.00088796
0.0348832
-0.00634109
0.00090559
0.0247997
-0.0047913
0.000814327
0.0157539
-0.00317409
0.00098256
0.00824159
-0.00179555
0.000922521
0.00265978
-0.000579121
-0.000931849
0.044241
-0.00794072
-0.000842753
0.0339619
-0.00635756
-0.000792469
0.0240215
-0.00483518
-0.000821634
0.0149292
-0.00326317
-0.000544672
0.0078108
-0.00180426
-0.000372657
0.00246739
-0.000566221
-0.000292626
0.000857087
-0.000192919
0.000272011
0.000751552
-0.000300986
-6.18772e-05
0.0548981
-0.00951852
0.00140941
0.00115134
-0.000117562
1.49816e-05
-0.000133057
2.72172e-05
-0.00117281
0.000997889
-4.33868e-05
-0.00590928
0.0498468
-0.00920358
-0.00582653
0.0396177
-0.00759855
-0.00554896
0.0294511
-0.00599594
-0.00507868
0.0197675
-0.00440306
-0.00373387
0.0117965
-0.0027994
-0.00266219
0.0052961
-0.00124488
0.00580422
0.0498159
-0.00826273
0.00573436
0.039567
-0.00667703
0.00552773
0.0294186
-0.00509417
0.00481567
0.0198866
-0.00364152
0.00403841
0.0115994
-0.00225608
0.00296876
0.00525385
-0.000896238
0.000849507
0.0503015
-0.0087324
0.000891139
0.040005
-0.00714651
0.000911623
0.0297725
-0.00555321
0.000789682
0.020168
-0.00406423
0.000943077
0.0117796
-0.00250912
0.00102531
0.00513291
-0.00111342
-0.000951577
0.0493542
-0.00873474
-0.000902951
0.0391101
-0.00714208
-0.000806253
0.0289204
-0.0055734
-0.000816194
0.0193836
-0.00396741
-0.000644088
0.0111668
-0.00251789
-0.000448442
0.00489853
-0.00115284
-0.000723903
0.00162415
-0.000281815
-0.00330243
0.0219659
-0.00460418
