0.00805
-0.0700081
0.00218157
-0.00858466
-0.0699725
-0.000654847
-0.000378973
-0.000202769
-0.000124083
0.00024874
5.18187e-05
9.36312e-05
0.00817979
-0.0728105
0.0021628
-0.00844105
-0.0728232
-0.000625597
-0.000228947
-9.976e-06
0.000121731
0.000230059
-0.000119526
-0.000104664
0.00795798
-0.0556112
0.00230525
0.00758153
-0.0412216
0.0024402
0.00676508
-0.0275486
0.00254805
0.0054751
-0.0167809
0.00247318
0.00384002
-0.00829633
0.00160797
0.0022489
-0.0027604
0.000755745
-0.00856636
-0.0555099
-0.000493489
-0.00828
-0.0410913
-0.000308323
-0.00733222
-0.0280738
-0.000299647
-0.00578936
-0.0160339
3.66576e-05
-0.00414403
-0.00823685
-6.13739e-05
-0.0023691
-0.00275516
-0.000531242
0.00811797
-0.0583522
0.00224627
0.00770946
-0.043789
0.00226253
0.00685815
-0.0298331
0.0021519
0.00535661
-0.0189042
0.00166899
0.00346882
-0.00954431
0.00117762
0.00187397
-0.00272292
0.000162283
-0.00843335
-0.058252
-0.000420426
-0.00818862
-0.043646
-0.000112314
-0.007174
-0.030244
0.000232957
-0.00588419
-0.018025
0.000606005
-0.00474846
-0.00934128
0.000465801
-0.00271293
-0.00370266
9.68159e-05
-0.000253705
-0.0699917
0.000775299
0.0011921
-0.00112918
0.000318058
0.00809271
-0.0714175
0.00216114
-0.00148407
-0.00109473
-0.000384797
-0.00845076
-0.0714048
-0.000633419
0.000202472
0.000182285
-8.52526e-05
-0.000507566
-0.000180127
0.000101873
0.000447542
-0.000111896
8.88567e-05
-0.000102622
-0.0728031
0.000778848
0.000889274
-0.00095143
-0.000286052
-0.00139497
-0.00148096
0.000288026
-4.95156e-05
7.3426e-05
-4.14233e-05
0.00802708
-0.0628543
0.00224114
0.00781343
-0.0483731
0.00237156
0.00723466
-0.0342972
0.00248075
0.00647853
-0.0215813
0.00249568
0.00456413
-0.0120821
0.00201866
0.00311994
-0.00520567
0.00114102
-0.00858739
-0.0627816
-0.000575095
-0.00847719
-0.0482572
-0.000406718
-0.00794297
-0.0342735
-0.000231862
-0.00666513
-0.021992
-0.000265727
-0.00492052
-0.0119409
2.80854e-05
-0.00331588
-0.00514437
-0.000240094
0.00817864
-0.0656393
0.00220632
0.00796945
-0.0510252
0.00226162
0.00736381
-0.0367291
0.00220739
0.00627549
-0.0237778
0.00205607
0.0042978
-0.0137363
0.00150982
0.00269331
-0.00597999
0.000692138
-0.00844974
-0.0655894
-0.000546341
-0.00833272
-0.0509161
-0.000272948
-0.00791978
-0.0365799
4.82943e-05
-0.00647876
-0.0240256
0.000415611
-0.00534912
-0.0134735
0.000537745
-0.00399038
-0.00589216
0.000329324
0.00799567
-0.0569965
0.00228906
0.00765499
-0.0425543
0.00236465
0.00688128
-0.0288392
0.0023375
0.00540449
-0.0180977
0.00211745
0.00367054
-0.00897919
0.00145431
0.00229085
-0.00273377
0.000528404
-0.00838582
-0.0568976
-0.000444472
-0.00806487
-0.0424311
-0.000196806
-0.00711402
-0.0291738
-0.000104005
-0.00569954
-0.0171748
0.000427992
-0.0042895
-0.00891407
0.000241082
-0.00246758
-0.00327467
-0.000237303
-0.000138895
-0.0582814
0.000922145
-0.00024702
-0.0436637
0.00108458
-0.000329087
-0.0297787
0.00121733
-0.000258615
-0.018274
0.00102697
-0.000648501
-0.00923389
0.000820511
-0.000726348
-0.00286506
0.000276537
-0.00032273
-0.0555308
0.000908776
-0.000407685
-0.0410524
0.00105907
-0.000310607
-0.027643
0.00126448
-1.60063e-05
-0.0160833
0.00114128
-0.000119642
-0.00800427
0.000801396
-1.41496e-05
-0.00236692
0.000296855
6.72653e-05
-0.000798384
0.000141949
-0.000141757
-0.000769287
0.000204298
-0.000168182
-0.071409
0.000761018
-0.00156235
-0.00120374
1.49766e-06
-1.37215e-05
0.000153021
1.27193e-06
0.00127641
-0.00100342
4.54708e-05
0.00806171
-0.0642604
0.0022319
0.00786389
-0.0497201
0.00233222
0.00729373
-0.0355561
0.00237558
0.00645527
-0.022698
0.00229827
0.00438688
-0.0130448
0.00185946
0.00299313
-0.00561883
0.000985216
-0.00844172
-0.0641848
-0.00055516
-0.00824489
-0.0496156
-0.000320868
-0.00772498
-0.0355337
-8.83822e-05
-0.00633991
-0.0229521
0.000215396
-0.00501961
-0.0128234
0.000310791
-0.00348427
-0.00565037
7.30108e-05
-9.33545e-05
-0.0656148
0.000839609
-0.000209247
-0.0509007
0.000999567
-0.000314206
-0.03654
0.00114958
-0.000155821
-0.0237604
0.00129833
-0.000531452
-0.0134102
0.00102693
-0.000768184
-0.00565517
0.000529037
-0.000288108
-0.0628081
0.000835164
-0.000359435
-0.0482656
0.000987535
-0.000397827
-0.0341494
0.00114368
-0.000142905
-0.0217143
0.00109076
-0.000152081
-0.0117146
0.000999444
-7.89194e-05
-0.00488679
0.000563298
0.000987695
-0.00168119
0.000199044
0.00487876
-0.0259242
0.00198105
