-0.00672136
0.0529808
-0.0100946
0.00475501
0.0529654
-0.00923803
0.000300022
0.000164817
0.000107838
-0.000249085
-2.3548e-05
-0.000107709
-0.00484447
0.0538223
-0.010086
0.00663138
0.0538304
-0.0092489
0.000225984
2.08991e-05
-0.000128961
-0.00016877
8.5057e-05
9.94982e-05
-0.00668697
0.0430842
-0.00847983
-0.00650657
0.0331202
-0.00687278
-0.0060405
0.0233218
-0.00534333
-0.00513361
0.0149721
-0.00381966
-0.00385039
0.00786613
-0.00212565
-0.0023236
0.00279768
-0.000806046
0.00475868
0.0430353
-0.00762749
0.00469701
0.0330234
-0.00599096
0.00434767
0.0235284
-0.00426649
0.00363465
0.0144238
-0.00290232
0.00279403
0.00767632
-0.00144154
0.0017067
0.00264511
-6.12631e-05
-0.00482321
0.0439067
-0.00845597
-0.004665
0.033898
-0.00678769
-0.00429629
0.0240493
-0.00512307
-0.00352881
0.0156102
-0.0033119
-0.00239127
0.00814798
-0.00181197
-0.00132323
0.00240147
-0.000332741
0.00663859
0.0438703
-0.00764803
0.0065383
0.0338485
-0.00605998
0.00601926
0.0242815
-0.00452303
0.00525119
0.0151243
-0.00322362
0.00436329
0.00806493
-0.00179084
0.00260008
0.00330749
-0.000486198
-0.000984282
0.0529759
-0.00967109
-0.00126638
0.00119813
-0.000317535
-0.00577267
0.0534049
-0.0100846
0.00111708
0.00103445
0.000138706
0.00565938
0.0534005
-0.00924493
-0.000266163
-0.000155737
5.80177e-05
0.000435664
0.000171042
-7.37116e-05
-0.000383247
0.000119163
-4.18995e-05
0.000874009
0.0538207
-0.00967277
-0.000654584
0.000852394
0.00016574
0.00137205
0.00138762
-0.000410384
9.45345e-05
-6.61383e-05
1.43394e-05
-0.00671336
0.0480537
-0.00928967
-0.00662459
0.038098
-0.0076699
-0.00631838
0.0282047
-0.00608407
-0.00581555
0.0187817
-0.00454784
-0.00446604
0.0111387
-0.00291712
-0.00317264
0.00507838
-0.00138246
0.00475764
0.0480237
-0.00843996
0.00474536
0.038028
-0.00680456
0.00459165
0.0281423
-0.0051647
0.00405969
0.0189517
-0.00349373
0.00320504
0.0109182
-0.00216251
0.00231215
0.00488432
-0.000739613
-0.00484523
0.0488895
-0.00927473
-0.00476754
0.0388928
-0.00762396
-0.00452703
0.0289558
-0.00594484
-0.00403113
0.0195168
-0.00429045
-0.00289033
0.0115671
-0.00258317
-0.00188827
0.0051585
-0.00103498
0.00663798
0.0488737
-0.00844642
0.00659652
0.0388597
-0.00684845
0.00640939
0.0289009
-0.00527926
0.00563437
0.0196886
-0.0038395
0.00484799
0.0114561
-0.00247533
0.00370685
0.00517873
-0.00114249
-0.00573326
0.0435004
-0.00847244
-0.00558531
0.0335308
-0.00682618
-0.00518642
0.0237568
-0.00521485
-0.00428564
0.0154409
-0.00359902
-0.00311098
0.00802828
-0.00198946
-0.00200705
0.00256933
-0.000589654
0.00564078
0.043456
-0.00764007
0.005525
0.0334596
-0.00602368
0.0050923
0.0238959
-0.00434856
0.00432609
0.0148511
-0.00310295
0.00344822
0.00792109
-0.00161519
0.00210434
0.00294666
-0.000239428
0.000883925
0.0438806
-0.00805763
0.000904037
0.0338521
-0.00642808
0.000918509
0.0240322
-0.00485094
0.00082626
0.0152375
-0.00321217
0.00098317
0.00795526
-0.00181438
0.000914151
0.00256021
-0.000588899
-0.000947781
0.0430492
-0.00805725
-0.000858088
0.0330247
-0.00644481
-0.000806165
0.0233376
-0.00489451
-0.000832137
0.0144903
-0.00329928
-0.000556207
0.00757666
-0.0018232
-0.000380894
0.00239231
-0.000573797
-0.000296909
0.000829243
-0.000194513
0.000274214
0.000719695
-0.000302606
-6.07385e-05
0.0534017
-0.00966495
0.00136796
0.00111075
-0.000125558
1.45812e-05
-0.000129812
2.77921e-05
-0.00113667
0.00096034
-4.5541e-05
-0.00576034
0.0484774
-0.00928451
-0.00567808
0.0385035
-0.00765113
-0.00540339
0.0285942
-0.00602363
-0.00494067
0.0191663
-0.0044098
-0.0036242
0.0114225
-0.00279315
-0.00258069
0.00511964
-0.00123789
0.00565724
0.0484465
-0.0084446
0.005588
0.0384537
-0.00682673
0.00538415
0.0285627
-0.00521192
0.0046837
0.0192841
-0.0037283
0.00392292
0.0112314
-0.00231244
0.00288133
0.00507964
-0.000928541
0.000867821
0.0488818
-0.00886385
0.000908367
0.0388429
-0.00724814
0.000926165
0.0288733
-0.00562625
0.000803637
0.019528
-0.00411096
0.000948929
0.0113821
-0.0025356
0.00101966
0.00494853
-0.00112733
-0.000967598
0.0480353
-0.00886622
-0.000918716
0.0380456
-0.00724376
-0.000821114
0.0281106
-0.00564655
-0.000827993
0.0188224
-0.00401643
-0.000656208
0.0108349
-0.00254479
-0.000458947
0.00475078
-0.00116532
-0.000690346
0.00156223
-0.000284567
-0.0031884
0.021285
-0.00462658
