-0.00657484
0.0514392
-0.0101734
0.00457766
0.0514237
-0.00942171
0.000288308
0.000158503
0.000104194
-0.0002427
-2.19229e-05
-0.00010561
-0.00466609
0.0521761
-0.010165
0.00648618
0.0521842
-0.00943253
0.000220254
2.07703e-05
-0.000126439
-0.000160358
8.02791e-05
9.65415e-05
-0.00654049
0.0418204
-0.00853159
-0.00636136
0.0321343
-0.00689942
-0.00590108
0.0226124
-0.00534868
-0.00501188
0.0145119
-0.00380614
-0.00375656
0.00762221
-0.00211042
-0.00226694
0.00271232
-0.000794729
0.00458148
0.0417719
-0.0077825
0.00452211
0.0320384
-0.00611614
0.0041822
0.0228139
-0.00436509
0.00348857
0.0139758
-0.00297262
0.00267694
0.00743636
-0.00148819
0.00163354
0.00256154
-9.56177e-05
-0.00464516
0.0425396
-0.00850812
-0.00449023
0.0328145
-0.00681578
-0.00413104
0.0232519
-0.00513311
-0.0033855
0.0150713
-0.00331103
-0.00228337
0.00784958
-0.00180628
-0.00125955
0.00230487
-0.000338974
0.00649275
0.0425044
-0.00780258
0.00639174
0.0327681
-0.00618358
0.00588043
0.0234811
-0.00461529
0.00512655
0.0146002
-0.00328539
0.00425348
0.00777619
-0.00182644
0.00253426
0.00318809
-0.000502929
-0.000999604
0.0514343
-0.0098024
-0.00123653
0.00116212
-0.000312568
-0.00561046
0.0518109
-0.0101636
0.00107015
0.000999632
0.00011855
0.00549826
0.0518064
-0.00942849
-0.000263067
-0.000150999
5.52756e-05
0.000421175
0.000166095
-7.09597e-05
-0.000369641
0.000115506
-3.85859e-05
0.000890769
0.0521745
-0.00980414
-0.000623991
0.00081541
0.000152427
0.0013375
0.00133844
-0.000411613
9.51432e-05
-6.48517e-05
1.2079e-05
-0.00656684
0.0466508
-0.00935483
-0.00647846
0.0369734
-0.00770878
-0.00617513
0.0273571
-0.00609969
-0.0056792
0.0182043
-0.00454284
-0.00435853
0.0107938
-0.00290246
-0.00309476
0.00492149
-0.0013694
0.00458028
0.0466209
-0.00860961
0.00456887
0.036904
-0.00694459
0.00441983
0.0272951
-0.00527556
0.00390179
0.0183694
-0.00358013
0.00307282
0.010578
-0.00222003
0.00221406
0.00473136
-0.000778242
-0.00466686
0.0473823
-0.0093401
-0.00459058
0.037667
-0.00766362
-0.00435593
0.0280148
-0.00596313
-0.00387366
0.0188561
-0.00429188
-0.00276468
0.0111549
-0.00257779
-0.00180039
0.00496328
-0.00103363
0.00649251
0.0473671
-0.00861593
0.00645018
0.0376361
-0.00698761
0.00626354
0.0279636
-0.00538752
0.0055025
0.0190256
-0.00391694
0.00472959
0.0110529
-0.00252369
0.00361085
0.00499073
-0.00116753
-0.00557146
0.0421847
-0.0085243
-0.00542575
0.0324958
-0.00685316
-0.00503404
0.0230012
-0.00522198
-0.00415478
0.0149368
-0.00359082
-0.00301108
0.00775557
-0.00197695
-0.00194203
0.00247763
-0.000583604
0.00548008
0.042141
-0.00779463
0.0053663
0.0324258
-0.00614762
0.00494269
0.0231379
-0.0044446
0.00419383
0.0143622
-0.00316675
0.00334019
0.00765266
-0.00165447
0.00203822
0.00284291
-0.000264599
0.000900179
0.0425142
-0.00816103
0.000918175
0.0327705
-0.00650403
0.00092939
0.0232363
-0.00490159
0.000836462
0.0147086
-0.00324392
0.000981684
0.00766584
-0.00182918
0.000904211
0.00246105
-0.000597082
-0.000963186
0.0417857
-0.00816077
-0.000873181
0.0320399
-0.00652106
-0.000819482
0.0226274
-0.00494471
-0.000841727
0.0140412
-0.00332876
-0.000567155
0.00734021
-0.00183813
-0.000388466
0.00231798
-0.000579884
-0.000300575
0.000802161
-0.00019555
0.000275756
0.000688558
-0.000303499
-6.00107e-05
0.0518077
-0.00979639
0.00132539
0.00107056
-0.000133089
1.41675e-05
-0.000126349
2.8289e-05
-0.00109986
0.000923469
-4.71735e-05
-0.00559827
0.0470222
-0.0093498
-0.00551704
0.0373279
-0.00769016
-0.00524674
0.0276992
-0.00604
-0.00479365
0.0185464
-0.00440762
-0.00351
0.0110415
-0.00278088
-0.00249693
0.00494242
-0.00122797
0.00549619
0.0469915
-0.0086141
0.00542809
0.0372792
-0.00696588
0.00522834
0.0276685
-0.00532104
0.00454285
0.0186624
-0.00380814
0.00380145
0.0108565
-0.00236396
0.00279062
0.00490433
-0.000958498
0.000884555
0.0473748
-0.00898128
0.000923718
0.0376184
-0.00733772
0.000938636
0.0279351
-0.0056893
0.000816
0.0188684
-0.00414967
0.000952644
0.0109778
-0.00255675
0.00101206
0.00476346
-0.00113854
-0.00098299
0.0466324
-0.00898369
-0.000934068
0.0369216
-0.00733342
-0.000835752
0.0272644
-0.00570967
-0.00083909
0.0182434
-0.00405784
-0.000667766
0.0104975
-0.00256636
-0.000468821
0.00460273
-0.00117508
-0.000656712
0.00150114
-0.000286334
-0.00306837
0.0205812
-0.00463997
