-0.00604656
0.0462481
-0.0103148
0.00396926
0.0462329
-0.00987895
0.00025283
0.000139541
9.29388e-05
-0.000222607
-1.68315e-05
-9.8759e-05
-0.00405891
0.0466703
-0.0103075
0.00595775
0.0466782
-0.00988905
0.00020217
2.03897e-05
-0.000118063
-0.000135768
6.66222e-05
8.73568e-05
-0.00601415
0.0376067
-0.00860575
-0.00584585
0.0288988
-0.00691116
-0.00541748
0.0203378
-0.00530812
-0.00460097
0.0130691
-0.00372271
-0.00345115
0.00687937
-0.00204156
-0.00208636
0.00246069
-0.000752317
0.00397374
0.0375611
-0.00816762
0.00392556
0.028808
-0.00642609
0.00362814
0.0205159
-0.00461229
0.00301451
0.0125799
-0.0031451
0.0023091
0.00670427
-0.0016054
0.00141013
0.00231331
-0.000190963
-0.00404008
0.0380158
-0.00858449
-0.00390175
0.0292864
-0.00683486
-0.00358415
0.0207146
-0.00511278
-0.00292514
0.0133925
-0.00327646
-0.00195121
0.00694809
-0.0017704
-0.00106872
0.00202554
-0.000351703
0.00596264
0.0379861
-0.0081852
0.00586435
0.0292509
-0.00648584
0.00539318
0.0209279
-0.00483585
0.0047022
0.0129771
-0.00342473
0.00389127
0.00690227
-0.0019054
0.00232206
0.00283366
-0.000542611
-0.00103917
0.0462433
-0.0101017
-0.00114205
0.00105818
-0.000294085
-0.0050438
0.046462
-0.010306
0.000928222
0.000898218
6.16914e-05
0.00493153
0.0464578
-0.00988502
-0.000251526
-0.000135645
4.69864e-05
0.000376563
0.000150959
-6.2326e-05
-0.000328322
0.000104799
-2.88157e-05
0.000931156
0.046669
-0.0101035
-0.000533056
0.000711307
0.000114174
0.00122765
0.00119502
-0.000409325
9.57074e-05
-6.00555e-05
5.76611e-06
-0.00603904
0.041947
-0.00946235
-0.00595587
0.03325
-0.00775092
-0.00567181
0.0246036
-0.00608466
-0.00520989
0.0163763
-0.00447905
-0.00400313
0.00972897
-0.00282633
-0.00284422
0.00445056
-0.00131525
0.0039718
0.0419188
-0.00903155
0.00396458
0.0331845
-0.00729202
0.00383757
0.0245436
-0.00554998
0.00338018
0.0165214
-0.00379775
0.0026513
0.00952794
-0.00236191
0.00191024
0.00427056
-0.000879026
-0.00405974
0.042365
-0.00944889
-0.00399126
0.0336406
-0.00770999
-0.00378381
0.0249825
-0.00596058
-0.00335845
0.0167793
-0.00425363
-0.00237094
0.00989175
-0.00253585
-0.0015337
0.00438259
-0.00101788
0.00596317
0.0423523
-0.00903701
0.00592066
0.0336177
-0.00733033
0.00574328
0.0249438
-0.00564994
0.00504728
0.0169377
-0.0040982
0.0043327
0.00981754
-0.00263218
0.003299
0.00442905
-0.00122331
-0.00500777
0.0378151
-0.00859907
-0.00487468
0.0291122
-0.00686734
-0.00451727
0.0205866
-0.00519044
-0.00372348
0.0133594
-0.00352835
-0.00269408
0.00692831
-0.00191844
-0.00173951
0.0022105
-0.00055913
0.00491558
0.037775
-0.00817768
0.00481299
0.0290479
-0.00645233
0.00443132
0.0207108
-0.00468149
0.00375515
0.0128425
-0.00331495
0.00299135
0.00683711
-0.0017474
0.00182974
0.00253508
-0.00033185
0.000938512
0.0379937
-0.00839045
0.000948834
0.0292499
-0.00666478
0.000949922
0.0207041
-0.00499984
0.000856661
0.0130683
-0.00330195
0.000964956
0.00679288
-0.00185042
0.000865817
0.00217258
-0.00061253
-0.00100438
0.0375742
-0.00839069
-0.000915594
0.0288105
-0.00668283
-0.000856162
0.0203489
-0.00504053
-0.000863943
0.0126411
-0.00337839
-0.000595965
0.00662183
-0.00185989
-0.000407113
0.00210058
-0.000589807
-0.000307993
0.000725719
-0.000195737
0.000276806
0.000602371
-0.000302335
-5.93644e-05
0.0464589
-0.0100963
0.00119228
0.000954075
-0.000151975
1.30299e-05
-0.000114621
2.94097e-05
-0.000986365
0.000819058
-5.03986e-05
-0.00503257
0.042161
-0.00945784
-0.00495794
0.0334518
-0.00773349
-0.00471052
0.0248035
-0.00602909
-0.00429946
0.0165918
-0.00435526
-0.0031421
0.00986847
-0.00271436
-0.00223404
0.00441313
-0.00118522
0.00492977
0.0421326
-0.00903527
0.00486829
0.0334082
-0.00730946
0.00468901
0.024776
-0.00558833
0.00406943
0.0166981
-0.00399948
0.00340388
0.0097035
-0.00248523
0.00250123
0.00437869
-0.0010318
0.000925048
0.0423586
-0.009246
0.00095828
0.0335978
-0.00753258
0.000963589
0.0249137
-0.0058182
0.000843774
0.0167944
-0.00421801
0.000951005
0.00974084
-0.00258916
0.000978204
0.00421418
-0.00115672
-0.00102342
0.0419296
-0.00924857
-0.000975946
0.0332018
-0.00752862
-0.000877119
0.0245176
-0.00583863
-0.000867208
0.0164093
-0.00413697
-0.000698326
0.00945912
-0.00260008
-0.000494376
0.00415967
-0.00118894
-0.000555897
0.00132687
-0.0002874
-0.00267306
0.0183543
-0.0046319
