-0.00584134
0.044336
-0.0103317
0.00374294
0.0443212
-0.0099957
0.000240923
0.000133216
8.9134e-05
-0.00021564
-1.5086e-05
-9.63231e-05
-0.00383372
0.044659
-0.0103249
0.00575176
0.0446667
-0.0100054
0.000195893
2.02909e-05
-0.00011502
-0.000127793
6.233e-05
8.41656e-05
-0.00581019
0.0360664
-0.00860556
-0.00564788
0.0277309
-0.00689486
-0.00523506
0.0195325
-0.00527824
-0.0044492
0.012568
-0.00368299
-0.00334175
0.00662788
-0.00201273
-0.00202292
0.0023779
-0.000736366
0.00374766
0.0360224
-0.00826571
0.00370448
0.0276428
-0.00650474
0.00342571
0.0197003
-0.00467641
0.0028457
0.0120978
-0.00318832
0.00218172
0.00645606
-0.00163603
0.00133469
0.00223103
-0.000219723
-0.00381595
0.036378
-0.00858538
-0.00368532
0.0280267
-0.00682199
-0.00338572
0.0198269
-0.00509165
-0.00276226
0.0128165
-0.00325661
-0.00183806
0.00664808
-0.00175399
-0.00100524
0.00193698
-0.000354813
0.0057562
0.0363505
-0.0082821
0.00566049
0.0279951
-0.00656097
0.00520828
0.0200325
-0.00488866
0.00454486
0.0124233
-0.00345451
0.00376043
0.00661075
-0.00192171
0.00224695
0.00271797
-0.000552012
-0.00104949
0.0443313
-0.0101684
-0.00110909
0.00102464
-0.000287216
-0.00482904
0.0445001
-0.0103234
0.000880709
0.000865192
4.42017e-05
0.00471634
0.0444961
-0.0100014
-0.000246994
-0.00013024
4.41751e-05
0.000361366
0.00014582
-5.92714e-05
-0.000314436
0.000101351
-2.56784e-05
0.000941262
0.0446578
-0.0101702
-0.000502973
0.000679375
0.00010161
0.00118927
0.00114917
-0.000406434
9.55322e-05
-5.81133e-05
3.79308e-06
-0.00583412
0.0402201
-0.00947072
-0.00575409
0.0318965
-0.00774248
-0.00548005
0.0236181
-0.00606159
-0.00503389
0.0157364
-0.00444406
-0.00387412
0.00936406
-0.00279239
-0.00275543
0.00429313
-0.00129367
0.00374542
0.040193
-0.00913915
0.00374002
0.0318331
-0.00738039
0.00362283
0.023559
-0.00561965
0.00319168
0.0158728
-0.0038546
0.00250347
0.00916828
-0.00239784
0.00180633
0.00411605
-0.000906944
-0.00383458
0.0405393
-0.00945788
-0.00376985
0.032192
-0.00770359
-0.00357452
0.0239094
-0.00594314
-0.00317328
0.0160607
-0.00422921
-0.00223469
0.00946527
-0.00251537
-0.00144402
0.00419249
-0.00101013
0.00575686
0.0405276
-0.00914417
0.00571514
0.032172
-0.00741645
0.00554346
0.0238752
-0.00571427
0.00487667
0.0162141
-0.00413995
0.00418739
0.00940028
-0.00265515
0.00318783
0.00424426
-0.00123491
-0.00479459
0.0362257
-0.00859918
-0.00466766
0.0278975
-0.00685234
-0.00432588
0.0197366
-0.00516481
-0.0035674
0.0128143
-0.00349725
-0.00258306
0.00665076
-0.00189381
-0.00166976
0.00212447
-0.000549866
0.00470144
0.0361874
-0.00827486
0.00460422
0.0278359
-0.00652877
0.00424126
0.0198548
-0.00474137
0.00359601
0.0123207
-0.0033486
0.00286755
0.00656312
-0.00176931
0.0017573
0.00243402
-0.000351127
0.000947777
0.0363574
-0.00843924
0.000955176
0.0279931
-0.00669583
0.000952859
0.0198182
-0.00501495
0.000859978
0.0125078
-0.00330931
0.00095548
0.00650276
-0.0018503
0.000850435
0.00208051
-0.000614894
-0.00101572
0.0360352
-0.00843968
-0.000928157
0.0276457
-0.00671427
-0.000866839
0.0195419
-0.00505446
-0.000868782
0.0121574
-0.00338251
-0.000604017
0.00637918
-0.00185997
-0.000411957
0.00202952
-0.000590617
-0.000309335
0.000701538
-0.000194992
0.000276116
0.00057654
-0.000300859
-5.93153e-05
0.0444972
-0.0101633
0.00114636
0.000916712
-0.000156824
1.27346e-05
-0.000110266
2.96934e-05
-0.000947597
0.000786543
-5.14112e-05
-0.00481832
0.0403844
-0.00946642
-0.00474706
0.0320503
-0.00772571
-0.00451047
0.0237732
-0.00600803
-0.00411774
0.0159118
-0.00432504
-0.00301152
0.00946927
-0.00268446
-0.00214288
0.00423826
-0.00116811
0.00471473
0.0403572
-0.00914253
0.00465646
0.0320089
-0.00739618
0.00448659
0.0237469
-0.00565504
0.00389581
0.0160134
-0.0040455
0.00326121
0.00931153
-0.00251352
0.00239958
0.00420437
-0.00105015
0.000935256
0.0405334
-0.00930394
0.000965964
0.0321518
-0.00757245
0.000967838
0.0238452
-0.00584118
0.000850033
0.0160767
-0.00422523
0.000946321
0.00932389
-0.00259016
0.000963482
0.00403474
-0.00115805
-0.00103426
0.0402033
-0.00930657
-0.00098783
0.0318502
-0.00756863
-0.000889505
0.0235352
-0.00586154
-0.000874466
0.0157666
-0.00414865
-0.000706833
0.0091044
-0.00260152
-0.000501431
0.00401198
-0.00118883
-0.000522324
0.00127233
-0.000286919
-0.00253011
0.0175785
-0.00461508
