-0.00539024
0.0402603
-0.0103224
0.00326071
0.0402467
-0.0101689
0.000216903
0.000120476
8.14913e-05
-0.000201294
-1.15626e-05
-9.12464e-05
-0.00335359
0.0404022
-0.0103165
0.00529931
0.0404094
-0.0101774
0.000182972
2.01603e-05
-0.000108566
-0.000112058
5.41015e-05
7.75197e-05
-0.00536245
0.032796
-0.00857088
-0.00521541
0.0252675
-0.00683583
-0.00484041
0.0178513
-0.00519814
-0.00412448
0.0115326
-0.00358982
-0.00311167
0.00611532
-0.00194934
-0.00189102
0.00221146
-0.000703373
0.00326588
0.0327562
-0.00841096
0.00323413
0.0251858
-0.00662099
0.00299819
0.0179953
-0.00477435
0.00249428
0.0111051
-0.0032517
0.00192065
0.00594991
-0.00168385
0.00118229
0.00206501
-0.000272424
-0.00333837
0.0329296
-0.0085533
-0.00322584
0.0253955
-0.00677116
-0.00296744
0.0179953
-0.00503172
-0.00242381
0.0116425
-0.00320795
-0.00160819
0.00604884
-0.00171739
-0.000877928
0.00176634
-0.000360802
0.005303
0.032907
-0.00842456
0.00521476
0.0253722
-0.00666903
0.00480784
0.0181824
-0.00496092
0.00420822
0.0112982
-0.00348796
0.00348464
0.00602726
-0.00193886
0.0020905
0.00249006
-0.000564956
-0.00106448
0.0402561
-0.01025
-0.00104081
0.000957861
-0.000273208
-0.00436445
0.0403334
-0.010315
0.00078516
0.000799186
1.1526e-05
0.00425153
0.0403299
-0.0101737
-0.000237
-0.000119138
3.84137e-05
0.00033041
0.000135338
-5.28089e-05
-0.000286404
9.46049e-05
-1.96489e-05
0.000956338
0.0404013
-0.0102517
-0.000442697
0.000619485
7.60152e-05
0.00110998
0.0010603
-0.000397403
9.47465e-05
-5.36943e-05
-2.70252e-08
-0.00538385
0.0365451
-0.00944874
-0.00531199
0.0290309
-0.00769542
-0.00506294
0.0215485
-0.00599249
-0.00465423
0.0144088
-0.00435778
-0.00360069
0.00861555
-0.0027153
-0.00256988
0.00397435
-0.00124759
0.003263
0.0365208
-0.00929859
0.00326165
0.0289728
-0.00751119
0.00316702
0.0214918
-0.00572291
0.00279598
0.0145253
-0.00394238
0.00219836
0.00843089
-0.00245152
0.00159486
0.00380268
-0.000953751
-0.00335449
0.0366841
-0.00943741
-0.0032987
0.0291533
-0.00766144
-0.00313141
0.0216804
-0.00588722
-0.00278501
0.0145884
-0.00416682
-0.0019553
0.00860508
-0.00246795
-0.00126315
0.00381718
-0.000993191
0.00530373
0.0366747
-0.00930259
0.00526484
0.0291393
-0.00754195
0.00510806
0.0216553
-0.00580515
0.00450954
0.0147298
-0.00419372
0.0038787
0.00855815
-0.00268057
0.00295533
0.00387791
-0.00124735
-0.00433393
0.0328656
-0.00856524
-0.00422186
0.025348
-0.00679659
-0.0039169
0.0179726
-0.00509496
-0.00323805
0.0116954
-0.0034235
-0.00235314
0.00609112
-0.00183989
-0.00152673
0.00195554
-0.000531265
0.00423907
0.0328316
-0.00841807
0.00415464
0.0252928
-0.00664009
0.00383517
0.0180763
-0.00482989
0.00326048
0.0112538
-0.003391
0.00260962
0.00601031
-0.00179895
0.00160818
0.00223305
-0.000384733
0.000961012
0.0329122
-0.00849409
0.00096222
0.0253684
-0.00672409
0.00095322
0.0179902
-0.00501952
0.000861683
0.0113683
-0.00330709
0.00093116
0.0059236
-0.0018404
0.000816232
0.00190214
-0.000616049
-0.00103345
0.032768
-0.00849498
-0.000949609
0.02519
-0.00674332
-0.000884864
0.017857
-0.00505612
-0.000873947
0.0111609
-0.00337331
-0.000617384
0.00588532
-0.0018505
-0.000419586
0.00188713
-0.000589108
-0.000310464
0.000653892
-0.000192621
0.000273463
0.000529088
-0.000296628
-5.88602e-05
0.0403309
-0.0102455
0.0010522
0.000843473
-0.000164193
1.23267e-05
-0.000100909
3.01817e-05
-0.000868393
0.000724345
-5.41689e-05
-0.00435497
0.0366187
-0.00944492
-0.00429198
0.0290971
-0.00768033
-0.00408131
0.0216217
-0.00594381
-0.00373093
0.0145102
-0.00424957
-0.00273897
0.00865728
-0.00261661
-0.0019552
0.00388908
-0.00113198
0.00425025
0.0365946
-0.00930119
0.00419964
0.0290609
-0.00752328
0.00405183
0.0215979
-0.00575173
0.00352753
0.0146008
-0.00410902
0.00296216
0.00851485
-0.00255102
0.00218901
0.00385555
-0.00107734
0.00095064
0.0366792
-0.00937255
0.000975653
0.0291188
-0.007614
0.00097052
0.0216258
-0.00585754
0.000858248
0.0146059
-0.00421741
0.000931158
0.00848363
-0.00257865
0.000929377
0.00368081
-0.00115455
-0.00105061
0.03653
-0.00937531
-0.00100713
0.0289892
-0.00761045
-0.000910963
0.0214732
-0.00587763
-0.000885038
0.0144326
-0.00415085
-0.000720709
0.00837812
-0.00259092
-0.000513155
0.00371335
-0.00118247
-0.000454899
0.00116796
-0.000285671
-0.00222916
0.015981
-0.00456347
