-0.00489088
0.0358826
-0.0102562
0.00274762
0.0358706
-0.010256
0.000192367
0.00010744
7.37908e-05
-0.000186295
-8.03461e-06
-8.58846e-05
-0.00284112
0.0358727
-0.0102512
0.00480003
0.0358793
-0.0102632
0.000169481
2.01165e-05
-0.000101602
-9.63582e-05
4.62045e-05
7.04296e-05
-0.00486738
0.0292929
-0.00849251
-0.00473916
0.0226419
-0.00674469
-0.00440942
0.0160736
-0.00509471
-0.00377287
0.010446
-0.00348225
-0.00286605
0.00558247
-0.00188106
-0.0017516
0.00203957
-0.000670315
0.0027531
0.0292583
-0.00848407
0.00273392
0.0225683
-0.00667971
0.00254617
0.0161906
-0.00483011
0.00212727
0.0100663
-0.00328391
0.00165158
0.00542373
-0.00171386
0.00102703
0.00189323
-0.000319033
-0.00282887
0.0292776
-0.00847798
-0.0027371
0.0226293
-0.00668958
-0.00252498
0.0160913
-0.00495127
-0.00207028
0.0104361
-0.00315014
-0.00137294
0.00544551
-0.00167812
-0.000748915
0.00160132
-0.000367825
0.00480317
0.0292601
-0.00849452
0.00472496
0.0226142
-0.00671843
0.00437116
0.0162561
-0.00498786
0.00384457
0.0101455
-0.00348705
0.00319068
0.00543801
-0.00193602
0.00192545
0.00226387
-0.000570525
-0.0010707
0.0358791
-0.01026
-0.000968828
0.000889211
-0.000259533
-0.00385966
0.0358794
-0.0102499
0.000688102
0.000731347
-1.83871e-05
0.00374852
0.0358765
-0.0102599
-0.000225838
-0.000107744
3.23849e-05
0.000298447
0.000124432
-4.57984e-05
-0.000257742
8.79197e-05
-1.39589e-05
0.000964418
0.0358722
-0.0102615
-0.00038144
0.000563497
4.90063e-05
0.00102692
0.000973664
-0.000384218
9.34935e-05
-4.85896e-05
-3.7771e-06
-0.00488555
0.0326024
-0.0093766
-0.00482395
0.025968
-0.00761069
-0.00460531
0.0193503
-0.00589624
-0.00424059
0.0130118
-0.00425364
-0.00330686
0.00783412
-0.00262923
-0.00237292
0.00364414
-0.00119975
0.00274963
0.0325816
-0.00937877
0.00275251
0.0259163
-0.00757724
0.00268308
0.0192967
-0.00577591
0.00237974
0.0131058
-0.00399419
0.00188208
0.00766162
-0.00248086
0.00137811
0.00347794
-0.000988773
-0.00284206
0.0325903
-0.00936707
-0.00279659
0.0259458
-0.00758249
-0.00266104
0.0193483
-0.00580618
-0.00237614
0.0130677
-0.00408951
-0.00166709
0.00773032
-0.00241459
-0.00107913
0.003444
-0.000976223
0.00480377
0.0325835
-0.00938158
0.00476908
0.0259377
-0.00760189
0.00463101
0.0193324
-0.00584407
0.00411118
0.0131949
-0.00420771
0.00354736
0.00770071
-0.00267921
0.0027093
0.00351162
-0.00124599
-0.00383388
0.0292872
-0.00848775
-0.00373935
0.0226494
-0.00670949
-0.00347708
0.0161234
-0.0050037
-0.00288757
0.0105335
-0.00333773
-0.00211235
0.00551924
-0.00178236
-0.00137817
0.00178713
-0.000513878
0.00373883
0.0292585
-0.00848898
0.00366917
0.0226019
-0.00669343
0.00339939
0.0162102
-0.00487533
0.00290448
0.0101499
-0.00340036
0.00233853
0.00544514
-0.00181004
0.00145298
0.00203024
-0.000412048
0.000967139
0.0292637
-0.00849092
0.000961998
0.0226088
-0.00670738
0.000946676
0.0160896
-0.00499102
0.00085709
0.0102
-0.00328362
0.000900316
0.00534055
-0.00181906
0.000777817
0.00172851
-0.000613212
-0.00104317
0.0292688
-0.00849228
-0.000964654
0.0225736
-0.00672741
-0.000897262
0.0160753
-0.00502406
-0.000872482
0.0101178
-0.00334247
-0.000626657
0.00537255
-0.00182961
-0.000424497
0.00174026
-0.000584177
-0.000309699
0.000605188
-0.00018944
0.000269414
0.000485931
-0.000291061
-5.73844e-05
0.0358772
-0.0102562
0.000954454
0.000770476
-0.000168561
1.21788e-05
-9.07415e-05
3.06132e-05
-0.00078626
0.000664178
-5.86352e-05
-0.00385167
0.0325998
-0.00937331
-0.00379857
0.0259608
-0.0075977
-0.0036183
0.0193542
-0.0058534
-0.00331632
0.0130497
-0.00415761
-0.00245158
0.00782087
-0.00254115
-0.00175963
0.00353543
-0.00109527
0.00374761
0.0325794
-0.00938051
0.00370586
0.0259304
-0.0075853
0.00358331
0.0193332
-0.00579756
0.00313477
0.0131271
-0.00413399
0.00264633
0.00769496
-0.00256333
0.00196864
0.00350166
-0.00109222
0.000959152
0.0325867
-0.0093764
0.000977902
0.0259177
-0.00760417
0.000965857
0.0193043
-0.00583514
0.00086088
0.0130864
-0.00418143
0.000908894
0.00762955
-0.00255072
0.000889597
0.00332905
-0.00114398
-0.00105853
0.0325895
-0.0093793
-0.00101902
0.0259319
-0.00760088
-0.000926568
0.0192836
-0.00585476
-0.000889513
0.0130281
-0.00412606
-0.000729715
0.00762115
-0.0025639
-0.000521504
0.00340439
-0.00116903
-0.000386435
0.00106741
-0.000284915
-0.00191085
0.0143215
-0.00449073
