-7.32795e-06
-0.00686917
-2.5942e-06
-1.0296e-05
-0.00686935
1.98169e-06
-0.000242275
-0.000160237
-5.70917e-05
0.000154883
-1.58825e-05
5.2254e-05
-4.89902e-06
-0.00686511
-2.28526e-06
-4.72963e-06
-0.00686361
-1.68687e-07
-0.000143983
-2.75762e-05
5.91425e-05
0.000203982
-0.000133569
-6.48159e-05
-8.54389e-06
-0.00687343
-1.08636e-06
-1.82879e-06
-0.00690263
-3.63421e-06
7.03215e-05
-0.00699941
-2.91922e-05
0.000401726
-0.00686626
-6.15753e-05
0.000978692
-0.0061118
-3.9858e-05
0.00116602
-0.00357077
-7.91004e-05
-1.15556e-05
-0.0068744
6.32751e-06
-1.55799e-05
-0.00691755
2.00591e-05
-7.05624e-05
-0.00696834
8.82631e-05
-0.000272577
-0.00711251
8.37265e-05
-0.000688456
-0.00605853
7.67491e-05
-0.00102688
-0.00320248
-0.000195807
-5.73092e-06
-0.00686893
-7.44758e-07
2.12998e-06
-0.00689254
4.12863e-06
5.78318e-05
-0.00698937
2.1273e-05
0.00033637
-0.00684196
0.00013867
0.00085205
-0.006133
0.000105596
0.00100064
-0.00332083
-0.000136254
-5.44757e-06
-0.00686789
1.90956e-06
-1.05305e-05
-0.00689523
9.55185e-06
-0.000109209
-0.0069308
2.66921e-05
-0.000355649
-0.00705293
-3.80723e-05
-0.00084718
-0.0060983
-5.45638e-05
-0.00104732
-0.00348049
-0.000136254
-7.67622e-06
-0.00686877
-1.17899e-07
0.000785895
-0.00185067
-7.93266e-05
-4.5014e-06
-0.00686676
-1.69109e-06
-0.000855335
-0.00151502
-0.000254491
-1.19275e-05
-0.00686644
1.26405e-06
4.97955e-05
1.60801e-06
-4.69135e-05
-0.000307682
-0.000155046
4.28812e-05
0.000306823
-0.00014598
3.46441e-05
-7.71378e-06
-0.00686499
-1.56678e-06
0.000635051
-0.00151058
-0.000250205
-0.000761685
-0.00179686
-3.67196e-06
8.92241e-06
-3.20254e-05
-4.19169e-05
-7.76846e-06
-0.00686917
-1.6873e-06
-7.93318e-06
-0.00688299
-1.37625e-06
1.85283e-05
-0.00693336
-9.14356e-06
0.00013309
-0.00706254
-3.81071e-05
0.000694171
-0.00666418
-2.69746e-05
0.00118513
-0.00508821
-7.00968e-05
-1.06086e-05
-0.00686934
3.23118e-06
-1.25907e-05
-0.00688769
1.22288e-05
-2.46303e-05
-0.00695456
3.7482e-05
-0.00013775
-0.00701468
0.00010525
-0.000461006
-0.00675279
9.73141e-05
-0.000927285
-0.00484578
-2.06226e-05
-5.54243e-06
-0.00686517
-1.28031e-06
-4.33069e-06
-0.00687791
6.02962e-07
1.6309e-05
-0.00692238
1.19126e-05
0.000137574
-0.0070174
5.52301e-05
0.000610857
-0.00669042
0.00012625
0.0010271
-0.00504557
2.08504e-05
-5.35348e-06
-0.00686403
6.61011e-07
-9.39059e-06
-0.00687463
4.8686e-06
-2.13568e-05
-0.00693372
1.81181e-05
-0.000206476
-0.0069564
1.33813e-05
-0.000559756
-0.0067452
-3.2449e-05
-0.00111337
-0.00492131
-9.13249e-05
-3.60932e-06
-0.00686995
-9.8082e-07
5.06523e-06
-0.00689263
7.69489e-07
6.90733e-05
-0.00697752
-1.82964e-06
0.000389564
-0.00680376
2.01981e-05
0.000879767
-0.00610679
4.48525e-05
0.00102861
-0.00343773
-2.12845e-05
-1.77667e-05
-0.00687174
4.23276e-06
-3.49205e-05
-0.00690488
1.52213e-05
-0.000121078
-0.00695489
7.04547e-05
-0.000349457
-0.00705364
5.04645e-06
-0.000720727
-0.00607321
3.0012e-05
-0.000934919
-0.00332979
-0.000110406
-1.11284e-05
-0.00686882
-5.9989e-07
-1.85769e-05
-0.00689437
4.22117e-06
-1.30608e-05
-0.0069938
1.11035e-05
-1.25584e-05
-0.00699114
6.69534e-05
6.54396e-05
-0.00619521
4.0612e-05
-0.000113785
-0.00331475
-4.09066e-05
-7.14247e-06
-0.00687417
2.87725e-06
7.26238e-07
-0.00691508
5.95346e-06
2.14058e-05
-0.00700895
-3.48576e-07
3.43653e-05
-0.00706582
2.84898e-05
0.000158182
-0.00615856
3.24246e-05
6.4705e-05
-0.00332151
-1.08174e-05
-1.11203e-05
-0.00153725
-1.112e-05
2.6989e-05
-0.00145119
4.07486e-05
-7.83081e-06
-0.006867
-3.63025e-07
-0.000761315
-0.00161427
-3.87514e-05
-2.70527e-05
-2.32865e-05
1.76229e-05
0.000757823
-0.00164056
-0.00012537
-4.16201e-06
-0.00686618
-1.35166e-06
-1.52009e-06
-0.00687864
-4.20585e-07
2.85517e-05
-0.00692448
-1.37367e-06
0.000138409
-0.00702622
9.19639e-06
0.000657355
-0.00665175
3.58597e-05
0.00103477
-0.00505129
2.20352e-05
-1.37279e-05
-0.00686757
2.15208e-06
-2.61941e-05
-0.00688131
9.1269e-06
-5.60209e-05
-0.00693816
3.03099e-05
-0.000231957
-0.00700426
3.84556e-05
-0.000510183
-0.00673181
3.84642e-05
-0.000913714
-0.0048995
-1.72237e-05
-9.47766e-06
-0.0068648
-7.12141e-07
-1.29485e-05
-0.00688004
2.19516e-08
-1.62196e-05
-0.00693441
9.35817e-06
-4.07488e-05
-0.00701705
8.90373e-06
5.84561e-05
-0.00678347
5.17091e-05
-2.6756e-06
-0.00502813
2.934e-06
-7.24707e-06
-0.00686916
1.277e-06
-6.44009e-06
-0.00688561
4.9849e-06
8.88271e-06
-0.00695281
7.49648e-06
2.46727e-05
-0.0070466
3.31768e-05
0.000122809
-0.00679218
3.39541e-05
0.000137224
-0.0049985
1.58103e-05
0.000542341
-0.00248447
-5.31209e-05
7.06261e-05
-0.0070114
1.69033e-05
