-0.00475954
0.0347464
-0.0102308
0.00261588
0.0347349
-0.0102638
0.000186109
0.000104105
7.18494e-05
-0.000182423
-7.15646e-06
-8.44948e-05
-0.00270916
0.0347037
-0.010226
0.00466906
0.0347101
-0.0102706
0.000166001
2.0116e-05
-9.97775e-05
-9.23951e-05
4.42543e-05
6.85746e-05
-0.00473722
0.0283841
-0.00846623
-0.00461412
0.0219614
-0.00671717
-0.00429657
0.0156137
-0.00506561
-0.003681
0.0101652
-0.00345356
-0.00280211
0.00544485
-0.00186352
-0.00171541
0.00199504
-0.000662183
0.00262139
0.0283509
-0.0084907
0.00260542
0.02189
-0.00668518
0.00243022
0.0157236
-0.00483734
0.00203349
0.0097981
-0.00328715
0.00158307
0.00528789
-0.00171869
0.0009876
0.00184877
-0.000329833
-0.00269769
0.0283367
-0.00845251
-0.00261135
0.0219184
-0.00666461
-0.0024113
0.0156039
-0.00492823
-0.00197982
0.0101286
-0.00313451
-0.00131316
0.00529294
-0.00166812
-0.000716184
0.00156033
-0.000369889
0.00467209
0.0283205
-0.00850032
0.00459669
0.0219053
-0.00672146
0.00425705
0.0157627
-0.00498756
0.00374977
0.00985187
-0.00348167
0.0031144
0.00528871
-0.00193237
0.00188275
0.00220697
-0.000570873
-0.00107074
0.0347431
-0.010251
-0.000950143
0.000871388
-0.000256239
-0.00372829
0.0347267
-0.0102247
0.00066345
0.000713801
-2.55117e-05
0.00361804
0.034724
-0.0102674
-0.000222871
-0.000104859
3.08249e-05
0.000290251
0.000121614
-4.39525e-05
-0.000250425
8.62311e-05
-1.25858e-05
0.000965318
0.0347032
-0.0102525
-0.000365838
0.000549823
4.19352e-05
0.00100548
0.000952038
-0.000380318
9.31212e-05
-4.72146e-05
-4.71785e-06
-0.00475449
0.0315793
-0.00935078
-0.0046957
0.0251737
-0.00758384
-0.0044853
0.018781
-0.00586828
-0.00413234
0.0126507
-0.00422523
-0.00323023
0.00763228
-0.00260668
-0.00232173
0.00355879
-0.00118773
0.00261779
0.0315594
-0.00938595
0.00262172
0.0251238
-0.00758333
0.00255879
0.0187283
-0.00578116
0.00227314
0.0127388
-0.00400147
0.00180145
0.00746301
-0.00248449
0.001323
0.00339405
-0.000995793
-0.00271011
0.0315346
-0.00934173
-0.00266734
0.0251203
-0.00755718
-0.00254007
0.01875
-0.00578224
-0.00227123
0.0126793
-0.00406815
-0.00159368
0.00750822
-0.00240058
-0.00103244
0.00335013
-0.000972168
0.00467264
0.0315284
-0.00938847
0.00463916
0.0251136
-0.00760638
0.00450621
0.0187363
-0.00584563
0.00400721
0.0128027
-0.00420512
0.00346117
0.0074828
-0.00267489
0.00264563
0.00341918
-0.00124364
-0.00370379
0.0283622
-0.0084617
-0.00361393
0.021953
-0.00668308
-0.00336298
0.0156476
-0.00497788
-0.00279693
0.0102353
-0.00331476
-0.00205036
0.00537319
-0.00176768
-0.00134
0.00174444
-0.000509849
0.00360906
0.0283348
-0.00849504
0.00354329
0.0219075
-0.00669753
0.00328657
0.0157298
-0.0048799
0.00281265
0.00986702
-0.0033977
0.00226875
0.0053008
-0.00181006
0.00141313
0.00197864
-0.000417984
0.000967551
0.0283236
-0.00848094
0.000960842
0.0218995
-0.00669622
0.000944021
0.0156029
-0.00497889
0.000854997
0.00990245
-0.00327462
0.000891678
0.00519304
-0.00181213
0.000767594
0.00168524
-0.000611989
-0.00104418
0.0283611
-0.00848242
-0.000967212
0.0218957
-0.00671643
-0.000899321
0.0156143
-0.00501097
-0.000871011
0.00984844
-0.0033316
-0.000628279
0.00524015
-0.0018228
-0.000425305
0.00170218
-0.000582512
-0.000309236
0.000592533
-0.000188565
0.00026822
0.000475537
-0.000289505
-5.67988e-05
0.0347246
-0.0102474
0.000929354
0.000751957
-0.000169223
1.21803e-05
-8.80827e-05
3.07171e-05
-0.000765145
0.000649133
-6.00959e-05
-0.00372071
0.0315601
-0.00934764
-0.00367025
0.0251506
-0.00757142
-0.00349807
0.0187698
-0.00582701
-0.00320887
0.0126745
-0.00413241
-0.00237746
0.00760675
-0.00252142
-0.00170937
0.00344536
-0.00108621
0.00361723
0.0315408
-0.00938748
0.0035778
0.0251218
-0.00759037
0.00346187
0.0187495
-0.00580098
0.00303329
0.0127484
-0.00413429
0.00256495
0.00748514
-0.00256262
0.00191197
0.0034115
-0.00109413
0.000960178
0.0315312
-0.00936705
0.00097732
0.0250939
-0.00759364
0.000963602
0.0187086
-0.00582359
0.000860679
0.0126982
-0.00416827
0.000902314
0.00741268
-0.0025414
0.000878836
0.00324053
-0.00114039
-0.00105903
0.031567
-0.00936998
-0.00102065
0.0251391
-0.00759041
-0.00092936
0.0187167
-0.00584306
-0.000889573
0.0126651
-0.00411581
-0.000731118
0.00742571
-0.0025548
-0.000523041
0.00332455
-0.00116471
-0.000369046
0.0010424
-0.000284897
-0.001829
0.0138964
-0.00446953
