-0.0046259
0.0335951
-0.0102017
0.00248311
0.0335841
-0.0102659
0.000179789
0.000100731
6.98983e-05
-0.000178495
-6.28084e-06
-8.30833e-05
-0.002576
0.0335217
-0.0101972
0.00453597
0.0335279
-0.0102724
0.000162472
2.01183e-05
-9.79176e-05
-8.84041e-05
4.23052e-05
6.66834e-05
-0.00460479
0.0274631
-0.00843727
-0.00448693
0.0212717
-0.0066878
-0.00418185
0.0151474
-0.00503529
-0.0035876
0.00988035
-0.00342424
-0.00273713
0.0053051
-0.00184585
-0.00167863
0.0019497
-0.000654129
0.00248866
0.0274313
-0.0084926
0.00247589
0.0212026
-0.00668696
0.00231333
0.0152502
-0.00484188
0.00193902
0.00952606
-0.00328851
0.00151406
0.00514999
-0.0017225
0.000947872
0.00180354
-0.000340329
-0.00256532
0.0273855
-0.00842437
-0.00248448
0.0212001
-0.00663781
-0.0022966
0.0151117
-0.00490406
-0.00188862
0.00981836
-0.00311844
-0.00125295
0.00513931
-0.00165808
-0.000683202
0.00151925
-0.000372103
0.0045389
0.0273707
-0.0085014
0.0044664
0.021189
-0.00672077
0.00414116
0.0152645
-0.0049845
0.00365351
0.00955572
-0.00347431
0.00303702
0.00513828
-0.00192761
0.00183944
0.00214974
-0.000570841
-0.00107013
0.0335921
-0.0102374
-0.000931147
0.0008532
-0.000253008
-0.00359519
0.03356
-0.0101959
0.000638596
0.000695938
-3.25224e-05
0.00348601
0.0335574
-0.0102693
-0.000219835
-0.000101959
2.9241e-05
0.000281958
0.000118751
-4.20682e-05
-0.000243032
8.45273e-05
-1.12303e-05
0.000965764
0.0335213
-0.0102388
-0.000350085
0.000536183
3.47154e-05
0.000983736
0.000930321
-0.000376194
9.27282e-05
-4.58033e-05
-5.66352e-06
-0.00462115
0.0305425
-0.00932184
-0.00456524
0.0243687
-0.00755474
-0.00436327
0.0182039
-0.00583881
-0.00402231
0.0122847
-0.00419596
-0.00315233
0.00742746
-0.00258378
-0.00226973
0.00347204
-0.00117573
0.00248494
0.0305236
-0.00938793
0.00248989
0.0243206
-0.00758522
0.00243349
0.0181522
-0.00578321
0.0021657
0.0123668
-0.00400648
0.00172023
0.0072615
-0.00248669
0.00126747
0.00330882
-0.00100216
-0.00257695
0.0304672
-0.00931327
-0.00253693
0.0242861
-0.00752964
-0.00241802
0.0181457
-0.00575686
-0.0021654
0.0122874
-0.00404602
-0.00151973
0.00728439
-0.00238633
-0.000985398
0.00325573
-0.00096822
0.00453938
0.0304616
-0.00939013
0.00450718
0.0242808
-0.00760665
0.00437946
0.0181342
-0.00584396
0.00390163
0.0124069
-0.00420017
0.00337368
0.0072631
-0.00266905
0.00258106
0.00332611
-0.00124055
-0.00357199
0.0274259
-0.00843298
-0.00348687
0.0212483
-0.00665483
-0.00324743
0.0151662
-0.00495091
-0.00270517
0.00993371
-0.00329124
-0.00198765
0.00522555
-0.00175293
-0.00130139
0.00170133
-0.000505967
0.00347775
0.0274
-0.00849638
0.0034159
0.0212049
-0.00669793
0.00317243
0.0152438
-0.00488178
0.00271978
0.00958095
-0.00339311
0.00219819
0.00515491
-0.00180903
0.00137283
0.00192649
-0.000423596
0.000967512
0.0273734
-0.00846726
0.000959255
0.0211829
-0.00668228
0.000940974
0.0151116
-0.00496481
0.000852537
0.0096023
-0.00326441
0.000882693
0.00504448
-0.00180462
0.000757132
0.00164181
-0.000610589
-0.00104458
0.0274412
-0.00846886
-0.00096924
0.0212086
-0.00670267
-0.000900924
0.015147
-0.00499589
-0.000869087
0.00957519
-0.00331952
-0.000629609
0.00510573
-0.0018154
-0.000425949
0.00166338
-0.000580701
-0.000308671
0.000579598
-0.00018767
0.000266962
0.00046521
-0.000287893
-5.61168e-05
0.033558
-0.0102339
0.000903957
0.000733238
-0.00016973
1.21955e-05
-8.53805e-05
3.08202e-05
-0.00074376
0.000633989
-6.17079e-05
-0.00358801
0.0305079
-0.00931883
-0.00354024
0.0243307
-0.0075429
-0.0033763
0.0181785
-0.00579915
-0.00310006
0.0122951
-0.00410639
-0.00230243
0.00739026
-0.0025014
-0.00165851
0.00335434
-0.00107722
0.0034853
0.0304896
-0.00938924
0.00344822
0.0243035
-0.00759123
0.00333899
0.018159
-0.00580119
0.00293064
0.0123654
-0.00413226
0.00248265
0.00727303
-0.00256045
0.00185465
0.00332039
-0.00109537
0.000960754
0.0304642
-0.00935352
0.000976285
0.0242614
-0.00757987
0.000960925
0.018107
-0.00580969
0.000860134
0.0123065
-0.0041535
0.000895353
0.00719409
-0.00253118
0.000867766
0.00315148
-0.00113646
-0.00105891
0.0305308
-0.00935648
-0.00102169
0.0243356
-0.00757671
-0.00093166
0.018142
-0.005829
-0.000889185
0.012297
-0.004104
-0.000732161
0.00722741
-0.00254482
-0.000524353
0.00324339
-0.00116006
-0.000351518
0.00101728
-0.000284965
-0.00174638
0.0134671
-0.00444719
