-0.00421292
0.0300591
-0.0100926
0.00208061
0.0300496
-0.010238
0.000160391
9.03335e-05
6.39693e-05
-0.00016634
-3.6732e-06
-7.87077e-05
-0.00217118
0.0299058
-0.0100889
0.00412572
0.0299114
-0.0102433
0.000151562
2.01326e-05
-9.21196e-05
-7.62009e-05
3.64177e-05
6.07794e-05
-0.00419555
0.0246321
-0.00833415
-0.00409391
0.0191494
-0.00658855
-0.00382736
0.0137101
-0.00493721
-0.00329863
0.00900014
-0.00333281
-0.00253578
0.00487144
-0.0017922
-0.00156453
0.00180781
-0.000630491
0.00208614
0.0246049
-0.00847002
0.00208276
0.0190874
-0.0066702
0.00195832
0.0137913
-0.0048396
0.00165192
0.00868526
-0.00328168
0.00130403
0.00472237
-0.00172807
0.000826638
0.00166236
-0.000370211
-0.00216286
0.0244764
-0.00832375
-0.0020986
0.0190033
-0.00654646
-0.00194748
0.0136067
-0.00482478
-0.00161092
0.00886987
-0.00306756
-0.00106959
0.00467014
-0.0016278
-0.000582455
0.00139436
-0.000379725
0.00412837
0.0244653
-0.00847635
0.00406497
0.0189979
-0.00669659
0.00378393
0.0137405
-0.0049591
0.00335639
0.00864997
-0.00344094
0.00279824
0.0046782
-0.00190708
0.00170568
0.00197497
-0.000568688
-0.00106439
0.0300567
-0.0101684
-0.000872119
0.000795944
-0.000243724
-0.00318716
0.0299837
-0.0100877
0.000562595
0.000640047
-5.30264e-05
0.00308245
0.0299817
-0.0102405
-0.000210314
-9.31798e-05
2.43361e-05
0.000256428
0.00010986
-3.61839e-05
-0.000220316
7.92792e-05
-7.25529e-06
0.000964326
0.0299056
-0.0101697
-0.000301732
0.000494972
1.20863e-05
0.000916534
0.000864063
-0.000362572
9.14373e-05
-4.13713e-05
-8.54628e-06
-0.00420909
0.027357
-0.00921598
-0.00416207
0.021893
-0.00745384
-0.0039862
0.0164268
-0.00574148
-0.00368225
0.0111552
-0.00410316
-0.00291108
0.00679333
-0.00251325
-0.00210853
0.00320198
-0.00113993
0.00208213
0.0273411
-0.0093625
0.00208996
0.0218506
-0.00756572
0.00205302
0.0163782
-0.00577034
0.00183929
0.0112189
-0.00400815
0.00147328
0.00663785
-0.00248499
0.00109827
0.00304383
-0.00101763
-0.00217213
0.0272023
-0.00920888
-0.00214036
0.0217347
-0.0074335
-0.00204662
0.0162975
-0.00567203
-0.00184318
0.0110888
-0.00397506
-0.0012947
0.0066004
-0.00234224
-0.000841969
0.00296778
-0.000957064
0.00412865
0.0271986
-0.00936379
0.00410049
0.0217334
-0.00758226
0.003989
0.0162923
-0.00581978
0.00357593
0.0111962
-0.00417164
0.0031037
0.0065911
-0.0026429
0.00238189
0.00304162
-0.00122711
-0.00316793
0.0245553
-0.00833059
-0.00309731
0.0190865
-0.00655911
-0.00289306
0.0136886
-0.00486321
-0.00242354
0.0090071
-0.00321757
-0.00179493
0.00477133
-0.00170833
-0.00118258
0.00156838
-0.000495232
0.00307632
0.0245337
-0.00847215
0.00302634
0.0190496
-0.0066771
0.00282314
0.0137521
-0.00487147
0.00243543
0.00870192
-0.00336826
0.00198176
0.00470613
-0.00180001
0.001249
0.00176588
-0.000438685
0.000964665
0.0244669
-0.00840393
0.000951947
0.018991
-0.00662382
0.000929545
0.0136088
-0.00491104
0.000842999
0.00868449
-0.00322678
0.000853772
0.00459045
-0.00177878
0.000724327
0.0015096
-0.000605451
-0.00104197
0.0246135
-0.00840587
-0.000971939
0.0190943
-0.0066447
-0.000902825
0.0137068
-0.00493901
-0.000860551
0.00873058
-0.00327632
-0.000631792
0.00468853
-0.00178989
-0.000426895
0.00154174
-0.000574496
-0.000306391
0.000538709
-0.000184908
0.000262829
0.000434142
-0.000282762
-5.34673e-05
0.0299821
-0.0101655
0.000825812
0.000675417
-0.000170409
1.23116e-05
-7.7031e-05
3.11265e-05
-0.00067781
0.00058745
-6.74828e-05
-0.00318121
0.0272821
-0.00921338
-0.00314168
0.0218164
-0.00744383
-0.00300292
0.0163641
-0.00570679
-0.00276633
0.0111296
-0.00402357
-0.00207201
0.00672462
-0.00243978
-0.00150215
0.00307406
-0.00105076
0.00308202
0.0272671
-0.00936318
0.00305204
0.021794
-0.0075687
0.00296305
0.0163469
-0.00578285
0.00261644
0.0111889
-0.00411262
0.00223045
0.00662092
-0.00254562
0.00167865
0.00303999
-0.00109532
0.000959739
0.0272002
-0.00928773
0.000970481
0.021715
-0.00751915
0.000950442
0.0162667
-0.00575402
0.000856436
0.0111083
-0.00409982
0.000872321
0.00652578
-0.0024955
0.000832771
0.00287957
-0.0011228
-0.00105466
0.0273472
-0.00929078
-0.00102115
0.0218646
-0.00751616
-0.000935401
0.0163724
-0.00577276
-0.000885237
0.0111611
-0.00405935
-0.000733044
0.00661336
-0.00250982
-0.000526918
0.00299065
-0.0011442
-0.000297944
0.000940548
-0.000285728
-0.00149455
0.0121524
-0.00437341
