-0.00378535
0.0264179
-0.00994991
0.00167563
0.02641
-0.0101588
0.00014021
7.94417e-05
5.78842e-05
-0.000153559
-1.10095e-06
-7.40952e-05
-0.00176206
0.0262022
-0.00994682
0.00370262
0.0262072
-0.0101629
0.000140097
2.01354e-05
-8.59776e-05
-6.35282e-05
3.03742e-05
5.45073e-05
-0.00377176
0.0217107
-0.00820607
-0.00368659
0.0169524
-0.00647235
-0.00345932
0.0122147
-0.00482861
-0.00299735
0.00807851
-0.00323652
-0.00232454
0.00441283
-0.00173771
-0.00144427
0.00165529
-0.000607636
0.00168099
0.0216881
-0.00840535
0.00168638
0.0168978
-0.00662086
0.0015993
0.0122745
-0.00481396
0.00136041
0.00780392
-0.00325931
0.00108943
0.00427075
-0.0017256
0.000701792
0.00151138
-0.000398169
-0.00175603
0.021494
-0.00819815
-0.00170799
0.0167475
-0.00643815
-0.00159307
0.0120571
-0.00473509
-0.00132802
0.00789103
-0.00301243
-0.000881755
0.00418442
-0.00159716
-0.000478441
0.00126474
-0.000388857
0.00370504
0.0214866
-0.00840932
0.00365098
0.0167474
-0.00663998
0.00341449
0.0121717
-0.00491044
0.00304773
0.00771394
-0.00339192
0.00254957
0.00420103
-0.0018781
0.00156578
0.00179327
-0.000563941
-0.00105261
0.0264161
-0.010057
-0.000809669
0.000733692
-0.000235062
-0.00276966
0.0263111
-0.00994576
0.00048396
0.00057994
-7.30815e-05
0.0026713
0.0263096
-0.0101606
-0.000200173
-8.42698e-05
1.91853e-05
0.000229773
0.000100441
-2.99603e-05
-0.00019663
7.37325e-05
-3.38156e-06
0.000958648
0.0262023
-0.010058
-0.000251408
0.000452236
-1.20973e-05
0.000846027
0.000794936
-0.000347301
8.99952e-05
-3.66884e-05
-1.15264e-05
-0.00378243
0.0240737
-0.00908084
-0.00374444
0.0193346
-0.00733212
-0.00359515
0.0145832
-0.00563066
-0.00332892
0.00997653
-0.00400308
-0.00265862
0.00612619
-0.00244014
-0.00193908
0.00291453
-0.00110448
0.00167681
0.0240609
-0.00929032
0.00168714
0.019298
-0.00750893
0.00166887
0.014538
-0.00572955
0.00150862
0.0100217
-0.00399039
0.00122181
0.00598201
-0.00247169
0.000924724
0.00276244
-0.00102825
-0.001763
0.023857
-0.00907521
-0.00173928
0.0191173
-0.00731651
-0.00167018
0.0143975
-0.00557373
-0.00151553
0.00985298
-0.00389703
-0.00106497
0.00589335
-0.00229596
-0.000694499
0.00266932
-0.000946881
0.00370509
0.023855
-0.00929074
0.00368115
0.0191194
-0.0075207
0.00358613
0.0143982
-0.00576779
0.00323827
0.00994778
-0.00412375
0.0028229
0.00589546
-0.00260494
0.00217421
0.00274599
-0.00120816
-0.0027544
0.0216029
-0.00820325
-0.00269824
0.0168577
-0.00644652
-0.00252935
0.0121597
-0.00476523
-0.00213336
0.00804454
-0.00313928
-0.00159516
0.00429642
-0.00166323
-0.00105885
0.00142794
-0.000485805
0.00266722
0.0215857
-0.00840594
0.00262887
0.0168276
-0.00662389
0.00246578
0.012209
-0.00483796
0.00214344
0.00778782
-0.00332792
0.00175833
0.00423716
-0.00178288
0.00112042
0.00159706
-0.0004516
0.000957688
0.021487
-0.00830707
0.000940892
0.0167398
-0.00654059
0.000914804
0.0120611
-0.00484038
0.000830318
0.0077365
-0.00317904
0.000822121
0.00411976
-0.00174838
0.000689424
0.00137221
-0.000599134
-0.00103343
0.0216956
-0.00830934
-0.000969194
0.0169054
-0.00656186
-0.000900056
0.0122086
-0.00486513
-0.000847836
0.00784519
-0.00322313
-0.000631173
0.00424713
-0.0017598
-0.000426386
0.00141054
-0.000567333
-0.000303278
0.000493893
-0.000182102
0.000258205
0.000401879
-0.000277241
-4.99048e-05
0.0263098
-0.0100546
0.000744394
0.000614152
-0.000170054
1.25024e-05
-6.83587e-05
3.14266e-05
-0.000608812
0.000538194
-7.46676e-05
-0.00276495
0.0239673
-0.00907865
-0.00273362
0.0192277
-0.00732396
-0.00262012
0.0144906
-0.00560104
-0.00242343
0.00992085
-0.00393361
-0.00183376
0.00603092
-0.00237585
-0.00133971
0.00277994
-0.00102504
0.00267115
0.0239555
-0.00929041
0.0026481
0.01921
-0.00750905
0.00257905
0.0144759
-0.00573678
0.00229438
0.00996903
-0.00407369
0.00197082
0.0059413
-0.00251925
0.00149641
0.00274611
-0.00109023
0.000954517
0.0238558
-0.00918394
0.000960671
0.0191023
-0.00742932
0.000936407
0.0143744
-0.00567765
0.000849615
0.00987271
-0.00403267
0.000846314
0.00583423
-0.00245271
0.000795236
0.00259718
-0.00110665
-0.00104442
0.0240658
-0.00918706
-0.00101483
0.019311
-0.00742649
-0.000934032
0.0145363
-0.00569574
-0.000876954
0.00997589
-0.00400126
-0.000730415
0.00596691
-0.00246771
-0.000527393
0.0027214
-0.00112581
-0.00024261
0.000860068
-0.000287352
-0.00123821
0.0107953
-0.00428951
