0.00770748
-0.0699672
0.00223112
-0.00824532
-0.069941
-0.000714739
-0.000430307
-0.000234951
-0.000137519
0.000280019
5.12018e-05
0.000104111
0.00789123
-0.0728847
0.0022137
-0.00804663
-0.0728933
-0.000690427
-0.000257116
-1.4187e-05
0.000133155
0.000272537
-0.000146242
-0.000118977
0.00763446
-0.0561843
0.00239947
0.00734043
-0.0424325
0.00254519
0.00669636
-0.0292821
0.002595
0.00560412
-0.0185114
0.00246365
0.00413694
-0.00964714
0.00159039
0.00250687
-0.00342189
0.00073602
-0.00822375
-0.056105
-0.000497251
-0.00795905
-0.0423376
-0.000252908
-0.00713843
-0.0297287
-0.000204409
-0.00580934
-0.0178538
4.91265e-05
-0.00434917
-0.00953397
-9.74879e-05
-0.00261233
-0.00334875
-0.000617994
0.00783644
-0.0590388
0.00234858
0.00748006
-0.0450909
0.00239722
0.00674088
-0.0316211
0.00226357
0.00543669
-0.0206521
0.00176002
0.00373212
-0.0109335
0.00118606
0.00211286
-0.00335396
0.000107512
-0.00804569
-0.0589457
-0.000432544
-0.00786475
-0.0449513
-8.45867e-05
-0.00704036
-0.0319504
0.000252936
-0.00597174
-0.0198799
0.000542369
-0.00499234
-0.0106972
0.000401283
-0.00295042
-0.00438713
3.61833e-05
-0.000256357
-0.0699546
0.000766595
0.00135064
-0.00145865
0.000301144
0.00777979
-0.0714337
0.0022131
-0.00167201
-0.00136985
-0.000458972
-0.00809785
-0.0714232
-0.000695694
0.000213204
0.000188031
-9.63335e-05
-0.000571062
-0.000209524
0.000110813
0.000510858
-0.000139088
9.69891e-05
-5.62784e-05
-0.0728776
0.000768844
0.00102644
-0.00122913
-0.000353517
-0.00155087
-0.00181598
0.000274904
-4.61772e-05
7.00834e-05
-5.18778e-05
0.00768902
-0.0631114
0.00231399
0.00752055
-0.0492681
0.00247855
0.00706933
-0.0357868
0.00256912
0.00646895
-0.0234072
0.00252892
0.00480847
-0.0136914
0.00200964
0.0034214
-0.00622489
0.00111739
-0.00824635
-0.0630536
-0.000611582
-0.00813807
-0.0491807
-0.000375252
-0.00766248
-0.0357786
-0.000159672
-0.0065666
-0.023763
-0.00018961
-0.00505115
-0.0135297
1.57943e-05
-0.00356398
-0.00609581
-0.000302251
0.00788951
-0.0660118
0.00228422
0.00770618
-0.0520299
0.00238502
0.00717667
-0.038294
0.00234142
0.00623755
-0.025639
0.00215142
0.00450154
-0.0153857
0.00155545
0.00296928
-0.00702185
0.00066849
-0.00805589
-0.0659647
-0.000585588
-0.00797358
-0.0519209
-0.000259923
-0.00765558
-0.038148
7.83152e-05
-0.00646817
-0.025843
0.000396706
-0.00552177
-0.0151155
0.00047614
-0.00427149
-0.00689911
0.000264393
0.00769925
-0.057626
0.0023857
0.00741429
-0.0438022
0.00248787
0.00677269
-0.030581
0.00242718
0.00549456
-0.0198111
0.00215625
0.0039306
-0.0103438
0.00145405
0.00253098
-0.00338083
0.000508484
-0.00804017
-0.0575439
-0.000451729
-0.00776571
-0.043703
-0.000152527
-0.00696132
-0.0308594
-3.36953e-05
-0.0057538
-0.0189941
0.000394931
-0.00448941
-0.0102413
0.000196248
-0.00268471
-0.0039121
-0.000302268
-9.19874e-05
-0.0589748
0.000964206
-0.000202905
-0.0449748
0.00116233
-0.000294186
-0.0315669
0.00127816
-0.000246106
-0.0201009
0.00106064
-0.00063258
-0.0106207
0.000797852
-0.000755186
-0.00350116
0.000239767
-0.00030839
-0.0561202
0.000951216
-0.000354777
-0.0423003
0.00113361
-0.000245151
-0.0293639
0.00131468
2.16799e-05
-0.0178983
0.00116263
-7.83673e-05
-0.00934039
0.000782282
-8.26428e-06
-0.00297242
0.000267157
6.20634e-05
-0.00106858
0.000126597
-0.000133848
-0.00103072
0.000197103
-0.000148795
-0.0714267
0.000754285
-0.00172726
-0.00150017
-2.5243e-05
-1.80447e-05
0.000153453
3.25918e-06
0.0014376
-0.00130213
1.09141e-05
0.00775381
-0.0645738
0.00230569
0.00758896
-0.0506688
0.00244708
0.00711728
-0.0370805
0.00248583
0.00641235
-0.0245425
0.00236191
0.00459542
-0.0146585
0.00187453
0.00326178
-0.00664826
0.000972466
-0.00808967
-0.0645114
-0.000592773
-0.00792063
-0.0505798
-0.000296377
-0.00747737
-0.0370614
-3.29835e-05
-0.00630588
-0.0247536
0.000226995
-0.00515524
-0.0144323
0.000278281
-0.00371723
-0.00663566
1.73621e-05
-5.02904e-05
-0.0659892
0.000857144
-0.000157085
-0.05192
0.00106212
-0.000269388
-0.0381254
0.00122686
-0.000151685
-0.0256177
0.00132614
-0.000501725
-0.0150771
0.00102312
-0.000776853
-0.00668074
0.000494509
-0.00028307
-0.0630752
0.000851817
-0.000331726
-0.0491823
0.00105238
-0.000332754
-0.035669
0.00121769
-9.24207e-05
-0.0235246
0.0011458
-9.75943e-05
-0.0133431
0.000997524
-5.62149e-05
-0.0058698
0.000534676
0.00111229
-0.00214003
0.000169621
0.00482962
-0.0277511
0.00205587
