-0.00334765
0.0226948
-0.00977224
0.00127272
0.0226884
-0.0100294
0.000119109
6.79691e-05
5.15878e-05
-0.000140067
1.43012e-06
-6.92133e-05
-0.00135318
0.0224319
-0.00976978
0.0032711
0.0224362
-0.0100324
0.000128001
2.00949e-05
-7.94741e-05
-5.02494e-05
2.40604e-05
4.78516e-05
-0.00333771
0.0187143
-0.00805192
-0.00326867
0.0146879
-0.00633838
-0.00308025
0.0106616
-0.00470919
-0.00268489
0.00711266
-0.0031354
-0.00210319
0.0039258
-0.00168216
-0.0013173
0.00149018
-0.000585382
0.00127773
0.0186961
-0.0082997
0.00129094
0.0146408
-0.00654011
0.0012393
0.0107009
-0.00476598
0.00106586
0.00687861
-0.00322268
0.000870248
0.00379185
-0.00171607
0.000572754
0.00134895
-0.000424833
-0.00134928
0.0184515
-0.00804635
-0.00131655
0.0144379
-0.00631184
-0.0012362
0.0104613
-0.00463422
-0.00104109
0.00687757
-0.00295226
-0.00068913
0.00367721
-0.0015657
-0.000370576
0.00112759
-0.000399368
0.00327331
0.0184473
-0.00830149
0.00322843
0.0144424
-0.00655235
0.00303553
0.0105568
-0.00484008
0.00272876
0.00674253
-0.00332905
0.00229114
0.00370203
-0.00184193
0.0014193
0.0016019
-0.000557241
-0.00103479
0.0226937
-0.00990296
-0.000743391
0.000665415
-0.000226947
-0.00234718
0.0225641
-0.00976886
0.000402177
0.000514815
-9.31226e-05
0.00225697
0.0225631
-0.0100305
-0.000189404
-7.52104e-05
1.37802e-05
0.000201834
9.04126e-05
-2.34224e-05
-0.000171793
6.77738e-05
4.41409e-07
0.000948645
0.0224322
-0.00990374
-0.000198773
0.000406634
-3.78564e-05
0.000771809
0.000721459
-0.000330684
8.84109e-05
-3.18196e-05
-1.46301e-05
-0.00334561
0.0207119
-0.00891521
-0.00331639
0.0167047
-0.00718858
-0.00319328
0.0126767
-0.00550575
-0.00296447
0.00874678
-0.00389549
-0.00239523
0.00542244
-0.0023643
-0.0017609
0.00260684
-0.00106916
0.00127353
0.0207021
-0.00917244
0.00128585
0.0166739
-0.00741597
0.00128483
0.0126353
-0.00566199
0.00117595
0.0087739
-0.00395423
0.000966354
0.00529045
-0.00244793
0.000746453
0.00246205
-0.00103484
-0.00135408
0.0204484
-0.00891097
-0.00133791
0.0164428
-0.00717752
-0.00129214
0.0124472
-0.00546103
-0.00118461
0.00857626
-0.00381121
-0.000830758
0.00515805
-0.0022469
-0.000542414
0.00235627
-0.00093732
0.00327315
0.0204479
-0.00917208
0.00325339
0.0164479
-0.00742325
0.00317445
0.0124533
-0.00568949
0.00289051
0.00865835
-0.00405822
0.00253193
0.00517104
-0.00255666
0.00195772
0.00243539
-0.00118469
-0.00233572
0.0185829
-0.0080498
-0.00229349
0.0145683
-0.00631616
-0.00215908
0.010579
-0.00465639
-0.0018359
0.00704271
-0.003056
-0.00138817
0.00379667
-0.00161728
-0.000929733
0.0012776
-0.000477423
0.00225477
0.01857
-0.00829891
0.00222741
0.0145449
-0.00653956
0.00210313
0.0106146
-0.00478246
0.00184506
0.00683443
-0.0032737
0.00152805
0.00374397
-0.00175872
0.000986682
0.00141784
-0.000462921
0.000946542
0.0184468
-0.0081767
0.000926177
0.0144343
-0.0064328
0.000896877
0.010467
-0.00475325
0.000814596
0.00675348
-0.00312157
0.000787991
0.00362746
-0.00171381
0.000652429
0.00122684
-0.000591862
-0.00101882
0.0187024
-0.00817925
-0.000960681
0.0146491
-0.00645431
-0.000892325
0.010653
-0.00477475
-0.000830974
0.00691559
-0.00316043
-0.000627672
0.00377803
-0.00172551
-0.00042444
0.00126799
-0.000559388
-0.000299375
0.000444305
-0.00017931
0.000253114
0.000367096
-0.000271359
-4.5481e-05
0.0225632
-0.00990107
0.000659325
0.000548356
-0.000168967
1.27217e-05
-5.94204e-05
3.17114e-05
-0.000536394
0.000484972
-8.31593e-05
-0.00234363
0.0205816
-0.0089134
-0.00232019
0.0165748
-0.00718225
-0.00223123
0.0125606
-0.00548114
-0.00207365
0.00866598
-0.00383609
-0.001588
0.00530491
-0.0023093
-0.00117077
0.0024685
-0.000999698
0.00225707
0.0205729
-0.00917203
0.00224055
0.0165617
-0.00741349
0.00219049
0.0125485
-0.00566429
0.00196632
0.00870324
-0.00401696
0.0017044
0.00522983
-0.00248262
0.0013077
0.00243548
-0.00108096
0.000944988
0.0204479
-0.00904208
0.000946905
0.0164324
-0.00731046
0.000918968
0.0124313
-0.00558091
0.000839617
0.00859594
-0.00395265
0.000817627
0.00511412
-0.00240326
0.000755301
0.00230028
-0.00108829
-0.0010281
0.0207059
-0.00904525
-0.00100251
0.0166857
-0.00730779
-0.000927201
0.0126373
-0.00559825
-0.000864215
0.00873963
-0.00393013
-0.000724154
0.00528427
-0.00241893
-0.000525751
0.00243287
-0.00110516
-0.000185238
0.00077384
-0.000289746
-0.000979212
0.0093933
-0.00419521
