-0.00320023
0.0214395
-0.00970501
0.00113956
0.0214336
-0.00997542
0.000111854
6.40052e-05
4.94331e-05
-0.000135401
2.26405e-06
-6.75209e-05
-0.00121765
0.0211637
-0.00970274
0.0031261
0.0211678
-0.00997799
0.000123818
2.00661e-05
-7.72239e-05
-4.56705e-05
2.18787e-05
4.55474e-05
-0.00319145
0.0177015
-0.0079945
-0.00312761
0.0139195
-0.00628958
-0.00295187
0.0101313
-0.00466685
-0.00257847
0.00678063
-0.00310054
-0.00202716
0.00375673
-0.00166333
-0.00127342
0.0014321
-0.000578037
0.00114443
0.0176848
-0.00825566
0.00115999
0.0138749
-0.00650648
0.00111956
0.0101641
-0.00474523
0.000967224
0.00656003
-0.00320754
0.00079619
0.00362576
-0.00171149
0.000528738
0.00129206
-0.000433535
-0.0012144
0.0174261
-0.00798968
-0.00118649
0.0136569
-0.00626549
-0.00111716
0.00991891
-0.00459792
-0.000944762
0.00653146
-0.00293088
-0.000623832
0.00350264
-0.0015549
-0.000333698
0.00107977
-0.000403124
0.00312824
0.0174229
-0.00825678
0.00308631
0.0136629
-0.00651654
0.00290752
0.0100081
-0.00481211
0.00262035
0.00641014
-0.00330533
0.00220287
0.00353016
-0.00182848
0.00136895
0.00153553
-0.000554681
-0.00102753
0.0214385
-0.00984218
-0.000720392
0.000641185
-0.000224335
-0.00220596
0.0213023
-0.00970187
0.000374149
0.000491893
-9.98689e-05
0.00211884
0.0213015
-0.00997627
-0.000185674
-7.21529e-05
1.1923e-05
0.000192216
8.69245e-05
-2.118e-05
-0.000163235
6.5679e-05
1.71333e-06
0.00094434
0.0211641
-0.00984288
-0.000180676
0.000390588
-4.67773e-05
0.000746188
0.000695772
-0.000324899
8.78507e-05
-3.0167e-05
-1.56944e-05
-0.00319847
0.0195772
-0.00885298
-0.00317206
0.0158142
-0.00713567
-0.00305744
0.012028
-0.00546082
-0.00284089
0.00832543
-0.00385784
-0.00230508
0.00517932
-0.00233833
-0.00169951
0.00249942
-0.00105733
0.00114025
0.0195683
-0.00912329
0.00115311
0.0157853
-0.00737722
0.00115742
0.0119879
-0.00563378
0.00106498
0.00834669
-0.00393829
0.000880418
0.00505159
-0.0024379
0.000685939
0.00235738
-0.00103628
-0.00121854
0.0193009
-0.00884919
-0.00120473
0.0155401
-0.00712606
-0.00116632
0.0117863
-0.00542003
-0.00107392
0.0081411
-0.00378068
-0.000751745
0.00490593
-0.00222977
-0.000490629
0.00224807
-0.000934167
0.00312802
0.0193009
-0.00912269
0.0031096
0.0155461
-0.00738309
0.00303585
0.011794
-0.00565784
0.00277265
0.00821898
-0.00403277
0.00243281
0.00492243
-0.00253853
0.00188358
0.00232795
-0.00117602
-0.00219571
0.0175636
-0.0079926
-0.00215792
0.0137929
-0.00626853
-0.00203466
0.0100408
-0.00461753
-0.00173535
0.00669965
-0.00302701
-0.00131758
0.003624
-0.00160166
-0.000885436
0.00122494
-0.000474787
0.00211721
0.017552
-0.00825445
0.00209332
0.0137717
-0.00650481
0.00198151
0.0100719
-0.00475931
0.00174438
0.00650737
-0.00325284
0.00144981
0.00357364
-0.00174929
0.000940906
0.00135549
-0.000466437
0.000941897
0.0174221
-0.00812583
0.000920473
0.0136546
-0.00639144
0.000890211
0.00992512
-0.00472059
0.000808696
0.00641734
-0.0031003
0.000776098
0.00345783
-0.00170139
0.000639629
0.0011762
-0.000589249
-0.0010126
0.0176907
-0.00812845
-0.00095653
0.0138833
-0.00641301
-0.000888614
0.010122
-0.00474103
-0.000824448
0.00659555
-0.00313747
-0.000625856
0.00361508
-0.00171318
-0.000423474
0.00121772
-0.000556582
-0.000297902
0.00042661
-0.000178384
0.000251313
0.000354733
-0.000269317
-4.38326e-05
0.0213014
-0.00984045
0.000630108
0.000525263
-0.000168494
1.27925e-05
-5.6392e-05
3.18003e-05
-0.00051145
0.000466165
-8.62454e-05
-0.00220278
0.0194403
-0.00885129
-0.00218185
0.015678
-0.00712993
-0.00210078
0.0119053
-0.00543783
-0.00195591
0.00823716
-0.00380175
-0.0015045
0.00505516
-0.00228642
-0.00111297
0.00236035
-0.000991238
0.00211901
0.0194326
-0.00912272
0.00210455
0.0156663
-0.00737394
0.00206051
0.0118941
-0.00563453
0.00185594
0.00827088
-0.00399438
0.00161421
0.00498502
-0.00246836
0.00124335
0.00232777
-0.00107709
0.000940843
0.0193006
-0.00898635
0.000941448
0.0155311
-0.00726442
0.00091242
0.0117727
-0.00554417
0.000835568
0.00816072
-0.00392319
0.000807513
0.00486697
-0.00238534
0.000741475
0.00219748
-0.0010817
-0.00102132
0.0195718
-0.00898953
-0.00099705
0.0157967
-0.0072618
-0.000923674
0.0119911
-0.00556125
-0.000858972
0.00831615
-0.00390357
-0.000721249
0.00504824
-0.00240124
-0.00052473
0.00233205
-0.0010978
-0.000165631
0.000743518
-0.00029068
-0.000892595
0.00891569
-0.00416135
