-0.00305228
0.0201784
-0.0096337
0.0010072
0.020173
-0.00991612
0.000104484
5.99691e-05
4.72477e-05
-0.000130647
3.09296e-06
-6.57944e-05
-0.00108273
0.0198909
-0.00963161
0.00298075
0.0198948
-0.00991833
0.000119555
2.00276e-05
-7.4932e-05
-4.10109e-05
1.96536e-05
4.32012e-05
-0.00304463
0.0166826
-0.00793397
-0.00298588
0.0131448
-0.00623862
-0.0028226
0.00959498
-0.0046232
-0.00247099
0.00644356
-0.00306507
-0.00195
0.00358419
-0.00164428
-0.00122874
0.00137244
-0.000570701
0.0010119
0.0166673
-0.00820733
0.00102965
0.0131027
-0.0064696
0.0010001
0.00962142
-0.0047222
0.000868433
0.00623635
-0.00319102
0.000721647
0.00345637
-0.00170628
0.000484204
0.00123374
-0.000442176
-0.00108011
0.0163958
-0.00792988
-0.00105685
0.0128707
-0.00621693
-0.00099822
0.00937133
-0.0045602
-0.000848164
0.00618106
-0.00290877
-0.000557992
0.00332511
-0.00154388
-0.000296344
0.00103077
-0.000406981
0.0029828
0.0163936
-0.00820781
0.00294376
0.0128781
-0.00647755
0.00277882
0.00945441
-0.00478199
0.00251098
0.00607328
-0.00328034
0.00211354
0.00335531
-0.00181441
0.00131783
0.00146776
-0.000551991
-0.00101962
0.0201776
-0.00977672
-0.000696927
0.00061619
-0.000221756
-0.00206477
0.0200353
-0.00963079
0.000345722
0.000468342
-0.00010667
0.00198091
0.0200346
-0.00991676
-0.000181873
-6.90747e-05
1.00389e-05
0.00018244
8.33613e-05
-1.89093e-05
-0.00015453
6.3525e-05
2.98709e-06
0.000939551
0.0198913
-0.00977734
-0.000162296
0.000374056
-5.58543e-05
0.00072011
0.000669418
-0.000319008
8.72737e-05
-2.85039e-05
-1.67738e-05
-0.00305079
0.0184365
-0.00878715
-0.00302711
0.0149175
-0.00708012
-0.00292083
0.0113731
-0.00541415
-0.00271639
0.00789842
-0.00381924
-0.00221379
0.00493186
-0.00231196
-0.00163712
0.00238949
-0.00104544
0.00100776
0.0184286
-0.00906934
0.00102109
0.0148905
-0.0073347
0.00103051
0.0113344
-0.00560282
0.000954081
0.00791392
-0.0039205
0.000794128
0.00480849
-0.00242688
0.000624874
0.00225037
-0.00103739
-0.0010836
0.0181487
-0.00878379
-0.00107206
0.0146324
-0.00707192
-0.00104078
0.0111201
-0.00537722
-0.000963163
0.00770105
-0.00374911
-0.000672288
0.00465008
-0.00221218
-0.00043829
0.00213776
-0.000930985
0.00298253
0.0181491
-0.00906851
0.00296543
0.0146392
-0.00733921
0.00289673
0.0111294
-0.00562353
0.00265393
0.00777474
-0.00400563
0.00233266
0.00467004
-0.00251948
0.00180844
0.00221841
-0.00116699
-0.0020557
0.0165389
-0.00793229
-0.00202224
0.0130118
-0.00621874
-0.0019099
0.00949687
-0.0045773
-0.00163418
0.00635195
-0.00299734
-0.00124618
0.00344813
-0.00158584
-0.000840501
0.00117092
-0.000472197
0.00197983
0.0165286
-0.00820573
0.00195928
0.0129927
-0.00646687
0.00185966
0.00952367
-0.00473394
0.00164317
0.00617556
-0.00323067
0.00137085
0.00340019
-0.00173924
0.000894522
0.00129174
-0.000469855
0.000936789
0.0163925
-0.00807125
0.000914374
0.0128697
-0.00634739
0.000883203
0.00937802
-0.00468615
0.000802472
0.00607678
-0.00307798
0.000763959
0.00328522
-0.00168853
0.000626594
0.00112433
-0.000586545
-0.00100572
0.0166728
-0.00807396
-0.00095172
0.0131112
-0.00636898
-0.000884331
0.00958498
-0.00470553
-0.000817479
0.00627038
-0.00311349
-0.000623715
0.00344875
-0.00170041
-0.000422349
0.00116603
-0.000553699
-0.000296343
0.000408307
-0.000177459
0.000249457
0.000341921
-0.000267231
-4.21056e-05
0.0200345
-0.00977513
0.000600449
0.000501549
-0.000167984
1.28591e-05
-5.33427e-05
3.18848e-05
-0.000486093
0.000446773
-8.94425e-05
-0.00206196
0.0182937
-0.00878558
-0.00204346
0.0147755
-0.00707497
-0.00197011
0.0112443
-0.00539277
-0.00183772
0.00780305
-0.00376643
-0.00142023
0.00480141
-0.00226312
-0.00105442
0.0022499
-0.000982725
0.00198115
0.018287
-0.00906863
0.00196866
0.0147653
-0.00733067
0.00193047
0.011234
-0.00560207
0.00174515
0.00783329
-0.00397008
0.00152336
0.00473624
-0.00245315
0.00117828
0.00221784
-0.00107288
0.000936213
0.0181486
-0.00892643
0.000935562
0.0146247
-0.00721517
0.000905512
0.0111087
-0.0055052
0.000831157
0.00772057
-0.00389236
0.000797136
0.00461604
-0.00236672
0.000727397
0.0020926
-0.00107489
-0.00101389
0.0184318
-0.00892962
-0.000990924
0.0149015
-0.00721261
-0.000919514
0.0113386
-0.00552201
-0.000853233
0.00788703
-0.00387559
-0.000717936
0.00480788
-0.00238284
-0.000523472
0.00222885
-0.00109021
-0.000145777
0.000712318
-0.000291664
-0.000805936
0.00843289
-0.00412623
