-0.00230899
0.0138122
-0.00921413
0.000360717
0.0138091
-0.00954367
6.59025e-05
3.87036e-05
3.58156e-05
-0.000105532
7.16116e-06
-5.66251e-05
-0.000421098
0.0134792
-0.00921285
0.00225266
0.013482
-0.00954428
9.70273e-05
1.96528e-05
-6.28512e-05
-1.64727e-05
7.80898e-06
3.08736e-05
-0.00230633
0.0115167
-0.00758271
-0.00227079
0.00918988
-0.00594941
-0.00216593
0.00682788
-0.0043834
-0.00191942
0.00468445
-0.00287704
-0.00154795
0.00266971
-0.00154469
-0.000993345
0.00105019
-0.000533397
0.00036436
0.0115079
-0.00790446
0.000390794
0.00915982
-0.00623895
0.000409666
0.00682573
-0.0045746
0.00037366
0.00454267
-0.00308944
0.00034218
0.0025599
-0.00167171
0.000253791
0.000920767
-0.000484995
-0.000421094
0.0111851
-0.00758181
-0.0004182
0.00886936
-0.00593866
-0.000407868
0.00655679
-0.00434822
-0.000362663
0.00436344
-0.00278507
-0.000221025
0.00239038
-0.00148403
-0.000102529
0.000766185
-0.000427012
0.00225426
0.0111869
-0.00790224
0.00222819
0.00888246
-0.0062376
0.00212744
0.00661088
-0.00460146
0.00195116
0.00431997
-0.00313836
0.00165185
0.00243416
-0.00173603
0.00105065
0.00110605
-0.000537217
-0.00097076
0.0138123
-0.00938001
-0.00057249
0.000479526
-0.000208998
-0.00136343
0.0136461
-0.00921228
0.000197536
0.000341096
-0.000141824
0.00129795
0.0136461
-0.0095434
-0.000161785
-5.33373e-05
2.57646e-07
0.000131189
6.44088e-05
-7.20893e-06
-0.000108779
5.17936e-05
9.43829e-06
0.000908373
0.0134798
-0.00938023
-6.62138e-05
0.000283119
-0.000103213
0.000582726
0.000526625
-0.000288313
8.41055e-05
-2.01117e-05
-2.23808e-05
-0.00230868
0.0126675
-0.00840215
-0.00229727
0.0103572
-0.006761
-0.00222958
0.00801449
-0.00515299
-0.00208256
0.00568172
-0.00361027
-0.00174119
0.00363016
-0.00217282
-0.00131023
0.001802
-0.000983941
0.00036065
0.0126637
-0.0087309
0.000375321
0.010339
-0.00706841
0.000406376
0.0079827
-0.00540908
0.0004028
0.0056705
-0.0038054
0.000358283
0.00353
-0.00235838
0.000311535
0.0016801
-0.00103881
-0.000421841
0.0123343
-0.00840071
-0.000420069
0.0100283
-0.00675909
-0.000420336
0.00771485
-0.00513388
-0.000410565
0.00542698
-0.00357355
-0.00026912
0.00331268
-0.00211566
-0.000168427
0.0015522
-0.000913414
0.00225385
0.0123366
-0.00872914
0.00224263
0.0100383
-0.007067
0.00219687
0.00773114
-0.0054146
0.00204936
0.0054803
-0.00384676
0.00181765
0.00334931
-0.00241197
0.00141806
0.00163676
-0.00111736
-0.00135957
0.0113499
-0.00758202
-0.00134552
0.00903019
-0.00593499
-0.0012837
0.00669705
-0.00435371
-0.00112069
0.00454454
-0.0028371
-0.000877851
0.00251957
-0.00150223
-0.000606308
0.000879179
-0.000459082
0.00129919
0.0113457
-0.00790125
0.00129332
0.00902135
-0.00623168
0.00124958
0.00670414
-0.00457565
0.00113043
0.00444507
-0.00310231
0.00096592
0.00248507
-0.00168078
0.00065353
0.000951266
-0.000486001
0.000904365
0.0111846
-0.00774354
0.000878066
0.00887351
-0.00608692
0.00084314
0.00656544
-0.00448726
0.000766573
0.00430614
-0.00295064
0.000699728
0.00237493
-0.00161759
0.000557851
0.000844756
-0.000571626
-0.000961592
0.0115115
-0.00774656
-0.000917882
0.00916852
-0.00610837
-0.000854375
0.00681515
-0.00450156
-0.000776226
0.00456907
-0.00297833
-0.000608159
0.00256631
-0.00162982
-0.000414317
0.000885938
-0.000538022
-0.00028723
0.000307565
-0.000172766
0.000239288
0.000270113
-0.000256044
-3.24903e-05
0.0136457
-0.00937906
0.000445507
0.000373185
-0.000165195
1.30659e-05
-3.78573e-05
3.22111e-05
-0.000353141
0.000340307
-0.000106642
-0.00136219
0.0125013
-0.00840113
-0.00135456
0.0101924
-0.0067585
-0.00131647
0.00786021
-0.00513913
-0.00124253
0.00555465
-0.00357325
-0.000988439
0.00347183
-0.00213898
-0.000750698
0.00166187
-0.000938184
0.00129852
0.012499
-0.00872964
0.00129463
0.0101887
-0.00706124
0.00128252
0.00785427
-0.00540176
0.00118692
0.00556877
-0.0038246
0.00106038
0.00343199
-0.00236443
0.000842455
0.00163381
-0.0010475
0.000905817
0.0123352
-0.00856462
0.000899801
0.0100266
-0.0069214
0.000865692
0.00771339
-0.00527705
0.000803615
0.00544572
-0.00371783
0.000741541
0.00330241
-0.00226303
0.000653305
0.00153442
-0.0010373
-0.000967204
0.0126654
-0.00856781
-0.000950469
0.0103479
-0.0069191
-0.000889298
0.00799151
-0.0052924
-0.000817211
0.00566047
-0.00371455
-0.000695296
0.0035417
-0.00228018
-0.000513615
0.00167662
-0.0010486
-4.28892e-05
0.000541874
-0.000296856
-0.000373923
0.00594238
-0.00393027
