-0.00201191
0.0112502
-0.00901617
0.000110624
0.0112479
-0.00936135
4.96931e-05
2.97126e-05
3.09931e-05
-9.48635e-05
8.75259e-06
-5.26992e-05
-0.000164024
0.0109021
-0.00901516
0.00196251
0.0109045
-0.00936143
8.74499e-05
1.94001e-05
-5.77367e-05
-6.09411e-06
2.72026e-06
2.56923e-05
-0.00201089
0.0094268
-0.00741851
-0.00198342
0.00757679
-0.00581656
-0.00189972
0.00568533
-0.00427644
-0.00169309
0.00394864
-0.00279598
-0.00137996
0.00228069
-0.00150204
-0.00089373
0.000910437
-0.000517742
0.000113756
0.00942028
-0.00775651
0.000142551
0.00755124
-0.00612654
0.000177801
0.00567333
-0.00450144
0.000176102
0.00383209
-0.00304077
0.000187654
0.00217915
-0.00165439
0.00015819
0.000785959
-0.000502126
-0.000164815
0.00908021
-0.00741867
-0.000168625
0.00724021
-0.00580963
-0.000174966
0.00539708
-0.0042514
-0.000168083
0.00360626
-0.00272834
-8.29847e-05
0.00199408
-0.001457
-2.19267e-05
0.000650661
-0.00043491
0.00196387
0.00908334
-0.00775347
0.0019422
0.00725516
-0.00612207
0.00186442
0.00544058
-0.00451642
0.00172201
0.00358673
-0.00307458
0.00146061
0.00204347
-0.0017015
0.000938508
0.000950255
-0.000530935
-0.000947155
0.0112506
-0.00918964
-0.000519436
0.000419542
-0.000203739
-0.00108675
0.0110764
-0.00901468
0.000135537
0.000285934
-0.000156533
0.00102938
0.0110767
-0.0093608
-0.000153241
-4.68631e-05
-3.79297e-06
0.000109616
5.63119e-05
-2.41552e-06
-8.94578e-05
4.66336e-05
1.20804e-05
0.0008926
0.0109027
-0.0091897
-2.59605e-05
0.000242565
-0.000122822
0.000524526
0.000464057
-0.00027561
8.26847e-05
-1.67597e-05
-2.47043e-05
-0.00201197
0.0103405
-0.0082212
-0.00200471
0.00850555
-0.00661294
-0.00195076
0.0066372
-0.00503444
-0.00182498
0.00475993
-0.00351823
-0.00154524
0.0030809
-0.00211289
-0.00117277
0.00154992
-0.000957761
0.000110313
0.0103382
-0.00856543
0.000125057
0.00849059
-0.00693843
0.000162873
0.00660829
-0.00531464
0.000184733
0.00473911
-0.00374807
0.000182433
0.00299064
-0.00232538
0.000182751
0.00143614
-0.00103778
-0.000164703
0.0099923
-0.0082204
-0.000166061
0.00816183
-0.00661316
-0.000176891
0.00632109
-0.00502167
-0.000191128
0.00448389
-0.00349392
-0.000105621
0.00275042
-0.00207204
-5.6948e-05
0.00130155
-0.000904898
0.00196349
0.00999507
-0.00856341
0.00195421
0.00817275
-0.00693509
0.00191636
0.00633974
-0.00531488
0.00180341
0.00452944
-0.00377345
0.00160564
0.00279348
-0.00236399
0.00125535
0.00138782
-0.00109584
-0.00108461
0.00925236
-0.00741816
-0.0010772
0.00740785
-0.00580412
-0.00103339
0.00554267
-0.00425271
-0.00091259
0.00379083
-0.00276648
-0.00072562
0.00212544
-0.00146587
-0.00050838
0.000752264
-0.000453267
0.00103133
0.00925021
-0.00775284
0.0010303
0.00740275
-0.00611781
0.0010063
0.00554289
-0.00449871
0.000922961
0.00372065
-0.00304368
0.000799664
0.00209691
-0.00165408
0.000553068
0.000804917
-0.000492223
0.000888253
0.00908072
-0.00758726
0.000860897
0.00724605
-0.00596414
0.000824805
0.00540636
-0.00439525
0.000750034
0.00356656
-0.00289227
0.00067245
0.00198834
-0.00158596
0.000528676
0.00072297
-0.000564924
-0.000939658
0.00942326
-0.00759036
-0.000899929
0.00755984
-0.00598538
-0.000838494
0.00567186
-0.00440767
-0.000756889
0.00385539
-0.00291704
-0.000599703
0.00219054
-0.0015983
-0.000409964
0.000764131
-0.000531058
-0.00028294
0.000263096
-0.000170786
0.000234752
0.000237424
-0.000251143
-2.8298e-05
0.0110762
-0.0091889
0.000380518
0.000317232
-0.000164106
1.30604e-05
-3.15896e-05
3.22775e-05
-0.000297195
0.000293125
-0.000113814
-0.00108603
0.0101666
-0.00822037
-0.00108205
0.00833302
-0.00661136
-0.00105631
0.00647393
-0.00502329
-0.00100363
0.00462096
-0.00348718
-0.000811426
0.00291232
-0.00208483
-0.000624365
0.00140994
-0.000918756
0.00103004
0.0101657
-0.00856403
0.00102896
0.00833161
-0.00693031
0.0010257
0.00646977
-0.00530512
0.000962549
0.00462932
-0.00375625
0.000871685
0.00288273
-0.00232368
0.000703558
0.00138417
-0.00103571
0.000890342
0.00999344
-0.0083914
0.000882625
0.00816209
-0.00678196
0.000847363
0.00632304
-0.00517032
0.000790021
0.0045022
-0.00363852
0.000717659
0.00274926
-0.0022165
0.000621974
0.00129486
-0.00102049
-0.000944356
0.0103393
-0.00839457
-0.000929907
0.0084986
-0.00677978
-0.000872929
0.00661847
-0.00518505
-0.000799496
0.00473513
-0.00364021
-0.000683475
0.00300657
-0.00223402
-0.000508008
0.00143939
-0.00103013
-1.75484e-07
0.000466617
-0.000298761
-0.000202589
0.00491215
-0.00384158
