0.00757503
-0.0698613
0.00224537
-0.00809725
-0.0698394
-0.000712978
-0.000446305
-0.000244755
-0.000141701
0.000289402
5.13596e-05
0.000107178
0.00777134
-0.0727942
0.00222889
-0.00788629
-0.0728012
-0.000690959
-0.000265375
-1.51155e-05
0.000136437
0.000285885
-0.000154347
-0.000123618
0.00751147
-0.0563317
0.00242406
0.00725447
-0.0428348
0.00256868
0.00667914
-0.0298747
0.00259574
0.00565528
-0.0190828
0.00244552
0.00423844
-0.010071
0.00157472
0.00258759
-0.00361669
0.000726136
-0.00807547
-0.0562622
-0.000482339
-0.00782548
-0.0427528
-0.000225501
-0.00706233
-0.0302873
-0.000171997
-0.00581801
-0.0184531
4.54057e-05
-0.00442135
-0.00993779
-0.000118362
-0.00269168
-0.00352347
-0.000650938
0.00772088
-0.0592027
0.00237743
0.0073913
-0.0455066
0.00243405
0.00670193
-0.0322195
0.0022895
0.00547091
-0.021221
0.00177638
0.00382603
-0.0113667
0.00117686
0.00219262
-0.00353819
8.40542e-05
-0.00788862
-0.0591143
-0.00042217
-0.00773673
-0.0453698
-7.01864e-05
-0.00699015
-0.0325173
0.000254836
-0.00600364
-0.0204859
0.000511618
-0.00507367
-0.0111187
0.000372138
-0.00302414
-0.00458982
1.30892e-05
-0.000249355
-0.0698506
0.000772936
0.00139831
-0.00155315
0.000294626
0.00765489
-0.0713352
0.00222861
-0.00173164
-0.00144944
-0.000484229
-0.00794963
-0.0713258
-0.000695293
0.000216248
0.000190366
-0.000100016
-0.000590543
-0.000218104
0.000113863
0.000530415
-0.000146951
9.9612e-05
-3.87356e-05
-0.0727875
0.000774835
0.00107077
-0.00130828
-0.000377924
-0.0015973
-0.00191177
0.000269537
-4.45462e-05
6.96812e-05
-5.55315e-05
0.0075589
-0.0631283
0.00233371
0.00741187
-0.0495463
0.00250515
0.00701468
-0.0362937
0.00258521
0.00647312
-0.0240215
0.00252492
0.00489659
-0.0142109
0.00199398
0.00351981
-0.00653498
0.00110289
-0.00809776
-0.0630776
-0.000604822
-0.00799359
-0.0494704
-0.000351809
-0.00754914
-0.0362887
-0.000131129
-0.0065297
-0.0243555
-0.000167049
-0.00509913
-0.0140388
2.47623e-06
-0.00364793
-0.00638354
-0.000329917
0.00776957
-0.0660448
0.00230658
0.00760054
-0.0523255
0.00241963
0.00710799
-0.0388113
0.00237668
0.00622972
-0.0262564
0.00216965
0.0045776
-0.015913
0.00155716
0.00306414
-0.00733772
0.000651477
-0.00789565
-0.066
-0.000580398
-0.00782928
-0.0522186
-0.000245569
-0.0075534
-0.0386672
8.84995e-05
-0.00646547
-0.0264451
0.000382171
-0.00558164
-0.0156395
0.000446501
-0.00436196
-0.00720364
0.000237333
0.00758265
-0.0577813
0.00241155
0.00732395
-0.0442078
0.0025191
0.00673729
-0.0311689
0.00244424
0.0055303
-0.0203721
0.00215507
0.00402104
-0.0107707
0.0014429
0.00260903
-0.00357083
0.000496984
-0.00789584
-0.057707
-0.0004391
-0.00764429
-0.0441174
-0.000130851
-0.00690183
-0.0314236
-1.17895e-05
-0.00577302
-0.0195899
0.000374922
-0.00455738
-0.010654
0.000172979
-0.00275397
-0.00410064
-0.00032788
-7.3129e-05
-0.0591429
0.000982681
-0.000183039
-0.0453958
0.00118687
-0.000277919
-0.0321658
0.00129077
-0.000239013
-0.0206974
0.00106134
-0.000625388
-0.0110521
0.000780707
-0.000762637
-0.00368742
0.000223069
-0.000293696
-0.0562751
0.000969836
-0.000325684
-0.0427175
0.00115735
-0.000215305
-0.0299498
0.00132367
3.76289e-05
-0.0184976
0.00115889
-6.52126e-05
-0.00975741
0.000766615
-7.87244e-06
-0.00314942
0.000252865
5.94672e-05
-0.00114555
0.000119777
-0.000129917
-0.00110404
0.000192184
-0.000137603
-0.071329
0.000761748
-0.00177858
-0.00158556
-3.53301e-05
-1.89874e-05
0.000154459
3.90312e-06
0.00148828
-0.00138777
-2.21156e-06
0.00763151
-0.064598
0.00232593
0.00748283
-0.050955
0.00247728
0.0070543
-0.0375912
0.00251094
0.0064017
-0.0251595
0.00236859
0.00467112
-0.0151764
0.00186631
0.00335183
-0.00696113
0.000960057
-0.00794181
-0.064542
-0.000586871
-0.00778675
-0.0508729
-0.000277022
-0.00737908
-0.0375718
-1.22123e-05
-0.00629256
-0.0253533
0.000224289
-0.00520273
-0.0149462
0.000258242
-0.00379399
-0.00693375
-7.58649e-06
-3.39648e-05
-0.0660235
0.00087011
-0.000134974
-0.0522232
0.00108469
-0.00024899
-0.0386519
0.00124802
-0.000147121
-0.0262341
0.00132515
-0.000489247
-0.0156095
0.0010109
-0.000778113
-0.00699043
0.000475731
-0.000272497
-0.0630969
0.00086433
-0.000311714
-0.0494701
0.00107581
-0.000300568
-0.036187
0.00123803
-7.02741e-05
-0.024133
0.00115541
-7.80125e-05
-0.013867
0.000986276
-5.02745e-05
-0.00616704
0.000518089
0.00115372
-0.00227224
0.000156256
0.00481634
-0.0283615
0.00206864
