-0.00186373
0.00996836
-0.00891061
-1.24268e-05
0.0099664
-0.00926353
4.14366e-05
2.51228e-05
2.85276e-05
-8.94011e-05
9.54059e-06
-5.06807e-05
-3.73301e-05
0.00961269
-0.00890972
0.00181794
0.00961492
-0.00926337
8.2544e-05
1.92487e-05
-5.51221e-05
-7.94309e-07
1.01965e-07
2.30561e-05
-0.00186345
0.00837885
-0.00733115
-0.00183974
0.00676513
-0.00574621
-0.00176611
0.00510751
-0.00422036
-0.0015789
0.00357457
-0.00275398
-0.00129455
0.00208161
-0.00147994
-0.000842816
0.000838406
-0.000509656
-9.56602e-06
0.00837339
-0.0076772
2.018e-05
0.00674176
-0.00606631
6.2969e-05
0.00509094
-0.00446205
7.7544e-05
0.00347041
-0.00301486
0.000109921
0.00198442
-0.00164507
0.00010973
0.000716662
-0.00051071
-3.84648e-05
0.0080248
-0.00733179
-4.53131e-05
0.00642051
-0.00574107
-5.94159e-05
0.0048106
-0.00420017
-7.08766e-05
0.00322157
-0.00269818
-1.33833e-05
0.00179125
-0.00144263
1.89512e-05
0.000590809
-0.000438724
0.00181917
0.0080285
-0.0076738
0.0017995
0.00643631
-0.00606043
0.0017326
0.00484905
-0.00447137
0.0016065
0.00321361
-0.00304136
0.00136371
0.0018435
-0.00168364
0.000881367
0.000869999
-0.000527749
-0.000934551
0.00996887
-0.00908785
-0.000492237
0.000388489
-0.000201027
-0.000949493
0.00979072
-0.0089093
0.000104005
0.000257516
-0.000164033
0.000896296
0.00979107
-0.00926286
-0.000148859
-4.35846e-05
-5.83964e-06
9.86175e-05
5.21604e-05
-5.85795e-09
-7.95927e-05
4.39538e-05
1.34181e-05
0.00088403
0.00961337
-0.00908784
-5.49329e-06
0.000221371
-0.000132703
0.000494757
0.000431595
-0.000269193
8.19359e-05
-1.50924e-05
-2.58779e-05
-0.00186396
0.00917512
-0.0081248
-0.00185859
0.00757563
-0.00653432
-0.00181111
0.00594264
-0.00497191
-0.00169555
0.00429241
-0.00347016
-0.00144594
0.00280071
-0.00208181
-0.0011027
0.00142049
-0.000944186
-1.28574e-05
0.00917339
-0.0084767
1.83174e-06
0.0075622
-0.00686877
4.26252e-05
0.00591518
-0.00526405
7.63864e-05
0.00426704
-0.00371716
9.43134e-05
0.00271551
-0.00230779
0.000117721
0.00131103
-0.00103697
-3.7975e-05
0.00881941
-0.00812429
-4.07285e-05
0.0072245
-0.00653551
-5.63971e-05
0.00561825
-0.00496214
-8.19436e-05
0.00400564
-0.00345184
-2.35254e-05
0.00246366
-0.00204893
-5.52551e-07
0.00117274
-0.00090016
0.00181881
0.00882241
-0.00847457
0.00181042
0.00723581
-0.00686456
0.00177622
0.005638
-0.00526182
0.00167975
0.00404742
-0.0037349
0.00149849
0.0025099
-0.00233905
0.00117269
0.00125993
-0.00108479
-0.000948149
0.00820058
-0.00733095
-0.000943792
0.0065916
-0.00573473
-0.000908506
0.00495897
-0.00419949
-0.000808139
0.00340793
-0.00272954
-0.000648575
0.00192377
-0.00144688
-0.000458581
0.000686693
-0.000450126
0.000898564
0.0081994
-0.00767333
0.000899723
0.00658828
-0.00605693
0.000885008
0.00495599
-0.00445753
0.000818869
0.00335204
-0.00301296
0.000715738
0.00189835
-0.0016401
0.000502033
0.000729662
-0.000495308
0.000879547
0.00802572
-0.00750382
0.000851762
0.00642712
-0.0058988
0.000815149
0.00482016
-0.00434656
0.000741308
0.0031904
-0.00286145
0.00065848
0.00179036
-0.0015694
0.000513728
0.000659935
-0.000561387
-0.000927837
0.00837604
-0.00750695
-0.000890055
0.00675028
-0.00591991
-0.000829752
0.00509374
-0.00435808
-0.00074665
0.00349215
-0.0028848
-0.000595005
0.00199816
-0.00158178
-0.000407536
0.000701294
-0.000527394
-0.000280648
0.000240038
-0.000169755
0.000232369
0.000220199
-0.000248581
-2.61512e-05
0.0097906
-0.0090872
0.000347423
0.000288308
-0.000163588
1.30334e-05
-2.84476e-05
3.22926e-05
-0.000268677
0.000268563
-0.000117398
-0.000949008
0.00899731
-0.00812406
-0.000946701
0.00739925
-0.00653318
-0.000926753
0.00577488
-0.00496205
-0.000884211
0.00414745
-0.00344202
-0.000722144
0.00262702
-0.00205657
-0.000560259
0.00128056
-0.00090854
0.000897009
0.00899716
-0.00847524
0.000897192
0.00739891
-0.00686023
0.000898012
0.0057716
-0.00525352
0.000850298
0.00415309
-0.00372009
0.000776727
0.00260258
-0.0023023
0.000633231
0.00125607
-0.00102952
0.000881916
0.00882067
-0.00829883
0.000873443
0.00722567
-0.00670761
0.000837697
0.00562179
-0.00511365
0.000782673
0.00402372
-0.00359681
0.000705379
0.00246697
-0.0021921
0.00060595
0.00117164
-0.00101165
-0.000932104
0.00917433
-0.00830199
-0.000918746
0.00756978
-0.00670548
-0.000863868
0.00592596
-0.00512806
-0.000789962
0.00426592
-0.00360089
-0.000676993
0.00273339
-0.0022098
-0.000504848
0.00131755
-0.00102045
2.14684e-05
0.000427475
-0.000299607
-0.000117393
0.00439037
-0.00379484
