-0.00171587
0.0086866
-0.00880065
-0.000134127
0.00868497
-0.00916145
3.30864e-05
2.04749e-05
2.60265e-05
-8.38565e-05
1.03234e-05
-4.86254e-05
8.80996e-05
0.00832327
-0.00879988
0.00167376
0.00832531
-0.00916106
7.75627e-05
1.90799e-05
-5.24706e-05
4.57349e-06
-2.56365e-06
2.03928e-05
-0.00171627
0.00732952
-0.00724022
-0.00169613
0.00595061
-0.00567319
-0.00163221
0.00452577
-0.00416247
-0.00146409
0.00319672
-0.00271092
-0.00120825
0.00187969
-0.00145726
-0.000791197
0.000765027
-0.000501365
-0.000131545
0.00732506
-0.00759446
-0.000100995
0.00592937
-0.0060035
-5.1092e-05
0.00450485
-0.00442084
-2.08213e-05
0.00310478
-0.00298794
3.19222e-05
0.00178698
-0.00163531
6.08684e-05
0.000646189
-0.000519303
8.66561e-05
0.00696784
-0.00724131
7.69726e-05
0.00559778
-0.00566975
5.54832e-05
0.00421999
-0.00414699
2.62212e-05
0.00283302
-0.00266675
5.65548e-05
0.00158541
-0.00142762
6.0174e-05
0.000529596
-0.000442409
0.00167485
0.00697207
-0.00759074
0.00165707
0.00561436
-0.00599629
0.00160063
0.00425354
-0.00442469
0.0014904
0.00283636
-0.00300728
0.001266
0.00164057
-0.00166541
0.000823545
0.000788213
-0.000524538
-0.000921438
0.00868721
-0.00898172
-0.000464606
0.000356772
-0.000198241
-0.000813022
0.00850509
-0.0087995
7.21454e-05
0.00022858
-0.000171628
0.000764059
0.00850553
-0.00916067
-0.000144405
-4.02779e-05
-7.89729e-06
8.74859e-05
4.79442e-05
2.40845e-06
-6.95992e-05
4.12088e-05
1.47674e-05
0.000875016
0.00832396
-0.00898165
1.51777e-05
0.000199575
-0.000142611
0.000464557
0.000398363
-0.000262741
8.11593e-05
-1.3433e-05
-2.70569e-05
-0.00171625
0.0080091
-0.0080244
-0.00171266
0.00664357
-0.00645258
-0.00167138
0.00524462
-0.00490712
-0.00156577
0.00382083
-0.00342064
-0.00134582
0.00251706
-0.00204992
-0.00103178
0.00128896
-0.000930237
-0.000134674
0.00800797
-0.00838412
-0.000120098
0.0066316
-0.0067961
-7.65863e-05
0.00521862
-0.00521129
-3.14596e-05
0.00379109
-0.00368482
6.11091e-06
0.002437
-0.0022895
5.23106e-05
0.00118397
-0.00103598
8.74906e-05
0.00764575
-0.00802417
8.345e-05
0.00628484
-0.00645469
6.32321e-05
0.00491175
-0.00490023
2.68313e-05
0.00352319
-0.00340816
5.87495e-05
0.00217331
-0.0020249
5.6233e-05
0.0010417
-0.000895046
0.00167453
0.00764896
-0.0083819
0.00166695
0.0062965
-0.00679108
0.00163622
0.00493256
-0.00520671
0.00155569
0.00356125
-0.00369513
0.00139065
0.00222271
-0.00231351
0.0010892
0.00112983
-0.00107356
-0.000812415
0.00714735
-0.00724017
-0.000810948
0.00577242
-0.00566262
-0.000783854
0.00437129
-0.00414438
-0.000703478
0.00302126
-0.00269145
-0.000570962
0.0017192
-0.00142728
-0.00040826
0.000619771
-0.000446793
0.000766609
0.00714707
-0.00759042
0.000769817
0.00577083
-0.00599353
0.000764001
0.00436527
-0.00441461
0.000714588
0.00297942
-0.00298134
0.000631328
0.00169696
-0.00162572
0.000450494
0.000653086
-0.000498378
0.000870416
0.00696914
-0.0074169
0.000842265
0.0056051
-0.00583084
0.000805169
0.00422982
-0.00429609
0.000732281
0.00281019
-0.00282953
0.000644291
0.00158936
-0.00155233
0.00049854
0.000595506
-0.000557712
-0.000915471
0.00732739
-0.00742006
-0.000879604
0.00593778
-0.00585179
-0.000820489
0.00451174
-0.00430672
-0.000736042
0.00312496
-0.00285148
-0.00059
0.00180299
-0.00156474
-0.000404939
0.000637252
-0.000523594
-0.000278253
0.000216468
-0.000168687
0.000229906
0.000202394
-0.000245939
-2.39779e-05
0.00850503
-0.00898117
0.000313949
0.000258781
-0.000163094
1.29887e-05
-2.53026e-05
3.22943e-05
-0.000239819
0.000243375
-0.000120959
-0.000812755
0.00782737
-0.00802375
-0.000812017
0.00646324
-0.00645185
-0.000797595
0.0050723
-0.00489851
-0.000764873
0.00366979
-0.00339536
-0.000632402
0.00233824
-0.00202746
-0.000495571
0.00114901
-0.000897937
0.000764813
0.00782785
-0.00838261
0.000766171
0.00646392
-0.00678719
0.000770845
0.0050699
-0.00519981
0.000738054
0.00367282
-0.00368264
0.00068141
0.00231895
-0.00228026
0.000562363
0.00112589
-0.00102315
0.000873044
0.00764711
-0.00820235
0.000863873
0.00628685
-0.0066302
0.0008277
0.00491682
-0.00505477
0.000774958
0.00354102
-0.00355371
0.000692875
0.00218104
-0.00216693
0.00058969
0.00104621
-0.00100252
-0.000919326
0.00800869
-0.00820549
-0.000907023
0.00663875
-0.00662813
-0.00085424
0.00522993
-0.00506887
-0.000779989
0.00379273
-0.00356012
-0.000670138
0.00245674
-0.0021848
-0.000501451
0.00119368
-0.00101046
4.32819e-05
0.00038735
-0.000300357
-3.25522e-05
0.00386442
-0.00374644
