-0.00156836
0.00740545
-0.00868628
-0.000254476
0.00740413
-0.00905523
2.46491e-05
1.57732e-05
2.34906e-05
-7.82327e-05
1.11011e-05
-4.6534e-05
0.000212253
0.00703417
-0.00868561
0.00153
0.00703603
-0.00905463
7.25085e-05
1.88933e-05
-4.97837e-05
1.00042e-05
-5.27449e-06
1.77049e-05
-0.00156939
0.00627925
-0.0071457
-0.00155263
0.00513364
-0.00559744
-0.00149809
0.00394046
-0.00410272
-0.00134871
0.00281534
-0.00266675
-0.00112111
0.00167509
-0.00143394
-0.000738903
0.000690381
-0.000492841
-0.000252178
0.00627575
-0.0075084
-0.000220966
0.00511447
-0.00593819
-0.000164361
0.00391542
-0.00437786
-0.000118961
0.00273548
-0.00296005
-4.63016e-05
0.00158701
-0.00162514
1.16396e-05
0.000574612
-0.000527901
0.000210534
0.00590965
-0.00714721
0.000198213
0.00477229
-0.00559562
0.000169701
0.0036255
-0.00409179
0.000123172
0.0024408
-0.00263398
0.000126787
0.00137669
-0.00141193
0.000101707
0.000467059
-0.000445935
0.00153094
0.00591436
-0.00750438
0.00151491
0.00478962
-0.00592972
0.00146855
0.00365432
-0.00437644
0.00137378
0.00245519
-0.00297238
0.00116753
0.00143479
-0.00164681
0.000765069
0.000704945
-0.000521302
-0.000907837
0.00740615
-0.00887134
-0.000436561
0.000324428
-0.000195369
-0.000677358
0.00721992
-0.00868528
3.99815e-05
0.000199161
-0.000179313
0.00063268
0.00722044
-0.00905435
-0.000139877
-3.69428e-05
-9.96331e-06
7.62293e-05
4.36667e-05
4.82437e-06
-5.94841e-05
3.84007e-05
1.61285e-05
0.000865567
0.00703486
-0.00887119
3.60324e-05
0.000177192
-0.000152526
0.000433943
0.00036438
-0.000256255
8.03533e-05
-1.1783e-05
-2.82394e-05
-0.00156888
0.00684294
-0.00792
-0.00156695
0.00570978
-0.00636768
-0.00153161
0.00454354
-0.00484003
-0.00143569
0.00334553
-0.00336962
-0.00124494
0.00223019
-0.00201716
-0.000960048
0.00115544
-0.000915878
-0.000255136
0.00684237
-0.00828781
-0.000240726
0.00569923
-0.00672051
-0.000194747
0.00451899
-0.00515643
-0.000138779
0.00331157
-0.00365107
-8.21366e-05
0.00215534
-0.00227052
-1.34396e-05
0.00105509
-0.0010348
0.000211681
0.00647166
-0.00792002
0.000206459
0.00534315
-0.00637065
0.000181972
0.00420188
-0.00483591
0.000135162
0.00303674
-0.00336284
0.000141162
0.00187952
-0.00199988
0.000113368
0.000908488
-0.000889517
0.00153067
0.00647505
-0.00828551
0.00152384
0.00535512
-0.00671475
0.00149639
0.0042237
-0.00514961
0.00143127
0.00307115
-0.00365418
0.00128214
0.00193207
-0.00228739
0.00100492
0.000997608
-0.00106215
-0.000677439
0.00609304
-0.00714578
-0.000678696
0.00495066
-0.00558775
-0.000659473
0.00377994
-0.00408732
-0.00059865
0.00263106
-0.00265214
-0.000492823
0.00151186
-0.00140702
-0.000357449
0.000551558
-0.00044324
0.000635484
0.00609362
-0.00750421
0.0006406
0.00495074
-0.00592766
0.000643308
0.00377102
-0.00436999
0.000610153
0.00260302
-0.00294885
0.000546475
0.00149288
-0.00161095
0.000398481
0.000575251
-0.00050143
0.00086087
0.00591129
-0.00732653
0.000832412
0.00478028
-0.00576027
0.000794869
0.00363558
-0.00424381
0.000722955
0.00242615
-0.00279649
0.000629882
0.00138548
-0.00153472
0.000483113
0.000529724
-0.000553889
-0.00090258
0.00627777
-0.00732971
-0.000868592
0.00512274
-0.00578105
-0.00081072
0.00392622
-0.00425358
-0.000725076
0.00275409
-0.00281706
-0.00058469
0.00160519
-0.00154715
-0.00040217
0.000572076
-0.000519646
-0.000275754
0.000192417
-0.000167578
0.000227357
0.000184018
-0.000243209
-2.17832e-05
0.00721991
-0.00887086
0.000280117
0.000228679
-0.000162623
1.29257e-05
-2.2156e-05
3.22813e-05
-0.000210642
0.000217584
-0.000124479
-0.000677294
0.00665714
-0.00791943
-0.000678026
0.00552537
-0.00636733
-0.000668875
0.00436651
-0.00483262
-0.000645657
0.00318828
-0.00334714
-0.000542242
0.00204617
-0.00199745
-0.000430339
0.00101539
-0.000886909
0.000633471
0.00665822
-0.00828627
0.000635918
0.00552702
-0.00671127
0.000644227
0.00436498
-0.00514405
0.000625852
0.0031888
-0.00364396
0.000585772
0.00203202
-0.00225759
0.00049099
0.000993738
-0.00101658
0.000863733
0.00647311
-0.008102
0.000853922
0.00534596
-0.00654975
0.000817376
0.00420841
-0.0049937
0.000766879
0.00305431
-0.00350923
0.000680148
0.00189163
-0.00214096
0.000573193
0.000918626
-0.000993064
-0.000906041
0.00684288
-0.00810512
-0.000894755
0.00570596
-0.00654774
-0.000844063
0.00453079
-0.00500747
-0.000769588
0.00331588
-0.00351789
-0.000662918
0.00217684
-0.00215899
-0.000497817
0.00106792
-0.00100015
6.52464e-05
0.000346274
-0.000300993
5.19075e-05
0.00333456
-0.00369634
