-0.00142123
0.00612536
-0.00856749
-0.000373483
0.00612433
-0.008945
1.61322e-05
1.10224e-05
2.09208e-05
-7.25331e-05
1.18735e-05
-4.4407e-05
0.00033513
0.00574571
-0.00856692
0.00138668
0.00574739
-0.00894421
6.73846e-05
1.86886e-05
-4.70627e-05
1.5492e-05
-8.02797e-06
1.49954e-05
-0.00142284
0.00522849
-0.00704755
-0.00140929
0.00431462
-0.00551891
-0.00136379
0.00335195
-0.00404105
-0.00123281
0.00243075
-0.00262142
-0.00103318
0.00146803
-0.00140996
-0.000685966
0.000614556
-0.000484062
-0.000371475
0.00522589
-0.00741912
-0.000339734
0.00429747
-0.00587044
-0.000276825
0.00332301
-0.00433316
-0.000216845
0.00236279
-0.00293118
-0.000124708
0.00138469
-0.00161454
-3.79191e-05
0.000502017
-0.000536496
0.000333168
0.00485054
-0.00704945
0.000318398
0.00394435
-0.00551864
0.000283213
0.00302741
-0.00403453
0.000219937
0.00204513
-0.00259983
0.000197267
0.00116522
-0.0013955
0.000143513
0.00040325
-0.000449273
0.00138747
0.0048557
-0.00741484
0.00137307
0.00396238
-0.0058608
0.00133638
0.00305165
-0.00432664
0.00125668
0.00207031
-0.00293666
0.00106835
0.00122631
-0.00162785
0.000705971
0.000620256
-0.00051804
-0.000893766
0.00612614
-0.00875674
-0.000408118
0.0002915
-0.000192399
-0.000542518
0.00593561
-0.00856664
7.54059e-06
0.000169296
-0.000187081
0.000502165
0.0059362
-0.00894403
-0.000135278
-3.35792e-05
-1.2035e-05
6.48565e-05
3.93319e-05
7.23885e-06
-4.92557e-05
3.55314e-05
1.75012e-05
0.000855694
0.00574641
-0.00875653
5.70487e-05
0.000154239
-0.000162428
0.00040293
0.000329671
-0.000249738
7.95163e-05
-1.01437e-05
-2.94233e-05
-0.00142188
0.00567709
-0.00781156
-0.0014215
0.00477471
-0.00627957
-0.00139183
0.00383979
-0.00477059
-0.00130535
0.00286682
-0.00331704
-0.00114333
0.00194035
-0.00198348
-0.000887548
0.00102008
-0.000901071
-0.000374253
0.00567703
-0.00818789
-0.000360059
0.00476553
-0.0066421
-0.000311853
0.00381669
-0.0050995
-0.000245549
0.00282883
-0.00361595
-0.00017039
0.00187077
-0.00225088
-7.94867e-05
0.000924507
-0.00103343
0.000334596
0.00529745
-0.00781183
0.000328294
0.00439974
-0.00628335
0.000299805
0.00348893
-0.00476911
0.000243018
0.00254654
-0.00331581
0.00022367
0.00158247
-0.00197382
0.000170808
0.000773211
-0.000883533
0.00138726
0.00530101
-0.00818552
0.00138111
0.00441199
-0.00663565
0.00135674
0.00351172
-0.00509055
0.00130652
0.00257738
-0.00361207
0.00117302
0.00163816
-0.00226068
0.000919901
0.000863355
-0.00105057
-0.000543237
0.00503803
-0.00704777
-0.000547059
0.00412668
-0.00551007
-0.000535396
0.00318523
-0.00402825
-0.000493695
0.00223758
-0.00261156
-0.000414204
0.00130193
-0.00138607
-0.000306182
0.000482122
-0.000439439
0.000505196
0.00503943
-0.0074148
0.000512083
0.00412836
-0.00585941
0.00052295
0.00317356
-0.00432371
0.0005056
0.0022231
-0.0029155
0.000461219
0.00128627
-0.00159578
0.000346026
0.00049623
-0.000504461
0.000850917
0.0048525
-0.00723274
0.000822208
0.00395296
-0.00568711
0.000784248
0.00303773
-0.00418973
0.000713333
0.00203847
-0.00276232
0.000615256
0.00117885
-0.00151655
0.000467449
0.000462639
-0.000549905
-0.000889185
0.00522762
-0.00723594
-0.000857041
0.00430558
-0.00570769
-0.000800458
0.00333755
-0.00419866
-0.000713762
0.00237984
-0.00278153
-0.000579079
0.00140496
-0.00152901
-0.000399227
0.000505851
-0.000515538
-0.000273146
0.000167924
-0.00016642
0.000224719
0.000165087
-0.000240387
-1.95719e-05
0.00593565
-0.00875635
0.000245949
0.000198035
-0.000162176
1.28435e-05
-1.90097e-05
3.22527e-05
-0.000181168
0.000191217
-0.000127941
-0.000542642
0.00548701
-0.00781108
-0.000544746
0.00458599
-0.00627958
-0.000540617
0.00365785
-0.00476433
-0.000526596
0.00270319
-0.00329731
-0.000451711
0.00175102
-0.00196647
-0.000364604
0.000879821
-0.000875417
0.00050299
0.00548865
-0.00818631
0.000506442
0.00458858
-0.00663257
0.000518174
0.00365719
-0.00508629
0.000513721
0.00270131
-0.00360406
0.000489855
0.00174201
-0.0022343
0.000419152
0.000859715
-0.00100984
0.000853994
0.00529899
-0.00799784
0.000843598
0.00440329
-0.00646629
0.000806727
0.00349685
-0.00493042
0.000758439
0.00256385
-0.00346334
0.000667199
0.0015989
-0.00211418
0.000556462
0.000789001
-0.000983274
-0.00089227
0.00567735
-0.00800093
-0.000881965
0.00477183
-0.00646435
-0.000833354
0.00382891
-0.00494387
-0.00075877
0.0028357
-0.00347419
-0.00065534
0.00189393
-0.00213237
-0.000493946
0.000940398
-0.000989488
8.73415e-05
0.000304285
-0.000301495
0.000135963
0.00280106
-0.0036445
