-0.00127451
0.00484675
-0.00844428
-0.000491169
0.00484599
-0.00883089
7.54387e-06
6.22755e-06
1.83186e-05
-6.67617e-05
1.26407e-05
-4.22453e-05
0.000456741
0.00445819
-0.00844382
0.00124383
0.0044597
-0.00882992
6.21942e-05
1.84655e-05
-4.43093e-05
2.10304e-05
-1.08211e-05
1.22671e-05
-0.00127665
0.00417766
-0.00694577
-0.00126612
0.00349397
-0.00543755
-0.00122933
0.00276064
-0.0039774
-0.00111645
0.00204325
-0.00257486
-0.000944511
0.0012587
-0.00138525
-0.000632423
0.000537649
-0.000475001
-0.000489454
0.00417591
-0.00732672
-0.000457309
0.00347879
-0.00580033
-0.000388474
0.00272801
-0.00428678
-0.00031444
0.00198705
-0.00290138
-0.00020325
0.00118022
-0.00160353
-8.77667e-05
0.000428493
-0.000545078
0.000454566
0.00379081
-0.00694803
0.000437525
0.00311426
-0.00543875
0.000396001
0.00242602
-0.00397517
0.00031648
0.00164626
-0.00256425
0.000267945
0.000951171
-0.00137831
0.000185549
0.000338228
-0.000452393
0.00124445
0.00379639
-0.00732221
0.00123156
0.00313295
-0.00578959
0.00120416
0.00244584
-0.00427533
0.00113913
0.00168198
-0.00290015
0.000968503
0.0010153
-0.00160853
0.000646285
0.00053422
-0.00051475
-0.000879247
0.00484761
-0.00863801
-0.000379298
0.000258035
-0.000189317
-0.000408507
0.00465251
-0.00844358
-2.51473e-05
0.000139027
-0.000194924
0.00037251
0.00465317
-0.00882984
-0.000130607
-3.01871e-05
-1.41094e-05
5.33772e-05
3.49441e-05
9.64886e-06
-3.8923e-05
3.26038e-05
1.88853e-05
0.000845408
0.00445889
-0.00863774
7.82028e-05
0.000130742
-0.000172295
0.00037154
0.00029427
-0.000243194
7.86466e-05
-8.51611e-06
-3.06062e-05
-0.00127527
0.00451196
-0.00769909
-0.00127632
0.00383877
-0.00618822
-0.00125209
0.00313377
-0.00469873
-0.00117479
0.00238508
-0.00326283
-0.00104106
0.00164779
-0.00194883
-0.000814326
0.000883029
-0.000885782
-0.000492046
0.00451239
-0.00808447
-0.000478113
0.00383091
-0.00656094
-0.000427906
0.00311213
-0.00504058
-0.00035175
0.00234321
-0.00357949
-0.00025861
0.00158354
-0.00223057
-0.000145784
0.000792376
-0.00103187
0.000456246
0.00412343
-0.00769958
0.000448959
0.00345491
-0.00619276
0.000416723
0.00277319
-0.00469981
0.000350371
0.00205289
-0.00326702
0.000306226
0.00128238
-0.00194668
0.000228504
0.000635981
-0.000877055
0.0012443
0.00412713
-0.00808204
0.00123877
0.00346742
-0.00655386
0.00121731
0.00279693
-0.0050296
0.0011815
0.00208022
-0.00356882
0.00106333
0.0013412
-0.00223341
0.000834181
0.000727187
-0.00103881
-0.000409818
0.00398268
-0.0069461
-0.000416051
0.00330084
-0.00542954
-0.000411649
0.00258752
-0.00396714
-0.000388654
0.0018411
-0.00256966
-0.000335152
0.00108959
-0.00136437
-0.000254499
0.000411542
-0.000435366
0.000375743
0.00398484
-0.00732228
0.000384272
0.00330407
-0.00578882
0.000402949
0.00257324
-0.00427581
0.000400964
0.00183995
-0.00288131
0.000375604
0.00107732
-0.00158023
0.000293163
0.000416105
-0.000507464
0.000840568
0.00379307
-0.00713557
0.000811658
0.00312346
-0.00561136
0.000773309
0.00243657
-0.00413384
0.000703418
0.00164743
-0.002727
0.00060041
0.000969636
-0.0014978
0.000451549
0.000394315
-0.000545748
-0.000875306
0.00417736
-0.00713878
-0.000844969
0.00348674
-0.00563173
-0.000789718
0.00274611
-0.00414196
-0.00070211
0.00200253
-0.00274486
-0.000573172
0.00120251
-0.00151027
-0.000396107
0.000438666
-0.000511256
-0.000270426
0.000143027
-0.000165206
0.000221987
0.000145622
-0.000237467
-1.73485e-05
0.0046526
-0.00863769
0.000211472
0.000166885
-0.000161755
1.27417e-05
-1.58649e-05
3.22074e-05
-0.000151422
0.000164307
-0.000131329
-0.000408805
0.00431735
-0.00769869
-0.000412188
0.00364549
-0.00618859
-0.000412843
0.00294669
-0.00469359
-0.000407723
0.00221485
-0.00324582
-0.000360857
0.00145302
-0.00193448
-0.000298413
0.000742433
-0.000863426
0.000373365
0.0043195
-0.00808287
0.000377744
0.00364896
-0.00655115
0.000392699
0.0029469
-0.00502658
0.000401691
0.00221068
-0.00356298
0.000393698
0.00144916
-0.00221039
0.000346895
0.000723954
-0.00100291
0.000843838
0.00412504
-0.00788991
0.000832907
0.00345916
-0.00637984
0.000795758
0.00278245
-0.00486495
0.000749639
0.00206993
-0.00341603
0.000654027
0.00130309
-0.00208658
0.000539497
0.000657443
-0.00097313
-0.000878033
0.00451253
-0.00789297
-0.000868672
0.00383678
-0.00637796
-0.00082213
0.00312472
-0.00487807
-0.000747546
0.00235256
-0.003429
-0.000647413
0.00160828
-0.0021049
-0.000489838
0.000811263
-0.000978465
0.000109545
0.000261429
-0.000301845
0.000219595
0.00226424
-0.00359087
