-0.000691794
-0.000245495
-0.00790776
-0.000949442
-0.000245387
-0.00833815
-2.73379e-05
-1.32754e-05
7.61919e-06
-4.30496e-05
1.5655e-05
-3.32728e-05
0.000931072
-0.000677205
-0.00790765
0.000676877
-0.000676331
-0.0083366
4.08514e-05
1.73905e-05
-3.30074e-05
4.35435e-05
-2.23135e-05
1.22938e-06
-0.000695561
-1.84215e-05
-0.00650202
-0.000695585
0.000203557
-0.00508329
-0.000690655
0.000375698
-0.00370216
-0.000647261
0.00047119
-0.00237533
-0.000583557
0.000403599
-0.00127843
-0.000413011
0.000221416
-0.000435513
-0.000948912
-1.72195e-05
-0.00692775
-0.000916185
0.00019576
-0.00549739
-0.000826945
0.000330118
-0.00408515
-0.000701361
0.000460579
-0.00277292
-0.000517778
0.000345544
-0.00155524
-0.000289108
0.000127153
-0.000578987
0.000928301
-0.000448364
-0.00650547
0.000903715
-0.000220938
-0.0050897
0.000839701
-5.69589e-06
-0.00371581
0.000699706
2.44656e-05
-0.00240669
0.000551546
7.31671e-05
-0.00130097
0.000355086
6.76044e-05
-0.000462127
0.00067672
-0.000441401
-0.00692258
0.000668763
-0.000199845
-0.00548296
0.00067518
-2.174e-06
-0.00405549
0.000665367
0.000100181
-0.00274616
0.000563503
0.000149891
-0.00152755
0.000402463
0.000178422
-0.000501154
-0.000817094
-0.000244454
-0.00812314
-0.000260726
0.000119878
-0.000175645
0.000119451
-0.000461449
-0.00790757
-0.000157684
1.48621e-05
-0.000226822
-0.000137893
-0.000460597
-0.00833687
-0.00011122
-1.63422e-05
-2.23754e-05
6.61631e-06
1.69624e-05
1.91844e-05
3.24272e-06
2.03784e-05
2.45222e-05
0.000800379
-0.00067653
-0.00812265
0.000163668
3.19459e-05
-0.00021101
0.000242671
0.000146553
-0.000216745
7.48084e-05
-2.1394e-06
-3.52794e-05
-0.000692883
-0.000133641
-0.00720897
-0.000698678
9.45787e-05
-0.00579007
-0.000693904
0.000295514
-0.00438644
-0.000651121
0.000435539
-0.00302878
-0.000626444
0.000456543
-0.00179959
-0.000515256
0.000321416
-0.000819138
-0.00095071
-0.000131633
-0.00763797
-0.000938176
9.15104e-05
-0.00621041
-0.000881892
0.000279655
-0.00478583
-0.000770602
0.000379673
-0.00342081
-0.000610301
0.000414065
-0.00214272
-0.000412421
0.00025165
-0.00102351
0.000930739
-0.000565276
-0.00721021
0.000920328
-0.00033228
-0.00579717
0.000875284
-0.00011073
-0.00439677
0.000774312
5.01617e-05
-0.00305341
0.000635973
5.65691e-05
-0.00182641
0.000460765
7.03856e-05
-0.000845491
0.000676966
-0.000561153
-0.00763543
0.000673297
-0.000318943
-0.00620128
0.000661821
-8.34847e-05
-0.00476765
0.000679242
6.41079e-05
-0.00338476
0.000619873
0.000127894
-0.00211853
0.000485358
0.0001662
-0.000989916
0.000116189
-0.000235202
-0.00650276
0.000101662
-1.36511e-05
-0.0050783
7.96781e-05
0.00017408
-0.00370126
3.1587e-05
0.000231497
-0.00238786
-1.56877e-05
0.000220555
-0.00126932
-4.44556e-05
0.000119677
-0.000415865
-0.000134065
-0.000230382
-0.00692304
-0.000120088
-4.75152e-06
-0.00548438
-7.32538e-05
0.000150713
-0.00406862
-1.77207e-05
0.0002814
-0.00273622
3.05279e-05
0.000222321
-0.00151405
7.84364e-05
8.65182e-05
-0.000519011
0.000795412
-0.000445135
-0.006714
0.000766115
-0.000209702
-0.00528285
0.000726412
5.71423e-06
-0.00389201
0.000660878
5.54835e-05
-0.0025739
0.000538831
0.000110987
-0.00141665
0.00038565
0.000110248
-0.000527111
-0.000815399
-1.68084e-05
-0.00671721
-0.000791919
0.000202838
-0.00530217
-0.000742306
0.000360995
-0.00389706
-0.000652314
0.000469833
-0.00258642
-0.000546664
0.000375171
-0.00142906
-0.000381816
0.000162362
-0.000492113
-0.000258358
4.03048e-05
-0.000159654
0.000210046
6.29952e-05
-0.000224682
-8.41052e-06
-0.000461214
-0.00812307
7.1034e-05
3.81183e-05
-0.000160268
1.2133e-05
-3.32878e-06
3.18399e-05
-3.02871e-05
5.20402e-05
-0.000143818
0.000118588
-0.00035013
-0.00720886
0.00011091
-0.00012066
-0.00579163
9.32342e-05
8.45726e-05
-0.00438538
6.53763e-05
0.000236179
-0.00302218
4.79403e-06
0.000238157
-0.0017955
-3.00831e-05
0.000177884
-0.000809795
-0.000136947
-0.000346263
-0.00763635
-0.000129541
-0.000114013
-0.00619986
-0.000103444
8.8171e-05
-0.00476911
-4.49084e-05
0.000223753
-0.00338705
7.53765e-06
0.000254713
-0.00210855
5.4623e-05
0.000166588
-0.000973183
0.000799293
-0.00056346
-0.00742171
0.000786645
-0.000325623
-0.00600473
0.000748735
-9.66119e-05
-0.00458116
0.000710935
6.61006e-05
-0.00321229
0.000599105
9.40494e-05
-0.00196741
0.000469335
0.000114713
-0.000928641
-0.000816857
-0.000132104
-0.00742463
-0.000810922
9.57387e-05
-0.00600313
-0.000772498
0.000293265
-0.00459291
-0.000698834
0.000398085
-0.00323319
-0.000612382
0.000444317
-0.00198618
-0.000471051
0.000281965
-0.000930371
0.000198956
8.25283e-05
-0.000301379
0.000549606
9.05267e-05
-0.00335775
