-0.000547109
-0.00151143
-0.00776285
-0.00106115
-0.00151115
-0.00820649
-3.61393e-05
-1.82002e-05
4.88259e-06
-3.69912e-05
1.63944e-05
-3.0955e-05
0.00104684
-0.00195624
-0.00776283
0.000536177
-0.00195551
-0.00820482
3.53938e-05
1.70769e-05
-3.01198e-05
4.92206e-05
-2.52445e-05
-1.54494e-06
-0.000551185
-0.00106378
-0.00638195
-0.000553508
-0.000618905
-0.0049874
-0.000555901
-0.000223272
-0.00362798
-0.000529273
7.45305e-05
-0.00232189
-0.000492061
0.000186687
-0.00124954
-0.000357078
0.000140813
-0.000424731
-0.00106091
-0.00106194
-0.00682112
-0.00102824
-0.000624967
-0.00541632
-0.000934575
-0.000271706
-0.00403087
-0.000797085
7.50023e-05
-0.00273852
-0.00059623
0.000133934
-0.00154205
-0.000339673
5.05643e-05
-0.000587268
0.00104397
-0.00150679
-0.00638565
0.0010178
-0.00105672
-0.00499498
0.000948751
-0.000618273
-0.00364535
0.000794601
-0.000385923
-0.00236332
0.000622373
-0.000150617
-0.00127932
0.000397566
-2.20932e-06
-0.000463739
0.000535801
-0.00149952
-0.00681583
0.000528833
-0.00103506
-0.00540111
0.000542991
-0.000618519
-0.00399697
0.00054625
-0.000300676
-0.00270565
0.000461135
-7.0641e-05
-0.00150632
0.000340461
8.71015e-05
-0.000497595
-0.000800637
-0.00151037
-0.00798481
-0.000230393
8.45577e-05
-0.000171838
0.000249545
-0.00173397
-0.00776279
-0.000191075
-1.66948e-05
-0.000234859
-0.0002636
-0.00173308
-0.00820517
-0.000106203
-1.28156e-05
-2.44187e-05
-5.22361e-06
1.23866e-05
2.15277e-05
1.39346e-05
1.72136e-05
2.59514e-05
0.000788216
-0.00195558
-0.00798428
0.000185103
6.24451e-06
-0.000220396
0.000209761
0.000108345
-0.000210061
7.3751e-05
-5.81359e-07
-3.64202e-05
-0.000548256
-0.0012896
-0.00707647
-0.000555021
-0.00083959
-0.00568229
-0.000554625
-0.000415433
-0.00430198
-0.000520011
-5.54081e-05
-0.00296574
-0.000521706
0.000155103
-0.00175941
-0.00043923
0.00017862
-0.000800957
-0.0010625
-0.00128728
-0.00751866
-0.00105038
-0.000841561
-0.00611666
-0.000992963
-0.000429861
-0.00471757
-0.000873782
-0.000114438
-0.00337802
-0.000697706
0.000118154
-0.00211908
-0.000479157
0.000114319
-0.00102083
0.00104655
-0.00173432
-0.00707787
0.00103551
-0.00127946
-0.00568994
0.000987709
-0.000835128
-0.00431443
0.000878842
-0.000455722
-0.00299521
0.000718034
-0.000254794
-0.00179324
0.000518904
-7.43413e-05
-0.000836027
0.000536167
-0.00173012
-0.00751613
0.00053283
-0.00126593
-0.00610712
0.000523499
-0.000807039
-0.00469779
0.000553303
-0.000444976
-0.00333599
0.000508088
-0.000180335
-0.00208833
0.000396954
2.27011e-05
-0.000977168
0.000245881
-0.00128715
-0.00638278
0.000229562
-0.000843143
-0.00498311
0.000201539
-0.000432897
-0.00362926
0.000136477
-0.000175091
-0.00233866
6.47081e-05
-3.84218e-07
-0.00124332
8.64712e-06
4.48662e-05
-0.000410082
-0.000259666
-0.00128175
-0.00681636
-0.000244556
-0.000832947
-0.005403
-0.000191327
-0.000458256
-0.00401306
-0.000122256
-0.000112924
-0.00269785
-5.61395e-05
4.98109e-06
-0.00149646
2.41567e-05
2.40159e-06
-0.000521716
0.000783241
-0.00150335
-0.00660061
0.000753923
-0.00104502
-0.00519442
0.000713912
-0.00060665
-0.00382696
0.000649537
-0.000347758
-0.00253258
0.000522882
-0.000107953
-0.0013947
0.000368618
3.70237e-05
-0.000521879
-0.000799434
-0.00106176
-0.00660381
-0.000777581
-0.000618138
-0.00521344
-0.000729428
-0.000237952
-0.00383128
-0.000639116
8.27116e-05
-0.00254376
-0.000539342
0.000165251
-0.00140708
-0.000377779
9.19527e-05
-0.000486751
-0.000255025
1.40869e-05
-0.000158056
0.000206789
4.13256e-05
-0.000221182
-6.18095e-06
-0.0017337
-0.0079848
3.54524e-05
5.13527e-06
-0.000159927
1.19305e-05
-2.11477e-07
3.1697e-05
3.79491e-07
2.3052e-05
-0.000146598
0.000248566
-0.00151271
-0.00707643
0.000239985
-0.00106144
-0.0056841
0.000218498
-0.000633332
-0.00430186
0.00018295
-0.000262861
-0.00296166
9.65025e-05
-6.97535e-05
-0.0017578
3.76156e-05
3.38969e-05
-0.000794824
-0.000262638
-0.00150849
-0.00751705
-0.000254613
-0.00105407
-0.00610598
-0.000226089
-0.000628902
-0.00470027
-0.000156065
-0.000277146
-0.00334022
-8.9163e-05
-4.81384e-05
-0.00208151
-1.8993e-05
2.45299e-05
-0.000965194
0.000787243
-0.00173247
-0.00729584
0.000774246
-0.00127227
-0.00590378
0.000736208
-0.000819883
-0.00450476
0.000700406
-0.000440058
-0.00315766
0.000584808
-0.000213194
-0.00193533
0.000451228
-2.42641e-05
-0.000916443
-0.000800612
-0.00128788
-0.00729872
-0.000795455
-0.000837732
-0.00590225
-0.000759014
-0.000416084
-0.00451616
-0.000685765
-9.39308e-05
-0.00318041
-0.00060284
0.000149621
-0.00195417
-0.000465767
0.000147373
-0.00091725
0.000221326
3.62851e-05
-0.000300712
0.000630932
-0.000457602
-0.00329467
