-0.00040278
-0.00277397
-0.00761374
-0.00117183
-0.00277353
-0.00807167
-4.4951e-05
-2.31312e-05
2.12635e-06
-3.0892e-05
1.71279e-05
-2.86106e-05
0.00116158
-0.00323293
-0.00761379
0.000395836
-0.00323235
-0.00806989
2.98979e-05
1.67461e-05
-2.72118e-05
5.48998e-05
-2.81887e-05
-4.31855e-06
-0.000407134
-0.00210698
-0.00625826
-0.000411648
-0.00144048
-0.00488855
-0.000421157
-0.000822431
-0.00355159
-0.000411105
-0.000322798
-0.00226694
-0.000400194
-3.09215e-05
-0.00121972
-0.000300814
5.98513e-05
-0.000413551
-0.00117188
-0.00210453
-0.00671189
-0.00113932
-0.00144484
-0.00533322
-0.00104144
-0.000873599
-0.00397508
-0.000892353
-0.000311347
-0.0027032
-0.000674498
-7.83153e-05
-0.00152839
-0.00039022
-2.62887e-05
-0.000595428
0.00115863
-0.00256409
-0.00626219
0.00113098
-0.00189257
-0.00489725
0.00105706
-0.00123189
-0.0035726
0.000889065
-0.000797568
-0.00231831
0.000693045
-0.000375591
-0.00125668
0.000439978
-7.2668e-05
-0.000464974
0.000395231
-0.00255654
-0.0067065
0.000389174
-0.00187035
-0.00531726
0.000410847
-0.0012358
-0.00393704
0.000426948
-0.00070294
-0.0026643
0.000358442
-0.000292328
-0.00148466
0.000278137
-4.92127e-06
-0.000493945
-0.000783853
-0.00277289
-0.0078428
-0.000199842
4.90515e-05
-0.000167858
0.000378953
-0.00300362
-0.00761379
-0.000224488
-4.83488e-05
-0.000242889
-0.000388636
-0.00300271
-0.0080703
-0.000101121
-9.26487e-06
-2.64467e-05
-1.70971e-05
7.79031e-06
2.38494e-05
2.46612e-05
1.40147e-05
2.73859e-05
0.00077572
-0.00323228
-0.00784223
0.000206505
-1.97656e-05
-0.000229623
0.000176633
6.97402e-05
-0.000203344
7.26516e-05
9.61682e-07
-3.75449e-05
-0.000403977
-0.00244278
-0.00694005
-0.000411643
-0.00177224
-0.00557121
-0.000415469
-0.00112605
-0.00421493
-0.000388882
-0.000546908
-0.00290081
-0.000416658
-0.000147094
-0.001718
-0.000362823
3.52759e-05
-0.000782117
-0.00117327
-0.00244015
-0.00739649
-0.00116157
-0.00177314
-0.00602059
-0.00110313
-0.00113906
-0.00464757
-0.000976339
-0.000608988
-0.00333401
-0.000784812
-0.000178492
-0.00209476
-0.000545802
-2.34869e-05
-0.00101786
0.00116133
-0.00290163
-0.0069416
0.00114973
-0.00222613
-0.00557938
0.00109929
-0.00156011
-0.00422943
0.000982764
-0.000962888
-0.00293503
0.000799839
-0.000567478
-0.00175877
0.000576948
-0.00022002
-0.000825879
0.000395727
-0.00289735
-0.00739395
0.000392674
-0.00221241
-0.00601068
0.000385378
-0.00153118
-0.00462623
0.000427274
-0.000955291
-0.00328612
0.000396041
-0.000489878
-0.00205749
0.000308194
-0.000121728
-0.000964182
0.000374914
-0.00233745
-0.00625918
0.00035689
-0.0016722
-0.00488494
0.000323002
-0.00104047
-0.003555
0.000241225
-0.000582609
-0.00228788
0.000145195
-0.000222257
-0.00121635
6.18851e-05
-3.04441e-05
-0.000403899
-0.000384607
-0.00233151
-0.0067071
-0.000368431
-0.00166075
-0.00531961
-0.000309008
-0.00106772
-0.00395602
-0.00022667
-0.000508347
-0.00265863
-0.000142858
-0.00021327
-0.00147842
-3.02669e-05
-8.21609e-05
-0.000524316
0.00077074
-0.00256046
-0.00648412
0.00074142
-0.00188042
-0.00510351
0.000701108
-0.00122005
-0.00376005
0.000637919
-0.000752356
-0.00249002
0.00050671
-0.00032808
-0.00137206
0.000351373
-3.6861e-05
-0.000516388
-0.00078312
-0.00210458
-0.00648731
-0.00076286
-0.00143827
-0.00512221
-0.000716178
-0.000837069
-0.00376367
-0.000625639
-0.000305177
-0.00249986
-0.000531752
-4.53548e-05
-0.00138438
-0.00037355
2.12483e-05
-0.000481131
-0.00025156
-1.22415e-05
-0.000156361
0.000203415
1.93353e-05
-0.00021755
-3.95856e-06
-0.00300333
-0.00784284
-2.48801e-07
-2.80541e-05
-0.000159587
1.17086e-05
2.89702e-06
3.15323e-05
3.11327e-05
-6.19926e-06
-0.000149215
0.000377866
-0.00267302
-0.00694007
0.000368436
-0.0020012
-0.00557327
0.000343275
-0.00135136
-0.00421572
0.00030021
-0.000762812
-0.00289922
0.000188221
-0.000378678
-0.00171884
0.000105444
-0.000110837
-0.000779177
-0.000387659
-0.00266847
-0.00739488
-0.000379056
-0.00199314
-0.0060098
-0.000348211
-0.0013461
-0.0046297
-0.000266984
-0.000778888
-0.00329226
-0.000185836
-0.000352028
-0.0020538
-9.27166e-05
-0.000118236
-0.000956951
0.000774856
-0.00289974
-0.00716658
0.000761532
-0.00221844
-0.00580003
0.00072338
-0.00154376
-0.00442618
0.000689547
-0.000947493
-0.00310152
0.000570282
-0.000521778
-0.00190228
0.000432898
-0.000164186
-0.000903778
-0.000784028
-0.00244087
-0.00716941
-0.000779622
-0.00176971
-0.00579858
-0.000745144
-0.00112514
-0.00443723
-0.000672366
-0.000586438
-0.00312607
-0.000593002
-0.000145862
-0.00192118
-0.000460251
1.22684e-05
-0.000903651
0.000243647
-1.04059e-05
-0.000299796
0.000711777
-0.00100679
-0.00322963
