-0.000258777
-0.00403289
-0.00746046
-0.00128156
-0.0040323
-0.00793378
-5.37617e-05
-2.80613e-05
-6.4668e-07
-2.47584e-05
1.78552e-05
-2.62414e-05
0.00127537
-0.0045071
-0.0074606
0.000255818
-0.00450666
-0.00793191
2.43691e-05
1.63987e-05
-2.42856e-05
6.05716e-05
-3.11406e-05
-7.0881e-06
-0.00026338
-0.0031477
-0.00613098
-0.000269994
-0.00226074
-0.00478676
-0.000286439
-0.00142132
-0.00347297
-0.000292804
-0.000720386
-0.00221044
-0.000308022
-0.000248934
-0.00118893
-0.000244272
-2.13352e-05
-0.000401961
-0.00128189
-0.00314466
-0.00660014
-0.00124948
-0.00226344
-0.00524812
-0.00114756
-0.00147512
-0.00391781
-0.000987138
-0.000698048
-0.00266695
-0.000752521
-0.000290924
-0.00151424
-0.00044069
-0.000103283
-0.000603443
0.00127234
-0.00362
-0.00613513
0.00124328
-0.0027281
-0.00479655
0.00116463
-0.00184611
-0.00349755
0.000983063
-0.00121008
-0.00227163
0.000763498
-0.000601471
-0.00123304
0.000482266
-0.000143651
-0.000465808
0.000254975
-0.00361216
-0.00659467
0.000249758
-0.00270533
-0.00523146
0.000278755
-0.0018536
-0.00387572
0.000307503
-0.0011062
-0.00262211
0.000255485
-0.000514891
-0.00146256
0.000215545
-9.75119e-05
-0.000490189
-0.00076676
-0.0040318
-0.00769719
-0.000169106
1.34245e-05
-0.000163695
0.000507721
-0.0042702
-0.00746064
-0.000257878
-8.00434e-05
-0.000250894
-0.000513052
-0.00426926
-0.00793239
-9.59756e-05
-5.69154e-06
-2.84563e-05
-2.89902e-05
3.17979e-06
2.61468e-05
3.54094e-05
1.07868e-05
2.88241e-05
0.000762903
-0.00450647
-0.00769658
0.000227843
-4.6033e-05
-0.000238672
0.000143319
3.08015e-05
-0.000196591
7.15089e-05
2.48969e-06
-3.86506e-05
-0.000260017
-0.00359288
-0.00679974
-0.000268525
-0.00270299
-0.00545686
-0.000276439
-0.0018359
-0.00412527
-0.00025776
-0.00103851
-0.00283396
-0.000311363
-0.000449688
-0.00167535
-0.000286101
-0.000108404
-0.000762599
-0.00128308
-0.00358998
-0.00727152
-0.00127182
-0.00270286
-0.00592227
-0.00121245
-0.00184749
-0.00457583
-0.00107827
-0.00110354
-0.00328879
-0.000871572
-0.00047552
-0.00206973
-0.000612292
-0.000161568
-0.0010146
0.00127516
-0.00406697
-0.00680143
0.00126302
-0.00317197
-0.00546551
0.00121005
-0.00228527
-0.00414177
0.00108607
-0.00147091
-0.00287287
0.000881333
-0.000881136
-0.00172297
0.000634831
-0.000366444
-0.000815023
0.000255607
-0.00406262
-0.00726899
0.000252799
-0.00315805
-0.005912
0.00024744
-0.00225549
-0.004553
0.000301183
-0.00146641
-0.00323514
0.000283785
-0.000800386
-0.002026
0.000219144
-0.000266884
-0.000950936
0.000503331
-0.00338582
-0.00613198
0.000483674
-0.00250044
-0.00478381
0.000444066
-0.00164819
-0.00347846
0.000345795
-0.000990662
-0.00223551
0.000225711
-0.000444776
-0.0011884
0.000115205
-0.000106126
-0.000397301
-0.000508937
-0.00337935
-0.00659533
-0.000491751
-0.00248778
-0.00523424
-0.000426302
-0.00167726
-0.00389752
-0.000330928
-0.00090446
-0.00261853
-0.000229573
-0.000432153
-0.00145992
-8.47843e-05
-0.00016704
-0.000526793
0.000757922
-0.00361618
-0.00636458
0.000728613
-0.00271552
-0.00501014
0.000688
-0.00183405
-0.00369129
0.000626027
-0.00115791
-0.0024462
0.000490314
-0.00054911
-0.00134869
0.00033392
-0.000111284
-0.000510626
-0.000766477
-0.00314493
-0.00636775
-0.000747781
-0.00225714
-0.0050285
-0.000702574
-0.0014359
-0.00369421
-0.00061189
-0.000693412
-0.00245467
-0.000523899
-0.000256358
-0.00136095
-0.000369129
-4.96284e-05
-0.000475238
-0.000247959
-3.86261e-05
-0.000154561
0.000199922
-2.92853e-06
-0.00021378
-1.74544e-06
-0.00426988
-0.00769728
-3.60331e-05
-6.1391e-05
-0.000159242
1.14677e-05
5.9958e-06
3.13451e-05
6.19377e-05
-3.56567e-05
-0.000151655
0.000506534
-0.00383081
-0.00679983
0.000496298
-0.0029396
-0.00545915
0.000467579
-0.00206908
-0.00412695
0.000417144
-0.00126323
-0.00283484
0.000279893
-0.000688265
-0.00167861
0.000173339
-0.000256106
-0.000762834
-0.000512061
-0.00382595
-0.00726993
-0.000502912
-0.00293087
-0.00591137
-0.000469836
-0.00206301
-0.00455742
-0.000377647
-0.00128104
-0.00324315
-0.000282434
-0.000656606
-0.00202543
-0.000166489
-0.000261507
-0.000948435
0.000762145
-0.00406505
-0.00703399
0.000748511
-0.00316379
-0.00569351
0.000710254
-0.00226783
-0.00434545
0.000678363
-0.00145578
-0.00304385
0.000555524
-0.000831351
-0.00186826
0.000414349
-0.000304848
-0.000890625
-0.000767127
-0.00359081
-0.00703677
-0.000763448
-0.00269982
-0.00569214
-0.000730911
-0.00183346
-0.00435614
-0.000658649
-0.00107899
-0.00307017
-0.000582879
-0.00044177
-0.0018872
-0.000454502
-0.000123145
-0.000889557
0.00026589
-5.74573e-05
-0.000298616
0.000792137
-0.00155659
-0.0031626
