0.000314698
-0.00902813
-0.00680722
-0.00171245
-0.00902706
-0.00735359
-8.87591e-05
-4.76295e-05
-1.1845e-05
-7.9801e-09
2.06984e-05
-1.65553e-05
0.00172232
-0.00957483
-0.00680771
-0.00030186
-0.00957491
-0.00735139
2.04381e-06
1.48554e-05
-1.24466e-05
8.29972e-05
-4.29121e-05
-1.80601e-05
0.000309278
-0.00727955
-0.00558681
0.000294861
-0.00552068
-0.00435034
0.000251862
-0.00380491
-0.00313596
0.0001808
-0.00230512
-0.00196856
6.22957e-05
-0.00111914
-0.00105578
-1.64132e-05
-0.000345598
-0.000351297
-0.00171383
-0.00727436
-0.00612929
-0.00168217
-0.00551699
-0.00488854
-0.00156504
-0.00386864
-0.00367417
-0.00136093
-0.00223988
-0.0025124
-0.00106098
-0.00113929
-0.00145226
-0.000640619
-0.000410196
-0.000633526
0.00171903
-0.0078239
-0.00559178
0.00168464
-0.00605939
-0.00436428
0.00158783
-0.00429996
-0.00317439
0.00135376
-0.0028608
-0.00206815
0.00104179
-0.00150809
-0.0011281
0.000649055
-0.000430274
-0.000464772
-0.000303735
-0.0078149
-0.00612352
-0.000306075
-0.00603423
-0.00486925
-0.000248976
-0.00432116
-0.00361637
-0.000170842
-0.00272077
-0.00244429
-0.000157678
-0.00140804
-0.00136919
-3.64431e-05
-0.000470709
-0.000473758
-0.000695664
-0.00902704
-0.00708036
-4.49454e-05
-0.000128968
-0.000145113
0.00101742
-0.00930182
-0.00680787
-0.000390349
-0.000206092
-0.000282281
-0.00100561
-0.00930082
-0.00735208
-7.47953e-05
8.79377e-06
-3.62529e-05
-7.64756e-05
-1.528e-05
3.50479e-05
7.83407e-05
-2.30812e-06
3.45754e-05
0.000708711
-0.00957426
-0.00707963
0.000311927
-0.000152575
-0.000272728
8.86872e-06
-0.000126942
-0.000169139
6.64821e-05
8.45517e-06
-4.28324e-05
0.000313329
-0.00815749
-0.00620084
0.000301849
-0.00639989
-0.00496723
0.000278459
-0.00465886
-0.00374061
0.00026618
-0.00299694
-0.00254709
0.000110998
-0.00165676
-0.00149176
2.26011e-05
-0.000682158
-0.000677434
-0.00171425
-0.00815362
-0.00674545
-0.00170468
-0.00639583
-0.00550744
-0.00164201
-0.00466489
-0.00427208
-0.00147974
-0.00307297
-0.00309587
-0.00121422
-0.00166029
-0.00196221
-0.000875408
-0.000712595
-0.000998115
0.00172226
-0.00870394
-0.00620307
0.00170814
-0.0069402
-0.00497769
0.00164555
-0.00517909
-0.00376481
0.00149293
-0.00350259
-0.00260423
0.00120309
-0.00213821
-0.00156633
0.000863422
-0.000955221
-0.000764185
-0.000302501
-0.0086993
-0.00674297
-0.000304637
-0.00692531
-0.00549588
-0.000302859
-0.00514584
-0.00424355
-0.000203249
-0.00351017
-0.00301976
-0.000166221
-0.00204477
-0.00189304
-0.0001386
-0.000850538
-0.000894946
0.00101175
-0.0075539
-0.00558812
0.000985989
-0.00579729
-0.00434995
0.000924384
-0.00407149
-0.00314945
0.000761594
-0.00262019
-0.00200975
0.00054679
-0.0013354
-0.00106647
0.000328215
-0.000409916
-0.000366553
-0.0010012
-0.00754549
-0.00612438
-0.000980261
-0.00578002
-0.00487364
-0.000891726
-0.00410728
-0.00364913
-0.000745736
-0.0024874
-0.00244896
-0.000575244
-0.00130825
-0.0013808
-0.000302757
-0.00050706
-0.000535071
0.000703712
-0.00781931
-0.00585699
0.00067446
-0.00604498
-0.00461254
0.000632588
-0.00428691
-0.00339774
0.00057578
-0.00278133
-0.00225806
0.000422471
-0.00143631
-0.00124758
0.000262156
-0.000411767
-0.000484583
-0.000697045
-0.00727547
-0.00586007
-0.000684365
-0.00551177
-0.00462944
-0.000645006
-0.00381919
-0.00339792
-0.000554358
-0.00224131
-0.0022609
-0.000489975
-0.00109854
-0.00125947
-0.000349486
-0.000332368
-0.000448682
-0.000232139
-0.000143639
-0.000146197
0.000184708
-9.36999e-05
-0.000197247
6.98093e-06
-0.00930143
-0.00708067
-0.000179248
-0.000195004
-0.000157657
1.03298e-05
1.82775e-05
3.03614e-05
0.000184965
-0.000154354
-0.000159445
0.00101587
-0.00843187
-0.00620121
0.00100267
-0.00667258
-0.00497036
0.000960412
-0.00492831
-0.0037457
0.000881399
-0.00326064
-0.00255774
0.000645004
-0.001926
-0.00150452
0.000444345
-0.000838201
-0.00069023
-0.00100458
-0.0084259
-0.00674391
-0.000993411
-0.00666125
-0.00549618
-0.000951887
-0.00491905
-0.00425158
-0.000817394
-0.00328494
-0.00303511
-0.000667133
-0.00187461
-0.00190472
-0.000460881
-0.000835476
-0.000911223
0.00070835
-0.0087019
-0.00647169
0.000693519
-0.00693008
-0.0052406
0.000654824
-0.00515731
-0.00400113
0.00063052
-0.00348845
-0.00279772
0.000494129
-0.00207217
-0.00172201
0.000338025
-0.000870605
-0.000832809
-0.000696736
-0.00815487
-0.00647426
-0.000695784
-0.00639429
-0.00523955
-0.00067082
-0.00465047
-0.00401035
-0.000600871
-0.0030407
-0.00283081
-0.000539731
-0.00162232
-0.00174096
-0.000429212
-0.000663724
-0.000827896
0.000353499
-0.000247429
-0.000291043
0.00110873
-0.00375299
-0.00287458
