0.000743236
-0.0127269
-0.00627755
-0.00202924
-0.0127255
-0.00689067
-0.000114425
-6.195e-05
-2.02635e-05
1.85965e-05
2.27541e-05
-9.13147e-06
0.00205082
-0.0133399
-0.00627834
-0.000718839
-0.0133403
-0.00688824
-1.47527e-05
1.35596e-05
-3.49436e-06
9.92806e-05
-5.15405e-05
-2.60906e-05
0.000737257
-0.0103378
-0.00514355
0.000717134
-0.00793254
-0.00399319
0.000654591
-0.00556742
-0.00285966
0.000535124
-0.00347645
-0.00177013
0.000339772
-0.00176172
-0.000945188
0.000154692
-0.000584548
-0.000308661
-0.0020313
-0.010331
-0.00575264
-0.00199999
-0.00792418
-0.00459949
-0.00187145
-0.00563851
-0.0034764
-0.00163495
-0.00337933
-0.00238601
-0.00128683
-0.00176558
-0.00139948
-0.000786868
-0.000635871
-0.000653254
0.00204729
-0.0109478
-0.00514913
0.00200874
-0.00853526
-0.00401023
0.00189813
-0.00612413
-0.00290842
0.00162532
-0.00408794
-0.00189813
0.00124499
-0.00218271
-0.00103836
0.00077012
-0.000644359
-0.00045901
-0.000721554
-0.0109378
-0.00574663
-0.000721924
-0.00850804
-0.00457822
-0.000643975
-0.00615537
-0.00340689
-0.000529001
-0.00392112
-0.00230062
-0.000467115
-0.00207252
-0.00129319
-0.00022559
-0.000749472
-0.000459437
-0.000639948
-0.0127258
-0.006584
4.85216e-05
-0.000233825
-0.000129053
0.00139554
-0.0130339
-0.00627858
-0.000487335
-0.000298317
-0.000304602
-0.00137126
-0.0130328
-0.00688907
-5.83473e-05
1.98013e-05
-4.17726e-05
-0.000111602
-2.89702e-05
4.13659e-05
0.000110087
-1.21658e-05
3.88278e-05
0.000665358
-0.0133394
-0.00658321
0.000372804
-0.000232421
-0.000295578
-9.22646e-05
-0.000245377
-0.000147958
6.22107e-05
1.2787e-05
-4.5648e-05
0.00074178
-0.0115367
-0.00571416
0.000728186
-0.00913558
-0.00456742
0.000693428
-0.00674689
-0.00342527
0.000657915
-0.00444494
-0.0023114
0.000427207
-0.00254854
-0.0013402
0.000254136
-0.00110552
-0.000605913
-0.00203123
-0.0115322
-0.00632529
-0.00202275
-0.00912864
-0.00517487
-0.00195741
-0.00674885
-0.00402705
-0.00177428
-0.00452878
-0.00293853
-0.00146527
-0.00253549
-0.0018732
-0.00106795
-0.00111893
-0.000981402
0.00205087
-0.0121493
-0.0057168
0.00203513
-0.00974065
-0.00457924
0.00196513
-0.00733007
-0.00345522
0.0017912
-0.00501312
-0.00238202
0.00143844
-0.00307311
-0.00143471
0.00102994
-0.00139374
-0.000718014
-0.000719837
-0.0121444
-0.00632285
-0.000721628
-0.00972474
-0.00516234
-0.00071464
-0.00729396
-0.00399428
-0.000580885
-0.00502957
-0.00284564
-0.000503202
-0.00297007
-0.00178516
-0.000406599
-0.00128535
-0.000849142
0.00138892
-0.0106452
-0.00514508
0.00135859
-0.008242
-0.0039947
0.00128059
-0.0058683
-0.00287902
0.00106986
-0.0038282
-0.00182327
0.000784776
-0.0019956
-0.000964177
0.000486154
-0.000635139
-0.00033876
-0.00136659
-0.0106353
-0.00574763
-0.00134277
-0.00822145
-0.00458378
-0.00123705
-0.00590892
-0.00344776
-0.00105357
-0.00366118
-0.00231144
-0.000831654
-0.0019578
-0.00131541
-0.000464675
-0.000758852
-0.000538973
0.000660278
-0.0109426
-0.005447
0.000630928
-0.00851931
-0.00428983
0.000587975
-0.00611021
-0.00315826
0.000535359
-0.00398815
-0.00210326
0.00036921
-0.00209639
-0.00116335
0.000206493
-0.000636298
-0.000461583
-0.000642526
-0.0103327
-0.00545
-0.000634198
-0.00791975
-0.00430555
-0.000599051
-0.00558152
-0.0031564
-0.00050878
-0.00338523
-0.00210158
-0.000462054
-0.00172025
-0.00117481
-0.000332668
-0.000540213
-0.00042533
-0.000218728
-0.00022037
-0.000138565
0.000171944
-0.000162085
-0.000183234
1.33563e-05
-0.0130334
-0.00658449
-0.00028568
-0.000293793
-0.000156011
9.32099e-06
2.73504e-05
2.93693e-05
0.00027604
-0.000242588
-0.000163003
0.00139371
-0.0118444
-0.00571475
0.00137829
-0.00944098
-0.00457116
0.00132595
-0.00704845
-0.00343288
0.00122566
-0.00474156
-0.0023294
0.000915614
-0.00284348
-0.00135999
0.000645231
-0.00126971
-0.00062801
-0.0013702
-0.0118376
-0.00632377
-0.00135746
-0.00942769
-0.00516329
-0.00130953
-0.00703685
-0.00400496
-0.00114367
-0.00477054
-0.00286647
-0.000952544
-0.00277767
-0.00180595
-0.000679266
-0.00126099
-0.000879367
0.000665274
-0.0121472
-0.00601844
0.00064944
-0.00972898
-0.00487393
0.000610264
-0.00730486
-0.00372091
0.000591561
-0.00499963
-0.00259671
0.000445545
-0.00299486
-0.00160128
0.000278665
-0.00129201
-0.000783587
-0.00064153
-0.0115338
-0.00602083
-0.000642529
-0.00912818
-0.00487312
-0.000623064
-0.00673409
-0.00372898
-0.000554843
-0.00449075
-0.00263469
-0.000504851
-0.00249441
-0.00162004
-0.000407886
-0.00106232
-0.00077572
0.000416978
-0.000389118
-0.000282146
0.0013411
-0.00538446
-0.0026378
