0.00729702
-0.0695477
0.00227402
-0.00775828
-0.0695357
-0.000669072
-0.000476122
-0.000262773
-0.000149455
0.000306504
5.20556e-05
0.000112694
0.00750488
-0.0724727
0.00226013
-0.0075374
-0.0724765
-0.00065253
-0.000280158
-1.63782e-05
0.000142209
0.000310973
-0.000169256
-0.000132477
0.00725632
-0.0565762
0.00246178
0.00708399
-0.0436289
0.002595
0.00665539
-0.0310526
0.00257467
0.00576581
-0.0201892
0.00239043
0.00443862
-0.0108642
0.0015333
0.00273853
-0.00396649
0.00070413
-0.00773798
-0.0565291
-0.000426161
-0.00752943
-0.0435719
-0.0001606
-0.00690024
-0.0313885
-0.000111105
-0.00583863
-0.0196106
2.63906e-05
-0.00456651
-0.0106896
-0.000169685
-0.00284383
-0.00383724
-0.000718979
0.00746606
-0.0594441
0.00242583
0.00720322
-0.0462999
0.00249104
0.00662891
-0.0333918
0.00232171
0.00554907
-0.0223124
0.00178887
0.0040172
-0.0121748
0.00114501
0.00234833
-0.00386743
3.33867e-05
-0.00754751
-0.0593689
-0.000377719
-0.00746266
-0.0461716
-3.61932e-05
-0.00688588
-0.0336234
0.000249202
-0.00606852
-0.0216508
0.000438426
-0.00523093
-0.0119032
0.000306218
-0.00316076
-0.00495535
-3.46495e-05
-0.000221214
-0.0695416
0.000805325
0.00148524
-0.00171995
0.000281495
0.00738575
-0.0710167
0.00226041
-0.00184404
-0.00159075
-0.000533453
-0.00761907
-0.0710102
-0.000654977
0.000221579
0.000195351
-0.000107097
-0.00062651
-0.000233393
0.000119901
0.000566765
-0.000160934
0.000104668
-3.28822e-06
-0.0724672
0.000806679
0.00115551
-0.00144752
-0.000427071
-0.00168116
-0.00208036
0.000258173
-4.07511e-05
6.96645e-05
-6.28205e-05
0.00728663
-0.0630851
0.00236745
0.00719017
-0.0500757
0.00254182
0.00691242
-0.0373031
0.00259476
0.00649239
-0.0252268
0.00249541
0.00507618
-0.015201
0.00194807
0.00370857
-0.00710364
0.00106806
-0.00775797
-0.0630514
-0.000557628
-0.00766826
-0.0500244
-0.000286633
-0.00730284
-0.0373009
-7.18148e-05
-0.00645398
-0.0255137
-0.000129347
-0.00519857
-0.0150042
-3.57137e-05
-0.00381265
-0.00690932
-0.000391407
0.00750328
-0.0659959
0.00234689
0.00737105
-0.0528575
0.00247563
0.00696808
-0.0398192
0.00242869
0.0062233
-0.0274566
0.00218487
0.00473705
-0.0169122
0.00154347
0.00325281
-0.00791638
0.000608601
-0.00754682
-0.0659579
-0.000537434
-0.00751733
-0.0527587
-0.000202623
-0.00733739
-0.0396803
0.000106118
-0.00646134
-0.0276153
0.000340904
-0.00570001
-0.0166313
0.000376953
-0.00453334
-0.00776037
0.000178695
0.00733375
-0.0580231
0.00245242
0.0071372
-0.0449939
0.00256244
0.00667166
-0.0323277
0.00245713
0.00560824
-0.0214526
0.00213363
0.00420187
-0.0115684
0.00140852
0.00275877
-0.00391156
0.000470074
-0.00757539
-0.0579671
-0.000389323
-0.00737973
-0.0449214
-8.03042e-05
-0.00677579
-0.0325293
2.56545e-05
-0.00581209
-0.0207366
0.000323082
-0.00469086
-0.0114221
0.000117675
-0.00288476
-0.00444042
-0.000381642
-3.31869e-05
-0.0593954
0.00102679
-0.000137424
-0.046203
0.0012305
-0.00023956
-0.0333397
0.00130222
-0.000220561
-0.0218436
0.00104792
-0.000608225
-0.0118552
0.000736062
-0.000774075
-0.00402081
0.000186123
-0.000247976
-0.0565372
0.00101442
-0.000251389
-0.0435435
0.00120026
-0.000146007
-0.0311115
0.00132812
7.30628e-05
-0.0196573
0.00113634
-4.04299e-05
-0.0105349
0.000725226
-8.87747e-06
-0.00346561
0.000220903
5.34864e-05
-0.00128069
0.000105182
-0.000120613
-0.00123134
0.000180086
-0.000108245
-0.0710124
0.000797004
-0.00187406
-0.00173665
-5.58732e-05
-2.0205e-05
0.000157344
5.1997e-06
0.00158353
-0.00153895
-2.89539e-05
0.00736881
-0.0645501
0.00236099
0.00725916
-0.0514837
0.00252229
0.00692869
-0.0385964
0.00254013
0.00638759
-0.0263658
0.00236028
0.00482664
-0.0161606
0.00183383
0.00352789
-0.00753492
0.000927403
-0.00761216
-0.0645095
-0.000542241
-0.00749169
-0.0514174
-0.000222776
-0.007168
-0.0385739
2.87884e-05
-0.00626466
-0.0265219
0.000208013
-0.00529783
-0.015919
0.000207129
-0.00394186
-0.00747879
-6.31546e-05
-9.63304e-07
-0.0659783
0.000909863
-8.62669e-05
-0.052774
0.00113072
-0.000201701
-0.0396813
0.00127995
-0.000133203
-0.0274331
0.0013077
-0.000460902
-0.0166179
0.000973129
-0.000777844
-0.00755606
0.000431297
-0.000236051
-0.063065
0.000903125
-0.000254918
-0.0500211
0.00112362
-0.000222525
-0.0372192
0.001269
-2.00371e-05
-0.0253258
0.00116046
-3.82836e-05
-0.014863
0.000950779
-4.06252e-05
-0.00670997
0.000478298
0.00123451
-0.00250629
0.000126953
0.00479649
-0.0295546
0.00207484
