0.00131435
-0.0175857
-0.00552357
-0.00244652
-0.0175839
-0.00623973
-0.000147316
-8.02393e-05
-3.13423e-05
4.31253e-05
2.53768e-05
8.62802e-07
0.00248298
-0.0183011
-0.00552485
-0.00127517
-0.018302
-0.00623697
-3.69149e-05
1.16951e-05
8.41735e-06
0.000119833
-6.24912e-05
-3.63924e-05
0.00130745
-0.0143471
-0.00450972
0.00127907
-0.0110854
-0.00347989
0.00118942
-0.00786224
-0.00246119
0.00100403
-0.00499594
-0.00148323
0.000705864
-0.00259129
-0.0007837
0.00038033
-0.000891198
-0.000245777
-0.0024493
-0.0143381
-0.00522126
-0.00241754
-0.0110708
-0.00418925
-0.00227205
-0.00794395
-0.00319279
-0.00199055
-0.00485603
-0.00220253
-0.00157775
-0.0025741
-0.00131946
-0.000974098
-0.000925085
-0.000674415
0.0024789
-0.0150583
-0.00451627
0.00243369
-0.0117855
-0.00350142
0.00230289
-0.00851105
-0.00252424
0.00197719
-0.00568875
-0.00164948
0.00150535
-0.00305968
-0.000904408
0.000923546
-0.000921946
-0.000444326
-0.00127905
-0.0150465
-0.00521473
-0.00127646
-0.0117549
-0.00416498
-0.00116922
-0.00855607
-0.003107
-0.00100355
-0.0054856
-0.0020937
-0.000875798
-0.00293632
-0.00118255
-0.000475218
-0.00111225
-0.000436734
-0.000563199
-0.0175847
-0.00588144
0.000171949
-0.00036801
-0.00010482
0.00189659
-0.0179441
-0.00552517
-0.000611402
-0.000415635
-0.00033174
-0.00185634
-0.017943
-0.00623795
-3.58076e-05
3.45429e-05
-4.85833e-05
-0.000157102
-4.6721e-05
4.92384e-05
0.000151138
-2.50776e-05
4.42985e-05
0.000604504
-0.0183005
-0.0058806
0.000449634
-0.000335889
-0.000321836
-0.000225776
-0.000399912
-0.000118673
5.58299e-05
1.84049e-05
-4.88685e-05
0.00131273
-0.0159719
-0.00501991
0.00129595
-0.0127173
-0.00399429
0.00124515
-0.00947153
-0.00297105
0.00117738
-0.00632657
-0.00197069
0.000844846
-0.00370249
-0.00112
0.000559476
-0.00165069
-0.00050054
-0.0024487
-0.0159663
-0.00573368
-0.00244118
-0.0127064
-0.00470441
-0.00237095
-0.0094682
-0.00367782
-0.00215813
-0.00642086
-0.00271156
-0.00178976
-0.00366778
-0.00174217
-0.00131517
-0.00164207
-0.000952002
0.00248314
-0.0166865
-0.00502319
0.00246461
-0.0134216
-0.00400815
0.00238323
-0.0101496
-0.00300914
0.00217928
-0.00698635
-0.00205965
0.00174156
-0.00429029
-0.00124118
0.00124222
-0.00196305
-0.000645807
-0.0012767
-0.0166809
-0.00573121
-0.00127794
-0.0134038
-0.00469031
-0.0012633
-0.0101092
-0.00363898
-0.00108204
-0.00701468
-0.00259551
-0.00094899
-0.00417442
-0.00162891
-0.000760042
-0.00185026
-0.00078179
0.00188846
-0.0147053
-0.00451159
0.00185133
-0.0114447
-0.00348406
0.00175019
-0.00821402
-0.00248858
0.00147434
-0.00540016
-0.00155256
0.00109517
-0.00285095
-0.000813738
0.000691627
-0.000925426
-0.000295487
-0.00185116
-0.0146934
-0.00521594
-0.00182279
-0.0114197
-0.00417219
-0.00169269
-0.00826145
-0.00315905
-0.00145791
-0.00518749
-0.00211292
-0.0011669
-0.00279964
-0.00121891
-0.000675914
-0.00108375
-0.000540026
0.000599142
-0.0150519
-0.00486435
0.000569237
-0.011767
-0.00382867
0.000524558
-0.00849571
-0.00281387
0.00047796
-0.00556136
-0.00187862
0.000295062
-0.00295408
-0.00103942
0.000130268
-0.000927795
-0.000425854
-0.000567476
-0.0143406
-0.00486723
-0.000564923
-0.0110673
-0.00384274
-0.000534991
-0.00787633
-0.00280916
-0.000445176
-0.00486779
-0.0018704
-0.000421836
-0.00252238
-0.00105013
-0.000307471
-0.000806043
-0.000389237
-0.000198741
-0.000317528
-0.00012641
0.000153089
-0.000250946
-0.000162329
2.15711e-05
-0.0179435
-0.00588223
-0.000424418
-0.000420679
-0.000152744
7.83005e-06
3.9234e-05
2.77076e-05
0.000394159
-0.000356192
-0.000164505
0.00189429
-0.0163308
-0.00502083
0.00187549
-0.0130728
-0.00399889
0.00180867
-0.00982145
-0.00298219
0.00167882
-0.006671
-0.00199875
0.00126935
-0.00403454
-0.0011492
0.00090682
-0.00182763
-0.000534942
-0.00185523
-0.0163229
-0.00573211
-0.00183992
-0.0130567
-0.00469216
-0.00178243
-0.00980684
-0.00365333
-0.00157307
-0.00670641
-0.00262386
-0.00132655
-0.00395008
-0.00166196
-0.000964286
-0.00181145
-0.000830455
0.000604778
-0.016684
-0.00537573
0.000587216
-0.0134075
-0.00435151
0.000547001
-0.0101193
-0.0033192
0.000535864
-0.00697355
-0.0023069
0.000377313
-0.00419561
-0.00142529
0.000196969
-0.00183893
-0.00070968
-0.000565518
-0.0159683
-0.00537787
-0.000569167
-0.0127073
-0.00435102
-0.000556874
-0.00945269
-0.00332566
-0.000490512
-0.0063748
-0.0023514
-0.00045547
-0.00362224
-0.00144354
-0.00037644
-0.00157504
-0.000697818
0.000497297
-0.000572273
-0.000265825
0.00164408
-0.00751548
-0.00229565
