0.00160021
-0.0199803
-0.0051282
-0.00265382
-0.0199782
-0.00590063
-0.000163025
-8.89411e-05
-3.67616e-05
5.51633e-05
2.66311e-05
5.85993e-06
0.00269732
-0.0207515
-0.00512976
-0.00155399
-0.0207526
-0.00589767
-4.7798e-05
1.07221e-05
1.43228e-05
0.00012948
-6.76398e-05
-4.13298e-05
0.00159271
-0.0163176
-0.0041762
0.00155967
-0.0126288
-0.00320867
0.00145554
-0.00897928
-0.00224993
0.00123616
-0.00573169
-0.00133075
0.0008861
-0.00299029
-0.000697319
0.000491179
-0.00103756
-0.000211939
-0.00265688
-0.0163074
-0.00494355
-0.00262435
-0.012611
-0.00397368
-0.00246914
-0.00906693
-0.00304243
-0.00216369
-0.00557007
-0.00210404
-0.00171791
-0.00296302
-0.00127491
-0.00106352
-0.00106302
-0.000682364
0.00269283
-0.0170839
-0.00418335
0.00264357
-0.0133814
-0.0032327
0.00250147
-0.00967722
-0.00232054
0.00214816
-0.00646722
-0.00151653
0.00163
-0.00348359
-0.000831724
0.000996048
-0.00105524
-0.000434003
-0.00155845
-0.017071
-0.00493664
-0.00155405
-0.013349
-0.00394766
-0.001431
-0.00972952
-0.002948
-0.00123878
-0.00624539
-0.00198316
-0.00107737
-0.00335392
-0.00112281
-0.000598027
-0.00128746
-0.000423543
-0.000523978
-0.0199792
-0.00551414
0.000232616
-0.000431805
-9.15682e-05
0.00214635
-0.0203667
-0.00513012
-0.00067055
-0.000471135
-0.000343872
-0.00209847
-0.0203655
-0.00589872
-2.43339e-05
4.18917e-05
-5.17253e-05
-0.000179068
-5.52917e-05
5.29228e-05
0.000170905
-3.13442e-05
4.69071e-05
0.000572914
-0.0207509
-0.00551327
0.000485772
-0.000385408
-0.000333031
-0.000291399
-0.000474594
-0.000103503
5.23496e-05
2.11592e-05
-5.02225e-05
0.00159847
-0.0181549
-0.00465528
0.00157977
-0.0144744
-0.0036921
0.00152021
-0.0108019
-0.00273059
0.00143541
-0.00723983
-0.00178973
0.00105089
-0.00425927
-0.00100259
0.000709603
-0.00191202
-0.000443841
-0.00265609
-0.0181487
-0.00542507
-0.00264878
-0.0144614
-0.00445794
-0.00257524
-0.010796
-0.00349362
-0.00234613
-0.00733957
-0.00259058
-0.00194686
-0.00421402
-0.001671
-0.00143374
-0.00189286
-0.000933839
0.00269753
-0.0189252
-0.00465894
0.0026772
-0.0152327
-0.00370715
0.00258913
-0.011531
-0.00277308
0.00236896
-0.00794789
-0.00188818
0.00188766
-0.00488025
-0.00113727
0.00134323
-0.00223751
-0.000605377
-0.00155581
-0.0189193
-0.00542254
-0.00155663
-0.0152136
-0.00444286
-0.0015376
-0.0114882
-0.00345142
-0.00133106
-0.00798227
-0.00246235
-0.00116942
-0.00475801
-0.00154501
-0.000933959
-0.00212289
-0.000745053
0.00213732
-0.0167035
-0.00417827
0.00209627
-0.013015
-0.00321427
0.00198259
-0.0093582
-0.00228153
0.00167314
-0.00616328
-0.00140839
0.00124639
-0.00326342
-0.000732905
0.000791325
-0.00106428
-0.000271356
-0.00209293
-0.0166904
-0.00493798
-0.00206179
-0.0129877
-0.00395578
-0.00191841
-0.00940938
-0.00300594
-0.00165684
-0.00592751
-0.00200672
-0.00133076
-0.00320576
-0.00116629
-0.000778724
-0.00123956
-0.000538435
0.000567315
-0.0170768
-0.00455871
0.000536894
-0.0133615
-0.0035856
0.000491216
-0.00966106
-0.00263133
0.000447809
-0.00632561
-0.00175867
0.000256684
-0.00336844
-0.000972484
9.14718e-05
-0.00106801
-0.000405747
-0.000529199
-0.0163103
-0.00456154
-0.000529586
-0.0126078
-0.00359884
-0.000502051
-0.00899351
-0.00262511
-0.000412291
-0.00558473
-0.00174693
-0.000400558
-0.00290789
-0.00098274
-0.000293711
-0.000932462
-0.000369018
-0.000187855
-0.000363204
-0.000119468
0.00014289
-0.000293507
-0.000150937
2.55326e-05
-0.0203661
-0.0055151
-0.000491842
-0.00048116
-0.0001505
7.04538e-06
4.50751e-05
2.67368e-05
0.000451268
-0.000410337
-0.000163875
0.00214378
-0.0185419
-0.00465638
0.00212296
-0.0148572
-0.00369718
0.00204812
-0.0111778
-0.00274361
0.0019026
-0.00760932
-0.001823
0.00144226
-0.00461069
-0.00103657
0.00103395
-0.00209582
-0.00048437
-0.00209732
-0.0185333
-0.00542343
-0.00208043
-0.0148395
-0.00444522
-0.00201742
-0.0111617
-0.00346775
-0.00178496
-0.00764817
-0.00249463
-0.00150994
-0.00451717
-0.0015843
-0.00110322
-0.00207626
-0.000802876
0.000573368
-0.0189226
-0.00503922
0.000554708
-0.0152171
-0.00407687
0.00051376
-0.0114979
-0.00310689
0.000506521
-0.00793538
-0.00215287
0.000341713
-0.00477727
-0.00133092
0.000155149
-0.00210247
-0.000669139
-0.000526715
-0.018151
-0.00504123
-0.000531767
-0.014463
-0.00407654
-0.000523024
-0.0107799
-0.00311251
-0.000457283
-0.00728922
-0.00220071
-0.000429707
-0.00416599
-0.00134881
-0.000359491
-0.00182051
-0.000655272
0.000535205
-0.000659901
-0.000255789
0.00179254
-0.00855449
-0.00211398
