0.00174324
-0.021168
-0.00492634
-0.00275724
-0.0211657
-0.00572779
-0.000170668
-9.31659e-05
-3.94309e-05
6.1107e-05
2.72428e-05
8.35079e-06
0.00280414
-0.021968
-0.00492806
-0.00169361
-0.0219692
-0.00572471
-5.3173e-05
1.02288e-05
1.72559e-05
0.000134126
-7.01176e-05
-4.37391e-05
0.00173539
-0.0172934
-0.00400567
0.00169985
-0.0133912
-0.00306973
0.00158818
-0.00952907
-0.00214152
0.00135149
-0.0060926
-0.0012524
0.000975311
-0.00318517
-0.000652831
0.000545955
-0.0011087
-0.000194478
-0.00276041
-0.0172825
-0.00480176
-0.00272733
-0.0133717
-0.00386332
-0.00256687
-0.00961989
-0.00296512
-0.002249
-0.00592002
-0.00205306
-0.00178651
-0.003153
-0.00125145
-0.00110703
-0.00113007
-0.000685612
0.0027994
-0.018088
-0.00401314
0.0027479
-0.0141708
-0.00309509
0.00259979
-0.0102521
-0.00221603
0.0022323
-0.0068498
-0.00144809
0.00169077
-0.00369107
-0.000794071
0.00103112
-0.00112015
-0.00042812
-0.00169836
-0.0180745
-0.00479463
-0.00169295
-0.0141373
-0.00383633
-0.00156161
-0.0103081
-0.0028662
-0.00135573
-0.00661845
-0.00192604
-0.00117726
-0.00355834
-0.00109177
-0.000658771
-0.00137312
-0.00041644
-0.000504189
-0.0211669
-0.00532675
0.000262595
-0.00046274
-8.46825e-05
0.0022711
-0.0215688
-0.00492844
-0.0006993
-0.000497983
-0.000349527
-0.00221949
-0.0215676
-0.0057258
-1.85579e-05
4.55505e-05
-5.32268e-05
-0.000189821
-5.94864e-05
5.47005e-05
0.000180564
-3.4415e-05
4.81721e-05
0.000556848
-0.0219674
-0.00532588
0.000503207
-0.000409456
-0.000338134
-0.00032383
-0.000511096
-9.57726e-05
5.05394e-05
2.25251e-05
-5.08317e-05
0.00174143
-0.019237
-0.00446899
0.00172167
-0.0153435
-0.00353744
0.00165748
-0.0114581
-0.00260729
0.00156388
-0.00768849
-0.0016968
0.00115303
-0.00453177
-0.000942194
0.000783838
-0.00203939
-0.000414572
-0.00275955
-0.0192304
-0.00526765
-0.00275226
-0.0153294
-0.00433194
-0.0026768
-0.0114509
-0.00339914
-0.0024391
-0.00779103
-0.00252819
-0.00202398
-0.00448133
-0.00163394
-0.0014916
-0.00201511
-0.000923826
0.00280436
-0.0200359
-0.00447286
0.00278301
-0.0161295
-0.00355314
0.00269131
-0.0122131
-0.0026521
0.00246264
-0.00842105
-0.00180009
0.00195919
-0.00516953
-0.00108368
0.00139228
-0.00237158
-0.000584155
-0.00169558
-0.0200297
-0.00526508
-0.00169615
-0.0161098
-0.00431631
-0.00167472
-0.0121691
-0.00335515
-0.00145506
-0.00845852
-0.00239368
-0.00127884
-0.00504413
-0.00150154
-0.00102001
-0.00225616
-0.000725861
0.00226156
-0.0176936
-0.00400785
0.00221839
-0.0137911
-0.00307607
0.00209815
-0.00992186
-0.00217529
0.00177155
-0.00653806
-0.00133428
0.00132082
-0.0034651
-0.000691202
0.000840271
-0.00113181
-0.000258719
-0.00221374
-0.0176798
-0.00479604
-0.00218107
-0.0137627
-0.00384495
-0.00203071
-0.00997503
-0.00292718
-0.00175538
-0.00629063
-0.00195182
-0.00141159
-0.00340439
-0.00113882
-0.000829287
-0.00131548
-0.000537055
0.000551103
-0.0180805
-0.00440253
0.000520357
-0.01415
-0.00346111
0.000474146
-0.0102355
-0.00253758
0.00043238
-0.00670095
-0.00169685
0.000237183
-0.00357118
-0.000937799
7.19386e-05
-0.00113637
-0.000395132
-0.000509913
-0.0172856
-0.00440534
-0.000511794
-0.0133687
-0.00347394
-0.000485402
-0.00954341
-0.00253058
-0.000395602
-0.00593611
-0.00168329
-0.00038965
-0.00309611
-0.000947814
-0.00028655
-0.000993791
-0.00035837
-0.000182196
-0.000385211
-0.000115783
0.000137604
-0.000314172
-0.000145015
2.74713e-05
-0.0215682
-0.00532781
-0.000524968
-0.000510516
-0.000149199
6.64774e-06
4.79687e-05
2.62182e-05
0.000479245
-0.000436593
-0.000163228
0.00226837
-0.0196384
-0.00447018
0.00224644
-0.0157403
-0.00354278
0.00216734
-0.0118472
-0.0026213
0.00201371
-0.00807067
-0.00173273
0.00152757
-0.00489298
-0.00097859
0.00109642
-0.00222668
-0.00045816
-0.00221832
-0.0196294
-0.00526597
-0.00220054
-0.0157218
-0.00431894
-0.00213456
-0.0118304
-0.00337251
-0.00189011
-0.00811131
-0.00242798
-0.00160059
-0.00479501
-0.00154399
-0.00117163
-0.00220554
-0.000788249
0.000557393
-0.0200332
-0.00486742
0.000538116
-0.0161131
-0.00393639
0.000496744
-0.0121785
-0.002998
0.000491496
-0.00840867
-0.00207365
0.000323546
-0.00506238
-0.00128219
0.000134022
-0.00223117
-0.000647984
-0.000507151
-0.0192329
-0.00486937
-0.000512932
-0.0153313
-0.00393614
-0.000505962
-0.0114344
-0.00300321
-0.000440438
-0.00773845
-0.00212319
-0.000416586
-0.00443198
-0.00129987
-0.000350725
-0.00194007
-0.000633116
0.000553531
-0.000702482
-0.000250321
0.00186598
-0.00906605
-0.00202069
