0.00217264
-0.0246895
-0.00430561
-0.00306658
-0.0246867
-0.00519633
-0.000192682
-0.000105297
-4.72471e-05
7.85823e-05
2.9011e-05
1.5768e-05
0.00312316
-0.0255779
-0.00430784
-0.00211325
-0.0255796
-0.00519283
-6.89828e-05
8.73268e-06
2.59556e-05
0.000147296
-7.71264e-05
-5.07149e-05
0.00216351
-0.0201793
-0.00348036
0.00211967
-0.0156375
-0.00264079
0.001984
-0.0111403
-0.00180613
0.00169397
-0.00714485
-0.00100967
0.0012387
-0.00374969
-0.000514692
0.000707235
-0.00131332
-0.000140181
-0.00307003
-0.0201661
-0.0043648
-0.0030346
-0.0156128
-0.00352196
-0.00285673
-0.0112415
-0.00272462
-0.00249954
-0.00693892
-0.00189307
-0.00198591
-0.00370343
-0.00117614
-0.00123244
-0.00132287
-0.000692268
0.0031175
-0.021061
-0.00348895
0.00305835
-0.0164995
-0.00267048
0.00289061
-0.0119394
-0.00189292
0.00247892
-0.00796744
-0.00123571
0.00186641
-0.00429318
-0.000676373
0.0011313
-0.00130696
-0.000407744
-0.00211885
-0.0210454
-0.00435683
-0.00210986
-0.0164626
-0.00349173
-0.00195199
-0.0120074
-0.00261155
-0.00170342
-0.00770679
-0.00174713
-0.00147276
-0.00415176
-0.000993852
-0.000837891
-0.00162121
-0.000392992
-0.000444189
-0.0246883
-0.00475051
0.000350849
-0.000551368
-6.30982e-05
0.00264475
-0.0251348
-0.00430828
-0.000781982
-0.000574649
-0.000364712
-0.0025824
-0.0251334
-0.00519405
-1.11712e-06
5.64295e-05
-5.74479e-05
-0.000221061
-7.16705e-05
5.97763e-05
0.000208551
-4.33342e-05
5.17864e-05
0.000507591
-0.0255773
-0.00474961
0.000552816
-0.000478321
-0.00035147
-0.000419316
-0.000616709
-7.19756e-05
4.48418e-05
2.65856e-05
-5.23821e-05
0.00217054
-0.0224417
-0.00389569
0.00214711
-0.0179096
-0.00306052
0.00206796
-0.0133866
-0.00222623
0.00194671
-0.00899954
-0.00140905
0.0014553
-0.00532355
-0.000754871
0.00100267
-0.00240718
-0.000323467
-0.00306901
-0.0224339
-0.00478314
-0.00306149
-0.017892
-0.00394303
-0.00297915
-0.0133756
-0.00310616
-0.00271366
-0.00911093
-0.00233339
-0.00224921
-0.00525791
-0.00151675
-0.00165906
-0.00236821
-0.000889898
0.00312343
-0.0233287
-0.00390027
0.00309848
-0.0187805
-0.00307841
0.00299461
-0.0142211
-0.00227843
0.00273878
-0.00980617
-0.00152736
0.00216722
-0.00601163
-0.000917029
0.00153325
-0.00275944
-0.000516808
-0.0021157
-0.0233217
-0.00478037
-0.00211523
-0.0187585
-0.00392548
-0.00208579
-0.0141731
-0.00305638
-0.0018246
-0.0098531
-0.00217924
-0.00160336
-0.00587689
-0.00136495
-0.00127396
-0.00264216
-0.000664862
0.00263346
-0.0206233
-0.0034829
0.0025832
-0.0160797
-0.0026495
0.00244191
-0.0115753
-0.00184673
0.0020624
-0.00763227
-0.00110458
0.00153892
-0.00404993
-0.000561467
0.000983089
-0.00132594
-0.000218759
-0.00257588
-0.0206074
-0.00435852
-0.00253795
-0.0160474
-0.00350197
-0.00236512
-0.011635
-0.0026821
-0.00204684
-0.00734933
-0.00177976
-0.00164917
-0.00398058
-0.00105168
-0.000977215
-0.00153442
-0.000530439
0.000501303
-0.0210521
-0.00392132
0.000469308
-0.0164759
-0.00307645
0.000421383
-0.0119214
-0.00224691
0.000384715
-0.00779629
-0.00150433
0.000177486
-0.00415927
-0.000829071
1.29284e-05
-0.00133344
-0.000361089
-0.000451572
-0.02017
-0.00392407
-0.000458065
-0.0156102
-0.00308805
-0.000434874
-0.0111552
-0.00223746
-0.000344629
-0.00695927
-0.00148509
-0.000355922
-0.00364095
-0.000838302
-0.000263993
-0.00116965
-0.000324338
-0.00016439
-0.000447668
-0.000103913
0.000121043
-0.000373293
-0.000126389
3.3096e-05
-0.025134
-0.0047519
-0.000621729
-0.000594678
-0.00014451
5.44788e-06
5.65353e-05
2.45379e-05
0.000560632
-0.000511699
-0.000160039
0.00264146
-0.0228874
-0.00389719
0.00261577
-0.0183493
-0.00306671
0.00252281
-0.0138163
-0.00224337
0.00234358
-0.00941997
-0.00145319
0.00177836
-0.00571418
-0.000798641
0.00127903
-0.00260486
-0.000376222
-0.00258115
-0.0228771
-0.00478127
-0.00256029
-0.0183281
-0.00392901
-0.0024844
-0.0137974
-0.00307706
-0.00220206
-0.00946638
-0.00221981
-0.00186786
-0.00560314
-0.00141702
-0.00137215
-0.00257945
-0.000740883
0.000508419
-0.0233256
-0.00433867
0.000487007
-0.0187615
-0.003503
0.00044414
-0.0141816
-0.00266101
0.000445067
-0.00979411
-0.00182756
0.000267606
-0.0058919
-0.00113005
6.98812e-05
-0.00260332
-0.000581095
-0.0004479
-0.0224369
-0.00434042
-0.000456011
-0.0178949
-0.00350298
-0.000454375
-0.0133578
-0.00266492
-0.000389097
-0.00905127
-0.00188234
-0.000376356
-0.00520426
-0.001147
-0.000323322
-0.00228492
-0.000563249
0.000605838
-0.000824627
-0.000232237
0.00208291
-0.0105649
-0.00173181
