0.00231579
-0.0258484
-0.00409407
-0.00316935
-0.0258453
-0.00501491
-0.0001997
-0.000109152
-4.97812e-05
8.42759e-05
2.9577e-05
1.82157e-05
0.00322896
-0.0267666
-0.00409648
-0.00225332
-0.0267685
-0.00501125
-7.41359e-05
8.2313e-06
2.8817e-05
0.00015142
-7.93127e-05
-5.29535e-05
0.00230615
-0.0211265
-0.00330109
0.00225926
-0.0163718
-0.00249412
0.0021151
-0.0116639
-0.00169123
0.00180682
-0.00748486
-0.00092643
0.00132494
-0.0039308
-0.000467248
0.00075987
-0.00137844
-0.000121523
-0.00317287
-0.0211125
-0.00421532
-0.00313642
-0.0163453
-0.00340478
-0.00295215
-0.0117688
-0.00264161
-0.00258115
-0.00726765
-0.00183738
-0.00205015
-0.00388005
-0.00114938
-0.00127245
-0.00138423
-0.000693423
0.00322294
-0.0220375
-0.0033101
0.00316091
-0.0172614
-0.00252538
0.00298609
-0.0124883
-0.00178232
0.00255909
-0.00832914
-0.00116281
0.00192262
-0.00448659
-0.00063572
0.00116294
-0.00136637
-0.000400098
-0.0022592
-0.0220212
-0.00420702
-0.00224881
-0.0172233
-0.00337333
-0.00208151
-0.0125605
-0.00252358
-0.00181812
-0.00805847
-0.00168496
-0.00156971
-0.00434245
-0.000959592
-0.000896445
-0.00170069
-0.000384442
-0.000423997
-0.0258471
-0.00455397
0.000379643
-0.000579455
-5.56306e-05
0.00276902
-0.0263086
-0.00409694
-0.000808296
-0.000598864
-0.000369153
-0.00270325
-0.0263072
-0.00501252
4.72195e-06
6.00137e-05
-5.87603e-05
-0.000231114
-7.55907e-05
6.13832e-05
0.000217528
-4.62e-05
5.29253e-05
0.000490823
-0.026766
-0.00455306
0.000568423
-0.000500086
-0.000355269
-0.000450474
-0.000650494
-6.3837e-05
4.28583e-05
2.79283e-05
-5.2806e-05
0.00231358
-0.023495
-0.00370019
0.00228875
-0.0187503
-0.00289761
0.00220421
-0.0140154
-0.00209581
0.00207332
-0.00942423
-0.00131043
0.00155451
-0.00557842
-0.000690582
0.00107418
-0.00252475
-0.000292121
-0.00317182
-0.0234868
-0.0046176
-0.00316412
-0.0187314
-0.00380977
-0.00307909
-0.0140031
-0.00300534
-0.00280364
-0.00953872
-0.00226592
-0.00232214
-0.00550785
-0.00147566
-0.00171273
-0.00248112
-0.000877264
0.00322924
-0.0244118
-0.00370503
0.00320292
-0.0196497
-0.00291632
0.00309455
-0.0148764
-0.00215065
0.00282909
-0.0102555
-0.0014339
0.00223426
-0.00628305
-0.00085972
0.00157808
-0.00288356
-0.000493242
-0.00225593
-0.0244044
-0.00461474
-0.00225503
-0.0196268
-0.00379149
-0.00222261
-0.0148271
-0.00295348
-0.00194682
-0.0103056
-0.00210493
-0.00171013
-0.00614527
-0.00131734
-0.00135705
-0.00276586
-0.000643368
0.00275707
-0.0215852
-0.00330376
0.00270419
-0.0168281
-0.00250368
0.00255542
-0.012113
-0.00173422
0.00215777
-0.00798626
-0.0010258
0.00160975
-0.00423767
-0.000516842
0.00102926
-0.00138766
-0.000204831
-0.00269642
-0.0215686
-0.00420882
-0.00265651
-0.0167946
-0.00338418
-0.00247566
-0.0121751
-0.00259747
-0.00214249
-0.0076913
-0.00171995
-0.0017266
-0.00416563
-0.00102104
-0.00102518
-0.00160428
-0.000527381
0.000484318
-0.022028
-0.0037569
0.000451818
-0.0172368
-0.00294469
0.000403289
-0.0124698
-0.00214703
0.000368377
-0.00815035
-0.00143792
0.00015721
-0.00434808
-0.000791339
-6.84237e-06
-0.00139624
-0.000349031
-0.000431986
-0.0211166
-0.00375964
-0.000440066
-0.0163427
-0.00295589
-0.000417869
-0.011679
-0.00213672
-0.000327357
-0.00728942
-0.00141672
-0.000344366
-0.00381561
-0.000800293
-0.000256132
-0.00122544
-0.000312326
-0.000158193
-0.000467258
-9.96967e-05
0.0001153
-0.000391951
-0.000119912
3.48999e-05
-0.0263078
-0.00455548
-0.000653045
-0.000621354
-0.00014267
5.04925e-06
5.93508e-05
2.3939e-05
0.000586859
-0.000535428
-0.000158588
0.00276553
-0.0239558
-0.00370179
0.00273842
-0.0192044
-0.00290412
0.00264046
-0.0144587
-0.00211406
0.00245226
-0.00985734
-0.00135737
0.00186012
-0.00597876
-0.000736854
0.00133817
-0.00272581
-0.000347926
-0.00270197
-0.0239449
-0.00461565
-0.00267994
-0.0191823
-0.00379535
-0.00260041
-0.014439
-0.00297533
-0.00230476
-0.00990579
-0.00214768
-0.00195527
-0.00586348
-0.00137267
-0.00143731
-0.00269914
-0.000723911
0.000491748
-0.0244085
-0.00415819
0.00046953
-0.0196297
-0.00335476
0.000426093
-0.0148352
-0.00254541
0.000429154
-0.0102435
-0.00174285
0.000248494
-0.00615911
-0.00107744
4.82785e-05
-0.00272236
-0.000557704
-0.000427984
-0.02349
-0.00415988
-0.000436922
-0.0187346
-0.00335482
-0.000437076
-0.0139848
-0.00254888
-0.000371742
-0.00947657
-0.00179943
-0.00036268
-0.00545264
-0.00109413
-0.000313838
-0.00239504
-0.000538877
0.000622349
-0.000863333
-0.000225687
0.00215402
-0.0110517
-0.00163275
