0.00245888
-0.0269991
-0.00388042
-0.0032719
-0.0269959
-0.00483138
-0.000206554
-0.00011291
-5.22764e-05
8.98982e-05
3.01306e-05
2.0648e-05
0.00333444
-0.0279472
-0.00388302
-0.00239344
-0.0279492
-0.00482755
-7.92256e-05
7.72983e-06
3.1657e-05
0.000155407
-8.14208e-05
-5.51479e-05
0.00244869
-0.0220658
-0.00311993
0.00239861
-0.0170984
-0.0023458
0.00224571
-0.0121804
-0.00157495
0.00191894
-0.00781928
-0.000842152
0.00141032
-0.00410824
-0.000419194
0.000811896
-0.00144198
-0.00010263
-0.00327547
-0.0220509
-0.00406393
-0.00323788
-0.0170701
-0.00328591
-0.00304694
-0.0122892
-0.0025572
-0.00266177
-0.00759072
-0.0017805
-0.00211322
-0.00405313
-0.00112179
-0.00131153
-0.00144411
-0.000694033
0.00332802
-0.0230061
-0.00312939
0.00326296
-0.0180155
-0.00237868
0.00308079
-0.0130301
-0.00167043
0.00263818
-0.00868506
-0.00108897
0.00197761
-0.00467612
-0.000594441
0.00119369
-0.00142425
-0.000392056
-0.00239958
-0.0229889
-0.00405527
-0.0023877
-0.0179762
-0.00325319
-0.00221066
-0.0131065
-0.00243408
-0.00193215
-0.00840425
-0.00162153
-0.00166582
-0.00452937
-0.000924523
-0.000954374
-0.00177846
-0.000375519
-0.000403716
-0.0269978
-0.00435531
0.000408097
-0.000606795
-4.80465e-05
0.00289309
-0.0274744
-0.00388349
-0.000833967
-0.000622394
-0.000373273
-0.00282398
-0.0274729
-0.00482886
1.05676e-05
6.35722e-05
-6.00257e-05
-0.00024098
-7.94373e-05
6.29485e-05
0.000226321
-4.90082e-05
5.40286e-05
0.000473879
-0.0279466
-0.0043544
0.000583556
-0.000521219
-0.000358755
-0.000481267
-0.000683523
-5.55951e-05
4.08354e-05
2.92663e-05
-5.31838e-05
0.00245654
-0.0245404
-0.00350269
0.00243023
-0.0195832
-0.00273294
0.00234011
-0.0146367
-0.00196387
0.00219935
-0.00984248
-0.00121059
0.00165289
-0.00582859
-0.00062548
0.00114492
-0.00263973
-0.000260351
-0.00327441
-0.0245317
-0.00445004
-0.00326647
-0.019563
-0.00367472
-0.00317857
-0.0146232
-0.00290295
-0.0028928
-0.00996015
-0.00219717
-0.00239395
-0.00575316
-0.00143356
-0.0017653
-0.00259156
-0.000863961
0.00333473
-0.0254868
-0.00350781
0.00330694
-0.020511
-0.00275249
0.00319386
-0.0155242
-0.00202143
0.00291848
-0.0106981
-0.00133931
0.00230009
-0.00654956
-0.000801637
0.00162179
-0.00300495
-0.000469179
-0.00239622
-0.0254792
-0.00444708
-0.00239482
-0.0204873
-0.00365566
-0.00235926
-0.0154734
-0.00284893
-0.00206849
-0.0107516
-0.00202921
-0.00181613
-0.00640877
-0.00126868
-0.0014393
-0.00288693
-0.00062129
0.00288045
-0.0225393
-0.00312274
0.00282482
-0.0175689
-0.00235623
0.00266833
-0.0126436
-0.00162038
0.00225227
-0.00833459
-0.000946035
0.00167959
-0.00442165
-0.000471616
0.00107468
-0.0014478
-0.00019064
-0.00281683
-0.0225218
-0.00405719
-0.00277483
-0.017534
-0.00326466
-0.00258568
-0.0127082
-0.00251139
-0.00223732
-0.00802752
-0.0016589
-0.0018031
-0.00434701
-0.000989595
-0.00107243
-0.00167251
-0.000523888
0.00046714
-0.0229961
-0.00359059
0.000434092
-0.01799
-0.00281125
0.000384947
-0.0130111
-0.00204574
0.000351821
-0.00849855
-0.00137045
0.000136759
-0.00453305
-0.000752906
-2.66453e-05
-0.00145751
-0.000336635
-0.000412339
-0.0220553
-0.00359332
-0.000422033
-0.0170676
-0.00282206
-0.000400796
-0.0121958
-0.00203455
-0.000309955
-0.00761388
-0.00134725
-0.000332664
-0.00398668
-0.000761575
-0.000248108
-0.00127978
-0.000299999
-0.000151871
-0.000486222
-9.53599e-05
0.000109453
-0.00041005
-0.00011331
3.66644e-05
-0.0274735
-0.00435695
-0.000683867
-0.000647314
-0.000140686
4.65293e-06
6.21452e-05
2.33223e-05
0.000612612
-0.000558474
-0.000156959
0.00288938
-0.0250161
-0.00350441
0.00286078
-0.0200517
-0.00273977
0.00275763
-0.0150935
-0.00198327
0.00256024
-0.0102882
-0.00126039
0.0019409
-0.00623855
-0.000674275
0.0013964
-0.00284408
-0.000319203
-0.00282268
-0.0250047
-0.004448
-0.0027994
-0.0200286
-0.00365987
-0.00271606
-0.0150731
-0.002872
-0.00240677
-0.0103387
-0.00207417
-0.00204178
-0.00611907
-0.00132731
-0.00150159
-0.00281624
-0.000706343
0.000474904
-0.0254834
-0.00397571
0.000451833
-0.02049
-0.00320473
0.000407794
-0.0154812
-0.00242825
0.000413031
-0.0106862
-0.00165687
0.000229156
-0.00642141
-0.00102395
2.65812e-05
-0.00283874
-0.000533795
-0.000407993
-0.0245351
-0.00397733
-0.000417786
-0.0195666
-0.00320486
-0.000419737
-0.0146043
-0.00243128
-0.000354279
-0.00989544
-0.00171528
-0.000348881
-0.00569634
-0.00104035
-0.000304188
-0.00250267
-0.000513996
0.000638386
-0.000900979
-0.000218898
0.00222448
-0.0115316
-0.00153245
