0.00260186
-0.0281414
-0.00366479
-0.00337418
-0.0281379
-0.00464574
-0.00021324
-0.00011657
-5.47313e-05
9.54465e-05
3.06715e-05
2.30635e-05
0.00343954
-0.0291192
-0.00366759
-0.00253355
-0.0291213
-0.00464173
-8.42496e-05
7.22895e-06
3.44743e-05
0.000159257
-8.34498e-05
-5.72979e-05
0.00259109
-0.0229968
-0.00293701
0.00253767
-0.0178171
-0.00219594
0.00237577
-0.0126896
-0.00145737
0.00203028
-0.008148
-0.00075692
0.00149481
-0.00428197
-0.000370588
0.000863291
-0.00150392
-8.3529e-05
-0.00337779
-0.0229811
-0.00391066
-0.00333895
-0.0177869
-0.00316536
-0.00314103
-0.0128026
-0.00247138
-0.00274136
-0.00790801
-0.00172245
-0.0021751
-0.00422261
-0.00109337
-0.00134967
-0.00150249
-0.000694096
0.00343269
-0.0239663
-0.00294694
0.00336444
-0.0187616
-0.00223051
0.00317466
-0.0135643
-0.00155734
0.00271616
-0.00903504
-0.00101428
0.00203137
-0.00486168
-0.000552591
0.00122353
-0.00148058
-0.00038364
-0.00253994
-0.0239483
-0.00390161
-0.00252648
-0.0187209
-0.00313132
-0.00233939
-0.0136452
-0.00234306
-0.00204547
-0.00874396
-0.00155684
-0.00176103
-0.00471242
-0.00088865
-0.00101165
-0.00185449
-0.000366224
-0.000383349
-0.0281401
-0.00415461
0.000436198
-0.000633385
-4.03589e-05
0.00301692
-0.0286316
-0.00366808
-0.000858985
-0.00064524
-0.000377069
-0.00294457
-0.02863
-0.0046431
1.64161e-05
6.71022e-05
-6.12447e-05
-0.000250654
-8.32095e-05
6.44728e-05
0.000234927
-5.17573e-05
5.50952e-05
0.000456757
-0.0291185
-0.00415368
0.000598212
-0.000541705
-0.000361935
-0.000511682
-0.000715774
-4.72508e-05
3.87751e-05
3.05998e-05
-5.35159e-05
0.00259939
-0.0255775
-0.00330332
0.0025715
-0.020408
-0.0025666
0.00247559
-0.0152505
-0.00183051
0.00232475
-0.0102542
-0.00110965
0.00175038
-0.00607399
-0.000559633
0.00121485
-0.00275208
-0.000228201
-0.00337673
-0.0255682
-0.00428048
-0.00336851
-0.0203864
-0.00353788
-0.00327753
-0.0152357
-0.00279901
-0.00298111
-0.0103751
-0.00212716
-0.0024646
-0.00599377
-0.00139046
-0.00181673
-0.00269951
-0.000849987
0.00343984
-0.0265534
-0.00330874
0.00341048
-0.021364
-0.00258706
0.00329248
-0.0161641
-0.00189087
0.0030069
-0.0111339
-0.00124369
0.0023647
-0.00681101
-0.000742849
0.00166436
-0.00312354
-0.000444658
-0.0025365
-0.0265454
-0.00427741
-0.00253456
-0.0213394
-0.003518
-0.0024957
-0.0161119
-0.00274274
-0.00218956
-0.0111907
-0.0019521
-0.00192131
-0.00666727
-0.001219
-0.00152066
-0.00300531
-0.000598632
0.00300353
-0.023485
-0.00293997
0.00294503
-0.0183017
-0.00220726
0.0027806
-0.0131669
-0.00150531
0.00234589
-0.00867713
-0.000865372
0.00174842
-0.00460179
-0.000425846
0.00111932
-0.00150637
-0.000176212
-0.00293706
-0.0234667
-0.00390364
-0.00289285
-0.0182654
-0.00314343
-0.00269514
-0.0132341
-0.00242387
-0.00233131
-0.00835785
-0.00159663
-0.00187864
-0.00452464
-0.00095736
-0.00111895
-0.00173908
-0.000519958
0.000449767
-0.0239557
-0.00342245
0.000416132
-0.0187349
-0.0026762
0.000366361
-0.0135448
-0.00194309
0.000335049
-0.00884071
-0.00130197
0.000116141
-0.00471411
-0.0007138
-4.64693e-05
-0.0015172
-0.000323911
-0.000392633
-0.0229857
-0.00342517
-0.00040397
-0.0177845
-0.00268662
-0.000383661
-0.0127053
-0.001931
-0.00029243
-0.00793256
-0.00127674
-0.000320821
-0.0041541
-0.000722178
-0.000239928
-0.00133266
-0.000287369
-0.000145432
-0.000504561
-9.09084e-05
0.000103507
-0.000427575
-0.00010659
3.83871e-05
-0.0286307
-0.00415638
-0.000714182
-0.000672549
-0.000138557
4.25976e-06
6.49179e-05
2.26886e-05
0.000637884
-0.000580825
-0.000155164
0.00301297
-0.0260681
-0.00330516
0.00298281
-0.0208908
-0.00257379
0.00287426
-0.0157207
-0.00185109
0.00266748
-0.0107123
-0.00116232
0.00202066
-0.00649344
-0.000610974
0.00145369
-0.00295964
-0.000290097
-0.00294322
-0.0260561
-0.00427835
-0.00291863
-0.0208667
-0.00352257
-0.00283131
-0.0156996
-0.00276708
-0.00250803
-0.010765
-0.00199931
-0.00212735
-0.00636982
-0.00128094
-0.00156495
-0.00293071
-0.000688181
0.000457884
-0.0265499
-0.00379129
0.000433914
-0.021342
-0.00305298
0.000389245
-0.0161193
-0.00230961
0.000396701
-0.0111222
-0.00156967
0.0002096
-0.00667865
-0.000969598
4.79958e-06
-0.00295241
-0.000509388
-0.00038793
-0.0255718
-0.00379285
-0.000398605
-0.0203903
-0.00305319
-0.000402363
-0.0152162
-0.00231219
-0.000336715
-0.0103078
-0.00162993
-0.000334965
-0.00593527
-0.000985709
-0.000294379
-0.00260778
-0.000488626
0.000653944
-0.000937546
-0.000211886
0.00229428
-0.0120044
-0.00143099
