0.00274468
-0.0292748
-0.0034473
-0.00347614
-0.0292711
-0.004458
-0.000219758
-0.000120132
-5.71444e-05
0.000100919
3.11993e-05
2.54606e-05
0.0035442
-0.030282
-0.0034503
-0.0026736
-0.0302843
-0.0044538
-8.92059e-05
6.72925e-06
3.72679e-05
0.00016297
-8.53989e-05
-5.94036e-05
0.00273327
-0.0239194
-0.00275245
0.00267638
-0.0185277
-0.00204465
0.00250524
-0.0131915
-0.00133862
0.0021408
-0.00847096
-0.00067082
0.00157839
-0.00445197
-0.000321489
0.000914034
-0.00156427
-6.42492e-05
-0.00347978
-0.0239027
-0.00375549
-0.00343958
-0.0184956
-0.00304315
-0.0032344
-0.0133087
-0.00238418
-0.00281989
-0.00821947
-0.00166323
-0.00223578
-0.00438847
-0.00106412
-0.00138685
-0.00155938
-0.000693612
0.0035369
-0.0249177
-0.00276288
0.0034653
-0.0194992
-0.00208098
0.00326765
-0.0140909
-0.00144316
0.002793
-0.00937892
-0.000938824
0.00208387
-0.00504319
-0.000510226
0.00125246
-0.00153534
-0.000374874
-0.00268024
-0.0248988
-0.00374603
-0.00266508
-0.0194572
-0.00300771
-0.00246765
-0.0141763
-0.00225054
-0.00215803
-0.00907748
-0.00149091
-0.00185533
-0.00489154
-0.000851983
-0.00106825
-0.00192872
-0.000356559
-0.000362898
-0.0292734
-0.00395192
0.000463936
-0.000659225
-3.25811e-05
0.00314043
-0.0297798
-0.00345081
-0.000883347
-0.000667402
-0.000380539
-0.00306493
-0.0297781
-0.00445522
2.22638e-05
7.06011e-05
-6.24181e-05
-0.000260134
-8.69064e-05
6.59569e-05
0.000243344
-5.4446e-05
5.61239e-05
0.000439455
-0.0302813
-0.00395098
0.00061239
-0.000561532
-0.000364817
-0.000541706
-0.000747233
-3.8806e-05
3.66793e-05
3.1929e-05
-5.38031e-05
0.00274205
-0.0266059
-0.00310221
0.00271251
-0.0212244
-0.00239874
0.00261061
-0.0158564
-0.00169585
0.00244948
-0.0106592
-0.00100768
0.00184695
-0.00631458
-0.000493116
0.00128394
-0.00286181
-0.000195715
-0.00347873
-0.026596
-0.00410893
-0.00347017
-0.0212015
-0.00339927
-0.00337594
-0.0158404
-0.00269352
-0.00306852
-0.0107834
-0.00205589
-0.00253407
-0.00622963
-0.00134636
-0.00186702
-0.00280496
-0.000835346
0.00354451
-0.0276111
-0.00310794
0.00351351
-0.0222084
-0.00242014
0.00339037
-0.0167959
-0.00175909
0.00309432
-0.0115627
-0.00114712
0.00242805
-0.00706729
-0.000683424
0.0017058
-0.00323927
-0.00041972
-0.00267672
-0.0276026
-0.00410574
-0.00267418
-0.0221829
-0.00337852
-0.00263186
-0.0167422
-0.00263493
-0.00230999
-0.0116229
-0.0018736
-0.00202564
-0.00692065
-0.00116829
-0.00160112
-0.00312095
-0.000575398
0.00312626
-0.0244221
-0.00275556
0.00306477
-0.0190262
-0.0020569
0.00289216
-0.0136827
-0.00138911
0.00243856
-0.00901375
-0.000783895
0.00181621
-0.00477803
-0.000379589
0.00116317
-0.00156332
-0.000161573
-0.00305705
-0.0244029
-0.0037482
-0.00301051
-0.0189885
-0.0030205
-0.00280399
-0.0137525
-0.00233491
-0.00242441
-0.00868219
-0.00153316
-0.00195318
-0.00469847
-0.00092434
-0.00116472
-0.00180398
-0.000515591
0.000432199
-0.0249065
-0.00325254
0.000397939
-0.0194714
-0.0025396
0.000347536
-0.0140708
-0.00183914
0.000318066
-0.00917669
-0.00123252
9.53637e-05
-0.00489118
-0.000674055
-6.63037e-05
-0.0015753
-0.000310873
-0.000372872
-0.0239076
-0.00325525
-0.000385881
-0.0184932
-0.00254963
-0.000366469
-0.0132076
-0.00182614
-0.000274786
-0.00824541
-0.00120523
-0.000308844
-0.00431785
-0.000682137
-0.000231599
-0.00138409
-0.00027445
-0.00013888
-0.000522279
-8.6349e-05
9.74676e-05
-0.000444515
-9.97599e-05
4.00656e-05
-0.0297788
-0.00395382
-0.000743982
-0.000697056
-0.000136281
3.87054e-06
6.76681e-05
2.20389e-05
0.000662667
-0.000602475
-0.000153215
0.00313624
-0.0271112
-0.00310416
0.00310443
-0.0217214
-0.00240628
0.00299031
-0.0163399
-0.00171764
0.00277393
-0.0111295
-0.00106327
0.00209939
-0.00674334
-0.000547021
0.00151004
-0.00307244
-0.00026065
-0.00306355
-0.0270986
-0.0041067
-0.00303757
-0.0216962
-0.00338347
-0.0029461
-0.0163181
-0.00266057
-0.00260851
-0.0111845
-0.0019231
-0.00221197
-0.00661564
-0.00123359
-0.00162737
-0.00304252
-0.000669429
0.000440686
-0.0276073
-0.00360499
0.000415775
-0.0221853
-0.00289957
0.00037045
-0.0167492
-0.00218955
0.000380167
-0.011551
-0.0014813
0.000189831
-0.00693074
-0.000914434
-1.70555e-05
-0.00306332
-0.000484506
-0.000367796
-0.0265998
-0.0036065
-0.000379382
-0.0212057
-0.00289985
-0.000384958
-0.0158202
-0.00219168
-0.000319055
-0.0107134
-0.00154345
-0.000320938
-0.00616941
-0.000930242
-0.000284418
-0.00271036
-0.000462793
0.000669022
-0.000973018
-0.000204666
0.00236336
-0.01247
-0.00132846
