0.00331274
-0.0337099
-0.00256112
-0.00387926
-0.0337049
-0.00368615
-0.000244156
-0.000133411
-6.63594e-05
0.000122013
3.31732e-05
3.48401e-05
0.00395692
-0.03483
-0.002565
-0.00323177
-0.0348329
-0.00368105
-0.000108325
4.75214e-06
4.81871e-05
0.000176458
-9.23979e-05
-6.73896e-05
0.00329842
-0.0275173
-0.00200024
0.00322628
-0.0212844
-0.00142765
0.00301588
-0.0151234
-0.000853885
0.00257383
-0.00970449
-0.00031958
0.00190299
-0.00509482
-0.00012141
0.00111021
-0.00178997
1.40605e-05
-0.00388292
-0.0274965
-0.00311617
-0.00383626
-0.0212445
-0.00253795
-0.00359954
-0.0152587
-0.00202177
-0.00312273
-0.00940648
-0.00141506
-0.00246615
-0.00501585
-0.000939159
-0.00152607
-0.00177221
-0.00068627
0.00394753
-0.0286261
-0.00201285
0.00386118
-0.0223591
-0.0014715
0.00362984
-0.0161162
-0.000977579
0.00308827
-0.0106915
-0.00063094
0.00228114
-0.00572801
-0.000336779
0.00135914
-0.00173836
-0.000336809
-0.00323932
-0.0286035
-0.0031048
-0.00321634
-0.0223116
-0.00249638
-0.00297483
-0.0162208
-0.00186583
-0.00259985
-0.0103477
-0.00121524
-0.00222264
-0.00556795
-0.000697704
-0.00128758
-0.00220756
-0.000314311
-0.000280275
-0.0337081
-0.00312254
0.000571104
-0.000755275
-8.49598e-07
0.00362988
-0.0342717
-0.00256557
-0.000974236
-0.000749404
-0.000391187
-0.00354281
-0.0342696
-0.00368272
4.55738e-05
8.42359e-05
-6.66759e-05
-0.000296102
-0.000100944
7.151e-05
0.000275093
-6.45849e-05
5.98432e-05
0.000368368
-0.0348291
-0.00312154
0.0006644
-0.000634197
-0.000373595
-0.000657717
-0.000865018
-4.08271e-06
2.79851e-05
3.72026e-05
-5.45232e-05
0.00330942
-0.0306241
-0.00228268
0.00327239
-0.024401
-0.00171437
0.00314469
-0.018199
-0.00114647
0.00294052
-0.0122112
-0.000591657
0.00222339
-0.00722865
-0.000221885
0.0015516
-0.0032747
-6.33307e-05
-0.003882
-0.0306117
-0.00340293
-0.00387166
-0.0243723
-0.00282732
-0.00376274
-0.0181781
-0.00225644
-0.00340835
-0.0123496
-0.00175857
-0.00279976
-0.00712553
-0.00116031
-0.00205663
-0.00320196
-0.000770271
0.00395724
-0.0317415
-0.00228977
0.00391889
-0.0254919
-0.00173989
0.00377339
-0.0192369
-0.00122192
0.00343307
-0.013205
-0.00075333
0.00266847
-0.00803951
-0.000440783
0.00186005
-0.00367326
-0.000316641
-0.00323559
-0.0317314
-0.00339914
-0.00323013
-0.0254623
-0.00280265
-0.00317243
-0.0191772
-0.00218787
-0.0027843
-0.013279
-0.00154621
-0.00243363
-0.00788189
-0.000955689
-0.00191331
-0.00355572
-0.000476928
0.00361222
-0.0280758
-0.00200402
0.00353762
-0.0218362
-0.00144382
0.00333026
-0.0156677
-0.000915133
0.00279915
-0.0102997
-0.000451577
0.00207654
-0.00544373
-0.000190917
0.00133052
-0.0017752
-0.000101479
-0.00353322
-0.0280527
-0.00310759
-0.00347637
-0.0217926
-0.00251215
-0.00323222
-0.0157492
-0.00196514
-0.00278719
-0.00991839
-0.00126762
-0.00224103
-0.00535548
-0.000784705
-0.00134014
-0.0020469
-0.000493838
0.000359918
-0.0286123
-0.00255653
0.00032286
-0.0223266
-0.00197906
0.000269944
-0.016094
-0.00141163
0.000248105
-0.010457
-0.000946032
1.08745e-05
-0.00555881
-0.000509399
-0.000145529
-0.00179153
-0.00025589
-0.000293268
-0.0275025
-0.00255924
-0.00031326
-0.021242
-0.00198761
-0.00029719
-0.015141
-0.00139481
-0.000203145
-0.00943789
-0.000910345
-0.000259708
-0.00493643
-0.000516269
-0.000196922
-0.00157562
-0.00022023
-0.000111676
-0.00058716
-6.71849e-05
7.24925e-05
-0.000506375
-7.1497e-05
4.62895e-05
-0.0342704
-0.00312504
-0.000857908
-0.000787865
-0.000125723
2.36528e-06
7.84274e-05
1.93016e-05
0.000756852
-0.000682097
-0.000144125
0.00362457
-0.0311861
-0.00228513
0.00358548
-0.0249523
-0.00172349
0.00344737
-0.018733
-0.0011734
0.00319074
-0.0127278
-0.000659211
0.00240332
-0.00769242
-0.000286218
0.00172559
-0.00349604
-0.000140345
-0.00354126
-0.0311709
-0.00340021
-0.00350908
-0.0249226
-0.00280929
-0.00339953
-0.0187086
-0.00221909
-0.00300173
-0.0127926
-0.0016052
-0.00254018
-0.00754894
-0.0010346
-0.00186744
-0.00346298
-0.00058871
0.000370043
-0.031737
-0.00284236
0.000340994
-0.025464
-0.00227069
0.000292862
-0.0191823
-0.00169633
0.000312068
-0.0131936
-0.00111735
0.000108808
-0.00788632
-0.000686542
-0.000104984
-0.00347899
-0.000380754
-0.000286571
-0.0306166
-0.00284363
-0.000302068
-0.0243779
-0.00227127
-0.000315043
-0.0181549
-0.00169665
-0.000247567
-0.0122683
-0.00118729
-0.000263808
-0.00705786
-0.000701059
-0.000243176
-0.00309578
-0.000355371
0.000724558
-0.00110394
-0.000174052
0.00263191
-0.0142566
-0.000909344
