0.00359358
-0.0358612
-0.00210992
-0.00407669
-0.0358555
-0.00328778
-0.000255374
-0.000139488
-7.06969e-05
0.000132073
3.40732e-05
3.93901e-05
0.00415839
-0.0370334
-0.00211425
-0.00350842
-0.0370366
-0.00328218
-0.000117452
3.78155e-06
5.34848e-05
0.000182416
-9.54323e-05
-7.113e-05
0.0035776
-0.029256
-0.00161741
0.00349714
-0.0226087
-0.00111369
0.00326596
-0.0160429
-0.000607249
0.0027843
-0.0102864
-0.000141193
0.00205918
-0.00539455
-2.00597e-05
0.0012041
-0.00189387
5.35029e-05
-0.00408032
-0.029233
-0.00278549
-0.00402993
-0.0225646
-0.00227583
-0.00377623
-0.0161881
-0.00183272
-0.00326692
-0.00996503
-0.00128453
-0.00257383
-0.00530848
-0.000872149
-0.00159004
-0.00187022
-0.000679476
0.00414784
-0.0304156
-0.00163122
0.00405343
-0.0237305
-0.00116156
0.0038042
-0.0170783
-0.000740895
0.0032282
-0.0113093
-0.000474521
0.00237209
-0.00604567
-0.000248487
0.00140717
-0.00183044
-0.000316349
-0.00351635
-0.030391
-0.00277305
-0.0034889
-0.0236802
-0.00223091
-0.00322397
-0.0171931
-0.00166515
-0.00281509
-0.010944
-0.00107071
-0.00239999
-0.00588216
-0.000616331
-0.00139284
-0.0023362
-0.00029117
-0.000238466
-0.0358591
-0.00269754
0.000622364
-0.000799161
1.51866e-05
0.00387054
-0.0364492
-0.00211487
-0.00101583
-0.000786646
-0.000394635
-0.00377836
-0.0364469
-0.00328399
5.71309e-05
9.0805e-05
-6.8562e-05
-0.000312924
-0.000107524
7.40715e-05
0.000289831
-6.92883e-05
6.14589e-05
0.000331638
-0.0370324
-0.00269651
0.000687685
-0.000666622
-0.000376509
-0.000713203
-0.000919137
1.37806e-05
2.34853e-05
3.98105e-05
-5.46453e-05
0.00358987
-0.03257
-0.00186552
0.00354865
-0.025932
-0.0013661
0.00340709
-0.0193199
-0.00086695
0.00318049
-0.0129462
-0.000380215
0.0024053
-0.00765721
-8.42897e-05
0.00168
-0.00346611
3.66166e-06
-0.00407951
-0.0325563
-0.00303818
-0.00406808
-0.0259002
-0.00253107
-0.00395099
-0.0192965
-0.00202915
-0.00357168
-0.013092
-0.00160285
-0.002925
-0.00754543
-0.0010618
-0.00214449
-0.00338611
-0.000734018
0.00415872
-0.0337392
-0.00187336
0.0041163
-0.0270719
-0.00139387
0.00395874
-0.0204027
-0.00094885
0.00359519
-0.013981
-0.000553266
0.00278069
-0.0084936
-0.000317502
0.00193035
-0.00387301
-0.000263717
-0.00351259
-0.0337282
-0.00303404
-0.00350535
-0.0270403
-0.00250423
-0.00343915
-0.02034
-0.00195524
-0.00301625
-0.0140623
-0.00137493
-0.00263156
-0.00833096
-0.000843928
-0.00206336
-0.00375656
-0.000424608
0.00385095
-0.0298402
-0.00162155
0.00376924
-0.023185
-0.00113194
0.0035435
-0.0166118
-0.000674133
0.00297282
-0.0109061
-0.000282826
0.00220004
-0.00575331
-9.52645e-05
0.00140932
-0.00187186
-7.09048e-05
-0.00376781
-0.029815
-0.0027762
-0.00370527
-0.0231383
-0.00224831
-0.00344117
-0.0166997
-0.00177225
-0.00296228
-0.0104996
-0.0011283
-0.0023785
-0.00566126
-0.000710652
-0.0014232
-0.00215861
-0.000480501
0.000322533
-0.0304004
-0.00219962
0.000283959
-0.0236955
-0.00169126
0.000229852
-0.0170551
-0.00119179
0.000211978
-0.0110583
-0.000798343
-3.20375e-05
-0.00586832
-0.000424233
-0.000184926
-0.0018901
-0.000226953
-0.000253108
-0.0292396
-0.00220235
-0.000276758
-0.022562
-0.0016991
-0.000262256
-0.0160616
-0.00117297
-0.00016676
-0.00999911
-0.000758406
-0.000234477
-0.00522447
-0.000430495
-0.000178872
-0.00166333
-0.000191856
-9.75733e-05
-0.000616257
-5.71662e-05
5.9603e-05
-0.000533841
-5.69227e-05
4.90776e-05
-0.0364478
-0.00270036
-0.000911691
-0.000829105
-0.000119606
1.64959e-06
8.36496e-05
1.78649e-05
0.000800992
-0.000717867
-0.000138993
0.00386462
-0.0331582
-0.00186822
0.00382152
-0.0265082
-0.00137609
0.00367057
-0.019877
-0.0008966
0.00339296
-0.0134839
-0.000453865
0.00254838
-0.00813672
-0.000153902
0.00182737
-0.00369163
-7.93224e-05
-0.00377671
-0.0331415
-0.00303518
-0.0037411
-0.0264761
-0.00251181
-0.00362176
-0.0198513
-0.00198944
-0.00319243
-0.0135538
-0.00143883
-0.00269775
-0.00798571
-0.000929743
-0.00198155
-0.00365746
-0.000545132
0.00033355
-0.0337342
-0.00245146
0.000302263
-0.0270415
-0.00194804
0.000252685
-0.0203439
-0.00144291
0.000276889
-0.0139699
-0.000929981
6.72666e-05
-0.00833228
-0.000568952
-0.000149088
-0.0036702
-0.000326754
-0.000245529
-0.0325616
-0.00245261
-0.000263128
-0.0259065
-0.00194877
-0.000279885
-0.0192715
-0.00144231
-0.000211371
-0.0130048
-0.00100394
-0.000234684
-0.00747381
-0.00058279
-0.000221811
-0.00327411
-0.000299635
0.000749527
-0.001163
-0.000157956
0.00276091
-0.0151033
-0.000695699
