0.00702147
-0.0691463
0.00230763
-0.00737779
-0.0691453
-0.000565649
-0.000502796
-0.000278679
-0.000156274
0.000321451
5.30139e-05
0.000117445
0.00721738
-0.0720101
0.00229713
-0.00717175
-0.072011
-0.000555493
-0.000292758
-1.70318e-05
0.000146988
0.00033376
-0.0001825
-0.00014062
0.00700697
-0.0567688
0.00248414
0.00692629
-0.0443916
0.00259159
0.00664577
-0.0321843
0.00252443
0.00588081
-0.0212203
0.00231401
0.00462791
-0.0115767
0.00148224
0.0028738
-0.00426795
0.000680865
-0.0073619
-0.0567459
-0.000334623
-0.00720934
-0.0443568
-8.66451e-05
-0.00673197
-0.0324362
-6.00414e-05
-0.00586108
-0.0206854
-6.14713e-06
-0.0047063
-0.0113615
-0.000228924
-0.00298378
-0.00410773
-0.000785867
0.00719343
-0.0595842
0.00246095
0.00701061
-0.0470243
0.0025213
0.00656512
-0.0344957
0.00232514
0.00563566
-0.0233169
0.00177548
0.00420553
-0.0128974
0.00109959
0.00249541
-0.0041493
-1.88501e-05
-0.00719071
-0.0595262
-0.000300967
-0.00717946
-0.0469081
2.11228e-06
-0.00678018
-0.0346607
0.000230168
-0.00612962
-0.0227249
0.000353806
-0.00537471
-0.0126029
0.000234557
-0.00328101
-0.00527084
-8.18209e-05
-0.000171893
-0.0691455
0.000869567
0.0015612
-0.00186126
0.000268834
0.00710786
-0.0705835
0.00229778
-0.0019457
-0.00171124
-0.000579153
-0.00726018
-0.0705804
-0.00055614
0.000225945
0.000200303
-0.000113598
-0.000658349
-0.000246397
0.000125712
0.000599312
-0.000172881
0.000109379
2.99789e-05
-0.0720063
0.000870553
0.00123387
-0.00156485
-0.000474595
-0.00175317
-0.002222
0.000246688
-3.64788e-05
7.03062e-05
-6.98606e-05
0.0070178
-0.0629716
0.00239591
0.00697791
-0.0505676
0.00255462
0.00682499
-0.038278
0.00257281
0.00652332
-0.0263663
0.00243901
0.00525189
-0.0161079
0.00188669
0.0038821
-0.00760416
0.00102852
-0.00737713
-0.062957
-0.000462219
-0.00731021
-0.0505407
-0.00019986
-0.00704218
-0.0382729
-1.43429e-05
-0.00637796
-0.026604
-0.000103878
-0.00529697
-0.0158837
-8.54806e-05
-0.00396753
-0.00737038
-0.000456198
0.00721632
-0.0658244
0.00238316
0.00712947
-0.0533075
0.00251077
0.00683148
-0.0407624
0.00245164
0.00622839
-0.0285769
0.00217126
0.00489895
-0.01782
0.00151011
0.00343435
-0.00842452
0.000558307
-0.00718104
-0.0657958
-0.000447661
-0.00719218
-0.0532215
-0.000142286
-0.0071165
-0.0406308
0.000117778
-0.00645669
-0.0287075
0.000285337
-0.00581003
-0.0175314
0.000298202
-0.00468741
-0.0082479
0.00011781
0.00707942
-0.0581877
0.00247847
0.00695331
-0.0457294
0.00257658
0.00661548
-0.0334285
0.00244019
0.00569062
-0.0224528
0.002089
0.00437614
-0.0122834
0.00136211
0.00289711
-0.00420463
0.000440602
-0.00722937
-0.0581522
-0.000306481
-0.00709977
-0.0456737
-2.39123e-05
-0.00664564
-0.0335727
5.13133e-05
-0.00584874
-0.0217965
0.000258705
-0.00481551
-0.0121074
5.5279e-05
-0.00300263
-0.00473406
-0.000435275
6.78136e-06
-0.0595495
0.00108053
-8.68294e-05
-0.0469451
0.0012634
-0.000195362
-0.034446
0.00129366
-0.000196985
-0.0229004
0.00101642
-0.000587421
-0.0125718
0.000681834
-0.000780781
-0.00430649
0.000147307
-0.000179817
-0.0567496
0.00106913
-0.000158234
-0.0443385
0.00123424
-6.71238e-05
-0.0322238
0.00131339
0.000111677
-0.0207367
0.00109575
-1.77339e-05
-0.0112307
0.000674527
-1.14335e-05
-0.00373664
0.00018735
4.69684e-05
-0.00139456
9.06296e-05
-0.000109883
-0.00133683
0.000166395
-6.95204e-05
-0.0705814
0.000864692
-0.001959
-0.00186473
-7.56073e-05
-2.06771e-05
0.000160816
6.55083e-06
0.00166978
-0.00166688
-5.49832e-05
0.00709853
-0.0644054
0.00239104
0.00703387
-0.0519519
0.00254422
0.00681003
-0.0395512
0.00253832
0.00638264
-0.0275005
0.00232367
0.00498086
-0.0170582
0.00178355
0.00369369
-0.00803973
0.000887984
-0.00725447
-0.0643823
-0.000450519
-0.00717556
-0.051903
-0.000150232
-0.00694787
-0.0395226
6.52365e-05
-0.00623501
-0.0276171
0.000177754
-0.00538791
-0.0168025
0.000145361
-0.00407765
-0.00795655
-0.000121924
3.00429e-05
-0.0658119
0.000970754
-3.50481e-05
-0.0532465
0.00117591
-0.00014851
-0.0406489
0.00129491
-0.000113442
-0.0285533
0.00127039
-0.000428681
-0.0175335
0.000921196
-0.000773494
-0.00805105
0.000381626
-0.000177622
-0.0629642
0.000963305
-0.000176332
-0.0505363
0.00117071
-0.000129678
-0.0382157
0.00128419
3.58095e-05
-0.0264525
0.00114621
1.03057e-06
-0.0157729
0.000901424
-3.32425e-05
-0.00718582
0.000433519
0.00131089
-0.0027047
9.65063e-05
0.00478583
-0.030676
0.00205456
