0.0044127
-0.0419951
-0.000734093
-0.00464132
-0.0419871
-0.00204426
-0.000285441
-0.000155718
-8.26373e-05
0.000160324
3.63986e-05
5.24196e-05
0.00473206
-0.0432973
-0.00073981
-0.00431805
-0.0433014
-0.00203698
-0.000143125
9.55529e-07
6.86976e-05
0.000197506
-0.000102878
-8.1444e-05
0.0043912
-0.0341952
-0.000452733
0.00428411
-0.0263478
-0.00016094
0.00398815
-0.0186152
0.000139168
0.0033876
-0.0118996
0.000395716
0.00250232
-0.00621547
0.000283095
0.00146907
-0.00217491
0.00017013
-0.00464476
-0.034165
-0.00175147
-0.00458224
-0.026291
-0.00145424
-0.00427546
-0.0187908
-0.00123715
-0.00366717
-0.0115088
-0.000870627
-0.0028667
-0.0061101
-0.000655692
-0.00176076
-0.00213527
-0.000648063
0.00471773
-0.0354812
-0.000470363
0.00459792
-0.0275862
-0.00022138
0.00429353
-0.0197553
-2.47794e-05
0.0036141
-0.0130098
-2.93498e-06
0.00261484
-0.00690519
1.71553e-05
0.0015318
-0.00207252
-0.000251911
-0.00432686
-0.0354504
-0.00173553
-0.00428434
-0.0275276
-0.00139872
-0.00394631
-0.0199017
-0.00103413
-0.00343395
-0.0125809
-0.000614973
-0.00290493
-0.0067344
-0.000358568
-0.00169057
-0.0026823
-0.00021515
-0.00011085
-0.0419922
-0.00138713
0.00076699
-0.000917014
6.26169e-05
0.00456541
-0.0426486
-0.000740557
-0.00112643
-0.000885772
-0.000398334
-0.00446073
-0.0426456
-0.00203928
9.10979e-05
0.000109339
-7.34059e-05
-0.000359042
-0.000125683
8.1007e-05
0.000329803
-8.20611e-05
6.5334e-05
0.000216304
-0.0432958
-0.00138593
0.000747837
-0.000749978
-0.000380746
-0.000869634
-0.00106413
6.87241e-05
9.62408e-06
4.74656e-05
-5.42307e-05
0.00440765
-0.0381096
-0.000594902
0.00435277
-0.0302696
-0.000307862
0.00416746
-0.0224718
-1.98677e-05
0.00387199
-0.0149912
0.000257826
0.00292364
-0.00883763
0.000328723
0.00204309
-0.00398739
0.000203353
-0.00464439
-0.0380912
-0.00189865
-0.00462926
-0.0302281
-0.00160375
-0.00448612
-0.0224413
-0.0013154
-0.00402981
-0.0151598
-0.00111026
-0.00326889
-0.00870141
-0.000747539
-0.00238127
-0.00388781
-0.000612476
0.00473239
-0.0394077
-0.000605094
0.00467703
-0.0315306
-0.00034275
0.00448179
-0.023665
-0.000121675
0.00404736
-0.0161276
5.06667e-05
0.00308458
-0.00973241
5.35039e-05
0.00211547
-0.00440829
-0.000103529
-0.00432322
-0.0393938
-0.00189331
-0.00430969
-0.0314928
-0.00156993
-0.0042158
-0.0235938
-0.00122486
-0.00368574
-0.0162308
-0.000835352
-0.00319795
-0.00955695
-0.000490827
-0.00248837
-0.00429776
-0.000257724
0.00453961
-0.0348433
-0.000458027
0.00443536
-0.0269854
-0.000185718
0.00415279
-0.0192463
5.48788e-05
0.00346361
-0.012582
0.000225296
0.00254342
-0.00659592
0.000191095
0.00162675
-0.00212918
2.02793e-05
-0.00444704
-0.0348115
-0.00173988
-0.00436632
-0.0269291
-0.00142136
-0.00404031
-0.0193542
-0.00116502
-0.0034586
-0.0121012
-0.000688377
-0.00276399
-0.00649427
-0.00047452
-0.00165401
-0.00245876
-0.000431973
0.000205189
-0.0354616
-0.00109972
0.000162111
-0.0275436
-0.000804693
0.0001051
-0.0197291
-0.000514803
9.96403e-05
-0.01271
-0.000343218
-0.00016216
-0.0067055
-0.000161679
-0.000301284
-0.0021511
-0.000136334
-0.00013079
-0.0341735
-0.00110253
-0.000165904
-0.0262878
-0.000810495
-0.000156072
-0.018637
-0.0004899
-5.58119e-05
-0.0115507
-0.000290778
-0.000156584
-0.00601228
-0.000166193
-0.000122625
-0.00189927
-0.000103693
-5.39725e-05
-0.000692742
-2.62547e-05
1.99827e-05
-0.000604009
-1.23272e-05
5.60177e-05
-0.0426467
-0.00139094
-0.00106076
-0.000938369
-9.83882e-05
-3.37191e-07
9.85856e-05
1.33844e-05
0.000922254
-0.000811159
-0.000122547
0.00455752
-0.0387631
-0.000598375
0.00450162
-0.0309075
-0.000320619
0.00431047
-0.0230862
-5.79842e-05
0.00396885
-0.0155811
0.00016592
0.00295442
-0.00935503
0.000243354
0.00210903
-0.00421963
0.000102962
-0.00445874
-0.0387416
-0.00189474
-0.00441212
-0.0308681
-0.00158059
-0.0042619
-0.0230568
-0.00126845
-0.00373585
-0.0156673
-0.000914111
-0.00314205
-0.00918298
-0.000597312
-0.00229997
-0.00418356
-0.000403688
0.000218983
-0.0394013
-0.00124647
0.000180772
-0.0314922
-0.000953979
0.000127203
-0.0235939
-0.000662402
0.000167213
-0.0161173
-0.000353084
-6.02852e-05
-0.00954807
-0.000206859
-0.000280754
-0.00418257
-0.000159402
-0.000120381
-0.0380984
-0.00124732
-0.000144672
-0.0302363
-0.000955183
-0.000173113
-0.0224107
-0.000659079
-0.000101208
-0.0150545
-0.000439163
-0.000145334
-0.00861758
-0.000218643
-0.00015538
-0.00375879
-0.000127574
0.000814159
-0.00131754
-0.00010828
0.00312239
-0.0174534
-4.72145e-05
