0.00480283
-0.0448515
-3.84494e-05
-0.00490142
-0.0448423
-0.00139667
-0.000298706
-0.000162874
-8.80363e-05
0.000173426
3.73389e-05
5.85727e-05
0.0049951
-0.0462006
-4.48246e-05
-0.00470507
-0.0462053
-0.00138852
-0.000155057
-4.1243e-07
7.59173e-05
0.000203737
-0.000105823
-8.61568e-05
0.00477848
-0.0364898
0.000133681
0.00465788
-0.0280779
0.000316323
0.00432965
-0.0197979
0.000510887
0.00367149
-0.0126371
0.000660569
0.00270945
-0.006588
0.000431231
0.00159254
-0.00230168
0.000226165
-0.00490478
-0.0364559
-0.0012126
-0.00483627
-0.0280147
-0.00102577
-0.00450351
-0.0199884
-0.000925466
-0.00384739
-0.012213
-0.000653449
-0.00299645
-0.00647377
-0.000540578
-0.0018353
-0.00225461
-0.000627182
0.00497889
-0.0378211
0.000114161
0.00484655
-0.0293577
0.000249682
0.00451541
-0.0209751
0.000332215
0.00378656
-0.0137777
0.000230659
0.00272007
-0.00728758
0.000147832
0.00158443
-0.00217734
-0.00021927
-0.00471417
-0.0377874
-0.00119489
-0.00466363
-0.0292955
-0.000964985
-0.0042892
-0.0211373
-0.000705224
-0.00372609
-0.0133188
-0.00037772
-0.00314141
-0.00711481
-0.000224169
-0.00182945
-0.00283586
-0.00017443
-4.56521e-05
-0.0448482
-0.00071512
0.000834457
-0.000969986
8.53159e-05
0.00489125
-0.0455287
-4.56493e-05
-0.00117467
-0.000929816
-0.000397074
-0.00478187
-0.0455253
-0.0013911
0.000107543
0.000117877
-7.54569e-05
-0.000379893
-0.000133998
8.41082e-05
0.000347659
-8.78086e-05
6.67528e-05
0.000155632
-0.046199
-0.000713823
0.000773248
-0.000785231
-0.000381073
-0.000942458
-0.00112834
9.65237e-05
2.62091e-06
5.11546e-05
-5.3686e-05
0.00479709
-0.0406866
4.62772e-05
0.00473522
-0.0322811
0.00022367
0.00452789
-0.0239261
0.000403264
0.00419844
-0.015928
0.00057407
0.00316661
-0.00937507
0.000531628
0.00221245
-0.00422323
0.000300355
-0.00490462
-0.0406658
-0.00130498
-0.00488766
-0.0322347
-0.00112033
-0.00473172
-0.0238921
-0.000942847
-0.00423787
-0.0161076
-0.000851679
-0.00342236
-0.00922741
-0.000581989
-0.00248542
-0.00411471
-0.00054593
0.00499543
-0.0420312
3.49139e-05
0.00493365
-0.0335852
0.000185254
0.00472002
-0.0251585
0.000291703
0.00425143
-0.017101
0.000350545
0.00321805
-0.0102875
0.000236548
0.00219474
-0.00464433
-2.45744e-05
-0.00471069
-0.0420159
-0.00129903
-0.00469367
-0.0335447
-0.00108301
-0.00458548
-0.0250836
-0.000844098
-0.00400262
-0.0172152
-0.000554091
-0.00346432
-0.0101071
-0.000306893
-0.00268658
-0.00453806
-0.000170299
0.00486232
-0.037161
0.000127821
0.00474684
-0.0287377
0.000288269
0.00443632
-0.0204522
0.000417974
0.00369016
-0.0133436
0.00047633
0.00270003
-0.00697437
0.00033117
0.00172543
-0.00224274
6.43552e-05
-0.0047666
-0.0371258
-0.00119989
-0.00467675
-0.0286766
-0.000990292
-0.00432028
-0.0205702
-0.000847731
-0.00368857
-0.0128274
-0.000458897
-0.00294127
-0.00686872
-0.000350544
-0.00175955
-0.00259221
-0.000403844
0.000143585
-0.0377994
-0.00053676
9.85686e-05
-0.0293116
-0.000352052
4.06819e-05
-0.0209477
-0.000170211
4.16585e-05
-0.0134546
-0.000111933
-0.000227258
-0.00707809
-2.87396e-05
-0.000357961
-0.00226506
-8.99716e-05
-6.82961e-05
-0.0364654
-0.000539628
-0.000109282
-0.0280112
-0.000356855
-0.000101968
-0.0198212
-0.000142328
4.57134e-07
-0.0122586
-5.36193e-05
-0.000116587
-0.00636937
-3.24577e-05
-9.37026e-05
-0.00200527
-5.89817e-05
-3.18139e-05
-0.000726538
-1.07813e-05
-1.7355e-08
-0.000633553
9.99569e-06
5.86895e-05
-0.0455265
-0.000719414
-0.00112884
-0.000986432
-8.65321e-05
-1.24823e-06
0.000105584
1.10969e-05
0.000977169
-0.000851508
-0.000114354
0.00488237
-0.0413637
4.24359e-05
0.00482006
-0.0329412
0.000209515
0.00460899
-0.024561
0.00036094
0.00423618
-0.0165367
0.000473353
0.0031405
-0.00990537
0.000438643
0.00223705
-0.00445526
0.000191679
-0.0047797
-0.0413399
-0.00130062
-0.00472754
-0.0328981
-0.00109529
-0.00456199
-0.02453
-0.000892411
-0.0039886
-0.0166312
-0.000640097
-0.00334715
-0.00972371
-0.000423424
-0.00244593
-0.00441873
-0.00032839
0.000158716
-0.0420241
-0.000629064
0.000117202
-0.0335429
-0.0004458
6.21052e-05
-0.0250814
-0.000264479
0.000110298
-0.0170914
-5.997e-05
-0.00012497
-0.0100928
-2.33988e-05
-0.00034558
-0.00440873
-7.44157e-05
-5.64399e-05
-0.0406739
-0.000629777
-8.41556e-05
-0.032244
-0.000447253
-0.00011859
-0.0238587
-0.000259821
-4.52797e-05
-0.0159936
-0.000151916
-9.9616e-05
-0.00913768
-3.41875e-05
-0.000121155
-0.00397774
-4.05449e-05
0.000841352
-0.00138443
-8.35194e-05
0.00328632
-0.0185231
0.000276975
