0.00492912
-0.0457683
0.000193983
-0.0049839
-0.0457587
-0.00117728
-0.000302902
-0.000165141
-8.97576e-05
0.000177652
3.76181e-05
6.057e-05
0.00507837
-0.04713
0.000187399
-0.00483054
-0.0471349
-0.00116885
-0.00015891
-8.63024e-07
7.82667e-05
0.000205657
-0.000106713
-8.7671e-05
0.00490384
-0.0372262
0.000329142
0.00477882
-0.0286329
0.000474906
0.00444006
-0.020177
0.000633939
0.00376323
-0.0128735
0.000747757
0.00277636
-0.00670745
0.000479749
0.00163244
-0.00234239
0.000244353
-0.00498724
-0.0371911
-0.00103007
-0.00491684
-0.0285676
-0.000880676
-0.00457575
-0.0203724
-0.00081984
-0.00390428
-0.0124387
-0.000579898
-0.00303729
-0.00659034
-0.000501456
-0.00185871
-0.00229288
-0.000619611
0.00506155
-0.0385696
0.000309012
0.00492519
-0.0299237
0.00040626
0.00458549
-0.0213642
0.000450518
0.00384083
-0.0140222
0.000307786
0.00275289
-0.00740888
0.000190772
0.00160072
-0.00221036
-0.000208484
-0.00483972
-0.038535
-0.00101179
-0.0047865
-0.0298604
-0.000818197
-0.00440021
-0.0215316
-0.000594052
-0.00382063
-0.0135536
-0.000297709
-0.00321779
-0.00723568
-0.000178872
-0.0018743
-0.00288462
-0.000160604
-2.36903e-05
-0.0457648
-0.000489074
0.000856284
-0.00098702
9.26584e-05
0.00499579
-0.0464519
0.000186547
-0.00118985
-0.000943902
-0.000396288
-0.00488504
-0.0464484
-0.00117152
0.000112928
0.000120608
-7.60968e-05
-0.000386552
-0.000136675
8.5094e-05
0.000353335
-8.96479e-05
6.71547e-05
0.000134965
-0.0471284
-0.000487741
0.000781142
-0.000796252
-0.000381011
-0.000965982
-0.00114875
0.000105774
2.92791e-07
5.23564e-05
-5.34684e-05
0.00492316
-0.0415137
0.00026027
0.00485899
-0.0329265
0.000400576
0.00464447
-0.0243926
0.000543613
0.00430395
-0.0162283
0.000678479
0.00324512
-0.00954735
0.000598278
0.00226715
-0.0042989
0.000332019
-0.00498714
-0.0414921
-0.00110386
-0.00496962
-0.0328785
-0.000956607
-0.00480959
-0.0243573
-0.000816699
-0.00430369
-0.0164114
-0.000763983
-0.00347072
-0.00939598
-0.000525879
-0.00251816
-0.00418746
-0.000523106
0.0050787
-0.0428707
0.000248528
0.00501485
-0.0342421
0.000361023
0.00479534
-0.0256354
0.000428903
0.00431582
-0.0174112
0.000449696
0.00325983
-0.0104639
0.000296834
0.00221939
-0.00471903
1.34859e-06
-0.0048363
-0.042855
-0.00109771
-0.00481809
-0.0342008
-0.000918151
-0.00470518
-0.0255594
-0.000715301
-0.00410518
-0.0175289
-0.0004591
-0.00355044
-0.0102821
-0.000244881
-0.00275054
-0.00461435
-0.000140807
0.00496585
-0.0379035
0.000323098
0.00484673
-0.0292987
0.000445778
0.00452717
-0.0208379
0.000538216
0.00376266
-0.0135869
0.000559067
0.00275004
-0.00709503
0.000377076
0.00175695
-0.00227885
7.86841e-05
-0.00486927
-0.0378673
-0.00101699
-0.00477646
-0.0292361
-0.000844383
-0.00441014
-0.0209591
-0.000740316
-0.00376228
-0.0130593
-0.00038142
-0.00299804
-0.00698813
-0.000308633
-0.00179335
-0.00263469
-0.000394035
0.000122631
-0.0385473
-0.000347653
7.70532e-05
-0.0298765
-0.000200285
1.89833e-05
-0.0213365
-5.49399e-05
2.21289e-05
-0.0136916
-3.46914e-05
-0.000248857
-0.00719635
1.55165e-05
-0.000376571
-0.00230106
-7.45058e-05
-4.72235e-05
-0.0372008
-0.000350538
-9.01644e-05
-0.028564
-0.000204751
-8.37436e-05
-0.0202008
-2.60888e-05
1.93053e-05
-0.0124855
2.54936e-05
-0.000103121
-0.00648385
1.20493e-05
-8.39916e-05
-0.00203931
-4.41245e-05
-2.44216e-05
-0.000737375
-5.67942e-06
-6.66709e-06
-0.000642792
1.7381e-05
5.94715e-05
-0.0464496
-0.000493524
-0.00115065
-0.00100171
-8.24525e-05
-1.54193e-06
0.000107839
1.03332e-05
0.000994716
-0.000864265
-0.000111699
0.00498659
-0.0421972
0.000256311
0.00492219
-0.0335925
0.000385966
0.00470467
-0.025033
0.000499918
0.00432181
-0.0168422
0.000574913
0.00319998
-0.010081
0.000502825
0.00227792
-0.00453032
0.000220661
-0.00488282
-0.0421725
-0.00109936
-0.00482886
-0.0335483
-0.000930963
-0.00465836
-0.0250014
-0.000765159
-0.00406966
-0.0169393
-0.000547453
-0.00341286
-0.00989628
-0.00036468
-0.00249267
-0.00449367
-0.000302828
0.000138185
-0.0428635
-0.000421512
9.56315e-05
-0.0341986
-0.000275242
4.01297e-05
-0.0255564
-0.000131201
9.10607e-05
-0.0174018
3.79363e-05
-0.000146558
-0.0102659
3.7739e-05
-0.000366952
-0.00448038
-4.61157e-05
-3.48906e-05
-0.0415005
-0.000422179
-6.37382e-05
-0.0328881
-0.00027678
-0.000100185
-0.0243231
-0.000126105
-2.65115e-05
-0.0162946
-5.58993e-05
-8.42271e-05
-0.00930438
2.72731e-05
-0.000109636
-0.00404796
-1.16126e-05
0.000849756
-0.00140554
-7.53804e-05
0.00333815
-0.0188645
0.0003845
