0.00505332
-0.0466664
0.000426552
-0.00506405
-0.0466563
-0.000956221
-0.000306994
-0.000167355
-9.14414e-05
0.000181811
3.78798e-05
6.25408e-05
0.00515922
-0.0480392
0.000419765
-0.00495401
-0.0480443
-0.000947506
-0.000162704
-1.31137e-06
8.05877e-05
0.000207507
-0.000107563
-8.9159e-05
0.00502712
-0.0379476
0.000524457
0.00489776
-0.0291767
0.000633094
0.00454864
-0.0205487
0.000756423
0.00385348
-0.0131054
0.000834271
0.00284221
-0.00682476
0.000527761
0.00167173
-0.00238246
0.000262265
-0.00506737
-0.0379113
-0.000846174
-0.00499514
-0.0291094
-0.000734559
-0.00464596
-0.0207488
-0.000713442
-0.00395952
-0.01266
-0.000505862
-0.00307692
-0.00670479
-0.000462029
-0.00188144
-0.0023305
-0.000611775
0.00514181
-0.0393018
0.000503733
0.00500153
-0.0304773
0.000562488
0.00465351
-0.0217447
0.000568355
0.00389346
-0.0142611
0.00038446
0.00278462
-0.00752732
0.000233339
0.00161645
-0.00224253
-0.000197777
-0.00496325
-0.0392662
-0.000827342
-0.00490738
-0.0304129
-0.000670422
-0.00450943
-0.0219171
-0.000482235
-0.00391366
-0.0137832
-0.000217356
-0.00329293
-0.0073538
-0.00013341
-0.00191843
-0.00293229
-0.000146691
-1.60908e-06
-0.0466627
-0.000262129
0.000877793
-0.00100381
9.9874e-05
0.00509809
-0.0473556
0.000418886
-0.0012046
-0.000957743
-0.000395345
-0.00498606
-0.047352
-0.000950272
0.000118261
0.00012328
-7.67173e-05
-0.000393075
-0.000139308
8.6057e-05
0.000358883
-9.14539e-05
6.75229e-05
0.000114083
-0.0480375
-0.000260757
0.000788776
-0.000806967
-0.000380885
-0.000989143
-0.00116873
0.000114999
-2.02824e-06
5.35423e-05
-5.32362e-05
0.00504714
-0.0423239
0.000474257
0.00498072
-0.0335589
0.000577207
0.00475912
-0.0248497
0.000683474
0.0044077
-0.0165227
0.000782254
0.00332237
-0.00971645
0.000664337
0.002321
-0.00437326
0.000363295
-0.00506733
-0.0423016
-0.000901222
-0.00504927
-0.0335093
-0.000791693
-0.00488529
-0.0248133
-0.000689672
-0.00436765
-0.0167093
-0.000675622
-0.00351766
-0.00956141
-0.000469389
-0.00254994
-0.00425893
-0.000500015
0.00515955
-0.0436919
0.000462145
0.00509369
-0.0348845
0.000536543
0.00486846
-0.0261017
0.000565683
0.00437831
-0.0177144
0.000548334
0.00330025
-0.0106362
0.000356678
0.00224319
-0.00479194
2.70272e-05
-0.0049599
-0.0436758
-0.000894883
-0.00494051
-0.0348424
-0.000752128
-0.00482293
-0.0260246
-0.000585685
-0.00420612
-0.0178357
-0.000363614
-0.00363518
-0.0104531
-0.000182623
-0.00281345
-0.00468891
-0.000111201
0.00506714
-0.0386304
0.000518234
0.00494447
-0.0298479
0.000602907
0.00461605
-0.0212154
0.000657936
0.00383359
-0.0138252
0.000641229
0.00279898
-0.00721318
0.000422519
0.00178781
-0.0023142
9.28038e-05
-0.00496979
-0.0385931
-0.000832756
-0.00487409
-0.0297838
-0.000697474
-0.00449813
-0.0213398
-0.000632179
-0.00383445
-0.0132864
-0.000303564
-0.00305364
-0.00710506
-0.000266504
-0.00182648
-0.00267628
-0.000384046
0.000101478
-0.0392787
-0.000157941
5.53878e-05
-0.030429
-4.81986e-05
-2.80626e-06
-0.0217166
6.04152e-05
2.51695e-06
-0.0139232
4.25263e-05
-0.000270379
-0.00731186
5.9673e-05
-0.000395026
-0.0023362
-5.90681e-05
-2.602e-05
-0.0379214
-0.000160843
-7.09094e-05
-0.0291057
-5.23247e-05
-6.54146e-05
-0.020573
9.02167e-05
3.81934e-05
-0.0127081
0.000104533
-8.95917e-05
-0.00659626
5.64493e-05
-7.42563e-05
-0.00207281
-2.93226e-05
-1.70371e-05
-0.000748051
-6.18533e-07
-1.32978e-05
-0.000651782
2.47251e-05
6.02039e-05
-0.0473532
-0.000266729
-0.00117205
-0.00101668
-7.83242e-05
-1.83136e-06
0.000110053
9.57007e-06
0.00101191
-0.000876737
-0.000109098
0.00508857
-0.043013
0.000470184
0.00502213
-0.0342301
0.000562149
0.00479829
-0.025495
0.000638432
0.00440558
-0.0171411
0.000675895
0.00325816
-0.010253
0.00056646
0.00231792
-0.00460381
0.000249302
-0.00498378
-0.0429876
-0.000896582
-0.00492806
-0.0341848
-0.000765473
-0.00475272
-0.0254629
-0.000637065
-0.00414903
-0.0172409
-0.000454268
-0.00347721
-0.0100652
-0.000305638
-0.00253847
-0.00456704
-0.000277092
0.00011744
-0.0436845
-0.000213204
7.38855e-05
-0.0348398
-0.000104223
1.80377e-05
-0.0260209
2.27174e-06
7.17044e-05
-0.0177053
0.000135825
-0.00016813
-0.0104351
9.87807e-05
-0.000388185
-0.00455034
-1.78822e-05
-1.32158e-05
-0.0423102
-0.000213825
-4.31851e-05
-0.0335193
-0.000105848
-8.16491e-05
-0.0247783
7.80363e-06
-7.67966e-06
-0.0165897
4.01424e-05
-6.8764e-05
-0.00946799
8.86327e-05
-9.80679e-05
-0.00411698
1.72289e-05
0.000857853
-0.00142616
-6.73201e-05
0.0033885
-0.0191984
0.000491637
