0.00517531
-0.0475451
0.000659176
-0.00514173
-0.0475347
-0.000733567
-0.000310988
-0.00016952
-9.3089e-05
0.000185905
3.81241e-05
6.44853e-05
0.00523752
-0.0489275
0.000652194
-0.00507534
-0.0489328
-0.000724576
-0.000166439
-1.75778e-06
8.28802e-05
0.000209292
-0.000108376
-9.0622e-05
0.00514821
-0.0386538
0.000719547
0.00501458
-0.0297093
0.000790808
0.00465531
-0.020913
0.000878262
0.00394219
-0.013333
0.000920046
0.00290701
-0.00694004
0.00057523
0.00171042
-0.00242195
0.000279885
-0.00514504
-0.0386163
-0.000660996
-0.00507107
-0.0296399
-0.000587481
-0.00471406
-0.0211176
-0.000606329
-0.00401309
-0.0128773
-0.000431401
-0.00311537
-0.00681724
-0.000422337
-0.00190352
-0.00236754
-0.000603697
0.00521954
-0.0400171
0.000698247
0.00507547
-0.0310181
0.000718293
0.00471939
-0.0221164
0.000685665
0.00394442
-0.0144945
0.000460633
0.00281527
-0.00764304
0.000275502
0.00163162
-0.00227394
-0.000187169
-0.00508464
-0.0399807
-0.000641627
-0.00502615
-0.0309528
-0.000521735
-0.00461678
-0.0222939
-0.000369847
-0.00400515
-0.0140076
-0.000136735
-0.00336682
-0.0074693
-8.78316e-05
-0.00196187
-0.00297894
-0.000132714
2.05942e-05
-0.0475413
-3.43593e-05
0.000898995
-0.00102038
0.000106955
0.00519801
-0.0482392
0.000651287
-0.00121895
-0.00097137
-0.000394257
-0.00508479
-0.0482354
-0.000727437
0.000123541
0.000125893
-7.73196e-05
-0.000399467
-0.000141901
8.69979e-05
0.000364309
-9.32294e-05
6.78584e-05
9.29919e-05
-0.0489258
-3.29491e-05
0.000796166
-0.000817409
-0.000380706
-0.00101195
-0.00118832
0.000124189
-4.33997e-06
5.47109e-05
-5.29912e-05
0.00516891
-0.0431168
0.000688159
0.00510028
-0.0341781
0.000753483
0.00487174
-0.0252975
0.000822768
0.00450963
-0.0168114
0.000885325
0.00339835
-0.00988248
0.000729755
0.002374
-0.00444643
0.000394156
-0.00514505
-0.0430937
-0.00069714
-0.00512649
-0.0341269
-0.000625657
-0.0049587
-0.02526
-0.000561833
-0.00442967
-0.0170014
-0.000586652
-0.00356318
-0.00972382
-0.00041257
-0.00258079
-0.00432922
-0.000476691
0.00523786
-0.0444943
0.000675687
0.00517006
-0.0355122
0.00071174
0.00493929
-0.0265573
0.000701977
0.00443886
-0.0180108
0.000646404
0.00333932
-0.0108046
0.00041604
0.00226617
-0.00486315
5.24371e-05
-0.00508136
-0.0444778
-0.000690615
-0.0050608
-0.0354694
-0.000585015
-0.00493862
-0.0264793
-0.000455327
-0.00430535
-0.0181355
-0.000267707
-0.00371851
-0.0106203
-0.000120178
-0.0028753
-0.00476183
-8.15182e-05
0.00516609
-0.0393412
0.000713151
0.00503996
-0.0303851
0.000759579
0.0047029
-0.0215848
0.000777063
0.00390292
-0.0140584
0.000722756
0.00284685
-0.00732893
0.000467465
0.00181802
-0.00234888
0.000106701
-0.00506804
-0.0393029
-0.000647249
-0.00496952
-0.0303195
-0.000549637
-0.00458417
-0.0217124
-0.000523384
-0.00390505
-0.0135087
-0.000225398
-0.00310808
-0.00721962
-0.000224202
-0.00185895
-0.00271706
-0.000373898
8.01313e-05
-0.0399934
3.2301e-05
3.35844e-05
-0.0309689
0.000104134
-2.46729e-05
-0.0220881
0.000175784
-1.71652e-05
-0.0141495
0.000119665
-0.000291807
-0.00742476
0.00010369
-0.000413319
-0.00237054
-4.36774e-05
-4.67987e-06
-0.0386267
2.93847e-05
-5.15074e-05
-0.0296362
0.000100352
-4.69746e-05
-0.0209377
0.000206517
5.71177e-05
-0.0129264
0.000183441
-7.6002e-05
-0.00670674
0.000100702
-6.45029e-05
-0.00210584
-1.45938e-05
-9.66618e-06
-0.0007586
4.39432e-06
-1.99035e-05
-0.000660557
3.20204e-05
6.08902e-05
-0.0482368
-3.91053e-05
-0.00119303
-0.00103137
-7.41565e-05
-2.11699e-06
0.000112224
8.80825e-06
0.00102875
-0.000888961
-0.000106557
0.00518818
-0.0438108
0.000683975
0.00511976
-0.0348537
0.000737986
0.00488975
-0.0259469
0.000776406
0.00448744
-0.0174338
0.000776232
0.00331506
-0.0104214
0.000629499
0.00235706
-0.00467585
0.000277576
-0.00508246
-0.0437847
-0.000692368
-0.00502502
-0.0348073
-0.000598886
-0.00484496
-0.0259144
-0.0005082
-0.00422665
-0.0175361
-0.000360613
-0.00354018
-0.0102307
-0.000246353
-0.00258332
-0.00463895
-0.000251214
9.64844e-05
-0.0444867
-4.21697e-06
5.1974e-05
-0.0354664
6.71828e-05
-4.15668e-06
-0.0264748
0.000135869
5.22375e-05
-0.0180019
0.000233629
-0.000189668
-0.0106004
0.000159676
-0.000409265
-0.00461873
1.02554e-05
8.58838e-06
-0.0431027
-4.79071e-06
-2.2489e-05
-0.0341373
6.54699e-05
-6.2973e-05
-0.0252241
0.000141832
1.12161e-05
-0.0168791
0.000136147
-5.32269e-05
-0.00962864
0.000149841
-8.64572e-05
-0.00418489
4.59505e-05
0.000865659
-0.00144634
-5.935e-05
0.00343732
-0.0195248
0.000598321
