0.00552682
-0.0500595
0.00135659
-0.00535873
-0.050048
-5.68288e-05
-0.000322422
-0.000175745
-9.78241e-05
0.000197808
3.87505e-05
7.01627e-05
0.00545609
-0.0514616
0.00134907
-0.00542526
-0.0514674
-4.70588e-05
-0.000177313
-3.08835e-06
8.95873e-05
0.000214314
-0.000110634
-9.48709e-05
0.00549718
-0.0406768
0.00130272
0.00535142
-0.0312379
0.00126038
0.00496318
-0.0219614
0.0012392
0.0041988
-0.0139903
0.00117233
0.00309508
-0.00727489
0.000714026
0.00182302
-0.00253757
0.000330859
-0.00536206
-0.0406361
-9.8506e-05
-0.00528347
-0.0311627
-0.000141195
-0.00490488
-0.0221787
-0.000281304
-0.00416341
-0.0135051
-0.00020604
-0.00322366
-0.00714359
-0.000302095
-0.00196602
-0.00247568
-0.000578239
0.00543655
-0.0420587
0.00127982
0.005282
-0.0325633
0.00118251
0.00490363
-0.0231802
0.00103384
0.00408709
-0.0151632
0.000685753
0.00290101
-0.0079751
0.000399282
0.0016741
-0.00236427
-0.000156076
-0.00543468
-0.04202
-7.7656e-05
-0.00536859
-0.0324955
-7.09787e-05
-0.00492677
-0.023372
-3.00215e-05
-0.00426997
-0.0146509
0.000106013
-0.00358087
-0.00780128
4.91156e-05
-0.00208801
-0.00311346
-9.06189e-05
8.79525e-05
-0.0500553
0.000653092
0.000960837
-0.00106915
0.000127331
0.00548241
-0.0507637
0.00134807
-0.00125978
-0.00101124
-0.00039027
-0.00536603
-0.0507596
-5.01984e-05
0.000139037
0.000133373
-7.90291e-05
-0.000417904
-0.000149459
8.96916e-05
0.000379909
-9.83998e-05
6.86812e-05
2.85352e-05
-0.0514598
0.000654622
0.00081702
-0.000847433
-0.000379945
-0.0010783
-0.00124504
0.000151447
-1.11987e-05
5.81007e-05
-5.21969e-05
0.00551981
-0.045387
0.00132858
0.00544493
-0.0359534
0.00127944
0.00519657
-0.0265844
0.00123655
0.00480388
-0.0176437
0.00118967
0.00361858
-0.0103634
0.000921691
0.00252802
-0.00465965
0.000484023
-0.00536218
-0.0453617
-7.70048e-05
-0.00534234
-0.0358978
-0.000121553
-0.00516424
-0.0265434
-0.000174117
-0.00460361
-0.017843
-0.000316634
-0.00369111
-0.0101941
-0.000240647
-0.00266788
-0.00453378
-0.000405637
0.00545645
-0.0467838
0.0013151
0.00538327
-0.0373046
0.0012347
0.00513725
-0.0278598
0.00110733
0.00460834
-0.0188593
0.000936681
0.00344855
-0.0112873
0.000590888
0.00233051
-0.00506765
0.000126852
-0.00543163
-0.0467662
-6.99663e-05
-0.00540762
-0.03726
-7.79194e-05
-0.00527225
-0.0277794
-6.05669e-05
-0.00459229
-0.0189942
2.17839e-05
-0.00395979
-0.0111002
6.76667e-05
-0.00305457
-0.0049718
7.6337e-06
0.00544777
-0.0413739
0.00129584
0.00531194
-0.0319233
0.00122616
0.00495052
-0.0226449
0.00113026
0.00410105
-0.014729
0.000963029
0.00298411
-0.00766301
0.000599008
0.00190495
-0.00244954
0.000146939
-0.00534793
-0.0413327
-8.38742e-05
-0.00524153
-0.0318536
-0.000101308
-0.00482982
-0.0227812
-0.000193705
-0.00410706
-0.0141486
1.02948e-05
-0.00326431
-0.00755023
-9.66981e-05
-0.0019525
-0.00283507
-0.00034271
1.50239e-05
-0.0420334
0.000605447
-3.2524e-05
-0.0325114
0.000561881
-9.0588e-05
-0.0231512
0.0005213
-7.65074e-05
-0.0147982
0.000350085
-0.000355373
-0.00774908
0.000234527
-0.000467137
-0.00246947
2.03651e-06
6.02059e-05
-0.0406473
0.0006025
7.66266e-06
-0.0311588
0.000559161
9.06482e-06
-0.0219872
0.000554688
0.000114072
-0.0135578
0.000418819
-3.48927e-05
-0.00702771
0.000232205
-3.51888e-05
-0.00220269
2.89929e-05
1.23106e-05
-0.000789759
1.90824e-05
-3.95149e-05
-0.0006859
5.35469e-05
6.27149e-05
-0.050761
0.000647941
-0.00125361
-0.00107406
-6.15041e-05
-2.95592e-06
0.000118472
6.53611e-06
0.00107734
-0.000924471
-9.93538e-05
0.00547173
-0.046091
0.00132409
0.00539774
-0.0366379
0.0012627
0.00515037
-0.0272423
0.00118643
0.00472101
-0.0182748
0.00107279
0.00347796
-0.0109065
0.00081463
0.00246947
-0.00488417
0.000359995
-0.00536354
-0.0460627
-7.18762e-05
-0.0053013
-0.0365886
-9.33174e-05
-0.00510807
-0.0272084
-0.000117701
-0.00444853
-0.0183844
-7.75143e-05
-0.00372062
-0.0107076
-6.75884e-05
-0.00271229
-0.00484683
-0.000173052
3.2432e-05
-0.0467756
0.000626048
-1.4637e-05
-0.0372556
0.000582974
-7.12045e-05
-0.0277726
0.000536703
-6.73079e-06
-0.0188515
0.000525881
-0.00025391
-0.0110748
0.000341015
-0.000471466
-0.00481544
9.38229e-05
7.48089e-05
-0.0453715
0.000625616
4.05191e-05
-0.0359091
0.000580992
-6.02453e-06
-0.0265054
0.000543938
6.82902e-05
-0.0177133
0.000423341
-6.17665e-06
-0.0100941
0.000332087
-5.14085e-05
-0.00438287
0.000131129
0.000887455
-0.00150473
-3.60763e-05
0.00357424
-0.0204602
0.000915057
