0.0056388
-0.0508553
0.00158864
-0.00542535
-0.0508433
0.000171377
-0.000326065
-0.000177739
-9.93365e-05
0.000201656
3.89234e-05
7.2004e-05
0.00552316
-0.0522609
0.00158096
-0.0055368
-0.0522668
0.000181387
-0.000180831
-3.52999e-06
9.17658e-05
0.00021589
-0.000111336
-9.62433e-05
0.00560838
-0.0413182
0.00149617
0.00545884
-0.0317239
0.0014155
0.00506154
-0.0222962
0.00135778
0.00428105
-0.0142013
0.00125457
0.00315567
-0.00738316
0.000758993
0.00185943
-0.00257535
0.000347188
-0.0054287
-0.0412765
9.10336e-05
-0.0053488
-0.0316468
9.00007e-06
-0.00496376
-0.0225172
-0.000171941
-0.00420996
-0.0137069
-0.000130452
-0.00325742
-0.00724902
-0.000261756
-0.00198568
-0.0025109
-0.000569416
0.00550315
-0.0427033
0.00147279
0.00534545
-0.0330521
0.00133598
0.00496038
-0.0235177
0.00114848
0.00413118
-0.0153758
0.000759547
0.00292758
-0.00808114
0.000439563
0.00168733
-0.00239329
-0.000145995
-0.00554625
-0.042664
0.000112325
-0.00547774
-0.0329836
8.05657e-05
-0.00502581
-0.023714
8.38855e-05
-0.00435488
-0.0148559
0.000186988
-0.00364963
-0.00790746
9.46808e-05
-0.00212869
-0.0031567
-7.66026e-05
0.000110657
-0.0508509
0.000883341
0.000980886
-0.00108519
0.000133817
0.00557174
-0.0515613
0.00157994
-0.0012727
-0.00102427
-0.000388741
-0.0054544
-0.051557
0.000178157
0.000144083
0.000135745
-7.95693e-05
-0.000423818
-0.000151911
9.05473e-05
0.000384899
-0.00010008
6.8898e-05
6.68791e-06
-0.052259
0.000884912
0.000823575
-0.000857108
-0.000379644
-0.00109976
-0.00126338
0.000160398
-1.34532e-05
5.91877e-05
-5.19175e-05
0.0056316
-0.0461059
0.00154138
0.00555479
-0.0365169
0.00145357
0.00530024
-0.0269943
0.00137289
0.00489793
-0.0179101
0.00128931
0.00368937
-0.0105183
0.0009841
0.00257772
-0.0047289
0.000513011
-0.00542883
-0.0460801
0.000132049
-0.00540867
-0.0364599
4.82164e-05
-0.00522755
-0.0269522
-4.37142e-05
-0.00465737
-0.0181123
-0.000225782
-0.00373085
-0.0103456
-0.000183014
-0.00269514
-0.0046001
-0.000381692
0.00552353
-0.0475062
0.0015276
0.00544873
-0.0378709
0.00140792
0.00519815
-0.0282724
0.00124108
0.00466065
-0.019129
0.00103198
0.0034823
-0.0114411
0.000647994
0.0023505
-0.00513308
0.000150997
-0.00554327
-0.0474884
0.000139239
-0.00551816
-0.0378258
9.27531e-05
-0.00537864
-0.0281913
7.19837e-05
-0.00468416
-0.019267
0.000118624
-0.00403723
-0.0112533
0.000130257
-0.00311222
-0.00503915
3.72712e-05
0.00553626
-0.0420169
0.00148914
0.00539748
-0.0324111
0.00138033
0.00502854
-0.0229822
0.00124642
0.00416371
-0.0149432
0.00104154
0.00302778
-0.00777033
0.000641672
0.00193274
-0.00248216
0.00015984
-0.0054359
-0.0419749
0.00010592
-0.00532711
-0.0323401
4.94785e-05
-0.0049073
-0.0231212
-8.2938e-05
-0.00417102
-0.0143532
8.90366e-05
-0.00331401
-0.00765642
-5.41378e-05
-0.00198244
-0.00287315
-0.000332131
-6.99802e-06
-0.0426775
0.000797044
-5.47454e-05
-0.0329993
0.000714474
-0.000112614
-0.0234885
0.000636062
-9.6343e-05
-0.0150047
0.000426397
-0.00037627
-0.00785278
0.000277622
-0.000484699
-0.00250129
1.70691e-05
8.21344e-05
-0.041288
0.000794091
2.77304e-05
-0.0316429
0.000712123
2.79997e-05
-0.0223223
0.000670281
0.000133106
-0.0137606
0.000496658
-2.10833e-05
-0.00713153
0.000275509
-2.54161e-05
-0.00223441
4.32745e-05
1.95747e-05
-0.000800066
2.38439e-05
-4.59665e-05
-0.000694119
6.05827e-05
6.32609e-05
-0.0515585
0.000878068
-0.00127304
-0.00108793
-5.72651e-05
-3.23115e-06
0.000120461
5.78477e-06
0.00109292
-0.000936023
-9.71076e-05
0.00556079
-0.0468118
0.00153679
0.00548511
-0.037203
0.00143645
0.00523239
-0.0276537
0.0013216
0.00479468
-0.0185429
0.00116999
0.00352964
-0.0110619
0.000874893
0.0025053
-0.00495132
0.000386614
-0.00545187
-0.0467829
0.000137281
-0.00538817
-0.0371527
7.68701e-05
-0.00519093
-0.0276194
1.3517e-05
-0.00451865
-0.0186548
1.73328e-05
-0.00377788
-0.0108603
-7.87453e-06
-0.00275343
-0.00491377
-0.000146926
1.07169e-05
-0.0474979
0.000836968
-3.70886e-05
-0.037821
0.000755182
-9.36559e-05
-0.0281837
0.000670102
-2.65412e-05
-0.0191215
0.000622708
-0.000275142
-0.0112261
0.000400869
-0.000491813
-0.00487851
0.000121316
9.71584e-05
-0.0460901
0.000836585
6.18448e-05
-0.0364716
0.000753109
1.32879e-05
-0.0269135
0.000677754
8.74435e-05
-0.0179803
0.000518612
9.6511e-06
-0.0102442
0.000392233
-3.96661e-05
-0.0044472
0.000159114
0.00089422
-0.00152363
-2.85562e-05
0.00361658
-0.0207576
0.00101935
