0.00574801
-0.0516289
0.00182036
-0.00548894
-0.0516167
0.000400729
-0.00032963
-0.000179696
-0.000100817
0.000205445
3.90784e-05
7.38201e-05
0.00558718
-0.0530367
0.00181253
-0.0056456
-0.0530427
0.000410968
-0.000184297
-3.97117e-06
9.39156e-05
0.000217425
-0.000112016
-9.75947e-05
0.00571686
-0.0419425
0.00168904
0.00556369
-0.0321978
0.00156981
0.00515767
-0.0226236
0.0014754
0.00436161
-0.0144083
0.0013358
0.0032152
-0.0074899
0.000803273
0.00189529
-0.00261281
0.000363173
-0.00549231
-0.0418998
0.000281445
-0.00541124
-0.0321189
0.000159781
-0.00502016
-0.0228482
-6.21701e-05
-0.00425468
-0.0139049
-5.47236e-05
-0.00329002
-0.0073529
-0.000221351
-0.00200477
-0.00254576
-0.000560457
0.00556673
-0.0433295
0.00166521
0.00540609
-0.0335274
0.00148873
0.00501472
-0.0238466
0.00126234
0.00417352
-0.0155835
0.000832673
0.00295316
-0.00818503
0.000479326
0.00170012
-0.00242186
-0.000136071
-0.00565506
-0.0432895
0.000303148
-0.00558423
-0.0334583
0.000232616
-0.0051226
-0.0240473
0.000197982
-0.00443805
-0.0150562
0.000267878
-0.00371709
-0.00801157
0.000140131
-0.00216868
-0.00319922
-6.26266e-05
0.000133487
-0.0516245
0.00111399
0.00100066
-0.00110115
0.000140145
0.00565818
-0.052336
0.00181148
-0.0012853
-0.0010372
-0.000387131
-0.00553991
-0.0523317
0.000407649
0.000149068
0.000138056
-8.00958e-05
-0.00042962
-0.000154332
9.13821e-05
0.000389792
-0.000101741
6.90878e-05
-1.53207e-05
-0.0530347
0.0011156
0.000829952
-0.000866662
-0.00037933
-0.00112088
-0.00128148
0.000169266
-1.56892e-05
6.02512e-05
-5.1633e-05
0.00574064
-0.0468054
0.00175371
0.00566198
-0.0370659
0.00162701
0.00540148
-0.0273945
0.00150835
0.00498987
-0.0181711
0.00138796
0.00375885
-0.0106707
0.00104567
0.00262662
-0.00479734
0.000541491
-0.00549246
-0.0467788
0.000342117
-0.00547202
-0.0370076
0.000218714
-0.00528813
-0.0273513
8.7149e-05
-0.00470893
-0.0183759
-0.0001346
-0.00376912
-0.0104945
-0.000125296
-0.00272154
-0.0046656
-0.000357666
0.00558757
-0.0482076
0.00173965
0.00551126
-0.0384214
0.0015805
0.0052564
-0.028674
0.00137407
0.00471081
-0.0193921
0.00112649
0.00351474
-0.0115916
0.000704473
0.00236979
-0.0051973
0.000174792
-0.00565216
-0.0481895
0.000349447
-0.00562598
-0.0383759
0.000264099
-0.00548246
-0.0285923
0.000204882
-0.00477404
-0.0195333
0.000215515
-0.00411313
-0.0114032
0.000192742
-0.00316881
-0.00510531
6.68151e-05
0.00562191
-0.0426422
0.00168187
0.00548031
-0.0328861
0.00153373
0.0051042
-0.0233114
0.0013617
0.00422464
-0.0151528
0.0011192
0.00307041
-0.00787577
0.000683712
0.00195994
-0.00251441
0.000172476
-0.00552104
-0.0425993
0.000296563
-0.00540998
-0.0328139
0.000200801
-0.00498248
-0.0234531
2.8154e-05
-0.00423324
-0.0145536
0.000167761
-0.00336251
-0.00776074
-1.16145e-05
-0.00201175
-0.00291069
-0.000321491
-2.91585e-05
-0.0433031
0.000988782
-7.70339e-05
-0.033474
0.000866955
-0.00013464
-0.0238174
0.000750516
-0.000116184
-0.0152064
0.000502386
-0.000396995
-0.00795444
0.000320407
-0.000502061
-0.00253264
3.19758e-05
0.000104216
-0.0419116
0.000985829
4.7979e-05
-0.032115
0.00086498
4.70678e-05
-0.0226499
0.00078554
0.000152157
-0.0139597
0.00057411
-7.22441e-06
-0.00723389
0.000318498
-1.565e-05
-0.0022659
5.74123e-05
2.68011e-05
-0.000810367
2.8531e-05
-5.23677e-05
-0.000702267
6.75402e-05
6.37845e-05
-0.0523332
0.0011086
-0.0012921
-0.00110165
-5.30285e-05
-3.50493e-06
0.000122402
5.0371e-06
0.00110821
-0.000947478
-9.49435e-05
0.00564698
-0.0475123
0.00174904
0.00556968
-0.0377528
0.00160952
0.00531188
-0.0280548
0.00145593
0.00486619
-0.0188052
0.0012663
0.00358002
-0.0112143
0.000934384
0.00254035
-0.00501743
0.000412784
-0.00553734
-0.0474827
0.000347442
-0.00547226
-0.0377017
0.000247746
-0.00527122
-0.0280201
0.000145134
-0.00458678
-0.0189192
0.000112307
-0.00383366
-0.0110102
5.18174e-05
-0.00279364
-0.00497965
-0.000120811
-1.11614e-05
-0.0481991
0.00104816
-5.96397e-05
-0.0383705
0.000927404
-0.000116131
-0.0285841
0.000803287
-4.641e-05
-0.019385
0.000719145
-0.000296254
-0.0113742
0.00046036
-0.000511947
-0.00494046
0.000148591
0.000119647
-0.0467891
0.00104783
8.33377e-05
-0.0370195
0.000925239
3.2774e-05
-0.027312
0.00081135
0.00010666
-0.0182417
0.000613566
2.55495e-05
-0.0103918
0.000452012
-2.78997e-05
-0.00451081
0.00018686
0.000900751
-0.00154233
-2.11648e-05
0.00365722
-0.0210477
0.00112292
