0.00585437
-0.0523801
0.00205167
-0.0055494
-0.0523674
0.000631119
-0.000333119
-0.000181619
-0.000102267
0.000209176
3.92152e-05
7.56111e-05
0.00564808
-0.0537884
0.0020437
-0.00575155
-0.0537947
0.000641575
-0.000187712
-4.41215e-06
9.60363e-05
0.00021892
-0.000112679
-9.89256e-05
0.00582252
-0.0425495
0.00188126
0.00566589
-0.0326595
0.00172325
0.00525151
-0.0229435
0.00159202
0.00444046
-0.0146114
0.001416
0.00327369
-0.00759515
0.000846849
0.00193061
-0.00265
0.00037881
-0.00555282
-0.0425059
0.000472634
-0.00547072
-0.0325789
0.000311065
-0.00507403
-0.0231715
4.79431e-05
-0.00429755
-0.0140994
2.10904e-05
-0.00332146
-0.00745528
-0.000180916
-0.00202331
-0.0025803
-0.00055138
0.00562724
-0.0439368
0.00185701
0.00546385
-0.0339893
0.0016407
0.00506659
-0.0241671
0.00137537
0.00421409
-0.0157863
0.000905108
0.00297777
-0.00828684
0.000518556
0.00171248
-0.00245004
-0.00012631
-0.00576103
-0.0438963
0.000494716
-0.00568796
-0.0339197
0.000385085
-0.00521705
-0.024372
0.000312192
-0.00451943
-0.015252
0.000348619
-0.00378321
-0.00811368
0.000185424
-0.00220798
-0.00324108
-4.8709e-05
0.00015644
-0.0523755
0.00134495
0.00102017
-0.00111707
0.000146313
0.00574164
-0.0530875
0.00204261
-0.00129758
-0.00105005
-0.00038545
-0.00562247
-0.0530831
0.000638169
0.000153988
0.000140306
-8.06089e-05
-0.000435314
-0.000156724
9.21957e-05
0.00039459
-0.000103387
6.92518e-05
-3.74769e-05
-0.0537864
0.0013466
0.000836158
-0.00087612
-0.000379007
-0.00114168
-0.00129936
0.000178043
-1.7905e-05
6.12899e-05
-5.13445e-05
0.00584683
-0.0474848
0.00196552
0.00576643
-0.0376001
0.00179968
0.00550023
-0.0277849
0.00164288
0.00507967
-0.0184267
0.00148559
0.00382699
-0.0108205
0.00110638
0.0026747
-0.00486502
0.000569452
-0.00555296
-0.0474577
0.000553095
-0.0055323
-0.0375405
0.00038985
-0.00534589
-0.0277406
0.000218399
-0.00475826
-0.018634
-4.31459e-05
-0.00380592
-0.010641
-6.75398e-05
-0.00274709
-0.00473032
-0.000333584
0.00564848
-0.0488876
0.00195119
0.00557077
-0.0389557
0.00175238
0.00531195
-0.0290646
0.00150626
0.00475879
-0.0196488
0.00122017
0.00354587
-0.0117388
0.000760307
0.0023884
-0.00526036
0.000198229
-0.0057582
-0.0488692
0.000560553
-0.00573099
-0.0389098
0.000436026
-0.00558362
-0.0289825
0.000338048
-0.0048619
-0.019793
0.000312385
-0.00418746
-0.01155
0.000255069
-0.00322434
-0.00517034
9.62354e-05
0.00570462
-0.0432495
0.00187397
0.00556038
-0.0333482
0.00168629
0.00517746
-0.0236327
0.00147606
0.00428381
-0.0153579
0.00119597
0.003112
-0.00797941
0.000725112
0.00198658
-0.00254632
0.000184842
-0.00560325
-0.0432058
0.00048796
-0.00549006
-0.0332749
0.000352576
-0.00505527
-0.0237767
0.000139503
-0.00429368
-0.0147498
0.000246407
-0.00340979
-0.00786325
3.08342e-05
-0.00204045
-0.00294772
-0.000310806
-5.1443e-05
-0.04391
0.00118058
-9.93731e-05
-0.0339352
0.00101926
-0.000156651
-0.0241377
0.000864607
-0.000136015
-0.0154036
0.000578012
-0.000417536
-0.00805414
0.000362857
-0.000519214
-0.00256354
4.67448e-05
0.000126451
-0.0425179
0.00117763
6.84121e-05
-0.032575
0.00101767
6.62715e-05
-0.0229701
0.000900404
0.000171222
-0.0141552
0.00065113
6.68188e-06
-0.00733487
0.000361145
-5.89443e-06
-0.00229721
7.13962e-05
3.39861e-05
-0.000820679
3.31404e-05
-5.87144e-05
-0.000710367
7.44151e-05
6.42914e-05
-0.0530846
0.00133945
-0.0013108
-0.00111525
-4.88015e-05
-3.77767e-06
0.000124293
4.2934e-06
0.00112322
-0.000958857
-9.28628e-05
0.0057302
-0.0481921
0.00196076
0.00565139
-0.0382872
0.00178185
0.00538876
-0.0284455
0.00158937
0.00493548
-0.0190614
0.00136166
0.00362907
-0.0113637
0.000993081
0.0025746
-0.00508258
0.0004385
-0.00561986
-0.0481619
0.000558504
-0.00555348
-0.0382353
0.000419219
-0.00534887
-0.0284104
0.000277073
-0.00465287
-0.0191776
0.000207343
-0.00388795
-0.0111572
0.000111439
-0.00283293
-0.00504453
-9.47341e-05
-3.31893e-05
-0.0488789
0.00125955
-8.22744e-05
-0.038904
0.00109957
-0.000138612
-0.0289735
0.000936194
-6.63253e-05
-0.019642
0.000815138
-0.000317231
-0.0115192
0.000519454
-0.000531858
-0.00500138
0.000175631
0.000142274
-0.0474681
0.00125927
0.000104999
-0.0375528
0.00109731
5.24375e-05
-0.0277008
0.000944666
0.000125939
-0.0184978
0.000708154
4.1517e-05
-0.0105371
0.000511391
-1.61125e-05
-0.00457374
0.000214349
0.000907058
-0.00156086
-1.39056e-05
0.00369612
-0.0213308
0.00122573
