0.00595778
-0.0531082
0.00228248
-0.00560667
-0.0530952
0.000862433
-0.000336533
-0.000183507
-0.000103687
0.000212852
3.93339e-05
7.73772e-05
0.00570581
-0.0545157
0.00227438
-0.00585456
-0.0545222
0.000873092
-0.000191076
-4.85316e-06
9.81277e-05
0.000220379
-0.000113325
-0.000100236
0.00592528
-0.0431387
0.00207277
0.00576538
-0.0331088
0.00187579
0.00534301
-0.023256
0.00170758
0.00451755
-0.0148107
0.00149513
0.00333111
-0.00769896
0.000889706
0.00196539
-0.00268695
0.000394096
-0.00561015
-0.0430942
0.000664499
-0.00552715
-0.0330265
0.00046277
-0.00512531
-0.0234871
0.000158335
-0.00433854
-0.0142902
9.69373e-05
-0.00335173
-0.00755621
-0.000140484
-0.00204131
-0.00261455
-0.0005422
0.00568459
-0.0445251
0.00204813
0.00551868
-0.0344375
0.00179185
0.00511597
-0.024479
0.00148754
0.00425287
-0.0159841
0.000976833
0.00300143
-0.00838664
0.000557245
0.00172444
-0.00247785
-0.000116716
-0.00586405
-0.0444841
0.000686927
-0.00578883
-0.0343675
0.000537886
-0.00530911
-0.0246879
0.000426443
-0.00459899
-0.0154433
0.000429149
-0.00384798
-0.00821386
0.000230522
-0.00224661
-0.00328231
-3.48662e-05
0.000179513
-0.0531035
0.00157612
0.00103942
-0.00113294
0.00015232
0.00582204
-0.0538153
0.00227326
-0.00130956
-0.00106283
-0.000383708
-0.00570198
-0.0538108
0.000869602
0.000158844
0.000142495
-8.11088e-05
-0.000440902
-0.000159086
9.2988e-05
0.000399296
-0.000105018
6.93909e-05
-5.97657e-05
-0.0545137
0.00157781
0.0008422
-0.000885502
-0.000378677
-0.00116216
-0.00131706
0.000186721
-2.00995e-05
6.23026e-05
-5.10528e-05
0.0059501
-0.0481438
0.00217673
0.00586805
-0.0381193
0.00197154
0.00559642
-0.0281655
0.00177642
0.00516727
-0.0186768
0.00158216
0.00389378
-0.0109679
0.00116619
0.00272199
-0.00493199
0.000596889
-0.00561027
-0.0481162
0.000764877
-0.00558944
-0.0380584
0.000561533
-0.00540078
-0.02812
0.00034996
-0.00480532
-0.0188865
4.85244e-05
-0.00384122
-0.010785
-9.78786e-06
-0.00277178
-0.00479429
-0.00030947
0.00570622
-0.0495458
0.00216214
0.00562722
-0.0394737
0.00192349
0.00536474
-0.0294442
0.00163759
0.00480455
-0.019899
0.001313
0.00357569
-0.0118828
0.000815482
0.00240634
-0.00532233
0.000221302
-0.00586129
-0.0495272
0.000772449
-0.00583308
-0.0394275
0.000608441
-0.00568205
-0.0293617
0.0004714
-0.00494766
-0.0200462
0.000409168
-0.0042602
-0.0116936
0.000317188
-0.00327881
-0.00523429
0.000125504
0.00578433
-0.0438383
0.00206536
0.00563762
-0.0337974
0.00183798
0.00524825
-0.0239459
0.00158948
0.00434121
-0.0155585
0.00127184
0.00315257
-0.00808131
0.000765862
0.00201266
-0.00257793
0.000196939
-0.00568244
-0.0437939
0.000680009
-0.00556727
-0.0337229
0.000504716
-0.00512564
-0.0240922
0.000251042
-0.00435232
-0.014942
0.000324916
-0.00345586
-0.00796402
7.31731e-05
-0.00206854
-0.00298427
-0.000300092
-7.3836e-05
-0.044498
0.00137236
-0.000121746
-0.0343829
0.00117131
-0.00017863
-0.0244496
0.00097828
-0.000155824
-0.0155961
0.000653236
-0.000437876
-0.00815197
0.000404946
-0.000536152
-0.00259406
6.13658e-05
0.000148839
-0.0431065
0.00136942
8.90316e-05
-0.0330226
0.00117011
8.56119e-05
-0.0232828
0.00101482
0.000190296
-0.0143472
0.000727681
2.06333e-05
-0.0074345
0.000403428
3.84717e-06
-0.00232837
8.52175e-05
4.11266e-05
-0.000831014
3.76693e-05
-6.50029e-05
-0.000718439
8.12038e-05
6.47874e-05
-0.0538123
0.00157052
-0.00132914
-0.00112875
-4.45907e-05
-4.04978e-06
0.000126133
3.55391e-06
0.00113794
-0.000970181
-9.08655e-05
0.00581039
-0.0488508
0.0021719
0.00573016
-0.0388059
0.00195338
0.00546299
-0.0288257
0.00172188
0.00500252
-0.0193118
0.00145606
0.00367679
-0.0115103
0.00105097
0.00260807
-0.00514682
0.000463754
-0.00569934
-0.0488201
0.00077036
-0.00563175
-0.0387532
0.000591197
-0.00542381
-0.0287902
0.000409255
-0.00471687
-0.0194299
0.000302375
-0.00394073
-0.0113013
0.000170945
-0.0028713
-0.00510845
-6.87213e-05
-5.53523e-05
-0.0495371
0.00147104
-0.000104976
-0.0394212
0.00127159
-0.000161083
-0.029352
0.00106876
-8.62746e-05
-0.0198927
0.000910639
-0.000338057
-0.0116611
0.00057812
-0.000551534
-0.0050613
0.000202418
0.000165038
-0.0481268
0.0014708
0.00012683
-0.0380711
0.00126924
7.22806e-05
-0.0280798
0.00107764
0.000145278
-0.0187483
0.000802331
5.75521e-05
-0.01068
0.000570338
-4.30751e-06
-0.00463604
0.000241566
0.000913146
-0.00157924
-6.78149e-06
0.00373327
-0.0216068
0.00132774
