0.00605818
-0.0538129
0.00251272
-0.00566068
-0.0537996
0.00109455
-0.000339876
-0.000185363
-0.000105077
0.000216471
3.94344e-05
7.91185e-05
0.00576029
-0.0552183
0.0025045
-0.00595454
-0.0552249
0.0011054
-0.000194391
-5.29443e-06
0.000100189
0.000221804
-0.000113957
-0.000101526
0.00602507
-0.04371
0.00226352
0.00586208
-0.0335456
0.00202736
0.00543213
-0.023561
0.00182206
0.00459286
-0.015006
0.00157316
0.00338747
-0.00780138
0.000931837
0.00199963
-0.00272368
0.00040903
-0.00566421
-0.0436647
0.000856937
-0.00558048
-0.0334616
0.00061481
-0.00517396
-0.023795
0.000268943
-0.00437764
-0.0144776
0.000172766
-0.00338083
-0.0076557
-0.000100087
-0.00205878
-0.00264852
-0.000532932
0.00573874
-0.0450941
0.00223851
0.00557052
-0.034872
0.00194213
0.00516281
-0.0247824
0.00159882
0.00428985
-0.0161772
0.00104784
0.00302414
-0.00848451
0.000595386
0.00173601
-0.00250535
-0.00010729
-0.00596404
-0.0450527
0.000879677
-0.00588677
-0.0348017
0.00069093
-0.0053987
-0.0249951
0.000540661
-0.00467668
-0.0156302
0.000509407
-0.0039114
-0.00831216
0.000275389
-0.00228454
-0.00332295
-2.11134e-05
0.000202703
-0.0538081
0.0018074
0.0010584
-0.00114879
0.000158165
0.00589933
-0.054519
0.00250336
-0.00132124
-0.00107555
-0.000381911
-0.00577838
-0.0545144
0.00110182
0.000163634
0.000144623
-8.15955e-05
-0.000446384
-0.00016142
9.37586e-05
0.000403913
-0.000106635
6.95061e-05
-8.2171e-05
-0.0552163
0.00180913
0.000848086
-0.000894826
-0.000378343
-0.00118232
-0.00133457
0.000195293
-2.22715e-05
6.32884e-05
-5.07589e-05
0.00605036
-0.0487822
0.00238727
0.00596677
-0.0386232
0.00214253
0.00568999
-0.0285361
0.00190894
0.00525262
-0.0189216
0.00167764
0.0039592
-0.0111129
0.00122511
0.00276846
-0.00499827
0.000623795
-0.00566431
-0.048754
0.000977349
-0.00564338
-0.0385612
0.00073367
-0.00545273
-0.0284895
0.000481758
-0.00485007
-0.0191334
0.000140355
-0.00387503
-0.0109267
4.79185e-05
-0.00279563
-0.00485753
-0.000285347
0.00576072
-0.0501819
0.00237245
0.00568054
-0.0399751
0.0020938
0.00541474
-0.0298127
0.00176805
0.00484808
-0.0201429
0.00140495
0.0036042
-0.0120236
0.000869987
0.00242363
-0.00538325
0.000244009
-0.00596135
-0.0501632
0.000985022
-0.00593218
-0.0399288
0.000781245
-0.00577767
-0.0297299
0.000604858
-0.0050313
-0.0202929
0.000505796
-0.00433132
-0.0118342
0.000379052
-0.00333219
-0.00529722
0.000154596
0.00586097
-0.0444085
0.00225599
0.00571196
-0.0342333
0.00198875
0.00531655
-0.024251
0.00170191
0.00439681
-0.0157546
0.00134678
0.0031921
-0.00818151
0.000805954
0.00203818
-0.00260927
0.000208765
-0.00575855
-0.0443634
0.000872605
-0.00564155
-0.0341578
0.000657137
-0.00519352
-0.0243994
0.000362705
-0.00440913
-0.0151301
0.000403232
-0.0035007
-0.00806309
0.000115369
-0.00209602
-0.00302037
-0.000289361
-9.6321e-05
-0.0450666
0.00156404
-0.000144136
-0.0348169
0.00132305
-0.000200562
-0.0247529
0.00109148
-0.000175597
-0.0157841
0.000728022
-0.000458004
-0.00824797
0.000446655
-0.00055287
-0.00262421
7.58297e-05
0.000171378
-0.0436772
0.0015611
0.000109838
-0.0334578
0.00132225
0.000105089
-0.0235879
0.00112873
0.000209375
-0.0145355
0.000803725
3.46274e-05
-0.00753282
0.000445327
1.35717e-05
-0.00235938
9.88694e-05
4.82199e-05
-0.000841383
4.2116e-05
-7.123e-05
-0.000726502
8.79033e-05
6.52782e-05
-0.0545159
0.00180171
-0.00134712
-0.00114215
-4.04023e-05
-4.3216e-06
0.000127921
2.81882e-06
0.00115239
-0.000981465
-8.89509e-05
0.00588748
-0.0494881
0.00238236
0.00580593
-0.0393087
0.00212406
0.00553451
-0.0291954
0.00185342
0.00506727
-0.0195562
0.00154946
0.00372318
-0.011654
0.00110802
0.00264075
-0.00521017
0.000488545
-0.0057757
-0.049457
0.000982895
-0.005707
-0.0392554
0.000763584
-0.00549598
-0.0291595
0.000541605
-0.00477875
-0.0196762
0.000397341
-0.00399198
-0.0114427
0.000230292
-0.00290873
-0.00517146
-4.27953e-05
-7.76345e-05
-0.0501731
0.00168253
-0.000127727
-0.039922
0.00144341
-0.000183525
-0.0297194
0.00120093
-0.000106245
-0.020137
0.0010056
-0.000358716
-0.0118
0.000636328
-0.000570965
-0.0051203
0.000228939
0.000187935
-0.0487648
0.00168235
0.000148829
-0.0385742
0.00144097
9.23043e-05
-0.0284489
0.00121021
0.000164676
-0.0189934
0.000896054
7.36525e-05
-0.0108207
0.000628824
7.51253e-06
-0.00469773
0.000268497
0.000919022
-0.0015975
2.06457e-07
0.00376865
-0.0218756
0.00142891
