0.0061555
-0.0544937
0.00274232
-0.00571136
-0.0544802
0.00132734
-0.000343147
-0.000187186
-0.000106437
0.000220034
3.95166e-05
8.08351e-05
0.00581148
-0.0558957
0.00273399
-0.00605141
-0.0559025
0.00133836
-0.000197655
-5.73612e-06
0.000102221
0.000223196
-0.000114576
-0.000102796
0.00612183
-0.044263
0.00245343
0.00595593
-0.0339696
0.00217793
0.00551882
-0.0238585
0.00193542
0.00466637
-0.0151974
0.00165008
0.00344275
-0.0079024
0.000973233
0.00203333
-0.00276019
0.000423613
-0.00571497
-0.044217
0.00104984
-0.00563065
-0.0338841
0.0007671
-0.00521993
-0.024095
0.000379702
-0.00441482
-0.0146613
0.000248528
-0.00340877
-0.00775378
-5.97535e-05
-0.00207571
-0.00268221
-0.000523588
0.00578964
-0.0456436
0.0024281
0.00561934
-0.0352926
0.00209151
0.00520709
-0.0250772
0.00170918
0.00432503
-0.0163654
0.0011181
0.0030459
-0.00858047
0.000632977
0.00174718
-0.00253256
-9.80335e-05
-0.00606091
-0.0456018
0.00107286
-0.00598171
-0.035222
0.000844128
-0.00548578
-0.0252935
0.000654776
-0.00475248
-0.0158128
0.000589339
-0.00397343
-0.00840861
0.000319991
-0.00232178
-0.00336302
-7.46416e-06
0.000226005
-0.0544888
0.00203869
0.00107712
-0.00116463
0.00016385
0.00597345
-0.0551982
0.00273282
-0.00133262
-0.00108822
-0.000380066
-0.00585158
-0.0551935
0.00133471
0.000168357
0.00014669
-8.20689e-05
-0.000451762
-0.000163726
9.4507e-05
0.000408442
-0.000108241
6.95982e-05
-0.000104675
-0.0558937
0.00204046
0.000853818
-0.000904107
-0.000378005
-0.00120216
-0.00135193
0.000203751
-2.442e-05
6.42461e-05
-5.04632e-05
0.00614754
-0.0493994
0.00259708
0.00606253
-0.0391117
0.0023126
0.0057809
-0.0288966
0.0020404
0.00533569
-0.0191608
0.001772
0.00402324
-0.0112555
0.00128311
0.00281413
-0.00506387
0.000650171
-0.00571502
-0.0493708
0.00119039
-0.00569405
-0.0390486
0.000906165
-0.0055017
-0.028849
0.000613716
-0.00489248
-0.0193746
0.000232292
-0.00390733
-0.011066
0.00010554
-0.00281863
-0.00492005
-0.000261236
0.00581193
-0.0507957
0.00258204
0.0057307
-0.0404599
0.00226324
0.0054619
-0.03017
0.00189759
0.00488935
-0.0203804
0.00149601
0.0036314
-0.0121613
0.000923814
0.00244028
-0.00544317
0.000266348
-0.00605828
-0.0507768
0.00119815
-0.00602821
-0.0404135
0.000954341
-0.00587041
-0.030087
0.000738342
-0.00511275
-0.0205331
0.000602206
-0.00440079
-0.0119718
0.000440616
-0.00338449
-0.00535916
0.000183486
0.0059345
-0.0449598
0.0024458
0.00578337
-0.0346559
0.00213855
0.00538232
-0.024548
0.00181332
0.00445058
-0.0159462
0.00142078
0.0032306
-0.00828004
0.000845382
0.00206314
-0.00264037
0.000220324
-0.0058315
-0.044914
0.00106564
-0.00571282
-0.0345794
0.00080975
-0.00525887
-0.0246984
0.000474425
-0.00446407
-0.0153141
0.000481302
-0.00354429
-0.00816048
0.000157391
-0.00212288
-0.00305603
-0.000278626
-0.000118881
-0.0456158
0.00175552
-0.000166525
-0.035237
0.0014744
-0.000222429
-0.0250478
0.00120416
-0.000195318
-0.0159676
0.00080234
-0.000477907
-0.00834219
0.000487963
-0.00056936
-0.00265403
9.01293e-05
0.000194063
-0.0442297
0.00175261
0.00013083
-0.0338803
0.00147403
0.000124702
-0.0238855
0.00124209
0.000228454
-0.0147203
0.000879232
4.86616e-05
-0.00762984
0.000486822
2.32763e-05
-0.00239027
0.000112346
5.52634e-05
-0.000851792
4.64791e-05
-7.73927e-05
-0.000734569
9.4511e-05
6.57697e-05
-0.0551951
0.00203291
-0.00136473
-0.00115546
-3.62418e-05
-4.59346e-06
0.000129657
2.08827e-06
0.00116656
-0.000992722
-8.71171e-05
0.00596141
-0.0501037
0.0025921
0.00587865
-0.0397955
0.00229385
0.00560328
-0.0295544
0.00198395
0.0051297
-0.0197947
0.00164184
0.00376823
-0.0117948
0.00116424
0.00267266
-0.00527268
0.000512872
-0.00584888
-0.0500721
0.00119599
-0.00577916
-0.0397415
0.000936283
-0.00556531
-0.0295181
0.000674043
-0.00483848
-0.0199164
0.00049218
-0.00404167
-0.0115813
0.000289438
-0.00294522
-0.00523356
-1.69774e-05
-0.000100019
-0.0507868
0.00189394
-0.000150509
-0.0404062
0.00161494
-0.000205922
-0.0300759
0.00133265
-0.000126224
-0.0203749
0.00109998
-0.000379193
-0.0119359
0.000694052
-0.000590142
-0.00517839
0.000255181
0.000210961
-0.0493818
0.00189382
0.000170993
-0.0390618
0.00161241
0.000112508
-0.0288079
0.00134232
0.000184128
-0.019233
0.000989282
8.98156e-05
-0.0109591
0.000686825
1.93449e-05
-0.00475883
0.000295132
0.00092469
-0.00161567
7.05818e-06
0.00380223
-0.0221373
0.00152922
