0.00677374
-0.0687173
0.00235161
-0.00697885
-0.0687269
-0.000400407
-0.000526233
-0.000292596
-0.000162061
0.000334384
5.3942e-05
0.000121509
0.0069296
-0.0714687
0.00234494
-0.00681657
-0.0714672
-0.000397016
-0.000303382
-1.72828e-05
0.000150867
0.000354234
-0.000194236
-0.00014796
0.00678563
-0.0569252
0.00249244
0.00679319
-0.0450974
0.00255809
0.00664835
-0.033225
0.00244715
0.00599209
-0.0221498
0.00222004
0.00479909
-0.0122055
0.00142425
0.00299245
-0.00452931
0.000657042
-0.00697019
-0.0569255
-0.000209719
-0.00688374
-0.0450797
-8.56674e-06
-0.00656442
-0.0333923
-2.24008e-05
-0.00588027
-0.0216507
-4.85584e-05
-0.00483287
-0.0119523
-0.000290397
-0.00310824
-0.00434214
-0.000847617
0.00692218
-0.0596397
0.00248269
0.00682498
-0.0476549
0.00252102
0.00651171
-0.0354875
0.00229766
0.00572374
-0.0242085
0.00173742
0.00438269
-0.0135297
0.00104433
0.00263053
-0.00439124
-7.00391e-05
-0.0068444
-0.0596013
-0.000192756
-0.00690519
-0.0475537
4.275e-05
-0.00667633
-0.0355906
0.000199046
-0.00618008
-0.0236794
0.000263513
-0.00549809
-0.0132144
0.000162001
-0.00338325
-0.00554182
-0.000126008
-9.99073e-05
-0.0687219
0.000970073
0.00162698
-0.00198307
0.000256668
0.006844
-0.0700969
0.00234575
-0.0020355
-0.00181536
-0.000619759
-0.00689658
-0.0700974
-0.00039608
0.000229382
0.000204683
-0.00011937
-0.000686095
-0.000257446
0.000131167
0.000628109
-0.000183197
0.000113612
5.84872e-05
-0.0714671
0.000970795
0.00130504
-0.00166496
-0.000518944
-0.00181386
-0.00234173
0.000235666
-3.19302e-05
7.11729e-05
-7.64761e-05
0.00677696
-0.0628266
0.00242245
0.00679301
-0.0510152
0.00254339
0.00675717
-0.0391798
0.00251965
0.00656099
-0.0274022
0.00235805
0.00541446
-0.0169168
0.00181314
0.00403638
-0.00804168
0.000986145
-0.00697842
-0.0628311
-0.000318084
-0.00694108
-0.0510099
-9.57281e-05
-0.00678087
-0.0391669
3.68634e-05
-0.00630219
-0.0275913
-9.17109e-05
-0.00538648
-0.016665
-0.000141644
-0.00410655
-0.00777241
-0.000519056
0.00692939
-0.0655709
0.00241786
0.00689186
-0.0536692
0.00252251
0.00670499
-0.0416034
0.00244166
0.0062417
-0.0295792
0.00212878
0.0050541
-0.0186204
0.00145998
0.00360281
-0.00886569
0.000504133
-0.00682555
-0.0655533
-0.000310255
-0.00687647
-0.0535997
-6.6576e-05
-0.00690274
-0.0414812
0.000122691
-0.00644767
-0.0296848
0.000219582
-0.00590392
-0.0183248
0.000215724
-0.00481952
-0.00867005
5.84664e-05
0.00683976
-0.0582915
0.00249053
0.00678511
-0.0463898
0.00255906
0.00657026
-0.0344283
0.00239274
0.00577171
-0.023347
0.00202342
0.0045368
-0.0129119
0.00130683
0.00302149
-0.00445772
0.000410329
-0.00688052
-0.0582764
-0.000191974
-0.00682121
-0.0463484
3.46598e-05
-0.00651649
-0.0345153
6.33335e-05
-0.00587799
-0.0227424
0.000186637
-0.00492493
-0.0127076
-9.02127e-06
-0.00310518
-0.00498777
-0.000485336
4.34451e-05
-0.0596205
0.00114364
-3.521e-05
-0.0475955
0.00128272
-0.000148036
-0.0354412
0.00126461
-0.000169238
-0.0238394
0.000969162
-0.000563032
-0.0131983
0.000622119
-0.000782662
-0.0045514
0.000109072
-9.01336e-05
-0.0569254
0.00113395
-5.07105e-05
-0.0450737
0.00125696
1.74379e-05
-0.0332439
0.0012795
0.000152187
-0.0217084
0.00103995
3.45183e-06
-0.0118435
0.000618523
-1.44622e-05
-0.00397102
0.000154671
4.04489e-05
-0.00149254
7.71061e-05
-9.81686e-05
-0.00142567
0.000152308
-2.1652e-05
-0.0700971
0.000968789
-0.00203268
-0.00197442
-9.33567e-05
-2.05695e-05
0.000164226
7.99615e-06
0.00174656
-0.00177659
-7.94999e-05
0.00684259
-0.0642038
0.00241922
0.00682397
-0.0523535
0.00254184
0.00670501
-0.040418
0.00250372
0.00638486
-0.0285251
0.00225995
0.00512577
-0.0178543
0.00171859
0.00384442
-0.00847976
0.000844465
-0.00689239
-0.0641984
-0.00031098
-0.00685836
-0.0523215
-6.26361e-05
-0.00673046
-0.0403811
9.42311e-05
-0.00620204
-0.0286029
0.000135898
-0.00546636
-0.0175834
7.81249e-05
-0.00419657
-0.00837162
-0.000179364
5.66973e-05
-0.0655641
0.00105462
1.42846e-05
-0.0536324
0.00121839
-9.32741e-05
-0.0415154
0.00129072
-8.89033e-05
-0.0295565
0.00121509
-0.000393368
-0.0183408
0.000859002
-0.000764659
-0.00847987
0.000330274
-9.68442e-05
-0.0628318
0.00104708
-7.83386e-05
-0.0510064
0.00121521
-2.6887e-05
-0.0391365
0.00128168
9.48631e-05
-0.0274757
0.00111317
3.93281e-05
-0.0165828
0.000842016
-2.69385e-05
-0.00760084
0.000387213
0.00138139
-0.00287437
6.65982e-05
0.00478308
-0.0316849
0.00200781
