0.00624967
-0.0551504
0.00297119
-0.00575867
-0.0551366
0.00156068
-0.000346346
-0.000188977
-0.000107768
0.000223541
3.95806e-05
8.2527e-05
0.00585936
-0.0565477
0.00296277
-0.00614509
-0.0565546
0.00157186
-0.000200868
-6.17839e-06
0.000104222
0.000224557
-0.000115183
-0.000104046
0.0062155
-0.0447975
0.00264245
0.00604689
-0.0343808
0.00232746
0.00560303
-0.0241483
0.00204763
0.00473805
-0.0153849
0.00172586
0.00349695
-0.00800202
0.00101389
0.00206649
-0.00279649
0.000437847
-0.00576236
-0.0447507
0.0012431
-0.00567761
-0.0342938
0.000919553
-0.0052632
-0.0243871
0.000490548
-0.00445007
-0.0148415
0.000324175
-0.00343552
-0.00785044
-1.9511e-05
-0.00209211
-0.00271564
-0.000514179
0.00583726
-0.0461733
0.00261683
0.00566511
-0.0356992
0.00223993
0.00524879
-0.0253634
0.00181861
0.00435839
-0.0165489
0.00118763
0.00306673
-0.00867455
0.000670015
0.00175797
-0.0025595
-8.89439e-05
-0.00615459
-0.0461312
0.00126636
-0.00607357
-0.0356284
0.00099739
-0.0055703
-0.0255831
0.000768719
-0.00482635
-0.015991
0.000668891
-0.00403406
-0.00850325
0.000364297
-0.00235832
-0.00340253
6.06945e-06
0.000249411
-0.0551454
0.00226988
0.00109557
-0.00118044
0.000169377
0.00604434
-0.0558525
0.00296156
-0.00134371
-0.00110083
-0.00037818
-0.00592154
-0.0558478
0.00156813
0.000173012
0.000148695
-8.25286e-05
-0.000457036
-0.000166003
9.52325e-05
0.000412883
-0.000109835
6.9668e-05
-0.000127261
-0.0565457
0.00227168
0.000859398
-0.000913357
-0.000377662
-0.00122167
-0.00136913
0.000212089
-2.65442e-05
6.51748e-05
-5.01661e-05
0.0062416
-0.0499953
0.00280607
0.00615527
-0.0395845
0.00248169
0.00586909
-0.0292468
0.00217076
0.00541645
-0.0193946
0.00186523
0.00408589
-0.0113956
0.00134019
0.00285897
-0.00512881
0.000676016
-0.00576236
-0.0499662
0.00140389
-0.00574141
-0.0395203
0.00107892
-0.00554764
-0.0291982
0.000745759
-0.00493251
-0.0196101
0.00032428
-0.0039381
-0.0112028
0.00016304
-0.00284078
-0.00498187
-0.000237155
0.00585983
-0.0513869
0.00279084
0.00577765
-0.0409279
0.00243178
0.00550621
-0.0305161
0.00202618
0.00492835
-0.0206114
0.00158616
0.00365729
-0.0122959
0.000976959
0.00245629
-0.00550211
0.000288322
-0.00615202
-0.0513679
0.00141172
-0.0061211
-0.0408813
0.00112763
-0.0059602
-0.030433
0.000871772
-0.00519199
-0.0207668
0.000698338
-0.00446859
-0.0121064
0.00050184
-0.00343569
-0.00542012
0.000212153
0.00600485
-0.0454919
0.00263472
0.0058518
-0.035065
0.00228734
0.00544551
-0.0248367
0.0019237
0.00450252
-0.0161334
0.00149382
0.00326806
-0.0083769
0.000884147
0.00208755
-0.00267123
0.00023162
-0.00590123
-0.0454456
0.00125901
-0.00578105
-0.0349876
0.000962467
-0.00532165
-0.0249889
0.000586137
-0.00451713
-0.0154941
0.000559076
-0.00358663
-0.0082562
0.000199212
-0.00214913
-0.00309127
-0.000267898
-0.000141497
-0.0461452
0.00194674
-0.000188896
-0.0356432
0.00162531
-0.000244215
-0.025334
0.00131628
-0.000214976
-0.0161466
0.000876158
-0.000497572
-0.00843465
0.000528856
-0.000585616
-0.00268354
0.000104259
0.00021689
-0.0447637
0.00194384
0.000152005
-0.0342901
0.00162536
0.000144448
-0.0241753
0.00135484
0.000247528
-0.0149014
0.00095417
6.27331e-05
-0.00772556
0.000527901
3.29587e-05
-0.00242103
0.000125644
6.22554e-05
-0.000862243
5.07581e-05
-8.34886e-05
-0.000742651
0.000101025
6.62678e-05
-0.0558494
0.00226403
-0.00138199
-0.0011687
-3.2114e-05
-4.86564e-06
0.000131338
1.36232e-06
0.00118046
-0.00100396
-8.53613e-05
0.00603213
-0.0506973
0.00280103
0.00594828
-0.0402659
0.00246268
0.00566926
-0.0299026
0.00211345
0.00518979
-0.0200273
0.00173319
0.00381193
-0.0119329
0.00121962
0.00270378
-0.00533436
0.000536738
-0.00591881
-0.0506653
0.00140953
-0.00584817
-0.0402113
0.00110919
-0.00563177
-0.029866
0.000806494
-0.00489601
-0.0201506
0.000586834
-0.00408979
-0.0117172
0.000348345
-0.00298076
-0.00529478
8.71341e-06
-0.000122488
-0.0513779
0.00210517
-0.000173303
-0.0408736
0.00178612
-0.000228255
-0.0304211
0.00146385
-0.000146197
-0.0206065
0.00119374
-0.000399474
-0.0120689
0.00075127
-0.000609054
-0.00523561
0.000281134
0.00023411
-0.0499774
0.00210511
0.000193318
-0.0395339
0.0017835
0.000132889
-0.0291569
0.00147392
0.000203632
-0.019467
0.00108198
0.000106038
-0.0110952
0.000744319
3.1187e-05
-0.00481934
0.00032146
0.000930152
-0.00163375
1.37749e-05
0.003834
-0.0223918
0.00162864
