0.00634065
-0.0557826
0.00319926
-0.00580257
-0.0557685
0.00179442
-0.000349474
-0.000190736
-0.00010907
0.000226991
3.96264e-05
8.41939e-05
0.00590389
-0.057174
0.00319074
-0.00623552
-0.057181
0.00180574
-0.000204031
-6.62135e-06
0.000106191
0.000225887
-0.000115778
-0.000105274
0.00630602
-0.0453133
0.00283052
0.0061349
-0.0347789
0.0024759
0.00568474
-0.0244303
0.00215867
0.00480787
-0.0155683
0.00180051
0.00355006
-0.00810024
0.00105382
0.0020991
-0.00283259
0.000451736
-0.00580635
-0.0452658
0.00143661
-0.00572134
-0.0346904
0.00107208
-0.00530372
-0.0246712
0.00060142
-0.00448335
-0.0150181
0.000399663
-0.0034611
-0.00794567
2.06154e-05
-0.00210797
-0.00274879
-0.000504713
0.00588157
-0.0466831
0.00280465
0.00570781
-0.0360916
0.00238738
0.00528789
-0.0256409
0.00192707
0.00438993
-0.0167275
0.0012564
0.00308662
-0.00876677
0.000706504
0.00176838
-0.00258618
-8.00177e-05
-0.00624502
-0.0466407
0.00146006
-0.0061623
-0.0360208
0.00115063
-0.0056522
-0.0258639
0.000882423
-0.00489824
-0.0161647
0.000748013
-0.00409326
-0.00859607
0.00040828
-0.00239414
-0.0034415
1.9477e-05
0.000272915
-0.0557775
0.00250087
0.00111376
-0.00119624
0.000174747
0.00611198
-0.0564818
0.00318951
-0.0013545
-0.00111339
-0.000376254
-0.0059882
-0.056477
0.00180194
0.000177597
0.000150638
-8.29742e-05
-0.000462203
-0.000168251
9.59345e-05
0.000417236
-0.000111418
6.97162e-05
-0.000149909
-0.057172
0.00250271
0.000864827
-0.000922583
-0.000377311
-0.00124086
-0.00138619
0.000220302
-2.86435e-05
6.60734e-05
-4.98677e-05
0.00633247
-0.0505696
0.0030142
0.00624494
-0.0400415
0.00264977
0.00595452
-0.0295867
0.0023
0.00549485
-0.0196228
0.0019573
0.00414711
-0.0115333
0.00139635
0.00290299
-0.00519306
0.000701334
-0.0058063
-0.05054
0.00161772
-0.00578542
-0.0399763
0.00125183
-0.00559052
-0.029537
0.00087781
-0.00497016
-0.0198399
0.000416266
-0.00396735
-0.0113373
0.000220384
-0.00286208
-0.00504296
-0.00021312
0.00590438
-0.0519552
0.00299879
0.00582139
-0.0413788
0.00259936
0.00554765
-0.0308508
0.00215379
0.00496505
-0.020836
0.00167538
0.00368187
-0.0124275
0.00102942
0.00247166
-0.00556008
0.000309935
-0.0062425
-0.0519361
0.00162561
-0.00621078
-0.0413323
0.001301
-0.00604701
-0.0307676
0.00100507
-0.00526896
-0.020994
0.000794133
-0.00453468
-0.0122381
0.000562684
-0.00348577
-0.00548012
0.000240578
0.006072
-0.0460047
0.00282272
0.00591721
-0.0354606
0.00243509
0.00550611
-0.0251172
0.00203302
0.00455261
-0.016316
0.00156589
0.00330448
-0.00847211
0.00092225
0.0021114
-0.00270186
0.000242656
-0.0059677
-0.0459579
0.00145259
-0.00584617
-0.0353823
0.0011152
-0.00538182
-0.025271
0.000697777
-0.00456827
-0.0156701
0.000636505
-0.00362769
-0.00835025
0.000240804
-0.00217476
-0.00312609
-0.000257185
-0.00016415
-0.0466548
0.0021376
-0.000211229
-0.0360354
0.00177571
-0.000265905
-0.0256116
0.00142778
-0.000234555
-0.0163211
0.000949451
-0.000516988
-0.00852536
0.000569321
-0.000601632
-0.00271276
0.000118213
0.000239852
-0.0452789
0.00213473
0.000173359
-0.0346869
0.0017762
0.000164324
-0.0244573
0.00146696
0.000266592
-0.015079
0.00102851
7.6839e-05
-0.00781997
0.000568549
4.26166e-05
-0.00245167
0.00013876
6.91943e-05
-0.000872734
5.49532e-05
-8.95155e-05
-0.000750757
0.000107445
6.6778e-05
-0.0564786
0.00249494
-0.00139888
-0.00118185
-2.80231e-05
-5.13837e-06
0.000132965
6.41019e-07
0.00119408
-0.00101519
-8.36798e-05
0.00609962
-0.0512686
0.0030091
0.00601477
-0.0407199
0.00263052
0.00573242
-0.0302399
0.00224187
0.00524751
-0.0202539
0.00182349
0.00385426
-0.0120681
0.00127416
0.00273412
-0.0053952
0.000560147
-0.00598545
-0.0512362
0.00162339
-0.005914
-0.0406648
0.00128222
-0.0056953
-0.0302031
0.00093888
-0.00495132
-0.0203786
0.000681246
-0.00413632
-0.0118504
0.000406977
-0.00301535
-0.00535512
3.426e-05
-0.000145022
-0.0519462
0.00231613
-0.000196092
-0.0413241
0.00195686
-0.000250507
-0.0307551
0.0015945
-0.000166152
-0.0208316
0.00128684
-0.000419546
-0.0121989
0.000807963
-0.000627693
-0.00529197
0.000306791
0.000257376
-0.0505514
0.00231612
0.000215798
-0.0399901
0.00195415
0.000153444
-0.0294955
0.00160495
0.000223183
-0.0196954
0.00117411
0.000122317
-0.011229
0.000801286
4.30364e-05
-0.00487925
0.000347477
0.000935409
-0.00165176
2.03589e-05
0.00386395
-0.0226391
0.00172715
