0.00642839
-0.0563899
0.00342643
-0.00584304
-0.0563757
0.00202843
-0.000352528
-0.000192461
-0.000110343
0.000230385
3.96541e-05
8.5836e-05
0.00594506
-0.0577744
0.00341784
-0.00632265
-0.0577815
0.00203988
-0.000207141
-7.06507e-06
0.000108128
0.000227186
-0.000116363
-0.000106481
0.00639335
-0.04581
0.00301759
0.00621994
-0.0351637
0.00262323
0.00576391
-0.0247045
0.00226851
0.00487581
-0.0157478
0.001874
0.00360204
-0.00819701
0.00109301
0.00213115
-0.00286845
0.000465286
-0.00584692
-0.0457619
0.00163024
-0.0057618
-0.0350739
0.00122459
-0.00534149
-0.0249472
0.000712255
-0.00451467
-0.0151909
0.000474948
-0.00348547
-0.00803942
6.06035e-05
-0.0021233
-0.00278165
-0.000495197
0.00592256
-0.0471728
0.0029915
0.00574742
-0.0364698
0.0025338
0.00532438
-0.0259097
0.00203455
0.00441963
-0.0169012
0.00132443
0.00310557
-0.00885712
0.000742449
0.00177841
-0.00261261
-7.12496e-05
-0.00633215
-0.0471302
0.00165386
-0.00624784
-0.036399
0.00130375
-0.00573144
-0.0261357
0.000995822
-0.00496814
-0.0163341
0.000826661
-0.00415102
-0.00868708
0.000451913
-0.00242925
-0.00347993
3.27497e-05
0.000296509
-0.0563848
0.00273153
0.00113168
-0.00121202
0.000179963
0.00617633
-0.0570857
0.00341658
-0.001365
-0.00112588
-0.000374293
-0.00605153
-0.0570808
0.00203601
0.000182113
0.000152521
-8.34049e-05
-0.000467264
-0.000170469
9.66121e-05
0.000421501
-0.000112991
6.97434e-05
-0.000172598
-0.0577723
0.00273341
0.000870103
-0.00093179
-0.000376949
-0.00125971
-0.0014031
0.000228385
-3.07172e-05
6.69412e-05
-4.95683e-05
0.00642012
-0.0511218
0.00322138
0.00633151
-0.0404823
0.00281679
0.00603716
-0.0299162
0.00242809
0.00557087
-0.0198454
0.00204822
0.00420691
-0.0116684
0.00145158
0.00294618
-0.00525662
0.00072613
-0.00584679
-0.0510919
0.00183174
-0.00582606
-0.0404161
0.0014248
-0.00563033
-0.0298654
0.0010098
-0.00500539
-0.0200638
0.0005082
-0.00399504
-0.0114692
0.00027754
-0.00288252
-0.00510331
-0.000189147
0.00594557
-0.0525005
0.00320582
0.00586189
-0.0418126
0.00276595
0.00558619
-0.0311741
0.0022804
0.00499946
-0.0210542
0.00176367
0.00370514
-0.0125559
0.0010812
0.00248638
-0.0056171
0.000331194
-0.00632968
-0.0524813
0.00183967
-0.00629721
-0.0417661
0.00147437
-0.00613076
-0.031091
0.00113816
-0.00534364
-0.0212145
0.000889536
-0.00459904
-0.0123667
0.000623116
-0.00353472
-0.00553916
0.000268745
0.00613592
-0.0464979
0.00300971
0.00597958
-0.0358423
0.00258176
0.00556408
-0.0253893
0.00214125
0.00460083
-0.0164941
0.001637
0.00333984
-0.00856563
0.000959696
0.00213468
-0.00273226
0.00025344
-0.00603087
-0.0464506
0.00164628
-0.00590817
-0.0357633
0.00126786
-0.00543935
-0.0255446
0.000809282
-0.00461749
-0.0158419
0.000713548
-0.00366746
-0.0084426
0.000282146
-0.00219975
-0.00316048
-0.000246495
-0.000186822
-0.0471443
0.00232801
-0.000233508
-0.0364134
0.00192554
-0.000287484
-0.0258806
0.00153863
-0.000254043
-0.0164911
0.00102219
-0.000536145
-0.00861432
0.000609347
-0.000617403
-0.00274167
0.00013199
0.000262941
-0.0457752
0.00232517
0.000194884
-0.0350705
0.00192648
0.000184324
-0.0247315
0.00157838
0.000285639
-0.0152528
0.00110224
9.09759e-05
-0.00791302
0.000608758
5.22483e-05
-0.00248217
0.000151693
7.60788e-05
-0.000883262
5.9065e-05
-9.54717e-05
-0.000758891
0.000113769
6.73058e-05
-0.0570824
0.00272555
-0.00141541
-0.00119493
-2.39726e-05
-5.41184e-06
0.000134535
-7.56609e-08
0.00120742
-0.0010264
-8.2068e-05
0.00616383
-0.0518175
0.00321622
0.00607811
-0.0411572
0.00279732
0.00579274
-0.0305663
0.00236921
0.00530283
-0.0204743
0.00191273
0.00389522
-0.0122004
0.00132784
0.00276366
-0.0054552
0.000583105
-0.00604877
-0.0517847
0.00183743
-0.00597659
-0.0411017
0.00145525
-0.00575587
-0.0305291
0.00107113
-0.00500439
-0.0206004
0.000775363
-0.00418123
-0.0119807
0.000465303
-0.00304896
-0.00541456
5.96474e-05
-0.000167602
-0.0524914
0.00252671
-0.000218856
-0.0417574
0.0021271
-0.000272662
-0.0310778
0.00172452
-0.000186075
-0.0210502
0.00137925
-0.000439396
-0.012326
0.000864112
-0.000646051
-0.00534747
0.000332147
0.000280749
-0.0511034
0.00252676
0.000238425
-0.0404303
0.00212429
0.000174167
-0.0298238
0.00173537
0.000242776
-0.019918
0.00126564
0.000138647
-0.0113604
0.000857712
5.48906e-05
-0.00493853
0.000373176
0.00094046
-0.0016697
2.68138e-05
0.00389208
-0.0228792
0.00182472
