0.00651285
-0.0569722
0.00365264
-0.00588006
-0.0569577
0.00226255
-0.000355508
-0.000194152
-0.000111586
0.00023372
3.96635e-05
8.74528e-05
0.00598286
-0.0583486
0.00364399
-0.00640643
-0.0583558
0.00227412
-0.0002102
-7.50959e-06
0.000110033
0.000228453
-0.000116938
-0.000107665
0.00647747
-0.0462874
0.00320361
0.00630196
-0.0355352
0.00276941
0.0058405
-0.0249707
0.00237715
0.00494184
-0.0159231
0.00194635
0.0036529
-0.00829229
0.00113147
0.00216264
-0.00290407
0.000478503
-0.00588406
-0.0462388
0.00182389
-0.00579898
-0.0354441
0.001377
-0.00537648
-0.0252149
0.000822991
-0.00454401
-0.01536
0.000549992
-0.00350865
-0.00813165
0.000100433
-0.00213808
-0.0028142
-0.000485636
0.00596022
-0.0476422
0.00317733
0.00578394
-0.0368337
0.00267918
0.00535825
-0.0261697
0.00214103
0.0044475
-0.0170701
0.0013917
0.00312358
-0.00894559
0.000777857
0.00178804
-0.00263879
-6.26326e-05
-0.00641594
-0.0475994
0.00184763
-0.00633016
-0.0367629
0.00145667
-0.005808
-0.0263985
0.00110885
-0.00503601
-0.016499
0.000904792
-0.00420732
-0.00877624
0.000495176
-0.00246362
-0.0035178
4.58806e-05
0.000320181
-0.0569671
0.00296177
0.00114933
-0.00122777
0.000185031
0.00623737
-0.0576639
0.00364269
-0.00137519
-0.0011383
-0.000372297
-0.00611149
-0.0576591
0.00227019
0.000186558
0.000154342
-8.382e-05
-0.000472215
-0.000172656
9.72644e-05
0.000425676
-0.000114553
6.975e-05
-0.00019531
-0.0583465
0.00296368
0.000875223
-0.000940978
-0.000376572
-0.00127822
-0.00141986
0.000236333
-3.2765e-05
6.77774e-05
-4.92674e-05
0.00650451
-0.051652
0.00342754
0.00641494
-0.0409068
0.0029827
0.00611698
-0.0302349
0.002555
0.00564447
-0.0200622
0.00213796
0.00426524
-0.0118009
0.00150588
0.00298851
-0.00531943
0.000750412
-0.00588384
-0.0516217
0.00204583
-0.00586331
-0.0408398
0.00159772
-0.00566703
-0.0301832
0.00114164
-0.0050382
-0.0202817
0.000600029
-0.00402118
-0.0115986
0.000334479
-0.00290208
-0.00516288
-0.000165246
0.0059834
-0.0530225
0.00341186
0.00589916
-0.0422291
0.00293149
0.00562183
-0.0314859
0.00240599
0.00503157
-0.0212658
0.00185102
0.0037271
-0.0126812
0.00113231
0.00250047
-0.00567314
0.000352106
-0.0064135
-0.0530032
0.00205379
-0.00638034
-0.0421827
0.00164762
-0.00621144
-0.0314029
0.00127096
-0.00541598
-0.0214284
0.000984496
-0.00466164
-0.0124924
0.000683103
-0.00358251
-0.00559721
0.000296637
0.00619658
-0.0469714
0.00319566
0.00603889
-0.0362102
0.00272733
0.00561943
-0.025653
0.0022484
0.00464716
-0.0166675
0.00170714
0.00337413
-0.00865743
0.000996492
0.00215739
-0.00276241
0.000263978
-0.0060907
-0.0469236
0.00183994
-0.005967
-0.0361305
0.00142036
-0.0054942
-0.0258095
0.000920591
-0.00466474
-0.0160095
0.000790161
-0.00370593
-0.00853323
0.000323216
-0.0022241
-0.00319442
-0.000235835
-0.000209492
-0.0476135
0.00251789
-0.000255714
-0.0367771
0.00207474
-0.000308935
-0.0261407
0.00164879
-0.000273427
-0.0166564
0.00109437
-0.000555033
-0.00870151
0.000648925
-0.000632923
-0.00277029
0.000145587
0.000286148
-0.0462523
0.00251509
0.000216574
-0.0354408
0.00207613
0.000204442
-0.0249976
0.00168908
0.000304662
-0.0154228
0.00117533
0.00010514
-0.00800468
0.000648522
6.1852e-05
-0.00251251
0.000164443
8.29081e-05
-0.000893819
6.3095e-05
-0.000101356
-0.000767054
0.000119997
6.78562e-05
-0.0576607
0.00295573
-0.00143155
-0.00120792
-1.99653e-05
-5.68619e-06
0.000136049
-7.87777e-07
0.00122047
-0.00103759
-8.05204e-05
0.00622476
-0.0523436
0.00342234
0.00613827
-0.0415778
0.00296303
0.00585019
-0.0308816
0.00249542
0.00535574
-0.0206887
0.0020009
0.00393479
-0.0123298
0.00138069
0.00279241
-0.00551434
0.000605621
-0.00610872
-0.0523105
0.00205153
-0.00603593
-0.0415218
0.00162819
-0.00581346
-0.0308441
0.00120316
-0.00505518
-0.020816
0.000869133
-0.00422451
-0.0121082
0.000523292
-0.00308159
-0.00547309
8.4863e-05
-0.000190208
-0.0530134
0.00273681
-0.000241574
-0.0421736
0.00229675
-0.000294702
-0.0313891
0.00185388
-0.000205951
-0.0212623
0.00147094
-0.000459013
-0.0124501
0.000919706
-0.000664119
-0.0054021
0.000357196
0.000304221
-0.0516333
0.00273693
0.000261191
-0.0408543
0.00229386
0.00019505
-0.0301415
0.00186511
0.000262404
-0.0201348
0.00135655
0.000155024
-0.0114894
0.000913582
6.67471e-05
-0.00499716
0.000398555
0.000945304
-0.00168756
3.31441e-05
0.00391837
-0.0231119
0.00192134
