0.00674639
-0.0585665
0.00432461
-0.00597046
-0.0585516
0.00296415
-0.000363975
-0.000199003
-0.000115134
0.000243363
3.95833e-05
9.21486e-05
0.00607621
-0.0599129
0.00431582
-0.00663737
-0.0599205
0.00297596
-0.000219043
-8.84767e-06
0.000115542
0.000232049
-0.000118591
-0.000111072
0.00671026
-0.0476025
0.00375473
0.00652971
-0.0365673
0.00320073
0.00605465
-0.0257199
0.00269572
0.00512826
-0.016423
0.00215653
0.00379847
-0.00856839
0.00124262
0.00225356
-0.00300912
0.000516242
-0.00597485
-0.0475525
0.00240367
-0.00589084
-0.0364729
0.00183272
-0.00546476
-0.0259669
0.001154
-0.00462001
-0.0158435
0.000773303
-0.00357078
-0.0083985
0.000218805
-0.00217901
-0.00290968
-0.000456705
0.00605336
-0.0489274
0.0037281
0.00587502
-0.0378379
0.00310868
0.00544416
-0.0268959
0.00245439
0.00452003
-0.0175465
0.00158906
0.00317185
-0.00919921
0.000880958
0.00181453
-0.00271567
-3.75951e-05
-0.00664689
-0.0488846
0.00242756
-0.00655749
-0.0377679
0.00191331
-0.0060212
-0.0271319
0.00144516
-0.00522712
-0.0169662
0.00113572
-0.00436711
-0.00903219
0.000622562
-0.00256217
-0.00362792
8.43755e-05
0.000391548
-0.0585613
0.00364873
0.00120053
-0.00127467
0.000199386
0.00640059
-0.0592433
0.00431445
-0.00140386
-0.00117501
-0.000366097
-0.00627106
-0.0592384
0.00297186
0.000199457
0.000159437
-8.49602e-05
-0.000486376
-0.000179014
9.90587e-05
0.000437637
-0.000119165
6.96502e-05
-0.000263364
-0.0599109
0.00365072
0.000889583
-0.000968384
-0.000375277
-0.00133164
-0.00146917
0.000259333
-3.87518e-05
7.00899e-05
-4.83526e-05
0.0067379
-0.0531072
0.00403928
0.00664616
-0.0420807
0.00347336
0.00633926
-0.0311257
0.0029285
0.00585059
-0.0206766
0.00240017
0.00443128
-0.0121821
0.00166333
0.00311021
-0.00550292
0.000820283
-0.00597431
-0.0530762
0.00268714
-0.00595474
-0.0420115
0.00211516
-0.00575853
-0.031071
0.00153557
-0.00512198
-0.0208983
0.000874405
-0.00409012
-0.0119707
0.000503732
-0.00295542
-0.00533642
-9.40689e-05
0.00607683
-0.0544477
0.00402331
0.0059916
-0.0433736
0.00342142
0.00571144
-0.0323509
0.00277641
0.00511404
-0.0218604
0.00210741
0.00378499
-0.0130378
0.00128164
0.00253875
-0.00583512
0.000412878
-0.00664453
-0.0544285
0.00269509
-0.00660965
-0.043328
0.00216562
-0.00643468
-0.0322687
0.00166693
-0.00561871
-0.0220291
0.00126624
-0.0048386
-0.0128504
0.000860138
-0.00371876
-0.00576519
0.000378564
0.00635901
-0.0482715
0.00374665
0.00619839
-0.0372288
0.00315706
0.00576952
-0.0263918
0.00256316
0.00477471
-0.017159
0.00191178
0.00347049
-0.00892195
0.00110309
0.00222198
-0.00285118
0.00029422
-0.00625008
-0.0482229
0.00241965
-0.00612435
-0.0371474
0.001876
-0.00564259
-0.0265511
0.00125275
-0.00479458
-0.0164863
0.00101707
-0.00381329
-0.00879419
0.000444633
-0.00229316
-0.00329333
-0.000204058
-0.000277289
-0.0488985
0.00308347
-0.000321719
-0.0377813
0.00251793
-0.000372378
-0.0268676
0.00197476
-0.000330824
-0.0171243
0.00130728
-0.000609993
-0.00895199
0.000764938
-0.000677923
-0.00285419
0.00018531
0.000356349
-0.0475665
0.00308081
0.000282515
-0.0364702
0.00252076
0.000265419
-0.0257461
0.00201647
0.000361525
-0.0159088
0.00139062
0.000147756
-0.00827052
0.0007651
9.04823e-05
-0.00260226
0.000201619
0.000103061
-0.000925523
7.47154e-05
-0.000118568
-0.000791675
0.000138115
6.96882e-05
-0.05924
0.00364257
-0.00147763
-0.00124626
-8.22013e-06
-6.51525e-06
0.000140245
-2.89794e-06
0.00125786
-0.001071
-7.61972e-05
0.00638774
-0.0537839
0.00403397
0.00629962
-0.0427371
0.00345324
0.00600531
-0.0317594
0.00286718
0.00549991
-0.0212936
0.002259
0.00404504
-0.0126997
0.00153428
0.00287368
-0.00568616
0.00067063
-0.00626827
-0.0537502
0.0026928
-0.00619425
-0.0426803
0.00214541
-0.00596815
-0.0317211
0.00159722
-0.00519374
-0.0214238
0.0011479
-0.00434437
-0.0124729
0.000694986
-0.00317337
-0.00564276
0.000159384
-0.000257971
-0.0544386
0.00336324
-0.000309271
-0.0433175
0.00280148
-0.000359972
-0.0322532
0.00223751
-0.000265166
-0.0218586
0.00174142
-0.000516356
-0.0128039
0.00108305
-0.000716516
-0.00556046
0.000430504
0.000375099
-0.0530881
0.00336355
0.000330197
-0.0420268
0.00279835
0.000258564
-0.0310295
0.00224987
0.000321429
-0.020749
0.00162525
0.000204376
-0.011861
0.00107777
0.000102305
-0.00516862
0.000472776
0.000958542
-0.00174059
5.14469e-05
0.00398625
-0.023765
0.0022054
