0.00681759
-0.0590466
0.0045461
-0.00599377
-0.0590315
0.00319724
-0.000366628
-0.000200538
-0.000116254
0.000246451
3.95207e-05
9.36608e-05
0.00610073
-0.0603812
0.00453728
-0.0067075
-0.0603889
0.00320909
-0.000221875
-9.29489e-06
0.000117306
0.000233172
-0.000119115
-0.000112154
0.00678131
-0.0480011
0.00393595
0.00659948
-0.0368834
0.00334201
0.00612076
-0.0259526
0.00279944
0.00518644
-0.0165805
0.00222434
0.00384458
-0.00865687
0.0012783
0.00228263
-0.00304338
0.000528219
-0.00599831
-0.0479508
0.00259614
-0.00591495
-0.0367879
0.00198383
-0.00548864
-0.0262
0.00126375
-0.00464132
-0.0159962
0.000847024
-0.00358898
-0.00848385
0.000257847
-0.00219147
-0.00294065
-0.000446977
0.00607787
-0.0493145
0.00390927
0.00589929
-0.0381432
0.00324955
0.0054676
-0.0271197
0.00255678
0.00454051
-0.017695
0.00165338
0.00318597
-0.0092796
0.000914328
0.0018225
-0.00274066
-2.9483e-05
-0.00671702
-0.0492717
0.00262001
-0.00662666
-0.0380735
0.00206453
-0.0060867
-0.0273575
0.00155615
-0.00528657
-0.0171124
0.00121144
-0.00441726
-0.00911343
0.000664178
-0.00259343
-0.00366335
9.69005e-05
0.000415407
-0.0590413
0.00387606
0.00121699
-0.00129011
0.000203907
0.0064484
-0.0597175
0.00453588
-0.00141273
-0.00118699
-0.000363951
-0.00631747
-0.0597126
0.00320495
0.000203609
0.000161012
-8.53011e-05
-0.000490852
-0.000181059
9.95987e-05
0.000441423
-0.000120674
6.95777e-05
-0.000285951
-0.0603792
0.00387808
0.000894008
-0.000977433
-0.000374764
-0.0013487
-0.00148524
0.000266711
-4.06952e-05
7.07936e-05
-4.80412e-05
0.00680907
-0.0535467
0.0042407
0.00671684
-0.0424382
0.00363443
0.00640758
-0.0314003
0.00305054
0.00591433
-0.0208689
0.00248524
0.00448355
-0.0123033
0.00171404
0.00314894
-0.00556219
0.000842624
-0.00599764
-0.0535156
0.00290012
-0.00597851
-0.0423684
0.00228684
-0.00578285
-0.0313446
0.00166611
-0.00514502
-0.0210909
0.000965338
-0.0041099
-0.0120889
0.000559555
-0.00297134
-0.00539232
-7.05373e-05
0.00610137
-0.0548755
0.00422468
0.00601603
-0.0437198
0.00358236
0.00573558
-0.0326154
0.00289771
0.00513692
-0.0220449
0.00219098
0.0038016
-0.0131499
0.00133012
0.00255014
-0.00588692
0.000432525
-0.00671468
-0.0548564
0.00290805
-0.00667933
-0.0436745
0.00233736
-0.00650277
-0.0325337
0.00179787
-0.00568144
-0.0222154
0.00135897
-0.00489389
-0.0129632
0.000918103
-0.00376171
-0.00581895
0.000405265
0.00640665
-0.0486644
0.00392784
0.00624543
-0.0375395
0.00329789
0.00581424
-0.0266203
0.00266583
0.00481338
-0.0173128
0.00197809
0.00350037
-0.00900622
0.0011374
0.00224228
-0.00288009
0.000303878
-0.0062965
-0.0486155
0.00261204
-0.00617041
-0.0374577
0.00202697
-0.00568662
-0.0267801
0.00136268
-0.00483382
-0.0166361
0.00109163
-0.00384633
-0.00887725
0.000484464
-0.00231479
-0.0033252
-0.000193538
-0.000299748
-0.0492856
0.00327035
-0.000343459
-0.0380867
0.002664
-0.000393177
-0.0270916
0.00208181
-0.000349665
-0.0172705
0.00137701
-0.000627721
-0.00903155
0.000802697
-0.000692387
-0.00288142
0.000198201
0.000379896
-0.0479649
0.00326774
0.00030474
-0.0367855
0.00266734
0.000285916
-0.0259785
0.00212392
0.000380383
-0.0160624
0.00146101
0.000161986
-0.00835578
0.000803055
9.99619e-05
-0.00263161
0.000213665
0.000109667
-0.000936043
7.84422e-05
-0.000124158
-0.000799897
0.000143969
7.03715e-05
-0.0597142
0.00386988
-0.00149217
-0.00125878
-4.39982e-06
-6.79359e-06
0.000141525
-3.59316e-06
0.00126969
-0.00108203
-7.48376e-05
0.00643549
-0.0542176
0.00423536
0.00634705
-0.0430889
0.0036142
0.00605126
-0.0320288
0.00298874
0.00554308
-0.0214821
0.0023429
0.00407892
-0.0128166
0.00158386
0.00289907
-0.00574137
0.000691497
-0.00631469
-0.0541838
0.00290575
-0.00624046
-0.0430319
0.00231694
-0.00601367
-0.0319903
0.00172767
-0.00523527
-0.021613
0.00123982
-0.00438093
-0.0125882
0.00075139
-0.00320186
-0.00569716
0.000183827
-0.000280469
-0.0548664
0.00357041
-0.000331619
-0.0436636
0.00296807
-0.000381395
-0.0325176
0.00236375
-0.000284722
-0.0220436
0.00182998
-0.000534939
-0.0129153
0.00113633
-0.000733357
-0.00561124
0.000454333
0.000398833
-0.0535275
0.00357079
0.000353388
-0.042384
0.00296486
0.00027998
-0.0313032
0.00237648
0.000341121
-0.0209411
0.0017134
0.000220877
-0.0119793
0.00113135
0.000114145
-0.00522407
0.000496886
0.0009625
-0.001758
5.73427e-05
0.00400523
-0.0239673
0.00229812
