0.00688546
-0.0595008
0.00476618
-0.00601373
-0.0594856
0.00342968
-0.000369189
-0.000202029
-0.000117341
0.00024947
3.94404e-05
9.51455e-05
0.006122
-0.060823
0.00475735
-0.00677419
-0.0608308
0.00344156
-0.000224644
-9.74247e-06
0.000119032
0.000234251
-0.000119624
-0.000113208
0.00684908
-0.0483797
0.00411584
0.00666617
-0.0371852
0.00348201
0.00618421
-0.0261764
0.00290192
0.00524259
-0.0167331
0.00229104
0.00388944
-0.00874336
0.00131332
0.00231105
-0.00307717
0.000539912
-0.00601843
-0.0483292
0.00278801
-0.00593584
-0.0370888
0.00213439
-0.00550976
-0.026424
0.0013731
-0.00466061
-0.0161445
0.000920336
-0.00360589
-0.00856722
0.000296664
-0.00220329
-0.0029711
-0.000437201
0.00609918
-0.0496808
0.00408913
0.00592056
-0.0384335
0.00338922
0.00548846
-0.027334
0.00265813
0.00455913
-0.017838
0.00171698
0.00319909
-0.00935776
0.000947224
0.00183002
-0.00276528
-2.14662e-05
-0.00678372
-0.0496381
0.00281182
-0.00669252
-0.0383643
0.00221511
-0.0061494
-0.0275736
0.00166649
-0.00534384
-0.0172537
0.00128649
-0.00446581
-0.00919247
0.000705358
-0.00262387
-0.00369806
0.000109272
0.000439275
-0.0594955
0.00410236
0.00123312
-0.00130541
0.000208307
0.00649293
-0.0601655
0.00475593
-0.00142124
-0.00119881
-0.000361758
-0.00636052
-0.0601605
0.00343738
0.000207686
0.000162526
-8.56201e-05
-0.000495197
-0.000183062
0.000100107
0.000445101
-0.000122166
6.94857e-05
-0.000308453
-0.060821
0.0041044
0.000898234
-0.000986415
-0.000374196
-0.00136537
-0.00150108
0.000273941
-4.2613e-05
7.1463e-05
-4.77252e-05
0.00687693
-0.0539632
0.00444076
0.00678432
-0.0427786
0.00379418
0.00647299
-0.0316633
0.00317132
0.00597556
-0.0210547
0.00256916
0.00453424
-0.0124213
0.00176389
0.00318671
-0.00562038
0.000864516
-0.00601762
-0.053932
0.00311248
-0.00599896
-0.0427082
0.00245795
-0.00580413
-0.0316067
0.00179614
-0.00516563
-0.0212768
0.00105593
-0.00412806
-0.0122039
0.00061505
-0.00298631
-0.0054471
-4.71074e-05
0.00612268
-0.0552796
0.0044247
0.00603735
-0.0440481
0.00374205
0.0057569
-0.0328678
0.00301789
0.00515751
-0.0222223
0.00227361
0.00381686
-0.0132584
0.00137797
0.00256081
-0.0059375
0.000451891
-0.00678138
-0.0552606
0.00312036
-0.00674564
-0.0440032
0.00250847
-0.00656769
-0.0327866
0.00192817
-0.0057417
-0.0223944
0.00145105
-0.00494728
-0.0130725
0.000975519
-0.00380338
-0.00587149
0.000431654
0.00645107
-0.0490368
0.00410771
0.00628941
-0.0378356
0.00343748
0.0058563
-0.0268396
0.00276737
0.0048501
-0.0174614
0.00204347
0.00352909
-0.00908837
0.00117113
0.00226192
-0.00290859
0.000313345
-0.00633958
-0.0489878
0.00280382
-0.0062133
-0.0377535
0.00217734
-0.00572794
-0.0269998
0.00147214
-0.00487103
-0.0167811
0.00116561
-0.00387796
-0.0089582
0.000523959
-0.0023357
-0.00335645
-0.000183052
-0.000322104
-0.0496519
0.00345624
-0.000365042
-0.0383772
0.00280914
-0.00041378
-0.0273062
0.002188
-0.000368342
-0.0174116
0.00144609
-0.000645143
-0.00910899
0.000840005
-0.000706574
-0.00290821
0.000210926
0.000403487
-0.0483433
0.0034537
0.000327061
-0.0370866
0.00281299
0.000306476
-0.026202
0.00223049
0.000399179
-0.0162114
0.00153071
0.00017622
-0.00843916
0.000840563
0.000109408
-0.0026606
0.000225548
0.000116219
-0.0009465
8.21017e-05
-0.000129674
-0.000808103
0.000149735
7.10959e-05
-0.0601621
0.00409617
-0.00150627
-0.00127112
-6.26496e-07
-7.07283e-06
0.000142746
-4.28465e-06
0.00128118
-0.00109298
-7.35048e-05
0.00648
-0.0546279
0.0044354
0.00639132
-0.0434232
0.00377387
0.00609435
-0.0322864
0.00310911
0.00558382
-0.0216638
0.00242575
0.00411133
-0.01293
0.00163266
0.00292357
-0.00579542
0.000711988
-0.00635775
-0.054594
0.00311807
-0.0062834
-0.0433661
0.00248786
-0.00605617
-0.0322477
0.00185754
-0.00527446
-0.0217952
0.00133119
-0.00441575
-0.0127001
0.000807352
-0.00322927
-0.00575036
0.000208067
-0.000302887
-0.0552706
0.00377658
-0.000353829
-0.0439919
0.00313372
-0.000402626
-0.03277
0.0024891
-0.000304164
-0.0222215
0.00191771
-0.000553242
-0.0130234
0.00118903
-0.000749877
-0.00566091
0.000477866
0.000422593
-0.053944
0.00377703
0.000376645
-0.0427241
0.00313043
0.000301493
-0.0315655
0.0025022
0.000360804
-0.0211266
0.00180082
0.00023739
-0.0120945
0.00118434
0.000125974
-0.00527852
0.00052069
0.000966217
-0.00177525
6.31496e-05
0.00402239
-0.0241616
0.00238985
