0.00695002
-0.059929
0.00498479
-0.00603038
-0.0599137
0.00366131
-0.000371653
-0.00020347
-0.000118395
0.00025242
3.93423e-05
9.6602e-05
0.0061401
-0.0612381
0.00497595
-0.00683745
-0.061246
0.0036732
-0.00022735
-1.01902e-05
0.00012072
0.000235283
-0.000120115
-0.000114232
0.00691359
-0.0487381
0.00429433
0.00672978
-0.0374725
0.0036207
0.00624499
-0.0263912
0.00300316
0.0052967
-0.0168808
0.00235667
0.00393301
-0.00882774
0.00134771
0.00233879
-0.00311043
0.000551335
-0.00603524
-0.0486873
0.00297916
-0.00595357
-0.0373753
0.00228431
-0.00552814
-0.0266387
0.001482
-0.00467787
-0.0162881
0.000993215
-0.0036215
-0.00864848
0.000335251
-0.00221447
-0.00300097
-0.000427372
0.00611733
-0.0500263
0.00426763
0.00593887
-0.0387088
0.00352767
0.00550676
-0.0275388
0.00275843
0.0045759
-0.0179756
0.00177986
0.00321118
-0.00943359
0.000979664
0.00183706
-0.00278946
-1.35303e-05
-0.00684699
-0.0499838
0.00300288
-0.00675509
-0.0386401
0.00236496
-0.00620929
-0.0277799
0.00177615
-0.00539893
-0.0173898
0.00136085
-0.00451272
-0.00926922
0.000746094
-0.00265345
-0.00373202
0.000121494
0.000463132
-0.0599237
0.00432751
0.00124892
-0.00132055
0.000212592
0.00653423
-0.0605872
0.0049745
-0.00142937
-0.00121043
-0.000359513
-0.00640024
-0.0605822
0.00366898
0.000211686
0.000163978
-8.59154e-05
-0.000499404
-0.00018502
0.000100583
0.000448666
-0.000123639
6.9374e-05
-0.000330848
-0.0612362
0.00432957
0.000902248
-0.00099531
-0.00037356
-0.00138164
-0.00151668
0.000281023
-4.45055e-05
7.20979e-05
-4.74033e-05
0.00694149
-0.0543566
0.00463938
0.00684861
-0.0431016
0.00395259
0.00653551
-0.0319146
0.00329084
0.00603427
-0.0212337
0.00265193
0.00458332
-0.0125359
0.00181289
0.00322348
-0.00567737
0.000885976
-0.00603429
-0.0543253
0.00332407
-0.00601616
-0.0430307
0.00262839
-0.00582239
-0.0318571
0.0019256
-0.00518382
-0.0214558
0.00114615
-0.00414458
-0.0123157
0.000670202
-0.0030003
-0.00550068
-2.37791e-05
0.0061408
-0.05566
0.0046233
0.00605557
-0.0443585
0.00390044
0.00577542
-0.0331079
0.00313694
0.00517583
-0.0223924
0.00235531
0.00383073
-0.0133632
0.00142521
0.00257074
-0.0059868
0.000470995
-0.00684466
-0.0556411
0.00333189
-0.00680858
-0.044314
0.00267883
-0.00662944
-0.0330273
0.00205777
-0.00579949
-0.0225661
0.00154243
-0.00499874
-0.0131781
0.00103237
-0.00384375
-0.00592272
0.000457731
0.0064923
-0.0493887
0.00428619
0.00633037
-0.038117
0.00357579
0.00589571
-0.0270495
0.00286779
0.00488487
-0.0176046
0.00210793
0.00355664
-0.00916826
0.0012043
0.0022809
-0.00293661
0.000322634
-0.00637936
-0.0493396
0.00299484
-0.00625303
-0.0380346
0.00232703
-0.00576654
-0.02721
0.00158106
-0.00490618
-0.0169212
0.00123898
-0.00390816
-0.0090369
0.000563112
-0.00235587
-0.00338702
-0.000172596
-0.000344337
-0.0499974
0.00364108
-0.00038645
-0.0386527
0.00295331
-0.000434176
-0.0275113
0.00229331
-0.000386845
-0.0175475
0.00151453
-0.000662254
-0.00918421
0.000876865
-0.000720481
-0.00293453
0.000223489
0.000427103
-0.0487016
0.0036386
0.000349457
-0.0373733
0.00295768
0.000327085
-0.0264164
0.00233615
0.000417903
-0.0163558
0.00159971
0.000190451
-0.00852054
0.000877629
0.00011882
-0.00268916
0.000237273
0.000122715
-0.000956867
8.5698e-05
-0.000135117
-0.000816276
0.000155414
7.1863e-05
-0.0605838
0.0043213
-0.00151992
-0.00128327
3.10096e-06
-7.35282e-06
0.000143907
-4.97266e-06
0.00129232
-0.00110381
-7.21899e-05
0.00652127
-0.0550148
0.004634
0.00643246
-0.0437399
0.00393221
0.00613459
-0.032532
0.00322827
0.00562211
-0.0218384
0.00250754
0.00414225
-0.0130399
0.00168071
0.00294715
-0.00584823
0.000732119
-0.00639749
-0.0549808
0.0033296
-0.0063231
-0.0436828
0.00265805
-0.00609567
-0.0324931
0.00198677
-0.0053113
-0.0219704
0.00142196
-0.00444884
-0.0128086
0.000862858
-0.00325556
-0.00580227
0.000232101
-0.000325204
-0.055651
0.00398164
-0.000375881
-0.0443023
0.00329834
-0.000423654
-0.0330102
0.00261353
-0.00032348
-0.0223922
0.0020046
-0.000571261
-0.0131278
0.00124114
-0.000766072
-0.00570939
0.000501108
0.00044636
-0.0543373
0.00398217
0.000399948
-0.0430469
0.00329498
0.000323086
-0.0318162
0.00262699
0.000380467
-0.0213053
0.00188748
0.000253906
-0.0122066
0.00123675
0.000137789
-0.00533188
0.000544195
0.00096968
-0.00179228
6.88769e-05
0.00403775
-0.0243478
0.00248058
