0.00666779
-0.0685106
0.00237881
-0.00678057
-0.068525
-0.00029547
-0.000536732
-0.000298854
-0.000164546
0.000340135
5.43152e-05
0.000123302
0.00679254
-0.0711885
0.00237406
-0.00665138
-0.0711861
-0.000295391
-0.000308007
-1.73072e-05
0.000152491
0.000363624
-0.000199587
-0.000151324
0.00669185
-0.0569936
0.00249209
0.00673893
-0.0454202
0.0025307
0.00665335
-0.0336983
0.00239934
0.00604403
-0.0225699
0.00216735
0.00487615
-0.0124887
0.00139291
0.00304543
-0.0046475
0.000644759
-0.00677635
-0.0570042
-0.000136005
-0.0067247
-0.0454087
3.08302e-05
-0.00648262
-0.0338251
-9.00266e-06
-0.00588676
-0.0220858
-7.20449e-05
-0.00488893
-0.012218
-0.00032043
-0.00316386
-0.004448
-0.000875658
0.00679335
-0.059641
0.00248881
0.00673817
-0.0479269
0.00250895
0.00648876
-0.0359285
0.00227211
0.00576605
-0.0246049
0.00170946
0.0044648
-0.0138112
0.00101362
0.00269286
-0.00449929
-9.49063e-05
-0.00668327
-0.0596126
-0.000127591
-0.00677679
-0.0478341
6.38336e-05
-0.00662589
-0.0360038
0.000180083
-0.00619935
-0.0241044
0.000218141
-0.00555031
-0.0134865
0.000126637
-0.00342724
-0.0056622
-0.000146492
-5.55866e-05
-0.0685178
0.00103433
0.0016563
-0.0020384
0.000250605
0.00672442
-0.0698527
0.00237487
-0.00207571
-0.00186255
-0.000637841
-0.00672082
-0.069855
-0.000293782
0.000230758
0.000206512
-0.000121961
-0.000698459
-0.000262332
0.000133733
0.000641135
-0.000187857
0.000115503
7.03634e-05
-0.0711879
0.00103493
0.00133781
-0.00170982
-0.000539725
-0.00184011
-0.00239473
0.000230416
-2.9586e-05
7.15853e-05
-7.95972e-05
0.00667422
-0.0627535
0.00243604
0.00671579
-0.0512193
0.00252936
0.00673157
-0.0395915
0.0024821
0.00658072
-0.0278711
0.00230916
0.00548841
-0.0172814
0.00177232
0.00410543
-0.00823885
0.000963928
-0.00678048
-0.0627668
-0.000228737
-0.00675952
-0.0512228
-3.85526e-05
-0.00665395
-0.0395731
5.9369e-05
-0.00626412
-0.0280371
-9.03863e-05
-0.00542544
-0.0170164
-0.000170516
-0.0041685
-0.00795333
-0.000548475
0.00679281
-0.0654263
0.00243534
0.00677964
-0.0538147
0.00251939
0.00664722
-0.0419741
0.00242377
0.00625002
-0.0300254
0.00209692
0.00512644
-0.0189764
0.00142916
0.00368063
-0.00906239
0.000476102
-0.00666015
-0.0654144
-0.0002245
-0.00672905
-0.0537543
-2.34863e-05
-0.00680196
-0.0418573
0.000123082
-0.00644027
-0.0301199
0.000184616
-0.00594267
-0.0186779
0.000174687
-0.00487618
-0.0088579
3.02462e-05
0.00673158
-0.0583251
0.00249193
0.00671054
-0.0466837
0.00253844
0.0065519
-0.0348777
0.00235776
0.00581006
-0.0237478
0.00198329
0.00461023
-0.0131934
0.00127627
0.00307787
-0.00457152
0.000394997
-0.0067124
-0.0583194
-0.000123796
-0.00668756
-0.0466481
6.40867e-05
-0.00645357
-0.0349377
6.43969e-05
-0.00588821
-0.0231658
0.000149402
-0.00497215
-0.0129759
-4.05193e-05
-0.00315012
-0.00510146
-0.000508261
5.9622e-05
-0.0596295
0.00117854
-1.03102e-05
-0.0478777
0.00128699
-0.0001241
-0.0358842
0.00124278
-0.000154156
-0.0242572
0.000940403
-0.000549513
-0.0134772
0.000591084
-0.000781759
-0.00466051
9.05913e-05
-3.81449e-05
-0.0570027
0.00117001
6.70118e-06
-0.0454093
0.00126384
6.07069e-05
-0.0337071
0.00125587
0.000172953
-0.022147
0.00100729
1.38103e-05
-0.0121192
0.000589399
-1.58225e-05
-0.00407704
0.00013907
3.73284e-05
-0.00153712
7.0849e-05
-9.20201e-05
-0.00146519
0.000145304
5.42801e-06
-0.069854
0.00103474
-0.00206516
-0.00202366
-0.000101259
-2.03361e-05
0.000165744
8.75931e-06
0.00178135
-0.00182601
-9.11827e-05
0.00672677
-0.0640937
0.00243359
0.00672983
-0.0525267
0.00253178
0.00665931
-0.0408067
0.00247423
0.00638784
-0.0289853
0.00221843
0.00519255
-0.0182108
0.00168113
0.00391299
-0.00867705
0.000821427
-0.00671751
-0.0640968
-0.000224143
-0.00670568
-0.0525025
-1.41357e-05
-0.00662614
-0.0407654
0.000105724
-0.00618361
-0.0290449
0.000111862
-0.00549925
-0.0179324
4.40122e-05
-0.00424845
-0.00855725
-0.000206509
6.78562e-05
-0.0654225
0.0011052
3.69131e-05
-0.0537897
0.00123831
-6.61564e-05
-0.0418986
0.00128141
-7.52664e-05
-0.0300035
0.00118155
-0.000374793
-0.0187001
0.000825035
-0.000758449
-0.00867095
0.000304643
-4.86114e-05
-0.0627645
0.00109793
-2.33619e-05
-0.0512206
0.00123615
2.66028e-05
-0.0395561
0.00127377
0.000125013
-0.0279385
0.00109007
5.81419e-05
-0.0169476
0.00080951
-2.37643e-05
-0.00778781
0.000364142
0.0014141
-0.00295036
5.2029e-05
0.00478397
-0.0321354
0.00197481
