0.00706929
-0.0607075
0.00541717
-0.00605402
-0.0606921
0.00412147
-0.000376269
-0.000206194
-0.000120395
0.000258098
3.90939e-05
9.9427e-05
0.00616697
-0.0619888
0.00540833
-0.00695379
-0.0619968
0.00413336
-0.000232557
-1.1085e-05
0.000123973
0.000237188
-0.000121034
-0.000116179
0.00703288
-0.0493938
0.00464692
0.00684782
-0.0380032
0.00389404
0.00635854
-0.0267928
0.00320194
0.0053987
-0.0171601
0.00248474
0.00401616
-0.00898955
0.00141464
0.00239214
-0.00317504
0.000573418
-0.00605921
-0.0493427
0.00335878
-0.00597972
-0.0379044
0.00258191
-0.00555684
-0.0270395
0.00169825
-0.00470634
-0.0165604
0.00113758
-0.0036487
-0.00880406
0.000411712
-0.00223476
-0.00305873
-0.000407527
0.0061444
-0.0506546
0.00462031
0.0059668
-0.0392138
0.00380079
0.00553583
-0.0279191
0.00295588
0.00460387
-0.0182334
0.00190354
0.00323219
-0.00957775
0.00104324
0.00184961
-0.00283633
2.15943e-06
-0.00696336
-0.0506125
0.00338222
-0.00687036
-0.0391463
0.00266218
-0.00632062
-0.0281627
0.0019932
-0.00550245
-0.0176459
0.00150744
-0.00460151
-0.0094153
0.000826226
-0.00270996
-0.00379738
0.000145498
0.000510741
-0.0607023
0.00477383
0.00127942
-0.00135016
0.000220845
0.00660726
-0.0613517
0.00540684
-0.00144441
-0.00123298
-0.000354838
-0.00646984
-0.0613468
0.00412908
0.000219454
0.000166697
-8.64286e-05
-0.00050738
-0.000188788
0.000101432
0.00045543
-0.000126519
6.90908e-05
-0.000375238
-0.0619869
0.00477592
0.000909581
-0.00101274
-0.000372041
-0.00141288
-0.00154702
0.000294742
-4.82166e-05
7.32633e-05
-4.6737e-05
0.00706079
-0.0550738
0.00503201
0.00696766
-0.0436952
0.00426519
0.00665184
-0.0323813
0.00352605
0.0061441
-0.0215706
0.0028141
0.00467652
-0.0127544
0.00190846
0.00329394
-0.00578734
0.000927668
-0.00605794
-0.0550424
0.00374436
-0.00604101
-0.0436235
0.0029668
-0.00585004
-0.032322
0.0021825
-0.005213
-0.0217921
0.00132528
-0.00417268
-0.0125286
0.000779423
-0.00302521
-0.00560381
2.25801e-05
0.00616773
-0.0563494
0.00501595
0.006083
-0.0449253
0.00421317
0.00580424
-0.0335509
0.00337159
0.00520568
-0.0227102
0.00251592
0.00385431
-0.0135613
0.00151792
0.00258828
-0.00608115
0.00050848
-0.006961
-0.0563308
0.00375203
-0.0069244
-0.0448818
0.00301693
-0.00674346
-0.0334716
0.00231459
-0.00590757
-0.0228866
0.00172302
-0.00509578
-0.0133781
0.00114436
-0.00392044
-0.0060209
0.000508952
0.00656534
-0.0500306
0.00463878
0.00640335
-0.0386348
0.00384849
0.00596665
-0.0274405
0.00306521
0.00494851
-0.0178742
0.00223417
0.00360811
-0.00932077
0.00126903
0.00231676
-0.00299097
0.000340727
-0.00644916
-0.0499815
0.00337415
-0.00632314
-0.038552
0.00262402
-0.00583567
-0.027601
0.0017971
-0.00497029
-0.0171857
0.00138384
-0.00396416
-0.00918703
0.000640381
-0.00239386
-0.00344586
-0.000151758
-0.000388357
-0.0506259
0.00400718
-0.000428688
-0.0391583
0.00323848
-0.000474304
-0.0278923
0.00250119
-0.00042329
-0.0178028
0.00164944
-0.000695526
-0.00932744
0.000949269
-0.000747435
-0.00298548
0.000248155
0.00047433
-0.0493572
0.00400486
0.000394393
-0.037903
0.00324392
0.000368382
-0.0268172
0.00254465
0.000455094
-0.0166295
0.00173558
0.000218879
-0.00867667
0.000950465
0.000137538
-0.00274474
0.000260283
0.000135548
-0.000977213
9.2719e-05
-0.000145789
-0.000832433
0.000166523
7.3529e-05
-0.0613484
0.00476762
-0.00154579
-0.00130687
1.04255e-05
-7.91435e-06
0.000146046
-6.33928e-06
0.00131349
-0.00112503
-6.95762e-05
0.00659432
-0.0557181
0.00502661
0.00650552
-0.04432
0.00424474
0.00620663
-0.0329866
0.0034629
0.0056914
-0.022166
0.00266802
0.00419954
-0.0132481
0.00177458
0.00299148
-0.00594969
0.000771371
-0.00646712
-0.0556841
0.00374977
-0.00639293
-0.0442629
0.00299588
-0.00616578
-0.0329473
0.00224305
-0.00537795
-0.0222984
0.00160157
-0.00450968
-0.0130143
0.000972466
-0.00330471
-0.00590183
0.000279562
-0.000369449
-0.0563405
0.00438801
-0.000419448
-0.0448693
0.00362423
-0.000465047
-0.0334536
0.00285943
-0.000361687
-0.0227111
0.00217579
-0.000606423
-0.0133255
0.00134362
-0.000797465
-0.0058024
0.000546753
0.000493836
-0.0550545
0.00438869
0.000446607
-0.0436402
0.00362073
0.000366427
-0.0322819
0.00287363
0.000419681
-0.0216414
0.00205849
0.000286906
-0.0124203
0.00133986
0.000161362
-0.00543489
0.000590339
0.000975798
-0.00182555
8.01313e-05
0.00406312
-0.0246951
0.00265906
