0.00712405
-0.0610578
0.00563076
-0.00606114
-0.0610423
0.00434969
-0.000378409
-0.000207468
-0.000121339
0.000260819
3.89438e-05
0.000100794
0.00617588
-0.0623244
0.00562194
-0.00700692
-0.0623325
0.00436156
-0.000235053
-1.15315e-05
0.000125537
0.000238053
-0.000121456
-0.000117099
0.00708772
-0.049691
0.0048209
0.00690227
-0.0382461
0.00402866
0.0064113
-0.0269792
0.00329948
0.00544656
-0.0172914
0.00254723
0.00405567
-0.00906665
0.00144722
0.00241768
-0.00320625
0.000584105
-0.00606651
-0.0496399
0.003547
-0.00598826
-0.0381468
0.00272942
-0.00556723
-0.0272251
0.00180549
-0.00471755
-0.0166886
0.00120901
-0.00366025
-0.00887807
0.000449583
-0.00224382
-0.00308647
-0.000397493
0.00615345
-0.0509373
0.00479438
0.00597654
-0.0394433
0.0039354
0.00554664
-0.0280943
0.00305301
0.00461507
-0.0183533
0.00196435
0.00324105
-0.00964579
0.00107442
0.00185507
-0.0028589
9.94489e-06
-0.00701651
-0.0508955
0.00357027
-0.00692313
-0.0393765
0.00280937
-0.00637207
-0.0283388
0.00210052
-0.00555083
-0.0177655
0.00157963
-0.00464332
-0.00948435
0.000865624
-0.00273683
-0.00382865
0.000157292
0.00053445
-0.0610526
0.00499475
0.0012941
-0.00136455
0.000224828
0.0066391
-0.0616947
0.00562042
-0.00145127
-0.00124384
-0.000352392
-0.00649981
-0.0616898
0.00435725
0.000223221
0.000167963
-8.6643e-05
-0.000511134
-0.000190592
0.000101802
0.000458615
-0.000127921
6.89187e-05
-0.000397192
-0.0623226
0.00499686
0.000912868
-0.00102123
-0.000371134
-0.00142782
-0.00156169
0.000301381
-5.00365e-05
7.37937e-05
-4.63897e-05
0.00711559
-0.0553976
0.00522588
0.00702247
-0.0439655
0.00441932
0.00670568
-0.0325963
0.00364173
0.0061952
-0.0217281
0.00289352
0.00472058
-0.0128578
0.00195507
0.00332754
-0.00584006
0.000947937
-0.00606508
-0.0553662
0.00395278
-0.00604879
-0.0438935
0.00313457
-0.00585953
-0.0325362
0.00230982
-0.00522403
-0.0219489
0.00141412
-0.00418422
-0.0126294
0.000833473
-0.00303609
-0.00565313
4.56184e-05
0.00617667
-0.0566586
0.00520984
0.00609231
-0.0451815
0.00436742
0.00581462
-0.0337535
0.00348716
0.00521725
-0.0228575
0.00259484
0.00386398
-0.0136541
0.00156342
0.00259583
-0.00612599
0.000526898
-0.00701413
-0.0566402
0.00396035
-0.00697734
-0.0451386
0.00318446
-0.00679578
-0.0336748
0.0024417
-0.00595785
-0.0230351
0.00181217
-0.00514131
-0.013472
0.00119949
-0.0039567
-0.00606764
0.000534103
0.00659724
-0.0503205
0.00481278
0.00643543
-0.0388711
0.00398284
0.00599822
-0.0276212
0.00316223
0.00497737
-0.0180001
0.00229597
0.00363197
-0.00939307
0.00130062
0.00233358
-0.00301718
0.000349558
-0.00647927
-0.0502714
0.0035622
-0.0063536
-0.0387881
0.00277116
-0.00586622
-0.0277815
0.00190413
-0.00499924
-0.0173097
0.00145529
-0.00398991
-0.00925816
0.000678494
-0.00241164
-0.00347399
-0.000141363
-0.000410106
-0.0509088
0.00418828
-0.00044949
-0.0393882
0.00337938
-0.000494016
-0.0280678
0.00260372
-0.000441214
-0.0179218
0.00171589
-0.000711683
-0.00939517
0.000984829
-0.000760476
-0.00300999
0.000260273
0.000497896
-0.0496544
0.00418604
0.000416887
-0.0381457
0.00338536
0.000389033
-0.0270031
0.00264744
0.000473539
-0.0167585
0.00180246
0.000233062
-0.0087511
0.000986252
0.000146842
-0.00277161
0.000271584
0.000141887
-0.000987127
9.61532e-05
-0.00015102
-0.000840369
0.000171959
7.44276e-05
-0.0616913
0.00498854
-0.00155798
-0.00131825
1.40274e-05
-8.19545e-06
0.000147023
-7.01844e-06
0.00132347
-0.00113536
-6.82581e-05
0.00662618
-0.0560346
0.00522047
0.0065375
-0.0445833
0.00439885
0.00623848
-0.0331952
0.00357835
0.00572242
-0.0223184
0.00274673
0.00422588
-0.0133462
0.00182044
0.00301216
-0.00599812
0.000790527
-0.00649712
-0.0560007
0.00395811
-0.00642314
-0.0445262
0.00316332
-0.00619644
-0.0331558
0.00236998
-0.00540775
-0.022451
0.00169036
-0.00453742
-0.0131113
0.00102655
-0.0033275
-0.00594927
0.000302994
-0.000391337
-0.0566498
0.0045891
-0.00044093
-0.0451258
0.00378535
-0.000485392
-0.0336565
0.00298084
-0.000380555
-0.0228589
0.00226007
-0.000623558
-0.0134183
0.00139399
-0.000812658
-0.00584673
0.000569175
0.000517501
-0.0553783
0.00458987
0.000469918
-0.0439104
0.00378179
0.000388133
-0.0324965
0.0029954
0.000439205
-0.0217983
0.0021428
0.000303369
-0.0125217
0.00139055
0.000173113
-0.0054843
0.000612998
0.000978426
-0.00184169
8.56785e-05
0.00407316
-0.0248558
0.0027468
