0.00722402
-0.0616807
0.00605228
-0.0060664
-0.0616652
0.0048016
-0.000382319
-0.000209821
-0.000123109
0.000266009
3.85929e-05
0.000103431
0.00618504
-0.0629169
0.0060435
-0.00710328
-0.0629251
0.00481339
-0.000239812
-1.2421e-05
0.000128529
0.000239578
-0.000122213
-0.000118823
0.00718793
-0.0502238
0.00516395
0.00700215
-0.0386866
0.00429365
0.00650883
-0.0273219
0.00349092
0.00553588
-0.0175361
0.00266926
0.00413038
-0.00921239
0.00151076
0.00246638
-0.00326602
0.000604833
-0.00607212
-0.0501726
0.00391968
-0.00599662
-0.0385861
0.00302143
-0.00558027
-0.0275658
0.00201794
-0.00473396
-0.0169282
0.00135032
-0.00367915
-0.00901773
0.0005246
-0.00225963
-0.00313929
-0.000377156
0.00616296
-0.0514402
0.00513766
0.00598783
-0.0398558
0.00420059
0.00556102
-0.0284136
0.00324409
0.00463192
-0.0185743
0.00208396
0.00325537
-0.00977307
0.00113563
0.00186421
-0.00290194
2.54778e-05
-0.00711292
-0.051399
0.00394251
-0.00701907
-0.0397904
0.00310056
-0.00646658
-0.0286596
0.00231254
-0.00564079
-0.0179869
0.00172179
-0.00472165
-0.00961374
0.000943094
-0.00278766
-0.003888
0.000180497
0.000581566
-0.0616755
0.00543148
0.00132221
-0.00139233
0.000232541
0.00669368
-0.0623023
0.00604195
-0.00146356
-0.00126455
-0.00034724
-0.0065504
-0.0622975
0.00480905
0.000230512
0.000170308
-8.69781e-05
-0.000518136
-0.000194019
0.000102424
0.000464556
-0.000130631
6.85113e-05
-0.000440523
-0.0629151
0.00543361
0.000918597
-0.0010376
-0.000368961
-0.00145627
-0.00158987
0.000314222
-5.36084e-05
7.47499e-05
-4.56596e-05
0.00721563
-0.0559754
0.00560833
0.00712279
-0.0444526
0.004723
0.00680475
-0.0329886
0.00386917
0.00628978
-0.0220197
0.00304912
0.00480346
-0.0130521
0.00204604
0.00339134
-0.00594036
0.00098741
-0.00607034
-0.0559441
0.00436545
-0.00605544
-0.0443801
0.00346672
-0.00587012
-0.0329269
0.00256186
-0.00523909
-0.022239
0.00159015
-0.00420226
-0.0128184
0.000940406
-0.00305453
-0.00574666
9.14395e-05
0.0061859
-0.0572061
0.00559238
0.0061025
-0.0456394
0.00467149
0.00582758
-0.03412
0.0037147
0.00523377
-0.0231279
0.00274996
0.003879
-0.0138266
0.00165278
0.00260833
-0.00621047
0.000563176
-0.00711049
-0.0571881
0.00437281
-0.00707348
-0.0455977
0.00351601
-0.00689115
-0.0340429
0.00269302
-0.00605084
-0.0233075
0.00198807
-0.00522627
-0.0136467
0.00130798
-0.00402486
-0.00615586
0.000583513
0.00665205
-0.0508382
0.00515587
0.00649098
-0.0392975
0.0042474
0.00605364
-0.027952
0.00335287
0.00502914
-0.0182334
0.00241704
0.00367579
-0.00952898
0.00136238
0.00236487
-0.00306726
0.000366858
-0.0065302
-0.0507893
0.00393447
-0.00640556
-0.0392145
0.00306233
-0.00591944
-0.0281115
0.00211594
-0.00505088
-0.0175401
0.00159619
-0.0040368
-0.00939181
0.000753682
-0.00244464
-0.00352729
-0.000120585
-0.000452997
-0.051412
0.00454611
-0.0004904
-0.0398016
0.00365754
-0.000532698
-0.0283879
0.00280582
-0.000476429
-0.0181418
0.00184681
-0.000743026
-0.00952212
0.00105471
-0.000785663
-0.00305676
0.000284123
0.000544809
-0.0501872
0.00454405
0.0004618
-0.0385857
0.00366463
0.000430239
-0.0273448
0.00285002
0.00051007
-0.0169993
0.00193409
0.000261324
-0.00889185
0.00105661
0.000165335
-0.00282312
0.000293822
0.000154412
-0.00100626
0.000102894
-0.000161279
-0.000855817
0.000182613
7.63492e-05
-0.062299
0.0054253
-0.00158075
-0.00133999
2.11256e-05
-8.75698e-06
0.000148793
-8.36987e-06
0.00134216
-0.00115528
-6.55512e-05
0.00668083
-0.0565972
0.00560292
0.00659264
-0.0450557
0.00470255
0.00629398
-0.0335742
0.00380549
0.00577724
-0.0225995
0.00290115
0.00427381
-0.0135293
0.00191015
0.00305041
-0.00608978
0.000827986
-0.00654776
-0.0565635
0.00437062
-0.00647442
-0.0449988
0.00349472
-0.00624918
-0.0335345
0.0026211
-0.00546037
-0.0227321
0.00186577
-0.00458742
-0.0132924
0.00113326
-0.0033694
-0.00603888
0.000349286
-0.000434551
-0.0571975
0.00498656
-0.000483219
-0.0455842
0.0041036
-0.000525329
-0.0340237
0.00322038
-0.000417765
-0.0231304
0.00242598
-0.000656927
-0.013591
0.00149303
-0.00084202
-0.00593045
0.000613265
0.000564571
-0.0559562
0.00498749
0.000516377
-0.0443975
0.00409993
0.000431498
-0.0328882
0.00323565
0.00047801
-0.0220888
0.002309
0.000336162
-0.0127122
0.00149027
0.000196525
-0.00557832
0.00065754
0.000982743
-0.00187272
9.6664e-05
0.00408806
-0.0251504
0.00291928
