0.0073115
-0.0622004
0.00646562
-0.00606027
-0.062185
0.00524643
-0.000385695
-0.000211886
-0.000124709
0.000270838
3.81757e-05
0.000105932
0.00618321
-0.0634052
0.0064569
-0.0071868
-0.0634135
0.0052581
-0.000244241
-1.33031e-05
0.000131334
0.000240796
-0.000122831
-0.000120377
0.00727577
-0.0506741
0.00550006
0.00709019
-0.0390654
0.00455285
0.00659571
-0.0276231
0.0036775
0.00561654
-0.0177554
0.00278748
0.00419907
-0.00934562
0.00157224
0.00251165
-0.00332168
0.000624784
-0.00606635
-0.050623
0.00428651
-0.00599388
-0.038964
0.0033089
-0.00558333
-0.0278643
0.00222737
-0.00474239
-0.0171435
0.00148941
-0.00369229
-0.00914505
0.00059866
-0.00227215
-0.00318803
-0.000356384
0.00616153
-0.0518596
0.00547408
0.00598867
-0.0402057
0.00446022
0.00556598
-0.0286905
0.00343086
0.00464137
-0.0187688
0.00220096
0.00326494
-0.00988749
0.00119544
0.00187077
-0.00294172
4.10678e-05
-0.00719649
-0.0518191
0.00430884
-0.0071025
-0.0401419
0.00338698
-0.00655
-0.0289372
0.00252084
-0.00572157
-0.0181829
0.00186094
-0.0047927
-0.00973041
0.00101883
-0.00283442
-0.00394255
0.000203244
0.00062812
-0.0621954
0.00586056
0.00134855
-0.00141844
0.000239965
0.00673655
-0.0628063
0.00645532
-0.00147379
-0.00128366
-0.000341675
-0.00658896
-0.0628016
0.00525373
0.000237475
0.000172402
-8.71764e-05
-0.00052441
-0.000197181
0.000102881
0.000469872
-0.000133196
6.80162e-05
-0.000482969
-0.0634035
0.0058627
0.000923077
-0.00105293
-0.000366222
-0.00148266
-0.00161623
0.000326491
-5.7095e-05
7.55677e-05
-4.4871e-05
0.00730323
-0.0564604
0.00598323
0.00721094
-0.0448677
0.00502033
0.00689249
-0.0333295
0.00409135
0.00637416
-0.0222788
0.00320048
0.00487913
-0.013228
0.00213417
0.00345032
-0.00603286
0.00102558
-0.00606422
-0.0564293
0.00477165
-0.00605079
-0.0447949
0.0037937
-0.00586998
-0.0332662
0.00281003
-0.00524503
-0.0224959
0.00176376
-0.0042135
-0.0129895
0.00104574
-0.00306835
-0.00583255
0.000136966
0.00618412
-0.0576597
0.00596741
0.00610193
-0.0460244
0.00496935
0.00583048
-0.034434
0.00393734
0.00524163
-0.0233645
0.00290147
0.00388813
-0.0139801
0.00174004
0.00261715
-0.00628716
0.000598825
-0.00719399
-0.0576422
0.00477877
-0.00715692
-0.0459839
0.00384222
-0.00697439
-0.0343585
0.00294011
-0.00613374
-0.0235458
0.00216064
-0.00530294
-0.0138028
0.00141415
-0.00408698
-0.00623626
0.000631782
0.00669527
-0.0512729
0.00549204
0.00653538
-0.0396616
0.00450626
0.00609895
-0.0282405
0.00353898
0.00507293
-0.0184403
0.00253482
0.00371422
-0.00965214
0.00142235
0.00239284
-0.00311369
0.000383759
-0.00656917
-0.0512243
0.00430086
-0.00644594
-0.0395788
0.00334885
-0.00596232
-0.0283988
0.0023245
-0.00509418
-0.0177456
0.00173436
-0.00407738
-0.00951282
0.000827507
-0.00247404
-0.00357612
-9.97668e-05
-0.000494973
-0.0518318
0.00489753
-0.000530315
-0.0401525
0.0039305
-0.000570343
-0.0286655
0.00300387
-0.000510755
-0.0183362
0.00197504
-0.000773071
-0.00963659
0.00112301
-0.000809635
-0.00309999
0.000307516
0.00059126
-0.0506377
0.00489566
0.000506436
-0.0389642
0.00393871
0.000471174
-0.0276448
0.00304845
0.000546039
-0.0172158
0.0020629
0.000289391
-0.00902058
0.00112542
0.000183666
-0.0028711
0.000315634
0.000166741
-0.00102422
0.000109496
-0.000171279
-0.000870496
0.000192999
7.84176e-05
-0.062803
0.00585443
-0.00160126
-0.00136014
2.81066e-05
-9.31558e-06
0.000150316
-9.71395e-06
0.00135899
-0.00117396
-6.26856e-05
0.00672382
-0.0570665
0.00597782
0.00663634
-0.0454555
0.00499996
0.00633881
-0.0339012
0.00402751
0.00582257
-0.0228475
0.00305162
0.00431526
-0.0136936
0.00199729
0.00308428
-0.00617362
0.000864421
-0.00658639
-0.057033
0.00477663
-0.00651391
-0.0453991
0.00382085
-0.00629076
-0.0338613
0.00286819
-0.00550373
-0.0229796
0.00203812
-0.00463005
-0.013455
0.00123801
-0.00340618
-0.00612063
0.00039486
-0.000476896
-0.0576513
0.00537699
-0.000524521
-0.0459698
0.00441606
-0.00056421
-0.0343387
0.00345532
-0.000454212
-0.0233682
0.00258829
-0.000689083
-0.0137453
0.00158985
-0.000870005
-0.00600679
0.000656422
0.000611126
-0.0564413
0.00537809
0.000562441
-0.0448126
0.00441229
0.000474628
-0.0332286
0.00347129
0.000516383
-0.0223465
0.00247189
0.000368692
-0.0128849
0.0015878
0.000219784
-0.00566505
0.000701119
0.000985705
-0.00190173
0.000107572
0.00409618
-0.0254079
0.00308777
