-1.4157e-05
-0.00785699
-4.33948e-06
-1.60833e-05
-0.00785735
4.00389e-06
-0.00025606
-0.000165483
-6.09204e-05
0.000162282
-9.98191e-06
5.46778e-05
-9.93134e-06
-0.0078493
-3.78428e-06
-7.85239e-06
-0.00784709
1.13572e-06
-0.000148876
-2.39656e-05
6.23433e-05
0.000212162
-0.000134452
-7.02126e-05
-1.57102e-05
-0.00786579
-1.82123e-06
-1.52196e-06
-0.00791701
-5.27905e-06
0.000118599
-0.00806191
-4.05968e-05
0.000563395
-0.00781
-7.66707e-05
0.00122594
-0.0066352
-4.41828e-05
0.00127385
-0.00356138
-6.25092e-05
-1.59558e-05
-0.00786878
1.06707e-05
-1.69234e-05
-0.00794398
3.24012e-05
-9.63005e-05
-0.00801512
0.000126242
-0.00037684
-0.00811285
0.000105983
-0.000894082
-0.00651474
6.1148e-05
-0.00115751
-0.00319329
-0.000247355
-1.08176e-05
-0.00785711
-7.46138e-07
4.11664e-06
-0.00789949
8.60805e-06
9.57154e-05
-0.00804308
3.64729e-05
0.000477737
-0.00777623
0.000178105
0.00108866
-0.0066575
0.000105141
0.00113359
-0.00328693
-0.000173122
-6.59531e-06
-0.00785682
6.0044e-06
-9.59521e-06
-0.00790795
2.01741e-05
-0.000151042
-0.00796172
4.41995e-05
-0.000492379
-0.00805409
-5.37358e-05
-0.00107019
-0.00658213
-6.9406e-05
-0.00116308
-0.0035105
-0.000146033
-1.34995e-05
-0.00785635
1.45621e-07
0.000819528
-0.00180463
-6.59532e-05
-9.75821e-06
-0.00785261
-2.96177e-06
-0.000918875
-0.00149417
-0.000271927
-1.85752e-05
-0.00785227
3.102e-06
5.65893e-05
1.45866e-05
-5.15384e-05
-0.00032389
-0.000156224
5.02379e-05
0.000321178
-0.000142649
3.86439e-05
-1.31671e-05
-0.00784905
-1.84522e-06
0.000682371
-0.00145736
-0.00028203
-0.000801017
-0.00175554
1.09855e-05
1.07642e-05
-2.14061e-05
-4.62054e-05
-1.48179e-05
-0.00785788
-2.88783e-06
-1.36091e-05
-0.00788312
-2.10179e-06
3.44536e-05
-0.00796646
-1.28596e-05
0.000214986
-0.00811628
-4.83909e-05
0.000926629
-0.00745814
-3.40936e-05
0.00138264
-0.00529797
-6.86753e-05
-1.60409e-05
-0.0078585
5.77078e-06
-1.51115e-05
-0.00789334
2.01467e-05
-2.88922e-05
-0.00800177
5.77231e-05
-0.00019304
-0.00805545
0.000145852
-0.000628571
-0.00751798
0.000105998
-0.00112329
-0.00500072
-6.3826e-05
-1.0853e-05
-0.00785001
-2.07041e-06
-7.77579e-06
-0.00787338
2.16829e-06
2.91769e-05
-0.00794796
2.17128e-05
0.000213396
-0.00806025
7.99063e-05
0.00082224
-0.00748507
0.000151962
0.00123285
-0.00525301
-6.93672e-06
-8.0479e-06
-0.00784873
2.94888e-06
-1.03406e-05
-0.00787102
1.19078e-05
-2.42185e-05
-0.00796994
3.29496e-05
-0.000291866
-0.00798461
2.09955e-05
-0.000750202
-0.0075307
-4.665e-05
-0.00131191
-0.00510146
-0.00010387
-8.12508e-06
-0.00785983
-1.52806e-06
7.87324e-06
-0.00790134
2.0152e-06
0.000110192
-0.00802804
1.86415e-06
0.000534161
-0.00773069
3.15898e-05
0.0011056
-0.00662613
4.86159e-05
0.00115625
-0.00341796
-2.8768e-05
-2.50891e-05
-0.00786387
8.38619e-06
-4.42978e-05
-0.00792342
2.64601e-05
-0.000162582
-0.00799734
0.000101969
-0.000467485
-0.00803984
5.49743e-06
-0.000911554
-0.00654563
2.0338e-05
-0.00105073
-0.00334622
-0.000144071
-1.70825e-05
-0.00785729
7.32012e-07
-2.25189e-05
-0.00790425
1.05681e-05
-3.93721e-06
-0.00805362
2.30171e-05
2.65119e-06
-0.00797071
9.19789e-05
7.46157e-05
-0.00670142
3.63104e-05
-0.000134814
-0.00329488
-5.77975e-05
-1.19045e-05
-0.00786755
4.75995e-06
3.6857e-06
-0.00793835
9.89078e-06
3.82665e-05
-0.00807399
1.5207e-06
5.79633e-05
-0.0080586
3.96036e-05
0.000175521
-0.00664596
3.23453e-05
5.00739e-05
-0.00328451
-2.06994e-05
-1.58739e-05
-0.00148897
-1.05716e-05
3.09089e-05
-0.00138418
3.40904e-05
-1.37379e-05
-0.00785291
-1.62716e-07
-0.00082183
-0.00158384
-4.06067e-05
-2.29787e-05
-6.99365e-06
1.85583e-05
0.000810411
-0.00159143
-0.000134988
-9.24333e-06
-0.00785256
-2.31792e-06
-4.10446e-06
-0.00787595
-2.51323e-07
4.63236e-05
-0.00795289
1.4108e-07
0.000211465
-0.00807348
1.67061e-05
0.000867066
-0.00743649
4.57827e-05
0.00122652
-0.00526032
1.61981e-05
-2.07551e-05
-0.00785503
4.62325e-06
-3.49743e-05
-0.00788245
1.65639e-05
-7.21428e-05
-0.00797641
4.79715e-05
-0.000314163
-0.00804475
5.42368e-05
-0.0006729
-0.00750114
4.05559e-05
-0.00108974
-0.00507492
-4.16248e-05
-1.55418e-05
-0.00784955
-2.37683e-07
-1.77132e-05
-0.00787764
3.00535e-06
-1.39455e-05
-0.00796914
1.93911e-05
-3.60363e-05
-0.00806308
2.03349e-05
8.60876e-05
-0.00758715
6.17456e-05
-2.11619e-05
-0.00520508
-1.43173e-05
-1.26419e-05
-0.00785805
2.22488e-06
-9.36086e-06
-0.00788867
8.1591e-06
1.87014e-05
-0.00799825
1.24657e-05
4.36265e-05
-0.00809971
4.76253e-05
0.000157751
-0.0075872
4.14565e-05
0.000130509
-0.00516227
7.4995e-06
0.000603748
-0.0024239
-6.86182e-05
0.000117025
-0.00806279
2.91894e-05
