0.00657718
-0.0683179
0.00240986
-0.00658753
-0.0683365
-0.000176843
-0.000546415
-0.000304661
-0.000166749
0.000345419
5.45942e-05
0.000124939
0.00666358
-0.070912
0.00240697
-0.00649861
-0.0709089
-0.000179908
-0.000312188
-1.72811e-05
0.00015391
0.000372457
-0.000204608
-0.000154486
0.00661216
-0.0570569
0.00248929
0.00669411
-0.0457185
0.00249689
0.00666037
-0.0341341
0.00234606
0.0060925
-0.0229572
0.00211122
0.00494684
-0.0127511
0.0013599
0.00309411
-0.00475841
0.000632
-0.00658812
-0.0570766
-5.56747e-05
-0.00657111
-0.0457114
7.00743e-05
-0.0064029
-0.0342227
9.26034e-07
-0.00589017
-0.0224865
-9.62368e-05
-0.00493913
-0.012464
-0.000349338
-0.0032147
-0.00454716
-0.000901494
0.00667227
-0.0596272
0.00249203
0.00665701
-0.0481661
0.00248905
0.00646812
-0.0363268
0.00223882
0.00580606
-0.0249652
0.00167567
0.00454157
-0.0140691
0.000980913
0.00275139
-0.00459947
-0.000119312
-0.0065341
-0.0596085
-5.56307e-05
-0.00665678
-0.0480821
8.56236e-05
-0.00657683
-0.0363769
0.000159741
-0.00621378
-0.024491
0.000173624
-0.00559545
-0.0137359
9.24017e-05
-0.00346628
-0.00577304
-0.000165764
-6.16233e-06
-0.0683274
0.00110761
0.00168333
-0.0020907
0.000244409
0.00661647
-0.0696173
0.00240773
-0.0021127
-0.00190699
-0.000654353
-0.00655315
-0.0696212
-0.000177721
0.000231905
0.000208037
-0.00012435
-0.000709822
-0.000266829
0.000136182
0.000653255
-0.000192227
0.000117216
8.04394e-05
-0.0709126
0.00110809
0.00136866
-0.00175165
-0.000559577
-0.00186366
-0.00244363
0.000225345
-2.72007e-05
7.19454e-05
-8.25893e-05
0.00658651
-0.0626853
0.00245032
0.00665086
-0.0514082
0.00251033
0.00671183
-0.0399712
0.00243789
0.0066003
-0.0283026
0.0022551
0.00555648
-0.0176182
0.00172888
0.00416875
-0.00842251
0.000940829
-0.00658789
-0.0627065
-0.000128902
-0.00658374
-0.0514191
2.13368e-05
-0.00653144
-0.0399465
7.97532e-05
-0.00622569
-0.0284467
-9.18746e-05
-0.00545933
-0.0173408
-0.000199132
-0.00422466
-0.00812172
-0.000576064
0.00666436
-0.0652763
0.00245322
0.00667436
-0.0539356
0.00251044
0.00659383
-0.0423058
0.00239735
0.00625863
-0.0304299
0.0020582
0.00519402
-0.0193011
0.00139459
0.00375352
-0.00924353
0.000447453
-0.00650714
-0.0652701
-0.000128284
-0.00659196
-0.0538846
2.28939e-05
-0.00670688
-0.0421949
0.000122661
-0.00643041
-0.0305145
0.000149322
-0.00597504
-0.0190003
0.000134543
-0.00492607
-0.0090307
3.30445e-06
0.00663408
-0.0583486
0.00249071
0.00664398
-0.0469492
0.00251033
0.00653636
-0.0352874
0.00231562
0.00584615
-0.0241147
0.00193846
0.00467829
-0.0134528
0.00124373
0.00313015
-0.0046777
0.000379405
-0.00655228
-0.0583515
-4.90313e-05
-0.00656019
-0.0469186
9.35163e-05
-0.00639232
-0.0353222
6.25887e-05
-0.00589473
-0.0235533
0.00011228
-0.00501356
-0.0132228
-7.10147e-05
-0.00319057
-0.00520707
-0.000529532
7.39597e-05
-0.0596232
0.00121553
1.33191e-05
-0.048127
0.00128781
-0.000100462
-0.0362847
0.00121654
-0.000138482
-0.0246372
0.000908638
-0.00053514
-0.013733
0.000559536
-0.000779605
-0.00476143
7.26038e-05
1.78147e-05
-0.0570741
0.00120836
6.55189e-05
-0.0457187
0.00126785
0.000104083
-0.0341332
0.00122827
0.000194033
-0.0225511
0.000971919
2.4223e-05
-0.0123748
0.000559797
-1.69198e-05
-0.00417667
0.000124016
3.43618e-05
-0.00157937
6.49094e-05
-8.56945e-05
-0.00150195
0.00013834
3.43181e-05
-0.0696196
0.00110957
-0.00209466
-0.00206966
-0.000108457
-1.99941e-05
0.000167074
9.54761e-06
0.00181373
-0.00187234
-0.00010257
0.00662229
-0.0639835
0.00244858
0.00664527
-0.05268
0.00251624
0.00661889
-0.0411599
0.002437
0.00639163
-0.0294059
0.0021708
0.0052546
-0.0185381
0.00164045
0.00397653
-0.00885978
0.000797431
-0.00655076
-0.0639942
-0.000126867
-0.00656016
-0.0526629
3.70924e-05
-0.00652636
-0.0411142
0.000115448
-0.00616353
-0.0294485
8.65933e-05
-0.00552703
-0.0182526
1.03127e-05
-0.00429473
-0.00872887
-0.000232211
7.73764e-05
-0.0652754
0.00116128
5.75501e-05
-0.0539219
0.00125734
-4.00293e-05
-0.0422424
0.00126761
-6.09746e-05
-0.030409
0.00114465
-0.000355748
-0.0190282
0.000789548
-0.000751004
-0.00884697
0.000279199
4.22842e-06
-0.0627014
0.00115451
3.46772e-05
-0.0514185
0.0012562
8.06117e-05
-0.0399427
0.00126172
0.000155345
-0.0283641
0.00106298
7.68315e-05
-0.0172844
0.000775528
-2.03502e-05
-0.00796207
0.000341274
0.001445
-0.00302116
3.76696e-05
0.00478594
-0.0325445
0.00193571
