0.00750292
-0.0631513
0.00764889
-0.00598159
-0.0631361
0.00652639
-0.000392067
-0.000216004
-0.000128369
0.000282847
3.65461e-05
0.000112525
0.00611869
-0.0642596
0.00764042
-0.00736495
-0.0642681
0.00653755
-0.000255265
-1.587e-05
0.000138511
0.000242145
-0.000123574
-0.000123845
0.0074687
-0.05153
0.00646187
0.00728578
-0.0398213
0.00529352
0.00679321
-0.0282588
0.00420832
0.0058052
-0.0182417
0.00312102
0.00436591
-0.0096554
0.00174587
0.0026243
-0.00345669
0.000680864
-0.00598867
-0.0514797
0.00534293
-0.00592597
-0.0397184
0.00413796
-0.00553709
-0.0284893
0.00283381
-0.00472091
-0.0176241
0.00189226
-0.00369551
-0.00943886
0.000815295
-0.00228753
-0.00330327
-0.000290523
0.00609844
-0.0526206
0.00643704
0.00593399
-0.0408726
0.00520308
0.00552763
-0.0292504
0.00396469
0.00462555
-0.0191768
0.00253665
0.00326274
-0.01014
0.00136764
0.0018725
-0.00303509
8.93763e-05
-0.00737485
-0.0525827
0.00536347
-0.00728187
-0.0408138
0.00421198
-0.00673552
-0.0294965
0.00312082
-0.00590801
-0.0186014
0.00226009
-0.00495981
-0.0099906
0.00123623
-0.00294794
-0.00407051
0.000269443
0.0007624
-0.0631466
0.00709211
0.00141521
-0.00148318
0.000261001
0.00680023
-0.0637088
0.00763877
-0.00149014
-0.00132839
-0.000321699
-0.0066387
-0.0637044
0.00653319
0.000256298
0.00017715
-8.68134e-05
-0.000538204
-0.000204761
0.000103153
0.000481414
-0.000139736
6.5955e-05
-0.000603823
-0.0642582
0.00709423
0.000927525
-0.00109
-0.000353622
-0.00154803
-0.00168099
0.000360058
-6.71061e-05
7.72123e-05
-4.20243e-05
0.00749508
-0.0573634
0.0070563
0.00740553
-0.0456752
0.00587073
0.00708935
-0.034028
0.00472531
0.00656633
-0.0228407
0.00363008
0.0050602
-0.0136284
0.00238313
0.00359524
-0.00625234
0.00113357
-0.00598551
-0.0573332
0.00594085
-0.00597658
-0.0456021
0.00473597
-0.00581113
-0.0339608
0.00352654
-0.00521092
-0.0230488
0.00226737
-0.00420578
-0.0133776
0.00135183
-0.00307979
-0.0060339
0.000272394
0.00611976
-0.0584666
0.00704104
0.00604193
-0.0467394
0.00582181
0.00578344
-0.0350495
0.00457424
0.00521514
-0.0238554
0.00333445
0.00387876
-0.0143113
0.00199022
0.0026187
-0.00646018
0.00070324
-0.00737206
-0.0584505
0.00594713
-0.00733551
-0.0467029
0.00478163
-0.00715476
-0.0349795
0.00365196
-0.00632217
-0.0240395
0.00265704
-0.00548156
-0.0141428
0.00171895
-0.00423446
-0.00642043
0.000770435
0.00676044
-0.052081
0.0064541
0.00660571
-0.0403722
0.00524644
0.00617649
-0.028836
0.00406987
0.00515608
-0.0188858
0.00286956
0.00379459
-0.00993095
0.00159294
0.00245427
-0.0032242
0.000432979
-0.0066204
-0.0520339
0.00535578
-0.00650281
-0.0402906
0.00417464
-0.00603186
-0.0289888
0.00292734
-0.00517413
-0.018194
0.00213198
-0.00415949
-0.00978635
0.00104117
-0.00253851
-0.00368907
-3.63366e-05
-0.000614382
-0.0525944
0.00590637
-0.000643465
-0.0408227
0.00471414
-0.000676716
-0.0292278
0.00357204
-0.000608033
-0.0187483
0.00234344
-0.000855476
-0.00989138
0.00131917
-0.000874021
-0.00320213
0.000375641
0.000725649
-0.0514946
0.00590515
0.000636379
-0.0397206
0.00472569
0.000590462
-0.0282769
0.00361738
0.000649485
-0.0176991
0.00243243
0.000371641
-0.00931989
0.00132329
0.000237547
-0.00298718
0.000379203
0.0002026
-0.00106805
0.000128848
-0.000199868
-0.000907322
0.000222806
8.51069e-05
-0.0637057
0.00708614
-0.0016475
-0.00140782
4.86637e-05
-1.09469e-05
0.000153395
-1.37211e-05
0.00139666
-0.00121948
-5.24293e-05
0.00678798
-0.0579211
0.00705096
0.00670358
-0.0462163
0.00585082
0.0064125
-0.0345568
0.00466168
0.00590288
-0.0233739
0.00348001
0.00439886
-0.0140572
0.00224464
0.00315696
-0.0063675
0.000968765
-0.00663639
-0.057889
0.00594521
-0.00656734
-0.0461616
0.00476034
-0.0063529
-0.0345165
0.00358087
-0.00557957
-0.023503
0.0025352
-0.00471272
-0.0138159
0.00154041
-0.00348356
-0.00630856
0.000527871
-0.00059754
-0.0584589
0.00649775
-0.000641702
-0.0466873
0.00531311
-0.00067411
-0.034958
0.00412971
-0.000558344
-0.0238621
0.0030531
-0.000778331
-0.0140805
0.00186748
-0.000945592
-0.00618119
0.000781125
0.000745602
-0.0573449
0.00649937
0.000696001
-0.045621
0.00530914
0.000600422
-0.0339269
0.0041477
0.000627493
-0.0229034
0.00293978
0.000463588
-0.0132792
0.00186779
0.000288219
-0.00587062
0.000826884
0.000985144
-0.00197189
0.000140582
0.00408159
-0.0259401
0.00356903
