0.00752498
-0.0632227
0.00783682
-0.00596076
-0.0632076
0.00673029
-0.000392515
-0.000216345
-0.000128796
0.000284447
3.62222e-05
0.000113478
0.00610024
-0.0643151
0.0078284
-0.00738477
-0.0643236
0.00674136
-0.000256738
-1.62814e-05
0.000139513
0.000241977
-0.000123501
-0.000124229
0.00749104
-0.0516007
0.00661473
0.00730873
-0.0398907
0.00541125
0.00681702
-0.0283235
0.00429254
0.0058287
-0.0182954
0.0031737
0.00438759
-0.00969204
0.00177339
0.00263935
-0.0034736
0.000689753
-0.00596797
-0.0515506
0.00551145
-0.00590689
-0.0397876
0.00427052
-0.00552191
-0.028552
0.00293124
-0.00471067
-0.0176776
0.00195715
-0.00369057
-0.0094732
0.000850615
-0.00228656
-0.00331713
-0.000278915
0.00608022
-0.0526757
0.0065901
0.00591726
-0.0409271
0.00532126
0.00551391
-0.0293023
0.00404966
0.0046165
-0.0192172
0.00259037
0.00325756
-0.0101671
0.00139539
0.00186985
-0.00304604
9.77864e-05
-0.00739471
-0.0526381
0.00553168
-0.00730201
-0.0408691
0.00434381
-0.00675727
-0.029548
0.00321687
-0.00593087
-0.0186441
0.00232393
-0.00498067
-0.0100191
0.0012711
-0.00296267
-0.00408575
0.00028027
0.000783726
-0.0632181
0.00728801
0.00142431
-0.00149152
0.000264381
0.00680208
-0.0637723
0.00782674
-0.00149054
-0.00133362
-0.000317791
-0.00663824
-0.0637678
0.00673701
0.000259121
0.000177714
-8.65974e-05
-0.000539688
-0.000205707
0.000103025
0.000482612
-0.00014062
6.55205e-05
-0.000622901
-0.0643137
0.00729012
0.000926768
-0.00109451
-0.000350764
-0.00155671
-0.00168926
0.000365205
-6.87168e-05
7.73723e-05
-4.14635e-05
0.00751722
-0.0574343
0.00722679
0.0074282
-0.0457454
0.00600591
0.00711273
-0.0340954
0.00482606
0.0065895
-0.0229005
0.00369818
0.00508334
-0.0136744
0.00242253
0.00361432
-0.00627904
0.00115075
-0.00596466
-0.0574044
0.00612721
-0.00595645
-0.0456725
0.00488644
-0.00579362
-0.0340277
0.00364129
-0.00519807
-0.0231069
0.00234846
-0.00419841
-0.0134219
0.00140135
-0.00307704
-0.00605794
0.000294874
0.00610133
-0.0585217
0.00721163
0.00602425
-0.0467944
0.00595737
0.00576807
-0.035103
0.0046756
0.00520368
-0.0239031
0.00340344
0.00387165
-0.0143456
0.00203029
0.00261498
-0.00647936
0.000720401
-0.00739187
-0.0585058
0.00613335
-0.00735545
-0.0467585
0.00493159
-0.00717521
-0.035034
0.00376581
-0.00634487
-0.0240874
0.00273652
-0.00550366
-0.0141787
0.00176778
-0.00425303
-0.0064415
0.000792738
0.00676257
-0.0521438
0.00660701
0.00660881
-0.040434
0.00536415
0.0061812
-0.0288939
0.00415426
0.00516287
-0.0189324
0.00292273
0.00380256
-0.00996239
0.00162014
0.00246093
-0.00323754
0.000441061
-0.00662019
-0.0520969
0.00552405
-0.00650363
-0.0403526
0.00430663
-0.00603525
-0.0290456
0.00302408
-0.00518022
-0.0182418
0.00219573
-0.0041672
-0.00981714
0.00107569
-0.00254553
-0.00370216
-2.55307e-05
-0.00063323
-0.0526497
0.00606701
-0.000661308
-0.0408778
0.00483908
-0.000693463
-0.0292801
0.00366272
-0.000623383
-0.0187897
0.00240242
-0.000868099
-0.00991914
0.00135067
-0.000883623
-0.0032143
0.000386778
0.00074703
-0.0515655
0.00606589
0.000657149
-0.0397902
0.00485116
0.000609576
-0.028341
0.00370815
0.000665925
-0.017753
0.00249154
0.000384955
-0.00935526
0.0013551
0.000246338
-0.00300161
0.000389601
0.000208413
-0.0010735
0.000132047
-0.000204445
-0.000912065
0.000227608
8.62208e-05
-0.0637691
0.00728208
-0.00165277
-0.00141351
5.2075e-05
-1.12087e-05
0.000153692
-1.43871e-05
0.00140086
-0.00122512
-5.03981e-05
0.00678992
-0.0579841
0.00722146
0.00670609
-0.0462789
0.0059861
0.00641634
-0.0346171
0.00476252
0.00590834
-0.0234276
0.00354808
0.00440661
-0.0140968
0.00228394
0.00316451
-0.00639003
0.000985553
-0.00663597
-0.0579522
0.00613148
-0.00656754
-0.0462244
0.00491034
-0.00635473
-0.0345768
0.00369495
-0.00558451
-0.0235561
0.00261494
-0.00471982
-0.0138554
0.00158909
-0.00349138
-0.00633021
0.000549576
-0.000616594
-0.0585141
0.00667612
-0.000660177
-0.0467427
0.00545603
-0.000691414
-0.0350123
0.0042373
-0.000574877
-0.0239103
0.00312726
-0.000792172
-0.0141157
0.00191192
-0.000956963
-0.00620096
0.000801305
0.000766977
-0.057416
0.00667782
0.000717283
-0.0456915
0.00545204
0.000620568
-0.0339945
0.00425561
0.000645232
-0.0229623
0.0030146
0.000478857
-0.0133245
0.00191266
0.000299364
-0.00589555
0.000847206
0.000983508
-0.00198051
0.000146208
0.00407371
-0.0259917
0.00364564
