0.00759585
-0.0632169
0.00873113
-0.00582922
-0.0632021
0.007702
-0.000391806
-0.000216365
-0.000130067
0.000290524
3.43976e-05
0.000117543
0.0059796
-0.0642321
0.0087229
-0.00744535
-0.0642406
0.00771261
-0.00026236
-1.82407e-05
0.000143622
0.000239164
-0.000122115
-0.00012521
0.0075632
-0.0516487
0.00734319
0.00738408
-0.0399902
0.00597327
0.00689767
-0.0284599
0.00469475
0.00591125
-0.0184355
0.00342499
0.00446767
-0.00980196
0.00190528
0.0026969
-0.00352964
0.000732539
-0.00583699
-0.0515996
0.00631603
-0.00578327
-0.0398869
0.00490529
-0.00541738
-0.0286785
0.0034002
-0.00463206
-0.0178192
0.00227112
-0.00364173
-0.00957359
0.00102383
-0.00226519
-0.00335954
-0.000217668
0.00596062
-0.0526475
0.00731953
0.00580465
-0.0409542
0.00588549
0.00541618
-0.0293754
0.00445613
0.0045441
-0.0192903
0.00284895
0.00320957
-0.0102295
0.00153036
0.0018425
-0.00307694
0.000141891
-0.00745542
-0.0526119
0.00633482
-0.00736415
-0.0409001
0.00497501
-0.00682839
-0.0296185
0.00367845
-0.00600988
-0.0187306
0.00263146
-0.00505373
-0.0100896
0.00143994
-0.00301689
-0.00413141
0.000333942
0.000884361
-0.0632126
0.00822094
0.00146014
-0.00152044
0.000280931
0.00677742
-0.0637277
0.00872123
-0.00148139
-0.00134842
-0.0002953
-0.00660303
-0.0637235
0.00770833
0.0002718
0.000179538
-8.4784e-05
-0.000543226
-0.00020889
0.000101594
0.000485085
-0.000143973
6.2924e-05
-0.000713295
-0.0642308
0.00822299
0.000915659
-0.00110804
-0.000332717
-0.00158969
-0.00171762
0.00038914
-7.65521e-05
7.77099e-05
-3.82141e-05
0.00758844
-0.0574549
0.00803862
0.00750199
-0.0458201
0.00665068
0.00719051
-0.0342153
0.00530723
0.00666762
-0.0230433
0.00402352
0.00516721
-0.0138042
0.002611
0.00368589
-0.00636328
0.00123352
-0.00583304
-0.0574258
0.00701603
-0.00582797
-0.0457476
0.00560583
-0.00567745
-0.0341453
0.00419194
-0.00510541
-0.0232406
0.0027399
-0.0041355
-0.0135451
0.00164215
-0.00304208
-0.00613097
0.000407156
0.00598077
-0.0584653
0.00802394
0.00590716
-0.0467947
0.00660395
0.00566202
-0.0351546
0.00516006
0.00511758
-0.0239848
0.00373401
0.0038115
-0.0144173
0.00222365
0.00257763
-0.00652719
0.000805573
-0.00745238
-0.0584505
0.00702152
-0.00741667
-0.0467616
0.00564855
-0.00723902
-0.0350899
0.00431193
-0.00642165
-0.0241693
0.00311902
-0.00558055
-0.0142591
0.00200363
-0.00431852
-0.00649916
0.00090119
0.00673922
-0.0521533
0.0073357
0.00659022
-0.0404964
0.00592612
0.00617116
-0.0289963
0.0045577
0.00516639
-0.0190359
0.00317727
0.00381764
-0.0100463
0.00175124
0.00247727
-0.0032782
0.000481268
-0.00658619
-0.0521079
0.00632749
-0.00647454
-0.0404167
0.00493873
-0.00601946
-0.0291425
0.00348954
-0.00518018
-0.0183546
0.00250326
-0.00417922
-0.00989915
0.00124373
-0.00256342
-0.00373884
2.99056e-05
-0.000722598
-0.0526227
0.00683325
-0.000746039
-0.0409075
0.00543644
-0.000772976
-0.0293551
0.00409742
-0.000696337
-0.0188699
0.0026864
-0.000926569
-0.00998619
0.00150328
-0.000926651
-0.0032502
0.000441837
0.000847984
-0.0516143
0.00683267
0.000755518
-0.0398908
0.00545107
0.000700435
-0.0284746
0.00414319
0.000743829
-0.0178959
0.00277606
0.000449169
-0.00946096
0.00150931
0.000289277
-0.00304855
0.000441013
0.000236737
-0.00109098
0.000148087
-0.000226587
-0.000928056
0.000251005
9.12819e-05
-0.0637247
0.00821515
-0.00166769
-0.0014303
6.92611e-05
-1.24558e-05
0.000154257
-1.77129e-05
0.00141186
-0.00124301
-3.85431e-05
0.00676567
-0.057966
0.00803336
0.00668458
-0.0463159
0.00663134
0.00640163
-0.0347015
0.00524431
0.00590267
-0.0235393
0.00387373
0.00441777
-0.0141948
0.00247249
0.00318098
-0.00645397
0.00106727
-0.00660098
-0.0579352
0.00701984
-0.0065355
-0.0462631
0.00562755
-0.00633068
-0.0346614
0.00424231
-0.00557745
-0.0236644
0.00299907
-0.0047264
-0.0139544
0.00182489
-0.00350754
-0.00639062
0.000656403
-0.000706906
-0.0584582
0.00752615
-0.000747804
-0.046745
0.00613851
-0.000773561
-0.0350671
0.00475241
-0.000653781
-0.023994
0.00348309
-0.000857104
-0.0141929
0.0021263
-0.00100854
-0.00625338
0.000899931
0.000867862
-0.0574371
0.00752826
0.000817855
-0.0457672
0.00613445
0.000716168
-0.034115
0.00477223
0.000729478
-0.0231003
0.00337407
0.000551968
-0.0134533
0.00212925
0.000353552
-0.00597355
0.000946342
0.000967913
-0.00200738
0.000175186
0.00401217
-0.0260803
0.00401243
