0.00760238
-0.0631443
0.0089003
-0.00579801
-0.0631296
0.00788604
-0.000391048
-0.000216016
-0.00013014
0.000291335
3.39938e-05
0.000118208
0.00595022
-0.0641447
0.0088921
-0.00745015
-0.0641532
0.00789656
-0.00026312
-1.86102e-05
0.000144258
0.000238184
-0.000121618
-0.000125211
0.00756996
-0.0515977
0.00748126
0.00739143
-0.0399604
0.00608004
0.00690617
-0.0284489
0.00477126
0.00592069
-0.0184368
0.00347279
0.00447784
-0.00980849
0.00193052
0.0027047
-0.00353474
0.000740771
-0.00580585
-0.0515487
0.00646876
-0.00575341
-0.0398571
0.00502622
-0.00539109
-0.0286657
0.00349008
-0.00461099
-0.0178213
0.00233169
-0.00362708
-0.00957865
0.00105776
-0.0022575
-0.00336229
-0.000204747
0.00593142
-0.0525818
0.00745776
0.00577668
-0.0409103
0.00599268
0.00539102
-0.0293519
0.00453355
0.00452422
-0.0192783
0.00289855
0.00319544
-0.0102266
0.00155656
0.00183407
-0.00307795
0.00015115
-0.00746024
-0.0525466
0.00648729
-0.00736921
-0.0408569
0.00509528
-0.00683526
-0.0295945
0.00376682
-0.00601862
-0.0187215
0.00269057
-0.00506199
-0.0100885
0.00147261
-0.00302372
-0.00413403
0.000344613
0.000903134
-0.06314
0.00839752
0.00146527
-0.00152347
0.000284179
0.00676605
-0.0636477
0.00889042
-0.00147725
-0.00134894
-0.000290176
-0.00658989
-0.0636436
0.00789229
0.000274039
0.000179701
-8.42703e-05
-0.000543123
-0.0002092
0.000101145
0.000484839
-0.000144411
6.23168e-05
-0.000730349
-0.0641435
0.00839956
0.000911897
-0.00110877
-0.000328319
-0.00159411
-0.00172048
0.000393576
-7.80768e-05
7.76879e-05
-3.74693e-05
0.00759503
-0.057393
0.00819232
0.00750905
-0.0457798
0.00677303
0.00719836
-0.0341952
0.00539873
0.00667572
-0.0230396
0.00408545
0.00517746
-0.0138093
0.00264696
0.00369525
-0.00636966
0.00124946
-0.0058018
-0.0573641
0.00718453
-0.00579725
-0.0457074
0.00574262
-0.00564894
-0.0341249
0.0042971
-0.00508145
-0.0232351
0.00281517
-0.00411773
-0.0135493
0.00168888
-0.00303076
-0.00613558
0.000429593
0.00595141
-0.0583886
0.00817772
0.00587838
-0.04674
0.00672662
0.00563526
-0.0351211
0.00525221
0.00509474
-0.0239688
0.00379711
0.00379448
-0.0144108
0.00226085
0.00256628
-0.00652654
0.000822483
-0.00745717
-0.0583739
0.00718991
-0.00742158
-0.0467074
0.00578489
-0.00724439
-0.0350573
0.00441622
-0.00642975
-0.0241533
0.00319241
-0.00558915
-0.0142544
0.00204911
-0.00432601
-0.00650056
0.000922286
0.00672807
-0.0520949
0.0074738
0.00657994
-0.0404593
0.00603289
0.00616258
-0.0289786
0.00463451
0.005161
-0.0190299
0.00322585
0.00381555
-0.0100477
0.00177646
0.00247702
-0.00328072
0.000489277
-0.00657326
-0.0520497
0.00648001
-0.00646249
-0.0403801
0.00505918
-0.00601001
-0.0291237
0.00357873
-0.00517414
-0.0183509
0.00256244
-0.00417627
-0.0099004
0.0012764
-0.00256345
-0.00374005
4.12995e-05
-0.000739477
-0.0525572
0.00697859
-0.000762087
-0.0408641
0.00555009
-0.000788037
-0.029332
0.00418042
-0.000710165
-0.0188594
0.00274092
-0.000937345
-0.00998445
0.0015328
-0.000934241
-0.003252
0.000452738
0.000866818
-0.0515634
0.00697811
0.00077392
-0.0398613
0.00556519
0.000717515
-0.0284632
0.00422624
0.000758454
-0.0178982
0.00283066
0.000461464
-0.00946708
0.00153916
0.000297631
-0.00305253
0.000451187
0.000242241
-0.00109234
0.00015131
-0.00023087
-0.000929546
0.000255566
9.21293e-05
-0.0636447
0.00839176
-0.0016683
-0.00143115
7.27387e-05
-1.26911e-05
0.000154188
-1.83767e-05
0.00141197
-0.00124433
-3.5813e-05
0.00675437
-0.0578967
0.00818708
0.00667376
-0.0462684
0.00675378
0.00639211
-0.0346745
0.00533595
0.00589505
-0.0235294
0.00393582
0.00441438
-0.0141935
0.00250857
0.00317987
-0.0064564
0.00108316
-0.00658787
-0.057866
0.00718826
-0.00652291
-0.0462159
0.00576394
-0.00631957
-0.0346344
0.00434686
-0.00556984
-0.0236538
0.00307283
-0.00472194
-0.0139536
0.00187048
-0.00350608
-0.00639256
0.000677438
-0.000723949
-0.0583815
0.00768719
-0.000764371
-0.0466907
0.00626813
-0.000789123
-0.0350343
0.00485059
-0.000668792
-0.0239785
0.00355113
-0.000869252
-0.0141876
0.00216756
-0.0010178
-0.00625397
0.000919204
0.000886681
-0.0573753
0.00768938
0.00083663
-0.0457271
0.00626407
0.000734093
-0.0340951
0.00487068
0.000745318
-0.0230956
0.00344289
0.000565845
-0.0134585
0.00217096
0.00036403
-0.00597924
0.00096567
0.000963243
-0.00200922
0.000181166
0.00399554
-0.0260633
0.00408238
