0.00650387
-0.0681448
0.00244485
-0.00640293
-0.0681667
-4.5827e-05
-0.000555272
-0.000310022
-0.000168664
0.000350234
5.47602e-05
0.000126419
0.00654516
-0.0706461
0.00244368
-0.00636097
-0.0706425
-5.17818e-05
-0.000315925
-1.72115e-05
0.000155123
0.000380734
-0.000209305
-0.000157451
0.00654819
-0.057116
0.00248449
0.00665941
-0.0459892
0.00245735
0.00666909
-0.0345285
0.00228788
0.00613694
-0.02331
0.00205184
0.00501078
-0.0129927
0.00132503
0.00313847
-0.00486254
0.000618528
-0.00640853
-0.0571432
3.05064e-05
-0.00642504
-0.045985
0.000109046
-0.00632578
-0.0345821
7.69993e-06
-0.00588988
-0.022851
-0.000120524
-0.0049828
-0.0126904
-0.00037675
-0.00326055
-0.00464003
-0.000924991
0.00656108
-0.0596002
0.00249262
0.00658255
-0.0483699
0.00246167
0.00644963
-0.0366784
0.00219805
0.005843
-0.0252871
0.00163615
0.00461234
-0.0143029
0.000946141
0.00280591
-0.00469202
-0.000143377
-0.00639945
-0.0595908
2.25956e-05
-0.00654687
-0.0482949
0.000108412
-0.00652948
-0.0367065
0.000138823
-0.00622294
-0.0248369
0.000130686
-0.00563307
-0.0139622
5.95908e-05
-0.00350025
-0.00587449
-0.000183787
4.77997e-05
-0.0681562
0.00118936
0.00170809
-0.00214031
0.000237942
0.00652231
-0.069397
0.00244436
-0.00214638
-0.00194891
-0.000669267
-0.00639639
-0.0694024
-4.91221e-05
0.000232817
0.000209224
-0.000126539
-0.000720173
-0.00027095
0.000138505
0.000664463
-0.000196328
0.000118729
8.86173e-05
-0.0706477
0.0011897
0.00139756
-0.00179063
-0.000578558
-0.00188449
-0.00248861
0.00022043
-2.47725e-05
7.22366e-05
-8.54537e-05
0.00651571
-0.0626252
0.00246555
0.00659941
-0.0515806
0.00248688
0.00669808
-0.040315
0.00238768
0.00661928
-0.0286938
0.00219625
0.00561814
-0.0179263
0.00168277
0.00422616
-0.00859304
0.000916599
-0.00640385
-0.0626533
-1.9624e-05
-0.00641639
-0.0515973
8.34915e-05
-0.00641466
-0.0402838
9.81895e-05
-0.00618674
-0.0288176
-9.5782e-05
-0.0054874
-0.0176373
-0.000226984
-0.00427459
-0.00827793
-0.000601587
0.00654644
-0.0651255
0.00247164
0.00657771
-0.0540312
0.00249599
0.00654526
-0.0425951
0.00236269
0.00626699
-0.0307895
0.00201287
0.00525602
-0.0195933
0.00135629
0.00382106
-0.0094091
0.000418059
-0.00636921
-0.0651246
-2.25463e-05
-0.00646738
-0.0539897
7.24708e-05
-0.00661859
-0.0424904
0.00012202
-0.00641783
-0.0308654
0.000114543
-0.00600054
-0.0192908
9.57942e-05
-0.00496887
-0.00918846
-2.22168e-05
0.00654909
-0.0583633
0.00248726
0.00658643
-0.0471836
0.00247525
0.00652364
-0.0356538
0.00226669
0.0058795
-0.0244457
0.00188906
0.00474051
-0.0136899
0.00120908
0.00317818
-0.00477663
0.000363363
-0.00640275
-0.0583738
3.17098e-05
-0.00644081
-0.0471571
0.000123053
-0.00633318
-0.0356655
5.8414e-05
-0.00589709
-0.0239027
7.59416e-05
-0.00504871
-0.0134482
-0.000100191
-0.00322635
-0.00530485
-0.000549051
8.62244e-05
-0.0596031
0.0012545
3.52242e-05
-0.0483405
0.00128549
-7.74763e-05
-0.0366386
0.00118637
-0.000122394
-0.0249771
0.000874178
-0.000519961
-0.0139652
0.000527569
-0.000776187
-0.00485438
5.50751e-05
7.69821e-05
-0.05714
0.00124885
0.000124944
-0.0459987
0.00126924
0.000147191
-0.0345185
0.00119721
0.000215433
-0.022919
0.00093421
3.48425e-05
-0.0126102
0.000529808
-1.76527e-05
-0.00427041
0.000109459
3.15848e-05
-0.0016196
5.92272e-05
-7.91933e-05
-0.00153613
0.000131378
6.47112e-05
-0.0694002
0.00119266
-0.00212112
-0.00211262
-0.000114949
-1.95468e-05
0.000168185
1.03563e-05
0.00184366
-0.00191581
-0.000113772
0.00653121
-0.0638769
0.00246444
0.00657175
-0.0528124
0.00249571
0.00658417
-0.0414741
0.00239255
0.00639597
-0.0297837
0.00211739
0.00531132
-0.0188351
0.00159651
0.00403476
-0.00902814
0.000772275
-0.00639497
-0.0638944
-2.01227e-05
-0.00642399
-0.0528016
9.08215e-05
-0.0064322
-0.041424
0.000123784
-0.00614162
-0.0298107
6.07958e-05
-0.00554915
-0.0185429
-2.24888e-05
-0.00433507
-0.00888665
-0.00025629
8.51695e-05
-0.0651272
0.00122249
7.57976e-05
-0.0540279
0.00127557
-1.53518e-05
-0.042543
0.00124974
-4.62387e-05
-0.0307698
0.00110489
-0.000336359
-0.0193237
0.000752759
-0.000742316
-0.009008
0.000253946
6.10051e-05
-0.0626457
0.00121646
9.49688e-05
-0.0515986
0.00127543
0.0001345
-0.0402921
0.00124591
0.000185721
-0.0287497
0.00103226
9.5489e-05
-0.0175927
0.000740289
-1.65462e-05
-0.00812403
0.000318605
0.00147398
-0.00308706
2.3409e-05
0.00478871
-0.0329086
0.00189086
