0.00760718
-0.0627866
0.00938687
-0.00569573
-0.062772
0.00841587
-0.0003875
-0.000214231
-0.000129989
0.000292922
3.27101e-05
0.000119894
0.00585243
-0.0637437
0.00937875
-0.00745072
-0.0637523
0.00842617
-0.00026464
-1.96673e-05
0.000145777
0.000234367
-0.00011966
-0.000124806
0.00757534
-0.0513245
0.00787897
0.00739835
-0.0397714
0.0063882
0.00691649
-0.0283382
0.00499243
0.00593475
-0.018386
0.00361105
0.00449624
-0.00979572
0.00200383
0.00272037
-0.00353711
0.000764777
-0.00570371
-0.051276
0.00690922
-0.0056546
-0.0396682
0.00537597
-0.00530224
-0.0285497
0.00375117
-0.00453743
-0.0177736
0.00250857
-0.00357341
-0.00956247
0.00115799
-0.00222747
-0.00335847
-0.00016463
0.00583405
-0.0522658
0.00785593
0.0056826
-0.0406799
0.006302
0.0053048
-0.0292041
0.00475742
0.00445389
-0.0191875
0.00304273
0.00314377
-0.0101858
0.00163345
0.00180271
-0.00306999
0.000179798
-0.00746082
-0.0522315
0.00692709
-0.00737032
-0.0406285
0.00544322
-0.00684157
-0.0294449
0.00402348
-0.00603081
-0.0186397
0.00286285
-0.00507388
-0.0100535
0.00156829
-0.00303598
-0.00412814
0.000376523
0.000956401
-0.0627824
0.00890569
0.00147636
-0.00152664
0.000293787
0.00671966
-0.0632683
0.00937707
-0.00146003
-0.00134536
-0.000273512
-0.0065392
-0.0632643
0.00842195
0.000280135
0.000179781
-8.24235e-05
-0.000541134
-0.00020945
9.9473e-05
0.000482558
-0.000145225
6.03149e-05
-0.000779436
-0.0637426
0.00890768
0.000897408
-0.00110669
-0.000313513
-0.00160284
-0.0017231
0.000406187
-8.25639e-05
7.74493e-05
-3.50373e-05
0.00759998
-0.0570772
0.00863471
0.00751519
-0.045549
0.00712579
0.00720671
-0.0340461
0.00566306
0.006685
-0.0229625
0.00426462
0.00519483
-0.013781
0.00275119
0.00371303
-0.00636679
0.00129596
-0.00569944
-0.0570487
0.00767
-0.00569619
-0.0454769
0.0061376
-0.00555381
-0.0339749
0.00460184
-0.00499929
-0.0231525
0.00303435
-0.00405423
-0.0135191
0.00182596
-0.00298805
-0.00612844
0.000496804
0.00585364
-0.0580297
0.00862033
0.00578214
-0.0464671
0.00708028
0.0055445
-0.0349324
0.00551841
0.0050153
-0.0238549
0.00397991
0.00373337
-0.0143479
0.00236929
0.0025242
-0.00650303
0.000872882
-0.00745771
-0.0580155
0.00767508
-0.00742235
-0.0464359
0.0061787
-0.00724629
-0.0348711
0.0047185
-0.00643973
-0.024039
0.00340598
-0.00560135
-0.0141973
0.00218198
-0.004337
-0.00648344
0.000984366
0.00668228
-0.0518001
0.00787162
0.0065365
-0.0402491
0.00634106
0.00612402
-0.028848
0.00485659
0.00513265
-0.0189567
0.00336663
0.00379882
-0.0100194
0.00184999
0.00246896
-0.00327636
0.0005132
-0.00652311
-0.0517556
0.00691995
-0.00641468
-0.0401709
0.00540759
-0.00596961
-0.0289901
0.00383784
-0.00514417
-0.0182854
0.00273506
-0.00415664
-0.00987251
0.00137246
-0.00255627
-0.00373077
7.61047e-05
-0.000788111
-0.0522417
0.00739754
-0.000808441
-0.0406349
0.00587847
-0.000831555
-0.0291851
0.00442093
-0.000750107
-0.0187737
0.00289954
-0.000967843
-0.00994751
0.00161925
-0.00095494
-0.00324596
0.000485205
0.000920242
-0.0512907
0.00739734
0.000826203
-0.039673
0.00589491
0.000766234
-0.0283511
0.00446688
0.000800184
-0.0178508
0.00298953
0.00049707
-0.00945399
0.00162657
0.000322137
-0.00305298
0.000481458
0.00025839
-0.00109191
0.000160998
-0.000243422
-0.000930293
0.000268997
9.4186e-05
-0.0632654
0.00889998
-0.00166523
-0.00142838
8.32683e-05
-1.33651e-05
0.000153619
-2.03622e-05
0.00140795
-0.00124344
-2.68937e-05
0.00670816
-0.0575592
0.0086295
0.00662885
-0.0460163
0.00710679
0.00635081
-0.0345049
0.00560067
0.0058594
-0.0234333
0.00411554
0.00439277
-0.0141461
0.00261333
0.00316745
-0.00644191
0.00112987
-0.00653729
-0.0575291
0.00767354
-0.00647369
-0.0459647
0.00615787
-0.00627438
-0.0344652
0.00464987
-0.00553497
-0.0235558
0.00328755
-0.00469704
-0.0139083
0.00200394
-0.00349219
-0.00637707
0.000739838
-0.000773012
-0.0580229
0.00815098
-0.000812161
-0.0464187
0.00664219
-0.000834092
-0.0348474
0.00513465
-0.000712251
-0.0238656
0.00374859
-0.000904039
-0.0141287
0.00228789
-0.00104344
-0.00623486
0.000976054
0.000940068
-0.0570598
0.00815338
0.000889907
-0.0454969
0.00663812
0.000785107
-0.0339465
0.00515553
0.000790537
-0.0230155
0.00364271
0.000605754
-0.0134314
0.00229267
0.000394607
-0.0059754
0.00102257
0.000946026
-0.00200717
0.000199463
0.00393728
-0.0259414
0.00428491
