0.00757941
-0.0619874
0.00998382
-0.00554067
-0.0619728
0.0090676
-0.000379785
-0.000210126
-0.000128906
0.000293025
3.08412e-05
0.000121389
0.00570041
-0.0628897
0.00997576
-0.00742017
-0.0628983
0.00907768
-0.000264865
-2.09468e-05
0.000146888
0.000227217
-0.000115942
-0.00012331
0.00754808
-0.050683
0.00836832
0.00737256
-0.0392884
0.00676873
0.00689488
-0.0280089
0.00526629
0.00591996
-0.0181891
0.0037824
0.00449218
-0.00970233
0.00209535
0.00272285
-0.00350955
0.000794926
-0.00554863
-0.050635
0.00745287
-0.00550271
-0.0391854
0.00581
-0.00516155
-0.0282143
0.00407791
-0.00441588
-0.0175826
0.00273224
-0.00347941
-0.00946691
0.00128746
-0.00217121
-0.00332479
-0.000108152
0.00568235
-0.0515699
0.00834572
0.00553418
-0.0401434
0.00668382
0.00516535
-0.0288259
0.00503481
0.00433549
-0.0189375
0.00322305
0.00305328
-0.0100551
0.00173127
0.0017466
-0.00303306
0.00021981
-0.00743018
-0.0515364
0.00747012
-0.00733983
-0.0400943
0.0058753
-0.0068171
-0.0290645
0.00434465
-0.00601443
-0.0184024
0.00308002
-0.00505958
-0.00993152
0.00169009
-0.00303287
-0.00408756
0.000418722
0.00101977
-0.0619833
0.00953003
0.00148094
-0.00151681
0.000306179
0.0066299
-0.0624417
0.0099741
-0.00142592
-0.00132839
-0.00024832
-0.00644655
-0.0624377
0.00907353
0.000286758
0.000178925
-7.92606e-05
-0.000534534
-0.000208176
9.64886e-05
0.000475867
-0.000145107
5.72256e-05
-0.000840062
-0.0628887
0.00953195
0.000870586
-0.00109367
-0.000290078
-0.00160378
-0.00171228
0.000421334
-8.83232e-05
7.67398e-05
-3.13383e-05
0.00757234
-0.0563565
0.00917817
0.00748866
-0.0449869
0.00756059
0.00718253
-0.0336403
0.00599001
0.00666233
-0.0227048
0.00448672
0.00518646
-0.013641
0.00288084
0.00371234
-0.00631081
0.00135446
-0.00554424
-0.0563284
0.00826806
-0.00554207
-0.0449151
0.00662634
-0.00540582
-0.0335685
0.00498138
-0.00486664
-0.0228879
0.00330993
-0.00394622
-0.0133785
0.00200076
-0.00291082
-0.00606933
0.000585855
0.00570162
-0.0572543
0.00916399
0.0056315
-0.045851
0.00751603
0.00539971
-0.0344753
0.00584759
0.00488437
-0.023548
0.00420713
0.00362854
-0.0141619
0.00250555
0.0024494
-0.00642055
0.000938885
-0.00742711
-0.0572406
0.00827287
-0.00739176
-0.0458212
0.00666623
-0.00721641
-0.0344169
0.00509521
-0.00641993
-0.0237312
0.00367427
-0.00558585
-0.0140196
0.00235026
-0.00432473
-0.00641005
0.00106406
0.00659306
-0.0511312
0.00836108
0.00644971
-0.0397387
0.00672158
0.00604302
-0.0284924
0.0051317
0.00506649
-0.01873
0.00354171
0.00375194
-0.0099054
0.0019424
0.00244101
-0.00324213
0.000544615
-0.00643098
-0.0510875
0.0074631
-0.00632482
-0.039662
0.00584017
-0.00588843
-0.0286311
0.00416216
-0.00507693
-0.0180704
0.00295285
-0.00410544
-0.00976057
0.00149545
-0.00252968
-0.00368778
0.000123824
-0.000848298
-0.0515463
0.0079139
-0.000866099
-0.0400998
0.00628508
-0.000885687
-0.0288082
0.00472038
-0.000799727
-0.018531
0.0030986
-0.00100421
-0.0098232
0.00172901
-0.000977603
-0.00321058
0.000527751
0.000983737
-0.0506496
0.00791401
0.000888517
-0.0391908
0.00630306
0.000824786
-0.0280204
0.00476645
0.000850422
-0.0176599
0.00318883
0.000541213
-0.00936228
0.00173757
0.000353307
-0.00302634
0.000521019
0.00027895
-0.00108053
0.000173882
-0.00025941
-0.000922317
0.000286232
9.55217e-05
-0.0624388
0.00952436
-0.00164965
-0.00141203
9.75017e-05
-1.4185e-05
0.000152028
-2.29835e-05
0.00139231
-0.00123065
-1.33857e-05
0.00661855
-0.0568111
0.00917299
0.0065405
-0.0454269
0.00754186
0.00626645
-0.0340726
0.0059281
0.00578232
-0.0231501
0.00433866
0.00433721
-0.0139806
0.0027441
0.00312949
-0.00637093
0.00118944
-0.00644476
-0.0567815
0.00827143
-0.00638243
-0.0453763
0.0066455
-0.00618739
-0.0340336
0.00502744
-0.00546094
-0.0232702
0.0035574
-0.00463727
-0.013747
0.00217345
-0.00345147
-0.00630598
0.0008211
-0.00083362
-0.0572477
0.00872158
-0.000871444
-0.0458037
0.00710416
-0.000890069
-0.0343923
0.00548733
-0.000766467
-0.02356
0.00399513
-0.000946543
-0.0139487
0.00243953
-0.00107257
-0.00615981
0.00104924
0.00100354
-0.0563394
0.00872423
0.000953261
-0.0449352
0.00710008
0.000846122
-0.0335416
0.00550911
0.000844999
-0.022754
0.00389239
0.00065455
-0.0132944
0.00244613
0.000433098
-0.00592085
0.00109553
0.000915557
-0.00198631
0.000224549
0.00384038
-0.0256128
0.00453651
