0.00755087
-0.0614514
0.0102588
-0.00545546
-0.0614369
0.00936895
-0.000374673
-0.000207347
-0.00012799
0.000292209
2.98442e-05
0.000121807
0.00561527
-0.0623273
0.0102507
-0.00739166
-0.0623358
0.00937895
-0.000264203
-2.15273e-05
0.000147049
0.000222778
-0.000113617
-0.000122158
0.00751968
-0.0502449
0.00859424
0.00734464
-0.0389489
0.00694494
0.00686888
-0.0277673
0.00539336
0.00589817
-0.018036
0.00386188
0.00447786
-0.00962322
0.00213804
0.00271617
-0.00348271
0.000809033
-0.00546333
-0.050197
0.00770505
-0.00541847
-0.0388462
0.00601235
-0.005082
-0.02797
0.00423143
-0.00434536
-0.0174332
0.00283834
-0.00342305
-0.00938773
0.00135008
-0.00213629
-0.00329584
-7.87893e-05
0.00559728
-0.0511055
0.00857181
0.00545028
-0.0397778
0.00686056
0.00508531
-0.02856
0.00516362
0.00426591
-0.0187578
0.00330747
0.00299894
-0.00995732
0.00177777
0.00171256
-0.00300337
0.000240418
-0.00740157
-0.0510723
0.0077221
-0.00731104
-0.0397298
0.00607688
-0.0067909
-0.0287975
0.00449554
-0.00599234
-0.0182293
0.00318274
-0.00503956
-0.00983857
0.0017482
-0.00302299
-0.00405333
0.00043956
0.00104799
-0.0614473
0.00981818
0.00147881
-0.00150593
0.000312116
0.0065731
-0.0618925
0.0102491
-0.00140418
-0.00131474
-0.000234525
-0.00638975
-0.0618885
0.00937483
0.000289401
0.000178082
-7.73927e-05
-0.000529562
-0.000206856
9.46836e-05
0.000470971
-0.000144529
5.55055e-05
-0.000868329
-0.0623263
0.00982006
0.000854029
-0.00108277
-0.000276871
-0.00159965
-0.00170076
0.000428155
-9.10909e-05
7.6221e-05
-2.93039e-05
0.00754383
-0.0558693
0.00942874
0.00746049
-0.044598
0.00776163
0.00715529
-0.0333498
0.00614161
0.00663595
-0.0225103
0.00458984
0.00516873
-0.0135276
0.00294116
0.00370148
-0.00626068
0.00138194
-0.00545896
-0.0558413
0.00854497
-0.00545704
-0.0445264
0.00685356
-0.0053231
-0.0332778
0.00515892
-0.00479074
-0.02269
0.00343999
-0.00388249
-0.0132657
0.00208431
-0.00286374
-0.00601874
0.000629903
0.00561648
-0.0567407
0.00941463
0.00554676
-0.045436
0.00771743
0.00531729
-0.0341594
0.0060002
0.00480836
-0.0233287
0.00431291
0.0035663
-0.0140255
0.0025696
0.00240414
-0.00635753
0.000971087
-0.00739857
-0.0567271
0.00854969
-0.00736308
-0.0454068
0.00689302
-0.00718773
-0.0341024
0.00527155
-0.00639595
-0.0235112
0.00380077
-0.00556457
-0.0138875
0.00243019
-0.00430709
-0.00635183
0.00110239
0.00653643
-0.0506798
0.00858704
0.006394
-0.0393859
0.00689778
0.00598991
-0.0282378
0.00525941
0.00502133
-0.0185617
0.00362321
0.00371803
-0.00981597
0.00198581
0.0024197
-0.00321293
0.000559947
-0.00637434
-0.0506364
0.00771511
-0.00626895
-0.0393099
0.00604194
-0.00583637
-0.0283749
0.00431457
-0.00503182
-0.0179087
0.00305595
-0.00406928
-0.00967284
0.00155445
-0.00250917
-0.00365329
0.000148117
-0.000876411
-0.051082
0.0081529
-0.00089315
-0.0397348
0.00647406
-0.000911064
-0.0285427
0.00486026
-0.000822942
-0.0183551
0.00319223
-0.0010205
-0.0097291
0.00178118
-0.00098677
-0.00318123
0.000548562
0.00101199
-0.0502116
0.00815314
0.000916323
-0.0388517
0.00649271
0.000851136
-0.0277782
0.00490635
0.000873066
-0.0175102
0.00328255
0.000561713
-0.00928491
0.00179032
0.000368143
-0.00300147
0.000540302
0.000288742
-0.00107027
0.000180246
-0.000267041
-0.000914485
0.000294498
9.5486e-05
-0.0618896
0.00981251
-0.00163697
-0.00139848
0.000104662
-1.45599e-05
0.000150879
-2.4275e-05
0.00138012
-0.00121931
-6.01792e-06
0.0065618
-0.0563106
0.00942358
0.00648418
-0.0450249
0.00774301
0.00621178
-0.033769
0.00607992
0.00573119
-0.0229426
0.00444239
0.00429802
-0.0138543
0.00280514
0.00310139
-0.00631346
0.00121777
-0.006388
-0.0562813
0.00854829
-0.00632607
-0.0449747
0.0068723
-0.00613268
-0.0337304
0.00520414
-0.00541233
-0.0230616
0.00368469
-0.00459616
-0.0136235
0.00225418
-0.00342172
-0.00624899
0.000860687
-0.000861882
-0.0567341
0.00898527
-0.000899194
-0.045389
0.00731839
-0.000916342
-0.0340773
0.00565165
-0.000791943
-0.0233412
0.00411057
-0.00096609
-0.0138154
0.00251112
-0.00108492
-0.00610118
0.00108448
0.00103179
-0.0558523
0.00898802
0.000981467
-0.0445466
0.0073143
0.000873448
-0.0332515
0.00567381
0.000869559
-0.0225576
0.00400939
0.000676902
-0.0131832
0.00251861
0.00045124
-0.0058726
0.0011305
0.000897168
-0.00196815
0.000237271
0.00378379
-0.025378
0.00465364
