0.0064493
-0.0679958
0.00248363
-0.00622979
-0.0680203
9.5998e-05
-0.000563289
-0.000314933
-0.000170283
0.000354569
5.48002e-05
0.000127735
0.00643938
-0.0703967
0.00248401
-0.00624071
-0.0703929
8.74889e-05
-0.000319209
-1.71006e-05
0.000156125
0.000388448
-0.00021367
-0.000160222
0.00650108
-0.0571713
0.00247815
0.00663528
-0.0462298
0.00241289
0.00667931
-0.0348782
0.00222542
0.00617691
-0.0236266
0.00198942
0.00506769
-0.0132133
0.00128805
0.00317841
-0.00496011
0.000604071
-0.0062404
-0.0572045
0.000121725
-0.00628834
-0.0462268
0.000147763
-0.00625176
-0.0349004
1.17761e-05
-0.00588537
-0.0231777
-0.000144317
-0.0050194
-0.0128971
-0.000402391
-0.00330117
-0.00472676
-0.000946086
0.00646169
-0.0595617
0.00249089
0.00651573
-0.0485363
0.00242735
0.00643312
-0.03698
0.0021502
0.00587625
-0.0255687
0.00159099
0.00467653
-0.0145119
0.000909137
0.00285623
-0.00477693
-0.000167284
-0.00628147
-0.0595607
0.000106498
-0.00644854
-0.0484704
0.000132585
-0.00648422
-0.0369895
0.000118202
-0.00622658
-0.0251402
9.0016e-05
-0.00566286
-0.0141646
2.84342e-05
-0.00352899
-0.00596647
-0.000200571
0.000105564
-0.0680088
0.00127875
0.00173056
-0.00218738
0.000231056
0.00644367
-0.0691971
0.00248456
-0.00217667
-0.00198842
-0.000682587
-0.00625308
-0.0692037
9.05083e-05
0.00023349
0.000210043
-0.00012853
-0.000729494
-0.0002747
0.000140698
0.000674739
-0.000200163
0.00012002
9.48487e-05
-0.0703993
0.00127895
0.00142448
-0.00182679
-0.00059675
-0.00190255
-0.00252968
0.000215636
-2.22966e-05
7.2451e-05
-8.81929e-05
0.00646317
-0.0625759
0.0024819
0.00656227
-0.0517352
0.0024597
0.00669039
-0.0406197
0.00233226
0.00663735
-0.0290423
0.002133
0.00567296
-0.0182048
0.0016339
0.00427747
-0.00875054
0.000890936
-0.00623134
-0.0626095
9.78776e-05
-0.00625992
-0.0517559
0.000147535
-0.00630479
-0.0405818
0.000115009
-0.00614721
-0.0291476
-0.000101637
-0.00550903
-0.0179054
-0.00025363
-0.00431789
-0.00842205
-0.0006249
0.00644114
-0.0649777
0.00249069
0.00649118
-0.0541011
0.00247649
0.00650186
-0.0428389
0.0023203
0.00627462
-0.0311014
0.00196123
0.00531174
-0.0198514
0.00131419
0.00388285
-0.00955879
0.000387706
-0.00624864
-0.0649817
9.1595e-05
-0.0063572
-0.0540689
0.000125188
-0.00653811
-0.0427409
0.000121853
-0.00640245
-0.0311698
8.11293e-05
-0.00601886
-0.0195481
5.88826e-05
-0.00500434
-0.00933097
-4.62382e-05
0.00647808
-0.0583705
0.00248202
0.00653868
-0.0473847
0.00243392
0.00651372
-0.0359734
0.0022115
0.00590973
-0.0247391
0.00183524
0.00479651
-0.013904
0.00117208
0.00322179
-0.00486839
0.000346626
-0.00626614
-0.0583873
0.000117766
-0.00633095
-0.0473612
0.000152927
-0.00627656
-0.0359648
5.2498e-05
-0.00589498
-0.0242122
4.1026e-05
-0.00507722
-0.0136517
-0.000127813
-0.00325729
-0.00539481
-0.000566789
9.6243e-05
-0.0595707
0.00129532
5.50027e-05
-0.0485161
0.00128048
-5.54839e-05
-0.0369426
0.00115288
-0.000106092
-0.0252748
0.000837333
-0.000504054
-0.014173
0.000495205
-0.000771501
-0.00493935
3.79168e-05
0.000138486
-0.057201
0.00129131
0.000184177
-0.0462466
0.00126836
0.000189679
-0.0348601
0.00116326
0.000237167
-0.0232489
0.000894507
4.57986e-05
-0.0128254
0.000499448
-1.79405e-05
-0.0043585
9.52851e-05
2.90245e-05
-0.00165796
5.37119e-05
-7.25144e-05
-0.00156779
0.000124347
9.62317e-05
-0.0692011
0.00128317
-0.00214444
-0.00215261
-0.00012076
-1.8994e-05
0.000169057
1.11781e-05
0.00187109
-0.0019565
-0.000124925
0.00645514
-0.0637774
0.00248132
0.00651042
-0.0529231
0.00247081
0.00655549
-0.0417461
0.00234153
0.00640067
-0.030116
0.00205856
0.00536225
-0.0191006
0.00154926
0.00408741
-0.00918199
0.000745684
-0.00625262
-0.0638005
9.49461e-05
-0.00629913
-0.0529177
0.000146889
-0.00634466
-0.0416921
0.000131251
-0.0061178
-0.0301291
3.52078e-05
-0.00556521
-0.0188024
-5.39701e-05
-0.00436919
-0.00903048
-0.00027865
9.11907e-05
-0.0649819
0.00128834
9.13345e-05
-0.0541071
0.00129319
7.45655e-06
-0.0427972
0.0012284
-3.12848e-05
-0.031083
0.00106281
-0.000316779
-0.0195854
0.000714839
-0.000732404
-0.00915382
0.000228817
0.000120907
-0.0626
0.00128325
0.000156638
-0.0517594
0.00129399
0.000187653
-0.0406013
0.00122687
0.000216013
-0.029093
0.000998338
0.000114198
-0.0178715
0.00070396
-1.22301e-05
-0.00827385
0.000296052
0.00150097
-0.00314814
9.09047e-06
0.00479201
-0.0332247
0.00184067
