0.00748941
-0.0604784
0.0106402
-0.00531794
-0.0604639
0.00978931
-0.000365508
-0.000202315
-0.00012616
0.000289917
2.82762e-05
0.000122017
0.0054759
-0.0613154
0.0106322
-0.00733214
-0.0613239
0.00979924
-0.000262258
-2.23209e-05
0.0001468
0.000215097
-0.000109577
-0.000119943
0.00745832
-0.049443
0.00890821
0.00728373
-0.0383196
0.0071903
0.00681081
-0.0273109
0.0055704
0.00584754
-0.0177399
0.00397235
0.00444118
-0.0094655
0.00219761
0.00269638
-0.00342682
0.000828707
-0.00532555
-0.0493953
0.0080578
-0.00528169
-0.0382174
0.0062966
-0.00495131
-0.0275102
0.00444856
-0.00422773
-0.0171437
0.00298962
-0.00332729
-0.00923115
0.00144084
-0.00207583
-0.00323792
-3.36383e-05
0.0054579
-0.0502646
0.00888595
0.00531218
-0.0391097
0.00710662
0.0049524
-0.0280669
0.00534331
0.00414885
-0.0184216
0.00342602
0.00290652
-0.00977153
0.00184389
0.00165438
-0.00294536
0.000271763
-0.00734184
-0.0502318
0.00807466
-0.00725074
-0.039063
0.00636021
-0.00673411
-0.0283029
0.00470886
-0.00594196
-0.0179033
0.00332871
-0.00499366
-0.00966053
0.00183139
-0.00299793
-0.00398514
0.000470271
0.0010859
-0.0604744
0.0102191
0.0014702
-0.00148245
0.000320565
0.00647275
-0.0609
0.0106305
-0.001366
-0.00128814
-0.000212497
-0.0062913
-0.0608961
0.00979516
0.000292501
0.000176297
-7.426e-05
-0.000520086
-0.000204053
9.16066e-05
0.000461757
-0.000143032
5.27174e-05
-0.000908201
-0.0613143
0.0102209
0.000825471
-0.00106117
-0.000255395
-0.00158782
-0.00167609
0.00043737
-9.50738e-05
7.52399e-05
-2.60461e-05
0.00748239
-0.0549817
0.00977666
0.00739933
-0.0438822
0.0080413
0.00709531
-0.0328068
0.00635284
0.00657752
-0.0221387
0.00473347
0.00512533
-0.0133051
0.00302519
0.00367225
-0.00615887
0.00142047
-0.0053213
-0.0549538
0.00893172
-0.00531946
-0.0438109
0.00717202
-0.00518813
-0.0327349
0.00540906
-0.00466515
-0.0223136
0.00362466
-0.00377516
-0.0130451
0.00220422
-0.00278301
-0.00591758
0.000694979
0.00547709
-0.0558141
0.00976261
0.0054077
-0.0446813
0.00799755
0.0051811
-0.0335783
0.00621287
0.00468134
-0.0229194
0.00446074
0.00346102
-0.0137682
0.00265982
0.00232685
-0.00623676
0.00101792
-0.00733901
-0.0558006
0.00893637
-0.00730314
-0.0446528
0.00721101
-0.00712739
-0.0335234
0.00552008
-0.00634246
-0.0231008
0.00398012
-0.0055159
-0.013637
0.00254418
-0.00426647
-0.00623853
0.00115762
0.00643623
-0.0498583
0.00890106
0.00629488
-0.0387367
0.00714314
0.00589445
-0.0277618
0.00543747
0.00493864
-0.0182426
0.00373696
0.00365435
-0.00964269
0.00204679
0.00237882
-0.00315465
0.000582196
-0.00627602
-0.0498153
0.00806769
-0.00617138
-0.0386619
0.00632547
-0.00574398
-0.027897
0.00453015
-0.00495001
-0.0176004
0.0032026
-0.00400213
-0.00950292
0.00163934
-0.00246964
-0.00358594
0.000184853
-0.00091612
-0.0502413
0.00848621
-0.000931473
-0.0390673
0.00673849
-0.000946948
-0.0280504
0.00505672
-0.000855694
-0.018025
0.00332451
-0.00104246
-0.0095494
0.00185552
-0.000997749
-0.0031232
0.000578946
0.00104991
-0.0494098
0.00848662
0.000953763
-0.038223
0.00675801
0.000886898
-0.0273212
0.00510278
0.000903799
-0.0172201
0.00341484
0.000590363
-0.00913093
0.00186545
0.00038933
-0.00295035
0.000568345
0.000302721
-0.00104945
0.000189586
-0.000277961
-0.000898134
0.000306351
9.44854e-05
-0.0608971
0.0102134
-0.00161203
-0.00137173
0.000115375
-1.50782e-05
0.000148721
-2.6176e-05
0.00135654
-0.00119638
5.6519e-06
0.00646147
-0.0554034
0.00977151
0.0063843
-0.0442895
0.00802282
0.00611407
-0.0332064
0.00629148
0.00563879
-0.0225513
0.00458713
0.00422524
-0.0136123
0.00289048
0.00304812
-0.00620084
0.00125802
-0.0062896
-0.0553743
0.00893501
-0.006228
-0.04424
0.00719028
-0.00603656
-0.0331686
0.00545316
-0.00532511
-0.0226688
0.00386526
-0.00452077
-0.0133865
0.00236961
-0.00336566
-0.0061377
0.000918395
-0.000901753
-0.0558076
0.00935254
-0.000938448
-0.0446348
0.00761759
-0.000953551
-0.0334975
0.00588199
-0.000828058
-0.0229326
0.004273
-0.000993175
-0.0135633
0.00261255
-0.0011006
-0.00598782
0.00113522
0.00106972
-0.0549647
0.00935542
0.00101936
-0.043831
0.00761348
0.000910372
-0.0327091
0.00590464
0.000902931
-0.0221833
0.00417415
0.000707742
-0.0129648
0.00262132
0.000476933
-0.00577503
0.00118066
0.000865841
-0.00193164
0.000256369
0.00368881
-0.0249398
0.0048174
