0.00729669
-0.0579279
0.0112857
-0.00500473
-0.0579133
0.0105132
-0.000342295
-0.000189452
-0.000120958
0.000281679
2.48982e-05
0.000120963
0.00515232
-0.0586863
0.0112776
-0.00714991
-0.0586947
0.010523
-0.000255112
-2.36281e-05
0.000144584
0.0001965
-9.97623e-05
-0.000113904
0.00726554
-0.0473269
0.00944029
0.0070916
-0.0366427
0.00760652
0.00662533
-0.0260776
0.00586972
0.0056825
-0.016925
0.00415672
0.00431502
-0.00902117
0.00229733
0.00262321
-0.00326423
0.000861213
-0.00501156
-0.0472796
0.00866823
-0.00496817
-0.0365419
0.00679225
-0.00464816
-0.0262707
0.00483209
-0.00395111
-0.0163461
0.00326038
-0.00309809
-0.00879313
0.00160834
-0.00192847
-0.00307497
5.89104e-05
0.00513408
-0.0480698
0.00941828
0.00499006
-0.0373534
0.0075242
0.00464
-0.0267577
0.00564857
0.00387059
-0.017524
0.0036297
0.00268541
-0.00927002
0.00195988
0.00151511
-0.00278555
0.000334203
-0.00715894
-0.0480375
0.00868505
-0.00706605
-0.0373093
0.00685449
-0.00655655
-0.0269902
0.00508451
-0.00577972
-0.0170285
0.0035875
-0.00484633
-0.00917625
0.00198064
-0.00291243
-0.00379337
0.000528395
0.00114598
-0.0579238
0.0109039
0.0014343
-0.00141245
0.000335097
0.00621469
-0.0583102
0.0112761
-0.00127154
-0.00121528
-0.000164682
-0.00604376
-0.0583062
0.010519
0.000295497
0.000170869
-6.69676e-05
-0.000494422
-0.000195718
8.42565e-05
0.000437142
-0.000137947
4.64732e-05
-0.000978849
-0.0586852
0.0109056
0.000756457
-0.0010011
-0.000207662
-0.00154477
-0.00160254
0.000451703
-0.000102268
7.25466e-05
-1.89524e-05
0.00728962
-0.052648
0.0103658
0.00720675
-0.0419849
0.00851556
0.00690525
-0.0313507
0.00671096
0.00639258
-0.0211257
0.00497541
0.00497967
-0.0126856
0.00316582
0.00356903
-0.00586809
0.00148547
-0.0050078
-0.0526201
0.00959915
-0.00500524
-0.0419143
0.00772503
-0.00487719
-0.0312799
0.00584749
-0.00437184
-0.021291
0.00395317
-0.00352048
-0.0124329
0.00242142
-0.00258804
-0.00563244
0.000819381
0.00515343
-0.0534017
0.0103518
0.00508415
-0.0427052
0.00847256
0.00486225
-0.0320441
0.006574
0.00438096
-0.0218274
0.00471234
0.00321017
-0.0130774
0.00281533
0.00214159
-0.00590888
0.00110382
-0.00715665
-0.0533884
0.00960384
-0.00711955
-0.0426777
0.00776351
-0.00694231
-0.0319932
0.00595565
-0.00617227
-0.0220058
0.00429728
-0.00535943
-0.0129612
0.00274747
-0.00413615
-0.00592634
0.00125786
0.00617828
-0.0477027
0.00943323
0.00603867
-0.0370193
0.00755947
0.00564597
-0.0264879
0.00573926
0.00472041
-0.0173795
0.00392911
0.00348319
-0.00916663
0.00215064
0.002267
-0.00299111
0.000622495
-0.00602845
-0.0476604
0.00867801
-0.00592444
-0.036947
0.00682004
-0.00550699
-0.0266196
0.00491066
-0.00473638
-0.016763
0.00346332
-0.00382339
-0.00903614
0.00179345
-0.0023609
-0.0034003
0.000257949
-0.00098658
-0.0480466
0.00905746
-0.000999618
-0.0373122
0.00719388
-0.00101028
-0.0267427
0.0053968
-0.000913207
-0.0171416
0.00355569
-0.00107681
-0.00906224
0.00198712
-0.00100942
-0.00296149
0.000635295
0.00111003
-0.0472939
0.00905809
0.00101367
-0.0365473
0.00721471
0.000945017
-0.0260873
0.0054425
0.000953361
-0.0164205
0.00364549
0.000639731
-0.00869798
0.00199836
0.000427305
-0.00280354
0.000619864
0.000327648
-0.000990596
0.000206933
-0.000297474
-0.000850708
0.0003275
8.9153e-05
-0.0583073
0.0108982
-0.00154218
-0.00129756
0.000136198
-1.59576e-05
0.000142858
-2.97802e-05
0.00129166
-0.00113153
3.03485e-05
0.0062034
-0.0530303
0.0103607
0.00612679
-0.0423525
0.00849735
0.00586075
-0.0317102
0.0066504
0.00539736
-0.0214966
0.00483213
0.00403119
-0.0129527
0.00303471
0.00290391
-0.00588885
0.00132802
-0.00604211
-0.0530015
0.0096025
-0.00598058
-0.0423042
0.00774268
-0.00579206
-0.0316746
0.0058897
-0.00509928
-0.0216113
0.00418519
-0.00432204
-0.0127393
0.00257684
-0.00321457
-0.00583032
0.00102577
-0.000972421
-0.0533952
0.00998078
-0.00100816
-0.0426593
0.00813151
-0.00101951
-0.0319657
0.00627975
-0.000892315
-0.0218419
0.00455461
-0.00103854
-0.0128843
0.00279033
-0.00112118
-0.00567759
0.00122695
0.00112982
-0.052631
0.00998385
0.00107958
-0.0419341
0.00812733
0.000969921
-0.0312547
0.00630303
0.000957068
-0.0211648
0.0044606
0.000759536
-0.0123566
0.00280144
0.000522345
-0.0054976
0.00127052
0.000791118
-0.00182875
0.000293468
0.00346259
-0.0237696
0.00509682
