0.00641432
-0.0678745
0.0025259
-0.00607078
-0.0679007
0.000246834
-0.000570441
-0.000319383
-0.000171602
0.000358403
5.47069e-05
0.000128879
0.00634798
-0.0701688
0.00252759
-0.00613959
-0.070165
0.000236172
-0.000322022
-1.69471e-05
0.00015691
0.000395579
-0.000217689
-0.000162801
0.00647152
-0.0572233
0.00247072
0.00662192
-0.0464381
0.00236442
0.00669086
-0.0351806
0.00215938
0.00621216
-0.0239056
0.00192415
0.00511732
-0.0134123
0.00124868
0.00321381
-0.00505104
0.000588339
-0.00608624
-0.0572607
0.000217143
-0.00616268
-0.0464348
0.00018637
-0.00618135
-0.0351756
1.37288e-05
-0.0058763
-0.0234651
-0.000167064
-0.00504853
-0.0130835
-0.000426075
-0.00333638
-0.00480726
-0.000964783
0.00637563
-0.0595132
0.00248719
0.00645732
-0.0486639
0.00238682
0.00641847
-0.0372288
0.00209582
0.00590526
-0.0258081
0.00154033
0.00473363
-0.014695
0.000869685
0.00290213
-0.00485391
-0.000191257
-0.00618183
-0.0595198
0.000195434
-0.00636303
-0.0486069
0.000158589
-0.00644146
-0.0372236
9.87884e-05
-0.00622463
-0.0253989
5.22586e-05
-0.00568462
-0.0143424
-8.94342e-07
-0.00355238
-0.00604865
-0.000216156
0.000166248
-0.0678887
0.00137475
0.00175066
-0.00223189
0.000223596
0.00638179
-0.069022
0.00252799
-0.00220346
-0.00202547
-0.000694334
-0.00612536
-0.0690294
0.000239434
0.000233912
0.000210477
-0.00013033
-0.000737751
-0.000278071
0.000142754
0.000684049
-0.000203724
0.000121068
9.91313e-05
-0.0701723
0.0013748
0.00144933
-0.00186002
-0.000614257
-0.00191775
-0.0025667
0.000210918
-1.97675e-05
7.25891e-05
-9.08103e-05
0.00642968
-0.0625395
0.00249944
0.00653988
-0.051871
0.00242954
0.00668875
-0.0408828
0.00227247
0.00665431
-0.0293459
0.00206582
0.00572066
-0.0184528
0.00158218
0.00432251
-0.00889479
0.000863507
-0.00607302
-0.062577
0.00022225
-0.00611649
-0.0518939
0.000213167
-0.00620293
-0.0408383
0.000130678
-0.0061071
-0.0294347
-0.000108909
-0.00552378
-0.0181441
-0.000278704
-0.00435425
-0.00855384
-0.000645948
0.00635017
-0.0648362
0.00251035
0.00641599
-0.0541452
0.00245252
0.00646394
-0.043035
0.00227084
0.00628113
-0.0313633
0.00190368
0.00536059
-0.0200741
0.00126822
0.00393854
-0.00969202
0.000356126
-0.00614718
-0.0648446
0.000212884
-0.0062629
-0.0541218
0.000181015
-0.00646632
-0.0429438
0.000122916
-0.00638435
-0.0314254
4.99153e-05
-0.00602983
-0.0197708
2.41997e-05
-0.00503228
-0.00945769
-6.87299e-05
0.00642211
-0.058371
0.0024754
0.00650129
-0.0475507
0.00238721
0.0065066
-0.0362438
0.00215066
0.00593656
-0.0249932
0.00177715
0.00484598
-0.0140945
0.00113249
0.00326082
-0.0049528
0.00032891
-0.00614441
-0.0583927
0.00020844
-0.00623193
-0.0475294
0.000183472
-0.0062229
-0.0362179
4.55563e-05
-0.00588825
-0.0244804
8.13743e-06
-0.00509884
-0.0138324
-0.000153721
-0.00328324
-0.00547674
-0.000582772
0.000103907
-0.0595276
0.00133782
7.23141e-05
-0.048652
0.00127336
-3.48165e-05
-0.0371941
0.00111675
-8.97964e-05
-0.0255283
0.000798422
-0.000487539
-0.0143557
0.000462413
-0.000765554
-0.00501606
2.1001e-05
0.000201375
-0.0572571
0.00133555
0.000242441
-0.04646
0.00126567
0.000231213
-0.0351553
0.00112711
0.00025923
-0.0235394
0.000853157
5.71824e-05
-0.0130197
0.000468677
-1.77283e-05
-0.00444089
8.13322e-05
2.66977e-05
-0.00169444
4.82486e-05
-6.56567e-05
-0.00159683
0.000117154
0.000128445
-0.0690265
0.00138002
-0.00216455
-0.00218957
-0.000125937
-1.8333e-05
0.000169682
1.20027e-05
0.00189593
-0.00199431
-0.000136179
0.00639528
-0.0636876
0.00249927
0.00646213
-0.0530117
0.00244224
0.00653312
-0.0419735
0.00228476
0.00640557
-0.0304005
0.00199475
0.00540703
-0.0193336
0.00149861
0.00413423
-0.00932092
0.000717338
-0.00612585
-0.0637151
0.000217058
-0.00618727
-0.0530106
0.000205192
-0.00626465
-0.0419161
0.000138478
-0.00609211
-0.0304017
1.0579e-05
-0.00557499
-0.0190299
-8.377e-05
-0.00439688
-0.00915996
-0.000299266
9.54354e-05
-0.0648426
0.00135821
0.000103925
-0.0541591
0.00131042
2.80229e-05
-0.0430027
0.00120426
-1.63553e-05
-0.0313463
0.00101896
-0.000297199
-0.0198118
0.000675926
-0.000721319
-0.00928388
0.00020369
0.000183006
-0.062566
0.00135424
0.00021877
-0.0518998
0.00131209
0.000239489
-0.0408677
0.00120524
0.000246096
-0.0293918
0.00096171
0.000133014
-0.0181199
0.000666673
-7.31708e-06
-0.00841131
0.000273475
0.00152587
-0.00320423
-5.47432e-06
0.0047956
-0.0334903
0.00178568
