0.00700474
-0.0545767
0.0117651
-0.00463151
-0.0545621
0.0110783
-0.000313752
-0.000173583
-0.000113941
0.00026907
2.12233e-05
0.000118041
0.00476186
-0.0552493
0.0117571
-0.00687529
-0.0552575
0.0110881
-0.00024406
-2.45679e-05
0.000140211
0.00017463
-8.82319e-05
-0.000106067
0.00697368
-0.044547
0.00983411
0.00680172
-0.0344403
0.0079122
0.0063465
-0.0244582
0.00608483
0.00543501
-0.0158516
0.00428239
0.00412378
-0.00843351
0.00236472
0.00250958
-0.00304744
0.000881721
-0.00463731
-0.0445004
0.00914781
-0.00459395
-0.0343421
0.00718543
-0.00428596
-0.0246438
0.00514238
-0.00362133
-0.0152971
0.00348251
-0.00282452
-0.00821594
0.00175206
-0.00175192
-0.00286162
0.00015083
0.00474346
-0.045204
0.0098125
0.00460198
-0.0350644
0.00783196
0.00426445
-0.0250551
0.00587189
0.00353709
-0.0163614
0.00378082
0.00242326
-0.00862261
0.0020481
0.00135161
-0.00257932
0.000392576
-0.00688339
-0.0451723
0.00916463
-0.00678896
-0.0350232
0.0072461
-0.00629068
-0.025282
0.00538477
-0.00553667
-0.0158942
0.00379436
-0.00462895
-0.00854786
0.00210153
-0.00278356
-0.00354059
0.000579328
0.0011865
-0.0545726
0.0114262
0.00137606
-0.00131835
0.000345044
0.00587367
-0.0549161
0.0117556
-0.00115741
-0.00112202
-0.000114123
-0.00572029
-0.0549121
0.0110842
0.00029411
0.000163004
-5.86551e-05
-0.000461131
-0.000184313
7.56093e-05
0.00040561
-0.000130557
3.95229e-05
-0.00103695
-0.0552481
0.0114278
0.000675122
-0.000923698
-0.000156204
-0.00147831
-0.0015027
0.00045967
-0.000108087
6.88647e-05
-1.1457e-05
0.00699766
-0.049582
0.0108027
0.00691547
-0.0394927
0.00886553
0.00661908
-0.0294385
0.00697205
0.00611694
-0.0197944
0.00514636
0.00476008
-0.0118683
0.00326174
0.00341134
-0.00548223
0.00152967
-0.00463421
-0.0495542
0.0101217
-0.0046305
-0.0394235
0.00816144
-0.00450573
-0.0293699
0.00619773
-0.00402157
-0.0199488
0.00422176
-0.00321683
-0.011627
0.00260264
-0.00235496
-0.00525665
0.0009318
0.00476287
-0.0502498
0.0107889
0.00469405
-0.040127
0.0088236
0.00447835
-0.0300466
0.00683938
0.00401982
-0.0204093
0.00489587
0.00291169
-0.0121847
0.00293047
0.00192279
-0.00548611
0.00117443
-0.00688178
-0.0502366
0.0101264
-0.00684342
-0.0401007
0.00819935
-0.00666558
-0.0300002
0.00630238
-0.00591725
-0.0205828
0.00455135
-0.00512679
-0.0120851
0.00291113
-0.00394504
-0.00551953
0.00134031
0.00583758
-0.0448796
0.00982721
0.00570073
-0.0347725
0.00786574
0.00531935
-0.0248235
0.00595819
0.00443437
-0.0162528
0.00406515
0.00325947
-0.00854575
0.00222411
0.0021202
-0.00277774
0.000654244
-0.00570492
-0.0448383
0.00915753
-0.00560185
-0.0347036
0.00721211
-0.00519747
-0.024951
0.00521737
-0.00445762
-0.0156693
0.00367336
-0.00358981
-0.00842708
0.00192146
-0.00221696
-0.00315949
0.000327552
-0.00104445
-0.045181
0.0094942
-0.00105516
-0.0350247
0.00754297
-0.00106075
-0.0250416
0.00565782
-0.000958705
-0.0159975
0.00373503
-0.00109676
-0.00843212
0.00209033
-0.00100682
-0.0027509
0.000682867
0.00115092
-0.0445143
0.00949497
0.00105554
-0.034347
0.00756467
0.000986557
-0.0244673
0.00570252
0.000987214
-0.0153684
0.00382311
0.000678329
-0.00812652
0.00210247
0.000458535
-0.0026098
0.000662558
0.000347676
-0.000914433
0.000221347
-0.000312984
-0.000788322
0.000344075
8.02639e-05
-0.0549131
0.0114205
-0.00144898
-0.00120171
0.000155156
-1.66295e-05
0.000134987
-3.29851e-05
0.00120657
-0.00104714
5.50406e-05
0.00586243
-0.0499211
0.0107977
0.00578687
-0.039817
0.00884775
0.00552724
-0.0297542
0.00691288
0.00508041
-0.0201194
0.0050078
0.00377746
-0.0120923
0.00313587
0.00271529
-0.00548189
0.0013794
-0.00571868
-0.0498928
0.0101251
-0.00565735
-0.0397704
0.00817852
-0.00547271
-0.0297213
0.00623787
-0.00480469
-0.0202304
0.00444307
-0.00406262
-0.0118947
0.00274636
-0.00301644
-0.00542959
0.00111836
-0.00103059
-0.0502433
0.0104605
-0.00106512
-0.0400821
0.00852492
-0.00107263
-0.0299713
0.00658504
-0.000944834
-0.0204248
0.00477002
-0.00107031
-0.0120058
0.00292792
-0.0011263
-0.00527592
0.00130136
0.0011705
-0.0495651
0.0104637
0.00112093
-0.0394428
0.00852066
0.00101218
-0.0293453
0.00660851
0.000995005
-0.0198278
0.0046816
0.000798398
-0.011555
0.002941
0.000559167
-0.00513084
0.00134216
0.000703658
-0.00169476
0.000326751
0.00318823
-0.0222463
0.00530251
