0.00688416
-0.0532836
0.0118862
-0.00449162
-0.053269
0.011231
-0.000303322
-0.000167791
-0.000111255
0.000264021
1.99364e-05
0.000116682
0.00461538
-0.0539246
0.0118783
-0.00676133
-0.0539327
0.0112407
-0.000239613
-2.4802e-05
0.000138308
0.000166852
-8.41453e-05
-0.000103136
0.00685326
-0.0434777
0.00993271
0.00668262
-0.0335971
0.00798739
0.00623278
-0.0238423
0.00613564
0.00533493
-0.0154453
0.00430927
0.00404691
-0.0082124
0.00237872
0.00246378
-0.00296628
0.00088532
-0.00449707
-0.0434316
0.00927798
-0.00445397
-0.0335002
0.00729283
-0.00415129
-0.0240247
0.00522856
-0.00350001
-0.0149009
0.00354456
-0.00272477
-0.00799897
0.00179367
-0.00168794
-0.00278215
0.000180571
0.00459702
-0.0441032
0.00991134
0.00445703
-0.0341898
0.00790817
0.00412511
-0.024409
0.00592623
0.00341455
-0.0159234
0.00381797
0.00232846
-0.00838079
0.00207012
0.00129317
-0.00250304
0.000410347
-0.00676907
-0.0440719
0.00929473
-0.00667447
-0.0341497
0.00735273
-0.00618175
-0.0246332
0.0054667
-0.00543801
-0.0154673
0.00385023
-0.00454187
-0.00831263
0.00213441
-0.00273188
-0.00344579
0.000594126
0.0011961
-0.0532794
0.0115631
0.00135231
-0.00128318
0.000347055
0.00574023
-0.0536071
0.0118768
-0.001116
-0.00108775
-9.71455e-05
-0.00559364
-0.0536032
0.0112369
0.000292665
0.000159856
-5.57328e-05
-0.000448644
-0.000179961
7.25059e-05
0.000393875
-0.000127697
3.70914e-05
-0.00105333
-0.0539234
0.0115647
0.000646084
-0.000895251
-0.000138802
-0.00145154
-0.00146498
0.000460731
-0.000109647
6.74149e-05
-8.95144e-06
0.0068771
-0.0484005
0.0109127
0.00679548
-0.0385361
0.00895251
0.00650192
-0.0287086
0.00703535
0.00600509
-0.0192897
0.00518548
0.00467164
-0.01156
0.00328217
0.00334798
-0.00533739
0.00153885
-0.00449419
-0.048373
0.0102632
-0.00449015
-0.0384677
0.00828025
-0.00436708
-0.028641
0.00629388
-0.00389191
-0.0194398
0.00429698
-0.00310569
-0.0113233
0.00265394
-0.00227024
-0.00511583
0.000965739
0.00461636
-0.0490367
0.010899
0.00454801
-0.0391391
0.00891113
0.00433535
-0.0292858
0.00690464
0.00388628
-0.0198732
0.00494013
0.00280307
-0.0118499
0.00295847
0.00184411
-0.00532882
0.00119357
-0.00676771
-0.0490237
0.010268
-0.00672905
-0.0391134
0.00831781
-0.00655166
-0.0292411
0.00639695
-0.00581328
-0.0200445
0.00462052
-0.00503298
-0.0117563
0.00295554
-0.00386895
-0.00536745
0.00136299
0.0057044
-0.0437945
0.0099259
0.00556905
-0.0339132
0.00794129
0.00519292
-0.0241911
0.00601073
0.00432468
-0.0158273
0.00409627
0.00317464
-0.00831311
0.00224062
0.00206471
-0.00269852
0.000662333
-0.00557831
-0.0437537
0.00928763
-0.00547598
-0.0338456
0.00731901
-0.00507749
-0.0243167
0.00530206
-0.00435056
-0.0152568
0.00373069
-0.00350078
-0.00819873
0.00195729
-0.00216218
-0.00306993
0.000349353
-0.00106071
-0.0440804
0.0096086
-0.00107051
-0.0341507
0.00763418
-0.0010743
-0.0243962
0.00572561
-0.000970862
-0.0155669
0.00378187
-0.00109983
-0.0081967
0.0021173
-0.00100267
-0.00267263
0.000696183
0.00116078
-0.0434453
0.00960941
0.00106605
-0.033505
0.00765611
0.000997125
-0.0238512
0.0057698
0.000995146
-0.0149709
0.00386903
0.00068884
-0.00791179
0.00212966
0.0004673
-0.00253769
0.000674283
0.000353104
-0.000886499
0.00022527
-0.000317072
-0.000765293
0.000348346
7.68175e-05
-0.0536042
0.0115575
-0.00141348
-0.00116631
0.000160842
-1.68063e-05
0.00013193
-3.39359e-05
0.00117451
-0.00101602
6.28872e-05
0.00572906
-0.0487238
0.0109077
0.00565418
-0.0388446
0.00893494
0.00539772
-0.0290084
0.00697687
0.0049581
-0.019598
0.00504899
0.00368086
-0.0117688
0.00315849
0.00264395
-0.00532996
0.00139148
-0.00559204
-0.0486958
0.0102666
-0.00553103
-0.0387988
0.00829704
-0.00534842
-0.0289765
0.00633316
-0.00469113
-0.0197074
0.00451389
-0.00396338
-0.0115771
0.00279326
-0.00294109
-0.00527987
0.00114513
-0.00104702
-0.0490303
0.0105863
-0.00108097
-0.0390946
0.00862787
-0.00108707
-0.0292117
0.00666465
-0.000959438
-0.019889
0.00482546
-0.00107745
-0.0116765
0.00296351
-0.00112434
-0.00512635
0.00132144
0.00118022
-0.0483837
0.0105895
0.00113105
-0.0384867
0.00862357
0.00102294
-0.0286167
0.0066881
0.0010043
-0.019321
0.0047392
0.000808627
-0.011253
0.00297717
0.000569461
-0.00499347
0.00136115
0.00067245
-0.00164521
0.00033651
0.00308624
-0.0216693
0.00535284
