0.00675161
-0.0519037
0.0119875
-0.0043433
-0.0518892
0.0113659
-0.000292526
-0.000161806
-0.000108415
0.000258595
1.86196e-05
0.000115141
0.00446035
-0.0525112
0.0119797
-0.00663555
-0.0525192
0.0113755
-0.000234825
-2.49975e-05
0.000136195
0.000158912
-7.99849e-05
-0.000100074
0.00672099
-0.0423393
0.0100144
0.00655214
-0.0327024
0.00804857
0.00610874
-0.0231919
0.00617532
0.0052264
-0.015018
0.00432804
0.003964
-0.00798102
0.0023881
0.00241443
-0.00288177
0.000887126
-0.00434841
-0.0422937
0.00939315
-0.00430583
-0.0326069
0.00738814
-0.00400941
-0.0233705
0.00530583
-0.00337315
-0.0144848
0.00360026
-0.0026212
-0.00777195
0.00183184
-0.00162187
-0.00269951
0.000209618
0.00444209
-0.0429314
0.00999331
0.00430407
-0.0332619
0.00797059
0.00397872
-0.023727
0.00596995
0.00328669
-0.0154631
0.00384804
0.00223058
-0.00812822
0.00208807
0.00123329
-0.00242396
0.000427022
-0.00664294
-0.0429006
0.00940975
-0.00654842
-0.0332232
0.00744708
-0.00606248
-0.023948
0.00553913
-0.00533066
-0.0150192
0.00389908
-0.00444786
-0.00806673
0.00216324
-0.00267618
-0.00334676
0.00060765
0.00120393
-0.0518995
0.0116812
0.00132661
-0.00124664
0.000348325
0.00559656
-0.0522104
0.0119782
-0.00107327
-0.00105234
-8.02652e-05
-0.00545695
-0.0522066
0.0113717
0.000290729
0.00015645
-5.276e-05
-0.000435571
-0.000175379
6.93158e-05
0.000381641
-0.00012468
3.46171e-05
-0.00106813
-0.05251
0.0116828
0.000616367
-0.000865899
-0.00012147
-0.00142268
-0.00142552
0.000460941
-0.000110994
6.58537e-05
-6.4705e-06
0.00674461
-0.047141
0.0110042
0.00666381
-0.0375193
0.00902403
0.00637381
-0.0279359
0.00708611
0.00588341
-0.0187579
0.00521504
0.00457604
-0.0112366
0.00329633
0.0032797
-0.00518617
0.00154497
-0.00434574
-0.0471138
0.0103882
-0.00434146
-0.0374518
0.00838551
-0.00422058
-0.0278693
0.00637944
-0.00375576
-0.0189035
0.00436475
-0.00298994
-0.0110048
0.00270033
-0.00218253
-0.00496885
0.000997639
0.0044613
-0.0477438
0.0109908
0.00439366
-0.0380891
0.00898331
0.00418471
-0.0284805
0.00695769
0.00374634
-0.0193087
0.00497537
0.00269043
-0.0114993
0.00298086
0.00176318
-0.00516501
0.00121021
-0.00664181
-0.047731
0.010393
-0.00660297
-0.038064
0.00842259
-0.00642649
-0.0284376
0.00648065
-0.00569983
-0.0194775
0.00468148
-0.0049313
-0.0114118
0.00299446
-0.00378708
-0.00520872
0.001383
0.00556112
-0.0426393
0.0100077
0.00542766
-0.0330015
0.00800294
0.00505775
-0.0235234
0.00605243
0.00420813
-0.0153798
0.00411974
0.00308522
-0.00806992
0.00225276
0.00200638
-0.0026163
0.000668987
-0.00544171
-0.0425991
0.00940268
-0.00534045
-0.0329354
0.00741373
-0.00494893
-0.0236467
0.00537764
-0.00423659
-0.0148235
0.00378126
-0.00340653
-0.00795993
0.0019894
-0.00210436
-0.00297675
0.000370256
-0.00107534
-0.0429088
0.00970701
-0.00108412
-0.0332236
0.00771235
-0.00108604
-0.0237148
0.0057833
-0.000981385
-0.0151149
0.0038218
-0.001101
-0.00795086
0.00214021
-0.000996851
-0.00259131
0.000708041
0.00116896
-0.0423072
0.00970787
0.00107505
-0.0326116
0.00773448
0.00100622
-0.0232005
0.00582687
0.00100147
-0.0145533
0.00390785
0.000698204
-0.00768726
0.00215276
0.000475204
-0.00246282
0.000684588
0.000357861
-0.000857744
0.000228683
-0.000320554
-0.000741523
0.000351917
7.32638e-05
-0.0522075
0.0116756
-0.00137604
-0.00112965
0.000166145
-1.69584e-05
0.000128662
-3.48183e-05
0.0011409
-0.000983874
7.04165e-05
0.00558549
-0.0474475
0.0109994
0.00551153
-0.0378111
0.00900672
0.00525893
-0.0282189
0.00702846
0.00482759
-0.019049
0.00508091
0.00357872
-0.0114297
0.00317508
0.0025689
-0.00517159
0.00140075
-0.00545537
-0.0474199
0.0103916
-0.00539488
-0.0377662
0.00840194
-0.00521484
-0.0281881
0.00641773
-0.00456989
-0.0191565
0.00457674
-0.00385804
-0.0112442
0.00283499
-0.00286148
-0.00512369
0.0011696
-0.00106187
-0.0477374
0.0106946
-0.0010951
-0.0380453
0.0087163
-0.00109969
-0.028408
0.0067327
-0.000972472
-0.0193249
0.0048722
-0.0010827
-0.0113316
0.00299355
-0.00112047
-0.00497057
0.00133888
0.0011882
-0.0471244
0.0106978
0.00113956
-0.0374705
0.00871197
0.00103224
-0.0278453
0.00675608
0.00101202
-0.0187871
0.0047883
0.000817566
-0.0109365
0.00300776
0.000578755
-0.00485021
0.00137744
0.000640488
-0.00159393
0.000345446
0.00297908
-0.0210609
0.00539349
