0.00668083
-0.0511815
0.0120306
-0.00426588
-0.0511671
0.0114266
-0.000287007
-0.000158751
-0.00010694
0.000255748
1.79502e-05
0.000114306
0.00437958
-0.0517715
0.0120228
-0.00656815
-0.0517795
0.0114361
-0.000232308
-2.50808e-05
0.000135062
0.000154896
-7.78852e-05
-9.84989e-05
0.00665038
-0.0417446
0.0100488
0.00648262
-0.0322364
0.00807379
0.00604288
-0.0228544
0.00619088
0.00516903
-0.0147971
0.00433429
0.00392037
-0.00786189
0.002391
0.00238848
-0.00283845
0.000887331
-0.00427083
-0.0416993
0.00944507
-0.00422862
-0.0321417
0.00743122
-0.00393575
-0.023031
0.00534108
-0.00330769
-0.0142698
0.00362567
-0.00256806
-0.00765505
0.00184958
-0.00158813
-0.00265718
0.000223843
0.00436141
-0.0423193
0.0100279
0.00422456
-0.0327786
0.00799653
0.00390292
-0.0233731
0.00598774
0.00322084
-0.0152252
0.00386035
0.00218059
-0.0079983
0.00209547
0.00120289
-0.00238353
0.000434906
-0.00657535
-0.0422887
0.00946157
-0.00648099
-0.0327406
0.00748959
-0.00599895
-0.0235924
0.00557172
-0.00527377
-0.0147878
0.00392081
-0.00439831
-0.00794016
0.00217608
-0.00264688
-0.00329585
0.000613905
0.00120721
-0.0511774
0.0117331
0.00131308
-0.00122796
0.000348668
0.00552086
-0.0514795
0.0120214
-0.00105146
-0.00103429
-7.18873e-05
-0.00538475
-0.0514757
0.0114324
0.000289579
0.000154653
-5.12589e-05
-0.000428833
-0.00017301
6.76924e-05
0.000375355
-0.00012312
3.33664e-05
-0.00107491
-0.0517703
0.0117347
0.000601303
-0.000850955
-0.000112864
-0.0014075
-0.00140522
0.00046072
-0.000111584
6.50315e-05
-5.24399e-06
0.00667386
-0.0464824
0.011043
0.00659357
-0.0369888
0.00905388
0.00630566
-0.027534
0.00710668
0.00581892
-0.0184825
0.00522613
0.00452565
-0.0110698
0.00330099
0.00324381
-0.00510846
0.00154683
-0.00426825
-0.0464553
0.0104445
-0.0042639
-0.0369218
0.00843302
-0.00414434
-0.027468
0.0064182
-0.00368526
-0.0186256
0.00439581
-0.0029304
-0.0108405
0.00272164
-0.00213765
-0.00489332
0.00101278
0.00438052
-0.0470677
0.0110297
0.00431334
-0.0375413
0.00901355
0.00410654
-0.0280617
0.00697955
0.00367401
-0.0190164
0.00498952
0.0026327
-0.0113186
0.00298988
0.00172198
-0.00508094
0.00121753
-0.00657434
-0.047055
0.0104493
-0.00653545
-0.0375166
0.00846981
-0.00635964
-0.0280199
0.00651836
-0.00563957
-0.0191838
0.0047088
-0.00487756
-0.0112342
0.0030118
-0.00374405
-0.00512714
0.00139196
0.00548565
-0.0420358
0.0100421
0.00535331
-0.0325265
0.00802845
0.0049869
-0.0231769
0.00606912
0.00414735
-0.0151484
0.00412852
0.00303889
-0.00794477
0.00225713
0.00197623
-0.00257424
0.000671748
-0.00536959
-0.041996
0.00945452
-0.005269
-0.0324613
0.00745647
-0.0048814
-0.0232989
0.00541197
-0.00417704
-0.0145997
0.00380394
-0.00335752
-0.007837
0.00200401
-0.00207437
-0.00292899
0.000380339
-0.00108201
-0.0422968
0.00975015
-0.00109025
-0.0327407
0.00774646
-0.00109121
-0.0233613
0.00580827
-0.000986012
-0.0148814
0.00383911
-0.00110085
-0.00782442
0.00215009
-0.000993309
-0.00254967
0.000713394
0.00117245
-0.0417127
0.00975104
0.00107901
-0.0321463
0.0077687
0.00101024
-0.0228628
0.00585149
0.00100405
-0.0143376
0.00392452
0.000702463
-0.0075717
0.00216272
0.000478828
-0.00242452
0.000689183
0.000359981
-0.000843133
0.000230188
-0.000322058
-0.000729424
0.000353428
7.14725e-05
-0.0514766
0.0117275
-0.00135664
-0.00111094
0.000168641
-1.70248e-05
0.000126951
-3.52322e-05
0.00112356
-0.000967493
7.40415e-05
0.00550985
-0.0467801
0.0110382
0.00543644
-0.0372719
0.00903672
0.00518606
-0.0278083
0.00704951
0.0047593
-0.0187647
0.00509329
0.00352567
-0.0112548
0.00318105
0.00253007
-0.00509028
0.00140428
-0.00538319
-0.0467527
0.010448
-0.00532304
-0.0372274
0.00844925
-0.00514452
-0.0277781
0.00645594
-0.00450641
-0.0188711
0.00460511
-0.00380313
-0.0110725
0.00285386
-0.00282016
-0.00504345
0.00118093
-0.00106868
-0.0470614
0.0107422
-0.0011015
-0.0374979
0.00875499
-0.0011053
-0.0279901
0.00676231
-0.000978378
-0.0190327
0.00489223
-0.0010846
-0.0111539
0.00300643
-0.00111781
-0.00489063
0.00134658
0.00119158
-0.0464659
0.0107454
0.00114323
-0.0369404
0.00875066
0.00103638
-0.0274443
0.00678565
0.00101531
-0.0185106
0.00480959
0.000821564
-0.0107733
0.00302089
0.000583027
-0.00477665
0.00138453
0.000624273
-0.00156775
0.00034958
0.00292361
-0.0207456
0.00541009
