0.00610113
-0.0455445
0.0121889
-0.00366133
-0.045531
0.0117251
-0.000246618
-0.000136498
-9.57095e-05
0.000233599
1.30714e-05
0.000107306
0.00375355
-0.045995
0.0121816
-0.00601027
-0.0460025
0.0117338
-0.000212643
-2.53953e-05
0.000125785
0.000126357
-6.30679e-05
-8.68146e-05
0.0060729
-0.0371272
0.010166
0.00591688
-0.0286467
0.00814723
0.00551193
-0.0202847
0.00621702
0.0047122
-0.0131323
0.00431699
0.00357762
-0.00697619
0.00237621
0.00218563
-0.00252098
0.000875011
-0.0036653
-0.0370853
0.00970186
-0.00362836
-0.0285591
0.00764619
-0.00336924
-0.0204416
0.00552343
-0.00281318
-0.0126549
0.00375662
-0.00217375
-0.00678575
0.00194745
-0.0013414
-0.002347
0.000316686
0.00373668
-0.0375635
0.010147
0.00361237
-0.0290534
0.00807685
0.00332524
-0.0206763
0.00603359
0.00272707
-0.0134313
0.00389347
0.00181486
-0.00703316
0.002116
0.000984423
-0.00208902
0.000480432
-0.00601617
-0.0375361
0.00971697
-0.00592551
-0.0290219
0.00769876
-0.0054816
-0.0208785
0.00573029
-0.00481691
-0.0130476
0.00402048
-0.00400663
-0.00699851
0.00223527
-0.00241673
-0.00291875
0.00064748
0.00121928
-0.0455406
0.0119612
0.00120691
-0.00109209
0.000345265
0.00491873
-0.0457725
0.0121803
-0.000892506
-0.000903897
-1.51506e-05
-0.00480571
-0.045769
0.0117304
0.000278156
0.000140353
-4.06073e-05
-0.000378499
-0.000155213
5.59404e-05
0.000328821
-0.000111444
2.44407e-05
-0.00111003
-0.0459939
0.0119626
0.000493544
-0.000743417
-5.47183e-05
-0.0012885
-0.00125501
0.000452917
-0.000114027
5.85188e-05
2.93683e-06
0.00609466
-0.0413535
0.0111811
0.00602023
-0.0328848
0.00914952
0.00575339
-0.0244546
0.00715792
0.00530142
-0.0163984
0.00523221
0.00412765
-0.00982175
0.00328626
0.00296277
-0.00453445
0.00153644
-0.0036632
-0.0413284
0.0107222
-0.00365933
-0.0328228
0.00866903
-0.00355399
-0.0243931
0.00661328
-0.00314721
-0.0165208
0.00455902
-0.002485
-0.00961203
0.00283414
-0.00180702
-0.00433516
0.00110256
0.0037544
-0.0417995
0.0111688
0.00369271
-0.0333009
0.00911309
0.00350715
-0.0248506
0.0070427
0.00312619
-0.0168022
0.00502145
0.00220591
-0.00996676
0.0030106
0.00142319
-0.00446092
0.00124888
-0.00601585
-0.0417882
0.0107265
-0.00597785
-0.03328
0.00870248
-0.00581119
-0.0248171
0.00670339
-0.00515252
-0.0169569
0.00483938
-0.0044493
-0.00990545
0.00309189
-0.00340638
-0.00452311
0.00143424
0.00488621
-0.0373487
0.0101599
0.00476531
-0.0288669
0.00810475
0.00443174
-0.0205364
0.00610547
0.00367781
-0.013403
0.00413256
0.00268748
-0.00701473
0.00225446
0.00174934
-0.00226744
0.000679672
-0.0047917
-0.0373125
0.0097103
-0.00469902
-0.0288088
0.00766804
-0.00434836
-0.0206463
0.00558606
-0.00371397
-0.0129161
0.00391232
-0.0029816
-0.00692249
0.00207796
-0.0018465
-0.00257807
0.000443154
-0.00111604
-0.037543
0.00993698
-0.00111948
-0.02902
0.00789036
-0.00111321
-0.0206675
0.00590864
-0.00100576
-0.0131248
0.00390889
-0.00108537
-0.00688571
0.00218832
-0.000956649
-0.0022448
0.000739308
0.00118679
-0.0370976
0.00993811
0.00109799
-0.0285637
0.00791323
0.00102943
-0.0202912
0.00594868
0.00101156
-0.0127168
0.00398828
0.000724591
-0.00671389
0.00220142
0.00049794
-0.00214556
0.000710246
0.000369806
-0.000738815
0.000236682
-0.00032785
-0.000642575
0.000358577
5.95476e-05
-0.0457698
0.011956
-0.00120964
-0.000975056
0.000182976
-1.72948e-05
0.000113586
-3.75685e-05
0.000993849
-0.000849461
9.62095e-05
0.00490852
-0.0415811
0.0111766
0.00484107
-0.0330988
0.00913387
0.00461237
-0.0246609
0.00710524
0.00422652
-0.0166123
0.00511066
0.00312047
-0.0099459
0.00317731
0.00223708
-0.00449034
0.00140734
-0.00480432
-0.041556
0.0107253
-0.00474856
-0.033059
0.00868299
-0.00458582
-0.024635
0.0066459
-0.0040095
-0.0167088
0.00474498
-0.00337914
-0.00978769
0.00294717
-0.00250504
-0.00445029
0.00124236
-0.00110414
-0.0417938
0.01095
-0.00113286
-0.0332615
0.00892072
-0.0011303
-0.0247869
0.00688497
-0.00100753
-0.0168196
0.00496797
-0.00108342
-0.00982568
0.00305487
-0.00108522
-0.00430124
0.00138008
0.00120471
-0.0413382
0.0109533
0.00115937
-0.0328401
0.00891639
0.00105678
-0.0243723
0.00690776
0.00102837
-0.016418
0.00489586
0.000841195
-0.00955432
0.00307094
0.000605942
-0.00423448
0.00141347
0.000507909
-0.00137816
0.000371569
0.0025015
-0.0183511
0.00545438
