0.00600649
-0.0446593
0.0121906
-0.00356604
-0.044646
0.0117495
-0.000240648
-0.000133226
-9.39861e-05
0.000230146
1.23486e-05
0.00010615
0.00365567
-0.0450873
0.0121835
-0.00591829
-0.0450947
0.0117581
-0.000209564
-2.54015e-05
0.000124277
0.000122263
-6.09576e-05
-8.50677e-05
0.00597873
-0.0364056
0.0101648
0.00582501
-0.02809
0.0081427
0.0054264
-0.0198905
0.00620867
0.00463941
-0.0128795
0.00430561
0.00352368
-0.00684354
0.00236896
0.00215386
-0.00247415
0.000871235
-0.00356991
-0.0363644
0.00972317
-0.00353413
-0.0280037
0.00766439
-0.00328121
-0.0200438
0.00554017
-0.00273762
-0.0124104
0.0037685
-0.00211456
-0.0066555
0.00195757
-0.00130491
-0.00230123
0.000328887
0.00363909
-0.0368198
0.0101462
0.00351723
-0.0284751
0.00807359
0.00323633
-0.0202621
0.00602868
0.00265223
-0.0131586
0.00389046
0.00176076
-0.00688856
0.00211434
0.00095269
-0.00204577
0.000485446
-0.00592401
-0.0367929
0.00973796
-0.00583429
-0.0284447
0.00771585
-0.00539747
-0.0204612
0.00574285
-0.00474352
-0.0127838
0.00402708
-0.00394457
-0.00685725
0.00223923
-0.0023805
-0.00286246
0.000650759
0.00121954
-0.0446555
0.0119743
0.00119025
-0.00107223
0.000343922
0.00482261
-0.044876
0.0121822
-0.000869089
-0.000884924
-7.38521e-06
-0.00471249
-0.0448725
0.0117547
0.000276051
0.000138073
-3.90782e-05
-0.000370918
-0.000152522
5.42212e-05
0.000321874
-0.00010969
2.31495e-05
-0.00111319
-0.0450863
0.0119756
0.000477974
-0.00072783
-4.68082e-05
-0.00126981
-0.00123263
0.000450904
-0.000114125
5.74841e-05
4.03379e-06
0.00600013
-0.0405498
0.0111814
0.00592688
-0.0322457
0.0091467
0.00566403
-0.0239793
0.00715172
0.00521838
-0.0160806
0.00522263
0.0040647
-0.00963362
0.00327724
0.00291869
-0.00444906
0.00153152
-0.00356784
-0.0405251
0.010745
-0.0035642
-0.0321845
0.0086888
-0.00346167
-0.0239185
0.00663012
-0.0030642
-0.0161994
0.00457449
-0.00241759
-0.00942692
0.00284487
-0.00175777
-0.00425206
0.00111297
0.00365651
-0.0409734
0.0111693
0.00359595
-0.03264
0.00911101
0.00341437
-0.0243544
0.00703863
0.00304235
-0.0164641
0.00501621
0.00214211
-0.00976286
0.00300735
0.00137939
-0.0043687
0.00125039
-0.00592376
-0.0409623
0.0107493
-0.00588608
-0.0326197
0.00872157
-0.00572143
-0.0243223
0.00671838
-0.00507384
-0.0166166
0.0048492
-0.00438096
-0.009705
0.00309732
-0.00335323
-0.00443295
0.00143728
0.00479063
-0.0366159
0.0101588
0.00467192
-0.0282989
0.00810076
0.00434428
-0.020131
0.00609894
0.0036048
-0.0131377
0.00412475
0.00263378
-0.0068754
0.0022492
0.00171494
-0.00222235
0.000679109
-0.00469874
-0.0365804
0.00973138
-0.00460769
-0.0282421
0.00768561
-0.00426375
-0.0202386
0.00560134
-0.00364146
-0.0126609
0.00392048
-0.00292351
-0.00678536
0.00208439
-0.0018116
-0.0025261
0.000450944
-0.00111898
-0.0367996
0.00994699
-0.00112159
-0.0284426
0.00789714
-0.00111423
-0.0202538
0.00591215
-0.0010067
-0.0128584
0.00391137
-0.00108105
-0.00674518
0.00218926
-0.000949718
-0.00219982
0.000741294
0.0011875
-0.0363765
0.00994817
0.00109954
-0.0280082
0.0079201
0.00103097
-0.0198966
0.00595164
0.00101118
-0.0124714
0.00398967
0.000726677
-0.0065856
0.00220241
0.000499766
-0.00210465
0.000711618
0.000370479
-0.000723835
0.000237013
-0.000327973
-0.000630028
0.000358513
5.80268e-05
-0.0448733
0.0119691
-0.0011872
-0.000955182
0.000184557
-1.73031e-05
0.000111488
-3.78169e-05
0.000974297
-0.00083234
9.88631e-05
0.00481256
-0.0407661
0.011177
0.00474629
-0.0324487
0.00913133
0.00452161
-0.0241749
0.00709986
0.00414292
-0.0162839
0.00510303
0.00305813
-0.00974846
0.00317012
0.00219253
-0.00440113
0.00140458
-0.00471114
-0.0407415
0.0107481
-0.00465632
-0.0324096
0.00870232
-0.00449662
-0.0241496
0.00666182
-0.00393123
-0.0163785
0.00475644
-0.00331319
-0.0095939
0.00295485
-0.00245661
-0.0043619
0.00124851
-0.00110735
-0.0409679
0.0109616
-0.00113531
-0.0326013
0.00892916
-0.00113172
-0.0242922
0.0068902
-0.00100986
-0.0164817
0.0049694
-0.00108111
-0.00962553
0.00305569
-0.00107856
-0.00421363
0.00138187
0.00120517
-0.0405347
0.0109649
0.00116039
-0.0322017
0.00892484
0.00105856
-0.0238983
0.00691289
0.00102886
-0.0160989
0.00489906
0.000842845
-0.00937088
0.00307197
0.000608221
-0.004154
0.00141457
0.000491035
-0.0013505
0.000373655
0.00243666
-0.0179846
0.00545023
