0.00590899
-0.0437551
0.0121871
-0.00346859
-0.0437419
0.0117693
-0.000234637
-0.000129936
-9.2235e-05
0.000226625
1.162e-05
0.000104958
0.00355578
-0.0441599
0.0121801
-0.00582329
-0.0441672
0.0117777
-0.000206421
-2.53978e-05
0.000122725
0.000118171
-5.88528e-05
-8.33044e-05
0.00588173
-0.0356694
0.010159
0.00573048
-0.0275229
0.00813438
0.00533855
-0.0194901
0.00619728
0.00456482
-0.0126234
0.00429198
0.00346859
-0.00670959
0.00236043
0.00212145
-0.00242705
0.000866953
-0.00347236
-0.0356289
0.00974058
-0.00343786
-0.0274379
0.00767944
-0.00319148
-0.0196396
0.00555455
-0.00266091
-0.0121629
0.00377866
-0.00205472
-0.00652395
0.00196672
-0.00126817
-0.00225519
0.000340807
0.00353952
-0.0360607
0.0101408
0.00342027
-0.027886
0.00806661
0.00314593
-0.0198412
0.00602088
0.00257642
-0.0128822
0.00388549
0.00170628
-0.00674252
0.00211151
0.000920881
-0.0020023
0.000490072
-0.00582883
-0.0360345
0.00975505
-0.00574016
-0.0278568
0.0077297
-0.00531085
-0.020037
0.00575286
-0.00466817
-0.0125165
0.00403175
-0.00388105
-0.00671452
0.00224207
-0.00234347
-0.00280566
0.000653653
0.00121944
-0.0437514
0.0119824
0.00117324
-0.00105229
0.000342363
0.00472406
-0.0439602
0.0121788
-0.00084553
-0.000865903
2.85123e-07
-0.00461671
-0.0439568
0.0117744
0.00027383
0.000135735
-3.75496e-05
-0.00036325
-0.000149797
5.2495e-05
0.000314863
-0.000107917
2.18559e-05
-0.00111585
-0.0441589
0.0119837
0.000462388
-0.000712217
-3.90135e-05
-0.00125072
-0.00121006
0.000448669
-0.00011416
5.64246e-05
5.11047e-06
0.00590275
-0.0397293
0.0111768
0.00583077
-0.0315941
0.00913972
0.00557215
-0.0234958
0.00714211
0.00513317
-0.0157582
0.00521043
0.00400033
-0.00944335
0.00326648
0.00287369
-0.00436298
0.00152573
-0.00347032
-0.039705
0.0107636
-0.00346695
-0.0315339
0.00870506
-0.00336742
-0.0234357
0.00664418
-0.00297974
-0.0158734
0.00458799
-0.00234932
-0.0092397
0.00285424
-0.00170808
-0.00416828
0.00112277
0.00355662
-0.0401298
0.0111649
0.00349727
-0.031966
0.00910479
0.00331991
-0.0238496
0.00703126
0.00295722
-0.016121
0.0050085
0.0020777
-0.00955658
0.00300252
0.00133539
-0.00427572
0.00125114
-0.00582866
-0.040119
0.0107677
-0.00579134
-0.0319465
0.0087371
-0.00562888
-0.0238189
0.0067305
-0.00499295
-0.0162712
0.0048568
-0.00431091
-0.0095022
0.00310122
-0.00329892
-0.00434196
0.00143956
0.00469267
-0.0358682
0.0101532
0.00457628
-0.0277204
0.00809301
0.00425488
-0.0197191
0.00608944
0.00353039
-0.0128687
0.00411483
0.0025793
-0.0067347
0.00224271
0.00168009
-0.00217704
0.000678114
-0.00460325
-0.0358334
0.00974856
-0.00451395
-0.0276648
0.00769997
-0.00417709
-0.0198243
0.00561421
-0.00356744
-0.0124024
0.00392678
-0.00286438
-0.00664682
0.00208977
-0.00177617
-0.00247377
0.000458428
-0.00112141
-0.036041
0.00995277
-0.00112316
-0.0278543
0.00790045
-0.00111469
-0.0198334
0.00591293
-0.00100715
-0.0125885
0.00391196
-0.0010762
-0.00660325
0.00218905
-0.000942366
-0.00215456
0.000742844
0.00118787
-0.0356408
0.009954
0.00110082
-0.0274426
0.00792349
0.00103222
-0.0194958
0.00595183
0.00101045
-0.012223
0.00398912
0.000728497
-0.00645609
0.00220226
0.000501364
-0.00206357
0.000712577
0.000370967
-0.000708871
0.000237194
-0.000327917
-0.000617469
0.000358247
5.65697e-05
-0.0439576
0.0119773
-0.00116443
-0.00093523
0.00018602
-1.73032e-05
0.000109345
-3.80431e-05
0.000954522
-0.000815189
0.00010138
0.0047142
-0.039934
0.0111725
0.00464918
-0.0317857
0.00912464
0.00442875
-0.0236803
0.00709111
0.00405755
-0.0159507
0.00509285
0.00299477
-0.00954871
0.00316126
0.00214738
-0.0043112
0.00140101
-0.0046154
-0.0399098
0.0107666
-0.00456159
-0.0317476
0.0087181
-0.00440515
-0.0236557
0.0066749
-0.00385121
-0.0160434
0.00476574
-0.00324596
-0.00939785
0.0029611
-0.00240738
-0.00427275
0.00125399
-0.00111007
-0.0401244
0.0109686
-0.00113723
-0.0319282
0.00893374
-0.00113258
-0.0237888
0.00689233
-0.00101172
-0.0161387
0.00496847
-0.00107826
-0.00942309
0.00305498
-0.00107139
-0.0041253
0.00138289
0.0012053
-0.0397145
0.0109719
0.00116111
-0.0315508
0.00892944
0.00106007
-0.0234162
0.0069149
0.00102903
-0.0157752
0.00489995
0.000844213
-0.00918542
0.00307146
0.000610251
-0.00407291
0.00141491
0.000474127
-0.00132275
0.000375469
0.00237076
-0.0176125
0.00544342
