0.00580867
-0.0428323
0.0121783
-0.00336902
-0.0428193
0.0117844
-0.000228587
-0.00012663
-9.04567e-05
0.000223039
1.08857e-05
0.000103728
0.00345394
-0.0432133
0.0121714
-0.00572532
-0.0432205
0.0117927
-0.000203217
-2.53841e-05
0.00012113
0.000114083
-5.67542e-05
-8.15255e-05
0.00578195
-0.0349189
0.0101487
0.00563332
-0.0269458
0.00812225
0.00524842
-0.0190836
0.00618284
0.00448849
-0.0123641
0.00427612
0.00341235
-0.00657438
0.00235061
0.0020884
-0.00237969
0.000862164
-0.0033727
-0.0348791
0.0097541
-0.00333959
-0.0268622
0.00769132
-0.0031001
-0.0192292
0.00556658
-0.00258309
-0.0119124
0.0037871
-0.00199426
-0.00639115
0.00197489
-0.00123119
-0.00220888
0.000352444
0.00343802
-0.0352867
0.0101309
0.00332155
-0.0272862
0.00805589
0.00305408
-0.0194138
0.00601018
0.00249966
-0.0126022
0.00387856
0.00165144
-0.00659507
0.00210752
0.000889008
-0.00195862
0.000494307
-0.00573069
-0.0352612
0.0097682
-0.00564316
-0.0272582
0.00774032
-0.00522177
-0.0196062
0.00576033
-0.00459089
-0.012246
0.00403451
-0.0038161
-0.00657037
0.00224378
-0.00230567
-0.00274836
0.000656164
0.00121899
-0.0428286
0.0119855
0.00115589
-0.00103229
0.000340587
0.00462314
-0.0430254
0.0121702
-0.000821837
-0.00084684
7.85929e-06
-0.00451841
-0.0430221
0.0117894
0.000271495
0.000133342
-3.60221e-05
-0.000355499
-0.000147041
5.07626e-05
0.000307792
-0.000106126
2.05603e-05
-0.00111801
-0.0432124
0.0119868
0.000446792
-0.00069658
-3.1337e-05
-0.00123125
-0.00118729
0.000446214
-0.00011413
5.53409e-05
6.1665e-06
0.00580256
-0.0388923
0.0111673
0.00573194
-0.0309303
0.00912855
0.00547779
-0.0230043
0.00712908
0.00504582
-0.0154314
0.00519559
0.00393455
-0.00925099
0.00325398
0.0028278
-0.00427624
0.00151908
-0.00337068
-0.0388684
0.010778
-0.00336763
-0.0308712
0.00871779
-0.00327131
-0.022945
0.00665546
-0.00289386
-0.0155429
0.0045995
-0.0022802
-0.00905045
0.00286227
-0.00165796
-0.00408383
0.00113194
0.00345477
-0.0392691
0.0111557
0.00339672
-0.0312792
0.00909445
0.00322381
-0.0233362
0.00702058
0.00287085
-0.015773
0.00499832
0.00201271
-0.00934798
0.00299613
0.0012912
-0.00418201
0.00125113
-0.00573057
-0.0392586
0.010782
-0.00569368
-0.0312605
0.00874905
-0.00553358
-0.023307
0.00673972
-0.00490988
-0.0159208
0.00486217
-0.00423917
-0.00929712
0.00310361
-0.00324346
-0.00425017
0.00144109
0.00459238
-0.0351058
0.010143
0.00447844
-0.0271316
0.00808149
0.00416359
-0.0193008
0.00607699
0.00345463
-0.0125963
0.0041028
0.00252404
-0.00659265
0.00223499
0.00164481
-0.00213151
0.000676689
-0.00450526
-0.0350718
0.00976182
-0.00441784
-0.0270773
0.00771113
-0.00408842
-0.0194035
0.00562465
-0.00349193
-0.0121406
0.00393124
-0.00280424
-0.00650692
0.00209412
-0.00174022
-0.00242108
0.000465606
-0.00112333
-0.0352674
0.00995433
-0.00112419
-0.0272555
0.00790027
-0.0011146
-0.0194065
0.00591098
-0.00100712
-0.0123151
0.00391065
-0.00107082
-0.00645999
0.0021877
-0.000934595
-0.00210902
0.000743958
0.00118792
-0.0348908
0.00995561
0.00110181
-0.0268669
0.00792339
0.00103317
-0.0190888
0.00594927
0.00100937
-0.0119715
0.00398663
0.000730051
-0.00632541
0.00220097
0.000502736
-0.00202232
0.000713123
0.000371272
-0.000693926
0.000237224
-0.000327681
-0.000604902
0.000357779
5.51799e-05
-0.0430228
0.0119805
-0.00114135
-0.000915206
0.000187366
-1.72949e-05
0.000107159
-3.82467e-05
0.000934531
-0.000798012
0.00010376
0.00461347
-0.039085
0.0111631
0.00454979
-0.0311103
0.00911378
0.00433383
-0.0231775
0.00707898
0.00397045
-0.0156128
0.00508012
0.00293042
-0.00934672
0.00315072
0.00210163
-0.00422057
0.00139663
-0.00451714
-0.0390614
0.0107809
-0.00446442
-0.031073
0.00873032
-0.00431143
-0.0231535
0.00668515
-0.00376947
-0.0157035
0.0047729
-0.00317749
-0.00919961
0.00296593
-0.00235738
-0.00418286
0.0012588
-0.00111231
-0.0392638
0.010971
-0.00113861
-0.0312423
0.00893446
-0.00113288
-0.023277
0.00689135
-0.0010131
-0.0157909
0.00496516
-0.00107486
-0.00921841
0.00305273
-0.00106372
-0.00403629
0.00138316
0.00120508
-0.0388777
0.0109744
0.00116153
-0.0308879
0.00893019
0.00106131
-0.0229261
0.00691381
0.00102886
-0.015447
0.00489854
0.000845299
-0.008998
0.00306941
0.000612033
-0.00399123
0.00141448
0.000457194
-0.00129491
0.000377011
0.00230384
-0.0172348
0.00543398
