0.00640351
-0.0677237
0.00261866
-0.00580396
-0.0677506
0.000567642
-0.000582028
-0.000326816
-0.000173316
0.000364439
5.41203e-05
0.000130587
0.00621304
-0.0697919
0.00262221
-0.00599905
-0.0697886
0.000554052
-0.00032613
-1.64919e-05
0.000157785
0.000407968
-0.000224587
-0.000167381
0.00646514
-0.0573177
0.00245423
0.00662736
-0.0467525
0.00225935
0.00671772
-0.0356362
0.00201951
0.00626803
-0.024345
0.00178608
0.00519412
-0.013742
0.00116177
0.00327028
-0.00521127
0.000551914
-0.00582796
-0.057358
0.000417243
-0.00594992
-0.0467447
0.000264338
-0.00605344
-0.0355907
1.39712e-05
-0.00584407
-0.0239169
-0.000207431
-0.00508338
-0.0133922
-0.000467207
-0.00338983
-0.00494799
-0.000995233
0.00624781
-0.0593918
0.00247523
0.00636797
-0.0487997
0.0022907
0.0063945
-0.0375614
0.00197024
0.00594909
-0.026154
0.00142324
0.00482488
-0.0149789
0.000782525
0.00297975
-0.00498167
-0.000240358
-0.00604181
-0.0594098
0.000385659
-0.00623402
-0.0487596
0.000218008
-0.00636545
-0.0375379
6.71948e-05
-0.00620477
-0.0257757
-1.21959e-05
-0.00570399
-0.0146195
-5.35692e-05
-0.00358259
-0.00618124
-0.000243994
0.00029232
-0.0677389
0.00158153
0.00178322
-0.0023123
0.000206371
0.00631083
-0.0687571
0.00262225
-0.00224607
-0.00209142
-0.000713292
-0.00592319
-0.0687656
0.000557451
0.000233959
0.000210159
-0.00013338
-0.000750888
-0.000283605
0.000146423
0.000699552
-0.000209925
0.000122345
0.000102045
-0.0697966
0.00158124
0.00149246
-0.00191652
-0.000647633
-0.00193908
-0.00262738
0.000201505
-1.45354e-05
7.26748e-05
-9.56844e-05
0.00642019
-0.0625094
0.00253779
0.00653929
-0.0520827
0.00236344
0.0067034
-0.0412773
0.00214364
0.00668478
-0.0298119
0.00192174
0.00579415
-0.0188527
0.00146992
0.00439309
-0.00914096
0.000802058
-0.00580757
-0.0625505
0.000485805
-0.00587577
-0.0521052
0.000348362
-0.00602697
-0.0412206
0.000160919
-0.00602588
-0.0298748
-0.00012541
-0.00553179
-0.018529
-0.000322999
-0.00440526
-0.00877804
-0.000681367
0.00621592
-0.0645825
0.00255114
0.00630304
-0.0541568
0.00239396
0.00640541
-0.0432783
0.00215422
0.00628974
-0.0317295
0.00177286
0.00543591
-0.0204074
0.0011644
0.00403023
-0.00990527
0.000288113
-0.00600591
-0.0645974
0.000471424
-0.00612598
-0.0541491
0.000301907
-0.00635184
-0.0432014
0.000131859
-0.00634121
-0.0317832
-2.78496e-06
-0.00603012
-0.020107
-3.71418e-05
-0.00506513
-0.00966036
-0.000109161
0.00635743
-0.0583553
0.00245963
0.00645871
-0.0477734
0.00228167
0.00650083
-0.0366297
0.00201509
0.00597929
-0.0253779
0.00164903
0.0049242
-0.0144002
0.00104452
0.00332434
-0.00509749
0.000289358
-0.00595152
-0.0583824
0.000400765
-0.00607064
-0.0477538
0.00024826
-0.00612637
-0.0365791
3.17191e-05
-0.00586117
-0.0248863
-4.93681e-05
-0.00512099
-0.0141219
-0.000200045
-0.00331964
-0.00561448
-0.000609781
0.000112051
-0.0594137
0.0014272
9.85195e-05
-0.0488016
0.00125545
1.28865e-06
-0.0375319
0.00103967
-5.82467e-05
-0.0258963
0.000715754
-0.000453407
-0.0146406
0.000395306
-0.000750024
-0.00514235
-1.27106e-05
0.000327316
-0.0573553
0.00142843
0.000353143
-0.0467785
0.00125709
0.000310146
-0.0355999
0.00105118
0.000304174
-0.0239961
0.000766951
8.13303e-05
-0.0133426
0.000405589
-1.57361e-05
-0.004587
5.32915e-05
2.2758e-05
-0.00176105
3.69457e-05
-5.14348e-05
-0.00164599
0.000101855
0.000193006
-0.0687623
0.00158764
-0.00219465
-0.00225342
-0.00013466
-1.66739e-05
0.000170205
1.36093e-05
0.00193733
-0.00206032
-0.000159595
0.00632654
-0.0635444
0.00253809
0.00640634
-0.0531211
0.00237722
0.00650784
-0.0422885
0.00215779
0.00641581
-0.0308191
0.00185432
0.00547705
-0.0196964
0.0013869
0.00420944
-0.0095508
0.00065406
-0.00592541
-0.0635767
0.000476852
-0.00600766
-0.0531254
0.000328303
-0.00613026
-0.0422264
0.000155068
-0.00603596
-0.0308027
-3.28692e-05
-0.0055755
-0.0193842
-0.000137151
-0.00443243
-0.00937286
-0.000335431
9.87508e-05
-0.0645919
0.00150711
0.000119762
-0.054182
0.00134488
6.12009e-05
-0.0432611
0.00115088
1.23788e-05
-0.0317157
0.000928462
-0.000259002
-0.0201531
0.000595605
-0.000696049
-0.00949316
0.000152822
0.000309722
-0.0625381
0.00150578
0.000340739
-0.0521158
0.00134798
0.00033707
-0.041265
0.00115719
0.000305051
-0.0298498
0.000882521
0.000170953
-0.018521
0.000589676
4.40412e-06
-0.00864671
0.000227516
0.00156892
-0.00329983
-3.61521e-05
0.00480304
-0.0338628
0.00166378
