0.0055998
-0.0409325
0.0121448
-0.00316376
-0.04092
0.0118009
-0.000216377
-0.000119969
-8.68198e-05
0.000215673
9.40133e-06
0.000101161
0.00324463
-0.041264
0.0121382
-0.00552065
-0.041271
0.0118087
-0.000196625
-2.53264e-05
0.000117812
0.000105925
-5.25764e-05
-7.79228e-05
0.00557426
-0.0333762
0.0101145
0.00543133
-0.0257624
0.00808659
0.00506147
-0.018253
0.00614485
0.00433066
-0.011836
0.00423771
0.00329653
-0.00630033
0.00232713
0.00202045
-0.00228422
0.000851085
-0.00316729
-0.033338
0.00976939
-0.00313726
-0.0256817
0.00770556
-0.00291253
-0.0183902
0.00558356
-0.00242422
-0.0114029
0.00379882
-0.00187155
-0.00612193
0.00198831
-0.00115652
-0.0021155
0.00037487
0.00322948
-0.0336952
0.0100976
0.00311903
-0.0260559
0.00802326
0.00286625
-0.0185399
0.0059801
0.00234347
-0.0120316
0.00385884
0.00154077
-0.00629608
0.00209606
0.000825102
-0.00187066
0.000501609
-0.00552567
-0.0336711
0.00978268
-0.00544076
-0.0260304
0.00775183
-0.00503642
-0.0187249
0.00576763
-0.00443066
-0.0116951
0.00403429
-0.00368199
-0.00627793
0.00224384
-0.00222777
-0.00263231
0.000660045
0.00121702
-0.040929
0.0119768
0.00112019
-0.000992103
0.000336396
0.00441439
-0.0411007
0.012137
-0.00077407
-0.0008086
2.27186e-05
-0.00431446
-0.0410976
0.0118056
0.000266482
0.000128389
-3.29716e-05
-0.000339754
-0.000141435
4.72819e-05
0.000293474
-0.000102491
1.79644e-05
-0.00112082
-0.0412631
0.011978
0.000415586
-0.000665239
-1.63447e-05
-0.00119115
-0.00114121
0.000440654
-0.000113879
5.31032e-05
8.21585e-06
0.00559396
-0.0371702
0.0111334
0.00552631
-0.0295674
0.00909368
0.00528182
-0.0219979
0.00709278
0.00486484
-0.0147648
0.00515806
0.00379886
-0.00886023
0.00322382
0.00273337
-0.00410083
0.0015032
-0.00316527
-0.0371474
0.0107938
-0.00316299
-0.0295104
0.00873261
-0.00307364
-0.0219401
0.00666963
-0.00271799
-0.0148685
0.00461658
-0.00213955
-0.00866602
0.00287428
-0.00155652
-0.00391302
0.00114846
0.00324544
-0.0374977
0.0111224
0.00319026
-0.0298685
0.00906133
0.00302693
-0.0222846
0.00698929
0.00269453
-0.0150629
0.00497055
0.00188105
-0.00892404
0.00297865
0.00120231
-0.00399246
0.00124884
-0.00552566
-0.0374879
0.0107975
-0.00548974
-0.0298515
0.00876217
-0.00533491
-0.0222584
0.00674948
-0.00473737
-0.0152055
0.00486625
-0.00409071
-0.00888028
0.00310387
-0.0031292
-0.00406428
0.00144191
0.00438499
-0.0335384
0.010109
0.00427636
-0.0259238
0.00804715
0.0039755
-0.0184457
0.00604321
0.00329918
-0.0120411
0.00407243
0.00241129
-0.00630466
0.0022159
0.00157301
-0.00203983
0.000672551
-0.004302
-0.033506
0.00977655
-0.00421872
-0.0258722
0.00772382
-0.00390524
-0.0185431
0.00563826
-0.00333657
-0.0116078
0.00393465
-0.00268102
-0.00622319
0.0020997
-0.00166676
-0.00231469
0.000479047
-0.00112562
-0.0336768
0.0099447
-0.0011246
-0.0260271
0.00788943
-0.00111274
-0.0185338
0.00589888
-0.00100557
-0.0117585
0.0039024
-0.00105847
-0.00616955
0.0021816
-0.00091781
-0.00201717
0.000744887
0.00118705
-0.0333493
0.00994611
0.00110295
-0.0256866
0.00791273
0.00103421
-0.0182572
0.00593588
0.00100614
-0.0114599
0.00397583
0.000732359
-0.00606067
0.00219497
0.000504797
-0.00193934
0.000712987
0.000371331
-0.000664101
0.000236841
-0.00032667
-0.000579739
0.000356242
5.2612e-05
-0.0410983
0.011972
-0.00109425
-0.000874949
0.000189711
-1.72523e-05
0.000102658
-3.85863e-05
0.000893923
-0.000763583
0.000108106
0.00440513
-0.0373381
0.0111294
0.00434436
-0.0297231
0.00907957
0.00413802
-0.0221477
0.00704462
0.00379121
-0.0149236
0.00504703
0.00279882
-0.00893623
0.00312466
0.00200844
-0.0040373
0.00138547
-0.00431329
-0.0373156
0.0107965
-0.00426298
-0.0296878
0.00874404
-0.00411747
-0.022125
0.00669714
-0.00360098
-0.01501
0.00478078
-0.00303689
-0.00879674
0.00297133
-0.00225513
-0.00400095
0.00126645
-0.00111527
-0.0374928
0.010962
-0.00113974
-0.0298335
0.00892429
-0.00113179
-0.0222287
0.00688006
-0.00101441
-0.0150811
0.00495147
-0.00106643
-0.00880255
0.00304365
-0.00104688
-0.00385629
0.00138144
0.00120363
-0.0371563
0.0109654
0.00116142
-0.0295267
0.00892008
0.00106296
-0.0219227
0.00690227
0.00102753
-0.0147776
0.00488881
0.000846619
-0.00861746
0.00306071
0.00061485
-0.0038262
0.00141134
0.000423266
-0.00123898
0.000379279
0.00216708
-0.0164636
0.00540716
