0.00549136
-0.0399564
0.01212
-0.00305819
-0.0399441
0.011802
-0.000210219
-0.000116616
-8.49618e-05
0.000211895
8.6518e-06
9.9824e-05
0.0031373
-0.0402622
0.0121136
-0.00541406
-0.040269
0.0118097
-0.000193239
-2.5282e-05
0.000116089
0.000101855
-5.04971e-05
-7.60997e-05
0.00546647
-0.0325846
0.0100905
0.00532661
-0.0251565
0.00806306
0.00496474
-0.0178292
0.00612132
0.00424924
-0.0115673
0.0042152
0.00323697
-0.00616151
0.00231349
0.00198555
-0.00223611
0.000844804
-0.00306166
-0.0325473
0.00977113
-0.00303333
-0.0250774
0.0077079
-0.00281645
-0.0179618
0.00558851
-0.00234324
-0.0111439
0.00380211
-0.00180935
-0.00598554
0.00199357
-0.00111886
-0.00206844
0.00038566
0.00312256
-0.0328783
0.0100741
0.00301536
-0.0254257
0.00800134
0.00277036
-0.0180938
0.00596074
0.0022641
-0.0117412
0.00384607
0.00148497
-0.00614458
0.0020886
0.000793081
-0.00182638
0.000504679
-0.00541892
-0.032855
0.00978397
-0.00533546
-0.0254016
0.0077527
-0.00494023
-0.0182748
0.00576747
-0.00434778
-0.0114149
0.00403132
-0.00361288
-0.00612969
0.00224221
-0.0021877
-0.00257356
0.000661424
0.0012155
-0.039953
0.011965
0.00110185
-0.000971916
0.000333984
0.00430669
-0.0401117
0.0121124
-0.000750004
-0.000789422
3.00054e-05
-0.00420892
-0.0401087
0.0118066
0.000263808
0.000125832
-3.1449e-05
-0.000331763
-0.000138585
4.55346e-05
0.000286229
-0.000100648
1.66646e-05
-0.00112146
-0.0402613
0.0119661
0.000399979
-0.000649529
-9.0293e-06
-0.00117053
-0.00111789
0.000437555
-0.000113658
5.19506e-05
9.20916e-06
0.00548568
-0.036286
0.0111091
0.00541963
-0.0288688
0.00906997
0.00518031
-0.0214834
0.00706952
0.00477131
-0.0144253
0.00513539
0.003729
-0.00866189
0.00320617
0.00268486
-0.00401219
0.00149399
-0.00305963
-0.0362637
0.0107952
-0.0030578
-0.0288129
0.00873468
-0.0029722
-0.0214264
0.00667251
-0.00262809
-0.0145249
0.00462215
-0.00206807
-0.00847092
0.00287828
-0.00150522
-0.00382667
0.00115581
0.00313811
-0.0365879
0.0110983
0.00308447
-0.0291452
0.00903856
0.00292625
-0.0217467
0.00696868
0.00260466
-0.0147009
0.00495297
0.00181445
-0.00870877
0.00296757
0.00115762
-0.00389663
0.00124657
-0.00541895
-0.0365785
0.0107988
-0.00538359
-0.0291291
0.00876331
-0.00523165
-0.0217222
0.00675002
-0.00464799
-0.0148408
0.00486498
-0.00401406
-0.00866861
0.00310176
-0.00307042
-0.00397018
0.00144121
0.00427802
-0.0327341
0.0100852
0.00417224
-0.0253053
0.00802433
0.00387881
-0.0180092
0.00602191
0.00321955
-0.0117585
0.00405412
0.00235384
-0.00615876
0.00220453
0.0015365
-0.00199368
0.000669846
-0.00419686
-0.0327026
0.00977797
-0.00411582
-0.0252552
0.00772533
-0.00381081
-0.0181037
0.00564143
-0.00325678
-0.0113369
0.00393361
-0.00261798
-0.00607939
0.00210095
-0.00162929
-0.00226099
0.000485315
-0.00112598
-0.0328605
0.0099335
-0.00112398
-0.0253979
0.00787878
-0.00111097
-0.0180882
0.00588875
-0.00100406
-0.0114754
0.00389546
-0.0010515
-0.00602242
0.00217686
-0.000908801
-0.00197085
0.000744709
0.00118611
-0.0325583
0.00993498
0.00110309
-0.0250823
0.00790215
0.00103428
-0.0178328
0.00592506
0.00100399
-0.0111999
0.00396754
0.000733112
-0.00592662
0.00219029
0.000505488
-0.00189761
0.000712312
0.000371087
-0.000649216
0.000236431
-0.000325896
-0.000567135
0.000355177
5.14362e-05
-0.0401093
0.0119603
-0.00107024
-0.000854715
0.000190715
-1.72176e-05
0.000100347
-3.8722e-05
0.000873314
-0.000746327
0.000110075
0.00429766
-0.036441
0.0111052
0.00423844
-0.029012
0.00905622
0.00403723
-0.0216211
0.0070224
0.00369917
-0.0145724
0.00502669
0.00273162
-0.00872781
0.00310915
0.00196102
-0.00394467
0.0013787
-0.00420781
-0.0364191
0.0107978
-0.00415882
-0.0289777
0.00874552
-0.00401734
-0.0215991
0.00669886
-0.00351431
-0.0146566
0.00478151
-0.00296482
-0.00859219
0.00297192
-0.0022029
-0.00390894
0.00126929
-0.00111599
-0.0365831
0.0109505
-0.00113948
-0.0291112
0.00891339
-0.00113038
-0.0216926
0.00686976
-0.00101433
-0.0147193
0.0049411
-0.00106141
-0.00859145
0.00303684
-0.00103773
-0.0037653
0.00137945
0.00120239
-0.0362724
0.0109539
0.00116089
-0.028829
0.00890921
0.00106336
-0.0214099
0.00689183
0.00102636
-0.0144366
0.00488052
0.00084685
-0.00842441
0.00305408
0.000615884
-0.00374286
0.00140865
0.000406278
-0.00121089
0.000380009
0.0020973
-0.0160703
0.00538981
