0.00538034
-0.0389634
0.0120899
-0.00295077
-0.0389515
0.0117985
-0.000204025
-0.000113247
-8.30777e-05
0.000208055
7.89782e-06
9.84515e-05
0.00302828
-0.039243
0.0120836
-0.00530473
-0.0392497
0.0118059
-0.000189794
-2.52272e-05
0.000114326
9.77897e-05
-4.84238e-05
-7.42623e-05
0.00535613
-0.0317801
0.0100619
0.00521948
-0.0245415
0.00803575
0.00486591
-0.0173998
0.00609479
0.00416619
-0.0112957
0.00419051
0.00317635
-0.00602151
0.0022986
0.00195005
-0.00218774
0.000838037
-0.00295419
-0.0317437
0.00976891
-0.00292764
-0.0244639
0.00770705
-0.00271892
-0.0175277
0.00559109
-0.00226129
-0.0108821
0.00380369
-0.0017466
-0.00584797
0.00199787
-0.00108098
-0.00202112
0.000396173
0.00301399
-0.0320479
0.010046
0.00291016
-0.0247859
0.00797571
0.00267323
-0.0176416
0.00593851
0.00218392
-0.0114475
0.00383137
0.00142887
-0.00599175
0.00208001
0.000761018
-0.00178188
0.000507367
-0.00530942
-0.0320255
0.00978128
-0.00522752
-0.0247632
0.00775032
-0.00484176
-0.0178185
0.00576477
-0.00426309
-0.0111317
0.00402648
-0.00354242
-0.00598009
0.00223948
-0.00214688
-0.00251433
0.000662435
0.00121361
-0.0389602
0.0119481
0.00108318
-0.000951659
0.000331366
0.00419686
-0.0391056
0.0120825
-0.000725819
-0.000770201
3.71993e-05
-0.00410112
-0.0391026
0.0118029
0.000261022
0.000123221
-2.99283e-05
-0.000323694
-0.000135705
4.37833e-05
0.000278928
-9.87862e-05
1.53637e-05
-0.00112158
-0.0392422
0.0119492
0.00038437
-0.000633786
-1.83308e-06
-0.00114954
-0.00109438
0.000434247
-0.000113374
5.07763e-05
1.01818e-05
0.00537482
-0.0353869
0.0110798
0.00531046
-0.0281591
0.00904209
0.00507652
-0.0209616
0.00704288
0.0046758
-0.0140817
0.00511014
0.00365783
-0.0084616
0.00318684
0.0026355
-0.0039229
0.00148394
-0.00295214
-0.0353652
0.0107923
-0.00295079
-0.0281045
0.00873318
-0.00286912
-0.0209054
0.0066726
-0.00253695
-0.0141771
0.00462573
-0.00199586
-0.00827391
0.00288095
-0.00145356
-0.00373969
0.00116255
0.00302908
-0.0356626
0.0110693
0.00297707
-0.0284103
0.00901166
0.00282417
-0.0212011
0.00694479
0.00251373
-0.0143345
0.00493296
0.00174735
-0.00849134
0.00295496
0.00111279
-0.0038001
0.00124356
-0.00530949
-0.0356535
0.0107957
-0.00527474
-0.0283951
0.00876084
-0.00512584
-0.0211781
0.00674767
-0.00455659
-0.0144715
0.0048615
-0.00393582
-0.00845479
0.00309818
-0.00301056
-0.00387532
0.00143978
0.00416897
-0.0319165
0.0100568
0.00406615
-0.0246774
0.00799775
0.00378041
-0.0175669
0.00599768
0.00313869
-0.0114727
0.00403375
0.00229568
-0.00601159
0.00219198
0.0014996
-0.00194731
0.000666724
-0.00408946
-0.0318859
0.00977543
-0.00401078
-0.0246287
0.00772362
-0.00371456
-0.0176584
0.00564218
-0.00317564
-0.0110629
0.00393075
-0.00255401
-0.00593432
0.00210118
-0.00159132
-0.00220695
0.000491285
-0.00112581
-0.0320306
0.00991804
-0.0011228
-0.0247592
0.00786463
-0.00110864
-0.0176366
0.0058759
-0.00100206
-0.0111892
0.00388666
-0.00104402
-0.00587401
0.00217101
-0.000899385
-0.00192425
0.000744108
0.00118483
-0.0317545
0.00991958
0.00110294
-0.024469
0.00788808
0.00103404
-0.0174028
0.00591151
0.0010015
-0.0109371
0.00395734
0.000733594
-0.00579147
0.00218449
0.000505951
-0.00185572
0.000711239
0.000370661
-0.000634344
0.000235877
-0.000324946
-0.00055451
0.000353916
5.03321e-05
-0.0391032
0.0119435
-0.00104593
-0.000834404
0.000191608
-1.71737e-05
9.79951e-05
-3.88351e-05
0.000852505
-0.000729036
0.00011191
0.00418807
-0.0355286
0.011076
0.00413049
-0.0282895
0.0090287
0.00393461
-0.021087
0.00699683
0.00360557
-0.0142169
0.00500385
0.00266351
-0.0085173
0.00309202
0.00191306
-0.00385138
0.00137115
-0.00410006
-0.0355074
0.0107948
-0.00405245
-0.0282562
0.00874339
-0.00391518
-0.0210656
0.00669774
-0.00342608
-0.0142987
0.00478011
-0.00289161
-0.00838559
0.00297112
-0.00214995
-0.00381623
0.00127149
-0.0011162
-0.035658
0.0109344
-0.00113867
-0.0283773
0.0088986
-0.00112841
-0.0211488
0.00685636
-0.00101377
-0.014353
0.00492839
-0.00105585
-0.00837826
0.00302852
-0.00102809
-0.00367365
0.00137673
0.00120079
-0.0353737
0.0109378
0.00116004
-0.0281203
0.00889447
0.00106347
-0.0208897
0.00687829
0.00102485
-0.0140915
0.00486994
0.000846793
-0.00822952
0.00304594
0.000616669
-0.00365895
0.00140521
0.000389276
-0.0011827
0.000380474
0.00202665
-0.0156719
0.00536985
