0.00515086
-0.0369291
0.0120138
-0.00273072
-0.0369177
0.0117772
-0.000191531
-0.000106463
-7.92316e-05
0.000200187
6.37788e-06
9.5601e-05
0.00280552
-0.0371543
0.0120078
-0.00507814
-0.0371608
0.0117842
-0.000182726
-2.50857e-05
0.000110676
8.96736e-05
-4.42922e-05
-7.05445e-05
0.00512809
-0.0301336
0.00999117
0.00499825
-0.0232849
0.00796985
0.00466213
-0.0165247
0.00603281
0.00399532
-0.0107434
0.0041347
0.00305193
-0.00573788
0.00226516
0.00187725
-0.00209016
0.000823078
-0.00273406
-0.030099
0.00975254
-0.00271134
-0.0232107
0.00769575
-0.00251976
-0.0166428
0.00558917
-0.0020946
-0.0103504
0.00380178
-0.00161954
-0.00556925
0.00200362
-0.00100459
-0.00192568
0.000416378
0.00279217
-0.0303479
0.00997631
0.00269551
-0.0234782
0.00791333
0.00247548
-0.0167197
0.00588552
0.0020213
-0.0108501
0.00379623
0.00131584
-0.00568208
0.00205946
0.000696767
-0.00169217
0.00051162
-0.00508251
-0.0303272
0.0097639
-0.00500399
-0.0234584
0.00773577
-0.00463823
-0.016888
0.0057518
-0.00408845
-0.010556
0.00401119
-0.00339755
-0.00567684
0.00223078
-0.00206307
-0.00239435
0.000663381
0.00120871
-0.036926
0.0118992
0.00104485
-0.000910899
0.000325525
0.00397115
-0.0370439
0.0120067
-0.000677089
-0.000731602
5.13189e-05
-0.003879
-0.0370412
0.0117813
0.000255122
0.000117845
-2.68923e-05
-0.000307322
-0.000129851
4.02696e-05
0.000264155
-9.50061e-05
1.27595e-05
-0.00112026
-0.0371536
0.0119002
0.000353143
-0.000602165
1.22113e-05
-0.00110644
-0.00104675
0.000427023
-0.000112621
4.83659e-05
1.20666e-05
0.00514569
-0.0335456
0.0110064
0.0050849
-0.0267079
0.00897385
0.00486233
-0.0198966
0.00697953
0.00447904
-0.0133824
0.00505201
0.00351161
-0.00805517
0.0031432
0.00253426
-0.00374235
0.0014614
-0.00273194
-0.0335251
0.0107734
-0.00273166
-0.0266557
0.00871941
-0.00265833
-0.0198422
0.00666435
-0.00235114
-0.0134691
0.00462696
-0.00184932
-0.00787417
0.00288233
-0.00134915
-0.00356376
0.00117424
0.00280631
-0.0337672
0.0109965
0.00275775
-0.0269069
0.00894548
0.00261604
-0.0200871
0.00688719
0.00232883
-0.0135885
0.00488568
0.00161175
-0.00805002
0.00292518
0.0010227
-0.00360486
0.00123534
-0.00508264
-0.0337589
0.0107765
-0.00504923
-0.0268936
0.00874502
-0.00490689
-0.0200675
0.0067343
-0.0043679
-0.0137196
0.004848
-0.00377471
-0.00802077
0.00308662
-0.00288768
-0.00368323
0.00143478
0.00394489
-0.030243
0.00998636
0.00384833
-0.0233942
0.00793341
0.00357875
-0.0166652
0.00594054
0.00297345
-0.0108915
0.00398688
0.0021773
-0.00571341
0.00216335
0.00142461
-0.00185384
0.000659251
-0.00386823
-0.0302142
0.00975836
-0.00379457
-0.0233487
0.0077105
-0.00351683
-0.0167505
0.00563641
-0.00300943
-0.0105062
0.00391966
-0.00242337
-0.00564028
0.00209865
-0.00151394
-0.00209779
0.00050235
-0.00112387
-0.0303318
0.00987429
-0.00111878
-0.0234538
0.00782589
-0.00110231
-0.0167159
0.00584211
-0.000996591
-0.0106073
0.00386353
-0.00102751
-0.00557333
0.00215603
-0.000879354
-0.00183018
0.000741665
0.00118122
-0.0301093
0.00987598
0.00110169
-0.023216
0.00784949
0.00103262
-0.0165265
0.00587626
0.000995431
-0.0104032
0.00393127
0.000733739
-0.00551778
0.00216961
0.000506201
-0.00177135
0.000707923
0.000369272
-0.0006046
0.000234353
-0.000322523
-0.000529156
0.00035082
4.83322e-05
-0.0370417
0.0118948
-0.000996417
-0.000793527
0.000193075
-1.70578e-05
9.31776e-05
-3.89936e-05
0.000810288
-0.000694311
0.000115189
0.00396286
-0.03366
0.0110028
0.00390874
-0.0268118
0.00896124
0.00372408
-0.0199966
0.00693573
0.00341389
-0.0134933
0.00495075
0.00252467
-0.00809003
0.00305293
0.00181555
-0.00366272
0.00135373
-0.00387806
-0.0336401
0.0107757
-0.00383343
-0.0267807
0.00872832
-0.00370506
-0.0199766
0.00668698
-0.00324511
-0.0135702
0.00477095
-0.00274187
-0.00796626
0.00296537
-0.00204196
-0.00362864
0.00127398
-0.00111506
-0.033763
0.0108883
-0.0011354
-0.0268761
0.00885739
-0.00112277
-0.0200386
0.0068203
-0.00101116
-0.0136073
0.00489603
-0.00104313
-0.00794563
0.00300744
-0.00100737
-0.0034883
0.00136911
0.0011965
-0.0335331
0.0108917
0.00115733
-0.026671
0.00885335
0.00106279
-0.0198282
0.00684193
0.0010208
-0.0133892
0.00484201
0.000845797
-0.00783422
0.0030252
0.000617483
-0.00348937
0.00139615
0.000355232
-0.00112598
0.000380625
0.00188285
-0.0148603
0.00532216
