0.00466435
-0.0326815
0.0117975
-0.00227254
-0.0326714
0.0116769
-0.000166096
-9.26864e-05
-7.12282e-05
0.000183699
3.30118e-06
8.94819e-05
0.00234361
-0.0327919
0.0117923
-0.00459577
-0.0327978
0.0116828
-0.000167879
-2.4671e-05
0.000102892
7.34557e-05
-3.60603e-05
-6.29305e-05
0.00464477
-0.0267011
0.00979536
0.00452988
-0.0206719
0.00779353
0.00423161
-0.0147117
0.00587407
0.00363543
-0.00960338
0.00399827
0.00279066
-0.00515532
0.00218417
0.00172448
-0.00189099
0.000787732
-0.00227581
-0.0266707
0.00967163
-0.00226157
-0.0206048
0.00763458
-0.00210703
-0.0148088
0.00555695
-0.0017513
-0.00925392
0.00377787
-0.00135962
-0.00499675
0.00200401
-0.000849282
-0.00173099
0.000453654
0.00233237
-0.0268026
0.00978282
0.00225134
-0.0207577
0.00774464
0.00206772
-0.0148088
0.00574603
0.00168789
-0.00961639
0.00370359
0.00108659
-0.00504606
0.00200537
0.000567646
-0.00150931
0.00051586
-0.00459952
-0.0267858
0.00968073
-0.00452868
-0.0207441
0.00766752
-0.00420652
-0.0149583
0.00569585
-0.00371923
-0.00936818
0.00395879
-0.00309261
-0.00505345
0.00220089
-0.00188685
-0.00214785
0.000661183
0.00119414
-0.0326789
0.0117405
0.000964278
-0.000828007
0.000311557
0.00349783
-0.0327386
0.0117912
-0.000578128
-0.000653485
7.85861e-05
-0.00341136
-0.0327363
0.0116803
0.000242043
0.000106503
-2.08357e-05
-0.000273631
-0.000117752
3.32005e-05
0.000233901
-8.71907e-05
7.54221e-06
-0.00111134
-0.0327914
0.0117414
0.000290544
-0.000538052
3.90177e-05
-0.00101583
-0.000948748
0.000410261
-0.000110398
4.33192e-05
1.56111e-05
0.00465994
-0.0297037
0.0108004
0.00460702
-0.0236858
0.00878799
0.0044093
-0.0176856
0.00681325
0.00406393
-0.0119366
0.00490608
0.00320422
-0.00721836
0.00303677
0.00232181
-0.00337249
0.00140693
-0.00227349
-0.0296858
0.0106827
-0.00227569
-0.0236391
0.00864854
-0.00222056
-0.0176348
0.00661417
-0.00196707
-0.0120049
0.00460574
-0.0015486
-0.0070513
0.00286954
-0.00113623
-0.00320337
0.00119072
0.00234438
-0.029811
0.0107919
0.00230343
-0.023775
0.00876406
0.002186
-0.0177732
0.00673331
0.00194832
-0.0120451
0.00476276
0.00133543
-0.00714133
0.00284791
0.000840769
-0.00320497
0.00121051
-0.0045997
-0.0298045
0.010685
-0.0045694
-0.0237659
0.0086696
-0.00444177
-0.0177607
0.006673
-0.00396835
-0.0121634
0.00479522
-0.00343482
-0.00712684
0.00304648
-0.00262957
-0.00328896
0.00141656
0.00347517
-0.0267535
0.00979123
0.00339225
-0.0207253
0.00776051
0.00315757
-0.0147964
0.0057922
0.0026298
-0.00969112
0.00386945
0.00193258
-0.00510101
0.00209255
0.00126995
-0.00166336
0.000639628
-0.00340256
-0.0267288
0.00967591
-0.00334002
-0.0206862
0.00764538
-0.00310228
-0.0148683
0.00559593
-0.00266243
-0.00935747
0.00387635
-0.00215179
-0.00503607
0.00208189
-0.00135349
-0.00187468
0.00052114
-0.00111361
-0.0267891
0.00973552
-0.00110416
-0.0207384
0.00770687
-0.00108307
-0.0148075
0.00574265
-0.000979877
-0.00940668
0.00379562
-0.000988571
-0.00495586
0.00211333
-0.000834626
-0.00163789
0.000732024
0.0011695
-0.0266799
0.00973753
0.00109514
-0.0206107
0.00773071
0.00102574
-0.0147109
0.00577365
0.000978926
-0.00930225
0.00385698
0.00073067
-0.00495599
0.0021271
0.000504003
-0.00159968
0.000696815
0.00036439
-0.00054477
0.000229728
-0.000315657
-0.000477703
0.000342429
4.50615e-05
-0.0327367
0.0117367
-0.000893852
-0.00071043
0.000194815
-1.67104e-05
8.31161e-05
-3.90454e-05
0.000723416
-0.000623933
0.000120291
0.00349067
-0.0297604
0.0107972
0.00344412
-0.023734
0.00877704
0.00328381
-0.0177324
0.00677433
0.00301407
-0.011997
0.00481559
0.002237
-0.00721018
0.00295617
0.0016143
-0.00327637
0.00131006
-0.00341069
-0.0297434
0.0106843
-0.00337266
-0.0237076
0.00865458
-0.00326379
-0.0177151
0.00663136
-0.00286659
-0.0120631
0.00472752
-0.00242992
-0.00710267
0.00293769
-0.00181786
-0.00324411
0.00127162
-0.00110654
-0.0298077
0.0107398
-0.00112228
-0.0237491
0.00872851
-0.00110479
-0.017733
0.00671151
-0.00100012
-0.0120644
0.00480412
-0.00101156
-0.00705504
0.00294797
-0.000960364
-0.00310861
0.0013455
0.00118329
-0.0296928
0.0107433
0.00114754
-0.0236534
0.00872472
0.00105746
-0.0176248
0.00673245
0.00100839
-0.0119373
0.00475948
0.00084015
-0.00702083
0.00296635
0.000616064
-0.00314236
0.00136961
0.000286921
-0.00101063
0.000377972
0.00158647
-0.01318
0.00519641
