0.00453749
-0.0315856
0.0117301
-0.00215488
-0.0315758
0.0116396
-0.000159636
-8.91925e-05
-6.91623e-05
0.000179419
2.52686e-06
8.78654e-05
0.00222528
-0.0316662
0.0117251
-0.00446967
-0.031672
0.0116453
-0.000164019
-2.45391e-05
0.000100847
6.93929e-05
-3.40009e-05
-6.09874e-05
0.00451876
-0.0258162
0.00973521
0.00440783
-0.0199991
0.00774035
0.00411953
-0.0142458
0.00582735
0.00354186
-0.00931091
0.00395922
0.00272281
-0.00500623
0.00216113
0.00168478
-0.00184017
0.000777833
-0.00215814
-0.0257869
0.00964128
-0.00214615
-0.0199339
0.00761123
-0.0020013
-0.0143374
0.00554298
-0.00166366
-0.0089728
0.00376778
-0.00129351
-0.00485025
0.00200185
-0.000809916
-0.00168137
0.000462356
0.00221461
-0.0258885
0.00972328
0.0021377
-0.0200572
0.00769347
0.00196361
-0.0143176
0.00570435
0.00160304
-0.00929996
0.00367591
0.00102863
-0.00488338
0.00198925
0.000535197
-0.0014627
0.000516091
-0.00447327
-0.0258727
0.00964978
-0.00440451
-0.0200451
0.0076423
-0.00409386
-0.0144621
0.00567569
-0.00362301
-0.00906361
0.00394127
-0.00301333
-0.00489389
0.00219091
-0.00184103
-0.00208472
0.000659834
0.00118944
-0.0315832
0.0116881
0.000943301
-0.000806896
0.000307621
0.00337548
-0.0316278
0.0117241
-0.000553051
-0.000633683
8.52256e-05
-0.00329018
-0.0316256
0.0116428
0.000238513
0.00010355
-1.93226e-05
-0.000265004
-0.000114641
3.14243e-05
0.000226179
-8.51764e-05
6.23616e-06
-0.0011078
-0.0316658
0.011689
0.000274834
-0.000521757
4.54829e-05
-0.00099226
-0.000923593
0.000405617
-0.0001097
4.20152e-05
1.64551e-05
0.00453329
-0.0287128
0.0107367
0.00448244
-0.0229071
0.00873138
0.0042913
-0.0171169
0.00676363
0.00395595
-0.0115654
0.00486363
0.00312436
-0.00700396
0.00300636
0.00226663
-0.00327795
0.00139146
-0.00215576
-0.0286956
0.0106489
-0.00215863
-0.0228619
0.00862174
-0.00210829
-0.0170669
0.00659461
-0.00186882
-0.011629
0.00459552
-0.00147199
-0.0068405
0.00286318
-0.00108217
-0.00311128
0.00119344
0.00222605
-0.0287905
0.0107286
0.00218712
-0.022968
0.00870862
0.00207606
-0.0171779
0.00668694
0.00185126
-0.0116489
0.00472628
0.00126537
-0.0069086
0.00282504
0.000794902
-0.00310283
0.00120264
-0.00447346
-0.0287845
0.0106509
-0.004444
-0.02296
0.00864159
-0.00432032
-0.0171671
0.00665052
-0.00386415
-0.0117638
0.00477676
-0.00334634
-0.00689783
0.00303302
-0.00256254
-0.00318809
0.00141037
0.00335377
-0.0258539
0.00973126
0.00327444
-0.0200381
0.00770823
0.00304892
-0.0143161
0.00574821
0.00254134
-0.00938316
0.00383534
0.00186979
-0.00494434
0.00207217
0.0012303
-0.00161483
0.000633807
-0.00328191
-0.0258303
0.00964514
-0.00322232
-0.0200006
0.00762099
-0.00299508
-0.0143844
0.00557981
-0.00257289
-0.00906288
0.00386123
-0.00208186
-0.00488145
0.00207535
-0.00131222
-0.00181776
0.000525181
-0.00110972
-0.0258757
0.00969016
-0.00109916
-0.0200391
0.00766853
-0.00107693
-0.0143169
0.00571126
-0.000974523
-0.00909883
0.00377425
-0.000977654
-0.00479792
0.00210011
-0.000822506
-0.0015888
0.000728677
0.00116556
-0.0257958
0.00969225
0.00109258
-0.01994
0.00769241
0.00102311
-0.0142443
0.00574143
0.000973864
-0.00901996
0.00383392
0.000729181
-0.00481228
0.00211393
0.000502895
-0.00155597
0.000693155
0.000362742
-0.00052965
0.000228265
-0.000313538
-0.0004646
0.000339896
4.43639e-05
-0.0316259
0.0116844
-0.00086747
-0.000689293
0.00019502
-1.65991e-05
8.05187e-05
-3.90046e-05
0.000701173
-0.000606051
0.000121292
0.00336861
-0.0287546
0.0107336
0.00332406
-0.0229409
0.00872087
0.00317016
-0.0171498
0.00672599
0.002911
-0.0116128
0.00477597
0.00216309
-0.00698479
0.00292828
0.00156269
-0.00317767
0.0012974
-0.00328958
-0.0287383
0.0106504
-0.00325331
-0.0229158
0.00862702
-0.00314959
-0.0171333
0.00661038
-0.00276883
-0.0116761
0.00471152
-0.0023495
-0.00688143
0.00292749
-0.00176021
-0.00314583
0.00126956
-0.0011031
-0.0287874
0.010691
-0.00111765
-0.0229433
0.00868666
-0.00109894
-0.0171398
0.00667677
-0.000996154
-0.0116683
0.00477561
-0.00100243
-0.00682697
0.00292961
-0.000947502
-0.00301161
0.00133793
0.00117895
-0.0287024
0.0106945
0.00114411
-0.022876
0.00868293
0.00105523
-0.017058
0.00669753
0.00100435
-0.0115646
0.00473341
0.000837943
-0.0068125
0.00294814
0.000615065
-0.00305373
0.0013613
0.000269775
-0.000981267
0.000376733
0.00151078
-0.0127483
0.00515881
