0.00440873
-0.0304773
0.0116575
-0.0020362
-0.0304679
0.0115975
-0.000153133
-8.56761e-05
-6.70702e-05
0.000175075
1.75141e-06
8.62142e-05
0.00210603
-0.0305278
0.0116527
-0.00434158
-0.0305334
0.0116028
-0.000160098
-2.43957e-05
9.87628e-05
6.53222e-05
-3.19378e-05
-5.90274e-05
0.00439085
-0.0249214
0.00967064
0.00428395
-0.0193189
0.00768361
0.00400578
-0.013775
0.00577791
0.00344692
-0.0090154
0.00391827
0.00265394
-0.00485566
0.00213703
0.00164447
-0.00178887
0.000767536
-0.00203946
-0.0248932
0.00960685
-0.00202975
-0.0192556
0.00758464
-0.00189472
-0.0138609
0.00552666
-0.00157539
-0.00868881
0.00375606
-0.00122699
-0.00470231
0.00199882
-0.000770328
-0.00163131
0.000470826
0.00209593
-0.0249642
0.00965932
0.0020232
-0.0193489
0.00763875
0.00185875
-0.0138212
0.00566
0.00151765
-0.00898032
0.00364648
0.000970418
-0.00471914
0.00197215
0.000502661
-0.00141568
0.000516013
-0.00434503
-0.0249494
0.00961473
-0.0042784
-0.0193385
0.00761382
-0.00397946
-0.0139607
0.00565307
-0.00352532
-0.00875596
0.00392202
-0.00293287
-0.00473277
0.00217996
-0.00179451
-0.00202093
0.000658183
0.00118429
-0.030475
0.0116306
0.000921984
-0.000785588
0.00030352
0.00325171
-0.0305043
0.0116517
-0.000527827
-0.00061374
9.18035e-05
-0.0031675
-0.0305022
0.0116005
0.000234882
0.000100554
-1.7809e-05
-0.000256294
-0.000111493
2.96441e-05
0.000218391
-8.31351e-05
4.9294e-06
-0.00110374
-0.0305274
0.0116314
0.000259086
-0.000505324
5.18662e-05
-0.000968316
-0.000898145
0.000400801
-0.000108948
4.0696e-05
1.72841e-05
0.00440473
-0.0277108
0.0106682
0.004356
-0.0221199
0.00867077
0.00417154
-0.0165419
0.00671087
0.00384638
-0.0111904
0.00481888
0.00304332
-0.00678738
0.00297449
0.00221062
-0.0031825
0.0013753
-0.00203701
-0.0276943
0.0106105
-0.00204057
-0.0220761
0.00859127
-0.00199508
-0.0164929
0.00657224
-0.00176982
-0.0112491
0.00458334
-0.00139486
-0.00662758
0.00285556
-0.00102778
-0.00301831
0.00119563
0.00210679
-0.0277586
0.0106604
0.00206991
-0.022152
0.00864919
0.00196531
-0.0165761
0.00663747
0.00175354
-0.0112485
0.00468758
0.00119494
-0.00667359
0.0028008
0.000748867
-0.00299974
0.00119414
-0.00434522
-0.027753
0.0106123
-0.00431664
-0.0221451
0.00860991
-0.00419698
-0.0165672
0.00662518
-0.00375835
-0.01136
0.00475622
-0.00325653
-0.00666654
0.00301822
-0.00249453
-0.00308623
0.00140356
0.00323097
-0.0249442
0.00966687
0.00315529
-0.0193433
0.00765241
0.00293906
-0.0138307
0.00570154
0.00245193
-0.00907205
0.00379939
0.00180635
-0.00478615
0.00205076
0.00119024
-0.00156586
0.000627641
-0.00315977
-0.0249217
0.00961029
-0.00310319
-0.0193076
0.00759336
-0.00288661
-0.0138954
0.00556131
-0.00248231
-0.00876529
0.00384443
-0.00201115
-0.00472531
0.0020679
-0.00127047
-0.00176031
0.000528972
-0.00110531
-0.0249521
0.00964055
-0.00109363
-0.0193322
0.0076268
-0.00107027
-0.0138212
0.00567731
-0.000968713
-0.00878788
0.00375117
-0.000966285
-0.00463846
0.00208591
-0.000810023
-0.00153924
0.000724974
0.00116118
-0.0249019
0.00964272
0.00108961
-0.0192619
0.00765071
0.0010201
-0.0137727
0.00570665
0.000968418
-0.00873478
0.00380912
0.000727395
-0.00466714
0.00209977
0.000501565
-0.00151188
0.000689161
0.000360927
-0.000514427
0.000226687
-0.000311265
-0.00045137
0.000337199
4.37002e-05
-0.0305026
0.0116271
-0.000840789
-0.000667979
0.00019514
-1.6478e-05
7.78908e-05
-3.89432e-05
0.00067871
-0.000588018
0.000122194
0.00324514
-0.0277374
0.0106652
0.00320262
-0.022139
0.0086607
0.00305522
-0.016561
0.00667453
0.00280679
-0.0112247
0.0047341
0.00208842
-0.00675715
0.00289896
0.00151057
-0.00307805
0.00128407
-0.00316698
-0.0277219
0.0106119
-0.0031325
-0.0221151
0.00859579
-0.00303401
-0.0165451
0.00658657
-0.00266993
-0.0112851
0.00469348
-0.00226818
-0.00665797
0.00291601
-0.00170192
-0.00304661
0.00126693
-0.00109915
-0.0277556
0.0106376
-0.00111248
-0.0221287
0.00864097
-0.00109256
-0.0165402
0.00663905
-0.00099172
-0.011268
0.00474494
-0.00099284
-0.00659666
0.00290992
-0.000934215
-0.00291369
0.00132973
0.00117417
-0.0277008
0.0106411
0.00114026
-0.0220899
0.00863732
0.0010526
-0.016485
0.00665962
0.000999919
-0.011188
0.00470521
0.000835405
-0.00660208
0.00292858
0.000613806
-0.00296425
0.00135235
0.000252592
-0.000951636
0.00037528
0.00143454
-0.0123122
0.00511882
