0.00427815
-0.0293572
0.0115797
-0.00191663
-0.0293481
0.0115504
-0.000146585
-8.21357e-05
-6.49519e-05
0.000170665
9.75342e-07
8.45283e-05
0.00198594
-0.0293773
0.0115751
-0.00421161
-0.0293827
0.0115554
-0.000156116
-2.42408e-05
9.66394e-05
6.12409e-05
-2.98694e-05
-5.70498e-05
0.00426114
-0.0240171
0.00960168
0.00415833
-0.0186316
0.00762333
0.00389043
-0.0132993
0.00572578
0.00335063
-0.00871684
0.00387548
0.00258408
-0.00470354
0.0021119
0.00160356
-0.00173704
0.000756853
-0.00191989
-0.0239901
0.00956832
-0.00191248
-0.0185702
0.00755482
-0.00178737
-0.0133796
0.00550798
-0.00148654
-0.0084019
0.00374273
-0.00116006
-0.00455286
0.00199491
-0.000730514
-0.00158078
0.000479068
0.00197642
-0.0240301
0.00959098
0.00190793
-0.0186333
0.00758054
0.00175322
-0.0133197
0.00561304
0.00143176
-0.00865749
0.00361532
0.000911944
-0.00455331
0.00195408
0.000470028
-0.00136821
0.000515639
-0.00421491
-0.0240163
0.00957559
-0.00415045
-0.0186245
0.00758208
-0.00386339
-0.0134541
0.00562803
-0.00342619
-0.00844522
0.00390108
-0.00285126
-0.00457003
0.00216807
-0.00174731
-0.00195645
0.000656241
0.00117868
-0.029355
0.011568
0.000900324
-0.000764061
0.000299262
0.00312662
-0.0293689
0.0115741
-0.000502453
-0.000593639
9.83248e-05
-0.00304346
-0.0293669
0.0115532
0.000231152
9.75139e-05
-1.62944e-05
-0.000247497
-0.000108308
2.78597e-05
0.000210533
-8.10651e-05
3.62193e-06
-0.00109916
-0.029377
0.0115688
0.000243293
-0.000488733
5.81746e-05
-0.000944001
-0.000872385
0.000395818
-0.000108143
3.93623e-05
1.80991e-05
0.00427436
-0.0266981
0.0105948
0.00422777
-0.0213243
0.00860621
0.00405009
-0.015961
0.00665501
0.0037353
-0.0108114
0.00477188
0.00296111
-0.00656857
0.00294121
0.00215379
-0.00308606
0.00135845
-0.00191737
-0.0266824
0.0105677
-0.00192162
-0.021282
0.00855715
-0.00188104
-0.0159129
0.00654706
-0.00167012
-0.0108654
0.00456921
-0.00131724
-0.00641248
0.00284672
-0.000973083
-0.00292441
0.0011973
0.00198671
-0.0267156
0.0105874
0.0019519
-0.0213274
0.00858583
0.00185382
-0.0159681
0.00658495
0.0016552
-0.010844
0.00464669
0.00112416
-0.00643627
0.00277522
0.000702658
-0.00289566
0.00118502
-0.00421511
-0.0267105
0.0105693
-0.00418741
-0.0213217
0.00857455
-0.00407186
-0.015961
0.00659701
-0.003651
-0.010952
0.00473364
-0.00316542
-0.00643295
0.00300211
-0.00242555
-0.00298333
0.00139614
0.00310686
-0.0240248
0.00959809
0.00303487
-0.0186413
0.00759307
0.00282806
-0.0133403
0.00565222
0.00236161
-0.00875778
0.00376166
0.00174229
-0.00462639
0.00202835
0.00114979
-0.00151641
0.000621145
-0.00303627
-0.0240034
0.00957134
-0.00298273
-0.0186072
0.00756248
-0.00277694
-0.0134014
0.00554042
-0.00239076
-0.00846466
0.00382598
-0.00193968
-0.00456761
0.00205955
-0.00122827
-0.00170232
0.000532522
-0.00110038
-0.0240187
0.00958669
-0.00108759
-0.0186179
0.00758169
-0.00106311
-0.0133204
0.00564082
-0.000962452
-0.00847382
0.0037264
-0.000954475
-0.00447743
0.00207075
-0.000797185
-0.00148917
0.000720927
0.00115635
-0.0239984
0.00958894
0.00108622
-0.0185767
0.00760563
0.00101668
-0.0132963
0.00566931
0.000962583
-0.00844667
0.0037826
0.000725308
-0.00452054
0.00208465
0.000500014
-0.00146736
0.000684841
0.000358949
-0.000499084
0.000225
-0.000308843
-0.000437996
0.000334342
4.30626e-05
-0.0293672
0.0115647
-0.000813808
-0.000646469
0.000195179
-1.63471e-05
7.52337e-05
-3.88614e-05
0.000656024
-0.000569814
0.000123005
0.00312036
-0.0267095
0.0105919
0.0030799
-0.0213287
0.00859659
0.00293908
-0.0159661
0.00662
0.00270151
-0.0108326
0.00469
0.00201301
-0.00652724
0.00286827
0.00145793
-0.00297744
0.0012701
-0.00304301
-0.0266948
0.0105688
-0.00301035
-0.0213061
0.0085609
-0.00291716
-0.0159509
0.00655994
-0.00256994
-0.0108901
0.00467342
-0.00218598
-0.00643226
0.00290327
-0.001643
-0.00294641
0.00126376
-0.00109469
-0.0267129
0.0105794
-0.00110679
-0.0213054
0.00859147
-0.00108566
-0.0159344
0.00659838
-0.00098682
-0.0108636
0.00471215
-0.000982788
-0.00636407
0.0028889
-0.00092051
-0.0028148
0.0013209
0.00116893
-0.0266886
0.0105829
0.00113596
-0.0212955
0.0085879
0.00104956
-0.0159061
0.00661875
0.000995087
-0.0108076
0.0046749
0.000832529
-0.0063895
0.00290769
0.000612285
-0.00287387
0.00134277
0.000235366
-0.000921712
0.000373621
0.0013578
-0.0118715
0.00507647
