0.00401193
-0.0270839
0.0114084
-0.00167531
-0.0270755
0.0114412
-0.000133344
-7.49775e-05
-6.06366e-05
0.000161649
-5.76658e-07
8.10528e-05
0.00174371
-0.0270425
0.0114042
-0.00394652
-0.0270476
0.0114457
-0.00014797
-2.38958e-05
9.22766e-05
5.30367e-05
-2.57099e-05
-5.30392e-05
0.00399668
-0.0221818
0.00945072
0.00390219
-0.0172364
0.00749238
0.00365517
-0.0123335
0.00561369
0.00315418
-0.00811042
0.00378456
0.00244138
-0.00439441
0.00205867
0.00151987
-0.00163166
0.000734393
-0.00167858
-0.022157
0.00947893
-0.00167581
-0.017179
0.00748546
-0.00157072
-0.0124023
0.00546355
-0.00130728
-0.00781917
0.00371129
-0.00102504
-0.00424925
0.00198455
-0.000650191
-0.00147816
0.000494902
0.00173536
-0.0221344
0.00944129
0.00167543
-0.0171809
0.00745376
0.00154043
-0.0123018
0.00551141
0.00125861
-0.00800223
0.00354798
0.000794224
-0.00421666
0.00191514
0.00040443
-0.00127176
0.00051406
-0.00394951
-0.0221227
0.00948495
-0.00388948
-0.0171754
0.00750883
-0.00362657
-0.0124258
0.00557071
-0.00322384
-0.00781442
0.00385421
-0.00268467
-0.00423955
0.00214152
-0.00165084
-0.00182531
0.000651522
0.00116603
-0.027082
0.0114276
0.000855961
-0.000720261
0.000290299
0.00287289
-0.0270647
0.0114033
-0.000451225
-0.000552889
0.000111216
-0.00279172
-0.027063
0.0114437
0.000223396
9.13108e-05
-1.32601e-05
-0.00022964
-0.000101819
2.42769e-05
0.000194599
-7.68331e-05
1.00493e-06
-0.00108848
-0.0270423
0.0114283
0.000211542
-0.000455016
7.05959e-05
-0.000894259
-0.000819867
0.000385373
-0.000106381
3.66548e-05
1.96918e-05
0.00400856
-0.0246427
0.0104336
0.00396632
-0.0197095
0.00846537
0.00380243
-0.0147817
0.00653419
0.00350877
-0.010042
0.00467132
0.00279329
-0.00612404
0.00287056
0.00203765
-0.00289003
0.00132283
-0.00167592
-0.0246285
0.0104683
-0.00168157
-0.0196702
0.00847788
-0.00165088
-0.0147356
0.00648829
-0.00146893
-0.0100862
0.0045351
-0.00116066
-0.00597555
0.0028254
-0.000862731
-0.00273362
0.00119908
0.00174446
-0.0245991
0.010427
0.00171386
-0.0196539
0.00844741
0.00162896
-0.014734
0.00647088
0.00145688
-0.010023
0.00455849
0.000981594
-0.00595455
0.00272016
0.000609682
-0.00268434
0.00116504
-0.0039497
-0.024595
0.0104695
-0.00392383
-0.0196505
0.00849278
-0.00381666
-0.0147306
0.00653217
-0.0034319
-0.0101239
0.0046824
-0.00297942
-0.00595867
0.00296606
-0.00228475
-0.00277424
0.00137952
0.00285512
-0.022159
0.0094475
0.00279061
-0.0172163
0.00746404
0.00260289
-0.0123447
0.00554583
0.00217837
-0.0081197
0.003681
0.00161228
-0.00430194
0.00198068
0.00106764
-0.00141595
0.000607212
-0.00278564
-0.0221398
0.00948111
-0.00273828
-0.0171857
0.00749098
-0.00255435
-0.0123985
0.00549153
-0.00220488
-0.00785422
0.00378418
-0.00179456
-0.00424732
0.00204022
-0.00114249
-0.00158456
0.000538926
-0.00108898
-0.0221244
0.00946628
-0.00107398
-0.0171683
0.00748141
-0.0010473
-0.0123038
0.00556036
-0.000948611
-0.00783635
0.0036719
-0.000929581
-0.00415048
0.00203765
-0.000770471
-0.00138738
0.000711843
0.00114528
-0.0221648
0.0094687
0.00107811
-0.0171858
0.00750537
0.00100858
-0.0123291
0.00558711
0.000949721
-0.00786149
0.00372452
0.000720212
-0.00422264
0.00205162
0.00049625
-0.0013769
0.000675269
0.000354508
-0.000467954
0.000221312
-0.000303566
-0.000410748
0.000328168
4.18313e-05
-0.0270632
0.0114245
-0.000758939
-0.000602793
0.000195023
-1.60563e-05
6.98365e-05
-3.86387e-05
0.00060996
-0.000532817
0.000124376
0.00286726
-0.0246233
0.010431
0.00283096
-0.0196841
0.00845666
0.0027035
-0.0147584
0.00650187
0.00248792
-0.0100365
0.00459536
0.00185999
-0.00606038
0.00280288
0.00135108
-0.00277309
0.00124033
-0.00279142
-0.0246101
0.0104692
-0.00276245
-0.019664
0.00848008
-0.00268001
-0.0147446
0.00649825
-0.00236699
-0.0100882
0.00462733
-0.00201909
-0.0059739
0.00287409
-0.00152332
-0.00274289
0.00125579
-0.00108424
-0.0245968
0.0104491
-0.00109387
-0.0196346
0.00848109
-0.00107035
-0.0147048
0.00650829
-0.000975643
-0.0100428
0.00464031
-0.000961357
-0.00589189
0.002843
-0.000891893
-0.00261395
0.00130146
0.00115703
-0.0246341
0.0104527
0.00112598
-0.0196832
0.00847768
0.0010422
-0.014731
0.00652823
0.000984186
-0.010035
0.00460808
0.000825734
-0.00595764
0.00286203
0.000608449
-0.00269019
0.0013218
0.000200763
-0.000860875
0.000369722
0.00120296
-0.0109771
0.00498484
