0.0036014
-0.0236005
0.0111129
-0.00130975
-0.0235932
0.01124
-0.0001131
-6.40247e-05
-5.39676e-05
0.000147625
-2.89647e-06
7.55809e-05
0.00137675
-0.0234659
0.0111093
-0.00353768
-0.0234705
0.0112436
-0.00013529
-2.32897e-05
8.54466e-05
4.05879e-05
-1.93892e-05
-4.6875e-05
0.0035888
-0.0193681
0.00919235
0.00350695
-0.0150957
0.00727068
0.00329179
-0.0108497
0.00542674
0.00285029
-0.00717718
0.00363559
0.00221998
-0.00391762
0.00197192
0.00138968
-0.00146864
0.000698195
-0.00131303
-0.0193468
0.00931386
-0.00131716
-0.0150444
0.00735709
-0.00124217
-0.0109013
0.00537927
-0.00103522
-0.0069222
0.00365233
-0.000819856
-0.00378119
0.00196278
-0.000527912
-0.00131981
0.000517119
0.00137017
-0.0192293
0.00918482
0.00132315
-0.0149536
0.00723838
0.00121788
-0.0107391
0.00534036
0.000995956
-0.00699548
0.0034349
0.000615702
-0.00369859
0.00185018
0.000305041
-0.00112286
0.000509817
-0.00354021
-0.0192207
0.00931799
-0.00348695
-0.014953
0.00737462
-0.00326082
-0.0108472
0.00546688
-0.00291078
-0.0068447
0.00377178
-0.00242672
-0.00373067
0.00209507
-0.00150106
-0.00162271
0.000642492
0.00114325
-0.023599
0.0111789
0.000786758
-0.00065236
0.000275849
0.0024849
-0.0235344
0.0111085
-0.000373101
-0.000490129
0.000130241
-0.00240677
-0.0235331
0.0112418
0.000211051
8.17176e-05
-8.68733e-06
-0.000202172
-9.1776e-05
1.88626e-05
0.000170119
-7.02329e-05
-2.92488e-06
-0.0010687
-0.0234659
0.0111795
0.00016339
-0.000402846
8.88506e-05
-0.00081686
-0.000738353
0.000368578
-0.000103382
3.25052e-05
2.20034e-05
0.00359867
-0.0214926
0.0101567
0.00356301
-0.0172329
0.00822552
0.00342013
-0.0129711
0.00633097
0.00315891
-0.00885885
0.00450483
0.00253326
-0.00543918
0.00275499
0.00185723
-0.0025873
0.00126492
-0.00131017
-0.0214806
0.010285
-0.00131788
-0.0171982
0.00833134
-0.00130198
-0.0129282
0.00637914
-0.0011637
-0.00888853
0.00446937
-0.000922871
-0.00530253
0.00278449
-0.000694895
-0.00243926
0.00119802
0.00137749
-0.0213563
0.0101512
0.00135322
-0.0170885
0.0082112
0.0012882
-0.0128406
0.00627791
0.00115613
-0.0087619
0.00441078
0.000765405
-0.00521384
0.00262833
0.000468706
-0.00235882
0.00113099
-0.0035404
-0.0213536
0.0102855
-0.00351731
-0.0170885
0.00834247
-0.00342293
-0.0128427
0.00641384
-0.00309318
-0.00885185
0.00459068
-0.00269156
-0.0052291
0.00290271
-0.00206663
-0.00245182
0.00135037
0.00247014
-0.0192991
0.00918969
0.00241694
-0.0150306
0.00724528
0.00225822
-0.0108159
0.00536759
0.00189754
-0.0071387
0.00354764
0.00141266
-0.00380218
0.00190245
0.000941274
-0.00126078
0.000584166
-0.00240236
-0.0192833
0.00931476
-0.00236435
-0.0150052
0.00735942
-0.00221354
-0.0108586
0.0054005
-0.00191988
-0.00691523
0.00370955
-0.00157169
-0.00375397
0.00200487
-0.00101041
-0.001403
0.000546893
-0.00106814
-0.0192214
0.00925421
-0.00104992
-0.014945
0.00730623
-0.00102004
-0.010743
0.00542137
-0.000924675
-0.00685664
0.00357814
-0.000889238
-0.00364714
0.00198139
-0.000727921
-0.00123011
0.000695908
0.00112492
-0.0193536
0.00925686
0.00106237
-0.0150516
0.00733012
0.000993079
-0.0108431
0.00544547
0.000927369
-0.00696073
0.00362524
0.000710194
-0.0037632
0.00199541
0.000488963
-0.00123704
0.000658725
0.000346679
-0.000419849
0.000215065
-0.000294634
-0.000368386
0.000317833
3.99588e-05
-0.0235332
0.0111763
-0.000674351
-0.000535378
0.000194254
-1.55494e-05
6.15517e-05
-3.81642e-05
0.000539065
-0.00047556
0.00012591
0.00248021
-0.0214263
0.0101544
0.00245022
-0.0171625
0.00821818
0.00234301
-0.012905
0.00630275
0.00216087
-0.00881303
0.00443796
0.00162525
-0.00534196
0.00269536
0.00118689
-0.00245799
0.00119141
-0.00240669
-0.0214156
0.0102853
-0.00238331
-0.0171462
0.00833123
-0.00231711
-0.0128934
0.00638472
-0.00205602
-0.00885582
0.00454345
-0.00176299
-0.00526843
0.00282128
-0.00133935
-0.00242915
0.00123998
-0.00106481
-0.0213547
0.0102189
-0.00107074
-0.0170733
0.00828736
-0.00104375
-0.0128181
0.00635166
-0.000955539
-0.00878188
0.00451738
-0.00092608
-0.00516564
0.0027649
-0.000846104
-0.00230435
0.00126806
0.0011354
-0.0214854
0.0102225
0.00110729
-0.0172103
0.00828422
0.00102769
-0.0129267
0.0063709
0.00096461
-0.00884742
0.00449272
0.00081283
-0.00529222
0.00278422
0.000600683
-0.00240658
0.00128607
0.00014839
-0.000766741
0.000362559
0.000967972
-0.00960328
0.00483073
