0.00332134
-0.0212364
0.0108907
-0.00106508
-0.0212298
0.0110805
-9.93294e-05
-5.65642e-05
-4.93926e-05
0.000137938
-4.43135e-06
7.1762e-05
0.00113089
-0.0210397
0.0108875
-0.003259
-0.021044
0.0110836
-0.000126527
-2.28265e-05
8.07066e-05
3.21662e-05
-1.51037e-05
-4.26595e-05
0.00331049
-0.0174567
0.00899936
0.00323708
-0.0136393
0.00710665
0.00304326
-0.00983787
0.00529021
0.00264195
-0.00653906
0.0035285
0.00206757
-0.0035904
0.00190988
0.00129975
-0.00135623
0.000672573
-0.00106834
-0.0174377
0.00918305
-0.00107693
-0.0135921
0.00725528
-0.00102175
-0.00987815
0.00531134
-0.000852318
-0.00630859
0.00360529
-0.000681484
-0.00346016
0.00194424
-0.00044517
-0.00121093
0.000530969
0.00112548
-0.0172569
0.00899308
0.00108697
-0.0134395
0.00707856
0.00100138
-0.00967465
0.00521448
0.000819289
-0.00630859
0.00335191
0.000495399
-0.00334408
0.00180283
0.000238008
-0.00102043
0.000505903
-0.0032612
-0.0172504
0.00918595
-0.00321245
-0.0134421
0.00726897
-0.00301091
-0.00977214
0.00538594
-0.00269629
-0.00618253
0.00370902
-0.00224967
-0.00338225
0.00205988
-0.00139791
-0.00148343
0.000635272
0.00112538
-0.0212352
0.0109879
0.000738822
-0.000605377
0.000265633
0.00222245
-0.0211391
0.0108868
-0.000320107
-0.000447004
0.00014276
-0.00214659
-0.021138
0.011082
0.000202365
7.51473e-05
-5.61878e-06
-0.000183389
-8.48623e-05
1.5222e-05
0.000153389
-6.56487e-05
-5.5462e-06
-0.00105307
-0.0210398
0.0109883
0.000130855
-0.000366829
0.000100854
-0.000763412
-0.000682021
0.000356683
-0.000101164
2.96885e-05
2.35051e-05
0.00331903
-0.0193538
0.00994908
0.00328772
-0.0155494
0.00804715
0.0031589
-0.0117382
0.00618146
0.00291959
-0.00805092
0.00438405
0.00235459
-0.00497002
0.00267205
0.00173285
-0.0023791
0.0012236
-0.00106537
-0.0193433
0.0101397
-0.00107439
-0.0155178
0.00821517
-0.00106813
-0.0116973
0.0062924
-0.00095873
-0.00807102
0.00441588
-0.000762754
-0.00484159
0.0027514
-0.000581527
-0.00223706
0.00119493
0.00113162
-0.0191557
0.00994432
0.00111152
-0.0153458
0.00803523
0.00105961
-0.0115524
0.00613524
0.000954052
-0.00790196
0.00430255
0.000619873
-0.00470771
0.00256133
0.000373637
-0.00213571
0.00110583
-0.0032614
-0.019154
0.0101398
-0.00324015
-0.015348
0.00822382
-0.00315432
-0.0115581
0.00632103
-0.00286139
-0.00798451
0.00451984
-0.00249416
-0.00473034
0.00285454
-0.00191677
-0.00223062
0.00132829
0.00220968
-0.0173569
0.00899707
0.00216398
-0.0135442
0.00708324
0.0020246
-0.00977403
0.00523691
0.00170675
-0.00646881
0.00345103
0.00127658
-0.00345978
0.00184619
0.00085491
-0.00115394
0.000567534
-0.00214328
-0.0173433
0.00918312
-0.00211144
-0.0135223
0.00725553
-0.00198264
-0.00980947
0.00532811
-0.0017263
-0.00627354
0.00365206
-0.00141991
-0.00341601
0.00197723
-0.000920125
-0.00127836
0.000551179
-0.00105182
-0.0172505
0.00909208
-0.00103155
-0.0134336
0.00717324
-0.000999643
-0.00967979
0.00531688
-0.000906704
-0.00618788
0.00350793
-0.000860488
-0.00330253
0.00193972
-0.000697995
-0.00112187
0.000683871
0.00110867
-0.0174439
0.00909488
0.0010493
-0.0135996
0.00719702
0.000980364
-0.00982994
0.00533919
0.000910366
-0.00634452
0.00355128
0.000701884
-0.00344786
0.00195375
0.000483022
-0.00114061
0.000646354
0.000340709
-0.00038662
0.000210474
-0.000288053
-0.000338983
0.000310285
3.8587e-05
-0.021138
0.0109855
-0.000616435
-0.000488981
0.000193415
-1.51665e-05
5.59163e-05
-3.77604e-05
0.000490555
-0.00043601
0.000126665
0.00221839
-0.0192564
0.00994704
0.00219256
-0.0154489
0.00804071
0.00209884
-0.0116435
0.00615599
0.00193905
-0.00797822
0.00432331
0.00146546
-0.00485057
0.00261787
0.00107482
-0.00224172
0.00115621
-0.00214665
-0.0192472
0.0101398
-0.00212697
-0.0154352
0.00821355
-0.00207153
-0.0116333
0.0062951
-0.00184506
-0.00801511
0.00447788
-0.00158883
-0.0047858
0.00278025
-0.00121386
-0.00221392
0.00122698
-0.00104943
-0.0191546
0.0100425
-0.00105293
-0.0153332
0.00813972
-0.00102374
-0.0115344
0.00623326
-0.000939996
-0.00792202
0.0044257
-0.000900625
-0.00466919
0.00270698
-0.000813797
-0.00209195
0.00124316
0.0011183
-0.0193475
0.010046
0.00109217
-0.0155293
0.00813676
0.00101552
-0.011698
0.00625198
0.000949314
-0.00803661
0.00440608
0.000802339
-0.00483627
0.00272644
0.000594148
-0.00221154
0.00125957
0.0001131
-0.000701779
0.000357018
0.000809977
-0.00866678
0.00471738
