0.00317968
-0.0200435
0.0107721
-0.000942803
-0.0200373
0.0109932
-9.23587e-05
-5.27832e-05
-4.70671e-05
0.000132993
-5.1937e-06
6.98019e-05
0.00100789
-0.019816
0.0107692
-0.00311815
-0.0198201
0.010996
-0.000122053
-2.25772e-05
7.82817e-05
2.79125e-05
-1.29356e-05
-4.05184e-05
0.00316969
-0.0164915
0.0088968
0.00310046
-0.0129031
0.00701993
0.00291729
-0.00932544
0.00521855
0.00253617
-0.00621519
0.00347278
0.00198996
-0.00342385
0.00187769
0.00125385
-0.00129879
0.000659362
-0.000946052
-0.0164737
0.00911141
-0.000956802
-0.0128579
0.00719952
-0.000911377
-0.00936011
0.00527386
-0.00076055
-0.00599703
0.00357949
-0.000611877
-0.00329683
0.00193378
-0.000403431
-0.00115542
0.000537619
0.00100304
-0.0162615
0.00889115
0.000968736
-0.0126745
0.00699393
0.000892881
-0.009136
0.00514812
0.000730587
-0.00596052
0.00330824
0.000434869
-0.00316401
0.00177803
0.000204236
-0.000968188
0.000503662
-0.00312018
-0.016256
0.0091137
-0.00307366
-0.0126788
0.00721131
-0.00288437
-0.00922818
0.00534199
-0.00258746
-0.00584678
0.00367537
-0.0021597
-0.00320522
0.00204107
-0.00134537
-0.00141246
0.000631324
0.00111561
-0.0200425
0.0108848
0.000714309
-0.000581315
0.000260373
0.00209037
-0.0199307
0.0107685
-0.000293327
-0.000425012
0.000148978
-0.00201578
-0.0199298
0.0109945
0.00019789
7.18144e-05
-4.07717e-06
-0.000173855
-8.13377e-05
1.33914e-05
0.000144897
-6.32982e-05
-6.85666e-06
-0.00104455
-0.0198162
0.0108853
0.000114441
-0.000348412
0.000106826
-0.000736139
-0.000653224
0.000350539
-9.9994e-05
2.82671e-05
2.42471e-05
0.00317758
-0.0182744
0.00983852
0.00314842
-0.0146989
0.00795258
0.0030266
-0.0111143
0.00610266
0.00279827
-0.00764129
0.00432088
0.00226371
-0.00473157
0.00262893
0.00166944
-0.00227296
0.00120221
-0.000943027
-0.0182645
0.0100602
-0.000952667
-0.0146689
0.00815153
-0.000951121
-0.0110746
0.00624485
-0.000856
-0.00765665
0.00438625
-0.000682312
-0.00460734
0.00273314
-0.000524421
-0.00213406
0.00119268
0.00100861
-0.0180455
0.00983414
0.000990566
-0.0144659
0.00794186
0.000945125
-0.010901
0.00605984
0.000852689
-0.00746642
0.00424565
0.000546728
-0.00445093
0.0025262
0.000325762
-0.00202223
0.00109257
-0.00312039
-0.0180443
0.01006
-0.00310005
-0.0144692
0.00815897
-0.00301847
-0.0109086
0.00627048
-0.00274389
-0.00754526
0.00448157
-0.00239394
-0.00447721
0.00282873
-0.00184055
-0.00211807
0.0013165
0.00207859
-0.0163765
0.0088947
0.00203659
-0.012793
0.00699752
0.00190684
-0.00924664
0.00516817
0.00161039
-0.00612916
0.00340055
0.00120767
-0.00328572
0.00181693
0.000811089
-0.00109942
0.000558879
-0.002013
-0.016364
0.00911108
-0.0019842
-0.0127729
0.00719875
-0.00186632
-0.00927847
0.00528842
-0.00162859
-0.00594799
0.00362106
-0.00134313
-0.00324421
0.00196223
-0.000874332
-0.00121489
0.00055303
-0.00104296
-0.0162558
0.00900487
-0.0010217
-0.01267
0.00710198
-0.000988812
-0.00914176
0.00526118
-0.00089714
-0.00584886
0.00347061
-0.000845594
-0.00312743
0.0019177
-0.000682589
-0.00106666
0.00067746
0.0010997
-0.0164796
0.00900773
0.00104194
-0.0128655
0.00712567
0.000973257
-0.00931684
0.00528259
0.00090122
-0.00603164
0.00351206
0.000697228
-0.00328734
0.00193172
0.000479729
-0.00109134
0.000639795
0.000337507
-0.000369605
0.000208063
-0.000284589
-0.000323897
0.000306329
3.78375e-05
-0.0199297
0.0108827
-0.000587023
-0.000465305
0.000192903
-1.49623e-05
5.30685e-05
-3.75339e-05
0.000465916
-0.000415775
0.000126983
0.00208662
-0.0181614
0.00983661
0.00206285
-0.0145835
0.0079466
0.00197582
-0.0110055
0.00607857
0.00182717
-0.00755519
0.00426323
0.00138463
-0.00460109
0.00257749
0.001018
-0.00213162
0.00113791
-0.00201591
-0.018153
0.0100601
-0.00199804
-0.014571
0.00814918
-0.00194792
-0.010996
0.00624614
-0.00173868
-0.00758916
0.00444223
-0.00150083
-0.00454074
0.00275802
-0.0011503
-0.00210439
0.00121977
-0.00104102
-0.0180447
0.00994744
-0.00104334
-0.0144546
0.00806044
-0.00101309
-0.0108853
0.00616995
-0.000931606
-0.00748651
0.00437704
-0.000887354
-0.00441724
0.00267634
-0.000797143
-0.00198386
0.00122997
0.0011089
-0.0182685
0.00995096
0.00108377
-0.0146801
0.00805757
0.00100864
-0.0110763
0.00618841
0.000940969
-0.00762556
0.00435991
0.00079651
-0.00460448
0.00269585
0.000590469
-0.0021121
0.00124557
9.53294e-05
-0.000668573
0.000354044
0.000730702
-0.00819259
0.00465766
