0.00289353
-0.0176393
0.0105205
-0.000698901
-0.0176338
0.0108034
-7.82431e-05
-4.51159e-05
-4.23427e-05
0.0001229
-6.7056e-06
6.57819e-05
0.000762179
-0.0173507
0.0105181
-0.00283397
-0.0173545
0.0108057
-0.000112922
-2.20438e-05
7.33249e-05
1.93117e-05
-8.54403e-06
-3.61676e-05
0.00288521
-0.0145445
0.00867985
0.00282427
-0.0114157
0.0068374
0.00266227
-0.00828798
0.00506873
0.00232157
-0.0055579
0.00335724
0.00183197
-0.00308471
0.00181115
0.00116018
-0.00118136
0.000632218
-0.000702108
-0.0145289
0.00895563
-0.000716998
-0.0113746
0.00707829
-0.00069069
-0.00831164
0.00519191
-0.000576622
-0.00536444
0.00352335
-0.00047192
-0.00296441
0.00191054
-0.000319223
-0.00104213
0.000550381
0.000758441
-0.0142545
0.00867541
0.000732367
-0.0111303
0.00681552
0.000675681
-0.00804656
0.00500883
0.000552609
-0.00525538
0.00321676
0.000313077
-0.00279822
0.00172632
0.000136153
-0.00086158
0.000498675
-0.00283566
-0.0142511
0.00895676
-0.00279353
-0.0111377
0.00708636
-0.00262851
-0.00812819
0.00524722
-0.00236688
-0.00516612
0.0036036
-0.00197703
-0.00284548
0.00200108
-0.0012384
-0.00126784
0.000622786
0.00109433
-0.0176385
0.0106639
0.000664196
-0.00053197
0.000249583
0.00182494
-0.0174958
0.0105174
-0.000239193
-0.000380105
0.000161344
-0.00175322
-0.0174951
0.0108043
0.000188685
6.50614e-05
-9.77536e-07
-0.000154499
-7.41506e-05
9.708e-06
0.000127654
-5.84759e-05
-9.47568e-06
-0.00102611
-0.017351
0.0106643
8.12923e-05
-0.000310714
0.000118743
-0.000680513
-0.000594331
0.000337875
-9.75405e-05
2.54016e-05
2.57175e-05
0.00289182
-0.0160977
0.00960421
0.00286689
-0.012982
0.00775299
0.00275896
-0.00985292
0.00593729
0.00255258
-0.0068109
0.00418926
0.00207898
-0.00424681
0.00253963
0.00154021
-0.00205645
0.00115807
-0.000698997
-0.0160893
0.00988724
-0.000709801
-0.0129551
0.00801317
-0.000717406
-0.00981547
0.00614141
-0.000650374
-0.00681695
0.00432123
-0.000520821
-0.0041312
0.00269324
-0.000409411
-0.00192412
0.00118682
0.000762884
-0.0158081
0.00960056
0.000748861
-0.0126908
0.0077446
0.000716111
-0.00958516
0.00590119
0.000649569
-0.00658464
0.0041265
0.000399762
-0.00392997
0.00245286
0.000229323
-0.00179137
0.00106482
-0.00283589
-0.0158078
0.00988667
-0.00281733
-0.0126962
0.00801823
-0.00274412
-0.0095962
0.00616113
-0.002506
-0.00665604
0.00439941
-0.00219062
-0.00396352
0.00277374
-0.00168566
-0.00188898
0.00129143
0.00181508
-0.0143992
0.00867811
0.00178038
-0.0112761
0.00681697
0.0016697
-0.00817953
0.00502416
0.00141594
-0.00544058
0.00329546
0.00106813
-0.00293177
0.00175628
0.000722176
-0.000988068
0.000540962
-0.00175148
-0.0143889
0.00895452
-0.00172864
-0.0112594
0.00707553
-0.00163233
-0.00820426
0.0052021
-0.00143156
-0.00528758
0.00355459
-0.0011879
-0.00289492
0.0019299
-0.000781475
-0.00108557
0.000556165
-0.00102387
-0.0142502
0.00881829
-0.00100072
-0.0111284
0.00695007
-0.000965941
-0.00805355
0.00514305
-0.000876902
-0.00516175
0.00339163
-0.000814828
-0.00277159
0.00187141
-0.000650933
-0.000953997
0.000663898
0.00108001
-0.0145342
0.00882128
0.00102554
-0.0113824
0.00697355
0.000957495
-0.00827813
0.00516264
0.000881621
-0.00539636
0.00342928
0.000686899
-0.00296046
0.00188538
0.000472506
-0.000990556
0.000625971
0.000330682
-0.000334704
0.000203028
-0.000277331
-0.000292906
0.000298076
3.61703e-05
-0.0174949
0.010662
-0.000527301
-0.000416945
0.000191703
-1.45297e-05
4.73187e-05
-3.70345e-05
0.000415868
-0.000374328
0.000127529
0.00182179
-0.0159541
0.00960254
0.00180207
-0.012837
0.0077479
0.00172826
-0.00971595
0.00591593
0.00160173
-0.00669821
0.00413778
0.00122121
-0.00409454
0.00249368
0.000902852
-0.00190736
0.00110001
-0.00175349
-0.0159472
0.00988685
-0.00173918
-0.0128271
0.00800941
-0.00169949
-0.0097079
0.00613994
-0.00152439
-0.00672641
0.00436531
-0.00132314
-0.0040431
0.00271023
-0.00102163
-0.00188141
0.00120397
-0.00102283
-0.0158077
0.00974379
-0.00102282
-0.0126821
0.00789108
-0.00099054
-0.00957378
0.0060353
-0.000913625
-0.00660474
0.00427424
-0.000859788
-0.00390593
0.00261182
-0.000762887
-0.00176382
0.00120219
0.00108837
-0.0160927
0.0097473
0.00106523
-0.0129656
0.0078884
0.000993241
-0.00981912
0.00605319
0.000922857
-0.00679243
0.00426206
0.000783657
-0.00413315
0.00263141
0.000582284
-0.00190924
0.00121613
5.95219e-05
-0.000600634
0.000347737
0.000571793
-0.00723281
0.00453237
