0.00274921
-0.016429
0.0103876
-0.000577479
-0.0164238
0.0107009
-7.10979e-05
-4.12287e-05
-3.99448e-05
0.000117753
-7.45412e-06
6.37229e-05
0.000639643
-0.0161104
0.0103853
-0.00269083
-0.016114
0.0107029
-0.000108266
-2.17599e-05
7.0794e-05
1.49623e-05
-6.31916e-06
-3.39575e-05
0.0027417
-0.0135634
0.00856558
0.00268484
-0.010665
0.0067417
0.00253332
-0.00776318
0.00499068
0.00221282
-0.00522452
0.00329752
0.00175163
-0.00291209
0.00177687
0.00111242
-0.00112131
0.000618315
-0.000580654
-0.0135489
0.00887151
-0.000597514
-0.010626
0.00701283
-0.000580526
-0.00778146
0.00514743
-0.000484554
-0.00504342
0.00349303
-0.000401611
-0.00279529
0.00189777
-0.000276763
-0.000984316
0.000556496
0.000636444
-0.0132439
0.00856173
0.000614384
-0.0103517
0.00672184
0.000567098
-0.00749608
0.004936
0.000463402
-0.00489843
0.00316903
0.000251831
-0.00261249
0.00169946
0.000101837
-0.000807189
0.000495955
-0.00269234
-0.0132414
0.00887207
-0.00265236
-0.0103606
0.0070191
-0.00249934
-0.00757248
0.00519643
-0.00225523
-0.00482131
0.00356553
-0.00188438
-0.00266278
0.00197993
-0.00118401
-0.00119417
0.000618206
0.0010828
-0.0164283
0.0105461
0.000638599
-0.000506663
0.000244068
0.00169176
-0.0162704
0.0103846
-0.00021184
-0.000357172
0.000167492
-0.00162168
-0.0162698
0.0107016
0.000183959
6.16447e-05
5.80977e-07
-0.000144679
-7.04876e-05
7.8548e-06
0.000118902
-5.60031e-05
-1.07835e-05
-0.00101621
-0.0161107
0.0105464
6.45526e-05
-0.000291419
0.000124697
-0.000652169
-0.000564225
0.000331363
-9.62598e-05
2.39585e-05
2.64474e-05
0.00274769
-0.0150015
0.00948057
0.00272482
-0.0121163
0.00764809
0.00262376
-0.00921568
0.00585083
0.00242831
-0.00639026
0.00412092
0.00198519
-0.0040005
0.00249353
0.00147441
-0.00194603
0.00113537
-0.000577512
-0.0149938
0.00979383
-0.000588852
-0.0120909
0.00793846
-0.000600869
-0.00917938
0.00608554
-0.000547602
-0.00639174
0.00428585
-0.000439835
-0.0038893
0.00267162
-0.00035153
-0.00181715
0.00118322
0.000640339
-0.014682
0.00947728
0.000628273
-0.0117964
0.00764083
0.000601722
-0.00892104
0.00581805
0.000547907
-0.00613859
0.00406435
0.000325978
-0.00366586
0.00241472
0.000180761
-0.00167397
0.00105036
-0.0026926
-0.0146821
0.00979307
-0.0026749
-0.0118028
0.00794237
-0.00260581
-0.00893379
0.00610236
-0.00238572
-0.00620628
0.00435555
-0.0020876
-0.003703
0.00274459
-0.00160702
-0.00177244
0.00127819
0.00168284
-0.0134032
0.00856401
0.00165172
-0.0105109
0.00672226
0.00155045
-0.00764008
0.004949
0.00131791
-0.00509176
0.00324094
0.000997545
-0.00275187
0.00172496
0.000677092
-0.000931203
0.000531727
-0.00162044
-0.0133939
0.00887002
-0.0016005
-0.0104959
0.00700911
-0.00151479
-0.00766135
0.00515548
-0.00133234
-0.00495279
0.00351916
-0.00110952
-0.00271742
0.00191259
-0.00073443
-0.00101969
0.000557454
-0.00101366
-0.0132402
0.00871899
-0.000989611
-0.010351
0.00686949
-0.000953924
-0.00750366
0.00508067
-0.000866245
-0.00481376
0.00335002
-0.000798979
-0.00259085
0.00184718
-0.0006347
-0.000896521
0.000656765
0.00106928
-0.0135539
0.00872203
0.00101646
-0.0106339
0.00689284
0.000948824
-0.00775273
0.00509936
0.000871162
-0.00507398
0.00338577
0.000681221
-0.00279405
0.0018611
0.000468578
-0.000939001
0.000618723
0.000327063
-0.000316795
0.000200412
-0.000273546
-0.000276989
0.000293787
3.52378e-05
-0.0162696
0.0105443
-0.000497001
-0.000392246
0.000191017
-1.43019e-05
4.44189e-05
-3.67627e-05
0.000390459
-0.000353098
0.00012777
0.0016889
-0.0148428
0.00947902
0.00167117
-0.0119567
0.00764343
0.00160386
-0.00906483
0.00583082
0.00148828
-0.00626442
0.00407253
0.00113866
-0.0038375
0.00245033
0.000844527
-0.00179317
0.00108046
-0.00162201
-0.0148366
0.00979331
-0.00160943
-0.0119481
0.00793401
-0.00157485
-0.00905752
0.00608272
-0.00141661
-0.00628978
0.00432405
-0.00123354
-0.00379055
0.00268469
-0.000956558
-0.00176793
0.00119539
-0.00101305
-0.0146818
0.00963527
-0.00101191
-0.011789
0.00780108
-0.000978667
-0.00891181
0.00596402
-0.00090405
-0.00615868
0.00422016
-0.000845516
-0.00364661
0.002578
-0.000745306
-0.00165185
0.00118762
0.00107722
-0.014997
0.00963876
0.00105507
-0.0121011
0.00779849
0.000984701
-0.00918398
0.0059816
0.00091308
-0.00637046
0.00421042
0.000776626
-0.0038936
0.00259761
0.000577777
-0.00180577
0.00120072
4.14812e-05
-0.000565877
0.000344419
0.000492235
-0.00674745
0.00446688
