0.00260416
-0.0152141
0.0102499
-0.000456535
-0.0152092
0.0105933
-6.38948e-05
-3.73056e-05
-3.75239e-05
0.000112541
-8.19703e-06
6.16318e-05
0.000517426
-0.0148657
0.0102479
-0.00254712
-0.0148691
0.010595
-0.000103551
-2.14647e-05
6.82291e-05
1.05793e-05
-4.07433e-06
-3.1724e-05
0.00259745
-0.0125778
0.00844752
0.00254461
-0.00991012
0.00664312
0.00240351
-0.0072345
0.00491062
0.00210316
-0.00488805
0.00323657
0.00167041
-0.00273743
0.00174196
0.00106406
-0.00106036
0.000604211
-0.00045967
-0.0125644
0.00878324
-0.000478424
-0.00987311
0.00694415
-0.000470574
-0.00724749
0.00510063
-0.000392478
-0.00471931
0.00346122
-0.000331111
-0.00262422
0.00188423
-0.000234073
-0.000925713
0.000562435
0.000514751
-0.0122291
0.00844425
0.000496627
-0.00956909
0.00662527
0.000458601
-0.00694198
0.00486112
0.000374094
-0.00453866
0.00312002
0.000190365
-0.00242491
0.00167198
6.73375e-05
-0.000752068
0.000493099
-0.00254845
-0.0122276
0.00878325
-0.00251059
-0.00957944
0.00694865
-0.00236942
-0.00701319
0.00514338
-0.00214274
-0.0044736
0.00352602
-0.0017909
-0.00247821
0.00195803
-0.00112902
-0.0011196
0.000613425
0.00107068
-0.0152135
0.0104233
0.000612646
-0.000480919
0.000238482
0.00155837
-0.0150405
0.0102472
-0.000184298
-0.000333909
0.000173618
-0.00149008
-0.01504
0.0105938
0.000179153
5.82036e-05
2.1455e-06
-0.000134764
-6.67785e-05
5.99371e-06
0.000110064
-5.34889e-05
-1.20895e-05
-0.00100586
-0.014866
0.0104236
4.76999e-05
-0.000271822
0.000130656
-0.000623479
-0.000533679
0.000324734
-9.49448e-05
2.25093e-05
2.71745e-05
0.00260283
-0.0139008
0.00935269
0.00258199
-0.0112462
0.00753986
0.00248773
-0.00857432
0.00576192
0.00230317
-0.00596609
0.00405097
0.00189047
-0.00375159
0.00244651
0.00140784
-0.00183414
0.00111228
-0.000456504
-0.0138938
0.00969581
-0.000468345
-0.0112223
0.00786006
-0.000484653
-0.0085392
0.00602691
-0.000444935
-0.00596308
0.00424855
-0.000358733
-0.00364487
0.00264888
-0.000293416
-0.00170883
0.00117917
0.000518111
-0.0135517
0.00934976
0.00050796
-0.0108979
0.00753373
0.000487497
-0.00825311
0.00573243
0.00044624
-0.00568925
0.00400054
0.000252017
-0.00339936
0.00237563
0.000131976
-0.00155526
0.00103554
-0.00254873
-0.0135522
0.00969487
-0.00253188
-0.0109054
0.00786284
-0.00246685
-0.00826755
0.00604088
-0.00226464
-0.00575323
0.00430987
-0.00198375
-0.00344008
0.00271437
-0.00152762
-0.00165457
0.00126448
0.00155038
-0.0124028
0.00844613
0.00152277
-0.00974164
0.00662467
0.00143082
-0.0070969
0.00487181
0.0012194
-0.00474
0.00318516
0.000926428
-0.00257004
0.00169301
0.000631598
-0.000873533
0.000522323
-0.00148933
-0.0123947
0.00878139
-0.00147224
-0.00972825
0.0069395
-0.00139699
-0.00711475
0.00510657
-0.0012327
-0.00461501
0.00348229
-0.00103065
-0.00253803
0.00189454
-0.000686989
-0.000953001
0.000558559
-0.00100301
-0.0122261
0.00861573
-0.000978099
-0.00956965
0.00678587
-0.000941532
-0.00695015
0.00501613
-0.000855238
-0.0044629
0.00330705
-0.000782834
-0.00240824
0.00182224
-0.000618208
-0.000838276
0.000649408
0.00105795
-0.0125692
0.00861882
0.00100679
-0.00988112
0.00680907
0.000939618
-0.00722348
0.00503391
0.000860261
-0.00474849
0.00334089
0.000675199
-0.00262566
0.00183612
0.00046444
-0.000886651
0.000611262
0.00032331
-0.000298566
0.000197734
-0.000269662
-0.000260785
0.000289395
3.42306e-05
-0.0150398
0.0104218
-0.000466414
-0.000367192
0.000190275
-1.4067e-05
4.1504e-05
-3.64769e-05
0.000364795
-0.000331521
0.000127997
0.0015558
-0.0137271
0.00935126
0.00154001
-0.0110722
0.00753563
0.00147914
-0.00840976
0.00574326
0.00137442
-0.00582721
0.00400565
0.00105558
-0.00357798
0.00240605
0.000785715
-0.00167761
0.00106053
-0.00149048
-0.0137217
0.00969515
-0.00147959
-0.0110648
0.00785495
-0.00145003
-0.00840319
0.00602278
-0.00130847
-0.00584978
0.00428095
-0.00114348
-0.00353555
0.00265806
-0.000891013
-0.00165313
0.00118637
-0.00100282
-0.0135517
0.00952232
-0.00100058
-0.0108918
0.00770758
-0.000966409
-0.00824599
0.00589014
-0.000894096
-0.00570932
0.00416435
-0.000830933
-0.00338489
0.00254316
-0.000727438
-0.00153858
0.00117263
0.00106547
-0.0138966
0.00952579
0.00104431
-0.0112322
0.00770508
0.000975588
-0.00854472
0.00590742
0.000902817
-0.00594499
0.00415701
0.000769187
-0.00365146
0.00256278
0.000572993
-0.00170091
0.00118487
2.33483e-05
-0.000530587
0.000341002
0.000412658
-0.00625862
0.00439956
