0.00245846
-0.013995
0.0101077
-0.000336154
-0.0139904
0.0104806
-5.66346e-05
-3.33467e-05
-3.50809e-05
0.000107263
-8.93385e-06
5.95093e-05
0.0003956
-0.0136173
0.0101058
-0.00240294
-0.0136206
0.0104821
-9.87779e-05
-2.11584e-05
6.56308e-05
6.16235e-06
-1.80938e-06
-2.94672e-05
0.00245254
-0.0115881
0.00832575
0.00240366
-0.00915118
0.00654173
0.00227287
-0.00670208
0.00482859
0.00199262
-0.00454855
0.00317444
0.00158835
-0.00256073
0.00170644
0.0010151
-0.000998494
0.00058992
-0.000339241
-0.0115758
0.00869082
-0.000359808
-0.00911622
0.00687227
-0.000360902
-0.00670988
0.00505151
-0.000300437
-0.00439214
0.00342794
-0.000260445
-0.00245122
0.00186994
-0.000191162
-0.000866313
0.000568197
0.000393435
-0.0112107
0.00832305
0.000379165
-0.00878285
0.00652586
0.000350242
-0.00638444
0.00478422
0.000284719
-0.00417617
0.00306976
0.000128691
-0.0022355
0.00164389
3.26557e-05
-0.000696215
0.000490117
-0.00240407
-0.0112101
0.00869031
-0.00236828
-0.00879466
0.00687504
-0.00223884
-0.00645052
0.00508809
-0.00202945
-0.00412306
0.00348508
-0.00169663
-0.00229181
0.00193538
-0.00107346
-0.00104413
0.000608445
0.00105796
-0.0139945
0.0102958
0.000586342
-0.000454734
0.000232831
0.00142485
-0.0138067
0.0101052
-0.000156572
-0.000310312
0.000179721
-0.00135852
-0.0138062
0.010481
0.000174269
5.47397e-05
3.71608e-06
-0.000124758
-6.30234e-05
4.12467e-06
0.000101141
-5.09333e-05
-1.33932e-05
-0.000995078
-0.0136177
0.0102961
3.07337e-05
-0.00025192
0.000136622
-0.00059445
-0.000502694
0.000317991
-9.3597e-05
2.10545e-05
2.78993e-05
0.00245732
-0.0127959
0.00922065
0.00243847
-0.010372
0.00742837
0.00235093
-0.00792906
0.00567064
0.00217722
-0.00553848
0.00397945
0.00179486
-0.0035001
0.00239861
0.00134051
-0.0017208
0.00108883
-0.000336059
-0.0127896
0.0095932
-0.000348366
-0.0103496
0.00777799
-0.000368833
-0.00789514
0.00596552
-0.000342431
-0.00553105
0.00420935
-0.000277547
-0.00339792
0.00262505
-0.000235085
-0.00159916
0.00117467
0.000396273
-0.0124177
0.00921805
0.000387993
-0.00999577
0.00742333
0.000373495
-0.00758161
0.0056444
0.000344613
-0.00523676
0.00393513
0.000177903
-0.00313055
0.00233565
8.29733e-05
-0.00143526
0.00102037
-0.00240439
-0.0124187
0.00959208
-0.00238835
-0.0100042
0.00777968
-0.00232732
-0.00759771
0.00597669
-0.00214281
-0.00529704
0.00426236
-0.00187909
-0.00317481
0.00268307
-0.00144748
-0.00153538
0.00125031
0.00141776
-0.0113986
0.00832453
0.00139362
-0.00896853
0.00652426
0.00131088
-0.00655015
0.00479264
0.00112045
-0.00438538
0.00312818
0.000854802
-0.00238627
0.00166047
0.000585702
-0.000815054
0.000512765
-0.00135824
-0.0113915
0.00868863
-0.00134392
-0.0089568
0.00686671
-0.00127899
-0.00656466
0.00505537
-0.00113269
-0.00427431
0.00344398
-0.000951321
-0.00235676
0.00187574
-0.000639164
-0.000885495
0.000559483
-0.000991929
-0.0112083
0.00850854
-0.000966195
-0.00878464
0.00669925
-0.000928776
-0.00639319
0.00494947
-0.000843891
-0.00410927
0.00326272
-0.000766404
-0.0022238
0.00179662
-0.000601466
-0.000779266
0.000641836
0.001046
-0.0115802
0.00851168
0.000996527
-0.00912428
0.00672228
0.000929872
-0.00669052
0.00496634
0.000848918
-0.00441993
0.00329466
0.000668831
-0.00245528
0.00181043
0.000460095
-0.000833496
0.000603593
0.000319426
-0.000280011
0.000194997
-0.000265683
-0.000244293
0.000284906
3.31431e-05
-0.013806
0.0102944
-0.000435548
-0.000341783
0.000189477
-1.38253e-05
3.85751e-05
-3.61775e-05
0.00033888
-0.000309594
0.000128215
0.00142256
-0.0126075
0.00921933
0.00140868
-0.0101839
0.00742457
0.00135415
-0.00775097
0.00565331
0.00126019
-0.00538671
0.0039372
0.00097199
-0.00331603
0.0023609
0.000726431
-0.00156068
0.00104025
-0.00135897
-0.0126028
0.00959241
-0.00134975
-0.0101776
0.00777224
-0.00132509
-0.00774515
0.00596011
-0.00120003
-0.00540651
0.004236
-0.00105299
-0.00327813
0.00263035
-0.000825018
-0.00153701
0.0011769
-0.00099216
-0.0124179
0.009405
-0.000988841
-0.00999083
0.0076106
-0.000953776
-0.00757659
0.00581371
-0.00088377
-0.00525679
0.00410682
-0.000816049
-0.00312083
0.00250733
-0.000709292
-0.00142403
0.00115721
0.00105311
-0.0127922
0.00940844
0.00103294
-0.0103592
0.0076082
0.000965897
-0.00790155
0.00583066
0.000892066
-0.00551611
0.00410187
0.000761338
-0.00340677
0.00252695
0.000567933
-0.00159467
0.00116859
5.12386e-06
-0.00049476
0.000337494
0.000333097
-0.00576647
0.00433046
