0.00652274
-0.0677302
0.00276667
-0.00555214
-0.0677521
0.00106619
-0.000591991
-0.000333818
-0.000173526
0.00036877
5.23847e-05
0.000131407
0.00613623
-0.0694456
0.00277093
-0.00594449
-0.0694444
0.00105182
-0.000327984
-1.53234e-05
0.000157208
0.000421081
-0.000231472
-0.00017269
0.0065764
-0.0574324
0.00243011
0.00671006
-0.0469626
0.00209633
0.0067678
-0.0359364
0.00180256
0.00631633
-0.024691
0.00156557
0.00525142
-0.0140468
0.0010089
0.0033153
-0.0053845
0.000481617
-0.00558451
-0.0574651
0.000728755
-0.00574099
-0.0469406
0.000388665
-0.00590236
-0.0358666
1.61564e-05
-0.00576435
-0.0242691
-0.000249077
-0.0050774
-0.0136764
-0.000513239
-0.00342558
-0.00509705
-0.0010252
0.00617243
-0.0591636
0.00245071
0.00630649
-0.0487108
0.00212465
0.00637208
-0.0376393
0.00175306
0.00597687
-0.0263223
0.00121314
0.00489934
-0.0151761
0.000628847
0.00305646
-0.00509347
-0.00031984
-0.00598263
-0.0591887
0.000691004
-0.00615218
-0.0486911
0.000332092
-0.00628387
-0.0376164
4.99168e-05
-0.00614298
-0.0259699
-7.40057e-05
-0.00567566
-0.0148174
-0.000116172
-0.00358502
-0.00628728
-0.00027834
0.000476836
-0.0677437
0.00190713
0.00180991
-0.00240395
0.000173099
0.00633295
-0.0685864
0.0027704
-0.00228053
-0.00216426
-0.000731173
-0.00576514
-0.0685944
0.00105464
0.000231808
0.000206821
-0.000136703
-0.00076126
-0.000288421
0.000150688
0.000713839
-0.000216242
0.000121941
9.37754e-05
-0.0694511
0.00190638
0.0015384
-0.00196939
-0.000694719
-0.00194631
-0.00267749
0.000186884
-6.31679e-06
7.26172e-05
-0.000102023
0.0065375
-0.0625716
0.00260003
0.00663976
-0.0522465
0.00226112
0.00676779
-0.0415322
0.00194229
0.00672371
-0.0301441
0.00169102
0.00584941
-0.0191932
0.00128042
0.00444702
-0.0093872
0.000689937
-0.00555749
-0.0626076
0.000896209
-0.00564662
-0.052258
0.000559226
-0.00584348
-0.0414618
0.000213458
-0.00590768
-0.0301869
-0.000146294
-0.00549194
-0.0188563
-0.00037197
-0.00442632
-0.00899988
-0.000719295
0.00613957
-0.0642936
0.00261259
0.00623216
-0.0539937
0.00229114
0.00636274
-0.0432709
0.00195105
0.00629055
-0.0318712
0.00154712
0.00548896
-0.0206052
0.000979636
0.00411339
-0.0100722
0.000170432
-0.00595031
-0.0643126
0.000877865
-0.00605458
-0.0540024
0.000505447
-0.00626122
-0.043214
0.000172924
-0.00626806
-0.0319226
-4.76198e-05
-0.00598221
-0.0203164
-0.000104934
-0.00505695
-0.00981917
-0.000158696
0.00637583
-0.0582964
0.00243454
0.0064737
-0.047834
0.00210949
0.00651364
-0.0368127
0.00179064
0.00601532
-0.0256286
0.00143237
0.00498663
-0.0146497
0.000888343
0.00337971
-0.00524047
0.000216033
-0.00579956
-0.0583212
0.000705885
-0.00593022
-0.0478113
0.000361438
-0.00601637
-0.0367506
2.27868e-05
-0.00579197
-0.025151
-0.000108037
-0.00510331
-0.014356
-0.000255303
-0.00333417
-0.00574336
-0.000639509
0.000107268
-0.0591885
0.00156896
0.000114831
-0.0487245
0.00123037
3.81503e-05
-0.0376175
0.000924361
-1.79806e-05
-0.0260814
0.000585386
-0.00040349
-0.0148445
0.000290318
-0.000718941
-0.00525028
-6.49917e-05
0.000502004
-0.0574655
0.00157477
0.000495233
-0.0469805
0.00124532
0.000413496
-0.0358927
0.000940178
0.000371683
-0.0243527
0.000634757
0.000119663
-0.013643
0.000306147
-9.43899e-06
-0.00474746
7.89742e-06
1.8398e-05
-0.001839
1.70728e-05
-2.93018e-05
-0.00169074
7.51676e-05
0.000282516
-0.0685913
0.00191253
-0.00221282
-0.00231767
-0.000144783
-1.33237e-05
0.00016946
1.56835e-05
0.00197607
-0.00212812
-0.000198798
0.00634763
-0.0634304
0.00260014
0.00642244
-0.0531195
0.00227181
0.00651836
-0.0424081
0.00195003
0.00643267
-0.0310568
0.00162171
0.0055311
-0.0199625
0.00119438
0.00427243
-0.00975709
0.000538834
-0.00576922
-0.0634603
0.000884065
-0.00585918
-0.053124
0.000528872
-0.00600164
-0.0423439
0.000196175
-0.00594658
-0.0310304
-7.36501e-05
-0.0055324
-0.0196433
-0.000198304
-0.00443617
-0.00955966
-0.000378257
9.20135e-05
-0.0643046
0.00174107
0.000120413
-0.0540239
0.00140101
8.79407e-05
-0.0432658
0.00107104
4.84036e-05
-0.0318623
0.000795347
-0.000208836
-0.0203636
0.000471196
-0.000653204
-0.0096605
7.29843e-05
0.00049042
-0.0625965
0.00174391
0.000505087
-0.0522748
0.0014053
0.00046127
-0.0415157
0.00108526
0.00038748
-0.0301743
0.000758144
0.000226934
-0.0188637
0.000470172
2.57092e-05
-0.00888412
0.000153917
0.00161418
-0.00339113
-8.86264e-05
0.00481359
-0.0340127
0.0014624
