0.0015744
-0.00662211
0.00916108
0.000370365
-0.00661936
0.00969975
-1.19671e-05
-8.88002e-06
-2.0014e-05
7.43208e-05
-1.32021e-05
4.61572e-05
-0.000323649
-0.0060806
0.00916036
-0.00153188
-0.00608289
0.00969987
-6.90008e-05
-1.90997e-05
4.93897e-05
-2.10205e-05
1.21822e-05
-1.54552e-05
0.00157272
-0.00558606
0.00752084
0.00154626
-0.00452873
0.00587778
0.00147496
-0.0034383
0.00429828
0.00131341
-0.0024526
0.00277921
0.00107951
-0.00145955
0.0014822
0.00070964
-0.000608355
0.000500962
0.000367768
-0.00557986
0.00805035
0.000338197
-0.00450589
0.00637428
0.000288098
-0.00341743
0.00470857
0.000248733
-0.00236954
0.00319747
0.000165595
-0.00137433
0.00176842
7.02712e-05
-0.000493472
0.000598901
-0.000323091
-0.00504765
0.00752128
-0.000316246
-0.00400715
0.00587308
-0.000294289
-0.00297874
0.00428349
-0.000250994
-0.00195088
0.00274421
-0.000244717
-0.00106357
0.00146407
-0.000178889
-0.000346463
0.000470069
-0.00153178
-0.00505223
0.00804708
-0.00150741
-0.00402694
0.00636764
-0.00144486
-0.00301518
0.00470999
-0.00133586
-0.001967
0.00321024
-0.0011163
-0.0011377
0.0017842
-0.000729095
-0.000573573
0.000574498
0.000968937
-0.00662218
0.00943152
0.000421534
-0.000288328
0.000197893
0.000624546
-0.00635142
0.00915991
1.32803e-05
-0.000161734
0.000215724
-0.000573877
-0.00635154
0.0096992
0.000143453
3.35816e-05
1.32591e-05
-6.29222e-05
-3.95708e-05
-7.2517e-06
4.5928e-05
-3.47573e-05
-2.11303e-05
-0.000921524
-0.00608121
0.00943159
-7.33219e-05
-0.000126346
0.0001727
-0.000413685
-0.000307985
0.000275264
-8.48817e-05
1.22304e-05
3.22122e-05
0.00157424
-0.00610572
0.00834467
0.00156642
-0.0050603
0.00669455
0.00151731
-0.00398788
0.00507619
0.00140709
-0.0029074
0.00352021
0.00120428
-0.00194006
0.00209476
0.000921799
-0.00101079
0.000941505
0.000370846
-0.00610309
0.0088819
0.000356593
-0.00504663
0.00720926
0.000314246
-0.00396154
0.00554005
0.000266381
-0.00287519
0.00393444
0.000209462
-0.00186659
0.00245915
0.000118409
-0.000913624
0.00113833
-0.000323064
-0.00556445
0.00834401
-0.000321187
-0.0045273
0.00669562
-0.000302803
-0.0034927
0.00506846
-0.000261899
-0.00246437
0.00351136
-0.000268626
-0.00147356
0.00207845
-0.000214945
-0.000689742
0.000923141
-0.0015324
-0.00556768
0.00887991
-0.00152078
-0.00454107
0.00720507
-0.00148212
-0.00351799
0.00553563
-0.0013992
-0.00250284
0.00393986
-0.00123661
-0.00153832
0.00247334
-0.000952783
-0.000794393
0.00115589
0.000622465
-0.00531537
0.00752058
0.000617611
-0.00426649
0.005866
0.000587433
-0.00320534
0.00427889
0.000519532
-0.0022036
0.00276306
0.000415587
-0.00124575
0.00145419
0.000302596
-0.000447652
0.000452767
-0.000576069
-0.00531402
0.00804635
-0.000576864
-0.00426436
0.00636389
-0.000570043
-0.00320121
0.00470077
-0.00052746
-0.00217433
0.0031846
-0.00046753
-0.00123223
0.00174766
-0.000345027
-0.000464041
0.000561137
-0.000916851
-0.00504882
0.00778536
-0.000886975
-0.00401563
0.00611857
-0.000845081
-0.00299061
0.00450654
-0.000769034
-0.00193556
0.00296972
-0.000662355
-0.00108148
0.0016294
-0.000496217
-0.000409891
0.000592189
0.000961397
-0.00558259
0.00778868
0.000922203
-0.00451395
0.00614019
0.000859979
-0.00342414
0.004518
0.000771598
-0.00238872
0.00299035
0.000623382
-0.00139309
0.0016426
0.000429756
-0.000497787
0.000553562
0.000293482
-0.000161738
0.000177484
-0.000239983
-0.00013945
0.000256084
2.472e-05
-0.00635119
0.00943087
-0.000245008
-0.000182023
0.000183479
-1.22529e-05
2.07691e-05
-3.41224e-05
0.000178455
-0.000170821
0.000129566
0.000623821
-0.00583502
0.00834404
0.00062052
-0.00479259
0.00669315
0.00060185
-0.00373365
0.00506656
0.000569819
-0.0026822
0.00349608
0.000461495
-0.00169713
0.00207342
0.00036175
-0.000831575
0.000912168
-0.000574635
-0.00583431
0.00888047
-0.00057436
-0.00479309
0.00720021
-0.000576834
-0.00373239
0.00552767
-0.000545994
-0.00268643
0.00392831
-0.000503293
-0.00168684
0.00244191
-0.000420896
-0.000813954
0.00111094
-0.000919324
-0.00556573
0.00861146
-0.000910178
-0.00452914
0.00695819
-0.000870584
-0.00349938
0.00530329
-0.000814373
-0.00248394
0.00372734
-0.000720916
-0.00149167
0.00227264
-0.000595118
-0.000711264
0.00105649
0.000966129
-0.00610425
0.0086147
0.00095177
-0.00505413
0.0069563
0.000895467
-0.00397251
0.00531812
0.000817316
-0.00287811
0.00373593
0.000705623
-0.00188774
0.00229198
0.000531822
-0.000928867
0.00106246
-0.000105964
-0.00026886
0.000314859
-0.000142043
-0.00275336
0.0038807
