0.00112861
-0.0029197
0.00863151
0.0007112
-0.00291777
0.00924332
1.09526e-05
3.74785e-06
-1.22731e-05
5.71269e-05
-1.52208e-05
3.91284e-05
-0.000673576
-0.00230589
0.0086313
-0.00109523
-0.00230771
0.00924285
-5.34717e-05
-1.7941e-05
4.08978e-05
-3.49768e-05
1.93906e-05
-8.1773e-06
0.00112875
-0.00256127
0.00707376
0.00111255
-0.00218642
0.00551274
0.00106929
-0.00177101
0.00401079
0.000965498
-0.00137247
0.00256891
0.000816003
-0.000885463
0.00136402
0.000550272
-0.000402016
0.000454911
0.000708987
-0.00255787
0.00767599
0.000676172
-0.0021695
0.00608328
0.00060474
-0.00173745
0.00450658
0.000519624
-0.00132542
0.00306274
0.000378627
-0.000813698
0.00170757
0.000202765
-0.000297351
0.000611548
-0.000671886
-0.00195173
0.00707558
-0.000655851
-0.00159679
0.00551315
-0.000611041
-0.00124769
0.00400993
-0.000516929
-0.000812875
0.0025675
-0.00043251
-0.000458582
0.00136785
-0.000286312
-0.000163378
0.000458927
-0.00109446
-0.00195852
0.00767163
-0.00107513
-0.00162003
0.0060726
-0.00104356
-0.00127019
0.00449177
-0.000982247
-0.000861778
0.00305446
-0.000818462
-0.000541374
0.00169899
-0.000550903
-0.000328462
0.000554893
0.0009164
-0.00292001
0.00893828
0.000335124
-0.000199513
0.000179975
0.000227302
-0.00261266
0.00863093
9.99593e-05
-8.32679e-05
0.000233156
-0.000187081
-0.00261302
0.00924241
0.000127173
2.2844e-05
1.80896e-05
-3.10276e-05
-2.73148e-05
-1.30293e-05
1.74038e-05
-2.61803e-05
-2.49082e-05
-0.000879309
-0.00230658
0.00893826
-0.000126544
-6.00546e-05
0.000190916
-0.000319624
-0.000205649
0.000252506
-8.01589e-05
7.77246e-06
3.43401e-05
0.00112887
-0.00274087
0.0078562
0.00112593
-0.00237678
0.00628886
0.00109473
-0.00198364
0.00475135
0.00101503
-0.00155708
0.00327319
0.000899827
-0.00113134
0.00193365
0.000704188
-0.000638333
0.000864373
0.000711879
-0.00273989
0.00846614
0.000697222
-0.00236727
0.00687685
0.000646008
-0.00196133
0.00529125
0.000564877
-0.00151365
0.00377178
0.000451387
-0.00107308
0.00236164
0.000296347
-0.000554898
0.00111405
-0.00067305
-0.00212764
0.0078564
-0.00066682
-0.00177443
0.00629263
-0.000633987
-0.00142253
0.0047522
-0.000561276
-0.00105
0.00328123
-0.000491767
-0.000621977
0.00193999
-0.000365577
-0.000303043
0.000871125
-0.00109531
-0.0021318
0.00846384
-0.00108556
-0.0017904
0.0068702
-0.00105699
-0.00145189
0.00527987
-0.00102157
-0.00107787
0.00375502
-0.000908005
-0.000696422
0.00235468
-0.000698043
-0.000409659
0.00110273
0.000227424
-0.0022547
0.00707394
0.000231211
-0.00188881
0.00550369
0.000225415
-0.00150151
0.0039993
0.000216204
-0.00108437
0.00256721
0.000191177
-0.000654413
0.00134499
0.000156889
-0.000254385
0.000421478
-0.00019026
-0.00225597
0.0076713
-0.00019755
-0.00189122
0.00607091
-0.000217166
-0.00148907
0.00449352
-0.000223377
-0.00109469
0.00303629
-0.000222068
-0.000649543
0.00167391
-0.000194228
-0.00024397
0.000559339
-0.000874034
-0.00195443
0.00737446
-0.000842636
-0.00160817
0.0057908
-0.000798936
-0.00126091
0.00425886
-0.000727499
-0.000822183
0.00280674
-0.00060716
-0.000491035
0.00153768
-0.000440871
-0.000216619
0.000564842
0.000910927
-0.00255977
0.00737779
0.000876981
-0.00217734
0.0058115
0.000817827
-0.00175596
0.00426764
0.000727141
-0.00134013
0.00282187
0.000596098
-0.000839054
0.00155042
0.000411934
-0.000319895
0.00052615
0.000278907
-9.83614e-05
0.000168103
-0.000226071
-8.36504e-05
0.00024058
1.92363e-05
-0.0026126
0.00893799
-0.00014687
-9.78893e-05
0.00017965
-1.14058e-05
1.17637e-05
-3.29457e-05
9.5518e-05
-9.7219e-05
0.000130388
0.000227259
-0.00243384
0.00785589
0.000228647
-0.00207387
0.00628855
0.000226396
-0.00169546
0.00474537
0.000223465
-0.00129843
0.00325788
0.000201954
-0.000862085
0.00192037
0.000174696
-0.000451462
0.000844741
-0.000187953
-0.00243488
0.00846448
-0.000191493
-0.00207748
0.00686651
-0.0002059
-0.00169654
0.0052759
-0.000218803
-0.00129555
0.00375047
-0.000225774
-0.000865794
0.00233366
-0.000214813
-0.000437619
0.00107208
-0.000877461
-0.00212935
0.00815943
-0.000865835
-0.00177925
0.00658858
-0.000824533
-0.00143449
0.00501636
-0.000775149
-0.00106915
0.00351672
-0.000669916
-0.000653454
0.00214341
-0.000535007
-0.000340852
0.00100121
0.000914533
-0.0027404
0.00816254
0.000903001
-0.00237366
0.00658693
0.000852475
-0.00197408
0.00502999
0.00077351
-0.00152476
0.00353157
0.00067233
-0.00109957
0.00216244
0.000510159
-0.000579378
0.00100435
-0.000162338
-0.000149615
0.000302722
-0.0003768
-0.00121742
0.00363507
