0.000979766
-0.00168614
0.00844719
0.000822761
-0.00168446
0.00908172
1.86534e-05
8.00134e-06
-9.67173e-06
5.13074e-05
-1.58745e-05
3.67411e-05
-0.000788551
-0.00104988
0.00844714
-0.000949812
-0.00105154
0.00908106
-4.82174e-05
-1.75378e-05
3.80204e-05
-3.96653e-05
2.18139e-05
-5.71811e-06
0.000980483
-0.00155198
0.00691859
0.000967564
-0.0014031
0.00538654
0.000933397
-0.00121158
0.00391195
0.000848602
-0.00100876
0.00249714
0.000727084
-0.000691253
0.00132386
0.000496334
-0.000331808
0.000439387
0.000820697
-0.00154948
0.00754343
0.00078698
-0.00138813
0.00598023
0.000708895
-0.00117403
0.00443483
0.000609143
-0.000973594
0.00301498
0.000449428
-0.000624148
0.00168578
0.000247047
-0.000230763
0.000615318
-0.000786517
-0.000920348
0.00692084
-0.000767616
-0.000792268
0.00538859
-0.000715566
-0.000668276
0.0039156
-0.000605052
-0.000431042
0.00250674
-0.000495069
-0.000254854
0.00133496
-0.000322241
-0.000101402
0.000455067
-0.000948813
-0.000927823
0.00753874
-0.000931068
-0.000816569
0.0059683
-0.00090947
-0.000686246
0.00441481
-0.000863669
-0.00049059
0.00299986
-0.000718329
-0.000340477
0.00166918
-0.000490799
-0.000245628
0.000547955
0.000897751
-0.00168652
0.00876525
0.000305822
-0.000169184
0.000173961
9.55896e-05
-0.00136781
0.0084468
0.000129012
-5.65847e-05
0.000238846
-5.92199e-05
-0.00136824
0.00908069
0.000121633
1.92535e-05
1.97041e-05
-2.02863e-05
-2.31644e-05
-1.49645e-05
7.7928e-06
-2.32607e-05
-2.6148e-05
-0.000864463
-0.0010506
0.00876519
-0.0001444
-3.75467e-05
0.000196998
-0.000287827
-0.000170945
0.00024472
-7.85345e-05
6.28147e-06
3.50422e-05
0.000980152
-0.00161905
0.00768641
0.00097876
-0.00148045
0.00614831
0.000953333
-0.00131239
0.00463933
0.000883626
-0.00110316
0.00318854
0.000797273
-0.000858381
0.00187876
0.000630652
-0.000512014
0.000838241
0.000823507
-0.00161858
0.00831893
0.000808797
-0.0014723
0.00675914
0.000754925
-0.00129146
0.00520312
0.000663268
-0.00105616
0.00371389
0.00053157
-0.000805294
0.002327
0.000355649
-0.00043336
0.00110503
-0.000788047
-0.000983465
0.00768688
-0.00078047
-0.000856537
0.00615294
-0.000743109
-0.000730683
0.00464293
-0.00066025
-0.000575891
0.00320207
-0.000565907
-0.000335698
0.00189254
-0.000415867
-0.000172587
0.000853353
-0.000949746
-0.000987906
0.00831654
-0.00094057
-0.000873176
0.00675173
-0.000915209
-0.000761316
0.00518953
-0.000895133
-0.000600266
0.00368998
-0.000797675
-0.00041327
0.00231311
-0.000612287
-0.000279801
0.00108413
9.64049e-05
-0.00123426
0.00691891
0.000102927
-0.00109445
0.00537838
0.000104982
-0.000930591
0.00390303
0.000114936
-0.000708283
0.00250017
0.000115889
-0.000454872
0.00130782
0.000107862
-0.0001888
0.000410903
-6.26929e-05
-0.00123637
0.00753854
-7.19952e-05
-0.00109834
0.00596725
-0.000100043
-0.000915525
0.0044201
-0.00012206
-0.00073159
0.00298415
-0.000139953
-0.000452965
0.00164789
-0.000143567
-0.000169503
0.000558322
-0.000859011
-0.000923516
0.00723054
-0.000827186
-0.000804548
0.00567628
-0.00078295
-0.00068191
0.00417262
-0.000713073
-0.00044838
0.00275011
-0.000588333
-0.000292095
0.00150598
-0.00042207
-0.000151201
0.000555367
0.000892946
-0.0015511
0.00723387
0.000860766
-0.00139586
0.00569663
0.000802758
-0.00119629
0.00418051
0.000711502
-0.000986802
0.00276342
0.000586355
-0.000651589
0.00151854
0.000405616
-0.000259318
0.000516676
0.000273824
-7.6685e-05
0.00016489
-0.000221288
-6.46475e-05
0.000235263
1.72299e-05
-0.00136781
0.00876507
-0.000113838
-6.9325e-05
0.000178239
-1.11169e-05
8.75362e-06
-3.25332e-05
6.75594e-05
-7.21686e-05
0.000130691
9.57609e-05
-0.00130073
0.0076862
9.86266e-05
-0.0011666
0.00614835
0.000101629
-0.00101361
0.00463452
0.000108121
-0.000833938
0.00317612
0.000115053
-0.000580879
0.00186814
0.000111843
-0.000322918
0.00082185
-6.01251e-05
-0.00130233
0.0083172
-6.48417e-05
-0.00117119
0.00674842
-8.2991e-05
-0.00101547
0.00518684
-0.00010998
-0.000828777
0.00368771
-0.000133124
-0.000589269
0.00229553
-0.000145728
-0.000310437
0.00105825
-0.000862731
-0.000985312
0.00800097
-0.000850342
-0.000862292
0.00645926
-0.000808554
-0.000744315
0.00491625
-0.000761435
-0.000594875
0.00344358
-0.000652441
-0.000371538
0.00209866
-0.000514572
-0.000215792
0.000982092
0.000896186
-0.00161889
0.00800402
0.000885585
-0.00147831
0.00645769
0.000837044
-0.00130473
0.00492946
0.000758
-0.00106989
0.00346045
0.00066046
-0.000833452
0.00211757
0.000502423
-0.000460822
0.000984273
-0.000181188
-0.000109112
0.000298572
-0.000454449
-0.000702679
0.00355036
