0.000830866
-0.000453545
0.00825912
0.000933275
-0.000452118
0.00891548
2.63765e-05
1.22722e-05
-7.06259e-06
4.54495e-05
-1.65181e-05
3.43338e-05
-0.000902657
0.000204293
0.00825923
-0.000804505
0.000202787
0.00891465
-4.29291e-05
-1.71266e-05
3.51219e-05
-4.43658e-05
2.42438e-05
-3.24469e-06
0.000832135
-0.000542779
0.00676047
0.000822436
-0.000619025
0.00525818
0.000797252
-0.000650762
0.00381167
0.000731323
-0.000643549
0.00242458
0.000637697
-0.000495825
0.00128334
0.00044204
-0.000260969
0.000423786
0.000931369
-0.000541159
0.00740706
0.000896836
-0.000606006
0.00587421
0.000812315
-0.000609343
0.0043609
0.000698221
-0.000620216
0.00296582
0.000520067
-0.000433461
0.00166325
0.000291342
-0.000163645
0.000618851
-0.000900294
0.000110095
0.00676314
-0.000878619
1.22156e-05
0.00526183
-0.00081951
-8.81487e-05
0.00381977
-0.000692854
-4.83246e-05
0.00244509
-0.00055755
-5.03218e-05
0.00130168
-0.00035819
-3.904e-05
0.000451135
-0.000803272
0.000101962
0.00740206
-0.000787073
-1.31088e-05
0.00586106
-0.000775279
-0.000101652
0.00433577
-0.000744812
-0.00011838
0.00294394
-0.000617844
-0.000138744
0.00163866
-0.000430392
-0.000162332
0.000540809
0.000878555
-0.000453983
0.00858802
0.000276298
-0.000138532
0.000167929
-3.57212e-05
-0.000124364
0.00825892
0.000158115
-2.96707e-05
0.000244463
6.8069e-05
-0.00012486
0.00891435
0.000116041
1.56603e-05
2.13192e-05
-9.50088e-06
-1.89859e-05
-1.6903e-05
-1.8592e-06
-2.03148e-05
-2.73763e-05
-0.000849236
0.000203561
0.00858794
-0.000162294
-1.48699e-05
0.000203078
-0.000255838
-0.000135991
0.000236835
-7.68857e-05
4.78835e-06
3.57395e-05
0.000831375
-0.000497759
0.00751326
0.000831487
-0.00058378
0.0060052
0.000811751
-0.000640058
0.0045255
0.000751946
-0.000647724
0.00310278
0.000694265
-0.000583995
0.00182331
0.000556682
-0.000384756
0.000811915
0.000934089
-0.000497797
0.00816749
0.000919364
-0.00057697
0.00663804
0.000862975
-0.000620511
0.00511242
0.00076106
-0.000597239
0.0036542
0.000611468
-0.000536132
0.0022913
0.000414892
-0.000310976
0.00109554
-0.000902176
0.000159308
0.00751399
-0.0008933
6.08734e-05
0.00601066
-0.000851549
-3.84807e-05
0.00453182
-0.000758758
-0.000100884
0.00312175
-0.000639866
-4.85101e-05
0.00184447
-0.000466145
-4.15116e-05
0.000835376
-0.000804295
0.0001546
0.00816502
-0.000795679
4.36031e-05
0.0066299
-0.000773454
-7.03452e-05
0.00509669
-0.000768493
-0.000121788
0.00362325
-0.000687023
-0.000129156
0.00227054
-0.000526179
-0.000149291
0.00106509
-3.42329e-05
-0.00021435
0.00676092
-2.50417e-05
-0.000299749
0.0052509
-1.52684e-05
-0.000358654
0.0038053
1.3656e-05
-0.000331039
0.0024323
4.04234e-05
-0.000254335
0.00127029
5.86528e-05
-0.000122721
0.000400264
6.43189e-05
-0.00021727
0.00740198
5.30752e-05
-0.000305099
0.00586066
1.67766e-05
-0.000341025
0.00434454
-2.08271e-05
-0.00036723
0.00293065
-5.77515e-05
-0.000255427
0.00162116
-9.27533e-05
-9.45699e-05
0.000557086
-0.000843619
0.000106472
0.00708325
-0.000811406
-9.3028e-07
0.00555919
-0.000766668
-0.000102179
0.00408458
-0.000698363
-7.36045e-05
0.00269234
-0.000569298
-9.232e-05
0.00147372
-0.000403105
-8.53746e-05
0.000545714
0.000874409
-0.000542509
0.00708657
0.000844002
-0.000613616
0.00557918
0.000787198
-0.000635274
0.00409159
0.000695469
-0.000631909
0.00270385
0.000576296
-0.000462933
0.0014861
0.000399114
-0.000198176
0.000507035
0.000268632
-5.47631e-05
0.000161636
-0.000216435
-4.54758e-05
0.000229873
1.51411e-05
-0.000124408
0.00858795
-8.06776e-05
-4.05387e-05
0.000176756
-1.08253e-05
5.74104e-06
-3.21109e-05
3.94728e-05
-4.68975e-05
0.000131008
-3.53425e-05
-0.000168591
0.00751315
-3.1039e-05
-0.000259401
0.00600559
-2.28852e-05
-0.000331044
0.00452187
-7.10373e-06
-0.000368236
0.00309323
2.80253e-05
-0.000298529
0.00181534
4.87973e-05
-0.000193606
0.000798767
6.71333e-05
-0.000170723
0.0081657
6.12844e-05
-0.000264966
0.00662696
3.95038e-05
-0.000333696
0.00509526
-1.33415e-06
-0.000360845
0.00362322
-4.04646e-05
-0.000311605
0.00225637
-7.65042e-05
-0.000182534
0.00104397
-0.000847621
0.000157335
0.00783871
-0.000834498
5.42121e-05
0.00632697
-0.000792265
-5.37422e-05
0.00481397
-0.000747407
-0.000119687
0.00336902
-0.000634734
-8.86649e-05
0.00205311
-0.00049395
-9.00914e-05
0.000962634
0.000877285
-0.000497903
0.00784171
0.000867612
-0.000582598
0.00632547
0.000821083
-0.000634279
0.00482676
0.000742052
-0.000613532
0.00338786
0.000648216
-0.000565899
0.00207188
0.000494437
-0.000341372
0.00096385
-0.000200046
-6.82908e-05
0.000294372
-0.000531753
-0.00018701
0.00346429
