0.000533022
0.0020072
0.00787204
0.00115115
0.00200814
0.0085694
4.18677e-05
2.08536e-05
-1.82783e-06
3.36334e-05
-1.77744e-05
2.94654e-05
-0.0011282
0.00270553
0.00787246
-0.000514314
0.00270434
0.00856823
-3.2264e-05
-1.62821e-05
2.92679e-05
-5.37864e-05
2.91134e-05
1.73838e-06
0.000535345
0.0014739
0.00643563
0.000531917
0.00095003
0.00499517
0.000524379
0.000473867
0.00360692
0.000495817
9.04747e-05
0.00227719
0.000457716
-0.000101878
0.00120129
0.000332515
-0.000117642
0.000392379
0.00114959
0.0014738
0.0071231
0.00111366
0.000959179
0.0056534
0.00101688
0.000522713
0.00420661
0.000874939
9.03193e-05
0.00286329
0.000660722
-4.92144e-05
0.00161592
0.00037986
-2.80348e-05
0.00062517
-0.00112522
0.00216665
0.00643911
-0.00109826
0.00161968
0.00500193
-0.00102555
0.00107303
0.00362376
-0.00086735
0.000718828
0.00231924
-0.000682119
0.000360543
0.00123402
-0.00043004
8.66068e-05
0.000443047
-0.00051261
0.00215728
0.00711754
-0.000499395
0.00159243
0.00563796
-0.000506741
0.0010683
0.00417151
-0.00050643
0.000628162
0.00282813
-0.000416001
0.000266636
0.00157551
-0.000308805
5.37312e-06
0.00052588
0.000838576
0.00200665
0.00822131
0.000216663
-7.63708e-05
0.000155823
-0.000297043
0.00235675
0.00787221
0.000216385
2.47556e-05
0.000255453
0.00032088
0.00235612
0.00856807
0.000104708
8.47277e-06
2.45472e-05
1.21739e-05
-1.0556e-05
-2.07858e-05
-2.12583e-05
-1.43545e-05
-2.97944e-05
-0.000817655
0.00270477
0.00822116
-0.000198135
3.08927e-05
0.000215208
-0.000191358
-6.54636e-05
0.000220769
-7.35155e-05
1.79663e-06
3.71156e-05
0.000533765
0.00174172
0.0071572
0.000536777
0.0012092
0.00571156
0.00052818
0.00070664
0.00429265
0.000487936
0.000266655
0.00292806
0.000487085
-3.16831e-05
0.00171079
0.000407612
-0.000127815
0.000758715
0.0011521
0.00174071
0.00785219
0.00113746
0.00121336
0.00638585
0.00107643
0.000723362
0.00492345
0.000954751
0.00032389
0.00352944
0.000770273
5.59673e-06
0.00221672
0.000533068
-6.40381e-05
0.00107512
-0.00112777
0.0024391
0.00715844
-0.00111643
0.00189281
0.00571863
-0.00106629
0.0013457
0.00430426
-0.000954249
0.00085073
0.00295772
-0.000787081
0.000527811
0.00174656
-0.000566523
0.000222067
0.000798827
-0.000513822
0.0024339
0.00784958
-0.000506274
0.00187437
0.00637635
-0.000490133
0.00131149
0.00490361
-0.000514753
0.000836709
0.00348476
-0.000464931
0.000441181
0.00218241
-0.000353084
0.000113268
0.00102566
-0.000294263
0.00182244
0.00643635
-0.000279922
0.00128933
0.00498963
-0.000255081
0.000787099
0.00360558
-0.000188774
0.000426011
0.00229414
-0.000110871
0.00014914
0.0011942
-4.0186e-05
1.06855e-05
0.000378805
0.000316622
0.00181795
0.00711769
0.000301695
0.00128112
0.00563879
0.000249401
0.000809673
0.00418711
0.000181248
0.000364353
0.00281966
0.000106755
0.000141959
0.00156555
9.215e-06
5.64472e-05
0.000553933
-0.000811739
0.00216217
0.00677876
-0.000778862
0.0016049
0.0053175
-0.00073322
0.00105826
0.00390323
-0.000668095
0.00067792
0.00257348
-0.000530622
0.000309134
0.00140756
-0.000364713
4.72591e-05
0.000525871
0.000835723
0.001473
0.00678205
0.00080889
0.000951854
0.00533674
0.000754663
0.000489682
0.00390848
0.000662254
8.16828e-05
0.00258144
0.000555261
-8.25963e-05
0.00141954
0.000385568
-7.44105e-05
0.000487257
0.000257925
-1.02688e-05
0.000155001
-0.000206518
-6.71529e-06
0.000218879
1.0738e-05
0.00235661
0.00822144
-1.40515e-05
1.75952e-05
0.000173568
-1.02353e-05
-2.87533e-07
-3.12375e-05
-1.70093e-05
4.20285e-06
0.000131676
-0.000296268
0.00209125
0.00715729
-0.000289199
0.00155336
0.00571262
-0.000271029
0.00103495
0.0042913
-0.000237045
0.000565725
0.00292421
-0.000146233
0.000268847
0.0017081
-7.7721e-05
6.69099e-05
0.000752056
0.00031989
0.00208809
0.00785029
0.0003119
0.00154591
0.00637412
0.000283167
0.00103072
0.00490463
0.000215296
0.000577453
0.00348913
0.000144732
0.000246392
0.00217501
6.22161e-05
7.50413e-05
0.00101407
-0.000816271
0.00243689
0.00750311
-0.000801769
0.00188442
0.00605369
-0.000758764
0.0013273
0.00460305
-0.000718422
0.000832332
0.00321569
-0.00059863
0.000479171
0.0019596
-0.000452164
0.000162815
0.000922707
0.000837884
0.00174099
0.00750599
0.000830054
0.00120852
0.00605232
0.000787633
0.000708709
0.00461495
0.000708893
0.000302614
0.00323837
0.000622644
-2.72252e-05
0.00197806
0.000477732
-0.000100162
0.000921979
-0.00023773
1.41415e-05
0.00028582
-0.000685233
0.000845983
0.00328821
