0.000235314
0.00445953
0.00747098
0.00136485
0.00445999
0.00820569
5.73797e-05
2.94645e-05
3.41708e-06
2.17101e-05
-1.89882e-05
2.45352e-05
-0.00135012
0.00519473
0.00747168
-0.000224792
0.00519384
0.0082042
-2.15038e-05
-1.54103e-05
2.3348e-05
-6.32028e-05
3.39778e-05
6.75788e-06
0.000238635
0.00348592
0.00609981
0.000241283
0.00251806
0.0047241
0.00025102
0.00160048
0.00339683
0.000259378
0.000827738
0.00212689
0.000276462
0.000295173
0.00111794
0.000221977
2.74484e-05
0.00036072
0.00136367
0.00348416
0.00682459
0.00132663
0.00252337
0.00542117
0.00121833
0.00165637
0.00404389
0.00104956
0.000804314
0.00275523
0.000800302
0.000337882
0.00156558
0.000468078
0.000109009
0.000630431
-0.00134658
0.004215
0.00610405
-0.00131465
0.00322285
0.00473388
-0.00122894
0.00223335
0.00342218
-0.00104013
0.00148664
0.00219012
-0.000805896
0.000772731
0.00116493
-0.000501632
0.000213061
0.000434641
-0.000222612
0.00420448
0.00681853
-0.000212264
0.00319382
0.00540359
-0.000238204
0.00223721
0.00399916
-0.000267441
0.00137587
0.00270711
-0.000213307
0.000673515
0.00150955
-0.000186413
0.000174071
0.000510071
0.000796594
0.00445886
0.00783878
0.00015638
-1.32751e-05
0.000143665
-0.000556502
0.00482762
0.00747149
0.000274596
7.9806e-05
0.000266064
0.000571295
0.00482687
0.00820418
9.3197e-05
1.29499e-06
2.77643e-05
3.39363e-05
-2.05002e-06
-2.46685e-05
-4.07343e-05
-8.3222e-06
-3.21544e-05
-0.000784591
0.00519394
0.00783858
-0.000233946
7.70231e-05
0.00022725
-0.000126345
5.66753e-06
0.000204311
-7.00491e-05
-1.20095e-06
3.84602e-05
0.000236276
0.00397463
0.00678865
0.000242066
0.00299939
0.00540842
0.000244332
0.0020539
0.00405311
0.000223363
0.0011839
0.00274926
0.000278703
0.000524036
0.00159622
0.000257337
0.00013164
0.000704829
0.00136594
0.0039727
0.00752077
0.00135151
0.00300095
0.00612068
0.00128631
0.00206775
0.00472463
0.00114579
0.00124761
0.00339765
0.000927536
0.000550583
0.00213793
0.000650591
0.000185117
0.00105275
-0.00134974
0.00470873
0.00679038
-0.00133611
0.00371851
0.00541701
-0.00127804
0.00272736
0.00406986
-0.0011475
0.00180259
0.00278938
-0.00093309
0.00110535
0.00164639
-0.000666418
0.000486791
0.000761503
-0.000224025
0.00470308
0.00751805
-0.000217493
0.00369904
0.00610992
-0.000207222
0.00269097
0.00470085
-0.000260656
0.00179538
0.00333964
-0.000242093
0.00101297
0.0020903
-0.000179116
0.000377141
0.00098443
-0.000552493
0.00385279
0.00610078
-0.000533224
0.00287573
0.00472029
-0.000493753
0.00193332
0.00340042
-0.000390758
0.00118488
0.00215291
-0.000262355
0.000554773
0.0011168
-0.000139365
0.000145324
0.000357117
0.000566583
0.00384678
0.00681888
0.000548205
0.0028647
0.0054056
0.000480523
0.00196062
0.00402139
0.000382576
0.00109814
0.00270338
0.000271143
0.000541405
0.00150708
0.000111436
0.000208557
0.00054983
-0.000778416
0.00420972
0.00646151
-0.000745017
0.00320654
0.00506611
-0.000698603
0.0022179
0.00371506
-0.000636712
0.00143042
0.0024503
-0.000491156
0.000712062
0.00133926
-0.000325749
0.00018077
0.000505306
0.000795008
0.00348389
0.00646476
0.000771785
0.00251638
0.00508454
0.000720345
0.00161653
0.00371855
0.000627584
0.000798761
0.00245475
0.000533054
0.000300781
0.0013508
0.00037132
5.09423e-05
0.000466817
0.000246798
3.49314e-05
0.000148195
-0.000196323
3.2441e-05
0.000207601
6.07844e-06
0.00482738
0.00783912
5.28387e-05
7.62867e-05
0.000170066
-9.63813e-06
-6.31395e-06
-3.03258e-05
-7.37681e-05
5.58588e-05
0.000132375
-0.000555351
0.00434272
0.00678893
-0.000545645
0.00336159
0.00541013
-0.000517799
0.00239994
0.00405402
-0.000466066
0.00150124
0.00275102
-0.000320465
0.000838451
0.00159877
-0.000204541
0.00032921
0.000704654
0.000570259
0.00433857
0.0075188
0.000560273
0.00335233
0.00610838
0.000524955
0.00239412
0.00470426
0.000430848
0.00151716
0.00334831
0.000329515
0.000806625
0.00208961
0.000201053
0.00033426
0.000982343
-0.000783439
0.00470631
0.00715322
-0.000767663
0.00370849
0.00576916
-0.000724039
0.00270597
0.00438387
-0.000688217
0.00178465
0.0030569
-0.000561617
0.00104842
0.00186295
-0.000409695
0.000416992
0.000881442
0.000796465
0.00397335
0.00715597
0.000790469
0.0029969
0.00576793
0.00075226
0.00205232
0.00439487
0.000674133
0.00122153
0.0030833
0.000595693
0.0005149
0.00188108
0.000460083
0.000143443
0.000878756
-0.000275267
9.73321e-05
0.000277059
-0.000837054
0.00187922
0.00310705
