8.65771e-05
0.00568162
0.00726542
0.00147017
0.00568185
0.00801743
6.51279e-05
3.37719e-05
6.03881e-06
1.57187e-05
-1.95789e-05
2.20508e-05
-0.00145972
0.00643389
0.00726626
-8.03073e-05
0.00643316
0.00801579
-1.60972e-05
-1.49651e-05
2.03675e-05
-6.78973e-05
3.64009e-05
9.27649e-06
9.03795e-05
0.0044893
0.00592794
9.60074e-05
0.00330085
0.00458567
0.000114267
0.00216376
0.00328984
0.000140935
0.00119696
0.00205068
0.000185489
0.000494454
0.0010758
0.000166419
0.000100477
0.000344804
0.00146918
0.00448672
0.00667003
0.00143168
0.00330424
0.0053009
0.00131786
0.00222304
0.00395945
0.00113601
0.00116198
0.00269916
0.000869598
0.000532107
0.00153928
0.000511994
0.000177908
0.000632642
-0.00145591
0.00523521
0.00593255
-0.00142159
0.00402195
0.00459691
-0.00132959
0.00281238
0.00331938
-0.00112578
0.00187016
0.00212439
-0.000867381
0.000978898
0.00112987
-0.000537253
0.000276422
0.000430307
-7.78902e-05
0.00522414
0.00666374
-6.89438e-05
0.00399209
0.00528229
-0.00010401
0.00282049
0.00391001
-0.000147823
0.00174951
0.00264465
-0.000111761
0.000877103
0.0014755
-0.000125004
0.0002586
0.000501825
0.000774899
0.0056809
0.0076418
0.000126049
1.85386e-05
0.000137568
-0.000685494
0.0060583
0.0072661
0.000303621
0.000107494
0.000271207
0.000695602
0.0060575
0.00801583
8.73805e-05
-2.28619e-06
2.93655e-05
4.48305e-05
2.22312e-06
-2.66067e-05
-5.04813e-05
-5.28662e-06
-3.33099e-05
-0.00076751
0.0064331
0.00764157
-0.000251798
0.000100156
0.00023322
-9.36912e-05
4.13704e-05
0.000195937
-6.82797e-05
-2.70137e-06
3.91177e-05
8.76432e-05
0.00508773
0.00659988
9.47852e-05
0.00389257
0.00525343
0.000102399
0.00272693
0.00393094
9.0979e-05
0.00164288
0.00265838
0.000174197
0.000802652
0.0015382
0.000181865
0.00026202
0.000677639
0.00147132
0.00508535
0.0073492
0.00145704
0.00389284
0.00598336
0.00138992
0.00273931
0.00462161
0.00124026
0.00170973
0.00332917
0.00100551
0.000823787
0.00209697
0.000709015
0.000310255
0.00104083
-0.00145936
0.00583883
0.00660184
-0.00144464
0.00462815
0.00526276
-0.00138275
0.00341641
0.0039502
-0.00124322
0.00227787
0.00270366
-0.00100554
0.00139404
0.00159549
-0.000716086
0.000619284
0.000742554
-7.94046e-05
0.00583297
0.00734644
-7.33693e-05
0.00460821
0.00597201
-6.59717e-05
0.00337899
0.00459593
-0.000133565
0.00227406
0.00326463
-0.000130508
0.00129887
0.00204277
-9.19214e-05
0.000509279
0.000963133
-0.000680889
0.00486466
0.00592904
-0.000659226
0.00366706
0.0045827
-0.000612582
0.00250581
0.00329588
-0.000491478
0.00156438
0.00208118
-0.000338054
0.000757983
0.00107764
-0.000188996
0.000212933
0.00034619
0.000690681
0.00485791
0.0066642
0.000670653
0.00365464
0.00528488
0.000595471
0.00253541
0.0039355
0.000482877
0.00146522
0.00264327
0.000353194
0.000741496
0.00147678
0.000162563
0.000284846
0.000547406
-0.00076122
0.00522955
0.00629827
-0.000727608
0.00400493
0.00493689
-0.000680858
0.00279663
0.00361848
-0.000620606
0.0018064
0.00238712
-0.000471134
0.00091366
0.00130431
-0.000306069
0.000247684
0.000494749
0.000773937
0.00448671
0.00630149
0.000752536
0.00329743
0.00495489
0.000702559
0.00217988
0.0036211
0.000609733
0.00115798
0.00238984
0.000521531
0.000493211
0.00131562
0.00036394
0.000114055
0.000456346
0.000241081
5.77299e-05
0.000144728
-0.000191123
5.21039e-05
0.000201856
3.67133e-06
0.00605802
0.00764223
8.6327e-05
0.000105765
0.000168191
-9.3375e-06
-9.32381e-06
-2.98557e-05
-0.000102198
8.18192e-05
0.000132729
-0.00068416
0.00546442
0.00660026
-0.000673177
0.00426314
0.00525546
-0.0006406
0.00308122
0.00393295
-0.000580143
0.00196886
0.00266293
-0.000407456
0.00112356
0.00154336
-0.000267959
0.000460734
0.000680705
0.000694545
0.00545979
0.0073472
0.000683607
0.00425298
0.00597081
0.000645116
0.00307461
0.00460051
0.000538152
0.00198683
0.00327542
0.000421659
0.00108706
0.0020454
0.000270421
0.000464203
0.000965792
-0.000766475
0.00583631
0.0069731
-0.000750097
0.00461734
0.00562282
-0.000706218
0.00339358
0.00427129
-0.000672663
0.00226019
0.0029755
-0.000542772
0.00133303
0.00181348
-0.000388217
0.000544265
0.000860308
0.000775045
0.00508618
0.00697579
0.000769964
0.00388919
0.00562166
0.000733901
0.00272354
0.00428183
0.00065619
0.00168131
0.00300372
0.000581728
0.000786737
0.00183142
0.000450917
0.000265867
0.000856643
-0.00029394
0.000139094
0.000272594
-0.000912287
0.00239517
0.00301463
