-0.000655025
0.0117373
0.00619072
0.00198211
0.0117364
0.00701595
0.000103529
5.51694e-05
1.90675e-05
-1.43614e-05
-2.23657e-05
9.50072e-06
-0.001994
0.0125617
0.00619222
0.000639157
0.0125617
0.00701357
1.10509e-05
-1.26602e-05
5.32657e-06
-9.10229e-05
4.83027e-05
2.18745e-05
-0.00064891
0.00946586
0.00503169
-0.000628715
0.00718853
0.00386631
-0.000568542
0.00496669
0.00273664
-0.000451446
0.00303851
0.00165958
-0.000270642
0.00149142
0.000860649
-0.000112696
0.000467356
0.000264386
0.0019822
0.00945928
0.00584728
0.00194307
0.00718237
0.00466002
0.00180341
0.00504205
0.00350781
0.00155879
0.00294639
0.00239893
0.00120966
0.00150328
0.00139657
0.000728319
0.000523366
0.000639125
-0.00198897
0.0102829
0.00503806
-0.00194343
0.00797903
0.00388466
-0.00182152
0.00568342
0.00278658
-0.00154527
0.00377348
0.00178466
-0.001169
0.00200341
0.000949581
-0.000712283
0.000591766
0.000407075
0.000642733
0.0102693
0.00583998
0.000644776
0.00794549
0.00463662
0.000565183
0.00571239
0.00343563
0.000449854
0.00360496
0.00231333
0.000396017
0.00188961
0.00129479
0.000182712
0.000679811
0.000457026
0.000660188
0.0117364
0.00660338
-2.66162e-05
0.000178779
0.000106888
-0.0013226
0.0121503
0.00619222
0.000446973
0.000246322
0.000294978
0.00130837
0.0121492
0.00701396
5.77925e-05
-2.00545e-05
3.72421e-05
9.90915e-05
2.36462e-05
-3.62083e-05
-9.89714e-05
9.95669e-06
-3.88036e-05
-0.000676739
0.0125609
0.00660299
-0.000339804
0.000215315
0.000262185
7.01924e-05
0.000219767
0.000152639
-5.90663e-05
-1.0209e-05
4.2205e-05
-0.000653462
0.0106057
0.00561414
-0.00063977
0.0083253
0.00444648
-0.000605898
0.00607237
0.00329744
-0.000570125
0.00392936
0.00218999
-0.000349257
0.00219437
0.00124101
-0.000196863
0.000915442
0.000539305
0.00198362
0.0106011
0.00643624
0.00197038
0.00831918
0.00525207
0.00189475
0.00607733
0.00407216
0.0017017
0.00401127
0.00296197
0.00138745
0.00218817
0.00187683
0.000996258
0.000936855
0.000973613
-0.00199379
0.0114285
0.00561723
-0.00197394
0.00913046
0.00445933
-0.0018941
0.00683047
0.0033289
-0.00171155
0.00463595
0.00226044
-0.00136052
0.00282772
0.0013332
-0.00095998
0.00127804
0.000644878
0.000640709
0.0114218
0.0064333
0.000644279
0.00910852
0.00523796
0.000637602
0.00678839
0.00403741
0.000500909
0.00464901
0.00286584
0.000427248
0.00271956
0.00179046
0.000344262
0.00116711
0.00084977
-0.00131515
0.0098771
0.00503338
-0.00128199
0.00759133
0.00386757
-0.00120047
0.00534923
0.00275472
-0.000990705
0.00345201
0.00171204
-0.000714215
0.00177095
0.00087728
-0.000436098
0.000550917
0.000290669
0.00130253
0.00986679
0.00584091
0.00127474
0.00757211
0.00464203
0.00116346
0.00538986
0.00347697
0.000979488
0.00329195
0.00232359
0.000760433
0.00173882
0.00131462
0.000417057
0.000665613
0.000531316
-0.000669982
0.0102755
0.0054386
-0.000635724
0.00795874
0.00425746
-0.00058777
0.00566633
0.00311187
-0.000535984
0.00367292
0.00205599
-0.000368202
0.001916
0.00112173
-0.000205951
0.000580967
0.000439128
0.000662321
0.0094606
0.00544165
0.000650195
0.00717658
0.00427322
0.000608124
0.00498299
0.00311011
0.000515855
0.00295019
0.00205022
0.000460089
0.00145592
0.00113183
0.000324613
0.000431198
0.000401448
0.000211015
0.000172531
0.000126702
-0.000164078
0.000150196
0.00017207
-8.79285e-06
0.0121498
0.00660427
0.000253271
0.00025316
0.000157497
-7.82119e-06
-2.42985e-05
-2.73589e-05
-0.00024394
0.000211649
0.00013437
-0.0013204
0.0110187
0.00561497
-0.0013033
0.00873128
0.00445008
-0.0012478
0.0064621
0.00330491
-0.00114482
0.00429354
0.00220827
-0.000839273
0.00254329
0.00125908
-0.000583382
0.00111709
0.000558523
0.00130723
0.0110117
0.0064341
0.00129184
0.00871688
0.00523844
0.00123829
0.00645155
0.00404771
0.00106893
0.00432148
0.00288697
0.000878427
0.0024836
0.0018096
0.000615181
0.00111243
0.000876066
-0.000676294
0.0114256
0.006024
-0.000657183
0.00911597
0.00485273
-0.000612521
0.00680085
0.00367991
-0.000590455
0.00461972
0.00254935
-0.00044518
0.00274705
0.00155491
-0.00027859
0.00117759
0.000749621
0.000661691
0.0106028
0.00602633
0.000661207
0.0083176
0.00485189
0.000636214
0.00606008
0.00368806
0.000561461
0.00397159
0.00258634
0.000507495
0.00214479
0.00157183
0.00040192
0.000879435
0.00074109
-0.000385642
0.000347571
0.000249311
-0.00128084
0.00495588
0.00253517
