-0.000950287
0.0141276
0.00574055
0.00218049
0.0141262
0.00658924
0.000118604
6.3587e-05
2.42085e-05
-2.6368e-05
-2.34018e-05
4.45095e-06
-0.00220138
0.014975
0.00574231
0.000925511
0.0149753
0.00658657
2.18921e-05
-1.17075e-05
-7.22059e-07
-0.000100011
5.29065e-05
2.68751e-05
-0.000943255
0.0114311
0.00465715
-0.000917264
0.00872481
0.00356665
-0.000840439
0.00607538
0.00250724
-0.000687508
0.00376794
0.00149859
-0.000452646
0.00188707
0.000772546
-0.000224223
0.000613407
0.000231813
0.00218102
0.0114229
0.00549642
0.00214143
0.00871482
0.00438636
0.00199195
0.00615691
0.00331415
0.00172305
0.00365321
0.00226991
0.00134199
0.00188853
0.00133433
0.000812699
0.000660633
0.00063943
-0.00219589
0.0122708
0.00466419
-0.00214605
0.00953767
0.00358778
-0.00201265
0.00681455
0.00256518
-0.00170831
0.00452327
0.00164385
-0.0012861
0.00240695
0.000875155
-0.000780226
0.000715897
0.000396908
0.000929526
0.0122564
0.00548874
0.000928755
0.00950283
0.00436113
0.000831568
0.00685182
0.00323313
0.000687973
0.00433617
0.00217216
0.000598241
0.00228882
0.00121766
0.000305424
0.000846111
0.000437376
0.000611805
0.0141265
0.00616481
-8.77258e-05
0.000242695
9.44991e-05
-0.00157361
0.0145522
0.00574237
0.000503023
0.000301424
0.000303434
0.00154956
0.014551
0.00658711
4.5769e-05
-2.70718e-05
4.03041e-05
0.000120537
3.21728e-05
-3.99776e-05
-0.000118094
1.60236e-05
-4.08516e-05
-0.000637989
0.0149741
0.00616435
-0.000374074
0.000260588
0.000273175
0.000135622
0.000290372
0.000134675
-5.52057e-05
-1.32086e-05
4.33208e-05
-0.000948528
0.0127841
0.00520168
-0.000932236
0.0100763
0.00410975
-0.000887914
0.00739494
0.00303407
-0.00083335
0.0048343
0.00199638
-0.000558014
0.00274612
0.00111891
-0.000348057
0.00117509
0.000482851
0.00218214
0.0127787
0.00604709
0.00216941
0.0100677
0.00494002
0.00209069
0.00739688
0.00383726
0.00188094
0.004922
0.00280408
0.00153594
0.00272897
0.00178181
0.00110817
0.00118565
0.000943147
-0.00220124
0.0136299
0.00520521
-0.00217943
0.0109037
0.00412397
-0.00209274
0.00817536
0.00307031
-0.0018936
0.00556505
0.00207668
-0.00149833
0.00339246
0.0012248
-0.00105468
0.00153746
0.000604372
0.000927311
0.0136228
0.00604409
0.000929848
0.0108811
0.00492486
0.000917522
0.00813162
0.00379901
0.000753601
0.00558485
0.00269565
0.000649423
0.00327956
0.00168286
0.00051794
0.00142661
0.000801208
-0.00156504
0.0118538
0.00465907
-0.00152738
0.00913954
0.0035696
-0.00143217
0.00647161
0.00253011
-0.00118758
0.00419755
0.00155967
-0.000862692
0.00217135
0.000795065
-0.000533757
0.000684667
0.000267997
0.00154337
0.0118421
0.00548987
0.00151259
0.00911763
0.00436765
0.00138723
0.00651655
0.00328068
0.00117528
0.00401356
0.00218704
0.000921181
0.00213304
0.00124487
0.000517709
0.000816167
0.000522928
-0.000631082
0.0122628
0.00507583
-0.000596721
0.00951618
0.00397108
-0.000548499
0.00679702
0.0028987
-0.000500252
0.00440833
0.0019167
-0.000325749
0.002311
0.0010451
-0.000165219
0.000712335
0.000415512
0.000615181
0.0114248
0.0050788
0.000606854
0.00870947
0.0039859
0.000568155
0.00609167
0.0028952
0.000476411
0.00366014
0.0019076
0.000433909
0.00183796
0.00105469
0.000307813
0.000557434
0.000378274
0.000198321
0.00021825
0.000119151
-0.000152766
0.00018883
0.000159653
-1.38079e-05
0.0145516
0.00616587
0.000319376
0.000311486
0.000152573
-7.21068e-06
-3.02338e-05
-2.62893e-05
-0.000300014
0.000262975
0.00013487
-0.00157107
0.0132088
0.00520269
-0.00155157
0.0104937
0.00411396
-0.00148707
0.00779624
0.00304371
-0.00136741
0.00521149
0.0020201
-0.00100965
0.00310424
0.00114212
-0.000707943
0.00137665
0.000508496
0.00154839
0.0132009
0.00604491
0.00153128
0.0104776
0.00492603
0.00147191
0.00778414
0.00381158
0.00127811
0.00524335
0.00272085
0.00105861
0.00303543
0.00170856
0.000751382
0.00136874
0.000836907
-0.000637785
0.0136268
0.00562329
-0.00061767
0.0108878
0.00452794
-0.000572895
0.00814316
0.00343083
-0.000555541
0.00554948
0.00237033
-0.000404577
0.00330424
0.00144639
-0.000233781
0.00142721
0.000702991
0.00061385
0.0127807
0.00562548
0.000615232
0.0100669
0.00452723
0.000594811
0.00737912
0.00343799
0.000521544
0.00487795
0.00241071
0.00047599
0.00268321
0.00146287
0.000380958
0.00112322
0.000692552
-0.00042121
0.00042986
0.000239473
-0.00142434
0.00596548
0.00233568
