-0.00124449
0.0164954
0.00527981
0.00237548
0.0164935
0.006149
0.000133437
7.18749e-05
2.9289e-05
-3.83076e-05
-2.43929e-05
-5.97029e-07
-0.0024052
0.0173628
0.00528181
0.001211
0.0173635
0.00614603
3.26776e-05
-1.07407e-05
-6.76836e-06
-0.000108787
5.73848e-05
3.18269e-05
-0.00123652
0.0133777
0.00427418
-0.00120468
0.0102461
0.00326066
-0.00111113
0.00717294
0.00227344
-0.000922439
0.00449002
0.00133507
-0.00063373
0.00227877
0.000683273
-0.000335213
0.000758085
0.000198984
0.00237647
0.0133679
0.00513421
0.00233644
0.0102323
0.00410361
0.00217723
0.0072606
0.00311361
0.00188427
0.00435278
0.00213606
0.00147179
0.00226985
0.00126921
0.000895452
0.000796494
0.000638342
-0.00239925
0.0142371
0.00428189
-0.00234513
0.0110786
0.00328456
-0.00220033
0.00793203
0.00233935
-0.00186822
0.00526343
0.00150036
-0.00140065
0.00280483
0.000799399
-0.000846586
0.000838061
0.000386134
0.00121544
0.0142218
0.00512615
0.00121176
0.0110425
0.00407655
0.00109691
0.00797766
0.0030238
0.000925062
0.00505798
0.00202626
0.00079938
0.00268269
0.00113782
0.000427485
0.00101022
0.000416709
0.000562264
0.0164942
0.00571418
-0.000148589
0.000306039
8.2021e-05
-0.0018223
0.0169301
0.00528195
0.000558042
0.000355887
0.000311205
0.00178862
0.0169288
0.00614672
3.36679e-05
-3.40228e-05
4.32968e-05
0.000141731
4.06305e-05
-4.36859e-05
-0.000136958
2.20351e-05
-4.28046e-05
-0.000597891
0.017362
0.00571365
-0.000407591
0.000305069
0.000283703
0.000200722
0.00036011
0.000116362
-5.1242e-05
-1.62013e-05
4.43521e-05
-0.00124253
0.014942
0.00477972
-0.0012236
0.0118105
0.00376564
-0.00116875
0.00870445
0.00276535
-0.00109534
0.00573003
0.00179936
-0.000765738
0.00329231
0.000995017
-0.000498485
0.00143219
0.000425733
0.00237728
0.0149357
0.00564548
0.00236506
0.0117993
0.00461776
0.0022833
0.00870336
0.00359439
0.002057
0.00582346
0.00264032
0.00168161
0.00326423
0.00168299
0.00121792
0.00143192
0.000910629
-0.00240512
0.0158077
0.00478368
-0.00238135
0.0126573
0.00378123
-0.00228785
0.00950452
0.00280636
-0.00207231
0.00648257
0.00188943
-0.00163325
0.00394958
0.00111445
-0.00114725
0.00179307
0.00056298
0.00121304
0.0158003
0.00564242
0.00121449
0.0126341
0.00460154
0.00119641
0.00945922
0.00355265
0.00100525
0.00650916
0.00251968
0.000870523
0.00383221
0.00157157
0.000690595
0.00168261
0.000750829
-0.0018126
0.0138104
0.00427633
-0.00177044
0.0106714
0.00326531
-0.00166155
0.00758157
0.00230111
-0.00138236
0.00493453
0.00140471
-0.00100946
0.00256691
0.000711661
-0.000630303
0.000816699
0.00024501
0.00178208
0.0137973
0.00512748
0.00174829
0.0106468
0.0040842
0.0016089
0.00763083
0.00307754
0.00136907
0.0047268
0.00204577
0.00108023
0.00252251
0.0011724
0.000617319
0.000964807
0.000513374
-0.000590847
0.0142284
0.00470317
-0.000556447
0.0110559
0.00367698
-0.000508071
0.00791411
0.00267991
-0.000463467
0.00513422
0.0017737
-0.00028259
0.00270056
0.000966453
-0.00012417
0.000841754
0.000391086
0.0005669
0.0133703
0.00470606
0.000562426
0.0102274
0.00369085
0.000527175
0.00718921
0.00267465
0.000436062
0.00436285
0.0017613
0.000406931
0.00221613
0.000975536
0.000290443
0.000682436
0.000354389
0.000185261
0.000263481
0.000111391
-0.000141167
0.000226811
0.000146944
-1.87306e-05
0.0169294
0.00571541
0.000384816
0.00036905
0.000147266
-6.59845e-06
-3.61249e-05
-2.51768e-05
-0.000355456
0.000313566
0.000135211
-0.00181942
0.0153768
0.0047809
-0.00179751
0.0122378
0.00377048
-0.001724
0.00911597
0.00277717
-0.00158773
0.00611904
0.00182849
-0.00117811
0.00365856
0.00102334
-0.00083106
0.00163299
0.000457774
0.00178741
0.0153681
0.00564327
0.00176857
0.0122201
0.00460341
0.00170338
0.00910233
0.0035675
0.00148522
0.00615484
0.00254894
0.00123692
0.00358074
0.00160382
0.000886144
0.00162188
0.000795893
-0.000597934
0.0158045
0.00521161
-0.00057684
0.01264
0.00419433
-0.000532045
0.00946979
0.00317509
-0.000519496
0.00646771
0.00218667
-0.000363089
0.00385398
0.00133508
-0.000188481
0.00167326
0.00065501
0.000564858
0.0149381
0.00521365
0.00056813
0.0117994
0.00419376
0.000552351
0.00868509
0.00318126
0.000480673
0.00577508
0.00223042
0.00044361
0.00321614
0.00135109
0.000359294
0.00136457
0.000642699
-0.000455928
0.000510931
0.000229278
-0.00156536
0.00696303
0.00213203
