-0.00139113
0.0176699
0.00504568
0.00247176
0.0176678
0.00592411
0.000140746
7.59604e-05
3.18027e-05
-4.42417e-05
-2.48716e-05
-3.11664e-06
-0.00250578
0.0185464
0.00504781
0.00135341
0.0185472
0.00592099
3.80404e-05
-1.02527e-05
-9.78638e-06
-0.000113082
5.957e-05
3.4279e-05
-0.00138268
0.014343
0.00407968
-0.00134788
0.0110003
0.00310538
-0.00124592
0.00771673
0.00215494
-0.00103935
0.00484765
0.00125237
-0.000723793
0.0024727
0.000638193
-0.000390412
0.000829712
0.000182466
0.00247297
0.0143324
0.0049491
0.00243272
0.0109845
0.003959
0.00226864
0.00780745
0.00301088
0.00196368
0.00469919
0.0020674
0.00153565
0.00245861
0.00123559
0.000936139
0.000863719
0.000637263
-0.00249959
0.0152114
0.00408774
-0.00244331
0.0118416
0.00313068
-0.00229283
0.00848491
0.00222483
-0.00194692
0.00562929
0.00142763
-0.00145686
0.00300125
0.000761016
-0.000879092
0.000898247
0.000380497
0.00135804
0.0151956
0.00494085
0.00135286
0.0118049
0.00393103
0.00122913
0.00853473
0.00291668
0.00104312
0.00541474
0.00195159
0.000899423
0.00287722
0.00109691
0.000488183
0.00109126
0.000405993
0.000537116
0.0176687
0.0054846
-0.000178875
0.000337401
7.57423e-05
-0.00194574
0.0181092
0.00504798
0.000585106
0.000382798
0.000314818
0.00190735
0.0181078
0.00592176
2.75943e-05
-3.74707e-05
4.47633e-05
0.000152214
4.48245e-05
-4.55129e-05
-0.000146274
2.50126e-05
-4.37439e-05
-0.000577349
0.0185455
0.00548403
-0.000424022
0.000326946
0.000288767
0.000233097
0.00039457
0.000107081
-4.92209e-05
-1.76938e-05
4.48327e-05
-0.00138907
0.0160123
0.00456536
-0.0013688
0.0126705
0.00359095
-0.00130864
0.00935346
0.00262906
-0.00122576
0.0061737
0.0016996
-0.000869076
0.00356276
0.000932394
-0.000573291
0.00155948
0.000396916
0.00247363
0.0160055
0.00544029
0.00246166
0.0126579
0.00445302
0.00237837
0.00935085
0.00347012
0.0021438
0.00626999
0.00255634
0.00175332
0.00352924
0.00163219
0.0012719
0.00155382
0.000893605
-0.00250573
0.016887
0.00456954
-0.00248097
0.0135258
0.00360723
-0.00238406
0.0101624
0.00267245
-0.00216036
0.0069363
0.00179453
-0.00169953
0.00422478
0.00105855
-0.00119264
0.00191917
0.000541935
0.00135557
0.0168795
0.00543719
0.00135644
0.0135024
0.00443626
0.00133542
0.0101164
0.00342662
0.0011306
0.00696629
0.00242961
0.000980558
0.00410526
0.00151458
0.000776425
0.00180901
0.000724967
-0.00193548
0.0147803
0.00408195
-0.00189105
0.0114304
0.00311089
-0.0017753
0.00813112
0.00218501
-0.00147887
0.00529918
0.00132628
-0.0010821
0.00276244
0.000669509
-0.00067807
0.000881893
0.000233387
0.00190064
0.0147664
0.00494228
0.00186532
0.0114044
0.00393925
0.00171889
0.00818255
0.00297352
0.00146514
0.00507965
0.00197343
0.00115902
0.00271506
0.00113517
0.000666655
0.00103823
0.000508154
-0.00057024
0.0152024
0.00451333
-0.000535839
0.0118183
0.00352718
-0.000487426
0.00846681
0.00256849
-0.000444687
0.00549299
0.00170085
-0.000260753
0.0028929
0.000926385
-0.000103542
0.000905571
0.000378565
0.000542389
0.0143351
0.00451618
0.000539863
0.0109798
0.00354056
0.000506355
0.00773299
0.00256234
0.000415585
0.00471082
0.00168681
0.000393168
0.00240333
0.000935211
0.000281553
0.000744298
0.000342176
0.000178596
0.000285836
0.000107429
-0.000135259
0.000245499
0.00014048
-2.11359e-05
0.0181085
0.00548592
0.000417232
0.000397466
0.000144468
-6.29162e-06
-3.9051e-05
-2.46039e-05
-0.000382885
0.000338509
0.000135307
-0.00194269
0.0164517
0.00456663
-0.00191957
0.0131021
0.0035961
-0.00184153
0.00976962
0.00264197
-0.00169695
0.00656819
0.00173143
-0.00126152
0.00393269
0.000963275
-0.000891972
0.00175966
0.000432143
0.00190613
0.0164425
0.00543805
0.00188641
0.0130836
0.00443848
0.0018183
0.00975523
0.00344263
0.00158794
0.00660598
0.0024609
0.00132529
0.00385042
0.0015501
0.000952891
0.00174698
0.000774698
-0.000577518
0.0168837
0.00500188
-0.000555939
0.0135079
0.0040244
-0.000511165
0.0101264
0.00304483
-0.000501057
0.00692182
0.00209316
-0.000342017
0.00412554
0.00127839
-0.00016566
0.00179467
0.000630513
0.000539988
0.0160081
0.00500385
0.000544215
0.0126585
0.00402389
0.00053078
0.00933232
0.0030505
0.000459923
0.00621944
0.00213859
0.000427125
0.00347999
0.00129416
0.000348215
0.00148403
0.000617281
-0.000472926
0.000550893
0.000224033
-0.0016349
0.00745656
0.0020287
