-0.00153742
0.0188378
0.00480916
0.00256725
0.0188354
0.00569621
0.000147975
8.00019e-05
3.42967e-05
-5.01468e-05
-2.5339e-05
-5.63145e-06
-0.00260547
0.0197226
0.00481141
0.00149556
0.0197236
0.00569293
4.33786e-05
-9.76174e-06
-1.27988e-05
-0.000117309
6.17159e-05
3.67124e-05
-0.00152849
0.0153027
0.00388326
-0.00149069
0.0117497
0.00294862
-0.00138027
0.00825677
0.0020354
-0.00115583
0.00520267
0.00116905
-0.000813467
0.00266512
0.000592816
-0.000445365
0.000900765
0.000165875
0.00256868
0.0152912
0.00476145
0.00252819
0.011732
0.00381235
0.00235922
0.00835057
0.00290659
0.00204227
0.00504301
0.00199761
0.00159878
0.0026459
0.00120129
0.000976326
0.000930382
0.00063582
-0.00259903
0.0161793
0.00389166
-0.00254059
0.0125992
0.00297533
-0.00238441
0.00903349
0.00210927
-0.00202474
0.00599203
0.00135426
-0.00151232
0.00319578
0.000722292
-0.000911109
0.000957756
0.000374679
0.00150039
0.016163
0.00475301
0.00149368
0.012562
0.00378345
0.001361
0.00908754
0.00280799
0.00116079
0.00576841
0.0018758
0.000999055
0.00306995
0.00105536
0.000548614
0.00117154
0.000395021
0.000511745
0.0188365
0.00525231
-0.000209034
0.000368509
6.94338e-05
-0.00206857
0.0192813
0.00481162
0.000611844
0.000409455
0.000318242
0.00202557
0.0192798
0.00569378
2.15084e-05
-4.08987e-05
4.62079e-05
0.00016261
4.89906e-05
-4.73195e-05
-0.000155502
2.79675e-05
-4.46576e-05
-0.000556487
0.0197218
0.00525171
-0.000440212
0.00034855
0.000293684
0.000265327
0.000428715
9.77195e-05
-4.71734e-05
-1.9183e-05
4.52883e-05
-0.00153525
0.0170764
0.00434883
-0.00151363
0.0135251
0.00341456
-0.00144811
0.0099982
0.00249152
-0.00135573
0.00661418
0.00159901
-0.000971991
0.00383115
0.000869322
-0.000647764
0.00168575
0.000367921
0.00256919
0.0170692
0.00523231
0.00255747
0.0135113
0.00428598
0.00247263
0.00999406
0.00334404
0.00222977
0.00671332
0.00247102
0.00182423
0.00379222
0.00158049
0.00132523
0.00167474
0.000876075
-0.00260544
0.0179595
0.00435324
-0.00257969
0.0143885
0.00343153
-0.00247936
0.0108155
0.0025373
-0.00224749
0.00738633
0.0016988
-0.00176497
0.00449747
0.00100218
-0.00123738
0.00204398
0.000520649
0.00149784
0.0179518
0.00522919
0.00149812
0.0143648
0.00426868
0.00147411
0.0107687
0.00329877
0.00125558
0.00741974
0.0023382
0.00109019
0.00437587
0.00145671
0.000861863
0.0019342
0.000698664
-0.00205773
0.0157441
0.00388565
-0.00201102
0.0121842
0.00295501
-0.00188838
0.00867664
0.00206789
-0.00157472
0.00566096
0.00124722
-0.00115417
0.00295627
0.000627053
-0.000725454
0.00094645
0.000221669
0.00201867
0.0157295
0.00475454
0.00198181
0.012157
0.00379225
0.00182831
0.00873026
0.00286793
0.00156063
0.00542965
0.00189997
0.00123728
0.00290594
0.00109729
0.000715638
0.00111096
0.000502635
-0.000549312
0.0161699
0.00432125
-0.000514921
0.0125754
0.00337561
-0.000466497
0.00901522
0.00245576
-0.000425653
0.00584866
0.00162713
-0.000238748
0.0030834
0.000885826
-8.28534e-05
0.000968712
0.000365836
0.000517662
0.0152942
0.00432406
0.000517097
0.0117275
0.00338851
0.000485342
0.00827302
0.00244873
0.000394925
0.00505619
0.00161144
0.000379235
0.00258906
0.000894396
0.000272531
0.000805642
0.000329782
0.000171845
0.000307981
0.000103411
-0.000129277
0.000263955
0.000133941
-2.34934e-05
0.0192805
0.00525372
0.000449415
0.000425597
0.000141575
-5.98424e-06
-4.19627e-05
-2.40197e-05
-0.00041009
0.00036318
0.000135343
-0.00206535
0.0175201
0.00435019
-0.00204099
0.0139609
0.00342003
-0.0019584
0.0104187
0.00250553
-0.0018055
0.00701388
0.00163355
-0.00134431
0.00420454
0.000902756
-0.000952398
0.00188517
0.000406325
0.00202433
0.0175104
0.00523006
0.00200371
0.0139416
0.00427127
0.00193265
0.0104036
0.00331595
0.00169007
0.00705367
0.00237152
0.00141308
0.00411786
0.00149551
0.00101917
0.00187095
0.000753052
-0.000556782
0.0179561
0.00478968
-0.000534718
0.0143699
0.00385247
-0.000489985
0.0107782
0.00291304
-0.000482346
0.00737222
0.00199856
-0.000320729
0.00439463
0.00122104
-0.000142731
0.00191486
0.000605678
0.000514898
0.0170719
0.00479158
0.000520088
0.0135122
0.00385203
0.000509012
0.00997527
0.00291821
0.000438984
0.00666061
0.00204567
0.000410461
0.00374181
0.00123657
0.00033698
0.00160254
0.000591538
-0.000489661
0.000590417
0.000218684
-0.00170375
0.00794623
0.00192439
