-0.00168334
0.0199985
0.00457033
0.00266196
0.0199959
0.00546542
0.00015512
8.39958e-05
3.67697e-05
-5.60188e-05
-2.57952e-05
-8.14011e-06
-0.00270426
0.0208912
0.0045727
0.00163746
0.0208924
0.00546199
4.86888e-05
-9.26816e-06
-1.58039e-05
-0.000121464
6.38201e-05
3.91251e-05
-0.00167391
0.0162562
0.00368496
-0.00163308
0.012494
0.00279044
-0.00151416
0.00879275
0.00191483
-0.00127182
0.00555483
0.00108511
-0.000902701
0.00285587
0.000547138
-0.000500038
0.00097117
0.000149206
0.00266361
0.0162439
0.00457137
0.00262286
0.0124743
0.00366373
0.00244897
0.00888965
0.00280078
0.00212002
0.00538398
0.00192672
0.00166113
0.00283155
0.00116631
0.00101599
0.000996417
0.00063401
-0.00269758
0.0171405
0.00369371
-0.00263694
0.0133511
0.00281855
-0.00247504
0.00957749
0.00199269
-0.00210164
0.00635143
0.00128025
-0.00156697
0.00338829
0.000683226
-0.000942607
0.00101653
0.000368673
0.00164248
0.0171238
0.00456272
0.00163419
0.0133134
0.00363388
0.0014925
0.00963581
0.00269778
0.00127804
0.00611879
0.00179893
0.00109823
0.00326073
0.00101317
0.000608746
0.001251
0.000383795
0.000486171
0.0199972
0.00501743
-0.000239048
0.000399328
6.30928e-05
-0.00219077
0.020446
0.00457294
0.000638235
0.00043583
0.000321473
0.00214326
0.0204445
0.00546292
1.54126e-05
-4.4306e-05
4.76291e-05
0.000172911
5.31255e-05
-4.91039e-05
-0.000164634
3.08973e-05
-4.55453e-05
-0.000535311
0.0208904
0.00501679
-0.000456145
0.000369856
0.000298446
0.000297395
0.000462517
8.82818e-05
-4.50994e-05
-2.06683e-05
4.57177e-05
-0.00168107
0.0181339
0.00413022
-0.00165806
0.0143741
0.00323652
-0.00158714
0.0106383
0.00235275
-0.00148521
0.00705119
0.00149761
-0.00107443
0.00409729
0.000805803
-0.000721857
0.0018109
0.000338746
0.00266397
0.0181262
0.00502168
0.00265249
0.014359
0.00411674
0.00256607
0.0106327
0.00321622
0.00231489
0.00715319
0.00238439
0.00189431
0.00405298
0.00152791
0.00137789
0.00179457
0.000858044
-0.00270427
0.0190248
0.00413486
-0.0026775
0.0152451
0.00325419
-0.00257372
0.0114634
0.00240094
-0.00233369
0.00783239
0.00160226
-0.00182954
0.00476747
0.000945334
-0.00128144
0.00216741
0.000499115
0.00163986
0.0190169
0.00501852
0.00163951
0.015221
0.00409889
0.00161247
0.0114159
0.00316918
0.00138016
0.00786924
0.00224548
0.00119937
0.00464386
0.00139799
0.000946866
0.00205809
0.000671928
-0.00217934
0.0167015
0.00368747
-0.00213032
0.0129327
0.0027977
-0.00200077
0.00921783
0.00194974
-0.0016699
0.00601962
0.00116754
-0.00122563
0.00314825
0.000584292
-0.000772425
0.00101031
0.000209852
0.00213617
0.0166862
0.00456437
0.00209774
0.0129041
0.00364328
0.00193713
0.00927367
0.00276083
0.00165549
0.00577658
0.00182544
0.00131496
0.003095
0.00105877
0.00076424
0.00118293
0.000496817
-0.000528071
0.0171308
0.00412702
-0.000493697
0.0133268
0.00322234
-0.000445287
0.00955906
0.00234175
-0.000406369
0.006201
0.00155255
-0.000216579
0.00327193
0.000844781
-6.21103e-05
0.00103112
0.000352899
0.000492741
0.0162472
0.0041298
0.00049415
0.01247
0.00323475
0.000464153
0.00880899
0.00233385
0.000374096
0.00539871
0.00153523
0.000365141
0.00277316
0.000853097
0.000263381
0.000866404
0.000317206
0.000165007
0.000329885
9.93364e-05
-0.000123223
0.000282161
0.000127328
-2.57956e-05
0.0204452
0.00501893
0.000481345
0.000453415
0.000138585
-5.67622e-06
-4.48587e-05
-2.34238e-05
-0.000437052
0.000387551
0.000135315
-0.00218736
0.0185815
0.00413166
-0.00216176
0.0148138
0.00324231
-0.00207459
0.0110629
0.00236787
-0.00191335
0.00745586
0.00153486
-0.00142645
0.0044739
0.000841787
-0.0010123
0.00200941
0.000380316
0.002142
0.0185714
0.0050194
0.00212048
0.0147937
0.00410185
0.00204642
0.011047
0.00318752
0.00179158
0.00749767
0.00228084
0.00150026
0.00438285
0.00144008
0.00108494
0.00199369
0.000730959
-0.000535735
0.0190213
0.0045751
-0.000513184
0.0152257
0.0036786
-0.000468507
0.0114249
0.00277977
-0.000463367
0.00781868
0.00190291
-0.000299229
0.00466107
0.00116302
-0.000119702
0.00203374
0.000580508
0.00048961
0.0181292
0.00457693
0.000495772
0.0143604
0.00367824
0.000487066
0.0106136
0.00278444
0.000417872
0.0070983
0.00195169
0.000393631
0.00400141
0.00117831
0.000325594
0.00171996
0.000565472
-0.000506119
0.000629462
0.000213226
-0.0017719
0.00843176
0.00181912
