-0.00211849
0.0234345
0.00384081
0.00294149
0.0234311
0.00475711
0.000175986
9.56585e-05
4.40502e-05
-7.34009e-05
-2.70965e-05
-1.56166e-05
-0.00299521
0.0243477
0.00384356
0.00206139
0.0243493
0.00475318
6.44204e-05
-7.77303e-06
-2.476e-05
-0.000133453
6.98614e-05
4.62189e-05
-0.00210751
0.0190765
0.00307948
-0.00205733
0.0146927
0.00230765
-0.00191251
0.0103733
0.00154717
-0.00161637
0.00659184
0.000829661
-0.00116729
0.00341659
0.000408288
-0.000662041
0.00117784
9.86989e-05
0.00294377
0.0190617
0.00398762
0.00290208
0.0146671
0.00320685
0.00271311
0.0104797
0.00247485
0.00234793
0.00638754
0.00170786
0.00184327
0.00337726
0.00105746
0.00113152
0.00119015
0.000626366
-0.00298776
0.0199808
0.0030893
-0.00292034
0.01557
0.00234007
-0.00274107
0.0111794
0.00163707
-0.00232655
0.00740758
0.00105449
-0.0017258
0.00395228
0.000563935
-0.00103373
0.00118799
0.000349432
0.00206692
0.0199628
0.00397831
0.00205363
0.0155305
0.00317409
0.00188443
0.0112507
0.00235853
0.00162683
0.00714802
0.0015621
0.00139255
0.00382008
0.000882944
0.000787027
0.0014838
0.000348618
0.000408446
0.023433
0.00429827
-0.000328028
0.000489729
4.38482e-05
-0.00255333
0.0238923
0.00384391
0.000715126
0.00051298
0.00032997
0.0024931
0.0238907
0.00475435
-2.91151e-06
-5.43942e-05
5.1738e-05
0.000203176
6.53119e-05
-5.4308e-05
-0.000191392
3.95121e-05
-4.80485e-05
-0.000469975
0.0243468
0.00429751
-0.000502255
0.000431801
0.000311702
0.00039244
0.000561593
5.95443e-05
-3.87179e-05
-2.50942e-05
4.68383e-05
-0.00211588
0.0212632
0.00346256
-0.00208857
0.0168839
0.00269299
-0.00200112
0.0125279
0.00192938
-0.00187024
0.00833876
0.00118868
-0.0013784
0.00488023
0.000612572
-0.000941444
0.00217854
0.000250097
0.0029437
0.021254
0.00437503
0.00293286
0.0168648
0.00359677
0.00284147
0.0125177
0.00282298
0.002565
0.00844935
0.00211718
0.00209936
0.00481997
0.00136517
0.00153148
0.00214653
0.000801005
-0.00299532
0.0221744
0.0034679
-0.00296538
0.0177744
0.0027128
-0.00285104
0.0133735
0.00198486
-0.00258639
0.00914446
0.00130785
-0.00201764
0.00555961
0.000771958
-0.00140919
0.00252846
0.000432952
0.00206413
0.022166
0.00437173
0.00206177
0.0177495
0.00357718
0.00202524
0.0133239
0.0027705
0.00175106
0.0091917
0.00195991
0.0015238
0.00543037
0.00121693
0.00119884
0.00242102
0.000589202
-0.00254008
0.019532
0.00308235
-0.00248397
0.0151427
0.00231758
-0.0023334
0.0108127
0.00158945
-0.00195093
0.00707478
0.000924832
-0.00143601
0.00371159
0.000454149
-0.000910552
0.0011971
0.000173746
0.0024854
0.0195146
0.00398031
0.00244206
0.01511
0.0031853
0.00225978
0.0108754
0.00243099
0.00193605
0.00679674
0.00159568
0.00154419
0.00364993
0.000939548
0.000907477
0.00139373
0.000477575
-0.000462534
0.0199702
0.00353225
-0.00042824
0.0155439
0.00275289
-0.00038001
0.0111605
0.00199251
-0.000347065
0.00723602
0.00132388
-0.00014914
0.00382433
0.000718803
3.80939e-07
0.00121345
0.000312833
0.000417022
0.0190657
0.00353493
0.00042443
0.0146634
0.00276383
0.000399708
0.0103896
0.00198194
0.000310737
0.00640688
0.00130166
0.000321989
0.00331418
0.000726365
0.000235193
0.00104459
0.000278385
0.00014399
0.000393906
8.6762e-05
-0.000104623
0.000335101
0.000107045
-3.23079e-05
0.0238914
0.00430004
0.000575424
0.000534731
0.000129053
-4.74707e-06
-5.3441e-05
-2.15642e-05
-0.000516286
0.000458627
0.000134778
-0.00254937
0.0217212
0.00346427
-0.00251992
0.0173337
0.00269976
-0.00241874
0.0129633
0.00194786
-0.00223233
0.00875694
0.00123405
-0.00166851
0.00526529
0.000656196
-0.0011885
0.00237356
0.000301092
0.00249178
0.0217096
0.00437267
0.00246739
0.0173111
0.00358129
0.00238412
0.0129452
0.00279244
0.00209212
0.00880491
0.00200143
0.00175782
0.00516138
0.00126888
0.00127886
0.00235356
0.000662081
-0.000470793
0.0221706
0.00391808
-0.000446755
0.0177529
0.00314615
-0.000402332
0.0133312
0.00237151
-0.000404873
0.00913196
0.00160987
-0.000233496
0.00544276
0.000985144
-5.00648e-05
0.00238158
0.000503001
0.000412763
0.0212575
0.00391969
0.000421894
0.0168675
0.00314602
0.000420356
0.0124978
0.00237468
0.000353653
0.00838789
0.00166368
0.00034226
0.00476487
0.000999681
0.000290595
0.00206478
0.000485363
-0.000553683
0.000743366
0.000196142
-0.00197197
0.009861
0.00149775
