-0.00226255
0.024563
0.00359357
0.00303313
0.0245593
0.00451613
0.000182736
9.94294e-05
4.64271e-05
-7.91059e-05
-2.75079e-05
-1.80884e-05
-0.00309035
0.0254822
0.00359645
0.00220201
0.0254841
0.00451202
6.95881e-05
-7.27026e-06
-2.77207e-05
-0.000137279
7.17788e-05
4.85293e-05
-0.00225102
0.0200019
0.00287432
-0.00219763
0.0154131
0.00214411
-0.00204404
0.0108901
0.00142271
-0.00172992
0.00693029
0.00074332
-0.00125429
0.00359919
0.000361394
-0.000715269
0.00124501
8.16851e-05
0.00303561
0.0199862
0.0037889
0.00299354
0.0153856
0.00305116
0.00279941
0.0109997
0.00236356
0.00242205
0.00671488
0.00163296
0.00190225
0.00355496
0.00101994
0.0011688
0.00125308
0.000623077
-0.00308262
0.0209122
0.0028845
-0.00301287
0.0162963
0.00217799
-0.00282771
0.0117026
0.00151664
-0.00239949
0.00775165
0.000978016
-0.00177692
0.00413539
0.000523466
-0.00106289
0.00124338
0.000342583
0.0022077
0.0208937
0.00377935
0.00219265
0.0162563
0.00301739
0.00201408
0.0117783
0.00224276
0.00174197
0.00748316
0.00148119
0.00148945
0.00400181
0.000838375
0.00084565
0.00155937
0.000336404
0.000382267
0.0245614
0.00405407
-0.000357276
0.000519081
3.7351e-05
-0.00267276
0.0250239
0.00359684
0.000739937
0.000537957
0.000332394
0.00260859
0.0250222
0.00451328
-9.02453e-06
-5.77097e-05
5.30516e-05
0.00021303
6.92916e-05
-5.59876e-05
-0.000200079
4.23186e-05
-4.88288e-05
-0.000447622
0.0254814
0.00405327
-0.000517017
0.000451735
0.000315748
0.000423678
0.000593765
4.9837e-05
-3.65376e-05
-2.6557e-05
4.71528e-05
-0.00225981
0.0222906
0.00323631
-0.00223101
0.017707
0.00250884
-0.00213793
0.0131464
0.001786
-0.00199728
0.00875928
0.00108417
-0.00147845
0.00513545
0.000547278
-0.00101361
0.00229815
0.000220161
0.00303541
0.0222809
0.00415497
0.00302475
0.0176865
0.00341968
0.0029316
0.0131347
0.00268888
0.00264656
0.00887275
0.00202583
0.00216588
0.00506996
0.00130933
0.00158113
0.00226104
0.000781036
-0.00309049
0.0232077
0.00324188
-0.00305945
0.0186031
0.00252938
-0.0029415
0.0139981
0.00184394
-0.00266857
0.00957237
0.00120817
-0.00207837
0.0058172
0.000713229
-0.00145021
0.00264547
0.000410357
0.00220486
0.0231992
0.00415161
0.00220178
0.018578
0.00339948
0.00216195
0.0139478
0.00263455
0.00187363
0.00962311
0.00186239
0.00163076
0.00568619
0.00115502
0.00128169
0.00253882
0.000560822
-0.00265888
0.0204604
0.00287731
-0.00260033
0.0158664
0.00215494
-0.00244265
0.0113339
0.00146746
-0.00204299
0.00741888
0.000842734
-0.00150466
0.00389475
0.000410142
-0.000955572
0.0012576
0.000161475
0.00260067
0.0204423
0.00378147
0.00255562
0.0158324
0.00302923
0.00236598
0.0113989
0.00231839
0.00202812
0.00712924
0.00151716
0.00161923
0.0038304
0.000898638
0.000954282
0.0014621
0.00047057
-0.00044011
0.0209011
0.00333025
-0.000405846
0.0162696
0.00259339
-0.00035772
0.0116835
0.00187381
-0.000326834
0.00757307
0.00124609
-0.000126367
0.00400368
0.000675889
2.1277e-05
0.00127244
0.000299061
0.000391529
0.0199906
0.00333289
0.00040096
0.0153821
0.00260385
0.000377987
0.0109064
0.00186234
0.00028937
0.00673574
0.00122224
0.000307343
0.00349032
0.000683204
0.000225563
0.00110244
0.000265082
0.000136823
0.000414605
8.24513e-05
-9.82786e-05
0.00035214
0.000100137
-3.43296e-05
0.0250229
0.00405594
0.000606153
0.000561046
0.000125693
-4.43516e-06
-5.62624e-05
-2.09197e-05
-0.000542089
0.000481569
0.000134428
-0.0026686
0.0227517
0.00323811
-0.00263783
0.0181597
0.00251595
-0.00253189
0.013585
0.00180561
-0.00233701
0.00918156
0.00113225
-0.00174762
0.00552296
0.000593445
-0.00124595
0.00249178
0.00027427
0.00260725
0.0227396
0.00415258
0.00258186
0.0181362
0.00340399
0.0024954
0.0135663
0.00265771
0.00219088
0.00923162
0.00190598
0.00184223
0.00541487
0.00121026
0.00134227
0.00247044
0.000638285
-0.000448574
0.0232039
0.00369496
-0.000424027
0.0185809
0.00296529
-0.000379711
0.0139545
0.00223278
-0.000384875
0.00956029
0.00151027
-0.000211191
0.00569693
0.000924621
-2.66918e-05
0.00249433
0.00047651
0.000386885
0.0222846
0.0036965
0.000397024
0.0176896
0.00296523
0.00039789
0.0131145
0.00223545
0.000332
0.00880908
0.00156575
0.000324882
0.00501366
0.000938904
0.000278667
0.00217692
0.000458034
-0.000568893
0.000780152
0.000190197
-0.00203713
0.0103275
0.00138885
