-0.0025489
0.0267925
0.0030935
0.00321407
0.0267882
0.00402766
0.0001959
0.00010678
5.11001e-05
-9.03642e-05
-2.82972e-05
-2.29951e-05
-0.00327777
0.0277228
0.00309665
0.00248202
0.027725
0.0040232
7.97936e-05
-6.25867e-06
-3.35963e-05
-0.000144657
7.54601e-05
5.30589e-05
-0.00253623
0.0218286
0.00245935
-0.00247629
0.0168334
0.00181334
-0.00230494
0.011907
0.00117105
-0.00195479
0.00759519
0.000568904
-0.00142625
0.00395719
0.00026669
-0.000820397
0.00137644
4.73713e-05
0.00321692
0.0218112
0.00338589
0.00317397
0.0168018
0.0027352
0.00296928
0.0120232
0.0021374
0.00256738
0.00735761
0.00148045
0.00201742
0.00390336
0.000943114
0.00124139
0.00137617
0.000615394
-0.00326946
0.0227497
0.00247029
-0.00319489
0.0177273
0.00185019
-0.00299779
0.0127312
0.00127311
-0.00254216
0.0084268
0.000823289
-0.00187627
0.00449364
0.000441459
-0.0011193
0.00135128
0.000328188
0.002488
0.0227303
0.00337584
0.00246928
0.0176862
0.00269935
0.00227168
0.0128158
0.00200755
0.00197028
0.00814052
0.00131668
0.00168119
0.00435757
0.000747614
0.000961526
0.00170721
0.000311272
0.000329607
0.0267907
0.00355963
-0.000415061
0.000576458
2.42187e-05
-0.0029093
0.027259
0.00309711
0.000788233
0.000586669
0.000336618
0.00283774
0.0272572
0.00402463
-2.12453e-05
-6.42651e-05
5.55875e-05
0.000232352
7.71118e-05
-5.92549e-05
-0.000217069
4.78235e-05
-5.03075e-05
-0.000402113
0.0277219
0.00355874
-0.000545558
0.000490452
0.000323238
0.000485399
0.000656714
3.0257e-05
-3.20984e-05
-2.94591e-05
4.76887e-05
-0.00254592
0.0243194
0.00277869
-0.00251404
0.0193306
0.00213638
-0.00240949
0.0143648
0.00149603
-0.00224914
0.00958594
0.000872919
-0.00167634
0.00563629
0.000415388
-0.00115617
0.00253244
0.000159693
0.00321648
0.0243088
0.00370881
0.00320611
0.0193074
0.00306043
0.00310926
0.0143501
0.00241658
0.00280683
0.00970521
0.00183999
0.00229602
0.00556048
0.00119544
0.00167793
0.00248531
0.000739721
-0.00327796
0.0252476
0.00278476
-0.00324463
0.0202371
0.00215843
-0.0031193
0.0152275
0.00155895
-0.00282969
0.0104128
0.0010066
-0.00219669
0.00632186
0.000594386
-0.00152971
0.00287406
0.000364322
0.00248509
0.0252387
0.00370533
0.00248047
0.0202115
0.00303896
0.00243384
0.015176
0.00235847
0.00211688
0.0104706
0.00166416
0.00184263
0.00618753
0.00102904
0.00144546
0.00276922
0.000502931
-0.00289412
0.0222927
0.00246259
-0.0028306
0.0172928
0.001826
-0.00265853
0.0123591
0.0012208
-0.00222444
0.00809457
0.0006768
-0.00163957
0.00425347
0.000321184
-0.00104393
0.0013757
0.000136547
0.00282936
0.022273
0.00337822
0.00278075
0.0172561
0.00271249
0.00257617
0.0124288
0.00208956
0.00220988
0.00778181
0.00135744
0.00176702
0.00418392
0.000815181
0.00104634
0.00159573
0.000455692
-0.000394451
0.0227379
0.00292114
-0.000360246
0.0176994
0.00227026
-0.000312384
0.0127119
0.00163323
-0.000285717
0.00823419
0.0010883
-8.04212e-05
0.00435459
0.000588735
6.3127e-05
0.00138755
0.0002709
0.000340269
0.0218161
0.00292373
0.000353777
0.0167986
0.00227975
0.000334274
0.0119234
0.00161998
0.000246338
0.00738148
0.00106118
0.000277706
0.00383555
0.000595563
0.000205972
0.00121551
0.000237938
0.000122254
0.000454917
7.36482e-05
-8.53768e-05
0.000385238
8.61038e-05
-3.81252e-05
0.0272579
0.00356168
0.000666565
0.000612368
0.000118712
-3.80705e-06
-6.1839e-05
-1.95928e-05
-0.000592689
0.000526224
0.000133439
-0.00290475
0.0247863
0.00278067
-0.00287125
0.0197888
0.00214417
-0.00275562
0.0148093
0.00151795
-0.0025437
0.0100159
0.000926442
-0.00190326
0.00602822
0.000466629
-0.00135874
0.00272303
0.000219982
0.00283636
0.0247731
0.00370634
0.00280887
0.0197636
0.00304429
0.00271589
0.0147892
0.00238412
0.00238606
0.0100702
0.00171192
0.00200868
0.00591192
0.00109089
0.00146705
0.00269914
0.000589503
-0.000403338
0.0252436
0.00324315
-0.000377747
0.0202134
0.00259894
-0.000333671
0.0151814
0.00195166
-0.000344171
0.0104016
0.00130836
-0.000166031
0.00619486
0.000801828
2.02517e-05
0.00271463
0.000422574
0.000334842
0.0243129
0.00324455
0.000347021
0.0193114
0.00259905
0.000352708
0.0143292
0.00195333
0.0002884
0.00963706
0.00136723
0.000289804
0.00550174
0.000815597
0.000254453
0.00239649
0.000402469
-0.000598277
0.000851797
0.000177904
-0.00216501
0.0112443
0.00116851
