0.00676359
-0.06797
0.00290379
-0.00548553
-0.0679826
0.00154132
-0.000591946
-0.000334895
-0.00017089
0.000366291
5.0098e-05
0.00012962
0.00619762
-0.0693412
0.00290666
-0.00605663
-0.0693427
0.00152985
-0.000323868
-1.33869e-05
0.000154197
0.000425929
-0.000232952
-0.000175739
0.00679746
-0.0575032
0.00241066
0.00686462
-0.0468749
0.0019479
0.00683109
-0.0357903
0.00159756
0.00632688
-0.0246425
0.00134255
0.00523776
-0.0140858
0.000832188
0.00330554
-0.00544728
0.000391414
-0.00552037
-0.0575185
0.00103739
-0.00567267
-0.0468336
0.000530093
-0.00581398
-0.035736
3.65406e-05
-0.00566254
-0.0242095
-0.000261093
-0.00500908
-0.0137089
-0.000541106
-0.00340643
-0.00514635
-0.00103882
0.00622617
-0.0588926
0.00242413
0.00632918
-0.0483063
0.00195793
0.00636803
-0.0372345
0.00152584
0.00596057
-0.0260567
0.000975097
0.00489397
-0.0150621
0.000449596
0.0030778
-0.00508079
-0.000407422
-0.0060866
-0.058914
0.00100285
-0.00620166
-0.0482982
0.000481863
-0.00625518
-0.0372409
8.22157e-05
-0.00606243
-0.0257037
-8.57344e-05
-0.00558939
-0.0147179
-0.000156217
-0.00353574
-0.00625619
-0.00030388
0.000631511
-0.0679795
0.0022172
0.00180409
-0.00244347
0.000130321
0.00648293
-0.0686543
0.00290564
-0.00227649
-0.00219279
-0.000737228
-0.00577717
-0.0686599
0.0015314
0.00022669
0.000200624
-0.000138676
-0.000758894
-0.000288134
0.000153217
0.000715072
-0.000217484
0.000118509
7.32752e-05
-0.0693461
0.00221622
0.00155685
-0.0019694
-0.000738005
-0.00192081
-0.00266366
0.000171787
1.87613e-06
7.29762e-05
-0.000106828
0.00677328
-0.0627324
0.00265904
0.00683404
-0.0522306
0.0021697
0.00687613
-0.0414017
0.00175426
0.00675977
-0.0300328
0.00146168
0.00584125
-0.0191911
0.00107344
0.00443345
-0.00944852
0.000553939
-0.00549195
-0.0627546
0.00129312
-0.00558259
-0.0522232
0.000777911
-0.00576741
-0.0413235
0.000288814
-0.00580952
-0.0300779
-0.00014995
-0.00540208
-0.018851
-0.000397132
-0.00438333
-0.00905011
-0.000741526
0.00620082
-0.0641095
0.00266678
0.00627248
-0.053642
0.00218805
0.00637371
-0.0428495
0.00174177
0.00627958
-0.0315274
0.00130587
0.00546898
-0.0204123
0.000766939
0.00412381
-0.0100188
3.316e-05
-0.0060618
-0.0641261
0.00127503
-0.00613322
-0.053657
0.000731565
-0.00627409
-0.0428078
0.00025859
-0.00620434
-0.0315885
-4.06574e-05
-0.00589284
-0.0201425
-0.000138036
-0.00498428
-0.0097698
-0.000194042
0.00651054
-0.0581956
0.0024124
0.00657068
-0.0475914
0.00194572
0.00655189
-0.0365384
0.00156517
0.00601908
-0.0254721
0.00120038
0.00497984
-0.0146112
0.000705753
0.00338082
-0.00526536
0.000123876
-0.00580908
-0.0582085
0.00101445
-0.00591519
-0.04756
0.000501988
-0.00596072
-0.036492
4.36259e-05
-0.00570456
-0.0249846
-0.000125375
-0.00503335
-0.0143136
-0.000292618
-0.00330041
-0.00575344
-0.000658265
8.53847e-05
-0.0589122
0.00171362
0.000103728
-0.048321
0.00122299
4.8976e-05
-0.0372187
0.000828381
6.13159e-06
-0.0258118
0.000458527
-0.000363666
-0.0147424
0.000182447
-0.000682301
-0.00523311
-0.000120231
0.000639907
-0.057523
0.00172241
0.000597432
-0.0468722
0.00124813
0.00049128
-0.0357487
0.000850981
0.000433259
-0.0242947
0.000510104
0.000155046
-0.0136834
0.000202304
-1.71488e-06
-0.0048095
-4.4283e-05
1.50912e-05
-0.00187619
-8.33866e-06
-7.9046e-06
-0.00168678
4.3084e-05
0.000351935
-0.0686577
0.00222024
-0.00219638
-0.00233043
-0.000152588
-9.05783e-06
0.000167658
1.699e-05
0.00198138
-0.00214297
-0.000243692
0.00649274
-0.0634193
0.00265817
0.00654051
-0.0529356
0.00217353
0.00658193
-0.0421303
0.00174784
0.00645327
-0.0308271
0.00138273
0.00552353
-0.0198653
0.000979842
0.00426998
-0.00976032
0.000398476
-0.005782
-0.0634384
0.0012808
-0.00585594
-0.0529326
0.000746729
-0.00596874
-0.0420687
0.0002707
-0.00586709
-0.0308092
-7.32276e-05
-0.00544992
-0.0195454
-0.000232447
-0.0043843
-0.00955325
-0.000408752
7.3609e-05
-0.0641188
0.00196785
9.68955e-05
-0.0536648
0.00146794
8.49469e-05
-0.0428441
0.00101079
6.91279e-05
-0.0315234
0.000680953
-0.000176169
-0.0201825
0.000348417
-0.000611182
-0.00961539
-1.13073e-05
0.000637622
-0.0627479
0.00197409
0.00063054
-0.0522442
0.00147247
0.000550113
-0.0413731
0.0010318
0.000456097
-0.0300612
0.000642897
0.000275698
-0.0188621
0.000351608
4.7199e-05
-0.00894581
7.32014e-05
0.00163147
-0.00339752
-0.000150301
0.00482324
-0.0336826
0.00125957
