-0.00283258
0.0289822
0.00258656
0.00339175
0.0289773
0.00353143
0.000208595
0.000113861
5.56602e-05
-0.000101403
-2.90416e-05
-2.78468e-05
-0.0034612
0.0299227
0.00258997
0.00276006
0.0299253
0.00352658
8.98105e-05
-5.23933e-06
-3.94023e-05
-0.000151652
7.89301e-05
5.74571e-05
-0.00281871
0.0236207
0.00203862
-0.00275201
0.018224
0.00147794
-0.00256262
0.0129
0.000915921
-0.00217636
0.00824292
0.000392257
-0.00159524
0.0043049
0.000170776
-0.000923593
0.00150372
1.26594e-05
0.00339495
0.0236014
0.00297623
0.00335094
0.0181884
0.00241371
0.00313535
0.013023
0.00190686
0.00270864
0.00798326
0.00132462
0.00212873
0.00424172
0.000864082
0.00131122
0.00149531
0.000606257
-0.00345227
0.0245516
0.00205035
-0.0033727
0.0191277
0.00151783
-0.00316342
0.0137349
0.00102617
-0.00268035
0.0090837
0.000666258
-0.00197158
0.00484075
0.000358024
-0.00117301
0.0014552
0.000312823
0.0027663
0.0245312
0.00296562
0.00274371
0.0190856
0.00237569
0.00252669
0.0138286
0.00176784
0.0021957
0.00877971
0.00114883
0.00186991
0.00470252
0.000654838
0.00107541
0.00185042
0.000285247
0.000276651
0.0289803
0.00305785
-0.000471806
0.000631932
1.08895e-05
-0.0031425
0.029454
0.00259051
0.000834677
0.000633607
0.000340008
0.00306426
0.0294519
0.00352819
-3.34452e-05
-7.07151e-05
5.79943e-05
0.000251124
8.47317e-05
-6.23907e-05
-0.00023352
5.31753e-05
-5.1677e-05
-0.000355609
0.0299218
0.00305688
-0.000572726
0.000527573
0.000329881
0.000546021
0.000717706
1.04902e-05
-2.75567e-05
-3.23241e-05
4.80966e-05
-0.00282932
0.0263111
0.00231475
-0.00279425
0.0209221
0.00175872
-0.00267797
0.0155564
0.00120201
-0.00249769
0.010392
0.000658835
-0.00187101
0.00612339
0.000281801
-0.00129616
0.00275968
9.84189e-05
0.00339429
0.0262994
0.00325544
0.00338412
0.020896
0.00269509
0.0032833
0.0155387
0.00213932
0.00296314
0.0105171
0.00165032
0.00242212
0.00603748
0.0010788
0.00177126
0.00270283
0.000696647
-0.00346145
0.0272493
0.00232132
-0.00342572
0.021838
0.00178232
-0.00329277
0.0164292
0.00126998
-0.00298631
0.0112316
0.000802185
-0.00231068
0.00681177
0.000473728
-0.00160573
0.00309505
0.000317131
0.00276336
0.0272401
0.00325181
0.00275709
0.0218117
0.00267228
0.00270337
0.0163764
0.00207733
0.00235734
0.0112965
0.001462
0.0020515
0.00667434
0.000900389
0.0016064
0.00299235
0.000443627
-0.00312597
0.0240898
0.00204212
-0.00305733
0.0186892
0.00149248
-0.00287063
0.0133599
0.00097072
-0.00240212
0.0087525
0.000508623
-0.00177106
0.00460144
0.000230969
-0.00112991
0.00148969
0.000111078
0.00305536
0.0240685
0.00296829
0.00300302
0.0186497
0.00239016
0.00278318
0.0134345
0.00185632
0.00238826
0.00841679
0.00119442
0.00191158
0.00452694
0.00072968
0.00113619
0.00172496
0.000439687
-0.000347781
0.0245391
0.00250581
-0.000313625
0.0190986
0.00194204
-0.000266096
0.0137153
0.00138871
-0.000243784
0.00887707
0.000927752
-3.39956e-05
0.00469458
0.000499891
0.000105008
0.00149862
0.000241932
0.000288749
0.0236068
0.00250834
0.000306368
0.0181856
0.00195056
0.000290282
0.0129166
0.00137367
0.000202984
0.00801011
0.000897352
0.000247657
0.00417072
0.000506243
0.000185962
0.00132484
0.00021009
0.000107386
0.000493674
6.46024e-05
-7.2199e-05
0.000416978
7.17877e-05
-4.1575e-05
0.0294527
0.00306011
0.000725489
0.000661843
0.000111399
-3.17191e-06
-6.73187e-05
-1.82144e-05
-0.000641861
0.000569152
0.000132031
-0.00313754
0.0267832
0.00231691
-0.00310121
0.0213852
0.00176722
-0.00297567
0.0160063
0.00122627
-0.00274657
0.0108291
0.000717807
-0.00205522
0.00651921
0.000338099
-0.00146855
0.00294691
0.000164816
0.00306283
0.0267689
0.00325288
0.00303313
0.0213583
0.00267847
0.00293338
0.0159848
0.00210553
0.00257791
0.0108878
0.00151397
0.00217176
0.00639493
0.000968858
0.00158894
0.00292069
0.000539221
-0.000357111
0.0272451
0.00278456
-0.000330435
0.0218127
0.00222692
-0.000286626
0.0163805
0.00166603
-0.000302577
0.0112213
0.00110309
-0.000120191
0.00667818
0.000676826
6.74055e-05
0.00292765
0.000367402
0.000282522
0.0263039
0.00278582
0.000296773
0.0209009
0.00222721
0.000307285
0.0155171
0.0016667
0.000244486
0.0104445
0.00116535
0.000254361
0.00597624
0.000690071
0.000229794
0.00260933
0.000345733
-0.000626224
0.000920746
0.000165055
-0.00228951
0.0121383
0.000944976
