-0.00339006
0.0332281
0.00155484
0.00373637
0.033222
0.00251997
0.00023248
0.000127159
6.44219e-05
-0.000122757
-3.03946e-05
-3.73605e-05
-0.00381515
0.0341878
0.00155882
0.00330846
0.0341911
0.00251432
0.000109218
-3.17795e-06
-5.0768e-05
-0.000164447
8.52196e-05
6.58214e-05
-0.00337364
0.0270886
0.00118199
-0.00329289
0.0209072
0.000794743
-0.00306671
0.0148075
0.000396241
-0.00260822
0.00948222
3.27894e-05
-0.0019232
0.00496678
-2.45531e-05
-0.00112354
0.00174474
-5.80008e-05
0.00374016
0.0270656
0.00214052
0.00369349
0.0208634
0.00175693
0.00345513
0.0149445
0.00143466
0.00297815
0.00917887
0.0010044
0.00233907
0.00488583
0.000700108
0.00144213
0.00172071
0.000583774
-0.00380485
0.028038
0.00119536
-0.00371471
0.0218288
0.000840874
-0.00348034
0.0156619
0.000523028
-0.0029425
0.010339
0.000345687
-0.00214954
0.00549963
0.000186932
-0.001272
0.0016506
0.000279049
0.00331514
0.0280154
0.00212866
0.00328425
0.0217844
0.0017143
0.00302731
0.0157741
0.00127704
0.00263637
0.0099999
0.000804555
0.00223714
0.00535806
0.000464049
0.00129648
0.0021222
0.000230774
0.000170285
0.0332259
0.00203586
-0.000581827
0.000736692
-1.64047e-05
-0.00359749
0.0337097
0.0015595
0.000921689
0.000721745
0.000344315
0.00350801
0.0337073
0.00251629
-5.77195e-05
-8.32775e-05
6.23921e-05
0.000286895
9.93142e-05
-6.8229e-05
-0.000264699
6.33922e-05
-5.40933e-05
-0.000260015
0.0341868
0.00203471
-0.000622725
0.000596888
0.000340465
0.000663599
0.00083353
-2.94266e-05
-1.81822e-05
-3.79135e-05
4.85188e-05
-0.00338623
0.0301697
0.00137036
-0.00334443
0.0239977
0.000989609
-0.00320402
0.0178509
0.000603049
-0.00298329
0.0119368
0.00022287
-0.00224948
0.00705282
9.84081e-06
-0.00156756
0.00319123
-2.65347e-05
0.00373914
0.0301557
0.00233099
0.0037291
0.023966
0.00194932
0.00361956
0.0178275
0.00157231
0.00326296
0.0120737
0.00126121
0.00266143
0.00694742
0.000838313
0.00194691
0.00311589
0.000605658
-0.0038155
0.0311268
0.00137799
-0.00377462
0.024931
0.00101642
-0.00362573
0.018742
0.000681322
-0.00328509
0.0127997
0.000385487
-0.00252493
0.00774462
0.00022719
-0.00174677
0.0035131
0.00021921
0.00331219
0.0311167
0.00232701
0.00330233
0.0249034
0.00192361
0.00323365
0.0186867
0.00150228
0.00282834
0.0128788
0.00104765
0.00245892
0.00760167
0.000636185
0.00191883
0.00341556
0.000321321
-0.0035781
0.0275672
0.00118602
-0.00349878
0.0213829
0.000813098
-0.00328221
0.0152821
0.000461256
-0.00274505
0.0100109
0.000166012
-0.00202298
0.00526285
4.68636e-05
-0.00129415
0.00170461
5.84105e-05
0.00349795
0.0275427
0.00213194
0.00343761
0.0213379
0.00173158
0.0031864
0.0153668
0.00137859
0.00273377
0.00962992
0.00085992
0.0021901
0.00517929
0.000553307
0.00130868
0.00196936
0.000404492
-0.000251806
0.0280238
0.00165933
-0.000217691
0.0217971
0.00127247
-0.000171
0.0156418
0.000889354
-0.000157783
0.0101045
0.000599282
5.99954e-05
0.00533993
0.000317584
0.000188628
0.00170813
0.000181705
0.000185349
0.0270722
0.00166178
0.000211242
0.0208611
0.00127908
0.000201782
0.0148245
0.00087072
0.000115631
0.0092115
0.000562288
0.000186524
0.00480835
0.000323007
0.000144797
0.0015313
0.000152385
7.68228e-05
0.000566154
4.57936e-05
-4.50692e-05
0.000476285
4.23556e-05
-4.74201e-05
0.0337082
0.00203854
0.000838492
0.000754908
9.58842e-05
-1.87427e-06
-7.79473e-05
-1.53025e-05
-0.000735586
0.000649574
0.000127829
-0.00359164
0.0306516
0.00137289
-0.00354937
0.02447
0.000999545
-0.00340344
0.0183107
0.000632065
-0.00313958
0.0123868
0.000292743
-0.00234719
0.00745521
7.61602e-05
-0.00167852
0.00337116
5.18171e-05
0.00350645
0.0306351
0.00232821
0.00347198
0.0244396
0.00193159
0.00335801
0.0182868
0.00153572
0.00295043
0.0124545
0.00110813
0.00248678
0.00731574
0.000717864
0.00182326
0.00334089
0.000434629
-0.000262084
0.0311222
0.00185025
-0.000233107
0.0249024
0.0014684
-0.000189876
0.018688
0.00108301
-0.000217017
0.0127911
0.000683723
-2.67898e-05
0.00759824
0.00042088
0.00016206
0.00333072
0.000253608
0.000177476
0.0301611
0.00185125
0.000195942
0.0239725
0.00146908
0.000216066
0.0178041
0.00108171
0.000156033
0.0119918
0.000752785
0.000182636
0.00688101
0.000433038
0.000179294
0.00301314
0.000229003
-0.000677596
0.0010502
0.000137616
-0.0025276
0.0138525
0.000489219
