-0.003527
0.0342591
0.00129372
0.00382004
0.0342526
0.00226392
0.000238127
0.000130296
6.6535e-05
-0.000127935
-3.07042e-05
-3.96959e-05
-0.00390071
0.0352235
0.00129786
0.00344356
0.0352269
0.00225806
0.000113931
-2.65781e-06
-5.35519e-05
-0.000167392
8.66562e-05
6.78171e-05
-0.00350992
0.0279293
0.000965074
-0.00342556
0.0215559
0.000621655
-0.00319008
0.0152669
0.000264567
-0.00271358
0.00977967
-5.82392e-05
-0.00200294
0.00512493
-7.40713e-05
-0.00117209
0.00180205
-7.59229e-05
0.00382396
0.0279052
0.00192881
0.00377652
0.0215101
0.00159037
0.00353229
0.0154075
0.00131467
0.00304265
0.00946552
0.00092282
0.00238899
0.00503973
0.000658026
0.00147298
0.00177426
0.000577315
-0.00389006
0.0288832
0.00097887
-0.00379716
0.0224819
0.000669376
-0.00355639
0.016126
0.000395503
-0.00300494
0.0106401
0.000264279
-0.00219132
0.00565677
0.000143307
-0.00129495
0.00169683
0.000269959
0.00345033
0.0288601
0.00191661
0.00341727
0.0224369
0.00154654
0.00315018
0.0162428
0.00115235
0.00274416
0.0102923
0.000716987
0.00232661
0.00551456
0.000415423
0.00135025
0.00218702
0.000216707
0.000143664
0.0342567
0.00177717
-0.000608559
0.00076154
-2.33645e-05
-0.00370855
0.0347431
0.00129857
0.000942178
0.000742535
0.000344889
0.00361669
0.0347406
0.00226012
-6.37506e-05
-8.63439e-05
6.34009e-05
0.00029545
0.000102815
-6.95925e-05
-0.000272122
6.58426e-05
-5.46317e-05
-0.000235659
0.0352225
0.00177598
-0.000634297
0.000613191
0.00034253
0.000692176
0.00086118
-3.94506e-05
-1.57823e-05
-3.92759e-05
4.8542e-05
-0.00352302
0.0311059
0.00113129
-0.00347947
0.0247424
0.000794804
-0.00333292
0.0184047
0.000451278
-0.00310199
0.0123082
0.000112413
-0.00234162
0.00727536
-5.90682e-05
-0.00163349
0.00329412
-5.82591e-05
0.00382287
0.0310913
0.0020969
0.00381279
0.0247092
0.00176031
0.00370092
0.0183799
0.0014284
0.00333506
0.0124479
0.00116221
0.00271844
0.00716525
0.00077689
0.00198843
0.00321436
0.000581991
-0.00390109
0.0320677
0.0011392
-0.00385885
0.0256799
0.000822441
-0.00370586
0.0193003
0.000532157
-0.0033566
0.0131765
0.000279814
-0.00257554
0.0079677
0.000164527
-0.00177968
0.00361252
0.000193994
0.0034474
0.0320574
0.00209282
0.00343659
0.025652
0.00173383
0.00336403
0.0192443
0.00135631
0.00294373
0.0132592
0.000942312
0.00255838
0.0078235
0.000568915
0.00199481
0.00351644
0.000290085
-0.00368842
0.0284102
0.000969244
-0.00360636
0.0220342
0.000640979
-0.00338223
0.0157451
0.000332148
-0.002828
0.0103129
7.91654e-05
-0.00208353
0.00542073
1.05693e-07
-0.00133353
0.00175555
4.48735e-05
0.00360632
0.0283849
0.00192006
0.00354389
0.0219879
0.00156454
0.00328469
0.0158323
0.00125719
0.00281759
0.00992079
0.000774803
0.00225736
0.00533508
0.000508245
0.00135021
0.00202744
0.000395075
-0.000227344
0.0288686
0.00144494
-0.000193225
0.0224495
0.00110274
-0.000146773
0.0161058
0.000762656
-0.000135903
0.0103987
0.000515816
8.36675e-05
0.00549384
0.000271141
0.000209459
0.00175783
0.000166203
0.000159485
0.0279121
0.00144737
0.000187448
0.0215079
0.00110888
0.000179595
0.015284
0.000743127
9.37091e-05
0.00949956
0.000477165
0.000171057
0.00496061
0.000276335
0.000134287
0.00158027
0.000137565
6.90233e-05
0.000583186
4.09469e-05
-3.81385e-05
0.000490248
3.4843e-05
-4.8669e-05
0.0347415
0.00177996
0.000865678
0.000776914
9.18424e-05
-1.54304e-06
-8.05282e-05
-1.45425e-05
-0.000758011
0.00066853
0.000126473
-0.00370247
0.0315902
0.00113391
-0.00365867
0.0252169
0.000805106
-0.00350754
0.0188669
0.000481498
-0.00323495
0.0127612
0.000185004
-0.00241753
0.00767921
9.72913e-06
-0.0017289
0.00347215
2.30181e-05
0.0036151
0.0315731
0.00209405
0.00357937
0.0251856
0.00174228
0.00346172
0.0188424
0.00139108
0.003041
0.0128311
0.00100493
0.00256304
0.00753611
0.000653881
0.00187974
0.003441
0.000407738
-0.000237871
0.032063
0.0016137
-0.000208292
0.0256505
0.00127622
-0.000165212
0.0192449
0.00093516
-0.000195196
0.0131684
0.000577283
-3.14927e-06
0.00781821
0.000355796
0.000185738
0.00342659
0.000224499
0.000151194
0.0310969
0.00161463
0.000170723
0.0247161
0.00127699
0.000193231
0.0183561
0.000933365
0.000133837
0.0123637
0.00064804
0.000164568
0.00709751
0.000367672
0.000166448
0.00310933
0.000199198
-0.000689475
0.00108078
0.000130388
-0.00258472
0.0142648
0.000373664
