-0.00379747
0.036281
0.000768333
0.00398404
0.0362738
0.00174891
0.000249023
0.000136342
7.06665e-05
-0.000138091
-3.12884e-05
-4.43116e-05
-0.00406802
0.0372552
0.000772768
0.00371083
0.037259
0.00174262
0.000123181
-1.61161e-06
-5.90442e-05
-0.000172977
8.93692e-05
7.16895e-05
-0.00377903
0.0295763
0.000528461
-0.00368739
0.022825
0.000273126
-0.00343325
0.0161637
-5.95389e-07
-0.0029209
0.0103591
-0.000241503
-0.00215954
0.00543218
-0.000173854
-0.00126738
0.00191307
-0.000112063
0.00398818
0.0295503
0.00150284
0.00393908
0.0227752
0.001255
0.00368296
0.0163115
0.00107278
0.00316801
0.0100236
0.000758152
0.0024855
0.00533871
0.000572738
0.00153236
0.00187792
0.000563448
-0.0040566
0.0305395
0.000543121
-0.00395811
0.0237598
0.000324052
-0.00370444
0.0170321
0.000138632
-0.00312592
0.0112266
0.000100081
-0.00227154
0.00596186
5.5089e-05
-0.00133866
0.00178618
0.000251003
0.00371778
0.0305153
0.00148993
0.00368029
0.0237136
0.00120874
0.00339274
0.0171583
0.000901059
0.00295655
0.0108617
0.000540408
0.00250253
0.00581857
0.000317263
0.00145587
0.00231289
0.000188111
9.04489e-05
0.0362784
0.00125675
-0.00066105
0.000809601
-3.7446e-05
-0.00392706
0.0367699
0.000773554
0.000981614
0.000782597
0.000345458
0.00383091
0.0367674
0.00174487
-7.57546e-05
-9.23832e-05
6.53064e-05
0.000312083
0.000109638
-7.21987e-05
-0.000286512
7.06189e-05
-5.56324e-05
-0.000186503
0.0372541
0.00125548
-0.000656317
0.000644596
0.000345951
0.000748295
0.000914917
-5.95085e-05
-1.09215e-05
-4.19519e-05
4.84908e-05
-0.00379318
0.0329412
0.000650167
-0.00374609
0.0262004
0.000402616
-0.00358717
0.0194871
0.000145635
-0.00333582
0.0130321
-0.000110029
-0.00252272
0.00770825
-0.000197864
-0.0017629
0.00349376
-0.000122254
0.00398697
0.0329254
0.00162597
0.00397677
0.0261644
0.00137988
0.00386008
0.0194595
0.00113851
0.00347557
0.0131777
0.000962503
0.00282893
0.00758892
0.000652732
0.00206856
0.0034054
0.000533671
-0.00406844
0.0339127
0.000658636
-0.00402342
0.0271466
0.000431926
-0.00386209
0.0203915
0.000231745
-0.0034956
0.0139113
6.68743e-05
-0.00267311
0.00840146
3.80648e-05
-0.00184265
0.0038052
0.000142698
0.00371489
0.0339018
0.00162168
0.00370212
0.027118
0.00135183
0.00362167
0.0203343
0.00106226
0.0031713
0.0140011
0.000729941
0.00275417
0.00825491
0.000433192
0.00214404
0.00371222
0.000226961
-0.00390542
0.0300621
0.000532905
-0.0038178
0.0233085
0.000294397
-0.00357848
0.016649
7.2115e-05
-0.00299033
0.0109013
-9.57961e-05
-0.0022016
0.00572735
-9.42233e-05
-0.00141021
0.00185405
1.73553e-05
0.0038199
0.030035
0.00149371
0.00375317
0.0232595
0.00122819
0.0034779
0.0167414
0.00101248
0.00298193
0.0104872
0.000603123
0.00238889
0.00563771
0.000417148
0.0014313
0.00213991
0.000375558
-0.000177963
0.0305241
0.00101347
-0.000143818
0.0237261
0.000760995
-9.7875e-05
0.0170116
0.000507403
-9.17744e-05
0.0109715
0.000347505
0.000131136
0.00579263
0.000177348
0.000250976
0.00185406
0.000134709
0.000107796
0.0295578
0.00101587
0.000139888
0.0227732
0.000766178
0.000135184
0.0161811
0.000486089
4.98191e-05
0.0100604
0.000305536
0.000139935
0.00525632
0.000182084
0.000113028
0.00167496
0.000107493
5.32529e-05
0.000615928
3.10897e-05
-2.41189e-05
0.00051717
1.96508e-05
-5.0932e-05
0.0367683
0.00125977
0.000918726
0.000819406
8.3592e-05
-8.71206e-07
-8.55896e-05
-1.29849e-05
-0.000801619
0.000705075
0.000123379
-0.00392051
0.0334306
0.000652981
-0.00387359
0.0266795
0.000413656
-0.00371199
0.0199541
0.000178269
-0.00342193
0.0134912
-3.20247e-05
-0.00255489
0.00811488
-0.000124156
-0.00182705
0.00366798
-3.52128e-05
0.00382925
0.0334123
0.00162299
0.00379094
0.0266464
0.00136122
0.00366582
0.0199284
0.00109972
0.00321876
0.0135656
0.000796838
0.00271234
0.00796472
0.000524693
0.00199007
0.00363521
0.000353192
-0.000189001
0.0339077
0.00113772
-0.000158194
0.0271155
0.00088935
-0.000115415
0.0203334
0.000637365
-0.000151118
0.0139041
0.000362803
4.4387e-05
0.00824587
0.000224498
0.00023304
0.00361243
0.00016557
9.86629e-05
0.0329315
0.00113852
0.000120321
0.0261721
0.000890329
0.000147563
0.0194347
0.000634595
8.93897e-05
0.0130888
0.00043693
0.000128307
0.00751852
0.000235795
0.000140518
0.00329585
0.000138922
-0.000712066
0.00113982
0.000115492
-0.00269588
0.0150693
0.000140877
