-0.00406289
0.0382463
0.000239386
0.00414317
0.0382385
0.00123084
0.000259387
0.000142083
7.46705e-05
-0.000147973
-3.18251e-05
-4.88513e-05
-0.00422986
0.0392308
0.000244131
0.00397362
0.0392349
0.00122411
0.000132192
-5.57292e-07
-6.44306e-05
-0.00017816
9.18739e-05
7.54006e-05
-0.00404306
0.0311753
8.86609e-05
-0.00394407
0.0240547
-7.81282e-05
-0.00367129
0.0170302
-0.000267858
-0.00312342
0.0109176
-0.000426157
-0.00231217
0.00572727
-0.000274534
-0.0013602
0.0020193
-0.000148573
0.00414749
0.0311473
0.00107413
0.00409659
0.0240009
0.000917214
0.00382846
0.0171852
0.00082877
0.00328831
0.010561
0.000591784
0.0025775
0.00562584
0.000486128
0.00158865
0.00197699
0.000548377
-0.00421767
0.0321483
0.000104198
-0.00411346
0.0249986
-2.39827e-05
-0.00384684
0.0179079
-0.000120383
-0.00324159
0.0117919
-6.58016e-05
-0.00234731
0.00625468
-3.43405e-05
-0.00137946
0.00187146
0.000231029
0.00398072
0.0321229
0.00106049
0.00393871
0.0249512
0.000868468
0.00363066
0.0180436
0.000647678
0.00316439
0.01141
0.000362258
0.00267422
0.00611058
0.000218104
0.00155884
0.00243378
0.000158976
3.73166e-05
0.0382435
0.000733026
-0.000712217
0.000855494
-5.17355e-05
-0.00414031
0.0387405
0.000244985
0.00101899
0.000820639
0.000345282
0.00404045
0.0387378
0.00122654
-8.76685e-05
-9.82932e-05
6.70607e-05
0.000328071
0.000116219
-7.46404e-05
-0.000300294
7.52315e-05
-5.65344e-05
-0.000136861
0.0392297
0.000731665
-0.000676843
0.000674451
0.00034843
0.000802998
0.000966603
-7.9536e-05
-5.98734e-06
-4.45563e-05
4.83125e-05
-0.00405828
0.0347242
0.000165668
-0.00400761
0.0276146
7.46004e-06
-0.00383627
0.0205346
-0.000162446
-0.00356453
0.0137306
-0.00033425
-0.00269938
0.00812468
-0.000337811
-0.00188897
0.00368518
-0.000186921
0.00414619
0.0347072
0.00115216
0.00413577
0.0275758
0.000996864
0.0040141
0.0205042
0.000846347
0.00361092
0.0138819
0.00076088
0.00293458
0.0079964
0.000527069
0.00214471
0.00358854
0.000484154
-0.00423033
0.0357057
0.000174703
-0.00418246
0.0285699
3.84584e-05
-0.00401268
0.0214481
-7.11053e-05
-0.00362902
0.0146205
-0.000147966
-0.00276577
0.00881858
-8.97955e-05
-0.00190182
0.00398975
9.02919e-05
0.0039779
0.0356944
0.00114764
0.00396313
0.0285405
0.000967215
0.00387467
0.0213896
0.000765914
0.00339423
0.0147174
0.000515721
0.00294551
0.00866988
0.000296168
0.00228948
0.00390008
0.000163116
-0.00411713
0.0316661
9.33817e-05
-0.0040239
0.0245436
-5.49055e-05
-0.00376938
0.0175226
-0.000190044
-0.00314771
0.0114685
-0.000272257
-0.00231553
0.00602172
-0.000189549
-0.00148408
0.00194812
-1.07422e-05
0.00402876
0.0316374
0.0010646
0.00395765
0.0244919
0.000889396
0.00366625
0.0176203
0.000765659
0.0031416
0.0110328
0.000429851
0.00251626
0.00592836
0.000324946
0.00150968
0.0022475
0.000355199
-0.000128081
0.0321319
0.000579038
-9.38889e-05
0.0249635
0.000416674
-4.84881e-05
0.0178872
0.000250043
-4.72436e-05
0.0115232
0.000177606
0.000178682
0.00607939
8.24903e-05
0.000292244
0.00194612
0.000102619
5.61963e-05
0.0311554
0.000581415
9.2387e-05
0.023999
0.000420908
9.07479e-05
0.0170479
0.000226958
5.90971e-06
0.0106005
0.000132314
0.00010859
0.00554019
8.67652e-05
9.14763e-05
0.00176536
7.68884e-05
3.7274e-05
0.000646924
2.10267e-05
-9.91106e-06
0.000542805
4.25705e-06
-5.29102e-05
0.0387387
0.000736273
0.000969972
0.000859892
7.51486e-05
-1.85947e-07
-9.05092e-05
-1.13791e-05
-0.000843554
0.000739836
0.000119775
-0.00413328
0.0352188
0.000168673
-0.0040832
0.0280985
1.92381e-05
-0.00391107
0.0210065
-0.000127399
-0.00360364
0.0141955
-0.000250877
-0.00268768
0.00853394
-0.000259266
-0.00192164
0.0038556
-9.42432e-05
0.00403872
0.0351993
0.00114902
0.00399776
0.0280637
0.00097756
0.00386505
0.0209797
0.000806073
0.00339173
0.0142745
0.000586878
0.00285716
0.00837702
0.000394133
0.00209676
0.00382139
0.00029775
-0.000139644
0.0357005
0.000658612
-0.000107578
0.028537
0.000499702
-6.51043e-05
0.0213872
0.000337217
-0.000106544
0.0146141
0.000146511
9.21664e-05
0.00865707
9.18923e-05
0.000280192
0.00379046
0.000105789
4.622e-05
0.0347137
0.000659281
7.00005e-05
0.0275842
0.000500893
0.000101919
0.0204785
0.000333479
4.49047e-05
0.0137883
0.000223963
9.19055e-05
0.00792332
0.000102588
0.000114297
0.00347455
7.78474e-05
-0.000733106
0.00119611
0.000100022
-0.0028028
0.0158463
-9.38656e-05
