0.00686081
-0.0680858
0.0029432
-0.0055016
-0.0680948
0.0016877
-0.000589511
-0.000333755
-0.000169394
0.000363768
4.9336e-05
0.000128366
0.00624313
-0.0693476
0.00294529
-0.00612393
-0.06935
0.00167775
-0.000321064
-1.25475e-05
0.000152656
0.000425348
-0.000231994
-0.000176147
0.00688686
-0.0575135
0.00240533
0.00692757
-0.0467859
0.0019048
0.00685511
-0.0356497
0.00153574
0.00632315
-0.0245375
0.00127124
0.00521747
-0.0140326
0.000770205
0.00328887
-0.00543731
0.000357802
-0.00553618
-0.0575219
0.00113693
-0.00568034
-0.0467375
0.000581927
-0.00580075
-0.0356078
4.96593e-05
-0.00562787
-0.0240965
-0.000257661
-0.00497503
-0.0136568
-0.000546299
-0.00338794
-0.00513532
-0.00103993
0.0062678
-0.0587928
0.00241547
0.00635332
-0.0481115
0.00190654
0.00637121
-0.0370022
0.0014528
0.00594642
-0.0258731
0.000893326
0.00487422
-0.0149496
0.000386067
0.0030712
-0.00504347
-0.000437623
-0.00615106
-0.0588111
0.001105
-0.00624463
-0.048105
0.000539582
-0.00625951
-0.0370234
0.000105158
-0.00603577
-0.0255138
-7.75918e-05
-0.00555073
-0.0146133
-0.000163715
-0.00350829
-0.0062107
-0.00031002
0.000672708
-0.0680937
0.00231152
0.00179385
-0.00244129
0.000114387
0.00655358
-0.0687156
0.00294414
-0.0022661
-0.0021897
-0.000736587
-0.00581462
-0.0687202
0.00167879
0.000224307
0.000198101
-0.000139041
-0.000755027
-0.000286732
0.000153627
0.000712152
-0.000216462
0.000116696
6.41971e-05
-0.0693521
0.00231053
0.00155584
-0.00195478
-0.000751033
-0.00190474
-0.00264206
0.000166954
4.43403e-06
7.33204e-05
-0.000107968
0.00686848
-0.0627978
0.00267608
0.00691272
-0.0521877
0.00214357
0.00691995
-0.0412805
0.00169838
0.00677206
-0.0299002
0.00138967
0.00582529
-0.0191095
0.00100354
0.00441316
-0.00942031
0.00050477
-0.00550824
-0.0628144
0.00141749
-0.00559594
-0.052173
0.000851974
-0.00576663
-0.0412007
0.000320801
-0.0057848
-0.0299506
-0.000145447
-0.00536467
-0.0187702
-0.000399785
-0.00435603
-0.00902183
-0.000745632
0.00624618
-0.0640649
0.00268168
0.00630689
-0.0534891
0.0021564
0.00638845
-0.0426283
0.00167575
0.00627435
-0.0313107
0.00122649
0.00544681
-0.0202586
0.000692632
0.00411007
-0.00994576
-1.57286e-05
-0.00612902
-0.0640797
0.00140024
-0.00618802
-0.053504
0.000810478
-0.00630104
-0.0425901
0.000297785
-0.00618917
-0.0313775
-2.58673e-05
-0.00585783
-0.0199964
-0.000140383
-0.00494734
-0.00970117
-0.000202052
0.00657466
-0.058151
0.00240597
0.0066173
-0.0474512
0.00189697
0.00656984
-0.0363538
0.00149452
0.00601371
-0.0253295
0.00112344
0.00496197
-0.0145282
0.000641145
0.00336804
-0.00524154
8.9683e-05
-0.00584425
-0.0581586
0.00111511
-0.00593666
-0.0474158
0.000555468
-0.00595626
-0.0363174
5.91357e-05
-0.00567525
-0.0248331
-0.000120936
-0.005001
-0.014232
-0.000300613
-0.00327883
-0.00572544
-0.000662105
7.50087e-05
-0.0588094
0.0017611
9.44333e-05
-0.0481244
0.00122656
4.61716e-05
-0.0369879
0.000803776
9.21797e-06
-0.0256222
0.00041957
-0.000354429
-0.0146345
0.00014721
-0.000669855
-0.00519446
-0.000138776
0.000674958
-0.0575277
0.00177046
0.000621255
-0.0467746
0.00125414
0.000510131
-0.0356104
0.00082907
0.000450861
-0.0241819
0.000472675
0.000164676
-0.0136318
0.000167876
4.97503e-07
-0.00480232
-6.30091e-05
1.40411e-05
-0.00187636
-1.80297e-05
-1.4398e-06
-0.00167192
3.14448e-05
0.000368854
-0.0687184
0.00231359
-0.00218298
-0.00232047
-0.00015468
-7.48846e-06
0.000167009
1.71997e-05
0.00197471
-0.00213297
-0.000259507
0.00656128
-0.0634301
0.00267479
0.00659712
-0.052838
0.00214468
0.00661302
-0.041959
0.00168626
0.00646125
-0.0306513
0.00130608
0.00550773
-0.0197486
0.000906443
0.00425381
-0.00970938
0.000347431
-0.00581944
-0.0634445
0.00140567
-0.00588447
-0.0528312
0.000822287
-0.00597932
-0.0418988
0.000304434
-0.00584629
-0.0306397
-6.25653e-05
-0.00541717
-0.0194294
-0.000237037
-0.00435609
-0.00950185
-0.000416023
6.52496e-05
-0.0640731
0.00203844
8.4671e-05
-0.0535074
0.00149311
7.74412e-05
-0.0426203
0.000997944
7.15085e-05
-0.0313082
0.000649804
-0.000170876
-0.0200321
0.000309794
-0.000598923
-0.0095467
-3.95285e-05
0.000675987
-0.0628095
0.0020455
0.000661509
-0.0521951
0.00149759
0.000570634
-0.0412465
0.00102087
0.000474358
-0.0299294
0.000609543
0.000288704
-0.0187798
0.000314101
5.32291e-05
-0.0089198
4.5322e-05
0.00163003
-0.00337634
-0.00017241
0.00482638
-0.033473
0.00119587
