-0.00445017
0.0410797
-0.000558905
0.00437151
0.0410708
0.000450085
0.000273937
0.000150125
8.04359e-05
-0.000162278
-3.25388e-05
-5.55125e-05
-0.0044614
0.0420808
-0.000553688
0.00435783
0.0420855
0.000442704
0.00014525
1.0398e-06
-7.22988e-05
-0.000185203
9.52588e-05
8.0662e-05
-0.00442825
0.0334774
-0.000575537
-0.00431824
0.0258214
-0.000608934
-0.00401778
0.0182711
-0.00067175
-0.00341754
0.0117151
-0.000705081
-0.00253336
0.00614712
-0.000426908
-0.00149466
0.00216978
-0.000203935
0.00437605
0.0334465
0.000427713
0.00432228
0.0257617
0.000407412
0.00403614
0.0184371
0.00045984
0.00345878
0.0113277
0.000339851
0.00270686
0.00603428
0.00035421
0.00166726
0.00211708
0.000523692
-0.00444799
0.0344662
-0.000558676
-0.00433514
0.0267798
-0.000549979
-0.00404916
0.0191635
-0.000512085
-0.00340479
0.0125996
-0.000317293
-0.00245261
0.00667118
-0.000170493
-0.00143531
0.00199206
0.000199242
0.00436513
0.0344389
0.000412939
0.00431628
0.0267306
0.000354921
0.00397764
0.019313
0.000264866
0.0034668
0.012193
9.30254e-05
0.00292332
0.00652629
6.80472e-05
0.00170813
0.002606
0.00011448
-4.21328e-05
0.0410766
-5.68238e-05
-0.000786438
0.000920368
-7.35221e-05
-0.00444913
0.0415824
-0.000552735
0.00107119
0.000873992
0.000343707
0.00434462
0.0415794
0.000445399
-0.000105337
-0.000106903
6.94074e-05
0.000350835
0.000125633
-7.79883e-05
-0.000319832
8.18542e-05
-5.77106e-05
-6.17681e-05
0.0420796
-5.83014e-05
-0.00070488
0.000716502
0.000350412
0.000882321
0.00104042
-0.000109406
1.52838e-06
-4.83117e-05
4.78171e-05
-0.00444507
0.0372932
-0.000565781
-0.004389
0.0296488
-0.000589514
-0.00419913
0.0220374
-0.000628091
-0.00389709
0.0147293
-0.000673137
-0.00295561
0.00871824
-0.000549412
-0.00207161
0.00395701
-0.000284989
0.00437466
0.0372743
0.000437955
0.00436379
0.0296057
0.000419107
0.00423449
0.0220031
0.000405118
0.00380354
0.0148889
0.000455751
0.00308366
0.00857704
0.00033639
0.00225142
0.00384851
0.000407954
-0.00446192
0.0382911
-0.000555892
-0.00440971
0.0306187
-0.000555983
-0.00422721
0.0229651
-0.000528978
-0.00381816
0.0156353
-0.000473111
-0.0028954
0.00941311
-0.000283826
-0.00198349
0.00425167
9.7575e-06
0.00436243
0.038279
0.000433078
0.00434462
0.0305881
0.000387018
0.00424406
0.0229048
0.000318432
0.00371895
0.0157427
0.000191979
0.00322353
0.00926153
8.89318e-05
0.0025002
0.00416731
6.63853e-05
-0.00442364
0.0339763
-0.000570402
-0.00432198
0.0263187
-0.0005828
-0.00404486
0.0187745
-0.000586394
-0.00337399
0.0122789
-0.000539177
-0.00247851
0.00644045
-0.000334117
-0.00158956
0.00208112
-5.39073e-05
0.00433187
0.0339451
0.00041757
0.0042541
0.0262631
0.000378059
0.00393867
0.01888
0.000392539
0.00337172
0.0118117
0.000167842
0.00269918
0.00634197
0.000185076
0.00162205
0.00239991
0.000323261
-5.26034e-05
0.0344484
-7.65394e-05
-1.83149e-05
0.0267425
-0.00010332
2.62203e-05
0.0191424
-0.000138927
2.00614e-05
0.0123111
-7.95379e-05
0.000249899
0.00648726
-6.13848e-05
0.000353529
0.00207667
5.35293e-05
-2.09636e-05
0.0334554
-7.41999e-05
2.12806e-05
0.02576
-0.000100514
2.40861e-05
0.0182894
-0.00016463
-5.98907e-05
0.0113711
-0.000129807
6.12118e-05
0.00594384
-5.78172e-05
5.86639e-05
0.00189301
3.01198e-05
1.29729e-05
0.000690244
5.58837e-06
1.16869e-05
0.000579021
-1.91466e-05
-5.54341e-05
0.0415804
-5.32236e-05
0.00104341
0.000916969
6.21999e-05
8.68795e-07
-9.76017e-05
-8.88605e-06
-0.000903309
0.000788791
0.000113425
-0.00444138
0.0377963
-0.000562489
-0.00438653
0.0301404
-0.000576637
-0.0041987
0.022517
-0.00058946
-0.00386555
0.015203
-0.000581843
-0.002878
0.00913128
-0.000463793
-0.00205678
0.00412188
-0.000184123
0.00434276
0.037775
0.000434579
0.00429777
0.0301029
0.000398792
0.00415362
0.0224887
0.000362603
0.0036414
0.0152887
0.000269442
0.0030655
0.00896477
0.000196403
0.00224978
0.0040858
0.000213251
-6.49723e-05
0.0382854
-6.41507e-05
-3.09889e-05
0.0305831
-8.8508e-05
1.10205e-05
0.0229001
-0.000116259
-3.89892e-05
0.0156303
-0.000180433
0.00016402
0.00924304
-0.00010891
0.000350431
0.0040432
1.47871e-05
-3.21967e-05
0.0372816
-6.36776e-05
-5.27027e-06
0.0296153
-8.69942e-05
3.35239e-05
0.0219758
-0.000121438
-2.18224e-05
0.0147885
-9.81294e-05
3.71024e-05
0.00849998
-9.91668e-05
7.44844e-05
0.00372806
-1.50005e-05
-0.000761802
0.0012756
7.57985e-05
-0.00295476
0.0169588
-0.000448829
