-0.00457604
0.0419917
-0.000825874
0.00444457
0.0419825
0.000189322
0.000278525
0.000152656
8.22934e-05
-0.000166907
-3.27518e-05
-5.76923e-05
-0.00453534
0.0429987
-0.000820497
0.00448285
0.0430035
0.000181726
0.00014948
1.57635e-06
-7.48626e-05
-0.000187361
9.6293e-05
8.23344e-05
-0.00455342
0.0342177
-0.000797778
-0.00443978
0.0263887
-0.000786622
-0.00413022
0.0186687
-0.000806943
-0.00351287
0.0119702
-0.0007984
-0.00260497
0.00628106
-0.000477971
-0.0015382
0.00221765
-0.000222518
0.00444917
0.0341858
0.000211735
0.00439441
0.0263271
0.000236962
0.00410234
0.0188383
0.000336318
0.00351282
0.0115728
0.00025542
0.00274763
0.00616455
0.000309812
0.00169193
0.00216156
0.000514951
-0.00452153
0.035212
-0.000780478
-0.00440579
0.0273522
-0.000726082
-0.00411344
0.0195662
-0.000643288
-0.00345637
0.012858
-0.000401705
-0.0024855
0.00680405
-0.000216337
-0.00145253
0.0020304
0.000188187
0.00449022
0.0351842
0.000196579
0.0044391
0.0273023
0.00018323
0.00409038
0.0197203
0.000136798
0.00356493
0.0124435
2.96002e-06
0.003004
0.006659
1.78062e-05
0.00175648
0.00266104
9.94864e-05
-6.85331e-05
0.0419884
-0.000320798
-0.000810497
0.000940972
-8.0866e-05
-0.00454885
0.0424974
-0.000819514
0.00108758
0.000890816
0.000342854
0.00444297
0.0424943
0.000184506
-0.000111165
-0.000109701
7.01141e-05
0.000358099
0.00012865
-7.90198e-05
-0.000326046
8.3986e-05
-5.80575e-05
-3.66344e-05
0.0429975
-0.000322312
-0.000713509
0.000729839
0.000350622
0.000908021
0.00106408
-0.000119291
4.05817e-06
-4.95196e-05
4.75944e-05
-0.00457078
0.0381197
-0.000810459
-0.00451293
0.0303025
-0.000789311
-0.00431696
0.0225196
-0.000783983
-0.00400494
0.015049
-0.000786581
-0.00303859
0.00890782
-0.000620268
-0.00213072
0.00404362
-0.000317907
0.00444776
0.0381003
0.000199382
0.00443671
0.030258
0.000226008
0.00430486
0.0224839
0.000257522
0.0038648
0.0152113
0.000353521
0.00313077
0.00876245
0.000272393
0.00228497
0.0039313
0.000382116
-0.00453587
0.0391234
-0.000800285
-0.00448221
0.0312776
-0.000754944
-0.0042955
0.0234522
-0.000682316
-0.00387816
0.0159604
-0.000582085
-0.00293609
0.00960303
-0.000348996
-0.00200885
0.00433511
-1.75531e-05
0.00448757
0.0391111
0.000194384
0.00446874
0.0312466
0.000193107
0.00436418
0.0233913
0.000168777
0.00382439
0.0160712
8.36629e-05
0.00331367
0.00945058
1.95698e-05
0.00256838
0.00425258
3.39746e-05
-0.00452259
0.0347194
-0.000792505
-0.00441814
0.026889
-0.000759528
-0.00413359
0.0191759
-0.000719119
-0.0034467
0.0125381
-0.00062859
-0.00253069
0.00657402
-0.000382646
-0.00162329
0.00212337
-6.85441e-05
0.00442986
0.0346874
0.000201382
0.00434987
0.0268321
0.000207097
0.00402654
0.0192839
0.000267642
0.00344578
0.0120608
8.01463e-05
0.00275791
0.00647395
0.000138151
0.00165809
0.00244837
0.000312284
-2.73371e-05
0.0351938
-0.000295738
6.98715e-06
0.0273142
-0.000277281
5.12217e-05
0.0195449
-0.000269125
4.25742e-05
0.012563
-0.0001657
0.000273553
0.00661738
-0.000109666
0.000373757
0.00211826
3.69524e-05
-4.66093e-05
0.0341949
-0.000293412
-2.38143e-06
0.0263255
-0.000274953
1.86767e-06
0.0186873
-0.000295686
-8.17869e-05
0.0116175
-0.00021762
4.53362e-05
0.00607254
-0.00010634
4.76132e-05
0.00193351
1.43355e-05
4.7982e-06
0.000703872
3.61936e-07
1.89455e-05
0.000590543
-2.70147e-05
-5.61807e-05
0.0424953
-0.000317079
0.00106696
0.000935057
5.78259e-05
1.22773e-06
-9.98848e-05
-8.03429e-06
-0.000922392
0.000804304
0.000111063
-0.00454085
0.0386258
-0.000807071
-0.00448443
0.0307968
-0.000776074
-0.00429141
0.0230017
-0.000744173
-0.00394985
0.0155256
-0.000692693
-0.00293901
0.00932209
-0.000532346
-0.00210001
0.00420669
-0.000214389
0.00444108
0.0386039
0.000195923
0.00439473
0.0307584
0.000205354
0.00424679
0.0229729
0.000214268
0.00372183
0.0156135
0.000163192
0.00313247
0.00915253
0.000130144
0.00229887
0.00417005
0.000184806
-3.99762e-05
0.0391176
-0.000305755
-5.35248e-06
0.0312411
-0.000285235
3.6499e-05
0.0233858
-0.000268013
-1.63409e-05
0.0159558
-0.000289871
0.000187956
0.0094302
-0.000176214
0.000373664
0.00412374
-1.5833e-05
-5.8256e-05
0.0381077
-0.000305348
-3.02977e-05
0.030268
-0.000283613
1.07452e-05
0.0224561
-0.000273669
-4.40514e-05
0.0151085
-0.000205998
1.87926e-05
0.00868409
-0.000166803
6.10995e-05
0.00380876
-4.62139e-05
-0.00077062
0.00130085
6.74702e-05
-0.00300307
0.0173154
-0.000567706
