-0.00470016
0.0428866
-0.00109309
0.00451597
0.0428771
-7.15131e-05
0.000282983
0.000155113
8.41187e-05
-0.000171466
-3.29519e-05
-5.98513e-05
-0.00460755
0.0438997
-0.00108756
0.0046062
0.0439047
-7.9323e-05
0.000153647
2.11497e-06
-7.73959e-05
-0.000189429
9.72825e-05
8.39664e-05
-0.00467686
0.0349438
-0.00102028
-0.0045596
0.0269449
-0.000964555
-0.00424105
0.0190582
-0.00094231
-0.00360677
0.0122199
-0.000891812
-0.00267549
0.00641202
-0.000529128
-0.00158108
0.00226439
-0.000241151
0.00452062
0.0349109
-4.34101e-06
0.00446487
0.0268814
6.63809e-05
0.00416694
0.0192313
0.000212616
0.00356542
0.0118126
0.000170837
0.00278722
0.00629192
0.000265245
0.00171583
0.00220495
0.000505974
-0.00459333
0.035944
-0.00100255
-0.00447474
0.0279136
-0.000902445
-0.00417607
0.0199608
-0.000774713
-0.00350651
0.013111
-0.000486347
-0.00251728
0.00693399
-0.000262376
-0.00146906
0.00206786
0.000176917
0.00461364
0.0359155
-1.98784e-05
0.00456025
0.0278631
1.14179e-05
0.00420156
0.0201194
8.60666e-06
0.00366164
0.0126886
-8.71773e-05
0.00308346
0.00678883
-3.24925e-05
0.00180411
0.00271493
8.44334e-05
-9.48866e-05
0.0428833
-0.000584934
-0.000834214
0.000961086
-8.82441e-05
-0.00464682
0.0433954
-0.00108654
0.00110347
0.000907175
0.000341846
0.00453965
0.0433922
-7.64598e-05
-0.000116958
-0.000112462
7.07834e-05
0.000365202
0.000131607
-8.00092e-05
-0.000332114
8.60814e-05
-5.83826e-05
-1.14762e-05
0.0438984
-0.000586483
-0.000721789
0.000742856
0.000350615
0.000933345
0.00108728
-0.000129129
6.59754e-06
-5.07041e-05
4.73443e-05
-0.00469474
0.0389307
-0.0010554
-0.00463512
0.0309436
-0.000989367
-0.0044331
0.022992
-0.000940095
-0.0041112
0.0153619
-0.000900173
-0.00312032
0.00909328
-0.000691224
-0.00218895
0.00412826
-0.000350911
0.0045192
0.0389106
-3.92746e-05
0.00450797
0.0308977
3.27942e-05
0.00437357
0.0229551
0.000109779
0.00392452
0.0155269
0.000251112
0.00317657
0.00894382
0.000208237
0.00231751
0.00401218
0.000356089
-0.00460811
0.0399403
-0.00104494
-0.004553
0.031924
-0.000954172
-0.0043621
0.0239298
-0.000835902
-0.00393658
0.0162788
-0.000691275
-0.00297553
0.00978886
-0.000414364
-0.00203329
0.00441667
-4.50724e-05
0.00461102
0.0399277
-4.43931e-05
0.00459119
0.0318926
-9.14031e-07
0.00448264
0.0238682
1.89971e-05
0.00392834
0.016393
-2.47561e-05
0.00340247
0.00963558
-4.98634e-05
0.00263552
0.00433601
1.51789e-06
-0.0046198
0.0354485
-0.00101487
-0.00451259
0.0274481
-0.00093651
-0.00422069
0.0195691
-0.000852046
-0.00351799
0.012792
-0.000718153
-0.0025818
0.00670463
-0.000431305
-0.00165632
0.00216463
-8.32926e-05
0.0045262
0.0354157
-1.49046e-05
0.004444
0.02739
3.60073e-05
0.00411285
0.0196796
0.000142582
0.00351846
0.0123047
-7.6454e-06
0.00281549
0.00660301
9.11237e-05
0.00169343
0.0024957
0.00030116
-2.0451e-06
0.0359253
-0.000515117
3.23148e-05
0.0278748
-0.000451428
7.62432e-05
0.0199394
-0.000399491
6.51015e-05
0.0128097
-0.000252014
0.000297139
0.00674463
-0.000158063
0.000393869
0.00215892
2.02869e-05
-7.2215e-05
0.0349204
-0.000512804
-2.60244e-05
0.0268798
-0.00044958
-2.03489e-05
0.019077
-0.000426902
-0.000103657
0.0118585
-0.00030558
2.94241e-05
0.00619836
-0.000154984
3.65127e-05
0.00197302
-1.53025e-06
-3.40713e-06
0.000717112
-4.89925e-06
2.62261e-05
0.00060181
-3.49087e-05
-5.68903e-05
0.0433933
-0.000581097
0.00109005
0.000952693
5.34304e-05
1.59033e-06
-0.000102126
-7.17303e-06
-0.000941059
0.000819436
0.000108584
-0.00463859
0.0394399
-0.00105191
-0.0045806
0.0314407
-0.000975774
-0.00438245
0.0234769
-0.000899119
-0.00403257
0.0158415
-0.00080372
-0.00299879
0.00950877
-0.000601034
-0.00214234
0.00428958
-0.000244784
0.00453773
0.0394174
-4.28172e-05
0.00449004
0.0314014
1.18011e-05
0.00433834
0.0234476
6.57924e-05
0.00380079
0.0159316
5.6815e-05
0.00319816
0.00933624
6.37741e-05
0.00234698
0.0042524
0.000156255
-1.49539e-05
0.0399344
-0.00054753
2.03077e-05
0.0318867
-0.000482147
6.19986e-05
0.023862
-0.000419948
6.34897e-06
0.0162746
-0.000399446
0.000211856
0.00961334
-0.000243643
0.000396787
0.00420248
-4.65659e-05
-8.42714e-05
0.0389183
-0.000547189
-5.52923e-05
0.030908
-0.000480417
-1.2025e-05
0.0229268
-0.00042608
-6.6269e-05
0.0154219
-0.000314034
4.65838e-07
0.00886417
-0.000234573
4.76637e-05
0.0038876
-7.75302e-05
-0.000779072
0.0013255
5.90244e-05
-0.00305016
0.0176646
-0.000686768
