-0.00506123
0.0454645
-0.00189511
0.00471949
0.045454
-0.000853416
0.000295595
0.000162057
8.94012e-05
-0.000184722
-3.34739e-05
-6.62008e-05
-0.00481323
0.0464967
-0.0018891
0.0049652
0.0465023
-0.000861848
0.000165773
3.74279e-06
-8.48081e-05
-0.000195106
9.99979e-05
8.86228e-05
-0.00503591
0.0370344
-0.00168839
-0.00490809
0.0285448
-0.00149899
-0.00456329
0.0201772
-0.00134876
-0.00387964
0.0129366
-0.00117208
-0.00288045
0.00678746
-0.000682865
-0.00170584
0.00239817
-0.000297234
0.00472425
0.0369987
-0.00065227
0.00466557
0.0284757
-0.000445425
0.00435055
0.0203605
-0.000159021
0.00371433
0.0125007
-8.33983e-05
0.00289883
0.00665689
0.000130798
0.00178298
0.00232884
0.000477723
-0.0047978
0.0380528
-0.00166937
-0.0046708
0.0295298
-0.00143229
-0.00435371
0.0210956
-0.00116969
-0.00364814
0.0138377
-0.00074124
-0.00260608
0.00730658
-0.000401399
-0.00151465
0.00217515
0.000141919
0.00497282
0.0380225
-0.000668931
0.0049128
0.0294775
-0.000503979
0.00452497
0.0212673
-0.000376077
0.00394286
0.0133926
-0.000357502
0.00331428
0.00716135
-0.000183419
0.00194258
0.00286991
3.90413e-05
-0.00017364
0.0454608
-0.00137721
-0.000903316
0.00101862
-0.000110535
-0.00492963
0.0459831
-0.001888
0.00114818
0.000953579
0.000337952
0.0048189
0.0459796
-0.000858748
-0.000134113
-0.000120514
7.25713e-05
0.000385553
0.000140123
-8.27263e-05
-0.000349451
9.21593e-05
-5.9231e-05
6.39883e-05
0.0464954
-0.00137885
-0.000744597
0.000780131
0.000349337
0.00100704
0.00115426
-0.000158305
1.42558e-05
-5.41093e-05
4.64401e-05
-0.00505534
0.0412661
-0.0017907
-0.00499055
0.0327884
-0.00159017
-0.00477085
0.0243504
-0.00140899
-0.00441999
0.0162607
-0.00124124
-0.00335781
0.00962526
-0.000904302
-0.00235821
0.00437073
-0.00045025
0.0047228
0.0412443
-0.000754777
0.00471098
0.0327385
-0.000546737
0.00456915
0.0243098
-0.000333693
0.00409402
0.0164332
-5.67303e-05
0.00330593
0.00946392
1.51615e-05
0.00240909
0.00424373
0.00027706
-0.00481382
0.0422946
-0.00177941
-0.00475443
0.0337858
-0.00155256
-0.00455129
0.025304
-0.00129743
-0.00410207
0.017194
-0.0010196
-0.00308625
0.0103221
-0.000611318
-0.00210122
0.00465037
-0.000128709
0.00497034
0.0422812
-0.000760251
0.00494757
0.0337531
-0.000582808
0.00482731
0.0252406
-0.000430402
0.00423064
0.017318
-0.000350055
0.00366057
0.0101666
-0.000258177
0.00283045
0.00457546
-9.59086e-05
-0.00490036
0.0375484
-0.00168258
-0.00478506
0.0290572
-0.00146815
-0.00447171
0.0206995
-0.00125139
-0.00372318
0.0135208
-0.000987267
-0.00272858
0.00707903
-0.000577794
-0.00175116
0.00228264
-0.000128114
0.0048044
0.0375132
-0.000663458
0.00471572
0.0289956
-0.000477282
0.00436179
0.0208172
-0.000233003
0.00372783
0.0130048
-0.000271115
0.00298116
0.00697309
-5.02912e-05
0.00179516
0.00263107
0.000267011
7.38226e-05
0.0380327
-0.00117339
0.000108274
0.0294889
-0.000974194
0.000151252
0.0210738
-0.000790958
0.000132624
0.0135179
-0.000511427
0.000367337
0.00710955
-0.000303675
0.000453423
0.00227562
-3.01227e-05
-0.000148782
0.0370089
-0.00117112
-9.68505e-05
0.0284743
-0.000973799
-8.69872e-05
0.0201965
-0.000820859
-0.000169064
0.0125502
-0.00056988
-1.85009e-05
0.00655891
-0.000301365
2.95678e-06
0.0020858
-4.95128e-05
-2.81655e-05
0.000754631
-2.08548e-05
4.81514e-05
0.000634212
-5.86968e-05
-5.88605e-05
0.0459808
-0.00137302
0.00115655
0.00100301
4.01555e-05
2.69955e-06
-0.000108584
-4.53833e-06
-0.000994604
0.000862683
0.000100481
-0.00492068
0.041785
-0.00178693
-0.0048581
0.0332944
-0.00157555
-0.00464497
0.0248437
-0.00136461
-0.00427087
0.016749
-0.0011373
-0.00317062
0.0100443
-0.000807525
-0.00226386
0.00452699
-0.000336564
0.00481687
0.0417608
-0.000758569
0.00476523
0.0332526
-0.000568723
0.00460252
0.0248131
-0.000379804
0.00402836
0.0168454
-0.000262534
0.00338728
0.00986332
-0.00013562
0.00248537
0.00448834
7.0156e-05
6.01157e-05
0.0422883
-0.00127286
9.72556e-05
0.0337458
-0.00107313
0.000138441
0.0252322
-0.000876135
7.45276e-05
0.0171911
-0.000728428
0.000283181
0.0101388
-0.000446311
0.000465365
0.00442821
-0.000139249
-0.000162036
0.0412526
-0.00127272
-0.000130078
0.0327499
-0.00107108
-8.02959e-05
0.0242799
-0.000883683
-0.000132827
0.0163217
-0.000638608
-5.45923e-05
0.00938057
-0.000438316
7.08909e-06
0.00411327
-0.000171909
-0.000802294
0.00139612
3.30516e-05
-0.00318392
0.0186686
-0.00104448
