-0.00551327
0.0486358
-0.00296083
0.00496303
0.0486241
-0.00189089
0.00031069
0.000170356
9.59916e-05
-0.000201419
-3.39799e-05
-7.43576e-05
-0.00505951
0.0496951
-0.00295419
0.0054146
0.0497012
-0.00190008
0.000181061
5.93745e-06
-9.42332e-05
-0.000201536
0.000103083
9.42867e-05
-0.00548547
0.0396054
-0.00257665
-0.00534448
0.0305115
-0.00220969
-0.00496702
0.0215521
-0.00188869
-0.00422164
0.0138173
-0.0015437
-0.00313789
0.00724869
-0.000887247
-0.00186299
0.00256247
-0.000371961
0.00496788
0.0395662
-0.00151236
0.00490558
0.0304355
-0.00112541
0.00456972
0.0217479
-0.000653873
0.00389113
0.0133458
-0.000421975
0.00303075
0.00710489
-4.92665e-05
0.00186214
0.00248021
0.000437381
-0.00504254
0.0406495
-0.00255605
-0.00490505
0.0315194
-0.00213728
-0.00456521
0.022492
-0.00169542
-0.00381589
0.014731
-0.00108164
-0.00270948
0.00776446
-0.000587794
-0.00156653
0.00230733
9.29521e-05
0.00542249
0.0406169
-0.00153041
0.0053542
0.0314648
-0.00118837
0.0049301
0.0226801
-0.000886991
0.0042954
0.0142582
-0.00071587
0.00360356
0.00761966
-0.000383591
0.00211662
0.00306172
-2.15799e-05
-0.000277844
0.0486318
-0.00242919
-0.000990664
0.00108932
-0.000140403
-0.00527807
0.0491681
-0.002953
0.00120114
0.00100967
0.000330934
0.00516288
0.0491644
-0.0018967
-0.00015638
-0.000130667
7.44612e-05
0.000410497
0.000150674
-8.57777e-05
-0.000370614
9.98118e-05
-6.00802e-05
0.000164029
0.0496937
-0.00243094
-0.000770532
0.000826153
0.000344945
0.00109993
0.00123786
-0.000196198
2.44921e-05
-5.82782e-05
4.49158e-05
-0.0055068
0.0441387
-0.00276804
-0.0054356
0.0350568
-0.00238911
-0.00519387
0.0260199
-0.00203242
-0.00480658
0.0173649
-0.00169423
-0.0036558
0.0102788
-0.00118724
-0.00257107
0.00466859
-0.000582631
0.00496644
0.0441147
-0.0017043
0.00495384
0.0350019
-0.00131635
0.0048029
0.0259746
-0.000923263
0.00429596
0.0175461
-0.000466993
0.00345911
0.0101026
-0.000242447
0.00251717
0.00452768
0.000170129
-0.00506015
0.0451938
-0.00275572
-0.00499539
0.0360781
-0.00234851
-0.00477706
0.0269953
-0.00191173
-0.00429892
0.0183199
-0.00145695
-0.00321616
0.0109773
-0.000874491
-0.00217961
0.00493765
-0.000241983
0.00542017
0.0451795
-0.00171021
0.00539377
0.0360437
-0.00135533
0.00525885
0.0269298
-0.00102725
0.00460952
0.018456
-0.000781832
0.00398408
0.0108195
-0.000534475
0.00307475
0.0048706
-0.000225154
-0.00524601
0.0401326
-0.00257035
-0.00512067
0.0310367
-0.00217534
-0.00478068
0.0220893
-0.00178252
-0.00397554
0.0144165
-0.00134513
-0.00290895
0.00753893
-0.000773153
-0.00186782
0.00242756
-0.000188789
0.00514708
0.0400943
-0.00152433
0.00505031
0.0309706
-0.00115907
0.00466828
0.022216
-0.000732693
0.00398555
0.0138653
-0.000620891
0.00318504
0.00742779
-0.000238604
0.00192069
0.002797
0.000220048
0.00017438
0.0406276
-0.00204786
0.00020886
0.0314758
-0.001669
0.00025049
0.0224697
-0.00131137
0.000221984
0.0143885
-0.000856713
0.000459071
0.00755817
-0.000497706
0.000530647
0.00241976
-9.7839e-05
-0.000250259
0.0395774
-0.00204569
-0.000191092
0.0304343
-0.00167058
-0.000175805
0.021572
-0.00134441
-0.000255641
0.0133998
-0.00092149
-8.27211e-05
0.00700157
-0.00049651
-4.22019e-05
0.00222376
-0.000113975
-6.13423e-05
0.00080003
-4.23787e-05
7.73886e-05
0.000674598
-9.04649e-05
-6.13442e-05
0.0491656
-0.00242455
0.00123874
0.00106454
2.23919e-05
4.22338e-06
-0.000116542
-9.32337e-07
-0.00106038
0.00091585
8.83105e-05
-0.00526824
0.0446713
-0.00276392
-0.00519994
0.0355752
-0.00237321
-0.0049682
0.0265246
-0.00198379
-0.00456409
0.0178645
-0.0015809
-0.00338179
0.0107022
-0.00108229
-0.0024132
0.00481857
-0.000459552
0.00516072
0.044645
-0.00170841
0.00510414
0.0355303
-0.00133954
0.00492777
0.0264924
-0.00097195
0.00430846
0.0179687
-0.000686919
0.00362002
0.0105111
-0.000400797
0.00265576
0.00477812
-4.49968e-05
0.000159668
0.045187
-0.00223619
0.000199149
0.0360348
-0.00185843
0.000239567
0.0269185
-0.00148258
0.000165172
0.0183185
-0.00116552
0.000376791
0.0107846
-0.000715991
0.00055448
0.00470597
-0.000263201
-0.000265006
0.0441239
-0.00223634
-0.00022933
0.0350146
-0.00185597
-0.000171277
0.0259429
-0.001492
-0.000221249
0.0174267
-0.00107043
-0.000128094
0.0100148
-0.000709558
-4.74805e-05
0.00439015
-0.000298014
-0.000828514
0.00148321
-2.75818e-06
-0.00334379
0.0199035
-0.00152028
