-0.00572533
0.0501001
-0.00348989
0.0050716
0.0500879
-0.00240581
0.000317529
0.000174117
9.90904e-05
-0.000209347
-3.41484e-05
-7.82963e-05
-0.0051696
0.051173
-0.00348296
0.00562518
0.0511794
-0.00241534
0.000188324
7.04235e-06
-9.87405e-05
-0.000204304
0.000104422
9.68935e-05
-0.00569641
0.0407931
-0.00301772
-0.00554936
0.0314208
-0.00256252
-0.00515686
0.0221885
-0.00215637
-0.00438273
0.0142259
-0.00172751
-0.00325962
0.00746314
-0.000988526
-0.00193759
0.00263906
-0.000409032
0.00507647
0.0407523
-0.00193937
0.00501259
0.0313416
-0.00146319
0.00466744
0.0223899
-0.000900145
0.00396977
0.0137378
-0.000590395
0.0030894
0.00731298
-0.000139215
0.00189739
0.0025504
0.000416244
-0.00515193
0.0418501
-0.00299639
-0.00500965
0.03244
-0.00248749
-0.00465947
0.0231391
-0.00195657
-0.00389048
0.0151452
-0.00125115
-0.00275488
0.00797726
-0.000680841
-0.00158886
0.00236916
6.77378e-05
0.00563322
0.0418165
-0.00195805
0.00556113
0.0323844
-0.00152814
0.00512036
0.0233347
-0.00114057
0.00446134
0.0146599
-0.000893326
0.00373989
0.00783288
-0.000482709
0.00219898
0.00315161
-5.17337e-05
-0.000329558
0.050096
-0.00295136
-0.00103228
0.00112236
-0.000155278
-0.00543882
0.0506394
-0.00348172
0.00122487
0.00103547
0.000326734
0.0053213
0.0506355
-0.00241184
-0.000167212
-0.000135474
7.5206e-05
0.000422049
0.000155616
-8.7068e-05
-0.00038039
0.000103459
-6.03886e-05
0.000213556
0.0511716
-0.00295314
-0.000781712
0.00084779
0.000341729
0.00114403
0.0012774
-0.000214619
2.95869e-05
-6.01938e-05
4.40372e-05
-0.0057186
0.0454653
-0.0032533
-0.00564449
0.0361051
-0.00278581
-0.0053926
0.0267921
-0.00234181
-0.00498829
0.0178766
-0.0019187
-0.00379646
0.0105824
-0.00132735
-0.0026719
0.00480726
-0.000648341
0.00507503
0.0454403
-0.00217562
0.0050621
0.0360478
-0.00169854
0.00490714
0.0267447
-0.00121627
0.00438594
0.0180616
-0.000671302
0.00352722
0.010399
-0.000370763
0.00256525
0.00465961
0.000116292
-0.00517027
0.0465339
-0.0032405
-0.00510304
0.0371384
-0.00274386
-0.00487781
0.0277784
-0.00221692
-0.00438666
0.018842
-0.00167428
-0.0032735
0.0112815
-0.00100556
-0.00221378
0.00507139
-0.000298956
0.00563096
0.046519
-0.00218172
0.00560291
0.0371031
-0.00173883
0.00546123
0.0277119
-0.00132355
0.00478767
0.0189837
-0.000995951
0.00413645
0.0111228
-0.000671325
0.00318996
0.00500829
-0.000289141
-0.00540548
0.0413268
-0.00301119
-0.00527555
0.0319522
-0.00252653
-0.00492332
0.022733
-0.00204614
-0.0040922
0.0148319
-0.00152264
-0.0029925
0.00775264
-0.000870227
-0.001922
0.00249513
-0.000219275
0.00530491
0.0412873
-0.00195168
0.00520447
0.0318842
-0.00149765
0.00480965
0.0228636
-0.000981146
0.00410464
0.0142647
-0.000794343
0.00327943
0.00763912
-0.000332195
0.0019791
0.00287411
0.000196125
0.000224144
0.0418274
-0.00248203
0.000258568
0.0323952
-0.00201401
0.000299481
0.0231165
-0.00156972
0.000266132
0.0147923
-0.00102826
0.000503877
0.00776679
-0.000594128
0.000568153
0.00248729
-0.000131684
-0.000300715
0.0407639
-0.00247991
-0.000238142
0.0313405
-0.0020166
-0.000220185
0.0222087
-0.00160425
-0.000298575
0.0137939
-0.00109608
-0.000114903
0.00720731
-0.000593531
-6.48685e-05
0.0022879
-0.000146204
-7.79164e-05
0.000820996
-5.31681e-05
9.19136e-05
0.000693773
-0.00010627
-6.26218e-05
0.0506367
-0.0029465
0.00127706
0.00109312
1.35424e-05
5.00058e-06
-0.000120227
8.96756e-07
-0.00109092
0.000940737
8.17499e-05
-0.00542857
0.0460048
-0.003249
-0.00535767
0.0366297
-0.00276933
-0.00511739
0.0273025
-0.00229121
-0.00469952
0.0183816
-0.00180098
-0.0034795
0.0110076
-0.0012186
-0.00248245
0.00495425
-0.000520885
0.00531909
0.0459775
-0.00217987
0.00526025
0.0365833
-0.00172226
0.00507768
0.0272696
-0.00126609
0.00443777
0.0184892
-0.000897634
0.00372767
0.0108118
-0.000532479
0.00273477
0.00491291
-0.000102414
0.00020897
0.0465268
-0.00271442
0.000249514
0.0370936
-0.00224836
0.000289486
0.0276993
-0.00178372
0.000210144
0.0188414
-0.00138235
0.000422677
0.0110846
-0.000849887
0.000597818
0.00483545
-0.000324959
-0.000316154
0.0454499
-0.00271471
-0.000278751
0.0360612
-0.00224571
-0.000216758
0.0267121
-0.00179406
-0.000265265
0.0179385
-0.00128494
-0.000164831
0.0103093
-0.000844292
-7.48853e-05
0.00451893
-0.000360808
-0.000839707
0.00152404
-2.10012e-05
-0.00341541
0.0204759
-0.00175648
