-0.00582763
0.0508007
-0.00375302
0.00512236
0.0507882
-0.00266202
0.000320776
0.000175903
0.00010059
-0.000213205
-3.42109e-05
-8.0229e-05
-0.00522119
0.0518802
-0.00374595
0.00572667
0.0518868
-0.0026717
0.00019186
7.5959e-06
-0.000100941
-0.000205583
0.000105044
9.81422e-05
-0.00579818
0.0413616
-0.00323708
-0.00564827
0.0318564
-0.00273795
-0.0052486
0.0224938
-0.00228934
-0.00446069
0.0144222
-0.00181869
-0.00331871
0.00756644
-0.0010388
-0.00197388
0.00267606
-0.000427437
0.00512724
0.04132
-0.00215186
0.00506265
0.0317757
-0.00163132
0.00471318
0.0226979
-0.00102283
0.00400658
0.0139262
-0.000674263
0.00311689
0.00741316
-0.000184091
0.00191395
0.00258419
0.000405465
-0.00520319
0.042425
-0.00321541
-0.00505865
0.0328812
-0.00266169
-0.00470361
0.0234496
-0.00208645
-0.00392541
0.0153442
-0.00133555
-0.00277603
0.00807971
-0.000727201
-0.00159916
0.00239907
5.50025e-05
0.00573477
0.0423908
-0.00217082
0.0056609
0.0328251
-0.00169719
0.00521221
0.0236487
-0.0012667
0.00454159
0.014853
-0.000981469
0.0038059
0.00793558
-0.000531933
0.00223896
0.00319509
-6.67364e-05
-0.000355308
0.0507965
-0.00321111
-0.00105257
0.00113835
-0.000162674
-0.0055156
0.0513433
-0.00374469
0.00123607
0.00104785
0.000324477
0.00539688
0.0513394
-0.00266815
-0.000172544
-0.000137805
7.55309e-05
0.000427599
0.000158006
-8.76566e-05
-0.000385082
0.00010524
-6.05141e-05
0.000238154
0.0518787
-0.00321291
-0.000786879
0.000858296
0.000339893
0.00116549
0.00129662
-0.000223681
3.21217e-05
-6.1108e-05
4.35727e-05
-0.00582078
0.0461001
-0.00349464
-0.0057453
0.0366071
-0.00298309
-0.00548857
0.0271623
-0.00249559
-0.0050761
0.0181223
-0.00203017
-0.00386464
0.0107284
-0.00139688
-0.00272089
0.00487414
-0.00068098
0.0051258
0.0460747
-0.00241014
0.00511272
0.0365487
-0.00188875
0.00495592
0.0271139
-0.00136215
0.00442807
0.018309
-0.000773117
0.00355911
0.0105416
-0.000434696
0.0025878
0.00472317
8.93331e-05
-0.00522188
0.0471753
-0.00348162
-0.00515348
0.0376462
-0.0029405
-0.00492501
0.0281539
-0.00236873
-0.00442777
0.0190927
-0.00178237
-0.00330027
0.0114278
-0.0010708
-0.00222965
0.00513587
-0.000327437
0.00573254
0.0471602
-0.00241632
0.00570372
0.0376106
-0.00192965
0.00555883
0.028087
-0.00147096
0.00487376
0.0192371
-0.0011024
0.00421017
0.0112687
-0.000739304
0.00324578
0.00507474
-0.000320912
-0.00548166
0.0418986
-0.00323045
-0.00534957
0.0323909
-0.00270117
-0.00499154
0.0230419
-0.00217718
-0.00414807
0.0150314
-0.00161082
-0.0030326
0.00785554
-0.000918482
-0.00194806
0.00252778
-0.000234501
0.00538021
0.0418584
-0.00216433
0.00527805
0.032322
-0.00166614
0.00487719
0.0231743
-0.00110486
0.00416165
0.0144567
-0.000880567
0.0033247
0.00774086
-0.000378766
0.00200721
0.00291126
0.000184083
0.000248852
0.0424019
-0.00269801
0.000283225
0.0328358
-0.00218563
0.000323766
0.0234269
-0.00169821
0.000288028
0.0149864
-0.0011136
0.000525966
0.00786726
-0.000642083
0.000586597
0.00251998
-0.000148558
-0.000325867
0.0413319
-0.00269592
-0.000261649
0.0317747
-0.00218873
-0.000242362
0.0225142
-0.00173346
-0.000319935
0.0139834
-0.0011829
-0.000130996
0.00730641
-0.000641796
-7.62047e-05
0.00231884
-0.000162276
-8.61824e-05
0.000831091
-5.85532e-05
9.9134e-05
0.000703133
-0.000114133
-6.3285e-05
0.0513406
-0.00320615
0.00129553
0.00110691
9.13527e-06
5.39195e-06
-0.000121993
1.81495e-06
-0.00110561
0.000952794
7.83749e-05
-0.00550517
0.046643
-0.00349027
-0.00543303
0.0371347
-0.00296634
-0.00518872
0.0276755
-0.00244407
-0.00476431
0.0186299
-0.00191035
-0.00352635
0.0111545
-0.00128632
-0.00251571
0.00501966
-0.00055142
0.00539464
0.0466153
-0.00241445
0.00533474
0.0370877
-0.00191272
0.00514925
0.0276422
-0.00141249
0.00449961
0.0187391
-0.00100246
0.00377924
0.0109565
-0.000597982
0.00277271
0.00497786
-0.000131027
0.000233461
0.0471681
-0.00295232
0.000274501
0.0376007
-0.00244234
0.00031423
0.0280737
-0.00193351
0.0002325
0.0190925
-0.00149013
0.000445339
0.0112288
-0.000916461
0.000619138
0.00489791
-0.00035571
-0.000341635
0.0460845
-0.00295268
-0.000303407
0.0365623
-0.0024396
-0.000239495
0.0270809
-0.00194431
-0.00028721
0.0181842
-0.00139165
-0.000183185
0.0104511
-0.000911297
-8.86001e-05
0.00458101
-0.000392067
-0.000844845
0.00154384
-3.01715e-05
-0.00344907
0.0207507
-0.0018739
