-0.00592736
0.0514797
-0.00401504
0.00517069
0.051467
-0.00291728
0.000323911
0.000177629
0.000102056
-0.000216992
-3.42588e-05
-8.21365e-05
-0.00527042
0.0525658
-0.00400783
0.00582552
0.0525724
-0.00292711
0.00019533
8.14982e-06
-0.000103105
-0.000206796
0.000105636
9.93549e-05
-0.00589741
0.0419129
-0.00345551
-0.00574473
0.0322792
-0.00291259
-0.00533816
0.0227905
-0.00242161
-0.00453689
0.0146133
-0.00190929
-0.00337658
0.00766718
-0.00108878
-0.0020095
0.00271221
-0.000445731
0.00517558
0.0418706
-0.00236358
0.00511033
0.032197
-0.00179887
0.0047568
0.022997
-0.00114517
0.00404169
0.0141097
-0.000757856
0.00314315
0.00751081
-0.000228875
0.00192981
0.00261714
0.000394557
-0.0052521
0.0429825
-0.00343351
-0.0051054
0.0333094
-0.00283514
-0.00474573
0.0237513
-0.00221575
-0.00395875
0.0155377
-0.00141962
-0.00279615
0.00817953
-0.000773401
-0.00160889
0.00242833
4.22036e-05
0.0058337
0.0429478
-0.00238282
0.00575811
0.0332528
-0.00186561
0.0053018
0.0239539
-0.00139233
0.00461999
0.0150409
-0.00106917
0.00387044
0.00803569
-0.000580901
0.00227813
0.00323761
-8.16778e-05
-0.000380982
0.0514754
-0.00346984
-0.00107251
0.001154
-0.000170031
-0.00558993
0.0520256
-0.00400655
0.00124683
0.0010599
0.00032212
0.00546994
0.0520216
-0.00292351
-0.000177818
-0.000140086
7.58252e-05
0.000432998
0.000160342
-8.82085e-05
-0.000389644
0.000106993
-6.06207e-05
0.000262627
0.0525642
-0.00347165
-0.000791772
0.000868601
0.000337915
0.00118654
0.00131549
-0.00023264
3.46455e-05
-6.19927e-05
4.30928e-05
-0.00592039
0.0467156
-0.00373497
-0.0058436
0.037094
-0.00317952
-0.00558222
0.0275218
-0.00264865
-0.00516183
0.0183613
-0.00214103
-0.00393137
0.0108707
-0.001466
-0.00276892
0.00493942
-0.000713436
0.00517414
0.0466897
-0.0026438
0.00516093
0.0370346
-0.00207829
0.00500241
0.0274723
-0.00150753
0.00446826
0.0185495
-0.000874656
0.00358956
0.0106805
-0.000498442
0.00260938
0.00478516
6.23666e-05
-0.00527111
0.0477971
-0.00372173
-0.0052016
0.0381389
-0.00313632
-0.00497005
0.0285185
-0.00251988
-0.00446702
0.0193365
-0.00188998
-0.00332577
0.0115701
-0.00113579
-0.00224472
0.00519876
-0.000355877
0.00583149
0.0477819
-0.00265006
0.00580194
0.0381029
-0.00211976
0.00565395
0.0284512
-0.0016178
0.00495781
0.0194835
-0.00120838
0.00428223
0.0114107
-0.000806943
0.0033004
0.00513961
-0.000352514
-0.00555541
0.042453
-0.00344877
-0.00542125
0.0328166
-0.00287505
-0.00505764
0.023342
-0.0023076
-0.00420228
0.0152255
-0.00169854
-0.00307158
0.00795583
-0.000966495
-0.00197343
0.00255968
-0.000249695
0.00545302
0.0424122
-0.0023762
0.0053492
0.0327468
-0.00183403
0.00494258
0.0234761
-0.00122816
0.00421692
0.0146435
-0.000966406
0.00336866
0.00784002
-0.000425157
0.00203457
0.0029475
0.000171997
0.000273428
0.042959
-0.00291313
0.000307733
0.0332634
-0.00235656
0.000347892
0.0237286
-0.00182615
0.000309792
0.0151751
-0.00119858
0.000547828
0.00796518
-0.000689827
0.000604821
0.00255197
-0.000165383
-0.000350963
0.0418827
-0.00291108
-0.00028514
0.0321961
-0.00236018
-0.000264525
0.022811
-0.00186209
-0.000341218
0.0141678
-0.00126934
-0.000147086
0.00740304
-0.000689857
-8.7535e-05
0.00234905
-0.000178303
-9.44277e-05
0.000840944
-6.39254e-05
0.000106319
0.000712351
-0.000121961
-6.3969e-05
0.0520229
-0.00346477
0.00131353
0.00112037
4.74302e-06
5.78468e-06
-0.000123708
2.73443e-06
-0.00111992
0.000964605
7.49466e-05
-0.0055793
0.0472617
-0.00373051
-0.00550599
0.0376246
-0.0031625
-0.0052578
0.0280376
-0.00259622
-0.00482711
0.0188714
-0.00201916
-0.00357185
0.0112975
-0.00135367
-0.00254808
0.00508347
-0.00058183
0.00546768
0.0472336
-0.00264817
0.00540677
0.0375769
-0.00210247
0.00521849
0.028004
-0.00155836
0.00455952
0.0189821
-0.00110688
0.00382928
0.0110974
-0.000663221
0.0028096
0.00504122
-0.000159558
0.00025783
0.0477898
-0.00318927
0.000299342
0.0380927
-0.00263554
0.000338812
0.0284373
-0.00208268
0.000254752
0.0193366
-0.00159741
0.000467796
0.0113693
-0.00098273
0.000640212
0.00495888
-0.000386345
-0.000367049
0.0466997
-0.00318971
-0.000328023
0.0370485
-0.00263271
-0.000262227
0.027439
-0.00209394
-0.000309107
0.0184232
-0.00149791
-0.000201522
0.0105891
-0.000978007
-0.000102316
0.00464161
-0.000423205
-0.000849685
0.00156323
-3.936e-05
-0.00348127
0.0210178
-0.00199077
