-0.00621051
0.0533845
-0.00479314
0.00530064
0.0533712
-0.00367662
0.000332646
0.000182449
0.000106247
-0.000227919
-3.43129e-05
-8.77005e-05
-0.00540349
0.0544886
-0.00478555
0.00610563
0.0544957
-0.00368684
0.000205347
9.8105e-06
-0.000109375
-0.000210045
0.000107241
0.000102782
-0.00617923
0.0434615
-0.00410397
-0.00601899
0.0334694
-0.00343071
-0.00559337
0.0236285
-0.00281341
-0.00475466
0.0151551
-0.002177
-0.00354283
0.00795418
-0.0012365
-0.00211223
0.00281581
-0.000499765
0.00530556
0.0434172
-0.00299345
0.00523874
0.0333831
-0.00229743
0.00487454
0.0238414
-0.0015096
0.00413665
0.0146301
-0.00100667
0.00321453
0.00778871
-0.000362473
0.00197323
0.00271111
0.000361132
-0.00538429
0.0445482
-0.0040811
-0.0052318
0.0345144
-0.00335001
-0.00485965
0.024603
-0.00259937
-0.00404908
0.0160852
-0.0016693
-0.00285038
0.0084633
-0.000910651
-0.00163481
0.00251226
3.59197e-06
0.00611407
0.0445122
-0.0030134
0.00603378
0.0344565
-0.00236647
0.00555655
0.0248151
-0.0017657
0.00484371
0.0155731
-0.00132923
0.00405507
0.00832048
-0.000726047
0.0023907
0.00335944
-0.000126054
-0.000457496
0.0533801
-0.00423877
-0.0011302
0.00119904
-0.00019179
-0.00579761
0.0539397
-0.00478422
0.00127651
0.00109415
0.000314484
0.00567352
0.0539355
-0.0036831
-0.000193257
-0.000146617
7.65313e-05
0.000448299
0.000167031
-8.96506e-05
-0.000402559
0.000112085
-6.08256e-05
0.000335198
0.0544871
-0.00424061
-0.000804865
0.000898352
0.000331213
0.00124723
0.00136999
-0.000258853
4.21321e-05
-6.44682e-05
4.15708e-05
-0.00620324
0.0484431
-0.00444857
-0.00612291
0.0384631
-0.0037625
-0.00584872
0.0285352
-0.00310249
-0.00540612
0.0190375
-0.00246914
-0.00412261
0.0112751
-0.00167029
-0.00290715
0.00512589
-0.000809412
0.00530411
0.048416
-0.00333889
0.00529062
0.0384007
-0.00264223
0.00512774
0.0284827
-0.00194023
0.00457687
0.0192298
-0.00117727
0.00367208
0.0110752
-0.000688304
0.0026682
0.00496187
-1.84522e-05
-0.00540421
0.0495424
-0.00443474
-0.00533168
0.0395239
-0.00371767
-0.00509186
0.029546
-0.0029685
-0.00457338
0.0200257
-0.00220922
-0.00339463
0.011974
-0.00132869
-0.00228518
0.00537804
-0.000440679
0.00611189
0.0495266
-0.00334535
0.00608036
0.0394869
-0.00268521
0.00592389
0.0294776
-0.00205442
0.00519726
0.02018
-0.0015231
0.00448809
0.0118139
-0.00100751
0.00345682
0.00532478
-0.000446147
-0.00576153
0.0440103
-0.00409695
-0.00562176
0.0340148
-0.00339104
-0.00524287
0.0241891
-0.00269425
-0.00435468
0.0157752
-0.00195829
-0.00318173
0.00824114
-0.00110868
-0.00204539
0.00265107
-0.00029491
0.00565592
0.0439679
-0.00300646
0.00554768
0.0339427
-0.00233344
0.00512547
0.0243279
-0.00159519
0.00437212
0.0151731
-0.00122126
0.00349261
0.00812208
-0.000563047
0.00211222
0.00305083
0.000135548
0.000346268
0.0445237
-0.00355243
0.000380241
0.0344669
-0.00286438
0.000419187
0.02458
-0.00220601
0.00037417
0.0157096
-0.00145092
0.000611934
0.00824375
-0.000831483
0.000658087
0.00264378
-0.000215435
-0.000425887
0.0434299
-0.00355051
-0.000355499
0.0333824
-0.00286956
-0.000330894
0.023649
-0.00224393
-0.000404533
0.0146911
-0.00152586
-0.000195271
0.00767831
-0.000832507
-0.000121432
0.00243554
-0.000225993
-0.000118987
0.000869146
-7.99159e-05
0.000127612
0.000739175
-0.000145179
-6.61702e-05
0.0539368
-0.00423343
0.00136475
0.00115887
-8.32614e-06
6.96695e-06
-0.000128536
5.49203e-06
-0.00116056
0.000998625
6.44183e-05
-0.00578649
0.0489983
-0.00444389
-0.00570999
0.039002
-0.00374479
-0.00545121
0.0290583
-0.00304756
-0.00500325
0.0195543
-0.00234155
-0.00370014
0.0117034
-0.00155305
-0.00263969
0.00526548
-0.000672028
0.00567121
0.0489691
-0.00334343
0.00560758
0.0389525
-0.00266695
0.00541181
0.0290237
-0.0019923
0.00472742
0.0196692
-0.00141729
0.00397007
0.0114974
-0.000857067
0.00291385
0.00522177
-0.000244516
0.000330114
0.0495348
-0.0038935
0.000372869
0.0394758
-0.00320964
0.000411455
0.029462
-0.00252578
0.000320781
0.0200269
-0.00191567
0.000533808
0.0117679
-0.00117932
0.000701835
0.0051329
-0.000477354
-0.000442853
0.0484264
-0.00389418
-0.000401596
0.0384155
-0.00320656
-0.00033036
0.0284486
-0.00253839
-0.000374452
0.0190991
-0.00181351
-0.000256386
0.0109817
-0.00117597
-0.00014341
0.00481461
-0.000515679
-0.000862462
0.00161906
-6.69248e-05
-0.00356896
0.0217725
-0.00233737
