-0.00654887
0.0556062
-0.00580707
0.00543743
0.0555922
-0.00467115
0.000342759
0.000188065
0.000111332
-0.000241445
-3.4173e-05
-9.47194e-05
-0.00554552
0.0567289
-0.00579903
0.00643888
0.0567363
-0.00468177
0.000217746
1.20079e-05
-0.00011719
-0.000213513
0.000108994
0.000106867
-0.00651623
0.0452737
-0.00494822
-0.00634768
0.0348696
-0.0041041
-0.00590074
0.0246221
-0.00332083
-0.00501871
0.0158035
-0.00252187
-0.00374665
0.00830171
-0.00142674
-0.00223926
0.00294298
-0.000569141
0.00544241
0.0452273
-0.00381852
0.0053745
0.0347784
-0.00295068
0.00500003
0.0248414
-0.00198804
0.00423857
0.0152538
-0.00133271
0.00329232
0.00812453
-0.000538188
0.00202147
0.00282539
0.000315155
-0.00552542
0.046378
-0.00492444
-0.00536691
0.0359293
-0.00401988
-0.00498178
0.0256104
-0.00309777
-0.00414658
0.0167367
-0.00199403
-0.00290844
0.00880454
-0.00108901
-0.00166189
0.00261516
-4.77718e-05
0.00644767
0.0463406
-0.00383913
0.0063623
0.0358703
-0.00302197
0.00586198
0.025833
-0.00225369
0.00511409
0.0162082
-0.00166762
0.00427945
0.00866354
-0.000914711
0.00252881
0.00350831
-0.000183927
-0.000558113
0.0556016
-0.00524323
-0.001202
0.00125483
-0.000219752
-0.00603733
0.0561708
-0.00579765
0.00131013
0.00113562
0.00030307
0.00590692
0.0561664
-0.00467789
-0.000212857
-0.000154541
7.70876e-05
0.000466601
0.000175207
-9.11026e-05
-0.000417982
0.000118477
-6.08241e-05
0.000429679
0.0567273
-0.00524509
-0.000818772
0.000935308
0.000320762
0.00132221
0.00143763
-0.000292141
5.18487e-05
-6.73502e-05
3.93829e-05
-0.00654128
0.0504609
-0.00537809
-0.00645723
0.0400691
-0.00452095
-0.00616878
0.0297316
-0.00369156
-0.00570048
0.0198434
-0.00289336
-0.00435597
0.011762
-0.00193354
-0.00307731
0.00535307
-0.000933016
0.0054409
0.0504326
-0.00424931
0.00542738
0.0400033
-0.00338106
0.00526073
0.0296753
-0.00250736
0.00469309
0.0200392
-0.0015748
0.0037613
0.0115499
-0.000937339
0.00273289
0.00517635
-0.000125593
-0.00554628
0.0515784
-0.00536363
-0.0054706
0.0411459
-0.00447443
-0.00522229
0.0307563
-0.00355189
-0.004688
0.020844
-0.00262369
-0.00346848
0.012457
-0.00157923
-0.00232824
0.00559494
-0.000551476
0.00644547
0.051562
-0.00425592
0.00641187
0.041108
-0.00342549
0.00624604
0.0306871
-0.00262555
0.00548563
0.0210067
-0.00193371
0.00473755
0.012297
-0.00126845
0.0036475
0.00554944
-0.000567768
-0.0059996
0.0458314
-0.0049409
-0.00585386
0.0354229
-0.00406197
-0.00545822
0.0251922
-0.00319589
-0.00453336
0.0164305
-0.00229426
-0.00331245
0.00858519
-0.00129241
-0.00213157
0.00276303
-0.000353692
0.00588866
0.0457872
-0.00383187
0.00577586
0.0353483
-0.00298741
0.00533708
0.0253356
-0.00207626
0.00455344
0.0158064
-0.00155362
0.00363889
0.0084621
-0.000743199
0.00220515
0.0031762
8.67169e-05
0.000440982
0.0463523
-0.00438719
0.000474173
0.0358802
-0.00352693
0.000511298
0.0255873
-0.00270087
0.000457523
0.0163467
-0.00177957
0.000693539
0.00857927
-0.00101558
0.000725485
0.00275644
-0.00028074
-0.000524728
0.0452406
-0.00438548
-0.000448854
0.0347782
-0.00353423
-0.00041888
0.0246424
-0.00274112
-0.000487451
0.0153182
-0.00185958
-0.000259091
0.00801165
-0.00101801
-0.000166176
0.00254159
-0.000288221
-0.000151128
0.000903862
-0.00010076
0.000155204
0.000773
-0.000175299
-6.94927e-05
0.0561678
-0.00523758
0.00142643
0.00120593
-2.54511e-05
8.53557e-06
-0.000134219
9.13493e-06
-0.00120938
0.00104078
5.00993e-05
-0.00602567
0.0510255
-0.00537316
-0.0059458
0.0406162
-0.00450249
-0.00567553
0.0302617
-0.00363382
-0.00520853
0.0203665
-0.00275912
-0.00385159
0.0121901
-0.00181061
-0.0027489
0.00548628
-0.000788794
0.00590457
0.050995
-0.00425399
0.00583812
0.0405649
-0.00340618
0.00563457
0.0302261
-0.00256053
0.00492267
0.0204858
-0.0018231
0.00413536
0.0119773
-0.00111021
0.00303762
0.00544044
-0.000355873
0.000424264
0.0515706
-0.0048133
0.000468227
0.0410958
-0.00395902
0.000505333
0.0306693
-0.00310356
0.000406754
0.0208467
-0.00232955
0.000618246
0.0122454
-0.00143484
0.00077988
0.00534402
-0.000595838
-0.000542688
0.0504435
-0.0048143
-0.000498862
0.0400191
-0.00395566
-0.000420869
0.0296405
-0.00311792
-0.000460509
0.0199038
-0.00222476
-0.000328966
0.0114547
-0.0014334
-0.00019784
0.00502532
-0.000636011
-0.000875555
0.00168813
-0.000103264
-0.00366454
0.0226674
-0.00278736
