-0.0066262
0.0561034
-0.00605547
0.00546495
0.0560893
-0.00491609
0.000345013
0.000189325
0.00011251
-0.000244632
-3.40997e-05
-9.63965e-05
-0.00557454
0.0572294
-0.00604733
0.00651475
0.0572369
-0.00492678
0.000220668
1.25513e-05
-0.000119042
-0.00021423
0.000109364
0.000107803
-0.00659329
0.0456806
-0.00515485
-0.006423
0.0351856
-0.00426864
-0.00597148
0.024848
-0.00344444
-0.00507985
0.0159523
-0.00260549
-0.0037943
0.0083823
-0.00147283
-0.00226917
0.00297285
-0.000585885
0.00546996
0.0456337
-0.00402173
0.00540197
0.0350934
-0.00311159
0.00502567
0.0250686
-0.00210604
0.00425957
0.0153971
-0.00141301
0.00330864
0.00820225
-0.000581576
0.00203182
0.00285202
0.000303441
-0.00555426
0.0467879
-0.00513088
-0.00539457
0.0362477
-0.00418368
-0.0050069
0.0258387
-0.00321947
-0.0041668
0.0168851
-0.00207334
-0.00292041
0.00888304
-0.00113251
-0.00166735
0.00263922
-6.04838e-05
0.00652362
0.0467502
-0.00404245
0.00643719
0.0361885
-0.00318329
0.00593199
0.0260636
-0.00237365
0.00517652
0.0163533
-0.00175051
0.00433151
0.00874258
-0.000960888
0.00256111
0.00354303
-0.000198127
-0.000582968
0.0560988
-0.00548994
-0.00121898
0.00126804
-0.000226499
-0.00609041
0.0566697
-0.00604594
0.00131747
0.00114527
0.000300006
0.00595826
0.0566653
-0.00492288
-0.000217562
-0.000156372
7.71623e-05
0.000470797
0.000177117
-9.13861e-05
-0.000421512
0.00012
-6.07728e-05
0.000452846
0.0572277
-0.0054918
-0.000821632
0.000944039
0.000317926
0.00133984
0.0014536
-0.000300149
5.4219e-05
-6.79963e-05
3.88127e-05
-0.00661855
0.0509131
-0.00560571
-0.00653375
0.0404305
-0.00470645
-0.00624226
0.0300025
-0.00383533
-0.00576826
0.0200275
-0.00299654
-0.00441031
0.0118743
-0.00199737
-0.00311723
0.00540605
-0.00096294
0.00546841
0.0508845
-0.00447353
0.00545496
0.040364
-0.00356304
0.00528775
0.0299454
-0.00264707
0.00471695
0.0202238
-0.00167291
0.00377984
0.0116593
-0.000998713
0.0027466
0.00522621
-0.0001522
-0.00557531
0.0520338
-0.00559112
-0.00549901
0.0415101
-0.0046596
-0.00524906
0.0310296
-0.00369447
-0.00471171
0.0210301
-0.00272482
-0.0034837
0.0125677
-0.00164033
-0.00233708
0.0056451
-0.000578581
0.00652142
0.0520173
-0.00448016
0.00648739
0.041472
-0.00360774
0.00631958
0.0309602
-0.00276605
0.005552
0.0211947
-0.00203452
0.00479528
0.0124077
-0.00133236
0.00369185
0.00560153
-0.000597522
-0.00605234
0.0462399
-0.00514747
-0.00590539
0.0357402
-0.00422596
-0.00550624
0.0254198
-0.00331826
-0.00457353
0.0165803
-0.00237598
-0.00334218
0.0086646
-0.00133703
-0.00215133
0.00278924
-0.000368003
0.00593989
0.0461953
-0.00403513
0.00582619
0.0356651
-0.00314841
0.00538406
0.0255641
-0.00219478
0.00459408
0.0159514
-0.00163518
0.00367199
0.00854055
-0.000787462
0.00222644
0.00320531
7.44989e-05
0.000464183
0.0467621
-0.00459212
0.000497109
0.0361983
-0.00368945
0.000533735
0.0258156
-0.00282208
0.000477862
0.016492
-0.00186004
0.000713184
0.00865657
-0.00106056
0.000741629
0.0027828
-0.000296735
-0.000549201
0.0456472
-0.00459048
-0.000472064
0.0350932
-0.00369729
-0.000440733
0.0248683
-0.00286287
-0.00050786
0.0154623
-0.00194122
-0.000274922
0.00808895
-0.00106336
-0.000177239
0.00256648
-0.000303459
-0.000159021
0.000912054
-0.000105855
0.000161929
0.000781086
-0.000182642
-7.03906e-05
0.0566666
-0.00548422
0.00144064
0.00121693
-2.9673e-05
8.92299e-06
-0.000135502
1.00341e-05
-0.00122062
0.00105074
4.65193e-05
-0.00607864
0.0514793
-0.00560072
-0.00599808
0.0409791
-0.00468783
-0.00572544
0.0305338
-0.00377698
-0.00525442
0.0205516
-0.00286082
-0.00388586
0.0123018
-0.00187317
-0.00277384
0.00553753
-0.000817168
0.00595592
0.0514487
-0.00447823
0.00588891
0.0409273
-0.00358821
0.00568383
0.0304979
-0.00270041
0.00496623
0.0206717
-0.00192288
0.00417258
0.0120876
-0.00117239
0.00306578
0.0054911
-0.000383299
0.000447358
0.0520259
-0.00503918
0.000491535
0.0414596
-0.00414293
0.000528209
0.0309419
-0.00324521
0.00042782
0.0210331
-0.00243078
0.000638653
0.0123549
-0.00149729
0.000798591
0.00539297
-0.000624817
-0.000567377
0.0508956
-0.00504025
-0.000522983
0.04038
-0.0041395
-0.000443388
0.0299105
-0.00326
-0.000481777
0.0200875
-0.0023255
-0.000346961
0.0115639
-0.00149634
-0.000211336
0.00507445
-0.000665429
-0.000878137
0.0017044
-0.000112202
-0.00368455
0.0228707
-0.0028972
