-0.00670057
0.056577
-0.00630156
0.00548977
0.0565627
-0.0051594
0.000347158
0.000190528
0.000113648
-0.000247737
-3.40111e-05
-9.80405e-05
-0.00560094
0.0577056
-0.00629333
0.00658758
0.0577132
-0.00517015
0.000223515
1.30914e-05
-0.000120851
-0.000214888
0.000109706
0.000108705
-0.00666743
0.0460688
-0.00535947
-0.00649552
0.0354878
-0.00443145
-0.00603973
0.0250649
-0.00356658
-0.00513899
0.0160956
-0.00268795
-0.00384059
0.00846033
-0.00151825
-0.00229831
0.00300192
-0.000602353
0.00549481
0.0460215
-0.00422359
0.00542683
0.0353946
-0.00327143
0.00504899
0.0252864
-0.00222333
0.00427877
0.0155352
-0.00149278
0.0033237
0.00827746
-0.000624719
0.00204146
0.00287787
0.000291648
-0.0055805
0.0471785
-0.00533534
-0.00541976
0.0365518
-0.00434582
-0.00502982
0.0260574
-0.00333985
-0.00418533
0.0170276
-0.00215178
-0.00293134
0.00895873
-0.00117549
-0.00167228
0.00266259
-7.31135e-05
0.00659655
0.0471406
-0.00424441
0.00650914
0.0364924
-0.00334348
0.00599942
0.0262843
-0.0024927
0.00523683
0.0164928
-0.00183267
0.00438192
0.00881885
-0.00100664
0.0025925
0.0035767
-0.000212212
-0.000607686
0.0565724
-0.00573469
-0.00123557
0.00128094
-0.000233132
-0.0061407
0.0571446
-0.00629193
0.00132439
0.00115463
0.000296859
0.00600677
0.0571402
-0.00516623
-0.000222184
-0.000158141
7.72123e-05
0.000474838
0.000178973
-9.16389e-05
-0.00042491
0.000121491
-6.07003e-05
0.000475822
0.0577039
-0.00573654
-0.000824247
0.000952553
0.000315012
0.00135701
0.00146918
-0.000308026
5.65625e-05
-6.8613e-05
3.82344e-05
-0.00669287
0.0513441
-0.00583118
-0.00660739
0.0407757
-0.00489008
-0.00631306
0.0302619
-0.00397751
-0.00583367
0.0202045
-0.00309841
-0.004463
0.0119827
-0.0020603
-0.00315606
0.00545747
-0.000992416
0.00549323
0.0513153
-0.00469626
0.00547987
0.0407085
-0.00374381
0.00531227
0.030204
-0.00278588
0.00473871
0.0204013
-0.00177043
0.00379687
0.011765
-0.00105969
0.00275932
0.00527453
-0.000178719
-0.00560172
0.0524674
-0.00581647
-0.00552487
0.0418574
-0.00484293
-0.00527347
0.0312908
-0.00383557
-0.00473342
0.0212086
-0.00282481
-0.00349762
0.0126741
-0.00170072
-0.00234513
0.00569357
-0.000605394
0.00659433
0.0524508
-0.0047029
0.00655992
0.0418192
-0.00378874
0.00639027
0.0312213
-0.00290554
0.00561603
0.021375
-0.00213451
0.00485111
0.0125144
-0.0013957
0.00373484
0.00565192
-0.000626995
-0.00610233
0.0466293
-0.00535203
-0.00595429
0.0360434
-0.00438826
-0.00555189
0.025638
-0.00343924
-0.00461187
0.0167243
-0.00245667
-0.00337071
0.00874132
-0.00138104
-0.00217036
0.00281471
-0.000382126
0.00598829
0.0465844
-0.00423703
0.00587381
0.0359678
-0.00330832
0.00542864
0.0257831
-0.00231251
0.0046328
0.016091
-0.00171607
0.00370367
0.00861633
-0.000831385
0.00224695
0.0032335
6.22842e-05
0.00048718
0.0471525
-0.00479536
0.000519813
0.0365021
-0.00385057
0.00055592
0.0260342
-0.00294218
0.000497986
0.0166317
-0.00193975
0.000732509
0.00873116
-0.00110507
0.000757473
0.0028084
-0.000312576
-0.000573563
0.0460351
-0.00479379
-0.000495205
0.0353946
-0.00385894
-0.000462511
0.025085
-0.00298348
-0.000528123
0.0156012
-0.00202204
-0.000290688
0.00816381
-0.00110823
-0.00018824
0.00259072
-0.000318546
-0.000166847
0.000920053
-0.000110894
0.000168575
0.000789009
-0.000189899
-7.13121e-05
0.0571415
-0.0057289
0.00145436
0.00122762
-3.38704e-05
9.30745e-06
-0.00013673
1.0927e-05
-0.00123145
0.00106046
4.29534e-05
-0.00612883
0.0519117
-0.00582613
-0.00604766
0.0413253
-0.00487132
-0.00577283
0.0307941
-0.00391859
-0.00529809
0.0207294
-0.0029613
-0.00391867
0.0124096
-0.0019349
-0.00279782
0.00558715
-0.000845157
0.00600442
0.0518808
-0.00470098
0.00593693
0.0412733
-0.003769
0.00573047
0.030758
-0.00283934
0.00500766
0.0208503
-0.00202192
0.00420813
0.012194
-0.00123408
0.0030928
0.00554013
-0.000410541
0.000470264
0.0524595
-0.00526323
0.000514619
0.0418065
-0.0043253
0.000550832
0.0312026
-0.0033856
0.000448698
0.021212
-0.00253102
0.000658764
0.0124603
-0.00155909
0.000816963
0.00544032
-0.000653503
-0.000591942
0.0513265
-0.00526439
-0.000547007
0.0407247
-0.00432181
-0.000465846
0.0301691
-0.00340082
-0.000502927
0.0202642
-0.00242531
-0.000364879
0.0116694
-0.00155864
-0.000224774
0.00512213
-0.000694543
-0.000880444
0.00172027
-0.000121062
-0.00370299
0.0230657
-0.00300583
