-0.00684034
0.0574528
-0.00678634
0.00553133
0.0574383
-0.00564083
0.000351113
0.00019276
0.000115803
-0.000253698
-3.37878e-05
-0.000101225
-0.00564584
0.0585844
-0.00677795
0.00672411
0.0585922
-0.00565168
0.000228982
1.41596e-05
-0.000124338
-0.000216021
0.000110303
0.000110405
-0.00680681
0.0467886
-0.00576221
-0.00663207
0.0360503
-0.00475148
-0.00616863
0.0254709
-0.00380616
-0.00525118
0.0163657
-0.00284915
-0.00392899
0.00860859
-0.00160691
-0.00235423
0.00305769
-0.000634394
0.00553643
0.0467406
-0.00462301
0.0054687
0.0359553
-0.00358771
0.00508868
0.025694
-0.00245559
0.00431174
0.0157958
-0.00165059
0.00335002
0.00842017
-0.000710211
0.00205867
0.0029272
0.000267832
-0.00562515
0.047901
-0.00573781
-0.00546271
0.037116
-0.00466471
-0.00506907
0.0264653
-0.00357633
-0.00421734
0.0172945
-0.0023058
-0.00295011
0.00910146
-0.00125977
-0.00168057
0.00270713
-9.80688e-05
0.00673326
0.0478627
-0.00464395
0.00664412
0.0370565
-0.00366029
0.00612642
0.026696
-0.00272798
0.00535103
0.0167546
-0.00199469
0.00447767
0.00896288
-0.0010968
0.00265245
0.00364081
-0.000240021
-0.000656669
0.0574482
-0.00621787
-0.00126752
0.00130583
-0.000246027
-0.00623286
0.058022
-0.00677653
0.00133693
0.00117246
0.000290315
0.00609522
0.0580176
-0.00564772
-0.000231169
-0.000161484
7.72403e-05
0.000482448
0.000182517
-9.20548e-05
-0.0004313
0.000124374
-6.049e-05
0.000521177
0.0585828
-0.00621971
-0.000828743
0.000968888
0.000308973
0.00138994
0.00149909
-0.000323383
6.11636e-05
-6.97591e-05
3.70554e-05
-0.00683256
0.0521422
-0.00627516
-0.00674593
0.0414168
-0.0052513
-0.00644656
0.0307462
-0.00425676
-0.00595725
0.0205372
-0.00329799
-0.00456333
0.0121881
-0.00218328
-0.00323038
0.0055556
-0.00104991
0.00553478
0.052113
-0.00513698
0.00552168
0.0413484
-0.00410152
0.00535376
0.0306867
-0.00306055
0.00477593
0.0207344
-0.00196363
0.00382636
0.0119649
-0.00118038
0.00278178
0.00536653
-0.000231456
-0.00564664
0.0532684
-0.00626025
-0.00556888
0.0425008
-0.00520368
-0.00531519
0.0317767
-0.00411292
-0.00477083
0.0215426
-0.00302107
-0.00352152
0.0128741
-0.00181917
-0.0023589
0.0057853
-0.000658039
0.00673099
0.0532517
-0.00514361
0.00669592
0.0424623
-0.00414677
0.00652302
0.0317072
-0.00318132
0.00573698
0.0217121
-0.00233196
0.004957
0.0127151
-0.00152058
0.00381664
0.00574749
-0.000685068
-0.00619399
0.0473504
-0.00575467
-0.00604411
0.036607
-0.00470735
-0.00563604
0.0260457
-0.00367672
-0.00468298
0.0169946
-0.00261471
-0.0034241
0.00888647
-0.00146709
-0.00220621
0.0028634
-0.000409744
0.00607661
0.0473051
-0.00463648
0.00596085
0.0365306
-0.00362464
0.00551055
0.0261921
-0.00254548
0.00470447
0.0163537
-0.00187575
0.00376276
0.00875967
-0.000918151
0.00228554
0.00328706
3.78758e-05
0.000532547
0.0478746
-0.00519645
0.000564501
0.0370659
-0.00416832
0.000599505
0.0264422
-0.00317877
0.000537565
0.0168937
-0.00209671
0.000770172
0.00887197
-0.00119257
0.000788233
0.00285724
-0.000343759
-0.000621908
0.0467543
-0.00519501
-0.000541234
0.0359556
-0.00417776
-0.000505791
0.0254907
-0.00322102
-0.000568172
0.0158633
-0.00218109
-0.000321989
0.00830605
-0.00119648
-0.00021003
0.00263722
-0.000348231
-0.000182279
0.000935464
-0.000120787
0.000181616
0.000804328
-0.000204138
-7.32156e-05
0.0580189
-0.00621197
0.00148028
0.00124803
-4.21913e-05
1.00653e-05
-0.000139019
1.26913e-05
-0.00125192
0.00107914
3.58903e-05
-0.00622083
0.0527113
-0.00627002
-0.00613863
0.0419677
-0.00523231
-0.00586002
0.0312792
-0.00419682
-0.00537873
0.0210627
-0.00315831
-0.00397985
0.0126127
-0.00205568
-0.00284282
0.00568139
-0.000899878
0.00609289
0.0526801
-0.00514171
0.00602459
0.041915
-0.00412666
0.0058159
0.0312427
-0.00311414
0.00508407
0.0211849
-0.00221765
0.00427415
0.0123945
-0.00135593
0.00314341
0.00563316
-0.000464442
0.00051549
0.0532604
-0.00570547
0.00056009
0.0424493
-0.00468507
0.000595298
0.0316876
-0.00366234
0.000489866
0.0215467
-0.00272829
0.000698066
0.0126585
-0.00168064
0.000852661
0.00553011
-0.000709923
-0.000640654
0.0521243
-0.0057068
-0.000594724
0.0413651
-0.00468147
-0.000510531
0.0306518
-0.0036784
-0.000544833
0.0205959
-0.00262194
-0.000400448
0.0118691
-0.00168119
-0.000251441
0.00521312
-0.000751785
-0.000884229
0.00175069
-0.000138504
-0.00373513
0.0234302
-0.0032192
