-0.0069057
0.0578549
-0.00702477
0.00554808
0.0578403
-0.00587879
0.000352921
0.000193788
0.000116818
-0.00025655
-3.36533e-05
-0.000102763
-0.00566435
0.0589868
-0.00701631
0.00678777
0.0589946
-0.00588968
0.000231597
1.46866e-05
-0.000126014
-0.000216495
0.000110557
0.000111203
-0.00687203
0.04712
-0.00596011
-0.00669606
0.0363106
-0.00490851
-0.00622924
0.02566
-0.00392345
-0.00530418
0.0164924
-0.00292778
-0.00397105
0.00867875
-0.00165009
-0.00238098
0.00308435
-0.000649934
0.00555322
0.0470717
-0.00482045
0.00548573
0.0362147
-0.00374405
0.00510505
0.0258836
-0.00257049
0.00432551
0.0159182
-0.00172859
0.00336127
0.0084876
-0.000752533
0.00206622
0.00295064
0.000255815
-0.00564355
0.0482326
-0.00593561
-0.00548046
0.037376
-0.00482125
-0.00508539
0.0266543
-0.00369227
-0.00423079
0.0174187
-0.00238128
-0.00295793
0.00916837
-0.00130098
-0.00168391
0.00272825
-0.000110368
0.00679701
0.0481941
-0.00484141
0.00670714
0.0373165
-0.0038168
0.00618596
0.0268867
-0.00284411
0.00540487
0.0168767
-0.00207449
0.00452297
0.00903051
-0.00114119
0.00268098
0.00367119
-0.000253739
-0.000680912
0.0578502
-0.0064561
-0.00128285
0.0013178
-0.000252275
-0.00627472
0.0584242
-0.00701488
0.00134254
0.00118094
0.000286916
0.00613517
0.0584198
-0.0058857
-0.000235525
-0.000163056
7.72191e-05
0.000486014
0.000184204
-9.22188e-05
-0.000434287
0.000125762
-6.03512e-05
0.000543548
0.0589852
-0.00645794
-0.00083062
0.000976686
0.000305857
0.00140568
0.00151339
-0.000330859
6.34183e-05
-7.0289e-05
3.64555e-05
-0.00689789
0.052509
-0.00649344
-0.00681079
0.0417126
-0.00542869
-0.00650921
0.0309709
-0.00439364
-0.00601539
0.0206927
-0.00339556
-0.00461093
0.0122848
-0.00224324
-0.00326583
0.00560224
-0.00107788
0.00555152
0.0524797
-0.00535482
0.00553859
0.0416437
-0.00427833
0.00537075
0.0309105
-0.00319633
0.00479139
0.0208899
-0.00205923
0.00383882
0.0120591
-0.00124005
0.00279149
0.00541016
-0.00025766
-0.00566515
0.0536355
-0.00647844
-0.00558704
0.0427966
-0.00538087
-0.0053325
0.0320012
-0.004249
-0.00478651
0.0216977
-0.00311722
-0.00353148
0.0129676
-0.00187714
-0.0023646
0.00582847
-0.00068382
0.00679472
0.0536188
-0.00536144
0.00675937
0.0427581
-0.00432369
0.00658505
0.0319317
-0.00331752
0.00579387
0.0218688
-0.00242934
0.00500701
0.012809
-0.00158208
0.00385541
0.00579258
-0.000713653
-0.00623564
0.0476819
-0.00595253
-0.00608501
0.0368671
-0.00486395
-0.00567451
0.0262351
-0.00379307
-0.00471573
0.0171209
-0.00269194
-0.00344892
0.00895481
-0.00150906
-0.00222299
0.00288656
-0.000423207
0.00611652
0.0476363
-0.0048339
0.00600026
0.0367904
-0.00378095
0.00554787
0.0263819
-0.00266064
0.0047374
0.0164765
-0.00195449
0.00379013
0.00882714
-0.000960968
0.00230361
0.00331239
2.56872e-05
0.000554907
0.0482061
-0.00539411
0.000586475
0.0373258
-0.00432479
0.000620893
0.0266312
-0.00329515
0.000557008
0.0170157
-0.00217387
0.000788495
0.00893808
-0.00123551
0.000803132
0.00288043
-0.000359082
-0.000645869
0.0470855
-0.00539274
-0.000564097
0.0362151
-0.00433477
-0.000527271
0.0256796
-0.00333783
-0.000587939
0.0159864
-0.00225924
-0.000337507
0.00837337
-0.00123979
-0.000220805
0.00265944
-0.000362809
-0.000189875
0.000942868
-0.000125633
0.000188004
0.0008117
-0.000211109
-7.4191e-05
0.0584211
-0.00645015
0.00149247
0.00125774
-4.63149e-05
1.04376e-05
-0.00014008
1.35614e-05
-0.00126153
0.00108808
3.24054e-05
-0.00626262
0.0530783
-0.00648825
-0.00618001
0.0422635
-0.00540959
-0.0058998
0.0315037
-0.00433325
-0.00541568
0.021218
-0.00325471
-0.00400818
0.0127079
-0.00211462
-0.00286383
0.00572595
-0.000926556
0.00613284
0.0530469
-0.00535955
0.00606424
0.0422106
-0.00430342
0.00585467
0.031467
-0.00324992
0.00511903
0.0213408
-0.00231429
0.00430461
0.0124886
-0.00141605
0.00316697
0.00567709
-0.000491086
0.000537802
0.0536275
-0.00592348
0.000582469
0.0427449
-0.00486232
0.000617129
0.0319117
-0.00379856
0.000510142
0.0217022
-0.00282523
0.000717247
0.0127513
-0.00174031
0.000869972
0.00557246
-0.000737625
-0.000664779
0.052491
-0.00592489
-0.000618394
0.0416606
-0.00485867
-0.000532734
0.0308757
-0.00381502
-0.000565565
0.0207509
-0.00271865
-0.00041808
0.0119633
-0.00174136
-0.000264655
0.00525637
-0.000779879
-0.000885703
0.00176522
-0.000147069
-0.00374882
0.0235995
-0.00332381
