0.00717331
-0.0684813
0.00303485
-0.00564673
-0.06848
0.00207807
-0.000574626
-0.000325458
-0.000163162
0.000350924
4.7422e-05
0.000122582
0.00643217
-0.0694369
0.00303413
-0.00639076
-0.0694419
0.00207356
-0.000308372
-9.45701e-06
0.000146585
0.000416151
-0.000224218
-0.000175205
0.00717582
-0.0574893
0.00239174
0.00713535
-0.0463616
0.0018
0.00693343
-0.0349828
0.00137966
0.0062929
-0.0239638
0.00107939
0.00511117
-0.0136626
0.000586905
0.00319707
-0.00529964
0.000252931
-0.00567852
-0.0574763
0.00141881
-0.00578575
-0.0462915
0.000750275
-0.00581336
-0.0349932
0.000110691
-0.00553434
-0.0234854
-0.000223969
-0.0048486
-0.0132997
-0.000547998
-0.00329792
-0.00500749
-0.00103206
0.00644358
-0.0584581
0.00239076
0.00646497
-0.0473798
0.00177378
0.00639443
-0.036056
0.00125521
0.00588245
-0.0250562
0.000655253
0.00476342
-0.0143857
0.00019527
0.00300769
-0.00482193
-0.000525208
-0.00641066
-0.0584639
0.00139728
-0.0064397
-0.0473717
0.00073126
-0.00631625
-0.036131
0.000208865
-0.00596745
-0.0246604
-1.6558e-05
-0.00541493
-0.0140807
-0.000165137
-0.00339617
-0.00596098
-0.000318519
0.000758723
-0.0684843
0.00255648
0.0017366
-0.00237947
6.48744e-05
0.00680163
-0.0689588
0.00303265
-0.00220734
-0.00213597
-0.000725738
-0.00600753
-0.0689602
0.00207295
0.00021533
0.000189818
-0.00013917
-0.000733893
-0.000278273
0.000153453
0.0006926
-0.000208405
0.000109486
3.07107e-05
-0.06944
0.00255577
0.00152884
-0.00186115
-0.000782565
-0.00183446
-0.00252105
0.000154906
1.09077e-05
7.53344e-05
-0.000109548
0.00717489
-0.0629911
0.0027149
0.00716892
-0.0519521
0.00208061
0.00706606
-0.040714
0.00155928
0.00681022
-0.0292364
0.00119952
0.00574099
-0.0186188
0.000804319
0.00430487
-0.00917353
0.000355254
-0.00565373
-0.0629907
0.00175687
-0.00572633
-0.0519151
0.00107412
-0.00583504
-0.0406306
0.000437985
-0.00574368
-0.0293142
-0.000111712
-0.00524242
-0.0182859
-0.000389027
-0.00424087
-0.00878725
-0.000746726
0.00643465
-0.06395
0.00271353
0.00645691
-0.0529389
0.00207465
0.00646074
-0.0417642
0.00150095
0.0062571
-0.0303869
0.00100554
0.00533857
-0.0195375
0.000472618
0.00401663
-0.00955176
-0.000163058
-0.00639612
-0.0639574
0.00174354
-0.00641929
-0.0529486
0.00105114
-0.0064435
-0.0417305
0.000444103
-0.00617059
-0.0304771
5.50146e-05
-0.00574863
-0.0192994
-0.000118832
-0.00480525
-0.00932995
-0.000211262
0.00680202
-0.0579725
0.00238899
0.00678564
-0.0468794
0.00177559
0.00663595
-0.0355561
0.00130853
0.00597951
-0.0246436
0.000907884
0.00486308
-0.0140613
0.000447931
0.00328882
-0.00506108
-1.70202e-05
-0.00602796
-0.0579626
0.00140263
-0.00607097
-0.0468296
0.000732936
-0.00598782
-0.0355596
0.000132605
-0.00559766
-0.0241038
-7.57944e-05
-0.00488562
-0.0137771
-0.000308462
-0.00318575
-0.00553733
-0.000664804
3.61306e-05
-0.0584638
0.00189709
5.19973e-05
-0.0473827
0.00125745
1.83627e-05
-0.0360442
0.000758216
1.09542e-06
-0.0247744
0.00032109
-0.000343192
-0.0140856
5.09805e-05
-0.000635113
-0.00497013
-0.000190612
0.000743241
-0.0574864
0.00190699
0.000660227
-0.0463219
0.00128937
0.000542031
-0.0349533
0.000792475
0.000489812
-0.0235709
0.000380604
0.000182471
-0.0132684
7.20084e-05
4.11904e-06
-0.00468279
-0.000119621
1.07148e-05
-0.00183223
-4.89708e-05
1.41313e-05
-0.00158109
-3.90444e-06
0.000397649
-0.0689596
0.0025556
-0.00211961
-0.00224175
-0.000158429
-2.58963e-06
0.000165456
1.70872e-05
0.00192748
-0.00205093
-0.000306194
0.00680265
-0.063471
0.00271219
0.00679971
-0.0524466
0.0020734
0.00672785
-0.0412447
0.00152909
0.00648803
-0.0298538
0.00109868
0.00542331
-0.0191476
0.000694072
0.00415895
-0.00938805
0.000190841
-0.00601179
-0.0634699
0.00174763
-0.00604494
-0.0524262
0.00105262
-0.00607199
-0.0411882
0.00043144
-0.0058095
-0.0298689
1.55637e-06
-0.00531383
-0.0188326
-0.000227979
-0.00424445
-0.00918859
-0.000426714
3.37633e-05
-0.0639541
0.00222782
3.75611e-05
-0.0529402
0.00157613
3.70366e-05
-0.0417424
0.000985554
6.31747e-05
-0.0303885
0.000584243
-0.00017532
-0.0193172
0.000208893
-0.00057178
-0.00916977
-0.000118594
0.000753666
-0.0629915
0.00223629
0.000718774
-0.0519394
0.00158031
0.000602771
-0.040661
0.00101311
0.000510764
-0.0292715
0.0005325
0.000312954
-0.0182835
0.00021528
6.43941e-05
-0.00868562
-3.57956e-05
0.00160203
-0.00323351
-0.000239003
0.00483563
-0.0325807
0.00102832
