-0.00713685
0.0592222
-0.00794924
0.00558858
0.0592074
-0.00681048
0.000358991
0.000197292
0.00012044
-0.000267046
-3.2964e-05
-0.000108526
-0.0057122
0.0603465
-0.00794055
0.00701182
0.0603545
-0.00682143
0.000241231
1.67353e-05
-0.000132251
-0.000217757
0.000111254
0.000114041
-0.00710286
0.0482539
-0.00672601
-0.00692318
0.0372089
-0.00551459
-0.00644565
0.026321
-0.00437419
-0.00549505
0.0169416
-0.00322791
-0.00412447
0.00893167
-0.00181434
-0.00247944
0.00318228
-0.000708544
0.00559391
0.0482046
-0.00559345
0.00552815
0.0371101
-0.00435613
0.00514762
0.0265451
-0.00302089
0.00436249
0.016353
-0.00203394
0.00339342
0.00873005
-0.000918697
0.00208923
0.0030359
0.000207051
-0.0056912
0.0493585
-0.00670128
-0.00552677
0.0382653
-0.00542597
-0.00512869
0.0273079
-0.004139
-0.00426752
0.0178517
-0.00267163
-0.00297854
0.00940467
-0.00145893
-0.00169184
0.00280436
-0.000158094
0.00702139
0.0493197
-0.00561432
0.00692923
0.0382061
-0.00442902
0.00639749
0.0275455
-0.0032978
0.00559814
0.0173041
-0.00238515
0.00468652
0.00927021
-0.00131381
0.00278509
0.00378068
-0.000307326
-0.00077595
0.0592175
-0.00738426
-0.00133967
0.00136226
-0.000275775
-0.00641401
0.0597878
-0.0079391
0.0013605
0.00121168
0.000272455
0.00626661
0.0597834
-0.00681741
-0.000251984
-0.000168649
7.69065e-05
0.000498614
0.000190356
-9.25898e-05
-0.000444787
0.000130925
-5.95603e-05
0.000630903
0.0603449
-0.00738608
-0.000835596
0.00100508
0.000292841
0.00146351
0.00156584
-0.000359384
7.21036e-05
-7.21283e-05
3.39922e-05
-0.00712899
0.0537599
-0.00733905
-0.00704065
0.0427289
-0.00611436
-0.00673213
0.0317509
-0.00492104
-0.0062231
0.0212402
-0.00376953
-0.00478366
0.0126308
-0.00247183
-0.0033957
0.00577182
-0.00118401
0.00559198
0.0537302
-0.00620772
0.00558002
0.0426581
-0.0049706
0.00541395
0.0316876
-0.00372797
0.00483234
0.0214365
-0.00243425
0.0038733
0.0123954
-0.00147382
0.00282018
0.00556805
-0.000361223
-0.00571305
0.0548786
-0.00732383
-0.00563418
0.0438043
-0.00606614
-0.0053781
0.0327727
-0.00477409
-0.00482911
0.0222372
-0.00348703
-0.00355786
0.0132955
-0.00209958
-0.00237932
0.00598194
-0.000782802
0.00701897
0.0548619
-0.00621421
0.00698281
0.0437661
-0.005016
0.00680405
0.0327039
-0.00385003
0.00599716
0.0224133
-0.00280928
0.00518702
0.0131395
-0.00182143
0.00399582
0.00595378
-0.000824821
-0.0063744
0.0488118
-0.00671833
-0.00622183
0.037761
-0.00546858
-0.00580419
0.0268931
-0.00424083
-0.0048277
0.0175643
-0.00298777
-0.00353544
0.00919847
-0.00166909
-0.00228227
0.00297076
-0.00047443
0.00624797
0.0487656
-0.00560674
0.00613066
0.0376833
-0.0043926
0.00567285
0.0270408
-0.00311149
0.00484949
0.0169096
-0.00226156
0.00388488
0.00906758
-0.00112817
0.00236745
0.00340345
-2.29212e-05
0.000642102
0.0493316
-0.00616351
0.000671816
0.0382148
-0.00493302
0.000703638
0.0272852
-0.00374659
0.000632355
0.0174422
-0.00247289
0.000858269
0.00917218
-0.00140136
0.000859352
0.00296419
-0.000418397
-0.00074
0.0482189
-0.00616245
-0.000654226
0.0371113
-0.00494514
-0.000611802
0.0263396
-0.00379081
-0.000665045
0.0164237
-0.00256165
-0.000398476
0.0086161
-0.00140713
-0.000262965
0.00274112
-0.000419148
-0.000219359
0.000970306
-0.000144266
0.000212595
0.000838959
-0.000237904
-7.81561e-05
0.0597846
-0.00737818
0.0015359
0.00129299
-6.25696e-05
1.18704e-05
-0.000143759
1.69458e-05
-0.00129569
0.00112088
1.88998e-05
-0.00640173
0.0543254
-0.00733373
-0.00631805
0.0432755
-0.006095
-0.0060333
0.0322791
-0.0048592
-0.00554074
0.0217614
-0.00362476
-0.00410611
0.013045
-0.00233981
-0.00293749
0.00588603
-0.00102817
0.00626433
0.0542937
-0.00621239
0.00619506
0.0432221
-0.00499523
0.00598353
0.0322418
-0.00378116
0.00523714
0.0218856
-0.0026919
0.00440917
0.0128218
-0.0016507
0.00324926
0.00583456
-0.000595456
0.000624949
0.0548706
-0.00677252
0.000669518
0.043752
-0.00555183
0.000701682
0.0326824
-0.0043276
0.000589056
0.0222432
-0.0032006
0.000790719
0.0130774
-0.00197099
0.00093546
0.00572369
-0.000844692
-0.000759453
0.0537417
-0.00677426
-0.000711504
0.0426758
-0.005548
-0.000620295
0.0316533
-0.00434564
-0.000646744
0.0212961
-0.00309371
-0.000487342
0.0123004
-0.00197403
-0.000316532
0.00541361
-0.000888361
-0.000888749
0.00181825
-0.000180091
-0.00378771
0.0241879
-0.0037269
