-0.0072784
0.0599942
-0.00860857
0.0055919
0.0599792
-0.00748573
0.000362266
0.000199249
0.000122668
-0.000273897
-3.22919e-05
-0.000112405
-0.00572112
0.0611023
-0.00859979
0.00714799
0.0611105
-0.00749665
0.000247528
1.81947e-05
-0.000136407
-0.00021799
0.000111407
0.000115781
-0.00724442
0.0489016
-0.00727061
-0.00706308
0.0377308
-0.00594364
-0.00658025
0.0267141
-0.00469113
-0.00561543
0.0172156
-0.00343665
-0.00422325
0.00909047
-0.00192781
-0.00254377
0.00324578
-0.000748421
0.00559741
0.048852
-0.0061537
0.00553365
0.0376304
-0.0047997
0.00515591
0.0269371
-0.00334788
0.00437132
0.016619
-0.00225528
0.00340388
0.00888153
-0.00103969
0.0020987
0.00309019
0.00016978
-0.00570015
0.04999
-0.00724589
-0.00553595
0.0387709
-0.00585456
-0.00513827
0.0276869
-0.00445429
-0.00427703
0.0181062
-0.00287589
-0.00298251
0.00954669
-0.00156932
-0.00169184
0.00285161
-0.000192076
0.00715778
0.0499513
-0.00617432
0.00706452
0.0387126
-0.00487217
0.00652806
0.0279272
-0.0036256
0.00571946
0.0175574
-0.00260856
0.00479007
0.00941542
-0.0014378
0.00285215
0.00384904
-0.000346122
-0.000844821
0.0599896
-0.0080516
-0.00137721
0.00139161
-0.000291685
-0.00648916
0.0605517
-0.00859832
0.00136906
0.00123114
0.000260653
0.00633592
0.0605473
-0.00749262
-0.000263243
-0.000172084
7.64364e-05
0.000506231
0.000194304
-9.25737e-05
-0.000451048
0.000134337
-5.87053e-05
0.000694082
0.0611007
-0.00805339
-0.00083655
0.00102298
0.000282562
0.00150119
0.00159959
-0.000379297
7.82383e-05
-7.32229e-05
3.20798e-05
-0.00727056
0.0544699
-0.00794132
-0.00718189
0.043314
-0.00660094
-0.00687
0.0322088
-0.00529334
-0.0063524
0.0215702
-0.00403135
-0.00489394
0.012845
-0.00263044
-0.00347989
0.00587986
-0.001257
0.00559526
0.05444
-0.00682588
0.00558428
0.0432422
-0.00547233
0.00542094
0.0321435
-0.00411333
0.00484141
0.0217645
-0.0027068
0.003883
0.0126031
-0.00164346
0.00283077
0.00566781
-0.000437402
-0.005722
0.0555724
-0.00792605
-0.00564319
0.0443731
-0.00655275
-0.0053878
0.0332153
-0.00514554
-0.00483995
0.0225531
-0.00374725
-0.0035633
0.0134905
-0.00225544
-0.00238159
0.00607518
-0.000852139
0.00715525
0.0555558
-0.00683221
0.00711873
0.0443354
-0.00551741
0.00693782
0.0331476
-0.00423523
0.00612386
0.0227321
-0.00308334
0.00530049
0.0133372
-0.00199351
0.0040851
0.00605294
-0.000904707
-0.00644943
0.0494513
-0.0072629
-0.00629644
0.0382747
-0.00589679
-0.00587596
0.0272793
-0.00455626
-0.00489139
0.0178294
-0.00319455
-0.00358641
0.009348
-0.00178006
-0.00231808
0.0030241
-0.000509748
0.00631745
0.0494051
-0.00616674
0.00620024
0.0381967
-0.00483555
0.00574124
0.0274267
-0.00343824
0.00491281
0.0171703
-0.00248294
0.00394013
0.00921504
-0.00124896
0.00240612
0.00346007
-5.91857e-05
0.000705044
0.0499632
-0.00671586
0.000733046
0.0387208
-0.00536871
0.000762638
0.0276648
-0.00406893
0.000686193
0.017694
-0.00268601
0.000906773
0.00931367
-0.00151897
0.000897784
0.00301654
-0.000460614
-0.000808406
0.0488664
-0.00671505
-0.000720002
0.0376322
-0.00538239
-0.000673336
0.0267317
-0.00411407
-0.000720505
0.0166913
-0.00277678
-0.000442773
0.00876851
-0.00152582
-0.000293423
0.00279407
-0.000459115
-0.000240412
0.000988312
-0.000157362
0.000229949
0.000856617
-0.000256749
-8.10644e-05
0.0605486
-0.00804545
0.00156262
0.00131528
-7.45188e-05
1.28716e-05
-0.000145924
1.93691e-05
-0.00131655
0.00114193
9.34139e-06
-0.00647683
0.0550272
-0.00793593
-0.00639294
0.0438524
-0.00658149
-0.00610658
0.032729
-0.00523077
-0.00561053
0.0220842
-0.00388439
-0.00416296
0.0132493
-0.00249651
-0.00298141
0.00598552
-0.00109845
0.0063337
0.0549956
-0.00683046
0.00626446
0.0437988
-0.00549639
0.00605295
0.0326914
-0.00416582
0.00530288
0.0222087
-0.00296487
0.00446918
0.0130241
-0.00182009
0.00329808
0.00593209
-0.000671246
0.000687997
0.0555644
-0.00738258
0.000732129
0.0443208
-0.00604635
0.000762093
0.0331251
-0.00470603
0.000645788
0.0225602
-0.00346791
0.000842303
0.0132723
-0.00213478
0.000980466
0.00581638
-0.000920697
-0.000828155
0.0544516
-0.00738456
-0.000779278
0.0432604
-0.0060424
-0.000684223
0.03211
-0.00472518
-0.000705428
0.021624
-0.00336138
-0.000537651
0.0125094
-0.00213928
-0.000354186
0.00551374
-0.00096524
-0.000887926
0.001852
-0.000203369
-0.00380025
0.0245325
-0.0040115
