-0.00731956
0.0602032
-0.00882128
0.00558805
0.0601882
-0.00770586
0.000363102
0.000199766
0.000123313
-0.000275973
-3.20392e-05
-0.000113608
-0.00571909
0.0613039
-0.00881248
0.00718741
0.0613121
-0.00771676
0.00024944
1.86637e-05
-0.000137688
-0.000217923
0.00011138
0.000116283
-0.00728562
0.0490787
-0.00744595
-0.00710392
0.0378755
-0.00608138
-0.00661978
0.026825
-0.00479246
-0.00565112
0.0172945
-0.00350291
-0.00425294
0.00913713
-0.00196366
-0.00256329
0.00326486
-0.000760881
0.00559362
0.049029
-0.00633634
0.00553064
0.0377746
-0.00494431
0.00515429
0.0270474
-0.00345459
0.00437069
0.0166957
-0.00232747
0.00340474
0.00892587
-0.00107927
0.00210033
0.00310629
0.000157227
-0.00569816
0.0501597
-0.00742126
-0.00553424
0.0389083
-0.00599225
-0.00513716
0.0277915
-0.0045553
-0.00427675
0.0181771
-0.00294117
-0.00298158
0.00958687
-0.00160444
-0.00169066
0.00286528
-0.000203019
0.00719725
0.0501211
-0.00635685
0.00710373
0.0388503
-0.00501655
0.00656623
0.0280324
-0.00373229
0.00575534
0.0176284
-0.0026811
0.00482083
0.00945679
-0.00147804
0.0028723
0.00386898
-0.000358783
-0.000867244
0.0601986
-0.00826803
-0.00138869
0.00140053
-0.000296639
-0.00650871
0.0607571
-0.008811
0.00137093
0.00123687
0.000256527
0.00635358
0.0607526
-0.00771273
-0.000266776
-0.000173079
7.62348e-05
0.000508403
0.000195485
-9.25125e-05
-0.000452809
0.000135377
-5.83679e-05
0.000714676
0.0613023
-0.00826981
-0.00083631
0.0010282
0.000279043
0.00151261
0.00160966
-0.000385647
8.02064e-05
-7.35352e-05
3.14296e-05
-0.00731173
0.0546629
-0.00813545
-0.00722305
0.0434749
-0.0067574
-0.00691035
0.0323368
-0.00541264
-0.00639039
0.0216642
-0.0041148
-0.0049269
0.0129073
-0.00268069
-0.0035053
0.00591193
-0.00127998
0.00559139
0.0546331
-0.00702741
0.00558078
0.0434029
-0.00563589
0.00541859
0.0322709
-0.00423897
0.00484038
0.0218577
-0.0027958
0.00388315
0.0126635
-0.00169882
0.00283217
0.00569725
-0.000462479
-0.00571998
0.055758
-0.00812017
-0.00564129
0.0445267
-0.00670928
-0.00538645
0.0333364
-0.00526473
-0.00483958
0.0226408
-0.00383044
-0.00356233
0.0135453
-0.00230512
-0.00238061
0.00610176
-0.00087423
0.0071947
0.0557414
-0.00703367
0.00715809
0.0444892
-0.00568081
0.00697665
0.0332691
-0.00436068
0.00616115
0.0228206
-0.00317246
0.00533412
0.0133931
-0.00204936
0.00411169
0.00608152
-0.000930643
-0.00646899
0.0496247
-0.00743824
-0.00631602
0.0384156
-0.00603431
-0.00589504
0.027387
-0.0046572
-0.00490871
0.0179044
-0.00326039
-0.00360065
0.00939109
-0.0018152
-0.00232828
0.00303981
-0.000520879
0.0063352
0.0495784
-0.00634928
0.00621817
0.0383377
-0.0049799
0.00575926
0.0275341
-0.00354476
0.00492995
0.0172443
-0.00255491
0.00395548
0.00925752
-0.00128829
0.00241719
0.00347653
-7.12315e-05
0.000725539
0.0501328
-0.00689483
0.000752912
0.0388583
-0.00550968
0.000781704
0.0277696
-0.00417302
0.000703609
0.0177644
-0.00275476
0.000922191
0.00935388
-0.00155679
0.000909851
0.00303178
-0.000474223
-0.000830708
0.0490435
-0.00689411
-0.000741492
0.0377766
-0.00552388
-0.00069341
0.0268422
-0.00421843
-0.000738479
0.0167685
-0.00284609
-0.000457214
0.00881328
-0.00156399
-0.000303323
0.00280998
-0.000471968
-0.000247208
0.000993756
-0.000161547
0.000235514
0.000861882
-0.000262775
-8.19942e-05
0.0607539
-0.00826186
0.00157036
0.00132183
-7.84577e-05
1.3189e-05
-0.000146533
2.01527e-05
-0.00132255
0.00114818
6.27958e-06
-0.00649638
0.0552166
-0.00813004
-0.00641251
0.0440097
-0.00673794
-0.00612592
0.0328534
-0.00534989
-0.00562921
0.022175
-0.00396726
-0.00417867
0.0133077
-0.00254625
-0.0029938
0.00601445
-0.00112065
0.00635139
0.0551849
-0.00703194
0.00628224
0.0439561
-0.00565973
0.00607099
0.0328157
-0.00429116
0.00532045
0.0222995
-0.00305374
0.00448563
0.013082
-0.00187521
0.00331182
0.00596038
-0.000696004
0.000708552
0.0557501
-0.00758035
0.000752474
0.0444744
-0.00620647
0.000781643
0.0332463
-0.00482837
0.000664204
0.0226483
-0.0035541
0.000858812
0.0133272
-0.00218749
0.000994657
0.005843
-0.000945153
-0.000850538
0.0546447
-0.00758241
-0.000801393
0.0434213
-0.0062025
-0.000705113
0.0322377
-0.00484787
-0.000724499
0.0217173
-0.00344778
-0.000554047
0.0125703
-0.00219247
-0.000366457
0.00554345
-0.000989947
-0.000887033
0.00186195
-0.000210816
-0.00380129
0.0246283
-0.00410271
