-0.00735773
0.0603882
-0.00903028
0.00558178
0.0603732
-0.00792336
0.000363807
0.000200213
0.000123907
-0.000277942
-3.17725e-05
-0.000114763
-0.00571461
0.0614803
-0.00902147
0.00722388
0.0614886
-0.00793424
0.000251253
1.91233e-05
-0.000138916
-0.00021778
0.000111312
0.000116746
-0.00732384
0.0492364
-0.00761805
-0.00714187
0.0380054
-0.00621638
-0.00665664
0.0269257
-0.00489154
-0.00568457
0.0173669
-0.00356746
-0.00428097
0.00918052
-0.00199848
-0.00258182
0.00328284
-0.000772912
0.00558742
0.0491866
-0.00651681
0.00552528
0.037904
-0.00508718
0.00515051
0.0271474
-0.00356008
0.0043683
0.0167662
-0.00239881
0.00340427
0.008967
-0.00111845
0.00210117
0.00312134
0.00014461
-0.00569373
0.0503089
-0.00759341
-0.00553019
0.0390299
-0.00612723
-0.00513392
0.027885
-0.00465418
-0.00427476
0.0182408
-0.00300499
-0.00297951
0.00962332
-0.0016387
-0.00168887
0.00287784
-0.00021376
0.00723378
0.0502704
-0.0065372
0.00714002
0.0389723
-0.00515916
0.00660174
0.0281264
-0.00383763
0.00578891
0.0176925
-0.00275263
0.00484969
0.00949451
-0.00151771
0.00289133
0.00388741
-0.000371307
-0.000889374
0.0603836
-0.00848129
-0.00139963
0.00140901
-0.000301412
-0.00652554
0.0609377
-0.00901998
0.00137231
0.00124221
0.000252302
0.00636859
0.0609333
-0.0079302
-0.000270197
-0.000173998
7.60105e-05
0.000510384
0.000196595
-9.24232e-05
-0.0004544
0.000136364
-5.80037e-05
0.000735031
0.0614788
-0.00848306
-0.000835782
0.00103302
0.000275478
0.00152343
0.00161911
-0.000391851
8.21349e-05
-7.38218e-05
3.07728e-05
-0.00734992
0.0548343
-0.00832609
-0.00726126
0.0436188
-0.00691086
-0.00694789
0.0324523
-0.00552946
-0.00642582
0.0217501
-0.00419628
-0.00495792
0.0129648
-0.0027296
-0.00352935
0.00594194
-0.00130226
0.00558511
0.0548044
-0.00722654
0.00557488
0.0435466
-0.00579751
0.00541394
0.0323858
-0.00436311
0.00483736
0.0219427
-0.00288382
0.00388176
0.0127192
-0.00175356
0.0028325
0.00572469
-0.000487387
-0.00571551
0.0559208
-0.00831082
-0.005637
0.0446621
-0.00686283
-0.00538284
0.033444
-0.00538149
-0.00483723
0.0227196
-0.00391179
-0.00355996
0.0135948
-0.00235361
-0.00237874
0.00612597
-0.00089579
0.00723119
0.0559043
-0.00723273
0.00719451
0.0446249
-0.00584224
0.00701262
0.0333773
-0.00448458
0.00619595
0.0229001
-0.00326042
0.00536563
0.0134437
-0.00210444
0.00413666
0.00610776
-0.000956224
-0.00648585
0.0497781
-0.00761035
-0.006333
0.0385413
-0.00616909
-0.00591171
0.027484
-0.00475596
-0.00492406
0.0179725
-0.00332462
-0.00361349
0.00943067
-0.00184937
-0.0023376
0.00305443
-0.000531675
0.0063503
0.0497319
-0.00652963
0.00623351
0.0384634
-0.0051225
0.00577492
0.0276308
-0.00365002
0.00494511
0.0173118
-0.00262593
0.00396927
0.00929653
-0.00132713
0.00242732
0.00349172
-8.32543e-05
0.000745783
0.0502821
-0.00707109
0.000772502
0.0389801
-0.00564842
0.000800465
0.0278633
-0.00427536
0.000720752
0.0178278
-0.0028223
0.00093723
0.00939048
-0.00159389
0.000921536
0.00304585
-0.000487593
-0.000852734
0.0492011
-0.00707045
-0.000762735
0.0379063
-0.00566312
-0.000713238
0.0269426
-0.00432101
-0.000756178
0.0168395
-0.00291415
-0.000471476
0.00885491
-0.00160143
-0.000313087
0.00282495
-0.000484576
-0.000253888
0.000998897
-0.000165638
0.000240966
0.000866808
-0.000268668
-8.28955e-05
0.0609346
-0.00847512
0.0015775
0.00132792
-8.2375e-05
1.34975e-05
-0.000147085
2.09237e-05
-0.00132806
0.00115402
3.28273e-06
-0.00651322
0.0553836
-0.00832067
-0.00642942
0.0441493
-0.00689141
-0.00614274
0.0329648
-0.00546655
-0.0056456
0.0222573
-0.00404823
-0.00419273
0.013361
-0.00259469
-0.00300504
0.00604116
-0.00114222
0.00636642
0.055352
-0.00723102
0.00629741
0.0440958
-0.0058211
0.00608652
0.032927
-0.00441497
0.00533586
0.0223817
-0.00314151
0.00450031
0.0131349
-0.00192962
0.00332428
0.00598646
-0.0007205
0.000728869
0.0559129
-0.00777518
0.000772552
0.04461
-0.00636413
0.000800896
0.0333541
-0.00494872
0.000682364
0.0227275
-0.00363876
0.000874974
0.0133769
-0.00223923
0.00100844
0.00586736
-0.000969154
-0.000872637
0.0548161
-0.00777732
-0.000823242
0.0435651
-0.00636012
-0.000725765
0.0323529
-0.00496856
-0.000743302
0.0218024
-0.00353271
-0.000570236
0.0126265
-0.00224467
-0.000378575
0.00557124
-0.00101418
-0.000885822
0.0018712
-0.000218101
-0.00380077
0.0247144
-0.00419202
