-0.00739292
0.0605491
-0.00923547
0.00557315
0.0605341
-0.00813814
0.000364376
0.000200587
0.000124449
-0.0002798
-3.1492e-05
-0.00011587
-0.00570771
0.0616316
-0.00922665
0.00725744
0.0616399
-0.00814898
0.000252968
1.95729e-05
-0.000140088
-0.000217558
0.000111201
0.000117167
-0.0073591
0.0493746
-0.00778683
-0.00717694
0.0381204
-0.00634856
-0.00669082
0.0270161
-0.00498833
-0.00571575
0.0174327
-0.00363028
-0.00430731
0.00922055
-0.00203227
-0.00259933
0.00329967
-0.000784508
0.00557886
0.0493248
-0.00669502
0.0055176
0.0380187
-0.00522827
0.00514462
0.0272369
-0.00366431
0.00436415
0.0168304
-0.00246928
0.00340247
0.00900486
-0.00115722
0.00210122
0.00313529
0.000131931
-0.0056869
0.0504375
-0.00776225
-0.00552383
0.0391356
-0.00625944
-0.00512857
0.0279672
-0.00475088
-0.00427104
0.0182972
-0.00306731
-0.00297629
0.00965595
-0.00167206
-0.00168645
0.00288925
-0.000224297
0.00726737
0.0503992
-0.00671527
0.00717341
0.0390785
-0.00529994
0.00663459
0.0282092
-0.00394158
0.00582018
0.0177495
-0.00282314
0.00487662
0.00952848
-0.00155681
0.00290921
0.00390431
-0.000383693
-0.000911198
0.0605446
-0.00869128
-0.00141002
0.001417
-0.000306003
-0.00653968
0.0610939
-0.00922516
0.00137317
0.00124712
0.000247974
0.00638096
0.0610895
-0.00814495
-0.000273502
-0.000174839
7.57632e-05
0.000512173
0.000197632
-9.23056e-05
-0.000455817
0.000137296
-5.76122e-05
0.000755141
0.0616301
-0.00869305
-0.000834958
0.00103743
0.000271866
0.00153365
0.0016279
-0.000397908
8.40234e-05
-7.4083e-05
3.0109e-05
-0.00738514
0.0549838
-0.00851317
-0.00729654
0.0437456
-0.00706126
-0.00698264
0.0325552
-0.00564372
-0.00645866
0.0218277
-0.00427575
-0.00498698
0.0130176
-0.00277714
-0.00355201
0.00596981
-0.00132384
0.00557647
0.054954
-0.00742317
0.00556664
0.0436731
-0.0059571
0.00540705
0.0324881
-0.00448571
0.00483237
0.0220193
-0.00297082
0.00387883
0.0127701
-0.00180766
0.00283173
0.00575007
-0.00051212
-0.00570863
0.0560607
-0.00849792
-0.00563033
0.0447794
-0.00701334
-0.005377
0.0335382
-0.00549577
-0.00483291
0.0227893
-0.00399125
-0.00355618
0.0136388
-0.0024009
-0.00237597
0.00614775
-0.000916807
0.00726476
0.0560444
-0.00742929
0.00722801
0.0447426
-0.00600162
0.00704575
0.0334719
-0.00460687
0.00622828
0.0229705
-0.00334718
0.00539501
0.013489
-0.00215873
0.00415999
0.00613159
-0.000981445
-0.00650004
0.0499115
-0.00777914
-0.00634737
0.0386516
-0.00630108
-0.00592597
0.0275702
-0.00485249
-0.00493744
0.0180336
-0.00338721
-0.00362491
0.00946665
-0.00188257
-0.002346
0.0030679
-0.000542133
0.00636278
0.0498653
-0.00670772
0.00624629
0.0385737
-0.00526328
0.00578823
0.0277166
-0.00375397
0.00495828
0.0173726
-0.00269599
0.00398149
0.00933199
-0.00136547
0.00243651
0.0035056
-9.5253e-05
0.000765775
0.0504108
-0.00724456
0.000791811
0.0390861
-0.00578485
0.000818918
0.0279458
-0.00437589
0.000737621
0.0178841
-0.00288861
0.000951885
0.00942336
-0.00163026
0.000932835
0.0030587
-0.00050072
-0.000874468
0.0493394
-0.00724401
-0.000783715
0.0380212
-0.00580006
-0.000732806
0.0270325
-0.00442177
-0.000773591
0.0169042
-0.00298093
-0.00048555
0.00889331
-0.00163813
-0.000322712
0.00283896
-0.000496935
-0.000260449
0.00100372
-0.000169633
0.000246303
0.000871378
-0.000274426
-8.37631e-05
0.0610907
-0.0086851
0.00158402
0.00133352
-8.62707e-05
1.37967e-05
-0.00014758
2.16818e-05
-0.00133305
0.00115941
3.51668e-07
-0.00652738
0.0555284
-0.00850774
-0.00644368
0.0442713
-0.00704181
-0.00615705
0.0330632
-0.00558069
-0.0056597
0.0223309
-0.00412724
-0.00420513
0.0134091
-0.00264182
-0.0030151
0.00606559
-0.00116315
0.00637882
0.0554969
-0.00742761
0.00630998
0.0442179
-0.00598043
0.00609956
0.0330253
-0.00453721
0.00534912
0.0224551
-0.00322813
0.00451319
0.0131827
-0.00198331
0.00333544
0.00601027
-0.000744728
0.000748944
0.0560529
-0.00796699
0.000792359
0.0447274
-0.00651923
0.000819849
0.0334484
-0.00506702
0.000700264
0.0227975
-0.00372187
0.000890786
0.0134213
-0.00228996
0.0010218
0.00588941
-0.000992691
-0.000894435
0.0549657
-0.0079692
-0.000844808
0.0436919
-0.00651519
-0.000746161
0.0324556
-0.0050872
-0.000761824
0.0218793
-0.00361612
-0.000586208
0.0126782
-0.00229586
-0.000390532
0.00559703
-0.00103792
-0.000884287
0.00187972
-0.000225219
-0.00379869
0.0247907
-0.0042794
