-0.00742516
0.0606861
-0.00943676
0.0055622
0.0606711
-0.00835009
0.000364808
0.000200888
0.000124939
-0.000281546
-3.11979e-05
-0.000116928
-0.00569843
0.0617579
-0.00942793
0.00728809
0.0617662
-0.0083609
0.00025458
2.00121e-05
-0.000141205
-0.000217256
0.000111045
0.000117547
-0.00739142
0.0494934
-0.00795221
-0.00720913
0.0382206
-0.00647786
-0.00672232
0.027096
-0.00508279
-0.00574465
0.017492
-0.00369133
-0.00433193
0.00925714
-0.00206501
-0.00261581
0.00331531
-0.000795664
0.00556798
0.0494436
-0.0068709
0.00550765
0.0381185
-0.00536751
0.00513662
0.0273159
-0.00376723
0.00435824
0.0168883
-0.00253886
0.00339934
0.00903935
-0.00119556
0.00210046
0.00314813
0.000119189
-0.0056777
0.0505457
-0.0079277
-0.00551518
0.0392255
-0.00638882
-0.00512113
0.0280382
-0.00484535
-0.0042656
0.0183462
-0.0031281
-0.00297189
0.00968469
-0.00170452
-0.0016834
0.00289947
-0.000234626
0.00729807
0.0505076
-0.006891
0.00720394
0.0391689
-0.00543884
0.00666479
0.0282805
-0.00404409
0.00584914
0.0177995
-0.00289261
0.0049016
0.00955863
-0.00159532
0.00292593
0.00391961
-0.000395939
-0.000932698
0.0606815
-0.0088979
-0.00141985
0.00142449
-0.00031041
-0.00655116
0.0612255
-0.00942643
0.0013735
0.0012516
0.000243544
0.00639074
0.0612211
-0.00835687
-0.00027669
-0.000175604
7.54928e-05
0.000513764
0.000198596
-9.21594e-05
-0.000457057
0.000138173
-5.71933e-05
0.000775002
0.0617564
-0.00889967
-0.000833832
0.0010414
0.000268205
0.00154325
0.00163603
-0.000403817
8.58712e-05
-7.43189e-05
2.94381e-05
-0.0074174
0.0551117
-0.0086966
-0.0073289
0.0438552
-0.00720851
-0.00701458
0.0326455
-0.00575539
-0.00648893
0.0218969
-0.00435318
-0.00501407
0.0130655
-0.00282329
-0.00357325
0.00599549
-0.0013447
0.0055655
0.0550819
-0.00761722
0.0055561
0.0437826
-0.0061146
0.00539794
0.0325779
-0.00460671
0.00482542
0.0220875
-0.00305675
0.00387436
0.0128163
-0.0018611
0.00282987
0.00577333
-0.000536673
-0.00569937
0.0561779
-0.00868136
-0.00562132
0.0448786
-0.00716073
-0.00536896
0.0336187
-0.00560752
-0.00482662
0.0228497
-0.00406879
-0.00355098
0.0136774
-0.00244695
-0.00237228
0.00616705
-0.000937273
0.00729543
0.0561617
-0.00762326
0.00725863
0.044842
-0.00615889
0.00707606
0.0335531
-0.00472751
0.00625812
0.0230315
-0.00343272
0.00542223
0.0135289
-0.00221222
0.00418165
0.00615296
-0.0010063
-0.00651158
0.0500249
-0.00794453
-0.00635917
0.0387466
-0.00643022
-0.00593784
0.0276454
-0.00494674
-0.00494883
0.0180877
-0.00344815
-0.0036349
0.00949894
-0.00191478
-0.00235349
0.0030802
-0.000552247
0.00637268
0.0499789
-0.00688346
0.00625655
0.0386688
-0.0054022
0.00579922
0.0277914
-0.00385657
0.00496947
0.0174265
-0.00276505
0.00399214
0.00936381
-0.0014033
0.00244474
0.00351814
-0.000107226
0.000785508
0.0505191
-0.00741516
0.000810838
0.0391763
-0.00591893
0.00083706
0.028017
-0.00447459
0.00075421
0.0179332
-0.00295367
0.000966155
0.00945246
-0.00166587
0.000943743
0.00307031
-0.0005136
-0.000895892
0.0494582
-0.00741469
-0.000804413
0.0381212
-0.00593464
-0.000752096
0.0271121
-0.00452067
-0.000790705
0.0169624
-0.0030464
-0.000499425
0.0089284
-0.00167408
-0.00033219
0.00285197
-0.000509041
-0.000266888
0.0010082
-0.000173533
0.000251524
0.000875574
-0.000280048
-8.45922e-05
0.0612223
-0.00889172
0.00158993
0.00133862
-9.01448e-05
1.40865e-05
-0.000148019
2.24268e-05
-0.00133754
0.00116436
-2.51332e-06
-0.00653888
0.0556509
-0.00869115
-0.00645533
0.0443756
-0.00718908
-0.00616886
0.0331484
-0.00569226
-0.00567153
0.0223956
-0.00420428
-0.00421585
0.013452
-0.00268761
-0.00302397
0.00608766
-0.00118343
0.00638862
0.0556194
-0.00762161
0.00631999
0.0443223
-0.00613766
0.00611015
0.0331106
-0.00465782
0.00536024
0.0225197
-0.00331358
0.00452427
0.0132254
-0.00203627
0.00334528
0.00603175
-0.000768682
0.00076877
0.0561701
-0.00815567
0.000811891
0.0448267
-0.00667172
0.000838499
0.0335293
-0.00518322
0.000717898
0.0228584
-0.00380339
0.000906246
0.0134603
-0.00233967
0.00103473
0.00590909
-0.00101576
-0.000915917
0.0550935
-0.00815797
-0.000866074
0.0438014
-0.00666764
-0.000766284
0.0325457
-0.00520373
-0.000780051
0.0219477
-0.003698
-0.000601951
0.012725
-0.00234603
-0.000402321
0.00562078
-0.00106117
-0.000882421
0.0018875
-0.00023217
-0.00379508
0.024857
-0.00436479
