-0.00745445
0.0607991
-0.00963405
0.00554898
0.0607841
-0.00855912
0.000365101
0.000201114
0.000125376
-0.000283178
-3.08906e-05
-0.000117935
-0.00568681
0.0618591
-0.00962523
0.00731589
0.0618675
-0.00856989
0.000256089
2.04406e-05
-0.000142265
-0.000216872
0.000110844
0.000117885
-0.00742081
0.0495927
-0.00811412
-0.00723846
0.0383058
-0.00660424
-0.00675114
0.0271654
-0.00517489
-0.00577126
0.0175444
-0.00375059
-0.00435482
0.00929022
-0.00209669
-0.00263123
0.00332973
-0.000806376
0.00555484
0.049543
-0.00704435
0.00549547
0.0382034
-0.00550483
0.00512657
0.0273843
-0.00386878
0.0043506
0.0169396
-0.00260752
0.00339487
0.00907041
-0.00123347
0.00209888
0.0031598
0.000106387
-0.00566618
0.0506334
-0.00808969
-0.00550428
0.0392995
-0.00651531
-0.00511162
0.0280977
-0.00493755
-0.00425845
0.0183878
-0.00318733
-0.00296632
0.00970944
-0.00173607
-0.00167971
0.00290847
-0.000244747
0.00732589
0.0505955
-0.00706429
0.00723161
0.0392434
-0.00557579
0.00669235
0.0283403
-0.00414513
0.00587577
0.0178421
-0.002961
0.00492463
0.00958487
-0.00163323
0.00294146
0.00393328
-0.000408045
-0.000953861
0.0607946
-0.00910106
-0.0014291
0.00143146
-0.000314632
-0.00656
0.0613326
-0.00962372
0.00137331
0.00125564
0.000239008
0.00639796
0.0613283
-0.00856585
-0.000279759
-0.00017629
7.51989e-05
0.000515154
0.000199483
-9.19844e-05
-0.000458116
0.000138991
-5.67466e-05
0.000794608
0.0618577
-0.00910282
-0.000832397
0.00104492
0.000264495
0.00155222
0.00164346
-0.000409577
8.7678e-05
-7.45298e-05
2.87597e-05
-0.00744672
0.0552179
-0.00887628
-0.00735835
0.0439476
-0.00735257
-0.00704374
0.032723
-0.00586441
-0.00651661
0.0219576
-0.00442853
-0.00503914
0.0131084
-0.00286804
-0.00359306
0.00601891
-0.00136484
0.00555227
0.0551881
-0.00780859
0.0055433
0.0438748
-0.00626993
0.00538665
0.0326549
-0.00472605
0.00481654
0.0221471
-0.00314159
0.00386836
0.0128576
-0.00191386
0.0028269
0.00579443
-0.000561039
-0.00568776
0.0562723
-0.00886108
-0.00561001
0.0449595
-0.00730494
-0.00535872
0.0336856
-0.00571669
-0.00481839
0.0229009
-0.00414438
-0.00354435
0.0137103
-0.00249175
-0.00236767
0.00618378
-0.000957182
0.00732323
0.0562562
-0.00781456
0.00728637
0.0449233
-0.00631397
0.00710356
0.0336206
-0.00484644
0.00628549
0.0230833
-0.003517
0.0054473
0.0135633
-0.00226488
0.00420164
0.00617179
-0.00103079
-0.00652051
0.0501184
-0.00810645
-0.00636841
0.0388261
-0.00655644
-0.00594732
0.0277097
-0.00503867
-0.00495825
0.0181345
-0.0035074
-0.00364343
0.00952747
-0.00194598
-0.00236004
0.00309127
-0.000562013
0.00638003
0.0500724
-0.00705677
0.0062643
0.0387484
-0.00553918
0.00580789
0.0278552
-0.00395777
0.00497868
0.0174735
-0.00283309
0.00400121
0.00939193
-0.00144061
0.002452
0.00352929
-0.000119173
0.000804977
0.0506069
-0.00758281
0.000829578
0.0392505
-0.0060506
0.000854888
0.0280768
-0.0045714
0.000770516
0.017975
-0.00301745
0.000980036
0.00947768
-0.00170074
0.000954254
0.00308062
-0.000526231
-0.000916991
0.0495576
-0.00758243
-0.000824811
0.0382063
-0.00606679
-0.000771093
0.0271811
-0.00461767
-0.00080751
0.0170141
-0.00311054
-0.000513093
0.00896011
-0.00170926
-0.000341518
0.00286393
-0.000520892
-0.000273203
0.00101234
-0.000177334
0.000256628
0.000879381
-0.000285531
-8.53778e-05
0.0613295
-0.00909489
0.00159521
0.0013432
-9.39974e-05
1.43664e-05
-0.000148401
2.31585e-05
-0.00134149
0.00116883
-5.31252e-06
-0.00654774
0.0557512
-0.00887084
-0.00646438
0.0444623
-0.00733316
-0.00617819
0.0332205
-0.0058012
-0.00568107
0.0224515
-0.0042793
-0.00422489
0.0134896
-0.00273205
-0.00303164
0.00610733
-0.00120304
0.00639588
0.0557198
-0.00781293
0.00632748
0.044409
-0.0062927
0.00611829
0.0331826
-0.00477675
0.00536922
0.0225754
-0.00339782
0.00453356
0.0132628
-0.00208847
0.00335381
0.00605085
-0.000792356
0.000788343
0.0562646
-0.00834116
0.000831145
0.0449078
-0.00682152
0.000856843
0.0335965
-0.00529727
0.000735261
0.02291
-0.00388329
0.000921353
0.0134938
-0.00238834
0.00104725
0.00592632
-0.00103834
-0.000937067
0.0551998
-0.00834352
-0.000887024
0.0438938
-0.00681742
-0.000786117
0.032623
-0.0053181
-0.000797969
0.0220077
-0.00377829
-0.000617452
0.012767
-0.00239515
-0.000413935
0.00564242
-0.00108392
-0.00088022
0.00189448
-0.000238952
-0.00378993
0.0249133
-0.00444816
