-0.00748081
0.0608883
-0.00982725
0.00553355
0.0608733
-0.00876512
0.000365251
0.000201262
0.000125759
-0.000284692
-3.05702e-05
-0.000118891
-0.00567289
0.0619355
-0.00981844
0.00734084
0.0619439
-0.00877585
0.000257493
2.08579e-05
-0.000143267
-0.000216403
0.000110596
0.000118179
-0.00744728
0.0496727
-0.00827248
-0.00726493
0.0383761
-0.00672764
-0.00677727
0.0272242
-0.0052646
-0.00579557
0.0175901
-0.00380806
-0.00437595
0.00931969
-0.0021273
-0.00264558
0.00334288
-0.000816643
0.00553948
0.0496229
-0.0072153
0.00548111
0.0382734
-0.00564017
0.00511448
0.0274419
-0.00396893
0.00434124
0.0169843
-0.00267523
0.00338905
0.00909794
-0.00127093
0.00209648
0.00317028
9.35243e-05
-0.00565236
0.0507007
-0.00824815
-0.00549116
0.0393575
-0.00663885
-0.00510006
0.0281458
-0.00502745
-0.00424959
0.0184218
-0.00324499
-0.00295956
0.00973013
-0.00176669
-0.00167537
0.0029162
-0.000254658
0.00735087
0.050663
-0.00723507
0.00725646
0.039302
-0.00571074
0.00671727
0.0283885
-0.00424466
0.00590007
0.0178775
-0.00302832
0.00494568
0.00960712
-0.00167054
0.00295581
0.00394529
-0.000420009
-0.00097467
0.0608838
-0.00930066
-0.00143776
0.00143789
-0.000318668
-0.00656623
0.0614154
-0.00981692
0.00137258
0.0012592
0.000234365
0.00640267
0.061411
-0.00877181
-0.000282707
-0.000176898
7.48812e-05
0.00051634
0.000200292
-9.17801e-05
-0.00045899
0.00013975
-5.62719e-05
0.000813953
0.0619341
-0.00930242
-0.000830647
0.00104796
0.000260732
0.00156056
0.00165018
-0.000415187
8.94433e-05
-7.4716e-05
2.80735e-05
-0.00747312
0.0553024
-0.00905215
-0.00738491
0.0440228
-0.00749336
-0.0070701
0.0327878
-0.00597075
-0.0065417
0.0220098
-0.00450179
-0.0050622
0.0131461
-0.00291137
-0.00361141
0.00604001
-0.00138425
0.00553682
0.0552727
-0.0079972
0.00552829
0.0439499
-0.00642301
0.00537323
0.0327191
-0.00484368
0.00480575
0.022198
-0.00322529
0.00386081
0.0128938
-0.00196591
0.00282281
0.00581329
-0.00058521
-0.00567385
0.0563441
-0.00903698
-0.00559644
0.0450222
-0.00744591
-0.00534634
0.0337388
-0.00582322
-0.00480823
0.0229427
-0.00421798
-0.0035363
0.0137376
-0.00253529
-0.00236212
0.0061979
-0.000976528
0.00734819
0.0563281
-0.00800309
0.00731128
0.0449865
-0.00646679
0.00712827
0.0336745
-0.00496362
0.00631036
0.0231255
-0.0036
0.00547019
0.013592
-0.0023167
0.00421993
0.00618803
-0.00105489
-0.00652684
0.050192
-0.00826483
-0.00637511
0.0388901
-0.0066797
-0.00595443
0.0277629
-0.00512826
-0.00496568
0.0181741
-0.00356495
-0.0036505
0.00955216
-0.00197617
-0.00236564
0.00310109
-0.000571431
0.00638487
0.0501461
-0.00722757
0.00626959
0.0388125
-0.00567417
0.00581427
0.0279078
-0.00405752
0.00498591
0.0175135
-0.00290009
0.00400868
0.00941625
-0.00147739
0.00245827
0.00353902
-0.000131091
0.000824178
0.0506743
-0.00774744
0.000848027
0.0393089
-0.00617979
0.000872398
0.0281251
-0.00466629
0.000786534
0.0180094
-0.00307992
0.000993526
0.00949895
-0.00173483
0.000964366
0.0030896
-0.000538609
-0.000937748
0.0496376
-0.00774714
-0.000844893
0.0382765
-0.00619646
-0.000789782
0.0272394
-0.00471273
-0.000823995
0.0170592
-0.00317332
-0.000526544
0.00898833
-0.00174367
-0.000350691
0.00287482
-0.000532483
-0.000279391
0.00101611
-0.000181037
0.000261613
0.000882782
-0.000290874
-8.61155e-05
0.0614122
-0.0092945
0.00159984
0.00134724
-9.7828e-05
1.46363e-05
-0.000148726
2.38767e-05
-0.00134491
0.00117282
-8.04674e-06
-0.006554
0.0558293
-0.0090467
-0.00647085
0.0445312
-0.00747397
-0.00618506
0.0332793
-0.00590749
-0.00568835
0.0224984
-0.00435229
-0.00423224
0.0135218
-0.00277512
-0.00303808
0.00612452
-0.00122199
0.00640061
0.055798
-0.00800148
0.00633247
0.0444781
-0.00644549
0.00612403
0.0332413
-0.00489395
0.00537607
0.022622
-0.00348081
0.00454104
0.0132949
-0.00213989
0.00336099
0.00606749
-0.000815743
0.000807656
0.0563364
-0.00852335
0.000850116
0.0449707
-0.00696856
0.000874879
0.03365
-0.00540913
0.000752348
0.0229522
-0.00396155
0.000936104
0.0135218
-0.00243596
0.00105933
0.00594105
-0.00106045
-0.000957869
0.0552843
-0.00852579
-0.000907639
0.0439691
-0.00696443
-0.000805643
0.0326877
-0.00543027
-0.000815566
0.0220591
-0.00385696
-0.000632701
0.012804
-0.0024432
-0.000425368
0.0056619
-0.00110615
-0.000877678
0.00190066
-0.000245564
-0.00378326
0.0249595
-0.00452949
