-0.00752485
0.0609954
-0.0102011
0.00549622
0.0609803
-0.0091676
0.000365114
0.000201322
0.00012636
-0.000287361
-2.98914e-05
-0.000120646
-0.00563831
0.0620139
-0.0101923
0.00738235
0.0620224
-0.00917824
0.000259975
2.16579e-05
-0.000145095
-0.000215203
0.000109954
0.000118634
-0.00749155
0.0497743
-0.00857831
-0.00730936
0.0384713
-0.00696531
-0.00682147
0.0273095
-0.0054367
-0.00583723
0.0176604
-0.00391755
-0.00441285
0.00936749
-0.00218529
-0.00267098
0.00336521
-0.000835833
0.00550231
0.0497246
-0.00754933
0.005446
0.0383681
-0.00590464
0.00508432
0.0275248
-0.00416481
0.00431737
0.0170535
-0.00280767
0.00337337
0.00914216
-0.00134444
0.00208917
0.0031875
6.76262e-05
-0.005618
0.0507739
-0.00855418
-0.00545839
0.0394256
-0.00687691
-0.00507086
0.0282071
-0.00520021
-0.00422675
0.0184667
-0.00335547
-0.00294243
0.00975902
-0.00182513
-0.00166467
0.00292774
-0.000273855
0.00739239
0.0507367
-0.00756875
0.00729777
0.0393713
-0.00597434
0.00675924
0.02845
-0.00443899
0.00594166
0.0179257
-0.00315958
0.00498179
0.00963939
-0.0017433
0.00298084
0.00396414
-0.000443505
-0.00101517
0.0609909
-0.00968882
-0.00145328
0.00144905
-0.000326184
-0.00657099
0.0615081
-0.0101907
0.00136946
0.00126488
0.000224755
0.00640469
0.0615038
-0.00917421
-0.000288237
-0.000177878
7.41726e-05
0.000518086
0.000201671
-9.12821e-05
-0.000460171
0.00014108
-5.52382e-05
0.000851835
0.0620125
-0.00969056
-0.000826175
0.00105258
0.000253039
0.00157528
0.0016614
-0.00042595
9.28486e-05
-7.50144e-05
2.66762e-05
-0.00751723
0.0554067
-0.00939213
-0.0074294
0.0441215
-0.00776492
-0.0071145
0.0328785
-0.00617521
-0.0065841
0.0220878
-0.00464192
-0.00510216
0.013206
-0.00299374
-0.00364364
0.00607501
-0.00142088
0.00549947
0.0553771
-0.00836574
0.00549183
0.0440484
-0.00672215
0.00534013
0.0328089
-0.00507358
0.00477852
0.0222736
-0.00338912
0.00384113
0.0129509
-0.00206784
0.00281127
0.00584409
-0.000632942
-0.0056393
0.0564197
-0.00937704
-0.00556263
0.045093
-0.00771787
-0.0053152
0.0338037
-0.00602825
-0.00478216
0.0229976
-0.00435911
-0.00351589
0.0137747
-0.0026185
-0.00234816
0.00621807
-0.00101352
0.00738969
0.056404
-0.00837146
0.00735267
0.0450581
-0.00676535
0.00716942
0.0337409
-0.00519249
0.00635267
0.0231812
-0.003762
0.00550942
0.0136324
-0.00241776
0.00425135
0.00621254
-0.00110196
-0.00653183
0.0502793
-0.0085707
-0.00638101
0.0389716
-0.00691714
-0.00596158
0.0278356
-0.00530026
-0.00497457
0.0182311
-0.00367487
-0.00366017
0.00958969
-0.00203348
-0.00237393
0.00311681
-0.000589214
0.00638716
0.0502337
-0.0075613
0.0062729
0.0388943
-0.00593788
0.00582023
0.0279793
-0.0042525
0.00499444
0.017572
-0.00303087
0.00401882
0.00945323
-0.00154929
0.00246783
0.00355406
-0.000154834
0.000861751
0.0507478
-0.00806731
0.000884038
0.0393777
-0.00643051
0.000906452
0.0281871
-0.00485016
0.00081769
0.0180556
-0.00320085
0.00101933
0.00952932
-0.00180067
0.000983375
0.00310343
-0.000562601
-0.000978169
0.0497393
-0.00806718
-0.000884036
0.0383717
-0.00644812
-0.000826171
0.0273239
-0.00489688
-0.000855959
0.017129
-0.00329473
-0.000552762
0.00903406
-0.0018101
-0.000368556
0.00289322
-0.000554878
-0.000291377
0.00102247
-0.000188147
0.000271224
0.000888309
-0.000301135
-8.74298e-05
0.0615049
-0.00968267
0.00160716
0.00135363
-0.000105422
1.51452e-05
-0.000149207
2.52726e-05
-0.00135012
0.00117925
-1.3326e-05
-0.00655883
0.0559192
-0.00938668
-0.00647619
0.0446158
-0.00774561
-0.00619148
0.0333567
-0.0061119
-0.00569612
0.0225647
-0.00449206
-0.00424179
0.0135695
-0.00285713
-0.00304725
0.00615126
-0.00125787
0.00640268
0.0558881
-0.0083699
0.00633513
0.0445631
-0.00674401
0.00612838
0.0333188
-0.00512292
0.00538344
0.0226877
-0.00364294
0.00455059
0.0133427
-0.00224035
0.00337131
0.00609322
-0.000861631
0.000845477
0.0564122
-0.00887751
0.000887189
0.0450419
-0.00725412
0.00091001
0.0337158
-0.00562606
0.000785673
0.023008
-0.00411299
0.000964529
0.0135605
-0.00252798
0.00108221
0.0059628
-0.00110318
-0.000998365
0.0553887
-0.00888009
-0.000947801
0.0440679
-0.00724994
-0.000843703
0.0327783
-0.00564779
-0.000849744
0.0221356
-0.00400936
-0.000662399
0.0128627
-0.00253606
-0.000447661
0.0056941
-0.00114908
-0.000871546
0.00191047
-0.000258276
-0.0037654
0.025021
-0.00468589
