-0.00755742
0.0610079
-0.0105575
0.00545062
0.0609929
-0.00955668
0.000364378
0.000201054
0.000126738
-0.000289538
-2.91637e-05
-0.000122185
-0.00559501
0.0619939
-0.0105488
0.00741284
0.0620024
-0.00956723
0.000262015
2.24097e-05
-0.000146683
-0.000213641
0.000109109
0.000118905
-0.00752438
0.0497983
-0.0088692
-0.00734252
0.0385061
-0.00719053
-0.00685496
0.0273512
-0.0055989
-0.00586954
0.0177022
-0.00401972
-0.00444247
0.00939994
-0.00223894
-0.00269189
0.00338199
-0.000853239
0.00545686
0.0497488
-0.00787229
0.00540269
0.0384025
-0.00616037
0.0050464
0.0275638
-0.00435447
0.00428674
0.017095
-0.00293597
0.00335229
0.00917141
-0.00141599
0.00207845
0.00319953
4.15104e-05
-0.00557495
0.0507657
-0.00884531
-0.00541714
0.0394295
-0.00710262
-0.00503372
0.0282215
-0.00536339
-0.00419714
0.0184803
-0.00345942
-0.00292045
0.00977084
-0.00187979
-0.00165124
0.00293383
-0.000292228
0.00742285
0.0507291
-0.00789134
0.00732806
0.0393765
-0.00622914
0.0067908
0.0284644
-0.00462674
0.00597388
0.0179434
-0.00328621
0.00500982
0.0096549
-0.0018135
0.00300092
0.00397589
-0.000466412
-0.00105407
0.0610036
-0.0100616
-0.00146632
0.0014578
-0.000332965
-0.00656568
0.0615043
-0.0105473
0.00136409
0.0012685
0.000214703
0.00639708
0.0615001
-0.00956319
-0.000293267
-0.000178542
7.33634e-05
0.000518974
0.000202718
-9.06619e-05
-0.000460573
0.000142151
-5.40919e-05
0.00088859
0.0619925
-0.0100633
-0.000820365
0.00105515
0.000245103
0.00158733
0.00166955
-0.000436094
9.60851e-05
-7.5215e-05
2.52434e-05
-0.00754987
0.0554249
-0.00971596
-0.00746249
0.0441511
-0.00802278
-0.00714782
0.0329172
-0.00636852
-0.00661612
0.0221304
-0.00477344
-0.00513382
0.0132443
-0.00307035
-0.00366979
0.0061
-0.00145458
0.00545383
0.0553955
-0.00872203
0.00544712
0.044078
-0.00701139
0.00529895
0.0328467
-0.00529594
0.00474391
0.0223134
-0.00354791
0.00381536
0.0129869
-0.00216671
0.00279518
0.00586531
-0.000679809
-0.00559603
0.0564054
-0.00970099
-0.00552021
0.045091
-0.00797619
-0.00527579
0.0338132
-0.0062223
-0.00474854
0.0230139
-0.00449203
-0.00348973
0.013788
-0.0026965
-0.00233031
0.00622715
-0.00104823
0.00742015
0.05639
-0.00872758
0.00738302
0.0450571
-0.00705397
0.00719965
0.033752
-0.00541369
0.00638507
0.0231982
-0.00391845
0.00553984
0.0136494
-0.00251526
0.00427578
0.00622607
-0.00114744
-0.00652678
0.0502871
-0.00886164
-0.00637703
0.0389907
-0.00714219
-0.00595938
0.027863
-0.00546253
-0.0049755
0.0182578
-0.0037778
-0.00366382
0.00961096
-0.00208668
-0.00237827
0.00312706
-0.000605602
0.00637986
0.0502418
-0.00788393
0.00626673
0.0389138
-0.00619281
0.00581726
0.0280054
-0.00444114
0.00499511
0.0176013
-0.00315718
0.0040225
0.00947419
-0.0016189
0.00247332
0.003563
-0.000178438
0.000898173
0.0507399
-0.00837419
0.000918832
0.0393824
-0.00667067
0.000939191
0.0282023
-0.0050259
0.000847643
0.0180711
-0.00331629
0.00104353
0.00954303
-0.00186332
0.00100074
0.00311155
-0.000585561
-0.00101703
0.0497635
-0.00837422
-0.000921706
0.0384065
-0.00668917
-0.000861146
0.0273647
-0.00507284
-0.000886513
0.017171
-0.00341047
-0.000578008
0.00906496
-0.00187331
-0.000385751
0.00290688
-0.000576211
-0.000302833
0.00102716
-0.00019486
0.000280353
0.000892049
-0.000310822
-8.85043e-05
0.0615012
-0.0100555
0.00161181
0.00135768
-0.000112921
1.56119e-05
-0.000149461
2.66139e-05
-0.00135307
0.00118352
-1.83677e-05
-0.0065536
0.0559211
-0.00971053
-0.00647155
0.0446295
-0.00800357
-0.00618825
0.0333804
-0.00630523
-0.00569491
0.0225939
-0.00462343
-0.00424444
0.0135944
-0.00293357
-0.00305136
0.00616743
-0.00129107
0.00639513
0.0558903
-0.00872607
0.00632824
0.0445772
-0.00703259
0.00612342
0.0333426
-0.00534429
0.00538242
0.0227162
-0.00379968
0.0045529
0.0133681
-0.00233748
0.00337616
0.00610852
-0.000906292
0.000882175
0.056398
-0.00921749
0.000923068
0.0450405
-0.00752788
0.000943861
0.0337263
-0.00583365
0.000817827
0.0230251
-0.00425751
0.000991502
0.0135759
-0.0026156
0.00110333
0.00597392
-0.00114391
-0.00103728
0.055407
-0.00922021
-0.000986426
0.0440977
-0.00752365
-0.000880334
0.0328169
-0.00585594
-0.000882486
0.0221765
-0.00415494
-0.000690959
0.0129003
-0.00262449
-0.000469152
0.00571694
-0.0011899
-0.000863985
0.00191675
-0.000270314
-0.0037416
0.025041
-0.00483378
