-0.00758507
0.060851
-0.0110585
0.00536753
0.060836
-0.0101132
0.000362117
0.000200014
0.00012688
-0.000291853
-2.79856e-05
-0.000124081
-0.00551442
0.0617815
-0.0110499
0.00743834
0.06179
-0.0101236
0.00026422
2.34434e-05
-0.000148602
-0.00021059
0.000107445
0.000118953
-0.00755243
0.0496895
-0.00927661
-0.00737131
0.0384442
-0.00750445
-0.00688512
0.0273307
-0.00582336
-0.00590034
0.0177098
-0.00415917
-0.00447296
0.00941859
-0.00231133
-0.00271456
0.00339611
-0.000876051
0.00537399
0.0496402
-0.00833436
0.00532308
0.0383403
-0.00652637
0.00497549
0.0275388
-0.0046264
0.00422837
0.0171037
-0.00312009
0.00331051
0.00918607
-0.00151937
0.00205583
0.00320726
1.97649e-06
-0.00549478
0.050602
-0.00925313
-0.00533995
0.0393152
-0.00741745
-0.00496352
0.0281546
-0.00558982
-0.00414015
0.0184411
-0.00360293
-0.00287826
0.00975561
-0.0019547
-0.00162581
0.0029323
-0.000318307
0.00744824
0.0505663
-0.00835284
0.00735318
0.0392645
-0.00659363
0.00681877
0.0283969
-0.00489524
0.00600456
0.0179117
-0.00346703
0.00503653
0.00964578
-0.00191378
0.00302154
0.00397968
-0.000499623
-0.00110917
0.0608468
-0.0105904
-0.00148109
0.00146608
-0.000341791
-0.00653931
0.0613196
-0.0110483
0.00135169
0.00126983
0.000198792
0.00636826
0.0613155
-0.0101196
-0.000299858
-0.00017895
7.1953e-05
0.000518651
0.000203641
-8.94932e-05
-0.000459669
0.000143248
-5.21639e-05
0.000941463
0.0617802
-0.0105921
-0.000809044
0.00105495
0.000232685
0.00160028
0.00167578
-0.00045012
0.000100621
-7.53326e-05
2.30214e-05
-0.00757764
0.0552918
-0.0101704
-0.00749102
0.0440661
-0.00838315
-0.00717719
0.0328767
-0.0066371
-0.00664467
0.022126
-0.00495441
-0.00516549
0.01326
-0.00317445
-0.00369734
0.00611779
-0.00149969
0.00537069
0.0552627
-0.00923174
0.00536536
0.043993
-0.00742527
0.0052227
0.032805
-0.00561431
0.00467856
0.0223046
-0.0037759
0.00376535
0.013
-0.00230889
0.00276242
0.00587831
-0.000748344
-0.00551548
0.056217
-0.0101556
-0.00544108
0.0449521
-0.00833732
-0.00520165
0.0337229
-0.00649231
-0.00468423
0.022965
-0.00467575
-0.00343969
0.0137625
-0.00280367
-0.0022961
0.00621923
-0.00109608
0.00744558
0.0562021
-0.00923704
0.00740821
0.0449199
-0.00746688
0.00722484
0.0336644
-0.0057301
0.0064151
0.0231497
-0.00414211
0.00556882
0.0136298
-0.0026545
0.0042991
0.00622505
-0.00121258
-0.00650087
0.0501506
-0.00926915
-0.00635298
0.0389022
-0.00745593
-0.00593882
0.0278181
-0.00568733
-0.004962
0.0182403
-0.00391899
-0.00365782
0.00961131
-0.00215879
-0.00237717
0.00313167
-0.000627618
0.0063515
0.0501059
-0.00834549
0.00624023
0.0388261
-0.00655755
0.00579638
0.0279582
-0.00471135
0.00498144
0.017589
-0.00333779
0.00401583
0.00947458
-0.0017188
0.0024738
0.00356444
-0.000213531
0.000950512
0.0505767
-0.00880887
0.000968637
0.0392695
-0.00701019
0.000985754
0.0281365
-0.00527369
0.000890226
0.0180357
-0.00347881
0.00107682
0.00953141
-0.00195122
0.00102365
0.00311254
-0.000618048
-0.00107211
0.0496549
-0.00880914
-0.000975171
0.0383449
-0.00702996
-0.000910713
0.0273429
-0.00532084
-0.000929524
0.0171804
-0.00357312
-0.000613922
0.00908232
-0.00196195
-0.000410229
0.00291789
-0.000606206
-0.000318994
0.00103082
-0.000204192
0.000293131
0.000894117
-0.000324272
-8.96137e-05
0.0613166
-0.0105843
0.00161367
0.0013591
-0.000123975
1.6232e-05
-0.000149417
2.8524e-05
-0.00135316
0.00118564
-2.55378e-05
-0.00652738
0.0557603
-0.010165
-0.00644634
0.0445173
-0.0083641
-0.00616568
0.0333143
-0.00657398
-0.00567643
0.0225668
-0.00480456
-0.00423536
0.0135879
-0.00303774
-0.00304784
0.00617106
-0.00133586
0.0063664
0.0557299
-0.00923559
0.00630058
0.0444658
-0.00744545
0.00609898
0.0332768
-0.00566106
0.00536537
0.0226879
-0.00402403
0.00454278
0.013363
-0.0024766
0.00337304
0.00611114
-0.000970844
0.000934966
0.0562098
-0.00969943
0.000974528
0.0449026
-0.00791532
0.000992151
0.0336378
-0.00612679
0.000863759
0.0229775
-0.00446086
0.00102919
0.013554
-0.00273859
0.00113168
0.00596993
-0.00120121
-0.00109242
0.0552741
-0.00970233
-0.00104121
0.044013
-0.00791101
-0.000932331
0.0327766
-0.00614983
-0.000928704
0.0221697
-0.00436008
-0.000731494
0.0129161
-0.00274862
-0.000499785
0.00573273
-0.00124713
-0.000849888
0.00191916
-0.000287141
-0.00369499
0.0249921
-0.00503933
