-0.0075887
0.0607522
-0.0112162
0.0053361
0.0607372
-0.010291
0.000361048
0.000199492
0.000126813
-0.000292367
-2.7571e-05
-0.000124601
-0.00548355
0.0616626
-0.0112076
0.00744152
0.0616712
-0.0103014
0.000264722
2.37623e-05
-0.000149116
-0.000209378
0.000106782
0.00011887
-0.0075562
0.0496146
-0.00940452
-0.00737537
0.038393
-0.0076026
-0.00688984
0.0273015
-0.00589311
-0.00590588
0.0176974
-0.00420198
-0.00447936
0.00941656
-0.00233332
-0.00271975
0.00339775
-0.000882795
0.00534262
0.0495655
-0.00848205
0.0052928
0.0382891
-0.00664338
0.00494823
0.0275081
-0.00471348
0.00420565
0.0170921
-0.00317912
0.00329388
0.00918294
-0.00155272
0.00204653
0.00320698
-1.12832e-05
-0.00546405
0.0505073
-0.00938118
-0.00531026
0.0392451
-0.00751594
-0.00493635
0.0281086
-0.00566035
-0.00411785
0.018412
-0.00364744
-0.00286173
0.00974158
-0.00197779
-0.00161589
0.00292887
-0.000326624
0.00745137
0.050472
-0.00850034
0.00735621
0.0391953
-0.00671013
0.00682296
0.0283506
-0.00498105
0.00601008
0.0178854
-0.00352476
0.00504131
0.00963394
-0.00194582
0.00302585
0.00397717
-0.000510373
-0.00112661
0.060748
-0.0107581
-0.0014847
0.00146749
-0.000344386
-0.00652573
0.0612107
-0.0112061
0.00134638
0.00126913
0.000193267
0.00635414
0.0612066
-0.0102973
-0.000301798
-0.00017893
7.14284e-05
0.000518093
0.00020377
-8.90378e-05
-0.000458957
0.000143473
-5.14666e-05
0.000958446
0.0616613
-0.0107599
-0.000804557
0.00105377
0.000228394
0.00160321
0.00167621
-0.00045447
0.000102048
-7.53227e-05
2.226e-05
-0.0075813
0.0552049
-0.0103132
-0.00749495
0.0440033
-0.00849608
-0.00718152
0.0328367
-0.00672086
-0.006649
0.022106
-0.00501036
-0.00517178
0.0132538
-0.00320629
-0.00370335
0.00611828
-0.00151329
0.00533924
0.0551759
-0.00939464
0.00533436
0.0439302
-0.00755757
0.00519356
0.0327647
-0.00571614
0.00465328
0.0222831
-0.00384901
0.00374568
0.0129931
-0.00235457
0.00274918
0.00587744
-0.000770681
-0.00548463
0.0561101
-0.0102985
-0.00541071
0.0448698
-0.00845052
-0.00517305
0.033665
-0.00657661
-0.00465916
0.0229289
-0.00473279
-0.00342013
0.0137417
-0.00283678
-0.00228269
0.00621072
-0.00111092
0.00744873
0.0560954
-0.00939985
0.00741127
0.0448381
-0.00759885
0.00722793
0.0336074
-0.00583124
0.00642018
0.0231138
-0.00421359
0.00557402
0.0136111
-0.00269897
0.00430328
0.0062189
-0.00123344
-0.00648745
0.0500658
-0.00939709
-0.00634023
0.0388415
-0.00755405
-0.00592743
0.02778
-0.00575726
-0.00495354
0.0182188
-0.00396253
-0.00365273
0.00960281
-0.00218079
-0.00237474
0.00313023
-0.000634292
0.00633754
0.0500213
-0.00849301
0.0062269
0.0387657
-0.00667413
0.00578512
0.0279194
-0.00479782
0.004973
0.0175697
-0.00339553
0.00401034
0.00946624
-0.00175084
0.00247186
0.00356164
-0.000225131
0.000967312
0.0504822
-0.00894665
0.000984575
0.0391999
-0.00711764
0.00100058
0.0280909
-0.00535195
0.000903773
0.018008
-0.00353009
0.00108709
0.00951879
-0.00197887
0.00103045
0.00310982
-0.000628354
-0.00108956
0.0495802
-0.00894699
-0.000992121
0.0382939
-0.00713782
-0.000926412
0.0273133
-0.00539914
-0.000943073
0.0171689
-0.00362435
-0.000625343
0.00908014
-0.00198982
-0.000418026
0.00291892
-0.000615668
-0.000324104
0.00103108
-0.000207108
0.000297145
0.000893831
-0.000328467
-8.98408e-05
0.0612077
-0.0107521
0.00161291
0.00135829
-0.000127601
1.64176e-05
-0.000149289
2.91338e-05
-0.00135201
0.00118516
-2.78383e-05
-0.00651384
0.0556633
-0.0103078
-0.00643317
0.0444447
-0.00847709
-0.0061535
0.0332651
-0.00665781
-0.00566587
0.0225387
-0.00486065
-0.00422883
0.0135739
-0.00306968
-0.00304406
0.00616661
-0.00134948
0.00635231
0.0556331
-0.00939842
0.00628686
0.0443934
-0.00757741
0.0060864
0.0332277
-0.00576234
0.00535559
0.0226593
-0.0040958
0.00453579
0.0133496
-0.00252113
0.0033692
0.00610644
-0.000991677
0.000951924
0.056103
-0.00985228
0.000991021
0.0448206
-0.00803804
0.00100756
0.0335805
-0.00621947
0.00087843
0.0229419
-0.00452498
0.001041
0.0135346
-0.0027773
0.00114023
0.00596297
-0.00121929
-0.00110988
0.0551873
-0.00985524
-0.00105857
0.0439503
-0.0080337
-0.000948819
0.0327368
-0.00624274
-0.000943296
0.0221489
-0.00442484
-0.000744354
0.0129101
-0.00278768
-0.000509548
0.00573289
-0.00126514
-0.000844441
0.00191804
-0.000292434
-0.0036766
0.0249546
-0.00510346
