0.00738106
-0.0687415
0.00307171
-0.0058089
-0.0687343
0.00229316
-0.000558438
-0.000315811
-0.000157678
0.000338183
4.66544e-05
0.000117177
0.00658542
-0.0695146
0.00306905
-0.00660633
-0.0695211
0.00229251
-0.000296631
-6.98991e-06
0.000141547
0.000403547
-0.00021484
-0.000172588
0.00736954
-0.0574144
0.00238379
0.00727866
-0.0459609
0.00175204
0.00698709
-0.0343587
0.00130551
0.00625782
-0.0233794
0.000979372
0.00500507
-0.0132416
0.000477671
0.00310221
-0.00511353
0.000186356
-0.00583804
-0.0573878
0.00158864
-0.00591535
-0.0458762
0.000869636
-0.00586472
-0.0344123
0.000168504
-0.00548747
-0.0228658
-0.000182092
-0.00475057
-0.012895
-0.000535509
-0.00321129
-0.00483981
-0.00101581
0.00658793
-0.0581967
0.00237538
0.00656298
-0.0467897
0.00170664
0.00641995
-0.0352509
0.00114923
0.00582517
-0.0243139
0.00051388
0.0046503
-0.0138309
7.84665e-05
0.00292903
-0.00458256
-0.000574973
-0.00662298
-0.0581927
0.00157498
-0.0066134
-0.0467761
0.000868677
-0.00638831
-0.035367
0.000303073
-0.0059362
-0.0238802
5.35018e-05
-0.00531415
-0.013552
-0.000145761
-0.00330015
-0.00570122
-0.000313289
0.0007832
-0.0687416
0.0026846
0.00167685
-0.00228903
3.37992e-05
0.00698013
-0.0691284
0.0030674
-0.00214574
-0.00206093
-0.000709974
-0.0061882
-0.0691277
0.00229078
0.000208162
0.00018417
-0.000138311
-0.000712093
-0.000269074
0.000152134
0.000670585
-0.000198722
0.000103493
2.83106e-06
-0.0695166
0.0026843
0.00149014
-0.00175632
-0.000794237
-0.00177094
-0.00239347
0.000150612
1.37166e-05
7.75872e-05
-0.000108758
0.00737902
-0.0630889
0.00272898
0.0073425
-0.0517074
0.00205162
0.00716827
-0.040188
0.0014938
0.00683501
-0.028593
0.0011024
0.00565706
-0.0180942
0.000691175
0.00419516
-0.00887089
0.000263121
-0.00581603
-0.0630779
0.00195069
-0.00587601
-0.0516562
0.00121823
-0.00593428
-0.0401024
0.000531033
-0.00574729
-0.0286966
-7.20665e-05
-0.00516007
-0.0177682
-0.000365015
-0.00414086
-0.00850347
-0.000735964
0.00658752
-0.0638638
0.00272308
0.0065832
-0.0525031
0.00203278
0.00652701
-0.0410501
0.00140965
0.0062456
-0.0295738
0.000882073
0.00523631
-0.0188575
0.000339775
0.00391269
-0.0091471
-0.000253028
-0.00661222
-0.0638658
0.00194059
-0.00661511
-0.0525063
0.00120903
-0.00658202
-0.0410149
0.000560427
-0.0061829
-0.029684
0.000136631
-0.00567837
-0.0186354
-7.93433e-05
-0.00468985
-0.00894784
-0.000201912
0.00696741
-0.0578053
0.00237894
0.00691089
-0.0463885
0.0017178
0.00668637
-0.0348498
0.00121309
0.00594262
-0.0239898
0.000787424
0.00476204
-0.0135741
0.000330602
0.00320283
-0.00484751
-8.492e-05
-0.00620164
-0.0577836
0.00157729
-0.00620955
-0.0463275
0.000860686
-0.00604505
-0.0348849
0.000202021
-0.00555968
-0.0234081
-1.95987e-05
-0.00479904
-0.0133038
-0.000297523
-0.00310286
-0.00532399
-0.000657174
4.12978e-06
-0.0581946
0.00197963
1.32313e-05
-0.0467834
0.00129376
-1.52511e-05
-0.0352394
0.000753396
-1.90705e-05
-0.0240019
0.000276604
-0.000351022
-0.0135405
1.41784e-06
-0.000616161
-0.00473019
-0.000217714
0.00075748
-0.0574006
0.00198905
0.000659103
-0.0459018
0.00132622
0.000541204
-0.034337
0.000793998
0.000501313
-0.0229517
0.000341374
0.000182719
-0.0128531
2.08019e-05
3.19068e-06
-0.00451678
-0.000153437
8.40878e-06
-0.0017626
-6.88294e-05
2.0097e-05
-0.0014812
-2.5274e-05
0.000397458
-0.0691279
0.00268197
-0.00205935
-0.00214712
-0.000157554
6.34813e-07
0.000165029
1.64272e-05
0.00187334
-0.00195111
-0.000333321
0.00697692
-0.063478
0.00272535
0.0069487
-0.0521076
0.00203922
0.00681528
-0.0406261
0.00145178
0.00650659
-0.0291231
0.000988109
0.005339
-0.0185504
0.000570338
0.00405886
-0.00903384
9.28996e-05
-0.00619173
-0.063467
0.00194366
-0.00620254
-0.0520773
0.00120409
-0.00617887
-0.0405711
0.000533768
-0.00580935
-0.0291608
6.93535e-05
-0.00524666
-0.018239
-0.000201258
-0.00415188
-0.00884794
-0.000421743
7.02763e-06
-0.063865
0.00233238
-1.21591e-06
-0.0524918
0.00163567
-3.03108e-06
-0.0410157
0.00099945
4.46937e-05
-0.0295778
0.000567286
-0.000195954
-0.0186379
0.000160629
-0.000563886
-0.00877895
-0.000160729
0.000773237
-0.0630823
0.00234096
0.000727002
-0.0516816
0.00163962
0.000599149
-0.0401207
0.00102912
0.000517231
-0.0286349
0.000504499
0.00031418
-0.017752
0.000167109
6.43255e-05
-0.00839602
-8.19441e-05
0.00156316
-0.00307063
-0.000279002
0.00484109
-0.031797
0.000943308
