-0.00758766
0.0604853
-0.0115174
0.00526787
0.0604703
-0.0106345
0.000358429
0.00019818
0.000126507
-0.000293001
-2.6711e-05
-0.000125472
-0.00541602
0.0613534
-0.0115089
0.00744003
0.0613621
-0.0106447
0.000265373
2.43613e-05
-0.000149952
-0.000206658
0.00010529
0.000118552
-0.00755543
0.0494074
-0.00964826
-0.00737525
0.038245
-0.00778905
-0.00689131
0.0272092
-0.00602496
-0.00590983
0.0176498
-0.00428212
-0.00448644
0.00939986
-0.00237415
-0.00272655
0.00339626
-0.000895031
0.00527452
0.0493585
-0.00876736
0.00522684
0.038141
-0.00686952
0.00488844
0.0274126
-0.00488201
0.00415541
0.0170466
-0.00329348
0.00325657
0.00916438
-0.00161765
0.00202527
0.00320199
-3.78981e-05
-0.0053968
0.0502584
-0.0096252
-0.00524517
0.0390574
-0.00770311
-0.00487648
0.0279809
-0.00579394
-0.00406834
0.0183295
-0.00373146
-0.00282497
0.00969996
-0.0020212
-0.00159389
0.00291755
-0.000342729
0.00744973
0.0502238
-0.00878527
0.00735436
0.0390091
-0.00693521
0.00682369
0.0282223
-0.00514686
0.00601403
0.017809
-0.00363623
0.00504466
0.00959693
-0.00200773
0.00303057
0.00396642
-0.000531371
-0.00116003
0.0604811
-0.0110805
-0.00148994
0.0014682
-0.000349075
-0.00649152
0.0609227
-0.0115073
0.00133396
0.00126594
0.000181892
0.0063193
0.0609186
-0.0106407
-0.000305288
-0.00017866
7.02948e-05
0.000516291
0.000203755
-8.80251e-05
-0.000456909
0.00014371
-4.99929e-05
0.000991389
0.0613523
-0.0110822
-0.000794492
0.0010497
0.00021956
0.00160694
0.00167456
-0.000462671
0.000104774
-7.52281e-05
2.07047e-05
-0.00758034
0.0549677
-0.0105858
-0.00749452
0.0438259
-0.00871097
-0.00718201
0.032717
-0.00687963
-0.0066499
0.0220382
-0.00511571
-0.00517793
0.013224
-0.00326569
-0.00371056
0.00611087
-0.0015384
0.00527098
0.0549389
-0.00970927
0.00526697
0.0437529
-0.00781319
0.00512991
0.0326444
-0.00591299
0.00459761
0.0222121
-0.00399064
0.0037019
0.0129623
-0.00244319
0.00271924
0.00586771
-0.000814536
-0.00541712
0.0558308
-0.0105712
-0.00534421
0.0446515
-0.00866596
-0.00511019
0.0335074
-0.00673656
-0.00460369
0.0228271
-0.00484053
-0.00337675
0.0136814
-0.00289907
-0.00225285
0.0061848
-0.00113899
0.00744716
0.0558165
-0.00971433
0.00740948
0.044621
-0.00785381
0.00722621
0.0334518
-0.00602667
0.00642293
0.023012
-0.00435168
0.0055777
0.0135553
-0.00278487
0.00430621
0.00619777
-0.00127381
-0.00645358
0.0498376
-0.0096409
-0.00630775
0.0386733
-0.00774045
-0.0058979
0.027669
-0.00588956
-0.0049307
0.0181522
-0.00404432
-0.0036379
0.00957268
-0.00222179
-0.00236677
0.00312277
-0.00064668
0.006303
0.0497935
-0.00877798
0.00619366
0.0385981
-0.0068994
0.00575622
0.0278069
-0.00496506
0.00495033
0.017508
-0.00350711
0.00399445
0.00943665
-0.00181294
0.00246482
0.00355099
-0.000248158
0.000999881
0.0502337
-0.00921114
0.00101541
0.0390132
-0.00732369
0.00102913
0.027964
-0.00550178
0.000929858
0.0179289
-0.00362818
0.0011064
0.00948026
-0.00203168
0.00104275
0.0030997
-0.000648181
-0.001123
0.0493732
-0.00921163
-0.00102463
0.0381462
-0.00734464
-0.000956509
0.0272201
-0.00554901
-0.000968936
0.0171236
-0.00372226
-0.000647323
0.00906354
-0.00204305
-0.000433059
0.00291685
-0.000633791
-0.000333902
0.0010301
-0.000212657
0.000304806
0.000891763
-0.000336425
-9.0073e-05
0.0609196
-0.0110745
0.00160927
0.00135468
-0.000134757
1.67576e-05
-0.000148863
3.03137e-05
-0.0013479
0.00118237
-3.23309e-05
-0.00647974
0.055405
-0.0105805
-0.00639981
0.0442467
-0.0086921
-0.00612226
0.033126
-0.00681679
-0.00563822
0.0224536
-0.00496643
-0.00421053
0.0135276
-0.00312943
-0.00303254
0.00614907
-0.00137479
0.00631752
0.055375
-0.00971293
0.00625281
0.044196
-0.00783234
0.0060547
0.0330889
-0.00595809
0.00532996
0.0225732
-0.00423456
0.00451639
0.0133049
-0.00260731
0.00335731
0.00608854
-0.00103226
0.000984817
0.0558239
-0.0101458
0.00102297
0.044603
-0.0082735
0.00103731
0.0334242
-0.00639709
0.000906771
0.022841
-0.00464759
0.00106347
0.0134773
-0.00285122
0.00115598
0.00594046
-0.00125391
-0.00114335
0.0549502
-0.0101489
-0.00109185
0.0437731
-0.00826911
-0.000980453
0.0326173
-0.00642078
-0.0009712
0.0220795
-0.0045488
-0.00076905
0.0128812
-0.00286229
-0.000528377
0.00572533
-0.00129952
-0.00083241
0.00191283
-0.000302567
-0.00363563
0.0248477
-0.00522505
