-0.00758302
0.0603173
-0.0116608
0.00523114
0.0603024
-0.0107998
0.000356877
0.000197387
0.000126268
-0.00029312
-2.62661e-05
-0.000125822
-0.00537942
0.0611635
-0.0116523
0.00743537
0.0611721
-0.01081
0.00026552
2.46414e-05
-0.000150274
-0.000205149
0.000104461
0.000118316
-0.00755091
0.0492751
-0.00976401
-0.00737108
0.0381481
-0.00787731
-0.00688806
0.0271461
-0.00608706
-0.00590824
0.0176145
-0.00431947
-0.00448711
0.0093851
-0.002393
-0.00272814
0.00339309
-0.000900539
0.00523785
0.0492263
-0.00890479
0.00519122
0.0380441
-0.00697849
0.00485595
0.0273478
-0.00496335
0.00412791
0.0170127
-0.00334874
0.00323591
0.00914888
-0.0016492
0.0020133
0.00319724
-5.12427e-05
-0.00536035
0.0501044
-0.00974111
-0.00520982
0.0389397
-0.00779175
-0.00484383
0.0278993
-0.00585698
-0.00404116
0.0182761
-0.00377098
-0.00280474
0.00967235
-0.00204154
-0.0015818
0.00290966
-0.000350531
0.00744499
0.0500701
-0.00892252
0.00734949
0.0388924
-0.00704365
0.00682024
0.0281402
-0.00522676
0.00601247
0.0177589
-0.00368992
0.00504321
0.00957173
-0.00203757
0.00303098
0.00395816
-0.000541609
-0.00117599
0.0603131
-0.0112348
-0.00149155
0.00146747
-0.000351178
-0.00647095
0.0607437
-0.0116507
0.00132685
0.00126343
0.000176045
0.00629862
0.0607397
-0.010806
-0.000306838
-0.00017841
6.96848e-05
0.000515045
0.00020361
-8.74667e-05
-0.00045557
0.000143721
-4.92175e-05
0.00100733
0.0611623
-0.0112366
-0.000788909
0.00104682
0.000215009
0.00160774
0.00167248
-0.000466516
0.000106073
-7.5143e-05
1.99103e-05
-0.00757573
0.0548175
-0.0107154
-0.00749017
0.0437114
-0.00881288
-0.00717819
0.0326371
-0.00695463
-0.00664646
0.0219902
-0.00516511
-0.00517777
0.0132003
-0.00329328
-0.00371175
0.00610292
-0.00154993
0.00523424
0.0547887
-0.00986081
0.00523065
0.0436384
-0.00793635
0.00509545
0.0325643
-0.0060079
0.00456726
0.0221625
-0.00405908
0.00367779
0.0129382
-0.0024861
0.00270254
0.00585879
-0.000836032
-0.00538054
0.0556587
-0.0107009
-0.00530813
0.0445157
-0.00876816
-0.00507597
0.0334078
-0.00681218
-0.00457332
0.0227614
-0.00489124
-0.00335294
0.013642
-0.00292828
-0.00223642
0.00616737
-0.00115223
0.00744247
0.0556445
-0.00986579
0.00740465
0.0444858
-0.00797663
0.00722143
0.0333532
-0.00612085
0.00642062
0.0229462
-0.00441823
0.00557618
0.0135182
-0.00282626
0.00430495
0.00618277
-0.00129332
-0.00643317
0.0496944
-0.00975669
-0.00628806
0.0385659
-0.0078287
-0.0058798
0.0275962
-0.00595192
-0.00491633
0.018107
-0.0040826
-0.00362816
0.00955101
-0.0022408
-0.00236121
0.00311673
-0.00065241
0.00628248
0.0496505
-0.00891524
0.00617379
0.038491
-0.00700794
0.00573862
0.0277332
-0.00504573
0.00493611
0.0174656
-0.00356089
0.00398405
0.00941535
-0.00184296
0.0024597
0.00354313
-0.000259575
0.00101563
0.0500799
-0.00933772
0.00103029
0.0388961
-0.0074222
0.00104285
0.0278829
-0.0055733
0.000942383
0.0178775
-0.00367498
0.00111543
0.00945434
-0.00205683
0.00104827
0.00309229
-0.000657701
-0.00113897
0.049241
-0.00933828
-0.00104017
0.0380494
-0.00744351
-0.000970885
0.0271566
-0.00562053
-0.000981235
0.0170897
-0.00376891
-0.00065787
0.00904905
-0.0020684
-0.000440292
0.00291373
-0.000642453
-0.000338589
0.00102883
-0.000215292
0.000308452
0.000889978
-0.000340189
-9.00771e-05
0.0607407
-0.0112289
0.00160639
0.00135187
-0.000138282
1.69123e-05
-0.000148565
3.0884e-05
-0.00134494
0.00118004
-3.45323e-05
-0.00645922
0.0552438
-0.0107101
-0.00637967
0.0441214
-0.00879408
-0.00610323
0.033036
-0.0068919
-0.00562115
0.0223965
-0.00501611
-0.00419876
0.0134954
-0.00315725
-0.0030248
0.00613593
-0.00138651
0.00629687
0.055214
-0.0098644
0.00623254
0.0440711
-0.00795515
0.00603562
0.0329991
-0.00605243
0.00531413
0.0225156
-0.00430148
0.004504
0.0132736
-0.00264892
0.00334925
0.0060753
-0.001052
0.00100073
0.0556518
-0.0102864
0.0010384
0.0444675
-0.00838613
0.00105163
0.0333254
-0.00648194
0.000920428
0.0227757
-0.00470605
0.00107412
0.0134394
-0.00288643
0.00116316
0.0059249
-0.00127044
-0.00115932
0.0548
-0.0102895
-0.00110775
0.0436588
-0.00838172
-0.000995574
0.0325376
-0.00650584
-0.000984496
0.0220306
-0.00460796
-0.000780871
0.0128581
-0.00289782
-0.000537436
0.00571755
-0.0013159
-0.000825825
0.00190874
-0.000307416
-0.00361307
0.0247784
-0.00528251
