-0.00757563
0.0601265
-0.0117992
0.00519273
0.0601115
-0.0109608
0.000355163
0.000196504
0.000125972
-0.000293107
-2.58117e-05
-0.000126115
-0.00534099
0.0609502
-0.0117908
0.00742812
0.0609588
-0.010971
0.000265549
2.49085e-05
-0.000150531
-0.000203538
0.000103578
0.000118029
-0.00754365
0.0491237
-0.00987566
-0.00736418
0.038036
-0.00796225
-0.00688217
0.0270716
-0.00614661
-0.00590428
0.0175716
-0.00435502
-0.00448586
0.00936604
-0.00241083
-0.00272852
0.00338828
-0.000905651
0.00519949
0.049075
-0.00903862
0.00515389
0.037932
-0.00708464
0.00482177
0.0272717
-0.00504267
0.00409885
0.0169713
-0.00340268
0.00321391
0.0091292
-0.00168011
0.00200045
0.00319097
-6.46041e-05
-0.00532205
0.0499308
-0.0098529
-0.00517263
0.0388064
-0.00787708
-0.00480941
0.0278059
-0.00591752
-0.00401238
0.0182147
-0.00380885
-0.00278329
0.00964021
-0.00206098
-0.00156898
0.00290027
-0.000358173
0.00743764
0.0498969
-0.00905616
0.00734202
0.0387599
-0.00714927
0.00681426
0.0280464
-0.00530459
0.00600855
0.0177009
-0.0037422
0.00503969
0.00954206
-0.00206664
0.00303008
0.00394798
-0.000551667
-0.00119142
0.0601223
-0.0113846
-0.00149249
0.00146602
-0.000353125
-0.00644808
0.0605416
-0.0117892
0.00131914
0.00126031
0.000170095
0.00627581
0.0605376
-0.0109669
-0.000308257
-0.000178085
6.90455e-05
0.000513567
0.000203371
-8.68728e-05
-0.000454021
0.000143659
-4.84173e-05
0.00102289
0.060949
-0.0113863
-0.000782957
0.00104336
0.000210365
0.00160783
0.00166955
-0.000470188
0.00010733
-7.50324e-05
1.91045e-05
-0.00756838
0.0546464
-0.0108405
-0.00748309
0.0435797
-0.00891107
-0.00717168
0.032544
-0.0070267
-0.00664045
0.0219327
-0.00521234
-0.00517546
0.0131706
-0.00331948
-0.00371132
0.00609209
-0.00156079
0.0051958
0.0546177
-0.0100083
0.00519262
0.0435069
-0.00805628
0.00505927
0.0324709
-0.00610037
0.00453525
0.0221034
-0.00412587
0.00365223
0.0129084
-0.00252803
0.00268468
0.00584713
-0.000857226
-0.00534211
0.0554651
-0.0108261
-0.00527022
0.0443622
-0.00886664
-0.00503994
0.0332945
-0.0068849
-0.00454122
0.0226858
-0.00493985
-0.00332772
0.0135963
-0.0029562
-0.00221898
0.00614695
-0.00116495
0.00743517
0.0554511
-0.0100133
0.00739721
0.044333
-0.00809624
0.00721405
0.0332409
-0.00621257
0.00641584
0.0228706
-0.00448305
0.00557242
0.0134749
-0.00286657
0.00430187
0.00616481
-0.00131234
-0.00641047
0.0495318
-0.00986837
-0.0062661
0.038443
-0.00791363
-0.00585949
0.0275117
-0.00601176
-0.00490002
0.0180539
-0.00411913
-0.00361686
0.00952491
-0.00225885
-0.00235461
0.00310914
-0.00065784
0.00625981
0.0494881
-0.0090489
0.00615178
0.0383685
-0.00711365
0.00571894
0.0276479
-0.00512437
0.00491999
0.0174154
-0.0036133
0.00397203
0.00938971
-0.00187229
0.00245353
0.00353356
-0.00027092
0.00103101
0.0499065
-0.00946044
0.00104479
0.0387632
-0.00751763
0.00105619
0.0277899
-0.00564253
0.000954555
0.017818
-0.00372026
0.00112403
0.00942398
-0.00208113
0.00105335
0.00308332
-0.00066696
-0.00115443
0.0490897
-0.00946107
-0.00105522
0.0379375
-0.0075393
-0.000984802
0.0270817
-0.00568974
-0.000993103
0.0170483
-0.00381401
-0.000668116
0.00903039
-0.00209289
-0.000447332
0.00290918
-0.00065085
-0.000343134
0.00102704
-0.000217835
0.000311975
0.000887692
-0.000343811
-9.00063e-05
0.0605386
-0.0113786
0.00160281
0.00134838
-0.000141768
1.70573e-05
-0.00014821
3.14414e-05
-0.00134138
0.0011771
-3.67104e-05
-0.00643641
0.0550614
-0.0108352
-0.00635724
0.0439788
-0.00889233
-0.00608196
0.0329326
-0.0069641
-0.00560193
0.0223298
-0.00506367
-0.00418524
0.0134571
-0.00318372
-0.00301574
0.00611986
-0.00139761
0.00627408
0.0550317
-0.0100119
0.00621012
0.0439288
-0.00807475
0.00601441
0.0328958
-0.00614433
0.00529629
0.0224484
-0.0043667
0.00448981
0.0132363
-0.0026895
0.00333979
0.00605919
-0.00107134
0.00101627
0.0554583
-0.0104227
0.00105345
0.0443144
-0.00849529
0.00106558
0.0332127
-0.00656412
0.000933731
0.0227005
-0.00476258
0.00108438
0.0133954
-0.00292045
0.00116989
0.00590646
-0.00128646
-0.00117478
0.0546289
-0.0104258
-0.00112313
0.0435273
-0.00849086
-0.00101022
0.0324447
-0.00658821
-0.000997344
0.0219724
-0.0046652
-0.000792332
0.0128292
-0.00293216
-0.000546252
0.00570707
-0.00133174
-0.000818859
0.00190364
-0.000312127
-0.00358916
0.0246984
-0.00533774
