-0.00756551
0.0599129
-0.0119328
0.00515264
0.0598979
-0.0111173
0.000353286
0.00019553
0.000125619
-0.000292962
-2.53481e-05
-0.000126352
-0.00530074
0.0607136
-0.0119244
0.00741828
0.0607223
-0.0111274
0.000265458
2.51629e-05
-0.000150723
-0.000201828
0.000102639
0.000117688
-0.00753365
0.0489533
-0.00998316
-0.00735456
0.0379086
-0.00804385
-0.00687363
0.0269858
-0.00620361
-0.00589794
0.017521
-0.00438878
-0.00448269
0.00934265
-0.00242766
-0.00272769
0.00338182
-0.000910376
0.00515945
0.0489047
-0.00916874
0.00511487
0.0378046
-0.00718789
0.00478592
0.0271842
-0.00511991
0.00406825
0.0169224
-0.00345527
0.00319059
0.00910532
-0.00171038
0.0019867
0.00318317
-7.79758e-05
-0.00528195
0.0497377
-0.00996055
-0.00513364
0.0386574
-0.00795909
-0.00477322
0.0277007
-0.00597556
-0.00398202
0.0181452
-0.00384509
-0.00276063
0.00960355
-0.00207953
-0.00155543
0.00288939
-0.000365664
0.0074277
0.0497041
-0.0091861
0.00733194
0.0386118
-0.00725199
0.00680575
0.0279408
-0.0053803
0.00600227
0.017635
-0.00379304
0.00503409
0.00950793
-0.00209493
0.00302788
0.00393588
-0.000561538
-0.00120632
0.0599087
-0.0115296
-0.00149276
0.00146382
-0.000354922
-0.00642295
0.0603165
-0.0119228
0.00131083
0.00125656
0.000164044
0.00625087
0.0603125
-0.0111234
-0.000309547
-0.000177686
6.83766e-05
0.000511859
0.000203038
-8.62431e-05
-0.000452262
0.000143526
-4.75931e-05
0.00103807
0.0607125
-0.0115313
-0.000776635
0.00103934
0.000205625
0.00160721
0.00166578
-0.000473684
0.000108544
-7.4896e-05
1.82872e-05
-0.00755829
0.0544543
-0.0109611
-0.00747327
0.0434309
-0.00900552
-0.00716246
0.0324376
-0.00709582
-0.00663186
0.0218659
-0.00525741
-0.00517099
0.0131351
-0.0033443
-0.00370927
0.00607838
-0.00157098
0.00515569
0.0544257
-0.0101518
0.00515291
0.0433582
-0.00817292
0.00502139
0.0323643
-0.00619036
0.00450161
0.0220349
-0.00419097
0.00362522
0.0128727
-0.00256896
0.00266567
0.00583273
-0.000878106
-0.00530188
0.0552501
-0.0109467
-0.0052305
0.0441912
-0.00896138
-0.00500212
0.0331675
-0.0069547
-0.00450741
0.0226004
-0.00498636
-0.00330111
0.0135444
-0.00298286
-0.00220054
0.00612356
-0.00117717
0.00742528
0.0552363
-0.0101566
0.00738718
0.0441625
-0.00821256
0.00720406
0.033115
-0.0063018
0.00640861
0.022785
-0.00454612
0.00556641
0.0134254
-0.00290579
0.00429697
0.0061439
-0.00133089
-0.00638551
0.04935
-0.00997591
-0.00624187
0.0383047
-0.00799524
-0.00583699
0.0274157
-0.00606907
-0.00488175
0.017993
-0.00415394
-0.00360401
0.00949438
-0.00227593
-0.00234697
0.00309999
-0.000662981
0.00623502
0.0493065
-0.00917885
0.00612764
0.0382306
-0.00721647
0.00569719
0.027551
-0.00520093
0.00490196
0.0173576
-0.00366431
0.00395838
0.00935972
-0.00190089
0.00244629
0.00352228
-0.000282187
0.001046
0.0497136
-0.00957924
0.00105892
0.0386148
-0.00760996
0.00106914
0.0276852
-0.00570943
0.000966365
0.0177507
-0.00376401
0.0011322
0.00938918
-0.0021046
0.001058
0.0030728
-0.000675956
-0.00116935
0.0489194
-0.00957993
-0.00106976
0.0378103
-0.00763197
-0.00099825
0.0269955
-0.00575661
-0.00100453
0.0169994
-0.00385755
-0.000678055
0.00900755
-0.00211653
-0.000454177
0.00290321
-0.000658983
-0.000347536
0.00102472
-0.000220288
0.000315375
0.000884907
-0.000347292
-8.98614e-05
0.0603135
-0.0115237
0.00159852
0.00134421
-0.000145213
1.71926e-05
-0.000147798
3.1986e-05
-0.00133721
0.00117353
-3.887e-05
-0.00641133
0.0548578
-0.0109558
-0.00633254
0.0438188
-0.00898686
-0.00605845
0.0328156
-0.00703336
-0.00558058
0.0222535
-0.0051091
-0.00416998
0.0134127
-0.00320885
-0.00300536
0.00610087
-0.00140811
0.00624916
0.0548283
-0.0101553
0.00618557
0.0437691
-0.00819105
0.00599108
0.032779
-0.00623375
0.00527647
0.0223716
-0.00443019
0.00447383
0.013193
-0.00272903
0.00332892
0.0060402
-0.00109029
0.00103143
0.0552434
-0.0105546
0.00106812
0.0441437
-0.00860094
0.00107914
0.0330864
-0.00664358
0.000946674
0.0226155
-0.00481717
0.00109423
0.0133453
-0.00295328
0.00117616
0.00588515
-0.00130196
-0.00118971
0.0544369
-0.0105579
-0.001138
0.0433786
-0.00859648
-0.00102438
0.0323385
-0.00666785
-0.00100974
0.0219048
-0.00472053
-0.000803426
0.0127945
-0.0029653
-0.000554822
0.00569388
-0.00134704
-0.000811514
0.00189755
-0.000316704
-0.0035639
0.0246079
-0.00539073
