-0.00749777
0.058832
-0.0124166
0.00497612
0.0588171
-0.0116961
0.000344165
0.000190717
0.000123651
-0.000291064
-2.34074e-05
-0.000126738
-0.00512217
0.0595379
-0.0124084
0.00735304
0.0595466
-0.0117061
0.000263909
2.60542e-05
-0.000150842
-0.000193992
9.83455e-05
0.000115799
-0.00746638
0.0480825
-0.0103713
-0.00728893
0.0372477
-0.00833676
-0.00681316
0.0265293
-0.00640616
-0.00584892
0.0172416
-0.00450614
-0.0044509
0.00920577
-0.00248512
-0.0027123
0.00333938
-0.000925589
0.00498306
0.0480344
-0.0096504
0.00494232
0.0371441
-0.00757054
0.00462616
0.026721
-0.00540722
0.00393062
0.0166516
-0.00365139
0.00308423
0.00896775
-0.00182457
0.00192293
0.00313656
-0.000131419
-0.00510392
0.0487731
-0.0103493
-0.00496009
0.037907
-0.00825371
-0.00461132
0.027164
-0.00618274
-0.00384508
0.0177881
-0.00397384
-0.00265802
0.00941227
-0.00214512
-0.00149403
0.00283123
-0.000394251
0.00736197
0.0487411
-0.00966707
0.00726561
0.0378649
-0.00763253
0.00674645
0.0274017
-0.00566102
0.00595362
0.0172933
-0.00398138
0.00499095
0.00932736
-0.00219997
0.00300605
0.0038685
-0.00059904
-0.00126042
0.0588279
-0.0120609
-0.00148711
0.00144761
-0.000360698
-0.0063
0.0591881
-0.0124068
0.00127163
0.00123529
0.000138905
0.00613013
0.0591842
-0.011702
-0.000313403
-0.000175364
6.5398e-05
0.00050272
0.000200771
-8.33571e-05
-0.000443138
0.000142275
-4.40717e-05
0.0010947
0.0595369
-0.0120627
-0.000747668
0.00101767
0.000185633
0.00159764
0.00164239
-0.000485859
0.000112978
-7.40848e-05
1.49035e-05
-0.00749068
0.0534781
-0.0113972
-0.00740672
0.0426654
-0.00934565
-0.00709873
0.0318794
-0.00734295
-0.00657179
0.0215044
-0.00541624
-0.00513158
0.0129334
-0.00343004
-0.00368493
0.00599461
-0.00160541
0.00497908
0.0534499
-0.0106825
0.00497775
0.0425931
-0.00860491
0.00485336
0.0318056
-0.0065242
0.00435104
0.0216665
-0.0044337
0.00350294
0.0126719
-0.00272223
0.00257827
0.00574755
-0.000958252
-0.00512335
0.0541793
-0.0113831
-0.00505398
0.0433336
-0.0093027
-0.00483334
0.0325239
-0.00720476
-0.00435543
0.0221616
-0.00515162
-0.00318101
0.0132757
-0.00307704
-0.0021169
0.00600066
-0.00122122
0.00735983
0.0541663
-0.0106871
0.00732106
0.0433074
-0.00864327
0.00713822
0.0324757
-0.00663253
0.00635518
0.0223453
-0.00477998
0.00552005
0.013167
-0.00305122
0.00425927
0.00603101
-0.00140002
-0.00626324
0.048432
-0.0103642
-0.00612266
0.0375984
-0.00828825
-0.00572532
0.0269168
-0.00627316
-0.00478946
0.0176705
-0.00427612
-0.00353728
0.00932824
-0.00233495
-0.002306
0.00304789
-0.000680828
0.00611484
0.0483895
-0.00965987
0.00601004
0.0375259
-0.00759741
0.00558967
0.0270488
-0.00548536
0.00481099
0.0170493
-0.00385362
0.0038876
0.00919647
-0.0020078
0.0024068
0.00346014
-0.000326348
0.00110189
0.0487498
-0.0100141
0.0011114
0.0378665
-0.0079474
0.0011169
0.0271503
-0.00595339
0.00100985
0.0174029
-0.00392348
0.00116057
0.0092062
-0.00218998
0.0010723
0.00301529
-0.00070932
-0.00122357
0.048049
-0.010015
-0.0011227
0.0371504
-0.00797066
-0.00104722
0.0265376
-0.00600033
-0.00104576
0.0167282
-0.00401588
-0.00071467
0.00887424
-0.00220252
-0.000479589
0.00286486
-0.0006889
-0.000363708
0.00101006
-0.00022923
0.000327743
0.000868875
-0.000359817
-8.85638e-05
0.0591851
-0.0120551
0.00157433
0.00132077
-0.000158525
1.7644e-05
-0.000145581
3.40395e-05
-0.00131448
0.00115308
-4.74212e-05
-0.00628859
0.0538342
-0.011392
-0.00621137
0.0430069
-0.00932727
-0.00594238
0.0322137
-0.00728115
-0.00547405
0.0218525
-0.00526978
-0.00409172
0.0131747
-0.00329625
-0.00295075
0.00599577
-0.00144434
0.00612852
0.0538052
-0.0106858
0.00606638
0.0429585
-0.00862173
0.00587684
0.0321781
-0.00656531
0.00517748
0.0219683
-0.004666
0.00439219
0.0129602
-0.00287623
0.00327146
0.00593562
-0.0011619
0.00108798
0.054173
-0.011038
0.00112272
0.0432876
-0.00898737
0.00112933
0.0324459
-0.00693374
0.000994682
0.0221784
-0.00501579
0.00112953
0.0130843
-0.00307261
0.00119657
0.00577159
-0.00135877
-0.00124391
0.0534609
-0.0110414
-0.00119204
0.0426138
-0.00898283
-0.00107597
0.0317814
-0.00695861
-0.00105463
0.02154
-0.00492226
-0.00084404
0.0125976
-0.00308579
-0.000586598
0.00561388
-0.00140281
-0.000778376
0.00186332
-0.000333767
-0.00344971
0.0241413
-0.00558039
