-0.00747403
0.0585056
-0.0125248
0.00492804
0.0584906
-0.0118285
0.000341485
0.000189287
0.000123023
-0.000290264
-2.29022e-05
-0.000126696
-0.00507324
0.0591874
-0.0125167
0.00733025
0.0591961
-0.0118384
0.000263228
2.62464e-05
-0.00015071
-0.000191788
9.71419e-05
0.000115195
-0.00744275
0.0478178
-0.0104577
-0.00726574
0.0370448
-0.00840158
-0.00679148
0.0263871
-0.00645046
-0.00583076
0.0171526
-0.00453113
-0.00443819
0.00916076
-0.0024971
-0.00270545
0.00332462
-0.000928518
0.004935
0.0477699
-0.00976066
0.00489515
0.0369414
-0.00765828
0.00458221
0.0265771
-0.00547339
0.00389249
0.0165653
-0.00369671
0.00305443
0.00892288
-0.00185132
0.00190483
0.00312105
-0.000144729
-0.00505512
0.0484846
-0.0104358
-0.00491241
0.0376813
-0.00831898
-0.00456664
0.0270013
-0.00622832
-0.00380706
0.0176794
-0.00400205
-0.00262944
0.0093535
-0.00215942
-0.00147691
0.00281312
-0.000401088
0.00733904
0.0484529
-0.00977717
0.00724253
0.0376401
-0.00771974
0.00672532
0.0272383
-0.00572543
0.00593559
0.0171887
-0.00402455
0.00497501
0.00927138
-0.00222411
0.00299737
0.003847
-0.000607887
-0.00127252
0.0585015
-0.0121812
-0.00148402
0.0014417
-0.000361812
-0.00626372
0.0588496
-0.012515
0.00126036
0.0012284
0.000132407
0.00609474
0.0588457
-0.0118343
-0.000314044
-0.000174606
6.45766e-05
0.000499865
0.00019997
-8.25422e-05
-0.000440342
0.000141787
-4.31399e-05
0.00110776
0.0591864
-0.012183
-0.000739518
0.0010109
0.000180366
0.00159349
0.00163451
-0.000488437
0.00011398
-7.38138e-05
1.40294e-05
-0.00746696
0.0531825
-0.0114946
-0.00738327
0.0424316
-0.0094212
-0.0070761
0.0317069
-0.00739738
-0.00655038
0.0213906
-0.00545063
-0.00511638
0.0128682
-0.00344817
-0.00367484
0.00596645
-0.00161249
0.00493098
0.0531543
-0.0108039
0.00492996
0.0423595
-0.00870387
0.0048073
0.0316331
-0.00660085
0.00430947
0.021551
-0.00448975
0.00346888
0.0126073
-0.00275782
0.00255363
0.00571938
-0.000977382
-0.00507443
0.0538596
-0.0114806
-0.00500556
0.0430764
-0.00937854
-0.00478687
0.0323297
-0.00725998
-0.00431334
0.0220281
-0.00518778
-0.00314764
0.0131935
-0.00309753
-0.00209357
0.00596274
-0.00123108
0.00733698
0.0538468
-0.0108084
0.00729803
0.0430509
-0.00874192
0.00711529
0.0322826
-0.00670838
0.00633571
0.0222114
-0.00483365
0.00550289
0.0130875
-0.0030846
0.00424534
0.00599561
-0.00141598
-0.00622713
0.0481553
-0.0104507
-0.00608734
0.037384
-0.00835312
-0.00569204
0.0267637
-0.00631792
-0.00476162
0.0175704
-0.00430246
-0.0035168
0.00927582
-0.00234745
-0.00229319
0.00303104
-0.000684656
0.00607958
0.048113
-0.00976998
0.00597542
0.0373119
-0.00768473
0.00555771
0.0268948
-0.00555078
0.00478358
0.0169533
-0.00389711
0.0038659
0.00914497
-0.00203256
0.00239432
0.0034404
-0.000337125
0.00111477
0.0484615
-0.0101124
0.00112346
0.0376414
-0.0080236
0.00112779
0.026988
-0.00600835
0.00101974
0.0172967
-0.00395942
0.00116655
0.0091497
-0.0022092
0.00107479
0.00299715
-0.000717004
-0.00123572
0.0477844
-0.0101134
-0.00113459
0.0369478
-0.00804714
-0.00105823
0.026395
-0.0060552
-0.00105491
0.0166417
-0.00405146
-0.000723022
0.00883047
-0.00222186
-0.000485442
0.00285167
-0.00069573
-0.000367391
0.00100504
-0.000231256
0.000330527
0.000863681
-0.000362603
-8.80691e-05
0.0588466
-0.0121754
0.00156654
0.00131323
-0.00016172
1.7736e-05
-0.000144885
3.45222e-05
-0.0013073
0.00114644
-4.95606e-05
-0.00625236
0.0535265
-0.0114894
-0.00617554
0.0427613
-0.00940289
-0.0059079
0.0320301
-0.00733578
-0.0054422
0.0217286
-0.00530473
-0.0040679
0.0131003
-0.00331489
-0.00293386
0.0059623
-0.00145201
0.00609315
0.0534977
-0.0108071
0.00603137
0.0427134
-0.00872037
0.00584308
0.0319948
-0.00664139
0.00514785
0.0218438
-0.00472021
0.00436738
0.0128873
-0.00291018
0.00325363
0.00590241
-0.00117869
0.00110103
0.0538533
-0.0111474
0.00113529
0.0430309
-0.00907472
0.00114081
0.0322524
-0.0069992
0.0010057
0.0220453
-0.00506043
0.00113729
0.0130041
-0.00309941
0.0012005
0.00573625
-0.00137168
-0.00125605
0.0531653
-0.0111508
-0.00120416
0.0423802
-0.00907015
-0.00108758
0.0316093
-0.00702421
-0.00106466
0.0214255
-0.00496772
-0.000853231
0.0125339
-0.00311287
-0.000593903
0.00558709
-0.0014154
-0.00076917
0.00185235
-0.000337746
-0.00341794
0.0239988
-0.00562222
