-0.00744756
0.0581568
-0.0126278
0.00487841
0.0581419
-0.0119557
0.000338648
0.000187767
0.000122341
-0.000289335
-2.23894e-05
-0.000126599
-0.00502264
0.0588144
-0.0126197
0.00730485
0.0588231
-0.0119656
0.00026243
2.64268e-05
-0.000150514
-0.000189489
9.58883e-05
0.000114537
-0.00741638
0.0475345
-0.0105399
-0.00723985
0.036827
-0.00846302
-0.00676719
0.0262338
-0.00649224
-0.00581027
0.0170561
-0.00455441
-0.0044236
0.00911148
-0.00250815
-0.00269742
0.00330821
-0.000931116
0.00488537
0.0474867
-0.0098667
0.00484639
0.0367238
-0.00774272
0.00453668
0.026422
-0.0055372
0.0038529
0.0164715
-0.00374048
0.00302337
0.00887388
-0.0018773
0.00188587
0.00310402
-0.000158
-0.00500465
0.0481773
-0.0105182
-0.00486306
0.0374406
-0.0083809
-0.00452033
0.0268273
-0.00627142
-0.00376755
0.0175629
-0.00402868
-0.00259973
0.00929046
-0.00217292
-0.0014591
0.00279362
-0.000407812
0.0073135
0.0481461
-0.00988305
0.00721683
0.0374004
-0.00780365
0.00670167
0.0270635
-0.00578743
0.00591522
0.0170765
-0.00406609
0.00495703
0.00921118
-0.00224736
0.0029874
0.00382369
-0.000616509
-0.00128403
0.0581527
-0.0122963
-0.00148028
0.00143505
-0.000362804
-0.00622524
0.0584887
-0.0126181
0.00124851
0.00122089
0.000125833
0.00605728
0.0584848
-0.0119615
-0.000314557
-0.000173781
6.37244e-05
0.000496784
0.000199077
-8.16895e-05
-0.000437344
0.00014123
-4.21896e-05
0.00112037
0.0588134
-0.0122981
-0.000731011
0.00100361
0.000174987
0.00158864
0.00162584
-0.000490823
0.00011494
-7.35146e-05
1.31444e-05
-0.00744052
0.0528664
-0.0115872
-0.0073571
0.0421811
-0.00949292
-0.00705079
0.0315214
-0.00744888
-0.00652642
0.0212676
-0.00548292
-0.00509905
0.0127972
-0.003465
-0.00366316
0.00593544
-0.00161898
0.00488132
0.0528383
-0.0109207
0.0048806
0.0421092
-0.00879907
0.00475964
0.0314476
-0.00667467
0.00426636
0.0214262
-0.00454388
0.00343345
0.0125369
-0.00279225
0.0025279
0.00568849
-0.000996123
-0.00502383
0.0535194
-0.0115733
-0.00495546
0.0428024
-0.00945057
-0.00473874
0.0321223
-0.00731229
-0.00426965
0.0218851
-0.0052219
-0.00311299
0.0131054
-0.00311684
-0.00206929
0.00592204
-0.0012405
0.00731152
0.0535067
-0.0109251
0.00727239
0.0427775
-0.00883681
0.00708976
0.0320763
-0.00678139
0.00631379
0.022068
-0.00488531
0.00548351
0.0130021
-0.00311674
0.00422964
0.00595742
-0.00143139
-0.00618882
0.04786
-0.0105329
-0.00604983
0.0371546
-0.00841463
-0.00565664
0.0265994
-0.00636019
-0.00473191
0.0174627
-0.00432715
-0.00349483
0.00921913
-0.00235907
-0.00227937
0.00301269
-0.00068825
0.00604225
0.0478179
-0.00987587
0.00593872
0.0370829
-0.00776875
0.00552372
0.0267296
-0.00561384
0.00475433
0.0168498
-0.00393901
0.00384262
0.00908927
-0.0020565
0.00238081
0.00341902
-0.000347781
0.00112721
0.0481545
-0.0102065
0.00113507
0.0374013
-0.00809648
0.00113823
0.0268145
-0.00606087
0.00102923
0.017183
-0.00399376
0.00117209
0.00908901
-0.00222755
0.00107685
0.00297756
-0.000724424
-0.00124728
0.0475012
-0.0102076
-0.00114594
0.0367303
-0.00812029
-0.00106873
0.0262413
-0.00610761
-0.0010636
0.0165478
-0.00408543
-0.000731048
0.00878257
-0.00224034
-0.000491093
0.00283704
-0.000702303
-0.000370928
0.000999485
-0.0002332
0.000333186
0.000858033
-0.000365253
-8.7511e-05
0.0584858
-0.0122906
0.00155806
0.00130504
-0.000164857
1.78205e-05
-0.000144132
3.49928e-05
-0.00129953
0.00113922
-5.17095e-05
-0.00621393
0.0531983
-0.0115821
-0.00613751
0.042499
-0.0094747
-0.00587127
0.0318334
-0.00738749
-0.00540829
0.0215954
-0.00533763
-0.00404239
0.01302
-0.00333227
-0.0029157
0.005926
-0.00145916
0.00605571
0.0531696
-0.0109238
0.00599428
0.0424514
-0.00881526
0.00580726
0.0317984
-0.00671464
0.00511629
0.02171
-0.00477246
0.00434084
0.0128086
-0.00294294
0.00323444
0.00586642
-0.00119502
0.00111363
0.0535132
-0.011252
0.0011474
0.0427572
-0.00915827
0.00115185
0.0320459
-0.00706178
0.00101632
0.0219027
-0.00510304
0.00114462
0.0129182
-0.00312499
0.00120396
0.00569821
-0.00138406
-0.00126759
0.0528493
-0.0112555
-0.0012157
0.0421299
-0.00915368
-0.00109867
0.0314242
-0.00708691
-0.00107421
0.0213017
-0.00501117
-0.000862031
0.0124645
-0.00313871
-0.00060095
0.00555761
-0.00142745
-0.000759603
0.00184043
-0.000341619
-0.00338491
0.0238463
-0.00566183
