-0.0073864
0.0573926
-0.0128182
0.00477452
0.0573777
-0.0121943
0.00033251
0.000184463
0.000120822
-0.000287097
-2.13424e-05
-0.000126244
-0.00491646
0.0580021
-0.0128102
0.00724618
0.0580108
-0.0122041
0.000260492
2.6753e-05
-0.000149928
-0.000184612
9.32367e-05
0.000113064
-0.00735545
0.0469122
-0.0106913
-0.00717994
0.0363469
-0.0085758
-0.00671079
0.0258939
-0.00656825
-0.00576229
0.0168405
-0.00459585
-0.00438882
0.00900027
-0.00252753
-0.00267784
0.00327052
-0.000935355
0.00478148
0.0468647
-0.0100658
0.00474416
0.0362442
-0.00790146
0.00444095
0.0260786
-0.00565758
0.00376939
0.0162621
-0.00382324
0.00295755
0.00876358
-0.00192693
0.00184547
0.00306542
-0.000184391
-0.00489872
0.0475074
-0.0106699
-0.00475939
0.0369149
-0.00849464
-0.00442284
0.0264462
-0.00635021
-0.00368418
0.0173076
-0.00407731
-0.00253697
0.00915186
-0.00219754
-0.00142147
0.00275059
-0.000420947
0.00725453
0.0474768
-0.0100818
0.00715758
0.0368764
-0.00796133
0.00664679
0.0266808
-0.00590406
0.00586748
0.0168301
-0.00414415
0.00491497
0.00907836
-0.00229115
0.00296368
0.00377178
-0.000633046
-0.00130527
0.0573886
-0.0125109
-0.00147085
0.00141956
-0.000364439
-0.00614169
0.0577004
-0.0128086
0.00122311
0.00120402
0.00011248
0.00597613
0.0576966
-0.0122
-0.000315199
-0.000171928
6.19275e-05
0.000489958
0.000197016
-7.98703e-05
-0.000430753
0.000139916
-4.02374e-05
0.00114415
0.0580011
-0.0125126
-0.000712949
0.000987519
0.000163894
0.00157689
0.0016062
-0.000495007
0.000116734
-7.28304e-05
1.13432e-05
-0.00737942
0.0521729
-0.0117582
-0.00729656
0.04163
-0.00962489
-0.00699216
0.0311116
-0.00754308
-0.00647087
0.0209941
-0.00554121
-0.00505806
0.0126378
-0.00349482
-0.00363509
0.00586494
-0.00163025
0.00477737
0.052145
-0.0111397
0.0047772
0.0415584
-0.0089779
0.00465959
0.0310378
-0.00681359
0.00417558
0.0211491
-0.0046462
0.00335855
0.0123791
-0.0028576
0.00247321
0.00561865
-0.00103239
-0.00491766
0.0527779
-0.0117444
-0.00485028
0.0422045
-0.00958316
-0.00463752
0.0316688
-0.00740818
-0.00417753
0.0215717
-0.00528407
-0.00303986
0.012912
-0.00315194
-0.00201799
0.00583244
-0.00125807
0.00725273
0.0527656
-0.0111441
0.00721324
0.0421808
-0.00901503
0.00703089
0.031625
-0.00691865
0.00626264
0.0217535
-0.00498251
0.00543816
0.0128142
-0.0031772
0.00419293
0.00587283
-0.00146049
-0.00610562
0.0472137
-0.0106844
-0.00596827
0.0366514
-0.00852756
-0.00557953
0.0262377
-0.00643726
-0.00466692
0.0172248
-0.00437161
-0.00344648
0.00909316
-0.00237974
-0.00224875
0.00297159
-0.000694766
0.00596134
0.0471721
-0.0100746
0.0058591
0.0365807
-0.00792667
0.00544972
0.0263661
-0.00573268
0.00469031
0.0166207
-0.00401789
0.00379136
0.00896548
-0.00210186
0.00235073
0.00337138
-0.000368701
0.00115065
0.0474849
-0.0103818
0.00115691
0.0368767
-0.00823211
0.00115776
0.0264343
-0.00615847
0.00104695
0.0169333
-0.00405763
0.00118179
0.00895532
-0.00226168
0.00107969
0.00293412
-0.000738471
-0.00126864
0.0468791
-0.0103829
-0.00116697
0.0362509
-0.00825642
-0.00108823
0.0259008
-0.00620496
-0.00107956
0.0163379
-0.00414847
-0.000746116
0.00867451
-0.0022747
-0.000501783
0.00280354
-0.000714678
-0.000377566
0.000986786
-0.00023685
0.000338132
0.000845423
-0.000370146
-8.62162e-05
0.0576975
-0.0125052
0.00153908
0.00128671
-0.000170939
1.79682e-05
-0.000142456
3.58979e-05
-0.00128225
0.00112304
-5.6051e-05
-0.00613049
0.0524807
-0.0117531
-0.00605489
0.0419243
-0.00960683
-0.00579155
0.0314013
-0.00748214
-0.00533432
0.0213014
-0.00539726
-0.00398642
0.012842
-0.00336333
-0.00287563
0.00584509
-0.00147191
0.0059746
0.0524523
-0.0111428
0.00591387
0.0418774
-0.00899348
0.00572943
0.0313668
-0.00685242
0.00504738
0.0214147
-0.00487088
0.0042826
0.0126341
-0.00300481
0.003192
0.00578627
-0.00122623
0.00113739
0.0527718
-0.011447
0.00117021
0.0421601
-0.00931383
0.00117254
0.031594
-0.0071782
0.00103629
0.02159
-0.00518208
0.00115794
0.0127292
-0.00317247
0.00120946
0.00561421
-0.00140726
-0.00128891
0.0521559
-0.0114506
-0.00123706
0.0415792
-0.0093092
-0.00111924
0.0310151
-0.00720352
-0.00109183
0.0210265
-0.00509195
-0.000878445
0.0123086
-0.0031867
-0.00061426
0.00549068
-0.00144992
-0.000739415
0.00181387
-0.000349063
-0.00331511
0.0235113
-0.00573438
