-0.00727406
0.056081
-0.0130641
0.00460718
0.0560661
-0.0125114
0.000322179
0.000178865
0.000118168
-0.000282813
-1.97222e-05
-0.000125319
-0.00474493
0.0566194
-0.0130563
0.0071383
0.0566281
-0.012521
0.000256746
2.71596e-05
-0.000148575
-0.000176632
8.8922e-05
0.000110465
-0.00724346
0.045841
-0.0108861
-0.00706973
0.035517
-0.00871959
-0.00660671
0.0253028
-0.00666343
-0.005673
0.0164622
-0.0046454
-0.00432288
0.00880255
-0.00254995
-0.00263985
0.00320211
-0.000939443
0.00461408
0.045794
-0.0103307
0.00457909
0.0354153
-0.00811336
0.00428578
0.0254821
-0.00581944
0.00363356
0.0158944
-0.00393503
0.00284982
0.00856815
-0.00199525
0.00177884
0.00299648
-0.00022345
-0.00472755
0.0463659
-0.0108652
-0.00459166
0.0360176
-0.00863999
-0.00426471
0.0257939
-0.00644996
-0.00354853
0.0168701
-0.00413879
-0.00243481
0.00891387
-0.0022287
-0.00136017
0.0026765
-0.000439927
0.00714616
0.0463364
-0.0103463
0.00704892
0.0359818
-0.00817162
0.00654553
0.0260255
-0.0060599
0.00577848
0.016407
-0.00424822
0.00483686
0.00884922
-0.00234976
0.00291877
0.0036812
-0.000655971
-0.0013326
0.0560769
-0.0127924
-0.00145192
0.00139101
-0.000366076
-0.00599994
0.0563532
-0.0130546
0.00118093
0.00117421
9.20212e-05
0.00583877
0.0563494
-0.0125169
-0.000315216
-0.000168662
5.90033e-05
0.000478099
0.000193251
-7.68576e-05
-0.000419428
0.000137463
-3.71972e-05
0.00117606
0.0566185
-0.0127941
-0.000683331
0.000959854
0.000146413
0.00155423
0.00157122
-0.000499775
0.000119104
-7.15834e-05
8.56936e-06
-0.00726716
0.0509812
-0.0119786
-0.00718524
0.0406795
-0.00979398
-0.00688419
0.0304012
-0.00766238
-0.00636859
0.0205165
-0.00561309
-0.00498099
0.0123564
-0.00353012
-0.00358144
0.00573855
-0.00164303
0.00460993
0.0509536
-0.011431
0.00461045
0.0406087
-0.00921626
0.00449774
0.0303278
-0.00699946
0.00402816
0.0206657
-0.00478434
0.00323635
0.0121009
-0.00294647
0.00238336
0.00549422
-0.00108355
-0.00474614
0.0515153
-0.0119651
-0.00468024
0.0411849
-0.00975321
-0.00447353
0.0308938
-0.00753023
-0.0040278
0.0210345
-0.00536227
-0.00292098
0.0125803
-0.00319596
-0.00193439
0.00567847
-0.00128138
0.00714465
0.0515035
-0.0114352
0.00710466
0.041163
-0.00925247
0.006923
0.0308533
-0.00710192
0.00616768
0.0212144
-0.00511237
0.00535376
0.0124909
-0.00325799
0.00412486
0.00572626
-0.00149969
-0.00596442
0.0461072
-0.0108793
-0.00582966
0.0357872
-0.00867168
-0.0054482
0.0256139
-0.00653431
-0.0045557
0.0168127
-0.00442617
-0.00336318
0.00887368
-0.00240451
-0.00219556
0.00289934
-0.000702981
0.00582435
0.0460664
-0.0103392
0.00572407
0.0357181
-0.00813736
0.00532367
0.0257395
-0.00589214
0.00458069
0.0162234
-0.00412348
0.00370294
0.00874979
-0.00216333
0.00229817
0.00328821
-0.000398972
0.00118207
0.046344
-0.0106117
0.00118605
0.035981
-0.00840979
0.00118352
0.0257833
-0.00628601
0.0010703
0.0165051
-0.00414126
0.00119287
0.00872518
-0.00230637
0.00108071
0.00285883
-0.000757535
-0.00129621
0.0458083
-0.0106129
-0.00119431
0.0354221
-0.00843477
-0.00111364
0.0253088
-0.00633202
-0.00109991
0.0159692
-0.00423069
-0.000766232
0.00848254
-0.0023197
-0.000516275
0.00274294
-0.000731316
-0.000386426
0.000963866
-0.000241742
0.000344612
0.00082344
-0.000376479
-8.38755e-05
0.0563503
-0.0127868
0.00150564
0.00125457
-0.000179532
1.81424e-05
-0.000139518
3.71657e-05
-0.0012521
0.00109465
-6.27209e-05
-0.00598891
0.0512534
-0.0119736
-0.0059146
0.040939
-0.0097762
-0.00565599
0.0306578
-0.00760223
-0.00520818
0.0207931
-0.00547145
-0.0038903
0.0125329
-0.00340082
-0.00280636
0.00570365
-0.00148737
0.00583731
0.0512255
-0.0114339
0.00577765
0.0408933
-0.00923096
0.00559722
0.0306244
-0.0070366
0.00492971
0.0209043
-0.0050028
0.00418251
0.0123309
-0.00308813
0.00311841
0.00564628
-0.00126925
0.00116929
0.0515095
-0.0117029
0.00120069
0.0411417
-0.00951775
0.00119998
0.0308214
-0.00733058
0.00106299
0.0210538
-0.00528501
0.00117449
0.0124045
-0.00323437
0.00121412
0.00546925
-0.00143811
-0.00131637
0.0509644
-0.0117065
-0.00126469
0.0406294
-0.00951309
-0.00114608
0.0303061
-0.00735613
-0.00111456
0.0205464
-0.00519766
-0.000900077
0.0120334
-0.00324934
-0.000632247
0.00537084
-0.00147955
-0.000706605
0.00176753
-0.000359528
-0.00320129
0.0229359
-0.00582654
