-0.00718533
0.0550974
-0.0132013
0.00448796
0.0550826
-0.0126946
0.000314575
0.000174724
0.00011616
-0.000279359
-1.86117e-05
-0.000124449
-0.0046225
0.05559
-0.0131936
0.00705295
0.0555986
-0.0127041
0.000253707
2.73787e-05
-0.000147363
-0.000170897
8.58411e-05
0.00010848
-0.00715499
0.0450362
-0.0109941
-0.00698267
0.0348919
-0.00879849
-0.00652442
0.0248558
-0.00671435
-0.00560208
0.0161744
-0.00467011
-0.00426995
0.00865087
-0.00256059
-0.00260896
0.00314889
-0.000940735
0.00449479
0.0449897
-0.0104842
0.00446124
0.034791
-0.00823656
0.00417472
0.0250313
-0.00591444
0.00353613
0.0156147
-0.00400098
0.00277223
0.00841858
-0.00203652
0.00173059
0.00294344
-0.000249017
-0.00460536
0.0455157
-0.0109735
-0.00447182
0.0353488
-0.00872001
-0.00415154
0.025307
-0.00650422
-0.00345128
0.0165437
-0.00417227
-0.00236165
0.00873622
-0.00224574
-0.00131625
0.00262119
-0.000452134
0.00706048
0.045487
-0.0104995
0.00696317
0.0353147
-0.00829371
0.00646539
0.0255364
-0.00615059
0.00570765
0.0160908
-0.00430857
0.00477495
0.00867753
-0.00238392
0.00288279
0.00361283
-0.000669912
-0.00134774
0.0550934
-0.0129526
-0.00143622
0.00136858
-0.000366663
-0.0058945
0.0553466
-0.013192
0.0011502
0.00115146
7.81702e-05
0.00573671
0.0553429
-0.0127
-0.000314604
-0.000166174
5.69047e-05
0.000469154
0.000190308
-7.46619e-05
-0.000410962
0.000135525
-3.51087e-05
0.0011947
0.0555891
-0.0129543
-0.000661993
0.000939256
0.000134208
0.00153586
0.00154446
-0.000501918
0.000120468
-7.06007e-05
6.6786e-06
-0.0071785
0.0500868
-0.0121013
-0.00709727
0.0399645
-0.00988736
-0.00679889
0.0298652
-0.00772725
-0.00628787
0.0201544
-0.0056507
-0.0049194
0.0121414
-0.00354749
-0.00353817
0.00564105
-0.0016489
0.00449064
0.0500594
-0.0115995
0.00449154
0.0398943
-0.00935455
0.00438204
0.0297921
-0.00710786
0.00392252
0.0202996
-0.00486584
0.00314854
0.0118888
-0.00299936
0.00231849
0.00539864
-0.00111534
-0.00462371
0.0505751
-0.012088
-0.00455882
0.0404252
-0.00984727
-0.00435626
0.0303158
-0.00759709
-0.00392048
0.0206333
-0.00540446
-0.00283588
0.0123328
-0.00321969
-0.00187449
0.00556355
-0.00129496
0.00705916
0.0505637
-0.0116036
0.0070189
0.0404045
-0.00939013
0.00683793
0.0302774
-0.00720848
0.00609226
0.0208116
-0.00518792
0.00528673
0.012249
-0.00330498
0.00407101
0.00561614
-0.0015227
-0.00585937
0.0452795
-0.0109874
-0.00572647
0.0351399
-0.00875087
-0.00535034
0.0251456
-0.00658668
-0.00447259
0.0165025
-0.00445457
-0.0033007
0.00870793
-0.00241698
-0.00215544
0.00284451
-0.000707494
0.00572252
0.0452393
-0.0104924
0.00562361
0.0350719
-0.00825976
0.00522965
0.0252691
-0.00598548
0.00449868
0.0159242
-0.00418504
0.00363649
0.00858688
-0.00219974
0.00225831
0.00322534
-0.000418315
0.00120039
0.0454942
-0.0107424
0.00120292
0.0353132
-0.00851074
0.00119823
0.0252974
-0.00635826
0.00108361
0.0161853
-0.00418878
0.00119787
0.00855307
-0.00233178
0.00107926
0.00280235
-0.000768885
-0.00131156
0.0450038
-0.0107438
-0.00120973
0.0347979
-0.0085361
-0.00112803
0.0248612
-0.00640387
-0.00111105
0.0156887
-0.00427716
-0.000777974
0.00833537
-0.00234529
-0.000524897
0.00269591
-0.000741122
-0.000391594
0.000946119
-0.000244623
0.000348297
0.000806925
-0.000380035
-8.20895e-05
0.0553437
-0.012947
0.00148016
0.00123021
-0.000184868
1.82313e-05
-0.000137278
3.79507e-05
-0.00122928
0.00107316
-6.73003e-05
-0.00588358
0.050336
-0.0120964
-0.00581019
0.0402015
-0.00986979
-0.00555503
0.0301003
-0.00766771
-0.00511412
0.0204109
-0.00551083
-0.00381834
0.0122999
-0.00341987
-0.0027543
0.00559662
-0.00149533
0.00573529
0.0503085
-0.0116023
0.00567638
0.0401567
-0.00936869
0.00549876
0.0300677
-0.00714385
0.00484183
0.0205205
-0.00507989
0.00410748
0.0121023
-0.0031371
0.00306291
0.00554042
-0.00129526
0.00118793
0.0505694
-0.0118485
0.0012184
0.0403828
-0.0096337
0.00121575
0.0302451
-0.00741707
0.00107853
0.0206532
-0.00534304
0.00118315
0.0121619
-0.00326936
0.00121482
0.00536071
-0.00145602
-0.00133163
0.0500701
-0.0118522
-0.00128015
0.0399149
-0.00962901
-0.00116128
0.0297712
-0.00744272
-0.00112724
0.0201826
-0.00525767
-0.000912493
0.0118233
-0.00328481
-0.000642909
0.0052785
-0.00149658
-0.000683144
0.0017326
-0.000366067
-0.00311946
0.0225055
-0.00587688
