-0.0071368
0.0545732
-0.0132618
0.00442604
0.0545584
-0.0127775
0.000310567
0.000172536
0.000115088
-0.00027746
-1.80481e-05
-0.00012394
-0.00455888
0.0550434
-0.0132542
0.00700619
0.055052
-0.012787
0.000252031
2.74733e-05
-0.000146666
-0.000167913
8.4245e-05
0.000107413
-0.0071066
0.0446069
-0.0110415
-0.00693505
0.0345581
-0.00883283
-0.00647942
0.0246168
-0.00673605
-0.00556325
0.0160201
-0.00467999
-0.00424086
0.0085693
-0.00256464
-0.00259188
0.0031201
-0.000940968
0.00443282
0.0445606
-0.0105538
0.00439998
0.0344577
-0.0082926
0.00411692
0.0247904
-0.00595798
0.00348541
0.0154648
-0.00403132
0.00273177
0.00833823
-0.00205582
0.00170536
0.00291489
-0.000261628
-0.00454185
0.0450643
-0.0110212
-0.00440952
0.0349937
-0.00875495
-0.00409268
0.0250485
-0.00652769
-0.00340068
0.0163704
-0.00418678
-0.00232362
0.00864199
-0.00225317
-0.00129344
0.00259189
-0.000458107
0.00701356
0.045036
-0.010569
0.00691626
0.0349604
-0.00834919
0.00642152
0.0252766
-0.00619187
0.00566882
0.0159228
-0.00433595
0.0047411
0.00858629
-0.00239948
0.00286302
0.00357639
-0.000676457
-0.00135438
0.0545692
-0.0130243
-0.00142747
0.0013564
-0.000366812
-0.00583848
0.0548112
-0.0132526
0.00113409
0.00113926
7.12008e-05
0.0056825
0.0548075
-0.0127829
-0.000314114
-0.00016484
5.5812e-05
0.000464382
0.000188711
-7.3509e-05
-0.000406467
0.00013447
-3.40494e-05
0.00120319
0.0550426
-0.013026
-0.000650873
0.000928366
0.000127948
0.00152573
0.00153011
-0.000502671
0.000121085
-7.00631e-05
5.72272e-06
-0.00712999
0.0496099
-0.0121553
-0.00704916
0.039583
-0.00992822
-0.00675224
0.0295789
-0.00775527
-0.00624377
0.0199606
-0.00566642
-0.0048856
0.0120261
-0.00355434
-0.00351435
0.00558849
-0.00165106
0.00442868
0.0495827
-0.0116758
0.00442975
0.0395131
-0.00941736
0.00432185
0.029506
-0.00715728
0.00386753
0.0201038
-0.00490332
0.0031028
0.0117749
-0.00302383
0.00228462
0.00534721
-0.0011305
-0.00456008
0.050076
-0.0121421
-0.0044957
0.040022
-0.00988847
-0.00429527
0.0300089
-0.00762617
-0.00386463
0.0204203
-0.0054226
-0.00279166
0.0122014
-0.0032299
-0.00184336
0.00550263
-0.00130118
0.00701234
0.0500647
-0.0116798
0.00697197
0.0400017
-0.00945262
0.00679142
0.0299716
-0.00725695
0.00605093
0.0205977
-0.0052223
0.00525002
0.0121205
-0.00332635
0.0040416
0.00555757
-0.00153324
-0.00580357
0.0448391
-0.0110349
-0.00567164
0.0347953
-0.00878538
-0.00529834
0.0248961
-0.00660917
-0.00442841
0.0163372
-0.00446639
-0.00326744
0.00861948
-0.00242203
-0.00213404
0.00281521
-0.000709478
0.00566844
0.0447992
-0.0105619
0.00557024
0.0347279
-0.00831541
0.00517966
0.0250185
-0.00602816
0.00445504
0.0157646
-0.0042131
0.00360107
0.00849994
-0.00221653
0.00223699
0.00319179
-0.000427709
0.00120873
0.0450431
-0.0108009
0.00121057
0.0349587
-0.00855588
0.00120483
0.0250393
-0.0063905
0.00108958
0.0160156
-0.00421004
0.00119965
0.0084617
-0.00234316
0.00107789
0.00277235
-0.000774146
-0.00131833
0.0445747
-0.0108023
-0.0012166
0.0344647
-0.00858142
-0.00113446
0.0246219
-0.00643589
-0.0011159
0.0155383
-0.00429786
-0.000783343
0.00825624
-0.00235676
-0.000528892
0.0026705
-0.000745636
-0.000393954
0.000936542
-0.000245951
0.000349948
0.00079816
-0.000381613
-8.11394e-05
0.0548083
-0.0130188
0.00146649
0.0012172
-0.000187409
1.82686e-05
-0.000136074
3.83249e-05
-0.00121709
0.0010617
-6.96343e-05
-0.00582763
0.049848
-0.0121504
-0.00575473
0.039809
-0.00991076
-0.00550139
0.0298035
-0.00769608
-0.00506413
0.0202072
-0.00552751
-0.00378005
0.0121756
-0.00342764
-0.00272657
0.00553947
-0.00149863
0.0056811
0.0498206
-0.0116786
0.00562258
0.0397646
-0.00943121
0.00544643
0.0297712
-0.00719269
0.00479508
0.0203159
-0.00511508
0.00406752
0.0119803
-0.00315956
0.00303329
0.0054839
-0.00130743
0.00119643
0.0500703
-0.0119136
0.00122643
0.03998
-0.00968557
0.00122284
0.0299391
-0.00745573
0.0010856
0.0204405
-0.00536883
0.00118675
0.0120331
-0.00328495
0.00121444
0.00530308
-0.00146417
-0.00133833
0.0495933
-0.0119173
-0.00128699
0.0395337
-0.00968088
-0.00116808
0.0294854
-0.00748141
-0.00113283
0.0199879
-0.0052845
-0.000918097
0.0117105
-0.00330063
-0.000647837
0.00522874
-0.00150427
-0.000670965
0.00171401
-0.000369209
-0.00307681
0.0222766
-0.00589871
