-0.00703134
0.0534605
-0.0133665
0.00429758
0.0534458
-0.0129257
0.00030216
0.000167936
0.000112812
-0.000273325
-1.6905e-05
-0.000122778
-0.00442683
0.0538874
-0.013359
0.00690445
0.0538959
-0.012935
0.000248373
2.76342e-05
-0.000145092
-0.000161729
8.09517e-05
0.000105137
-0.00700145
0.0436954
-0.0111232
-0.00683165
0.033849
-0.00889127
-0.00638175
0.0241086
-0.00677191
-0.00547892
0.0156915
-0.00469477
-0.00417753
0.00839512
-0.00257021
-0.00255458
0.00305833
-0.000940626
0.00430424
0.0436497
-0.0106785
0.00427276
0.0337497
-0.00839338
0.00399682
0.0242781
-0.00603696
0.00338003
0.0151455
-0.00408657
0.00264763
0.0081668
-0.00209168
0.00165283
0.00285387
-0.000286451
-0.00441005
0.0441098
-0.0111031
-0.00428021
0.0342431
-0.00881465
-0.00397045
0.0245022
-0.00656728
-0.00329563
0.0160046
-0.00421136
-0.00224483
0.00844325
-0.00226583
-0.00124618
0.0025302
-0.00046979
0.00691149
0.0440822
-0.0106934
0.00681435
0.0342115
-0.00844878
0.0063262
0.0247275
-0.00626613
0.00558437
0.0155681
-0.00438499
0.0046677
0.00839352
-0.00242747
0.00282005
0.00349924
-0.000688656
-0.00136579
0.0534565
-0.0131507
-0.00140823
0.00133017
-0.000366832
-0.00571988
0.0536767
-0.0133574
0.00110047
0.0011133
5.72077e-05
0.0055677
0.0536731
-0.012931
-0.000312768
-0.000161995
5.35429e-05
0.000454261
0.000185275
-7.10954e-05
-0.000396975
0.000132198
-3.19057e-05
0.00121848
0.0538865
-0.0131525
-0.00062778
0.000905498
0.000115125
0.00150363
0.0014996
-0.000503532
0.000122186
-6.88939e-05
3.79371e-06
-0.0070246
0.0485975
-0.0122485
-0.00694463
0.0387727
-0.00999821
-0.00665099
0.0289702
-0.00780248
-0.00614817
0.0195484
-0.00569169
-0.00481211
0.01178
-0.0035644
-0.00346244
0.00547604
-0.00165386
0.00430014
0.0485706
-0.0118124
0.0043015
0.0387035
-0.00953007
0.00419683
0.028898
-0.00724641
0.00375325
0.0196872
-0.00497164
0.00300773
0.0115323
-0.00306874
0.00221413
0.00523737
-0.0011593
-0.00442803
0.0490203
-0.0122355
-0.00436471
0.0391693
-0.0099592
-0.00416864
0.0293603
-0.0076756
-0.00374862
0.0199704
-0.00545294
-0.0027
0.0119243
-0.003247
-0.00177886
0.00537422
-0.0013125
0.00691046
0.0490093
-0.0118163
0.00686993
0.0391501
-0.00956466
0.00669045
0.0293252
-0.00734409
0.00596108
0.0201457
-0.00528409
0.00517033
0.0118491
-0.00336473
0.00397791
0.00543374
-0.00155231
-0.00568541
0.043906
-0.0111167
-0.00555555
0.034065
-0.00884422
-0.00518826
0.0243673
-0.00664676
-0.00433486
0.0159867
-0.00448529
-0.00319701
0.00843191
-0.00242977
-0.00208863
0.00275302
-0.000712914
0.00555389
0.0438668
-0.0106863
0.00545719
0.0339989
-0.00841538
0.00507372
0.0244875
-0.00610538
0.00436256
0.0154262
-0.00426363
0.00352593
0.00831554
-0.0022472
0.00219163
0.00312066
-0.0004459
0.00122374
0.044089
-0.0109041
0.00122423
0.0342091
-0.0086354
0.00121644
0.0244938
-0.00644713
0.00110008
0.0156572
-0.00424752
0.00120174
0.00826883
-0.00236323
0.00107388
0.00270904
-0.000783822
-0.00133003
0.0436636
-0.0109055
-0.00122865
0.0337567
-0.00866125
-0.00114579
0.0241132
-0.00649203
-0.00112413
0.0152181
-0.00433417
-0.000793073
0.00808731
-0.002377
-0.000536247
0.00261604
-0.000753879
-0.000398223
0.000916048
-0.00024838
0.000352858
0.000779704
-0.000384368
-7.91428e-05
0.0536739
-0.0131453
0.00143736
0.0011896
-0.000192219
1.83306e-05
-0.0001335
3.90357e-05
-0.00119119
0.00103744
-7.43925e-05
-0.00570916
0.0488138
-0.0122437
-0.0056373
0.0389773
-0.00998099
-0.00538785
0.0291743
-0.00774403
-0.0049583
0.0197754
-0.00555484
-0.00369901
0.0119121
-0.00343967
-0.00266781
0.00541825
-0.00150388
0.00556634
0.0487869
-0.0118151
0.00550864
0.0389338
-0.00954337
0.00533556
0.0291429
-0.00728066
0.00469602
0.0198823
-0.00517862
0.00398279
0.0117217
-0.0032003
0.00297038
0.00536403
-0.00133004
0.00121175
0.0490148
-0.0120285
0.00124082
0.0391281
-0.00977699
0.00123542
0.0292922
-0.00752376
0.00109832
0.0199911
-0.00541392
0.00119247
0.0117611
-0.00331229
0.00121223
0.00518147
-0.00147883
-0.00134989
0.0485811
-0.0120323
-0.00129888
0.0387239
-0.00977229
-0.00118008
0.028878
-0.00754948
-0.00114252
0.0195738
-0.00533174
-0.0009281
0.0114699
-0.00332842
-0.000656886
0.00512234
-0.00151798
-0.000645761
0.00167474
-0.000375243
-0.00298808
0.0217927
-0.00593569
