-0.00664758
0.0496191
-0.0135485
0.00387482
0.0496048
-0.0132262
0.000274078
0.000152507
0.000105013
-0.000258397
-1.33648e-05
-0.000118198
-0.0039925
0.0499279
-0.0135414
0.00653256
0.0499362
-0.0132351
0.000235101
2.79023e-05
-0.00013899
-0.000141674
7.04083e-05
9.72334e-05
-0.00661897
0.0405481
-0.011261
-0.00645624
0.0314006
-0.00898377
-0.00602824
0.0223542
-0.00681856
-0.00517401
0.0145549
-0.00469911
-0.00394818
0.00779081
-0.00256677
-0.00241876
0.00284249
-0.000933244
0.00388096
0.0405044
-0.010934
0.00385354
0.0313056
-0.00860313
0.00360105
0.0225102
-0.0062077
0.00303374
0.0140421
-0.00420773
0.00237124
0.0075731
-0.00217639
0.00147997
0.00264227
-0.000356997
-0.00397657
0.0408455
-0.0112422
-0.00385514
0.0316811
-0.00891161
-0.00356894
0.0226425
-0.00662701
-0.00295143
0.0147637
-0.0042496
-0.00198855
0.00777243
-0.00228644
-0.00109291
0.00232372
-0.00050253
0.00653864
0.0408201
-0.0109478
0.00644329
0.0316544
-0.00865452
0.00597983
0.0228568
-0.00642065
0.00527786
0.014364
-0.00448478
0.00440355
0.00774031
-0.00248545
0.00266477
0.00323708
-0.000717647
-0.00138503
0.0496153
-0.0133919
-0.00133735
0.00123804
-0.000364695
-0.00531134
0.0497762
-0.0135398
0.000989348
0.00102404
1.52723e-05
0.00517166
0.0497727
-0.0132312
-0.000305859
-0.000152125
4.61217e-05
0.000419617
0.000173165
-6.30449e-05
-0.000364837
0.000124213
-2.53455e-05
0.00125032
0.0499272
-0.0133935
-0.000552462
0.000829557
7.45739e-05
0.00142336
0.00139509
-0.000500824
0.000124398
-6.46287e-05
-2.06942e-06
-0.00664113
0.0451021
-0.0124086
-0.00656462
0.0359746
-0.0101134
-0.00628393
0.026869
-0.00787274
-0.00580303
0.0181247
-0.00571779
-0.00454613
0.010928
-0.00356529
-0.00327419
0.00508486
-0.0016501
0.00387707
0.0450763
-0.0120905
0.00387909
0.0359084
-0.00976269
0.00378464
0.0267993
-0.00743417
0.00337704
0.0182494
-0.00512195
0.00269555
0.010693
-0.00317006
0.00198244
0.00485639
-0.00123265
-0.00399365
0.0454071
-0.0123962
-0.00393397
0.036256
-0.0100769
-0.00375237
0.0271491
-0.00775367
-0.00336757
0.018441
-0.00549641
-0.00240135
0.0109868
-0.0032719
-0.00156933
0.00494205
-0.00133738
0.00653814
0.0453971
-0.0120941
0.00649778
0.0362398
-0.00979498
0.0063236
0.0271202
-0.00752498
0.00563466
0.0186083
-0.00541208
0.00488227
0.0109287
-0.00344374
0.00374962
0.00501409
-0.00159278
-0.00527855
0.0406998
-0.0112549
-0.00515606
0.0315583
-0.00893841
-0.00481024
0.0225552
-0.00669991
-0.00401426
0.014787
-0.00450394
-0.00295624
0.00779099
-0.00243423
-0.00193306
0.00254097
-0.000719033
0.00515868
0.0406628
-0.010941
0.00506732
0.0314969
-0.00862264
0.00470873
0.0226672
-0.00627032
0.00404466
0.0142681
-0.0043691
0.00326766
0.00768524
-0.00231501
0.00203515
0.00287821
-0.000495126
0.00125477
0.040826
-0.0111006
0.00125159
0.0316504
-0.00878624
0.00123825
0.0226364
-0.00655307
0.00111982
0.0144417
-0.00431885
0.00119602
0.00761682
-0.00240151
0.00105174
0.00249588
-0.000805833
-0.00135056
0.0405177
-0.0111023
-0.00125149
0.0313127
-0.00881279
-0.00116771
0.0223573
-0.00659606
-0.00113713
0.0141109
-0.00440145
-0.000814194
0.00750172
-0.00241577
-0.000553131
0.00242621
-0.000772135
-0.000407335
0.000844989
-0.000253812
0.00035838
0.000718162
-0.000389377
-7.26147e-05
0.0497735
-0.0133867
0.00133655
0.0010956
-0.000204279
1.84311e-05
-0.000124476
4.08529e-05
-0.00110231
0.000955325
-8.93134e-05
-0.00530111
0.0452592
-0.0124041
-0.00523304
0.036121
-0.0100971
-0.00499761
0.0270165
-0.0078171
-0.00459515
0.0182967
-0.00558836
-0.00342176
0.0110111
-0.00344772
-0.0024669
0.00500434
-0.00150896
0.00517044
0.0452337
-0.012093
0.00511571
0.0360806
-0.0097743
0.00495333
0.026988
-0.00746472
0.00435524
0.018397
-0.00531287
0.0036916
0.0108371
-0.00328805
0.00275392
0.00495469
-0.00138335
0.00124376
0.045402
-0.0122476
0.00126997
0.0362176
-0.00995092
0.00125965
0.0270867
-0.00765232
0.00112469
0.0184628
-0.00549609
0.00119733
0.0108404
-0.0033629
0.00119387
0.00477106
-0.0015094
-0.00136974
0.0450864
-0.0122515
-0.00132036
0.0359281
-0.00994625
-0.0012034
0.0267815
-0.0076779
-0.00115971
0.0181444
-0.0054212
-0.000948495
0.0106374
-0.00338036
-0.000677504
0.00475262
-0.00154546
-0.000564179
0.0015423
-0.000391249
-0.00269546
0.0201427
-0.00599264
