-0.00657379
0.0489074
-0.0135593
0.00379888
0.0488932
-0.013255
0.000269023
0.000149723
0.000103582
-0.000255565
-1.27606e-05
-0.000117282
-0.00391459
0.0491983
-0.0135523
0.00646078
0.0492065
-0.0132637
0.000232574
2.79171e-05
-0.000137779
-0.000138147
6.8575e-05
9.57708e-05
-0.00654546
0.0399652
-0.0112682
-0.00638422
0.0309477
-0.00898696
-0.00596063
0.0220301
-0.00681733
-0.00511584
0.014345
-0.00469391
-0.00390448
0.00767919
-0.00256322
-0.00239283
0.00280251
-0.000931077
0.00380492
0.0399219
-0.010959
0.0037782
0.0308536
-0.00862437
0.00353002
0.0221836
-0.00622633
0.00297183
0.0138385
-0.00422126
0.00232196
0.00746355
-0.00218705
0.00144917
0.00260326
-0.000368081
-0.00389882
0.040245
-0.0112496
-0.00377897
0.0312109
-0.00891566
-0.00349711
0.0223022
-0.00662825
-0.00289009
0.0145376
-0.00425074
-0.00194324
0.00765085
-0.0022873
-0.00106591
0.00228662
-0.000507595
0.00646671
0.04022
-0.0109726
0.00637189
0.031185
-0.00867501
0.00591337
0.0225144
-0.00643624
0.0052192
0.0141446
-0.00449431
0.00435337
0.00762158
-0.0024912
0.00263524
0.00318941
-0.000721305
-0.00138607
0.0489036
-0.0134117
-0.00132373
0.00122094
-0.000364011
-0.00523558
0.0490555
-0.0135508
0.000969495
0.0010077
8.35651e-06
0.00509809
0.049052
-0.0132599
-0.000304296
-0.000150293
4.48051e-05
0.00041327
0.000170904
-6.15945e-05
-0.000358997
0.00012273
-2.42424e-05
0.00125353
0.0491976
-0.0134133
-0.000539146
0.000816017
6.7572e-05
0.00140806
0.00137602
-0.000499589
0.000124602
-6.38077e-05
-3.04795e-06
-0.0065674
0.0444546
-0.0124176
-0.00649164
0.0354566
-0.0101187
-0.00621362
0.0264805
-0.0078739
-0.00573718
0.017862
-0.00571479
-0.00449543
0.0107707
-0.00356111
-0.00323833
0.00501254
-0.00164768
0.00380108
0.0444291
-0.0121174
0.00380319
0.0353911
-0.00978583
0.00371057
0.0264114
-0.00745365
0.00330962
0.017984
-0.00513888
0.00263984
0.0105382
-0.00318193
0.00194114
0.00478607
-0.00124287
-0.00391573
0.0447418
-0.0124054
-0.00385673
0.0357207
-0.0100827
-0.00367781
0.0267439
-0.00775633
-0.00329946
0.0181618
-0.00549663
-0.00234842
0.0108164
-0.00327216
-0.00153236
0.00486396
-0.00134016
0.00646629
0.0447319
-0.012121
0.00642608
0.0357049
-0.00981768
0.00625314
0.026716
-0.00754316
0.0055721
0.0183274
-0.00542485
0.00482734
0.0107611
-0.00345149
0.0037064
0.00493788
-0.001597
-0.00520313
0.040108
-0.0112621
-0.00508209
0.0310965
-0.00894196
-0.00474041
0.0222222
-0.00669997
-0.00395523
0.0145669
-0.00450142
-0.00291208
0.00767382
-0.0024322
-0.00190452
0.00250235
-0.000719424
0.00508527
0.0400715
-0.0109659
0.00499496
0.0310359
-0.00864345
0.0046411
0.0223326
-0.00628789
0.00398597
0.0140558
-0.00437978
0.00322006
0.00756998
-0.00232267
0.00200628
0.00283402
-0.000502474
0.00125785
0.0402257
-0.0111166
0.0012541
0.0311808
-0.00879841
0.00123992
0.0222965
-0.00656124
0.00112136
0.0142203
-0.00432464
0.00119329
0.00749853
-0.00240461
0.00104658
0.00245741
-0.000808433
-0.00135188
0.0399351
-0.0111184
-0.00125339
0.0308607
-0.00882503
-0.00116962
0.0220329
-0.00660385
-0.00113759
0.0139066
-0.00440648
-0.000816537
0.00739363
-0.00241896
-0.000555174
0.00239112
-0.000774197
-0.000408301
0.000831923
-0.000254435
0.000358818
0.000707173
-0.000389725
-7.14782e-05
0.0490528
-0.0134065
0.00131793
0.00107851
-0.000205918
1.84369e-05
-0.000122788
4.11066e-05
-0.001086
0.00094048
-9.18689e-05
-0.00522546
0.0446027
-0.0124132
-0.00515813
0.0355942
-0.0101025
-0.00492545
0.0266194
-0.00781882
-0.00452814
0.0180253
-0.00558679
-0.00337085
0.0108462
-0.00344492
-0.00243007
0.00492879
-0.00150823
0.00509689
0.0445775
-0.0121198
0.00504275
0.0355544
-0.00979715
0.00488243
0.0265914
-0.00748354
0.00429223
0.0181243
-0.00532684
0.00363789
0.0106751
-0.00329751
0.00271403
0.00487994
-0.00139003
0.00124701
0.0447367
-0.0122656
0.00127272
0.0356828
-0.00996507
0.00126166
0.0266825
-0.00766256
0.00112732
0.0181837
-0.0055019
0.0011963
0.010673
-0.00336666
0.00118909
0.00469677
-0.00151247
-0.00137091
0.044439
-0.0122694
-0.0013219
0.0354107
-0.00996042
-0.00120548
0.026394
-0.00768809
-0.00116086
0.0178805
-0.00542836
-0.0009505
0.0104838
-0.00338434
-0.000679978
0.00468433
-0.00154799
-0.000549829
0.00151841
-0.000393583
-0.00264299
0.0198407
-0.00599415
