-0.00649721
0.0481758
-0.0135646
0.00372139
0.0481617
-0.0132776
0.000263872
0.000146885
0.000102117
-0.00025264
-1.21529e-05
-0.000116324
-0.00383511
0.0484494
-0.0135576
0.00638622
0.0484575
-0.0132863
0.000229962
2.79236e-05
-0.000136516
-0.000134576
6.67249e-05
9.427e-05
-0.00646918
0.0393663
-0.0112708
-0.00630953
0.0304825
-0.00898661
-0.0058906
0.0216975
-0.00681348
-0.00505563
0.0141297
-0.00468698
-0.00385929
0.00756472
-0.00255879
-0.00236601
0.00276151
-0.000928632
0.00372732
0.0393235
-0.0109789
0.0037013
0.0303893
-0.00864167
0.00345756
0.0218484
-0.00624213
0.00290879
0.0136297
-0.00423286
0.00227182
0.00735122
-0.0021967
0.00141786
0.00256328
-0.000378949
-0.00381951
0.0396289
-0.0112525
-0.00370131
0.0307289
-0.00891621
-0.00342393
0.0219539
-0.00662698
-0.00282768
0.0143063
-0.00425036
-0.00189727
0.00752673
-0.00228739
-0.00103856
0.00224885
-0.00051253
0.006392
0.0396043
-0.0109924
0.00629778
0.0307038
-0.00869151
0.00584445
0.0221637
-0.00644889
0.00515843
0.0139203
-0.00450179
0.00430148
0.00750029
-0.00249582
0.00260471
0.00314071
-0.000724614
-0.00138648
0.048172
-0.0134256
-0.00130963
0.00120339
-0.000363228
-0.00515765
0.0483152
-0.0135561
0.000949303
0.000990983
1.4776e-06
0.00502235
0.0483118
-0.0132825
-0.000302616
-0.00014841
4.34685e-05
0.000406772
0.00016858
-6.01158e-05
-0.000353032
0.000121208
-2.31384e-05
0.00125613
0.0484487
-0.0134272
-0.000525644
0.000802267
6.05186e-05
0.00139224
0.00135651
-0.000498128
0.000124757
-6.29557e-05
-4.02426e-06
-0.00649089
0.0437891
-0.0124216
-0.00641591
0.0349245
-0.0101198
-0.00614074
0.0260817
-0.00787201
-0.00566899
0.0175923
-0.00570964
-0.00444297
0.0106093
-0.00355566
-0.00320124
0.00493837
-0.00164473
0.00372353
0.0437638
-0.0121387
0.00372572
0.0348596
-0.00980449
0.00363499
0.0260132
-0.00746973
0.00324089
0.0177117
-0.00515346
0.00258314
0.0103794
-0.00319235
0.00189915
0.00471399
-0.00125249
-0.00383624
0.044059
-0.0124095
-0.00377797
0.0351716
-0.0100843
-0.00360181
0.0263287
-0.00775599
-0.00323009
0.017876
-0.00549483
-0.00229467
0.0106424
-0.00327127
-0.00149486
0.00478432
-0.00134253
0.00639165
0.0440493
-0.0121422
0.00635162
0.0351563
-0.00983587
0.00618004
0.0263019
-0.00755789
0.00550726
0.0180399
-0.00543513
0.00477049
0.0105899
-0.00345765
0.00366175
0.00486005
-0.00160047
-0.00512557
0.0395004
-0.0112648
-0.00500603
0.0306226
-0.008942
-0.00466868
0.0218808
-0.00669747
-0.00389466
0.0143416
-0.00449727
-0.00286685
0.00755395
-0.00242936
-0.00187529
0.00246291
-0.000719624
0.00500971
0.0394644
-0.0109857
0.0049205
0.0305629
-0.00866029
0.00457158
0.0219895
-0.0063026
0.0039257
0.0138384
-0.00438845
0.00317123
0.00745205
-0.00232927
0.00197667
0.00278887
-0.000509559
0.00126032
0.0396099
-0.0111279
0.00125602
0.0306993
-0.00880683
0.00124102
0.0219485
-0.00656668
0.00112237
0.0139938
-0.00432865
0.00119004
0.00737775
-0.00240676
0.00104102
0.0024182
-0.000810714
-0.0013526
0.0393365
-0.0111297
-0.00125476
0.0303964
-0.00883353
-0.00117105
0.0217001
-0.00660888
-0.00113757
0.013697
-0.0044097
-0.000818543
0.0072828
-0.00242118
-0.000556993
0.00235515
-0.000775969
-0.000409105
0.000818553
-0.000254972
0.000359114
0.000696014
-0.00038993
-7.03341e-05
0.0483125
-0.0134205
0.00129882
0.00106105
-0.000207446
1.84397e-05
-0.000121048
4.13455e-05
-0.00106929
0.00092535
-9.44342e-05
-0.00514764
0.0439285
-0.0124172
-0.00508111
0.0350536
-0.0101039
-0.00485129
0.0262122
-0.00781752
-0.00445933
0.0177472
-0.00558314
-0.00331866
0.0106774
-0.00344091
-0.00239236
0.00485154
-0.00150703
0.00502119
0.0439036
-0.0121411
0.00496766
0.0350143
-0.00981551
0.00480949
0.0261846
-0.00749895
0.0042275
0.0178449
-0.00533837
0.00358276
0.0105093
-0.00330546
0.00267311
0.00480351
-0.00139605
0.00124966
0.044054
-0.0122782
0.00127486
0.0351343
-0.00997494
0.00126307
0.0262683
-0.00766957
0.00112944
0.017898
-0.00550543
0.00119474
0.010502
-0.00336906
0.00118383
0.00462099
-0.00151495
-0.00137147
0.0437737
-0.0122821
-0.00132286
0.0348791
-0.00997032
-0.00120705
0.0259961
-0.00769502
-0.00116152
0.0176099
-0.00543327
-0.000952108
0.0103262
-0.00338695
-0.000682174
0.00461432
-0.00154993
-0.000535295
0.00149407
-0.000395811
-0.00258949
0.0195314
-0.00599334
