-3.92168e-05
-0.00984799
-1.22751e-05
-2.84891e-05
-0.00984996
1.27389e-05
-0.00027627
-0.000171941
-6.74363e-05
0.000171528
7.74874e-07
5.73937e-05
-2.56977e-05
-0.00982403
-1.05425e-05
-1.04566e-05
-0.00982031
8.59531e-06
-0.000154785
-1.78657e-05
6.69023e-05
0.000221724
-0.000133523
-7.79905e-05
-3.78424e-05
-0.00987796
-4.96351e-06
1.31845e-05
-0.00999985
-8.73753e-06
0.000286247
-0.0102324
-6.33679e-05
0.000946964
-0.00951606
-9.93419e-05
0.00166211
-0.0073065
-4.03982e-05
0.00142091
-0.00345675
-3.0163e-05
-2.13214e-05
-0.00989192
2.72185e-05
-1.44281e-05
-0.0100663
7.23229e-05
-0.000180782
-0.0101272
0.00021745
-0.000659433
-0.00988842
0.00013317
-0.00131453
-0.00706824
-2.86067e-06
-0.00136476
-0.00312201
-0.000333785
-2.39969e-05
-0.0098521
6.65943e-07
2.40784e-05
-0.00996101
2.78155e-05
0.000232827
-0.010193
8.4592e-05
0.000826647
-0.00946826
0.000241823
0.00153077
-0.00734588
7.89578e-05
0.00132908
-0.00315483
-0.00023035
6.55902e-07
-0.00985875
2.44221e-05
8.59028e-07
-0.00999302
5.36822e-05
-0.000274329
-0.0100478
7.97609e-05
-0.000837748
-0.00985553
-0.000100842
-0.00149733
-0.0071963
-0.00010221
-0.00134783
-0.00348772
-0.00015975
-3.21776e-05
-0.00984736
5.65359e-07
0.000859186
-0.00168903
-4.52017e-05
-2.87726e-05
-0.00983525
-9.39263e-06
-0.00101655
-0.00142863
-0.000305427
-3.23082e-05
-0.00983553
1.14281e-05
6.60541e-05
3.68931e-05
-5.97789e-05
-0.000347332
-0.000155946
6.15399e-05
0.000340207
-0.000134284
4.53357e-05
-2.60254e-05
-0.00982362
-2.04689e-06
0.000746549
-0.00134238
-0.000332009
-0.000857097
-0.00165855
3.12981e-05
1.27441e-05
-3.31811e-06
-5.20627e-05
-3.95075e-05
-0.00985506
-8.12896e-06
-2.5573e-05
-0.00992283
-4.33586e-06
0.000105364
-0.0100927
-1.93214e-05
0.000462721
-0.0101653
-6.03216e-05
0.00140406
-0.00872677
-4.25089e-05
0.00168205
-0.00544988
-5.18716e-05
-2.65136e-05
-0.0098596
1.65194e-05
-1.37222e-05
-0.00995577
4.75991e-05
-4.35993e-05
-0.0101633
0.000115726
-0.000362325
-0.0100696
0.000233489
-0.00102464
-0.00869259
8.78515e-05
-0.00146908
-0.00510197
-0.000153281
-2.69836e-05
-0.00983018
-4.84014e-06
-1.14698e-05
-0.00989632
1.06471e-05
9.0055e-05
-0.0100563
5.77196e-05
0.000441126
-0.0101007
0.000136008
0.00127367
-0.00876212
0.000178241
0.00156833
-0.00542094
-6.56871e-05
-7.6355e-06
-0.00983077
1.50159e-05
-1.37176e-06
-0.00990408
3.84542e-05
-3.59791e-05
-0.0101086
7.06294e-05
-0.00053338
-0.00999237
2.39287e-05
-0.0011739
-0.00876468
-8.81705e-05
-0.00164936
-0.00524206
-0.000123674
-2.19448e-05
-0.00986289
-3.32053e-06
2.6496e-05
-0.00996889
8.92251e-06
0.000248916
-0.0101679
2.10325e-05
0.000870535
-0.00941051
5.71204e-05
0.00151611
-0.00730208
4.67527e-05
0.00134728
-0.00330263
-4.0768e-05
-3.67316e-05
-0.0098774
2.52043e-05
-5.95815e-05
-0.0100223
6.21639e-05
-0.000275791
-0.0101046
0.000174263
-0.000762201
-0.00979861
-7.38221e-06
-0.00129046
-0.00713683
-1.9459e-05
-0.00123939
-0.00330851
-0.00020298
-2.7315e-05
-0.00985558
8.98737e-06
-1.6044e-05
-0.00997995
3.47717e-05
3.65344e-05
-0.0102178
5.77441e-05
3.5888e-05
-0.00974137
0.000132184
6.63675e-05
-0.00733757
1.21029e-05
-0.000174405
-0.00318592
-8.38083e-05
-2.41688e-05
-0.00988575
1.1144e-05
2.0281e-05
-0.0100517
2.40993e-05
8.62349e-05
-0.0102415
1.13687e-05
0.000102087
-0.00983486
5.95769e-05
0.000171802
-0.00723684
1.76625e-05
1.56491e-05
-0.00314998
-4.04697e-05
-2.74387e-05
-0.00137661
-1.49212e-05
3.41619e-05
-0.0012473
2.13345e-05
-3.08695e-05
-0.00983578
7.14715e-07
-0.000915994
-0.00150194
-4.83223e-05
-1.69732e-05
2.07378e-05
1.9429e-05
0.00088507
-0.00147671
-0.000150898
-2.69616e-05
-0.00984047
-6.57593e-06
-7.88536e-06
-0.0099067
1.6342e-06
0.000115917
-0.0100681
1.09171e-05
0.00042636
-0.010123
3.93584e-05
0.00129765
-0.00869269
5.89203e-05
0.00153549
-0.00542539
3.09977e-06
-3.41945e-05
-0.00984805
1.59229e-05
-4.85238e-05
-0.00992971
4.26979e-05
-0.000112
-0.010115
9.59243e-05
-0.000530826
-0.0100648
8.15838e-05
-0.00104113
-0.00869681
2.05927e-05
-0.00139929
-0.00520941
-9.30658e-05
-2.92122e-05
-0.00983042
3.67662e-06
-1.93212e-05
-0.0099113
1.78287e-05
1.25957e-05
-0.0101075
5.23261e-05
-1.19966e-05
-0.0101069
4.52609e-05
0.000122061
-0.00885618
6.24788e-05
-6.84206e-05
-0.00532029
-4.91211e-05
-2.89024e-05
-0.00985743
5.47225e-06
-1.26572e-05
-0.00994166
1.865e-05
5.46992e-05
-0.0101604
3.01783e-05
8.77939e-05
-0.0101486
8.37781e-05
0.000200591
-0.00882445
4.49542e-05
9.2723e-05
-0.0052477
-1.55995e-05
0.000694374
-0.00227141
-9.43027e-05
0.00026666
-0.0101582
6.34522e-05
