-0.00625085
0.0458643
-0.0135464
0.0034796
0.0458506
-0.013309
0.000247878
0.000138069
9.75207e-05
-0.000243329
-1.03104e-05
-0.000113204
-0.00358743
0.0460888
-0.0135397
0.00614583
0.0460966
-0.0133173
0.000221636
2.78931e-05
-0.000132413
-0.00012363
6.109e-05
8.95495e-05
-0.00622385
0.0374753
-0.0112511
-0.0060696
0.0290153
-0.00896412
-0.0056661
0.0206504
-0.00678602
-0.00486305
0.0134524
-0.00465566
-0.00371501
0.00720515
-0.00254015
-0.00228038
0.00263273
-0.000919582
0.00348517
0.037434
-0.0110086
0.00346142
0.0289254
-0.00866983
0.00323186
0.020793
-0.00627246
0.00271304
0.0129734
-0.00425597
0.00211658
0.00699853
-0.0022195
0.00132106
0.00243793
-0.000410181
-0.0035724
0.0376892
-0.0112335
-0.00345954
0.029214
-0.00889666
-0.00319645
0.0208617
-0.00660782
-0.00263428
0.0135832
-0.00423993
-0.00175563
0.0071401
-0.00228299
-0.000954549
0.00213191
-0.000526453
0.0061512
0.0376658
-0.0110214
0.00605923
0.0291913
-0.00871712
0.00562307
0.0210637
-0.00646913
0.0049637
0.0132189
-0.00451175
0.00413591
0.00712195
-0.00250274
0.00250736
0.0029889
-0.00073241
-0.00138408
0.0458606
-0.0134321
-0.00126449
0.00114829
-0.000360255
-0.00491096
0.045979
-0.0135382
0.000886837
0.000938787
-1.88856e-05
0.00478229
0.0459757
-0.0133136
-0.000296882
-0.000142456
3.93505e-05
0.000386423
0.000161244
-5.55226e-05
-0.00033443
0.00011642
-1.98269e-05
0.00126029
0.0460881
-0.0134336
-0.000484123
0.000759895
3.91258e-05
0.00134178
0.00129565
-0.00049239
0.000124925
-6.02176e-05
-6.93009e-06
-0.00624477
0.0416871
-0.0124027
-0.00617248
0.0332453
-0.0100989
-0.00590685
0.0248248
-0.00784777
-0.00545068
0.0167442
-0.00568118
-0.00427537
0.0101023
-0.00353158
-0.00308289
0.00470545
-0.0016326
0.00348155
0.0416627
-0.0121691
0.00348399
0.0331826
-0.00983349
0.00339928
0.0247583
-0.00749751
0.00302709
0.0168551
-0.00518309
0.00240739
0.00988053
-0.00321476
0.00176922
0.00448777
-0.0012777
-0.00358852
0.0419079
-0.0123911
-0.00353263
0.0334445
-0.0100651
-0.00336533
0.0250252
-0.00773681
-0.00301465
0.0169813
-0.00547701
-0.00212873
0.0100993
-0.00326165
-0.00137954
0.00453676
-0.00134705
0.00615104
0.0418988
-0.0121724
0.00611179
0.0334306
-0.00986336
0.005945
0.0250015
-0.00758132
0.00529924
0.0171394
-0.00545099
0.0045887
0.0100552
-0.0034666
0.00351958
0.00461751
-0.0016064
-0.00488008
0.0375848
-0.0112453
-0.0047655
0.0291306
-0.00892083
-0.00444226
0.0208081
-0.00667447
-0.00370397
0.0136348
-0.00447482
-0.00272493
0.00717912
-0.00241583
-0.00178363
0.00234001
-0.000719013
0.0047702
0.0375504
-0.0110149
0.00468465
0.0290739
-0.00868705
0.00435172
0.0209116
-0.00632949
0.00373564
0.0131571
-0.00440236
0.00301756
0.00708318
-0.00234261
0.00188355
0.00264799
-0.000529186
0.00126408
0.037671
-0.0111327
0.00125817
0.0291862
-0.00880952
0.00124087
0.0208573
-0.00656638
0.00112235
0.0132861
-0.00432995
0.00117721
0.00700137
-0.00240735
0.00102183
0.0022965
-0.0008156
-0.00135125
0.0374465
-0.0111346
-0.00125568
0.0289324
-0.00883635
-0.00117243
0.0206522
-0.00660725
-0.00113463
0.0130383
-0.00440848
-0.000822538
0.00693479
-0.00242201
-0.000561083
0.00224234
-0.000779487
-0.000410531
0.00077678
-0.000256051
0.000359133
0.000661627
-0.000389668
-6.68737e-05
0.0459764
-0.0134271
0.00123871
0.00100669
-0.000211353
1.84291e-05
-0.000115528
4.19683e-05
-0.00101693
0.000878413
-0.000102139
-0.0049013
0.0418018
-0.0123985
-0.0048374
0.0333501
-0.0100836
-0.00461698
0.0249312
-0.00779527
-0.00424231
0.0168746
-0.00555951
-0.00315472
0.0101487
-0.00342147
-0.00227412
0.0046103
-0.00150052
0.00478121
0.0417779
-0.0121714
0.00472976
0.0333127
-0.00984357
0.00457861
0.0249052
-0.00752463
0.00402313
0.0169678
-0.00535828
0.0034091
0.0099902
-0.0033202
0.00254443
0.00456473
-0.00141017
0.001254
0.0419032
-0.012284
0.0012776
0.0334088
-0.00997881
0.00126374
0.0249681
-0.00767108
0.0011327
0.0170035
-0.00550217
0.00118683
0.00996814
-0.00336798
0.00116509
0.00438524
-0.00151875
-0.00136955
0.0416722
-0.0122879
-0.00132234
0.0332015
-0.00997426
-0.00120873
0.0247424
-0.00769626
-0.0011606
0.0167585
-0.00543442
-0.000954566
0.00983126
-0.00338649
-0.000687082
0.00439456
-0.00155205
-0.00049069
0.00141861
-0.000401801
-0.00242308
0.0185619
-0.00597686
