-0.00616326
0.0450558
-0.013529
0.00339594
0.0450424
-0.0133072
0.00024238
0.000135037
9.59244e-05
-0.000240052
-9.69038e-06
-0.000112084
-0.00350183
0.0452648
-0.0135224
0.0060602
0.0452725
-0.0133154
0.000218702
2.7866e-05
-0.000130945
-0.000119914
5.91886e-05
8.79075e-05
-0.00613664
0.0368144
-0.0112352
-0.0059844
0.0285032
-0.00894941
-0.00558655
0.0202856
-0.0067715
-0.00479495
0.0132167
-0.00464165
-0.0036641
0.00708021
-0.00253211
-0.00225017
0.00258802
-0.00091597
0.00340139
0.0367737
-0.0110084
0.00337843
0.0284145
-0.00867132
0.0031539
0.0204252
-0.00627689
0.00264568
0.0127452
-0.00425978
0.00206331
0.00687602
-0.00222504
0.00128791
0.00239447
-0.00042011
-0.00348701
0.0370129
-0.011218
-0.00337608
0.0286868
-0.00888301
-0.00311805
0.0204825
-0.00659627
-0.00256785
0.0133328
-0.0042333
-0.00170728
0.00700674
-0.00227992
-0.000925965
0.00209181
-0.000530767
0.00606544
0.03699
-0.011021
0.00597437
0.0286649
-0.0087177
0.00554449
0.0206817
-0.00646996
0.00489473
0.0129761
-0.00451091
0.0040775
0.00699129
-0.00250273
0.00247304
0.0029365
-0.000734287
-0.00138207
0.0450522
-0.0134225
-0.00124853
0.00112917
-0.000359045
-0.00482448
0.0451627
-0.0135209
0.000865434
0.000920763
-2.55661e-05
0.00469802
0.0451595
-0.0133118
-0.000294741
-0.000140372
3.79458e-05
0.000379369
0.000158684
-5.39433e-05
-0.000328007
0.000114754
-1.87247e-05
0.00126047
0.0452641
-0.0134239
-0.000469981
0.000745436
3.1944e-05
0.00132398
0.00127463
-0.000490027
0.00012488
-5.92457e-05
-7.88775e-06
-0.00615726
0.0409522
-0.0123862
-0.00608598
0.0326588
-0.0100837
-0.00582389
0.0243864
-0.00783344
-0.00537341
0.016449
-0.00566729
-0.00421617
0.00992596
-0.00352092
-0.00304115
0.00462456
-0.00162744
0.00339782
0.0409281
-0.0121681
0.00340036
0.0325969
-0.00983418
0.00331778
0.0243206
-0.00749996
0.00295336
0.0165569
-0.00518825
0.00234701
0.00970714
-0.00321927
0.00172469
0.00440924
-0.00128487
-0.0035029
0.0411575
-0.0123747
-0.00344788
0.0328428
-0.0100505
-0.00328374
0.0245721
-0.00772429
-0.00294047
0.0166711
-0.00546687
-0.00207195
0.00991169
-0.00325606
-0.00134023
0.00445154
-0.00134766
0.00606533
0.0411486
-0.0121714
0.00602642
0.0328293
-0.0098635
0.00586148
0.0245494
-0.0075822
0.00522548
0.0168271
-0.00545126
0.00452443
0.00987035
-0.00346639
0.00346952
0.00453382
-0.00160686
-0.00479404
0.0369162
-0.0112296
-0.00468128
0.0286106
-0.00890661
-0.00436311
0.0204351
-0.00666157
-0.0036375
0.0133895
-0.00446395
-0.00267563
0.00704939
-0.00240961
-0.00175182
0.00229763
-0.000718379
0.00468614
0.0368823
-0.0110146
0.00460194
0.028555
-0.00868806
0.00427474
0.0205366
-0.00633271
0.00366929
0.0129207
-0.00440295
0.00296403
0.00695549
-0.00234489
0.00185114
0.00259936
-0.00053517
0.00126413
0.036995
-0.0111247
0.00125769
0.0286596
-0.00880286
0.00123967
0.0204785
-0.00656072
0.00112131
0.0130412
-0.00432676
0.0011719
0.0068715
-0.00240557
0.00101462
0.00225467
-0.000816558
-0.00134964
0.036786
-0.0111266
-0.00125494
0.0284215
-0.00882972
-0.00117193
0.0202871
-0.0066011
-0.0011327
0.0128092
-0.0044044
-0.000823194
0.00681393
-0.00242031
-0.000561985
0.00220322
-0.000780044
-0.000410671
0.000762354
-0.000256225
0.000358844
0.000649895
-0.000389282
-6.57153e-05
0.0451602
-0.0134176
0.00121779
0.000987967
-0.000212426
1.8419e-05
-0.000113591
4.21433e-05
-0.00099876
0.000862299
-0.000104692
-0.00481495
0.041059
-0.012382
-0.00475202
0.0327558
-0.0100687
-0.00453501
0.0244852
-0.00778166
-0.00416651
0.0165714
-0.00554734
-0.00309769
0.00996551
-0.00341247
-0.00223308
0.00452693
-0.00149735
0.00469697
0.0410356
-0.0121703
0.0046463
0.0327191
-0.00984394
0.00449768
0.0244598
-0.00752634
0.00395169
0.0166631
-0.00536001
0.00334854
0.00981029
-0.00332207
0.00249963
0.00448218
-0.00141354
0.00125424
0.0411529
-0.0122752
0.00127729
0.0328077
-0.00997149
0.00126276
0.0245161
-0.00766504
0.00113276
0.0166934
-0.00549644
0.00118312
0.00978366
-0.00336483
0.00115787
0.00430404
-0.00151878
-0.00136772
0.0409375
-0.0122791
-0.00132104
0.0326156
-0.00996697
-0.0012083
0.0243052
-0.00769012
-0.00115934
0.0164621
-0.00543024
-0.000954598
0.00965924
-0.00338355
-0.000688154
0.00431829
-0.00155151
-0.000475523
0.00139271
-0.000403547
-0.00236569
0.0182253
-0.00596662
