-0.00588439
0.042521
-0.0134427
0.003136
0.0425081
-0.0132659
0.000225437
0.000125695
9.09523e-05
-0.000229729
-7.81551e-06
-0.000108485
-0.00323616
0.0426854
-0.0134363
0.00578711
0.0426929
-0.0132736
0.000209446
2.77327e-05
-0.000126244
-0.000108599
5.34323e-05
8.27932e-05
-0.00585908
0.0347439
-0.0111598
-0.00571355
0.026901
-0.00888331
-0.00533413
0.0191464
-0.00671152
-0.00457933
0.0124819
-0.00458862
-0.00350325
0.0066914
-0.00250228
-0.00215477
0.00244904
-0.000903237
0.00314106
0.0347051
-0.010978
0.00312068
0.0268161
-0.00865227
0.00291221
0.0192765
-0.00627316
0.00243758
0.0120342
-0.00425948
0.00189929
0.00649486
-0.00223539
0.00118608
0.00225958
-0.000448369
-0.00322205
0.0348984
-0.0111435
-0.00311737
0.0270412
-0.00882036
-0.00287552
0.0193019
-0.00654579
-0.00236304
0.0125553
-0.00420366
-0.00155912
0.00659421
-0.00226564
-0.000838729
0.00196851
-0.00054257
0.00579198
0.0348769
-0.0109897
0.0057041
0.0270217
-0.00869568
0.0052947
0.0194919
-0.00645479
0.00467602
0.0122226
-0.00449586
0.00389297
0.00658667
-0.00249572
0.00236469
0.00277437
-0.000737726
-0.00137248
0.0425176
-0.0133584
-0.00119805
0.00106976
-0.000354698
-0.00455259
0.0426055
-0.0134349
0.00079967
0.000865034
-4.52284e-05
0.00443277
0.0426025
-0.0132702
-0.000287632
-0.000133825
3.36524e-05
0.000357457
0.000150684
-4.90791e-05
-0.000308129
0.000109561
-1.54277e-05
0.0012574
0.0426848
-0.0133598
-0.000426795
0.000701178
1.03614e-05
0.0012678
0.00120952
-0.000481599
0.00012443
-5.61605e-05
-1.07147e-05
-0.00587869
0.0386486
-0.0123053
-0.00581078
0.0308223
-0.0100132
-0.00556034
0.0230161
-0.00777137
-0.0051285
0.0155281
-0.00561207
-0.00402899
0.00937689
-0.0034808
-0.00290934
0.00437297
-0.0016084
0.00313768
0.0386257
-0.012132
0.0031405
0.0307632
-0.00980957
0.00306478
0.0229527
-0.00748694
0.00272509
0.0156266
-0.00518962
0.00216085
0.00916727
-0.00322391
0.00158774
0.00416512
-0.00130259
-0.00323718
0.0388096
-0.0122945
-0.00318501
0.030963
-0.00998189
-0.00303102
0.0231593
-0.00766806
-0.00271124
0.0157067
-0.00542358
-0.00189758
0.00933018
-0.00323192
-0.00122004
0.00418848
-0.00134658
0.005792
0.0388012
-0.012135
0.00575435
0.0309509
-0.00983708
0.00559569
0.0231397
-0.00756416
0.00499131
0.0158559
-0.00543709
0.00432101
0.00929713
-0.00345612
0.00331165
0.00427495
-0.0016037
-0.00452363
0.0348235
-0.0111544
-0.00441677
0.0269856
-0.00884215
-0.00411505
0.0192719
-0.00660686
-0.00342972
0.0126261
-0.00442091
-0.00252211
0.00664697
-0.00238559
-0.00165287
0.0021667
-0.000715059
0.00442158
0.0347914
-0.0109836
0.00434179
0.0269334
-0.00866745
0.00403309
0.0193672
-0.00632515
0.00346159
0.0121856
-0.00439255
0.00279684
0.00655928
-0.0023452
0.00175002
0.00244888
-0.000551393
0.00126064
0.0348814
-0.0110715
0.00125267
0.0270159
-0.00876013
0.00123259
0.0192989
-0.0065269
0.0011151
0.0122809
-0.00430623
0.00115288
0.0064697
-0.00239418
0.000990519
0.00212578
-0.000817348
-0.00134138
0.0347169
-0.0110736
-0.00124966
0.0268231
-0.00878702
-0.00116759
0.019147
-0.0065657
-0.00112403
0.0120953
-0.004381
-0.000823131
0.00643792
-0.00240915
-0.000563282
0.0020818
-0.000779795
-0.000410062
0.000717771
-0.000256155
0.000357072
0.000613995
-0.000387192
-6.22371e-05
0.0426031
-0.0133538
0.00115251
0.000930168
-0.00021495
1.83655e-05
-0.0001075
4.25643e-05
-0.000942284
0.000812724
-0.000112217
-0.00454351
0.038733
-0.0123013
-0.00448375
0.0308974
-0.00999897
-0.00427783
0.0230928
-0.00772195
-0.00392915
0.0156275
-0.00549768
-0.00291987
0.00939636
-0.00337766
-0.00210539
0.0042687
-0.00148464
0.00443182
0.0387108
-0.0121341
0.00438369
0.0308628
-0.00981829
0.00424334
0.0230691
-0.007511
0.0037278
0.015714
-0.00535051
0.00315919
0.0092514
-0.00331849
0.00235984
0.0042264
-0.00141961
0.0012514
0.0388052
-0.0122167
0.00127268
0.0309299
-0.00992365
0.00125626
0.0231069
-0.00762721
0.00112983
0.015729
-0.00546514
0.00116876
0.009212
-0.00334687
0.00113328
0.00405328
-0.00151504
-0.00135875
0.0386346
-0.0122207
-0.00131383
0.0307812
-0.00991924
-0.00120407
0.0229387
-0.00765189
-0.00115267
0.0155377
-0.00540385
-0.000952344
0.0091237
-0.00336617
-0.000689657
0.00408119
-0.00154603
-0.000429267
0.00131303
-0.000407933
-0.00218804
0.0171777
-0.00592141
