-0.00547638
0.038899
-0.0132475
0.00276946
0.038887
-0.0131276
0.000201917
0.000112731
8.39151e-05
-0.000214866
-5.28826e-06
-0.000103145
-0.00286222
0.0390072
-0.0132415
0.00538654
0.0390142
-0.0131346
0.000196094
2.74263e-05
-0.000119314
-9.32119e-05
4.56718e-05
7.55779e-05
-0.00545313
0.0317898
-0.0109932
-0.00531805
0.0246203
-0.00874315
-0.00496667
0.0175304
-0.00659242
-0.00426655
0.0114423
-0.00449148
-0.00327071
0.0061432
-0.00244856
-0.00201693
0.00225364
-0.000881494
0.00277398
0.0317538
-0.0108685
0.0027575
0.0245411
-0.00857259
0.00257274
0.0176465
-0.00622886
0.00214717
0.0110294
-0.0042319
0.00167176
0.00595765
-0.00223459
0.00104545
0.00207029
-0.000482312
-0.00284923
0.0318887
-0.0109784
-0.00275403
0.0247057
-0.00868542
-0.00253605
0.0176332
-0.00644075
-0.0020781
0.0114613
-0.00414054
-0.00135526
0.00601736
-0.0022341
-0.000719571
0.00179771
-0.000555203
0.00539095
0.0318692
-0.0108791
0.0053084
0.0246895
-0.00861154
0.00493013
0.0178091
-0.00639361
0.00435802
0.0111629
-0.00444677
0.0036262
0.00601992
-0.00247012
0.00220824
0.00254749
-0.000737173
-0.00135157
0.0388959
-0.0131914
-0.00112492
0.000986335
-0.000347054
-0.00416218
0.0389553
-0.0132402
0.000708808
0.000787385
-7.0442e-05
0.00405118
0.0389525
-0.0131315
-0.000276564
-0.000124423
2.77892e-05
0.000326632
0.000139331
-4.235e-05
-0.000280328
0.000102208
-1.10594e-05
0.00124508
0.0390067
-0.0131926
-0.00036778
0.000640323
-1.81893e-05
0.00118666
0.00111829
-0.000467295
0.000123075
-5.16794e-05
-1.4344e-05
-0.00547115
0.0353592
-0.0121246
-0.00540854
0.0282048
-0.00986036
-0.00517605
0.0210684
-0.00764327
-0.00477261
0.0142241
-0.00550604
-0.00375801
0.00860157
-0.00340759
-0.00271895
0.00401874
-0.00157425
0.00277084
0.035338
-0.0120079
0.00277417
0.0281498
-0.00971524
0.00270864
0.0210086
-0.00742259
0.00240533
0.0143091
-0.00515875
0.00190194
0.00840528
-0.00320934
0.00139819
0.00382162
-0.0013173
-0.00286318
0.0354641
-0.0121146
-0.0028154
0.0282909
-0.0098319
-0.00267653
0.021158
-0.00754869
-0.00239101
0.0143468
-0.00533492
-0.00165664
0.00851467
-0.00318173
-0.00105526
0.00382185
-0.00133776
0.00539108
0.0354566
-0.0120105
0.00535564
0.0282808
-0.00974001
0.00520709
0.0211425
-0.00749231
0.0046502
0.0144857
-0.00538344
0.00402606
0.00849257
-0.00342006
0.00308406
0.00391295
-0.00158887
-0.00413553
0.0318412
-0.0109883
-0.00403765
0.0246759
-0.00870456
-0.0037606
0.0176248
-0.00649569
-0.00313421
0.0115489
-0.00433835
-0.00230513
0.00608208
-0.0023404
-0.00151327
0.00198416
-0.000706931
0.00404106
0.0318119
-0.0108734
0.00396808
0.0246286
-0.00858551
0.003687
0.0177107
-0.00627526
0.00316553
0.0111493
-0.00435049
0.00255949
0.00600289
-0.00233039
0.00160675
0.0022386
-0.000568896
0.00124773
0.0318731
-0.0109333
0.00123772
0.0246832
-0.00865001
0.00121513
0.0176315
-0.00644232
0.00109968
0.0112118
-0.00425292
0.00112036
0.0059077
-0.00236456
0.000952739
0.00194662
-0.000813357
-0.00132255
0.0317648
-0.0109355
-0.00123556
0.0245481
-0.0086768
-0.00115523
0.0175297
-0.0064787
-0.0011059
0.0110865
-0.0043234
-0.000818284
0.00590812
-0.00237981
-0.000561649
0.00191152
-0.000774782
-0.00040679
0.000655748
-0.00025458
0.000352541
0.000564636
-0.00038215
-5.76001e-05
0.038953
-0.0131871
0.00106003
0.000849748
-0.0002167
1.82295e-05
-9.8763e-05
4.28668e-05
-0.000862729
0.000744076
-0.000121692
-0.0041538
0.0354152
-0.0121209
-0.00409894
0.0282521
-0.00984729
-0.0039098
0.0211171
-0.00759744
-0.00359049
0.0142938
-0.0053999
-0.00266794
0.00859547
-0.00331227
-0.00192519
0.00390714
-0.00145969
0.00405039
0.035395
-0.0120097
0.00400622
0.0282207
-0.00972244
0.00387838
0.0210959
-0.00744328
0.00340802
0.0143724
-0.00530379
0.00288985
0.00846495
-0.00329236
0.00216167
0.00386804
-0.00141824
0.00123943
0.0354602
-0.0120643
0.00125814
0.0282607
-0.00979955
0.00123933
0.0211107
-0.00753059
0.00111873
0.0143689
-0.00539028
0.00114215
0.00841027
-0.00330275
0.00109376
0.00370356
-0.00150088
-0.0013388
0.0353463
-0.0120682
-0.00129666
0.0281667
-0.00979533
-0.00119168
0.0209967
-0.00755459
-0.00113717
0.0142288
-0.00533609
-0.000943874
0.00836797
-0.00332274
-0.000687609
0.00374769
-0.00152947
-0.000366161
0.00120264
-0.00041152
-0.00193919
0.015698
-0.00582663
