-0.0053682
0.0379529
-0.0131843
0.00267448
0.0379411
-0.0130785
0.00019589
0.000109411
8.20859e-05
-0.000210962
-4.65288e-06
-0.000101714
-0.00276544
0.0380473
-0.0131785
0.00528018
0.0380541
-0.0130853
0.000192582
2.73252e-05
-0.000117468
-8.93244e-05
4.3721e-05
7.37107e-05
-0.00534552
0.0310188
-0.0109398
-0.00521332
0.024026
-0.00869869
-0.00486954
0.0171103
-0.00655552
-0.00418404
0.0111725
-0.00446235
-0.0032095
0.00600129
-0.00243253
-0.00198065
0.00220317
-0.000875144
0.00267887
0.0309837
-0.0108291
0.00266345
0.0239484
-0.00854314
0.00248503
0.0172226
-0.00621085
0.00207246
0.0107689
-0.0042202
0.00161347
0.00581862
-0.00223178
0.00100954
0.00202147
-0.000490108
-0.00275275
0.0311041
-0.0109253
-0.00266012
0.0240979
-0.00864236
-0.00244853
0.0172002
-0.00640761
-0.00200493
0.0111782
-0.0041204
-0.00130331
0.00586867
-0.00222386
-0.000689372
0.00175394
-0.000557726
0.00528448
0.0310852
-0.0108393
0.00520344
0.0240827
-0.00858088
0.00483361
0.0173723
-0.00637111
0.00427402
0.0108888
-0.00442938
0.00355598
0.00587369
-0.00246085
0.00216708
0.00248897
-0.000736121
-0.00134492
0.0379499
-0.0131352
-0.00110564
0.00096481
-0.00034478
-0.00405986
0.0380022
-0.0131773
0.000685598
0.000767455
-7.65508e-05
0.00395106
0.0379995
-0.0130823
-0.000273515
-0.000121954
2.63065e-05
0.000318661
0.000136379
-4.06333e-05
-0.000273165
0.000100296
-9.9725e-06
0.00124057
0.0380467
-0.0131364
-0.000352824
0.000624798
-2.5232e-05
0.00116531
0.00109473
-0.000463185
0.000122599
-5.04991e-05
-1.52211e-05
-0.0053631
0.0345003
-0.0120663
-0.00530195
0.0275222
-0.00981151
-0.00507437
0.0205615
-0.00760301
-0.00467864
0.0138855
-0.0054736
-0.00368662
0.00840065
-0.00338563
-0.00266886
0.00392714
-0.00156405
0.00267579
0.0344796
-0.0119635
0.00267927
0.0274683
-0.00968087
0.00261648
0.0205026
-0.00739823
0.00232285
0.0139669
-0.00514526
0.00183549
0.00820788
-0.00320203
0.00134971
0.00373283
-0.00131939
-0.00276637
0.0345914
-0.0120566
-0.0027198
0.027595
-0.00978384
-0.002585
0.0206378
-0.00751077
-0.00230856
0.0139944
-0.00530707
-0.00159505
0.00830408
-0.00316582
-0.00101338
0.00372755
-0.00133413
0.00528463
0.0345842
-0.011966
0.00524983
0.0275853
-0.0097049
0.0051041
0.0206234
-0.00746594
0.00456
0.0141305
-0.00536389
0.00394828
0.00828471
-0.0034071
0.00302425
0.00381963
-0.00158328
-0.00403383
0.0310634
-0.010935
-0.0039384
0.0240744
-0.0086608
-0.00366798
0.017197
-0.00646093
-0.00305722
0.0112697
-0.00431307
-0.00224883
0.00593618
-0.00232663
-0.0014771
0.00193722
-0.000704165
0.00394123
0.0310348
-0.0108338
0.00387011
0.0240285
-0.00855545
0.00359644
0.0172804
-0.00625577
0.0030883
0.0108809
-0.00433499
0.00249774
0.00585916
-0.00232398
0.00156951
0.00218445
-0.000572525
0.00124306
0.031089
-0.0108867
0.00123254
0.0240762
-0.008613
0.00120936
0.0171988
-0.0064141
0.00109456
0.0109353
-0.00423492
0.00111097
0.00576282
-0.00235453
0.000942295
0.0019006
-0.000811428
-0.00131648
0.0309944
-0.010889
-0.0012308
0.0239554
-0.00863974
-0.00115098
0.0171092
-0.00644982
-0.00110021
0.0108249
-0.00430424
-0.000816217
0.00577104
-0.00236984
-0.000560629
0.00186762
-0.000772659
-0.000405522
0.000639851
-0.000253903
0.000351012
0.000552038
-0.000380472
-5.64391e-05
0.038
-0.013131
0.001036
0.000829104
-0.000216853
1.81816e-05
-9.64762e-05
4.28934e-05
-0.000842138
0.000726499
-0.000123915
-0.00405167
0.0345494
-0.0120627
-0.00399815
0.0275626
-0.00979876
-0.00381354
0.0206032
-0.00755816
-0.00350209
0.0139478
-0.00536967
-0.00260248
0.0083883
-0.00329239
-0.00187849
0.00381392
-0.00145193
0.00395031
0.0345296
-0.0119653
0.00390722
0.0275321
-0.00968767
0.00378277
0.0205826
-0.00741803
0.00332449
0.0140244
-0.0052861
0.00281969
0.00826151
-0.00328205
0.00211016
0.00377561
-0.00141621
0.00123502
0.0345877
-0.012013
0.00125304
0.0275655
-0.00975779
0.00123365
0.0205919
-0.00749818
0.00111468
0.0140164
-0.00536562
0.00113418
0.00820324
-0.00328807
0.0010827
0.00361358
-0.00149565
-0.00133242
0.0344877
-0.0120169
-0.00129105
0.027485
-0.00975364
-0.0011874
0.0204913
-0.00752198
-0.00113212
0.0138889
-0.00531329
-0.000940782
0.00817222
-0.00330822
-0.000686364
0.0036615
-0.00152362
-0.000350182
0.00117435
-0.000411962
-0.001875
0.0153141
-0.00579666
