0.00774963
-0.0691095
0.00309308
-0.00623509
-0.069093
0.00261124
-0.000512721
-0.000287623
-0.000144162
0.000304952
4.65689e-05
0.000103831
0.006905
-0.0695797
0.00308711
-0.00708014
-0.0695886
0.00261788
-0.000267431
-1.59402e-06
0.000130168
0.000363876
-0.000187118
-0.000162417
0.00771601
-0.0570682
0.00236979
0.00754053
-0.0449049
0.00170824
0.00707743
-0.032766
0.00124117
0.00615068
-0.0218089
0.000875471
0.00472308
-0.0120353
0.000329718
0.00284633
-0.00453356
8.75727e-05
-0.00625911
-0.0570186
0.00187141
-0.00627619
-0.0447925
0.00110478
-0.0060535
-0.0329147
0.000312755
-0.00543922
-0.0212072
-5.51947e-05
-0.00453855
-0.011737
-0.000469008
-0.0029853
-0.0043235
-0.00094943
0.00689239
-0.05754
0.00234843
0.00678049
-0.0454154
0.00162741
0.00648306
-0.0333431
0.00101829
0.00568408
-0.0224737
0.000310905
0.00434931
-0.0123796
-8.94999e-05
0.00269416
-0.00391764
-0.000630027
-0.00709327
-0.0575178
0.00187312
-0.00702112
-0.0453856
0.00114104
-0.00659107
-0.0335456
0.00053031
-0.00590726
-0.0219404
0.000254815
-0.00510339
-0.0121586
-5.05039e-05
-0.00307295
-0.00499477
-0.000267872
0.000757497
-0.0691051
0.00285739
0.00151528
-0.00199845
-1.06135e-05
0.00732035
-0.0693462
0.00308507
-0.00197544
-0.00182366
-0.000654101
-0.00662408
-0.0693421
0.0026139
0.000192842
0.000173867
-0.000133703
-0.000652877
-0.000243234
0.000146699
0.000607922
-0.000170263
9.005e-05
-6.87965e-05
-0.0695798
0.00285838
0.00136624
-0.00145912
-0.000784529
-0.00161485
-0.00204382
0.000156661
1.42738e-05
8.39081e-05
-0.000102055
0.00774199
-0.0631094
0.00273131
0.00765576
-0.0509968
0.00202258
0.00735473
-0.0388405
0.00143334
0.00686862
-0.0269166
0.00100141
0.00543228
-0.0166435
0.00054961
0.00390199
-0.00796901
0.000132291
-0.00624249
-0.0630812
0.0022525
-0.00627757
-0.0509202
0.00147838
-0.00623091
-0.03875
0.00073356
-0.00582484
-0.0270842
4.27606e-05
-0.00500868
-0.0163361
-0.000272721
-0.00390036
-0.0076627
-0.000676939
0.0069066
-0.0635789
0.00271775
0.00685497
-0.0514723
0.00198038
0.00667865
-0.0393808
0.00129849
0.00622067
-0.0276032
0.000720216
0.00497772
-0.0171294
0.000148819
0.00362069
-0.00805789
-0.000378254
-0.00708727
-0.0635711
0.00224908
-0.00705926
-0.051461
0.00149637
-0.00692541
-0.0393352
0.000812976
-0.00625638
-0.02776
0.000350775
-0.00555226
-0.0169352
6.08486e-05
-0.0044283
-0.00791618
-0.000135898
0.00728578
-0.0573063
0.00236156
0.00715644
-0.0451828
0.00165816
0.00678344
-0.0331192
0.0011067
0.00583623
-0.0223089
0.000635967
0.00449094
-0.012248
0.000164666
0.00296318
-0.00422278
-0.000185837
-0.00662383
-0.0572633
0.00187009
-0.00656548
-0.0450977
0.00111491
-0.00622775
-0.0332223
0.000374211
-0.00552013
-0.0216216
0.000149143
-0.0046161
-0.0120173
-0.000227124
-0.00289936
-0.00471317
-0.000610645
-7.49414e-05
-0.0575242
0.00211774
-8.38494e-05
-0.0453892
0.00139331
-0.000110656
-0.0333299
0.000804112
-8.9325e-05
-0.022085
0.000255392
-0.000401541
-0.0121055
-3.8339e-05
-0.000592922
-0.00406701
-0.000237495
0.000715969
-0.0570361
0.00212475
0.000595625
-0.0448091
0.00142232
0.000485861
-0.0327609
0.000856633
0.000484693
-0.0212953
0.000330912
0.000153262
-0.0116601
-2.65226e-05
-6.3362e-06
-0.00399322
-0.000193214
5.09701e-06
-0.00153221
-9.63215e-05
1.84098e-05
-0.00120073
-5.2506e-05
0.000351236
-0.0693436
0.00285212
-0.00190418
-0.00186758
-0.000142509
6.29875e-06
0.000165867
1.40749e-05
0.00171772
-0.00165508
-0.000364878
0.00731019
-0.0633483
0.00272615
0.00723829
-0.0512398
0.00200147
0.00698835
-0.0391223
0.00137005
0.00653398
-0.0272963
0.000858338
0.00511499
-0.0169745
0.000405357
0.00378498
-0.00803751
-5.07139e-05
-0.00662569
-0.0633199
0.00225001
-0.00659512
-0.0511898
0.00148038
-0.00647018
-0.0390674
0.000758352
-0.00586245
-0.0273851
0.000252387
-0.00512615
-0.016671
-9.43478e-05
-0.00393727
-0.00789628
-0.000371475
-6.264e-05
-0.0635751
0.00248634
-9.39427e-05
-0.0514373
0.00175484
-0.000106814
-0.0393179
0.00107336
-1.81691e-05
-0.0276114
0.000603544
-0.00027426
-0.0169024
0.000131451
-0.000574618
-0.00771998
-0.000197015
0.00073982
-0.0630917
0.00249364
0.000676521
-0.0509474
0.00175798
0.000533933
-0.038744
0.0011047
0.000483864
-0.0269779
0.0005126
0.000278011
-0.0162811
0.000134549
4.51467e-05
-0.00752921
-0.000131596
0.00144098
-0.00260368
-0.000329999
0.00484482
-0.0298969
0.000855107
