-0.00525766
0.0369913
-0.0131155
0.00257825
0.0369798
-0.0130237
0.00018981
0.000106063
8.02292e-05
-0.000206984
-4.0165e-06
-0.000100245
-0.00266741
0.0370719
-0.0131098
0.00517144
0.0370786
-0.0130303
0.000189003
2.72137e-05
-0.000115576
-8.54239e-05
4.17667e-05
7.18203e-05
-0.00523557
0.0302356
-0.0108815
-0.00510634
0.0234226
-0.00865043
-0.00477038
0.0166841
-0.00651574
-0.00409988
0.0108991
-0.00443123
-0.0031471
0.00585755
-0.00241543
-0.00194367
0.0021521
-0.000868409
0.0025825
0.0302013
-0.0107849
0.00256818
0.0233467
-0.00850993
0.00239625
0.0167926
-0.00619009
0.00199696
0.0105049
-0.00420659
0.00155465
0.00567781
-0.00222795
0.000973345
0.00197209
-0.000497625
-0.00265504
0.0303073
-0.0108675
-0.00256507
0.0234811
-0.00859555
-0.00236001
0.0167611
-0.00637168
-0.00193105
0.0108914
-0.00409846
-0.00125101
0.00571826
-0.00221264
-0.000659035
0.00170975
-0.000559972
0.00517563
0.030289
-0.0107948
0.00509617
0.0234668
-0.00854643
0.00473503
0.0169292
-0.00634575
0.00418829
0.0106112
-0.00440997
0.00348439
0.00572572
-0.00245044
0.00212513
0.00242975
-0.000734707
-0.00133772
0.0369884
-0.0130733
-0.00108597
0.000943035
-0.000342352
-0.00395573
0.0370337
-0.0131086
0.000662208
0.000747338
-8.25786e-05
0.00384913
0.0370311
-0.0130274
-0.000270354
-0.000119437
2.48194e-05
0.000310591
0.000133384
-3.89054e-05
-0.000265921
9.83555e-05
-8.88752e-06
0.0012355
0.0370714
-0.0130744
-0.000337802
0.000609149
-3.2221e-05
0.00114354
0.00107087
-0.000458866
0.000122065
-4.92968e-05
-1.60848e-05
-0.0052527
0.0336275
-0.0120028
-0.00519306
0.0268289
-0.00975839
-0.00497053
0.0200469
-0.00755942
-0.00458274
0.0135421
-0.00543875
-0.00361382
0.00819707
-0.00336219
-0.00261779
0.00383439
-0.00155316
0.00257948
0.0336074
-0.0119139
0.00258311
0.0267762
-0.00964225
0.00252315
0.019989
-0.0073706
0.00223943
0.0136199
-0.00512948
0.0017684
0.00800787
-0.00319325
0.00130082
0.00364295
-0.00132083
-0.00266832
0.0337049
-0.0119933
-0.002623
0.0268883
-0.00973152
-0.00249238
0.0201101
-0.00746958
-0.00222521
0.0136373
-0.00527691
-0.00153297
0.00809091
-0.00314854
-0.000971259
0.00363223
-0.0013299
0.00517579
0.0336979
-0.0119163
0.00514166
0.0268792
-0.00966551
0.00499887
0.0200967
-0.00743626
0.00446791
0.0137705
-0.00534192
0.00386895
0.00807427
-0.00339257
0.00296332
0.00372524
-0.00157695
-0.00393036
0.0302733
-0.0108768
-0.00383744
0.0234639
-0.00861327
-0.00357385
0.016763
-0.00642334
-0.00297906
0.0109868
-0.0042859
-0.00219176
0.00578851
-0.00231184
-0.00144044
0.0018898
-0.000701084
0.00383961
0.0302455
-0.0107894
0.00377041
0.0234193
-0.00852162
0.00350436
0.0168438
-0.0062335
0.00300985
0.0106089
-0.00431752
0.00243508
0.00571366
-0.00231651
0.00153174
0.00212972
-0.000575855
0.00123782
0.0302925
-0.0108355
0.00122679
0.0234601
-0.00857222
0.00120303
0.01676
-0.00638304
0.00108895
0.0106552
-0.00421503
0.00110109
0.00561626
-0.00234344
0.000931457
0.00185411
-0.000809121
-0.00130988
0.0302118
-0.0108378
-0.00122555
0.0233536
-0.0085989
-0.00114627
0.0166827
-0.00641809
-0.00109406
0.0105597
-0.00428316
-0.000813807
0.00563222
-0.00235881
-0.000559361
0.00182322
-0.00077018
-0.000404072
0.000623813
-0.000253108
0.000349323
0.000539335
-0.000378622
-5.52761e-05
0.0370315
-0.0130691
0.00101163
0.000808258
-0.000216895
1.81272e-05
-9.41507e-05
4.28997e-05
-0.000821282
0.000708763
-0.000126065
-0.00394774
0.0336696
-0.0119992
-0.0038956
0.0268625
-0.00974597
-0.00371566
0.0200818
-0.00751557
-0.00341226
0.0135971
-0.00533708
-0.00253608
0.00817848
-0.00327107
-0.00183116
0.00371963
-0.00144352
0.00384842
0.0336504
-0.0119156
0.00380646
0.0268329
-0.00964863
0.0036855
0.0200618
-0.0073895
0.0032396
0.0136716
-0.00526604
0.00274844
0.00805547
-0.00327023
0.0020579
0.0036821
-0.00141351
0.00123006
0.0337012
-0.0119564
0.00124736
0.0268597
-0.00971177
0.0012274
0.0200656
-0.00746246
0.00111014
0.0136592
-0.00533857
0.00112569
0.00799368
-0.00327192
0.00107116
0.0035226
-0.00148975
-0.00132549
0.0336153
-0.0119603
-0.00128491
0.0267925
-0.00970767
-0.00118264
0.0199783
-0.00748606
-0.00112661
0.0135443
-0.00528814
-0.000937302
0.0079739
-0.00329222
-0.000684822
0.00357427
-0.00151709
-0.000334135
0.0011458
-0.000412207
-0.00181007
0.014925
-0.00576414
