-0.0051448
0.0360148
-0.0130409
0.0024808
0.0360036
-0.0129632
0.000183678
0.000102687
7.83455e-05
-0.000202934
-3.37933e-06
-9.87373e-05
-0.00256818
0.0360815
-0.0130353
0.00506039
0.036088
-0.0129697
0.000185357
2.70917e-05
-0.000113641
-8.15116e-05
3.98093e-05
6.99075e-05
-0.00512333
0.0294405
-0.0108185
-0.00499716
0.0228104
-0.00859836
-0.00466923
0.016252
-0.00647306
-0.00401409
0.010622
-0.00439813
-0.00308353
0.00571205
-0.00239724
-0.00190599
0.00210043
-0.000861279
0.00248492
0.0294071
-0.0107361
0.00247173
0.0227361
-0.00847299
0.00230644
0.0163565
-0.00616661
0.00192071
0.0102374
-0.0041911
0.00149534
0.00553529
-0.00222308
0.000936892
0.00192217
-0.00050486
-0.00255615
0.0294985
-0.0108049
-0.0024689
0.0228554
-0.00854496
-0.00227055
0.016316
-0.00633293
-0.00185649
0.010601
-0.0040747
-0.00119837
0.00556616
-0.00220042
-0.000628571
0.00166514
-0.000561929
0.00506447
0.0294807
-0.0107456
0.00498664
0.022842
-0.00850822
0.00463443
0.0164802
-0.00631757
0.00410086
0.0103302
-0.00438855
0.00341147
0.00557603
-0.00243889
0.0020824
0.00236984
-0.000732934
-0.00132997
0.036012
-0.0130057
-0.00106591
0.00092102
-0.000339765
-0.00384985
0.0360502
-0.0130341
0.000638648
0.000727042
-8.85247e-05
0.00374545
0.0360476
-0.0129668
-0.00026708
-0.000116874
2.3329e-05
0.000302423
0.000130347
-3.71678e-05
-0.0002586
9.63856e-05
-7.80431e-06
0.00122988
0.036081
-0.0130068
-0.00032272
0.000593373
-3.9149e-05
0.00112136
0.00104671
-0.000454341
0.000121475
-4.80733e-05
-1.69343e-05
-0.00513998
0.0327413
-0.011934
-0.0050819
0.0261252
-0.00970097
-0.00486459
0.019525
-0.00751248
-0.00448496
0.0131942
-0.00540147
-0.00353965
0.00799089
-0.00333722
-0.00256578
0.00374054
-0.00154156
0.00248196
0.0327217
-0.0118592
0.00248576
0.0260737
-0.00959943
0.0024287
0.0194681
-0.00733974
0.0021551
0.0132683
-0.00511144
0.00170069
0.00780534
-0.00318302
0.00125156
0.00355201
-0.00132165
-0.00256907
0.0328049
-0.0119248
-0.00252504
0.0261712
-0.00967494
-0.00239871
0.019575
-0.00742511
-0.002141
0.0132755
-0.00524442
-0.00147042
0.00787522
-0.00312984
-0.000928912
0.0035359
-0.00132505
0.00506464
0.0327981
-0.0118614
0.00503121
0.0261626
-0.00962189
0.00489146
0.0195627
-0.00740328
0.00437397
0.0134058
-0.00531756
0.00378809
0.00786131
-0.00337649
0.00290129
0.00362978
-0.00156988
-0.00382515
0.0294712
-0.010814
-0.00373483
0.0228445
-0.00856194
-0.00347823
0.0163231
-0.0063829
-0.00289975
0.0107002
-0.00425682
-0.00213393
0.00563911
-0.00229601
-0.00140331
0.00184189
-0.000697676
0.00373625
0.0294442
-0.0107404
0.00366904
0.0228012
-0.00848405
0.00341078
0.0164013
-0.00620848
0.00293021
0.0103335
-0.0042981
0.00237152
0.00556644
-0.00230796
0.00149345
0.0020744
-0.000578887
0.00123204
0.0294841
-0.0107794
0.00122049
0.0228352
-0.00852767
0.00119615
0.0163153
-0.00634915
0.00108285
0.0103716
-0.00419327
0.00109071
0.00546805
-0.00233128
0.000920226
0.00180714
-0.00080643
-0.00130274
0.0294173
-0.0107818
-0.00121981
0.0227431
-0.00855428
-0.00114109
0.0162502
-0.00638351
-0.00108744
0.0102911
-0.00426017
-0.000811052
0.00549172
-0.0023467
-0.000557844
0.00177835
-0.000767339
-0.000402438
0.000607642
-0.000252193
0.000347473
0.000526523
-0.000376599
-5.411e-05
0.0360481
-0.0130016
0.00098691
0.000787214
-0.000216827
1.8066e-05
-9.17876e-05
4.28853e-05
-0.000800166
0.000690869
-0.000128138
-0.00384207
0.0327764
-0.0119305
-0.00379135
0.026152
-0.0096889
-0.00361621
0.0195529
-0.00746966
-0.00332105
0.0132418
-0.00530212
-0.00246876
0.00796608
-0.00324828
-0.00178321
0.00362429
-0.00143446
0.00374479
0.0327578
-0.0118608
0.00370399
0.0261233
-0.00960537
0.00358662
0.0195336
-0.0073577
0.00315339
0.013314
-0.00524362
0.00267616
0.00784689
-0.00325693
0.00200492
0.00358753
-0.00141014
0.00122454
0.0328013
-0.0118946
0.00124112
0.0261435
-0.0096615
0.00122059
0.019532
-0.00742346
0.00110509
0.0132973
-0.00530914
0.00111669
0.00778165
-0.00325429
0.00105917
0.00343065
-0.00148315
-0.00131802
0.0327294
-0.0118985
-0.00127826
0.0260898
-0.00965745
-0.00117742
0.019458
-0.00744684
-0.00112063
0.013195
-0.00526065
-0.000933433
0.00777309
-0.00327473
-0.000682983
0.00348602
-0.00150986
-0.000318028
0.00111698
-0.000412248
-0.00174442
0.0145307
-0.00572906
