-0.0049124
0.0340188
-0.0128746
0.00228249
0.0340081
-0.0128255
0.000171268
9.58581e-05
7.44976e-05
-0.00019462
-2.10352e-06
-9.56088e-05
-0.0023663
0.0340573
-0.0128693
0.00483156
0.0340635
-0.0128316
0.000177868
2.68144e-05
-0.000109641
-7.36561e-05
3.58853e-05
6.60187e-05
-0.00489222
0.027816
-0.0106781
-0.00477244
0.0215604
-0.00848272
-0.00446117
0.0153708
-0.00637894
-0.00383777
0.0100573
-0.00432589
-0.00295297
0.00541591
-0.00235753
-0.00182858
0.00199541
-0.000845805
0.00228635
0.0277843
-0.0106244
0.00227552
0.0214895
-0.00838806
0.00212395
0.0154672
-0.00611155
0.0017661
0.00969264
-0.0041545
0.00137533
0.00524526
-0.00221029
0.000863253
0.00182079
-0.000518484
-0.00235498
0.0278462
-0.0106654
-0.00227342
0.0215782
-0.00843241
-0.00208891
0.0154086
-0.00624694
-0.00170541
0.0100097
-0.00402167
-0.00109214
0.00525698
-0.0021729
-0.000567304
0.00157468
-0.000564933
0.00483543
0.0278297
-0.0106332
0.00476106
0.0215666
-0.00842066
0.00442739
0.0155644
-0.00625282
0.00392109
0.00975801
-0.00433977
0.00326173
0.00527162
-0.00241246
0.00199464
0.00224797
-0.000728322
-0.00131283
0.0340161
-0.0128536
-0.00102466
0.00087629
-0.000334095
-0.00363306
0.0340399
-0.0128682
0.000591045
0.00068594
-0.000100169
0.00353308
0.0340376
-0.0128289
-0.000260198
-0.000111609
2.03421e-05
0.000285806
0.000124151
-3.36682e-05
-0.00024373
9.23587e-05
-5.64249e-06
0.00121702
0.0340568
-0.0128545
-0.000292397
0.000561429
-5.27941e-05
0.00107579
0.000997508
-0.000444686
0.000120124
-4.55673e-05
-1.8589e-05
-0.00490788
0.0309302
-0.0117807
-0.00485306
0.024688
-0.00957325
-0.00464658
0.0184599
-0.00740851
-0.00428394
0.0124849
-0.00531957
-0.00338726
0.00757106
-0.0032827
-0.00245895
0.00354963
-0.00151621
0.00228348
0.0309117
-0.0117343
0.00228767
0.0246389
-0.0095013
0.00223661
0.0184051
-0.0072684
0.00198388
0.0125515
-0.00506861
0.00156357
0.00739298
-0.00315826
0.00115196
0.00336708
-0.00132137
-0.00236716
0.0309658
-0.011772
-0.00232583
0.0247069
-0.00954894
-0.0022084
0.0184833
-0.00732625
-0.00197016
0.0125383
-0.00517234
-0.00134398
0.00743644
-0.00308817
-0.000843596
0.00334025
-0.00131343
0.00483562
0.0309595
-0.0117363
0.00480367
0.0246994
-0.0095221
0.00467029
0.0184732
-0.00732758
0.00418071
0.0126625
-0.00526169
0.00362192
0.007428
-0.00333973
0.00277398
0.0034357
-0.00155357
-0.00360977
0.0278326
-0.0106739
-0.00352483
0.02158
-0.00844787
-0.00328273
0.0154261
-0.00629344
-0.0027378
0.0101165
-0.00419285
-0.00201606
0.00533526
-0.00226115
-0.00132769
0.00174466
-0.000689841
0.00352454
0.0278073
-0.0106283
0.00346147
0.0215396
-0.00839781
0.00321935
0.0154988
-0.00615024
0.00276749
0.00977263
-0.00425346
0.00224181
0.00526697
-0.0022877
0.00141532
0.00196206
-0.000584057
0.00121883
0.0278327
-0.0106533
0.00120623
0.0215596
-0.00842731
0.00118077
0.0154086
-0.0062729
0.00106918
0.00979438
-0.00414408
0.00106849
0.00516675
-0.00230376
0.000896594
0.00171177
-0.000799889
-0.00128689
0.0277941
-0.0106557
-0.00120688
0.0214965
-0.00845374
-0.00112936
0.0153683
-0.00630582
-0.00107285
0.00974403
-0.00420841
-0.000804507
0.00520583
-0.00231925
-0.000554056
0.00168725
-0.00076056
-0.000398616
0.00057492
-0.000249992
0.000343286
0.000500556
-0.000372026
-5.17641e-05
0.034038
-0.0128497
0.000936491
0.000744548
-0.000216367
1.79213e-05
-8.69539e-05
4.2793e-05
-0.000757182
0.000654611
-0.000132021
-0.0036257
0.0309511
-0.0117774
-0.00357796
0.0247009
-0.00956189
-0.00341278
0.0184739
-0.00736783
-0.00313464
0.0125177
-0.005225
-0.00233146
0.00753379
-0.00319824
-0.00168554
0.00343053
-0.00141431
0.00353251
0.0309336
-0.0117358
0.00349415
0.0246741
-0.00950636
0.00338423
0.0184559
-0.00728445
0.00297716
0.0125853
-0.00519178
0.00252856
0.00742236
-0.00322591
0.00189684
0.0033953
-0.00140143
0.00121191
0.0309625
-0.0117555
0.00122698
0.0246809
-0.00954824
0.0012053
0.0184432
-0.0073356
0.00109353
0.0125599
-0.00524314
0.00109718
0.00735031
-0.00321459
0.00103379
0.00324386
-0.00146788
-0.00130147
0.030919
-0.0117594
-0.00126341
0.0246544
-0.00954432
-0.00116556
0.0183963
-0.00735852
-0.00110729
0.0124832
-0.0051986
-0.000924528
0.00736426
-0.00323528
-0.000678407
0.00330659
-0.0014933
-0.000285652
0.00105854
-0.000411691
-0.00161111
0.013727
-0.00565119
