-0.00467151
0.0319686
-0.0126855
0.00207996
0.0319585
-0.0126659
0.000158676
8.89329e-05
7.05439e-05
-0.000186025
-8.27278e-07
-9.23284e-05
-0.00216022
0.031978
-0.0126805
0.00459425
0.031984
-0.0126716
0.000170121
2.64909e-05
-0.000105471
-6.57656e-05
3.1949e-05
6.20512e-05
-0.00465268
0.0261483
-0.0105187
-0.00453961
0.0202783
-0.00835173
-0.00424575
0.014468
-0.00627308
-0.00365538
0.00947946
-0.00424553
-0.00281797
0.00511322
-0.0023133
-0.0017485
0.00188822
-0.000828658
0.00208357
0.0261185
-0.0104946
0.00207523
0.020211
-0.00828863
0.0019379
0.014556
-0.00604584
0.00160889
0.00913531
-0.00411052
0.00125361
0.00494886
-0.00219345
0.000788713
0.00171744
-0.000530981
-0.00214965
0.02615
-0.0105068
-0.00207405
0.0202682
-0.00830464
-0.00190395
0.0144791
-0.00614952
-0.00155195
0.00940474
-0.00396115
-0.000984777
0.00494128
-0.0021412
-0.000505646
0.00148251
-0.000566658
0.0045979
0.0261348
-0.0105025
0.00452719
0.0202585
-0.00831849
0.00421289
0.0146261
-0.00617705
0.003735
0.00917283
-0.0042832
0.00310696
0.00496063
-0.00238163
0.00190389
0.00212337
-0.000722315
-0.00129355
0.0319661
-0.012679
-0.000981908
0.00083066
-0.000327737
-0.00340993
0.0319751
-0.0126794
0.000542845
0.000644197
-0.000111482
0.00331442
0.0319729
-0.0126691
-0.000252872
-0.00010616
1.73537e-05
0.000268828
0.000117797
-3.0144e-05
-0.000228568
8.82146e-05
-3.48547e-06
0.00120206
0.0319777
-0.0126799
-0.000261896
0.000528936
-6.61149e-05
0.00102864
0.0009471
-0.000434246
0.000118543
-4.29895e-05
-2.01813e-05
-0.00466731
0.0290704
-0.0116065
-0.0046159
0.0232131
-0.00942832
-0.00442078
0.0173681
-0.00729103
-0.00407592
0.0117586
-0.00522778
-0.00322968
0.00714167
-0.00322197
-0.00234848
0.00335461
-0.00148791
0.0020808
0.0290531
-0.0115894
0.0020854
0.0231667
-0.00938681
0.00204062
0.0173154
-0.00718444
0.00180951
0.0118176
-0.0050169
0.00142434
0.00697131
-0.00312782
0.00105104
0.00317825
-0.0013186
-0.00216104
0.0290771
-0.0115983
-0.00212255
0.0232042
-0.0094058
-0.00201442
0.0173641
-0.00721408
-0.00179633
0.0117837
-0.00509072
-0.00121592
0.00698802
-0.00304067
-0.000757531
0.00314065
-0.00129916
0.0045981
0.0290714
-0.0115911
0.00456772
0.0231979
-0.00940589
0.00444106
0.0173564
-0.00723908
0.00398058
0.0119016
-0.00519648
0.00345004
0.00698507
-0.00329693
0.00264249
0.00323747
-0.00153439
-0.00338813
0.0261505
-0.0105147
-0.00330882
0.0202829
-0.00831852
-0.00308183
0.0145071
-0.00619243
-0.00257165
0.00951909
-0.00412105
-0.00189538
0.00502486
-0.00222196
-0.0012503
0.00164555
-0.000680582
0.00330657
0.0261269
-0.0104979
0.00324786
0.0202455
-0.00829703
0.00302252
0.0145741
-0.00608124
0.00260044
0.00919883
-0.00420121
0.00210883
0.00496101
-0.00226328
0.00133524
0.00184751
-0.000588048
0.0012035
0.0261374
-0.0105084
0.00118982
0.0202513
-0.00831202
0.00116326
0.0144797
-0.0061854
0.00105361
0.00920402
-0.00408735
0.00104436
0.00485909
-0.00227193
0.000871421
0.00161447
-0.000791788
-0.00126896
0.0261277
-0.010511
-0.00119202
0.020218
-0.00833825
-0.00111579
0.0144647
-0.00621681
-0.00105645
0.00918428
-0.00414897
-0.000796579
0.00491369
-0.00228747
-0.000549257
0.00159439
-0.000752297
-0.000394051
0.000541718
-0.000247284
0.000338448
0.000474097
-0.000366741
-4.93918e-05
0.0319733
-0.0126753
0.0008848
0.000701125
-0.000215488
1.77438e-05
-8.1985e-05
4.26142e-05
-0.000713232
0.000617715
-0.000135516
-0.00340303
0.0290766
-0.0116033
-0.0033584
0.0232118
-0.0094177
-0.00320363
0.0173678
-0.00725259
-0.00294317
0.0117763
-0.00513821
-0.00219077
0.00709184
-0.00314216
-0.00158558
0.00323276
-0.00139138
0.00331394
0.0290604
-0.0115907
0.00327814
0.0231869
-0.00939095
0.00317602
0.0173511
-0.00719851
0.00279611
0.0118393
-0.00513076
0.00237712
0.00698833
-0.00318907
0.00178606
0.00319906
-0.00139011
0.00119717
0.0290741
-0.011596
0.00121067
0.02318
-0.00941818
0.00118785
0.0173272
-0.00723468
0.00108002
0.0118051
-0.00516765
0.00107569
0.00690952
-0.00316898
0.00100661
0.00305326
-0.00144982
-0.00128281
0.0290599
-0.0115998
-0.00124654
0.0231815
-0.00941439
-0.00115184
0.0173079
-0.0072571
-0.0010921
0.0117544
-0.00512717
-0.000914069
0.00694623
-0.00318988
-0.000672628
0.00312339
-0.0014739
-0.000253095
0.00099901
-0.000410239
-0.00147529
0.012904
-0.00556297
