-0.00454806
0.0309244
-0.0125825
0.00197726
0.0309146
-0.0125781
0.000152315
8.54365e-05
6.85278e-05
-0.000181623
-1.89587e-07
-9.06314e-05
-0.00205574
0.0309189
-0.0125776
0.0044726
0.0309247
-0.0125835
0.000166151
2.63111e-05
-0.000103324
-6.1809e-05
2.9976e-05
6.00399e-05
-0.00452992
0.0252992
-0.0104318
-0.00442031
0.0196258
-0.00828046
-0.0041354
0.0140089
-0.00621574
-0.00356199
0.00918577
-0.00420229
-0.00274885
0.00495951
-0.00228947
-0.00170748
0.00183383
-0.00081944
0.00198075
0.0252703
-0.0104229
0.0019737
0.0195604
-0.00823357
0.00184367
0.0140926
-0.00600905
0.0015294
0.00885213
-0.00408581
0.00119216
0.00479837
-0.00218354
0.000751131
0.00166506
-0.000536808
-0.00204556
0.0252862
-0.0104205
-0.00197304
0.0196014
-0.00823503
-0.00181033
0.0140063
-0.00609651
-0.00147441
0.00909734
-0.00392804
-0.000930703
0.00478103
-0.00212374
-0.000474689
0.00143577
-0.00056702
0.00447613
0.0252717
-0.0104305
0.00440731
0.0195927
-0.00826201
0.00410298
0.0141489
-0.00613511
0.00363969
0.00887549
-0.00425204
0.00302775
0.0048027
-0.00236459
0.00185743
0.00206005
-0.000718799
-0.00128312
0.030922
-0.0125835
-0.000959983
0.000807515
-0.000324292
-0.00329615
0.0309234
-0.0125766
0.000518536
0.000623096
-0.000117014
0.00320289
0.0309213
-0.0125811
-0.000249043
-0.000103368
1.58612e-05
0.000260209
0.000114563
-2.83756e-05
-0.000220881
8.60979e-05
-2.4082e-06
0.00119381
0.0309186
-0.0125843
-0.000246589
0.000512471
-7.26391e-05
0.00100449
0.000921437
-0.000428739
0.000117666
-4.16763e-05
-2.09531e-05
-0.00454402
0.0281233
-0.0115116
-0.00449437
0.0224624
-0.00934941
-0.0043051
0.0168126
-0.0072272
-0.00396941
0.0113895
-0.00517817
-0.003149
0.00692354
-0.00318926
-0.00229191
0.00325562
-0.00147263
0.00197803
0.0281066
-0.0115095
0.00198285
0.0224173
-0.00932354
0.0019413
0.0167611
-0.00713779
0.00172125
0.0114445
-0.00498776
0.001354
0.00675713
-0.00311049
0.00100013
0.00308243
-0.00131628
-0.00205654
0.0281152
-0.0115037
-0.00201953
0.0224391
-0.0093278
-0.00191618
0.0167947
-0.00715299
-0.00170839
0.0114
-0.0050463
-0.00115133
0.00676029
-0.00301469
-0.000714247
0.00303938
-0.00129101
0.00447633
0.0281098
-0.0115111
0.00444677
0.0224334
-0.00934173
0.00432359
0.0167881
-0.00719011
0.00387805
0.0115147
-0.00516044
0.00336204
0.00676009
-0.00327331
0.00257522
0.0031368
-0.00152374
-0.00327511
0.0252939
-0.010428
-0.0031987
0.0196228
-0.0082481
-0.00297949
0.0140398
-0.00613758
-0.00248707
0.0092155
-0.00408219
-0.00183403
0.00486727
-0.00220071
-0.00121096
0.00159531
-0.000675397
0.0031954
0.0252712
-0.010426
0.00313894
0.0195869
-0.00824127
0.00292222
0.0141039
-0.00604276
0.00251537
0.00890726
-0.00417228
0.00204116
0.00480566
-0.00224952
0.00129449
0.00178942
-0.000589606
0.00119505
0.0252741
-0.0104291
0.00118084
0.0195854
-0.00824883
0.00115372
0.0140073
-0.00613745
0.00104512
0.00890406
-0.00405617
0.00103159
0.0047029
-0.00225441
0.000858265
0.00156509
-0.00078715
-0.00125923
0.0252793
-0.0104316
-0.00118388
0.0195674
-0.00827494
-0.00110832
0.0140052
-0.00616808
-0.00104758
0.00889987
-0.00411638
-0.000792094
0.00476537
-0.00226996
-0.000546477
0.00154734
-0.000747604
-0.000391488
0.000524945
-0.000245736
0.000335785
0.000460668
-0.000363828
-4.81923e-05
0.0309216
-0.0125799
0.000858493
0.000679133
-0.000214895
1.76417e-05
-7.94531e-05
4.24918e-05
-0.000690907
0.000599024
-0.000137105
-0.00328948
0.028122
-0.0115085
-0.00324646
0.0224538
-0.00933916
-0.00309704
0.016805
-0.00718992
-0.00284566
0.0113995
-0.00509116
-0.00211922
0.00686736
-0.00311182
-0.00153477
0.00313241
-0.00137884
0.00320246
0.0281064
-0.0115107
0.00316799
0.0224298
-0.0093272
0.00306988
0.016789
-0.00715086
0.0027039
0.01146
-0.00509686
0.00230004
0.00676786
-0.0031685
0.00172971
0.00309947
-0.00138349
0.00118904
0.0281123
-0.0115086
0.00120172
0.0224159
-0.0093469
0.00117833
0.0167594
-0.00717935
0.00107254
0.0114213
-0.00512637
0.00106422
0.00668566
-0.00314396
0.00099235
0.00295653
-0.00143973
-0.0012727
0.0281132
-0.0115124
-0.00123735
0.0224318
-0.00934319
-0.00114429
0.0167543
-0.0072015
-0.00108382
0.0113839
-0.00508795
-0.000908258
0.0067339
-0.00316494
-0.000669286
0.00303043
-0.00146313
-0.00023676
0.000968826
-0.000409164
-0.00140652
0.0124855
-0.00551497
