-0.00429548
0.0288003
-0.0123595
0.00176931
0.0287913
-0.0123866
0.000139471
7.83796e-05
6.44178e-05
-0.000172615
1.0837e-06
-8.71241e-05
-0.00184418
0.028764
-0.0123549
0.00422365
0.0287694
-0.0123915
0.000158024
2.59139e-05
-9.8907e-05
-5.38755e-05
2.6019e-05
5.59657e-05
-0.00427877
0.0235725
-0.0102439
-0.00417626
0.0182995
-0.00812641
-0.00390969
0.0130762
-0.00609224
-0.00337102
0.00858929
-0.00410967
-0.00260748
0.0046475
-0.00223834
-0.0016235
0.0017235
-0.000799689
0.00177255
0.0235456
-0.0102665
0.00176817
0.0182378
-0.00811293
0.00165304
0.013151
-0.0059277
0.00136882
0.00827713
-0.004031
0.0010682
0.00449296
-0.00216076
0.000675391
0.00155891
-0.000547625
-0.00183481
0.0235292
-0.0102335
-0.00176862
0.0182456
-0.00808439
-0.00162105
0.0130454
-0.00598186
-0.00131782
0.00847297
-0.00385608
-0.000821843
0.00445575
-0.00208556
-0.000412557
0.00134094
-0.000566702
0.00422696
0.023516
-0.0102732
0.00416204
0.0182389
-0.00813849
0.00387812
0.0131789
-0.00604325
0.00344473
0.0082716
-0.00418412
0.00286582
0.00448207
-0.00232735
0.00176239
0.00193134
-0.000710765
-0.00126071
0.0287982
-0.0123761
-0.000915046
0.000760575
-0.000316854
-0.00306446
0.0287838
-0.012354
0.000469528
0.000580451
-0.000127835
0.00297576
0.0287819
-0.0123893
-0.00024106
-9.76498e-05
1.28834e-05
0.000242719
0.000107983
-2.48312e-05
-0.0002053
8.1774e-05
-2.55033e-07
0.00117581
0.0287637
-0.0123768
-0.000215881
0.000479073
-8.53901e-05
0.00095503
0.000869172
-0.000417174
0.000115739
-3.90068e-05
-2.24465e-05
-0.00429177
0.0261971
-0.0113062
-0.00424574
0.0209359
-0.0091787
-0.00406846
0.0156837
-0.0070894
-0.00375163
0.0106396
-0.00507148
-0.00298401
0.00648066
-0.00311908
-0.00217618
0.00305473
-0.00143976
0.00176992
0.0261815
-0.0113353
0.00177522
0.0208935
-0.00918516
0.00174029
0.0156345
-0.00703534
0.00154281
0.0106868
-0.00492301
0.00121202
0.00632233
-0.00307171
0.000897475
0.00288804
-0.00130981
-0.00184495
0.0261582
-0.0112989
-0.00181097
0.0208831
-0.00915899
-0.00171744
0.015637
-0.00702078
-0.00153065
0.0106205
-0.0049502
-0.00102113
0.0062979
-0.00295826
-0.000627226
0.00283388
-0.00127261
0.00422716
0.0261534
-0.0113366
0.00419927
0.0208786
-0.00920152
0.00408326
0.0156328
-0.00708289
0.00366831
0.0107286
-0.00508158
0.00318209
0.00630325
-0.0032217
0.00243774
0.00293239
-0.0015004
-0.003045
0.0235518
-0.0102404
-0.00297455
0.0182808
-0.0080958
-0.00277123
0.01309
-0.00601917
-0.0023151
0.00859888
-0.0039985
-0.00170939
0.00454743
-0.00215484
-0.00113106
0.00149341
-0.000663882
0.00296902
0.0235309
-0.010269
0.00291718
0.0182478
-0.00811921
0.00271808
0.0131482
-0.00595798
0.00234235
0.00831509
-0.00410891
0.0019036
0.00449032
-0.00221899
0.00121163
0.00167164
-0.000591861
0.00117665
0.023518
-0.0102567
0.00116133
0.0182313
-0.00811145
0.00113313
0.0130472
-0.00603322
0.00102677
0.00829487
-0.00398819
0.00100469
0.00438587
-0.00221613
0.00083083
0.00146482
-0.000776695
-0.00123824
0.0235539
-0.0102593
-0.00116616
0.0182448
-0.00813728
-0.001092
0.0130717
-0.00606224
-0.00102851
0.00832236
-0.00404547
-0.000782084
0.00446437
-0.00223169
-0.000540153
0.00145198
-0.000737088
-0.000385803
0.000491059
-0.000242244
0.000329971
0.000433376
-0.00035746
-4.57596e-05
0.0287821
-0.0123727
0.000804987
0.000634585
-0.000213416
1.74087e-05
-7.43008e-05
4.21802e-05
-0.000645581
0.000561135
-0.000139941
-0.00305828
0.0261802
-0.0113033
-0.00301856
0.0209122
-0.00916924
-0.00288011
0.015661
-0.00705448
-0.00264728
0.0106339
-0.00498973
-0.00197381
0.0064116
-0.0030465
-0.00143158
0.0029288
-0.00135159
0.00297543
0.0261658
-0.0113363
0.00294369
0.0208903
-0.00918785
0.00285382
0.0156464
-0.00704634
0.00251628
0.0106895
-0.00502239
0.0021433
0.00632023
-0.00312315
0.00161517
0.00289738
-0.00136836
0.00117128
0.0261556
-0.0113187
0.0011823
0.0208618
-0.00919198
0.00115775
0.015605
-0.00705903
0.00105618
0.0106415
-0.00503677
0.00103986
0.00623115
-0.00308949
0.00096253
0.00276022
-0.00141747
-0.00125095
0.0261877
-0.0113226
-0.00121748
0.0209074
-0.00918841
-0.00112778
0.015629
-0.00708062
-0.00106589
0.0106315
-0.00500255
-0.000895472
0.00630287
-0.00311061
-0.000661692
0.00284186
-0.00143947
-0.000203995
0.00090759
-0.00040629
-0.00126741
0.0116352
-0.00541118
