0.00782744
-0.069149
0.00309009
-0.00635459
-0.0691306
0.00266783
-0.000499042
-0.000279081
-0.000140394
0.000295603
4.67995e-05
0.00010024
0.00698094
-0.0695584
0.00308346
-0.00720138
-0.0695679
0.00267617
-0.000259432
-2.67772e-07
0.00012725
0.000351466
-0.00017874
-0.000158923
0.00778934
-0.0569309
0.00236721
0.00759576
-0.0445894
0.00170773
0.00709244
-0.032309
0.00124347
0.00611539
-0.0213504
0.00087273
0.00464109
-0.0116743
0.000312627
0.00277243
-0.00435422
7.37139e-05
-0.0063775
-0.0568764
0.00192821
-0.00638027
-0.0444704
0.0011589
-0.00611361
-0.0324821
0.000351901
-0.00543512
-0.0207249
-1.55105e-05
-0.00448359
-0.0113907
-0.000442564
-0.00292009
-0.0041645
-0.000924794
0.00696523
-0.0573404
0.00234311
0.00683379
-0.0450364
0.00161892
0.00649835
-0.0328221
0.00100414
0.00564382
-0.0219625
0.0002817
0.0042622
-0.011967
-0.000112079
0.00262226
-0.00372362
-0.000631284
-0.00721384
-0.0573143
0.00193359
-0.00712828
-0.0450022
0.0012044
-0.00664814
-0.0330463
0.000591323
-0.00590426
-0.0214012
0.000315668
-0.00504991
-0.0117607
-1.45136e-05
-0.00301172
-0.00479032
-0.000248416
0.000737332
-0.0691436
0.00288478
0.00146884
-0.0019077
-1.62328e-05
0.00739633
-0.0693555
0.00308131
-0.00192491
-0.00174985
-0.000634764
-0.00674135
-0.0693507
0.00267161
0.000189158
0.00017161
-0.000131866
-0.00063561
-0.000235594
0.0001448
0.000589294
-0.000161748
8.66263e-05
-9.0267e-05
-0.0695582
0.00288618
0.0013271
-0.00137169
-0.000774023
-0.00157217
-0.00194256
0.00016179
1.32373e-05
8.56911e-05
-9.93041e-05
0.00781869
-0.0630627
0.00272808
0.00772208
-0.0507687
0.00202112
0.00739275
-0.0384493
0.00143295
0.0068704
-0.0264334
0.000997733
0.00536573
-0.0162156
0.000536542
0.00381721
-0.00769488
0.000115561
-0.00636209
-0.0630309
0.00230939
-0.00639142
-0.0506865
0.00153429
-0.00631904
-0.0383575
0.000783716
-0.00585543
-0.0266187
7.71734e-05
-0.00497383
-0.0159138
-0.000240167
-0.00383391
-0.00740775
-0.000652971
0.00698248
-0.0634711
0.00271293
0.00692068
-0.05118
0.00197376
0.0067161
-0.0389248
0.00128613
0.00621252
-0.0270609
0.000700602
0.00490453
-0.0166444
0.000122289
0.00353391
-0.00774424
-0.000393178
-0.00720875
-0.0634612
0.00230762
-0.00717426
-0.0511654
0.00155884
-0.00701778
-0.0388759
0.000875915
-0.00628056
-0.0272302
0.00041189
-0.0055229
-0.016456
0.000107964
-0.00435918
-0.00761833
-0.000108662
0.00735718
-0.0571385
0.00235831
0.00721163
-0.0448379
0.00165437
0.00680327
-0.0326354
0.00109893
0.00580258
-0.0218309
0.000620727
0.00441188
-0.0118622
0.000143124
0.00289239
-0.00403541
-0.000199878
-0.00673782
-0.0570908
0.00192932
-0.00666401
-0.0447468
0.00117398
-0.00628259
-0.0327558
0.000420959
-0.00551586
-0.0211147
0.000201354
-0.00456918
-0.0116432
-0.000198396
-0.00284287
-0.0045315
-0.000591411
-9.79024e-05
-0.0573218
0.00214591
-0.000111292
-0.0450054
0.00142162
-0.000138629
-0.0328082
0.000828241
-0.00011142
-0.0215526
0.000265881
-0.000420003
-0.0116961
-3.28059e-05
-0.00059037
-0.00387382
-0.000233093
0.000692647
-0.0568949
0.00215207
0.000568162
-0.044485
0.001449
0.000461605
-0.032308
0.000883309
0.000472546
-0.0208136
0.000343827
0.000140449
-0.0113029
-2.36092e-05
-9.73244e-06
-0.00383051
-0.000194635
4.93198e-06
-0.00145933
-9.90707e-05
1.49865e-05
-0.00111872
-5.46533e-05
0.000330921
-0.0693525
0.00287902
-0.00186011
-0.00178333
-0.000135328
7.45426e-06
0.000166323
1.3354e-05
0.00167115
-0.00156594
-0.000366271
0.00738473
-0.0632716
0.00272263
0.00730345
-0.0509803
0.00199816
0.00702664
-0.0387001
0.0013649
0.00653621
-0.026783
0.000847503
0.00504942
-0.0165219
0.0003864
0.00370465
-0.00774347
-7.05085e-05
-0.00674241
-0.0632394
0.00230798
-0.00670231
-0.0509259
0.00154034
-0.00655283
-0.0386448
0.000814445
-0.00588348
-0.0268852
0.000305335
-0.00509842
-0.0162207
-5.6498e-05
-0.0038793
-0.00761629
-0.00034911
-8.36361e-05
-0.0634661
0.00251376
-0.000119999
-0.0511396
0.00178305
-0.000136267
-0.0388547
0.00109954
-3.78161e-05
-0.0270701
0.000627123
-0.000299603
-0.0164141
0.000140715
-0.000582213
-0.00741393
-0.000193092
0.000718089
-0.0630427
0.00252052
0.000651448
-0.0507142
0.00178582
0.000506548
-0.0383457
0.00113071
0.000466306
-0.0265004
0.000528163
0.000261672
-0.0158474
0.000142233
3.71145e-05
-0.00726529
-0.000131793
0.00140273
-0.0024653
-0.000334121
0.00484277
-0.0293722
0.000851643
