-0.00403584
0.0266322
-0.0121143
0.00155838
0.0266238
-0.0121744
0.000126472
7.12415e-05
6.02054e-05
-0.000163339
2.3525e-06
-8.34665e-05
-0.00162957
0.0265634
-0.01211
0.00396773
0.0265685
-0.0121789
0.00014965
2.5465e-05
-9.43305e-05
-4.59173e-05
2.20456e-05
5.18272e-05
-0.00402059
0.0218103
-0.0100371
-0.0039254
0.0169464
-0.00795708
-0.00367765
0.012125
-0.00595701
-0.00317471
0.00798123
-0.00400889
-0.00246205
0.00432958
-0.00218256
-0.00153701
0.00161115
-0.00077816
0.00156139
0.0217854
-0.0100928
0.00155975
0.0168885
-0.00797853
0.00145988
0.0121909
-0.00583617
0.00120635
0.00769109
-0.00396917
0.00094295
0.00418183
-0.00213412
0.000598942
0.00145098
-0.000557337
-0.00162105
0.0217351
-0.0100277
-0.00156139
0.0168615
-0.00791855
-0.00142935
0.0120649
-0.00585571
-0.00115946
0.00783623
-0.00377642
-0.000712127
0.00412417
-0.00204298
-0.000350173
0.00124426
-0.000564959
0.00397079
0.0217233
-0.0100986
0.00390988
0.0168569
-0.00800113
0.00364695
0.012189
-0.00594095
0.00324427
0.00765574
-0.00410887
0.00269939
0.00415512
-0.00228597
0.00166458
0.00179987
-0.00070143
-0.00123626
0.0266304
-0.0121472
-0.000868679
0.000712773
-0.000308673
-0.00282774
0.0265993
-0.0121091
0.00042003
0.000537227
-0.000138335
0.00274369
0.0265976
-0.0121768
-0.000232646
-9.17566e-05
9.91996e-06
0.000224906
0.000101258
-2.12833e-05
-0.00018945
7.7327e-05
1.89765e-06
0.00115587
0.0265632
-0.0121478
-0.000185065
0.00044501
-9.77165e-05
0.000904073
0.000815627
-0.000404897
0.000113581
-3.62867e-05
-2.38716e-05
-0.00403247
0.0242311
-0.0110801
-0.00399015
0.0193784
-0.00899093
-0.00382521
0.0145323
-0.00693811
-0.00352782
0.00987509
-0.00495486
-0.00281435
0.0060293
-0.00304259
-0.00205707
0.00285008
-0.00140381
0.00155883
0.0242168
-0.0111421
0.00156465
0.0193388
-0.00903128
0.00153651
0.0144854
-0.00692088
0.0013621
0.00991427
-0.00484977
0.00106847
0.00587926
-0.00302751
0.000793815
0.00269011
-0.00130095
-0.0016303
0.0241598
-0.0110734
-0.00159948
0.0192945
-0.00897316
-0.00151603
0.0144555
-0.00687523
-0.00135072
0.00982526
-0.0048444
-0.000889704
0.00582649
-0.00289578
-0.000539661
0.00262442
-0.00125136
0.003971
0.0241557
-0.0111432
0.00394481
0.0192913
-0.00904578
0.00383619
0.0144537
-0.00696356
0.00345267
0.00992655
-0.00499389
0.00299709
0.00583742
-0.00316441
0.00229646
0.00272386
-0.00147437
-0.00280989
0.0217735
-0.0100339
-0.00274556
0.0169112
-0.00792827
-0.00255859
0.0121212
-0.00588916
-0.0021396
0.00797016
-0.00390686
-0.00158228
0.00422149
-0.00210446
-0.00104957
0.00138964
-0.000650801
0.00273772
0.0217545
-0.0100948
0.00269064
0.0168814
-0.00798335
0.00250961
0.0121734
-0.00586293
0.00216571
0.0077113
-0.00403835
0.00176324
0.00416894
-0.0021845
0.00112702
0.00155172
-0.000592986
0.0011563
0.021725
-0.0100663
0.00113985
0.0168491
-0.00795956
0.00111055
0.0120675
-0.00591799
0.00100663
0.00767364
-0.00391279
0.000976002
0.00406268
-0.00217359
0.000801925
0.00136251
-0.000764674
-0.00121526
0.0217932
-0.010069
-0.00114654
0.0168956
-0.00798507
-0.00107385
0.0121197
-0.00594535
-0.0010077
0.00773373
-0.003967
-0.000770684
0.00415773
-0.00218911
-0.000532811
0.00135501
-0.000725061
-0.000379373
0.000456722
-0.000238221
0.000323511
0.000405458
-0.000350364
-4.32721e-05
0.0265978
-0.012144
0.00075033
0.00058928
-0.000211559
1.71347e-05
-6.90391e-05
4.17787e-05
-0.000599382
0.000522547
-0.000142296
-0.00282206
0.0241978
-0.0110775
-0.00278573
0.0193388
-0.00898226
-0.00265856
0.0144939
-0.00690561
-0.00244476
0.00985315
-0.00487852
-0.00182549
0.00594705
-0.00297499
-0.00132636
0.00272135
-0.00132137
0.00274346
0.0241847
-0.011143
0.00271454
0.019319
-0.00903298
0.00263313
0.0144806
-0.00692976
0.00232473
0.00990375
-0.00493921
0.00198334
0.00586391
-0.00307228
0.00149829
0.00269147
-0.00135075
0.00115159
0.0241575
-0.0111091
0.00116088
0.0192752
-0.00902077
0.00113517
0.0144268
-0.00692596
0.00103798
0.009846
-0.0049379
0.00101366
0.00576775
-0.00302918
0.000931009
0.00256007
-0.0013924
-0.00122718
0.0242225
-0.0111129
-0.00119565
0.019352
-0.00901735
-0.00110941
0.0144814
-0.00694695
-0.00104615
0.00986452
-0.00490792
-0.000881137
0.00586364
-0.00305039
-0.000652886
0.00264983
-0.00141296
-0.000171125
0.000845152
-0.000402429
-0.00112644
0.0107677
-0.00529702
