-0.00376976
0.0244243
-0.011847
0.001345
0.0244165
-0.0119421
0.000113328
6.40266e-05
5.58924e-05
-0.000153798
3.6147e-06
-7.96599e-05
-0.00141242
0.0243211
-0.011843
0.00370546
0.0243258
-0.011946
0.000141034
2.49625e-05
-8.95987e-05
-3.79361e-05
1.80532e-05
4.76289e-05
-0.003756
0.020016
-0.00981168
-0.00366826
0.0155687
-0.00777259
-0.00343974
0.0111568
-0.00581015
-0.00297337
0.00736218
-0.00390001
-0.00231273
0.00400593
-0.00212214
-0.00144807
0.00149679
-0.000754839
0.0013478
0.0199932
-0.00990226
0.00134898
0.0155147
-0.00783067
0.00126462
0.0112135
-0.00573465
0.00104228
0.00709453
-0.00390046
0.000816577
0.00386518
-0.00210369
0.000521851
0.0013413
-0.000565963
-0.00140477
0.019907
-0.00980329
-0.0013518
0.0154513
-0.00773763
-0.00123562
0.011066
-0.00571811
-0.000999586
0.00718759
-0.00368904
-0.000601662
0.00378638
-0.00199597
-0.000287577
0.00114565
-0.000561757
0.00370826
0.0198968
-0.00990722
0.00365143
0.0154489
-0.00785025
0.00340994
0.0111804
-0.00582847
0.00303866
0.00702832
-0.00402651
0.00252868
0.00382195
-0.00224057
0.00156412
0.00166562
-0.00069084
-0.00120981
0.0244227
-0.0118971
-0.000820908
0.000664105
-0.00029974
-0.00258653
0.0243741
-0.0118422
0.000370076
0.000493435
-0.000148523
0.00250726
0.0243726
-0.0119442
-0.000223809
-8.56937e-05
6.97572e-06
0.000206782
9.43924e-05
-1.77385e-05
-0.00017334
7.27546e-05
4.05118e-06
0.00113405
0.0243209
-0.0118977
-0.000154161
0.000410233
-0.000109592
0.000851654
0.000760768
-0.000391938
0.000111196
-3.35242e-05
-2.52274e-05
-0.00376673
0.022229
-0.0108338
-0.00372819
0.0177925
-0.00878626
-0.00357585
0.01336
-0.00677343
-0.0032984
0.0090968
-0.00482839
-0.00264024
0.0055698
-0.0029598
-0.0019347
0.00264175
-0.00136475
0.00134531
0.022216
-0.0109304
0.00135167
0.0177558
-0.00886227
0.00133045
0.0133155
-0.00679466
0.00117949
0.00912795
-0.0047682
0.000923579
0.00542827
-0.00297801
0.000689259
0.00248872
-0.00128972
-0.00141312
0.0221236
-0.0108277
-0.00138553
0.0176759
-0.00877047
-0.00131241
0.0132516
-0.00671641
-0.00116892
0.00901504
-0.00472894
-0.000757223
0.00534628
-0.00282725
-0.000451623
0.002411
-0.00122725
0.00370848
0.0221201
-0.0109312
0.00368403
0.017674
-0.00887485
0.00358295
0.0132524
-0.00683238
0.00323152
0.0091094
-0.0048976
0.00280734
0.00536282
-0.00310159
0.00215153
0.00251122
-0.00144575
-0.00257034
0.0199621
-0.00980877
-0.00251227
0.0155162
-0.00774563
-0.00234197
0.0111346
-0.00574763
-0.00196085
0.00732988
-0.00380728
-0.00145285
0.00388958
-0.00204955
-0.00096656
0.00128396
-0.000636126
0.00250207
0.0199449
-0.00990374
0.00245987
0.0154895
-0.00783401
0.00229725
0.0111806
-0.00575783
0.00198578
0.00709636
-0.00396079
0.00162026
0.00384164
-0.00214614
0.00104074
0.00142968
-0.000593008
0.00113405
0.0198979
-0.00985813
0.00111644
0.0154409
-0.00779338
0.00108606
0.0110693
-0.00579191
0.000984746
0.00704083
-0.00383004
0.000945593
0.00373341
-0.00212683
0.000771586
0.00125807
-0.000751098
-0.00119031
0.0200004
-0.00986089
-0.00112503
0.0155218
-0.00781853
-0.00105387
0.0111507
-0.00581756
-0.000985149
0.00713454
-0.00388106
-0.000757898
0.00384563
-0.00214226
-0.000524455
0.00125643
-0.000711531
-0.000372203
0.00042193
-0.000233665
0.000316412
0.00037686
-0.000342545
-4.07189e-05
0.0243727
-0.0118942
0.000694567
0.000543208
-0.000209341
1.68171e-05
-6.36786e-05
4.1287e-05
-0.000552342
0.000483225
-0.000144145
-0.00258136
0.0221784
-0.0108313
-0.0025485
0.0177362
-0.00877839
-0.00243285
0.0133052
-0.00674341
-0.00223847
0.00905802
-0.00475759
-0.00167445
0.00547399
-0.00289728
-0.00121921
0.0025101
-0.00128818
0.00250713
0.0221667
-0.0109311
0.00248109
0.0177185
-0.00886295
0.00240832
0.0132933
-0.0068014
0.00212961
0.00910352
-0.00484751
0.00182039
0.00539919
-0.00301603
0.00137921
0.00248179
-0.00133072
0.00113002
0.0221216
-0.0108801
0.00113754
0.0176586
-0.00883353
0.00111065
0.0132265
-0.00678034
0.00101797
0.0090355
-0.00482989
0.000985697
0.00529569
-0.0029631
0.000897838
0.00235607
-0.00136457
-0.00120141
0.0222212
-0.0108839
-0.00117186
0.0177683
-0.00883026
-0.0010892
0.013313
-0.0068007
-0.00102461
0.00908377
-0.0048042
-0.00086526
0.00541653
-0.00298433
-0.00064287
0.00245443
-0.00138364
-0.000138174
0.000781457
-0.000397561
-0.000983872
0.00988401
-0.00517258
