-0.00363449
0.0233067
-0.0117052
0.00123757
0.0232993
-0.0118185
0.000106704
6.03915e-05
5.36988e-05
-0.000148931
4.24265e-06
-7.77013e-05
-0.00130306
0.0231855
-0.0117014
0.00357215
0.0231902
-0.0118222
0.000136636
2.46907e-05
-8.7176e-05
-3.39373e-05
1.60491e-05
4.55087e-05
-0.00362148
0.0191077
-0.00969206
-0.00353752
0.0148713
-0.00767472
-0.00331871
0.0106667
-0.00573241
-0.00287092
0.00704872
-0.00384256
-0.00223666
0.00384201
-0.0020902
-0.00140269
0.00143886
-0.000742507
0.00124027
0.0190859
-0.0098008
0.00124287
0.0148193
-0.00775179
0.00116634
0.0107188
-0.00568021
0.000959742
0.00679247
-0.00386358
0.000753021
0.00370484
-0.00208708
0.000483083
0.00128581
-0.000569873
-0.00129585
0.0189812
-0.00968418
-0.00124627
0.014737
-0.00764157
-0.00113812
0.0105599
-0.00564505
-0.000919156
0.00685898
-0.00364247
-0.000546182
0.00361518
-0.0019708
-0.000256212
0.0010956
-0.000559605
0.00357481
0.0189717
-0.00980532
0.00352005
0.0147357
-0.00776985
0.0032894
0.0106695
-0.00576849
0.00293403
0.00671042
-0.00398272
0.00244178
0.00365306
-0.00221641
0.00151291
0.00159744
-0.000685089
-0.00119584
0.0233052
-0.0117643
-0.000796505
0.000639444
-0.000294991
-0.00246442
0.0232474
-0.0117006
0.000344938
0.000471326
-0.000153503
0.00238759
0.0232461
-0.0118204
-0.000219235
-8.26006e-05
5.51207e-06
0.000197608
9.09075e-05
-1.59692e-05
-0.000165189
7.04206e-05
5.12854e-06
0.00112245
0.0231854
-0.0117648
-0.000138681
0.000392562
-0.000115354
0.000824908
0.000732837
-0.000385213
0.000109919
-3.21294e-05
-2.58792e-05
-0.00363164
0.0212156
-0.0107031
-0.003595
0.0169898
-0.00867765
-0.00344903
0.0127666
-0.00668612
-0.00318172
0.00870275
-0.00476149
-0.0025516
0.00533711
-0.00291606
-0.00187232
0.00253623
-0.00134406
0.00123781
0.0212033
-0.0108178
0.00124445
0.0169545
-0.00877219
0.00122672
0.0127233
-0.00672722
0.0010876
0.00872988
-0.00472434
0.000850699
0.00519991
-0.00295131
0.00063668
0.00238676
-0.00128324
-0.00130374
0.0210924
-0.0106973
-0.00127779
0.016856
-0.00866286
-0.00120989
0.0126418
-0.00663206
-0.00107743
0.00860454
-0.0046676
-0.000690636
0.00510295
-0.00279072
-0.000407447
0.00230279
-0.0012141
0.00357504
0.0210892
-0.0108184
0.00355145
0.0168549
-0.00878381
0.0034542
0.0126438
-0.00676244
0.00311902
0.00869539
-0.0048463
0.00271077
0.00512232
-0.00306816
0.00207775
0.00240337
-0.00143049
-0.00244907
0.0190449
-0.0096893
-0.00239416
0.0148099
-0.0076487
-0.00223231
0.0106349
-0.00567258
-0.00187035
0.0070056
-0.00375454
-0.0013873
0.00372143
-0.0020204
-0.000924505
0.00123039
-0.000628187
0.0023828
0.0190288
-0.00980201
0.00234306
0.0147848
-0.00775437
0.00218975
0.0106778
-0.00570158
0.00189468
0.00678486
-0.00391945
0.00154785
0.00367582
-0.00212555
0.000996999
0.00136787
-0.000592614
0.00112223
0.0189727
-0.0097475
0.00110405
0.0147276
-0.00770501
0.00107311
0.0105636
-0.00572486
0.000973167
0.00672021
-0.00378595
0.000929762
0.00356651
-0.00210189
0.000755891
0.00120505
-0.000743734
-0.0011771
0.0190929
-0.00975029
-0.00111356
0.0148264
-0.00772997
-0.0010432
0.0106601
-0.00574964
-0.000973236
0.00683114
-0.00383532
-0.000750987
0.00368757
-0.00211725
-0.000519899
0.00120654
-0.000704206
-0.000368343
0.000404359
-0.000231188
0.000312626
0.00036229
-0.000338366
-3.94143e-05
0.0232461
-0.0117616
0.000666285
0.00051988
-0.000208102
1.66412e-05
-6.09645e-05
4.10074e-05
-0.000528516
0.000463279
-0.000144876
-0.00245951
0.021156
-0.0107007
-0.00242841
0.0169247
-0.00867019
-0.00231858
0.0127032
-0.00665736
-0.00213403
0.00865531
-0.00469351
-0.00159798
0.00523437
-0.00285611
-0.00116493
0.00240306
-0.00127047
0.00238751
0.0211449
-0.0108183
0.00236293
0.0169081
-0.00877235
0.00229454
0.012692
-0.00673288
0.00203083
0.00869825
-0.00479854
0.00173788
0.00516378
-0.00298592
0.00131888
0.00237555
-0.00131983
0.00111855
0.0210906
-0.0107584
0.00112518
0.0168399
-0.00873399
0.00109769
0.0126184
-0.00670288
0.0010073
0.00862487
-0.00477251
0.00097107
0.00505648
-0.00292791
0.000880652
0.00225262
-0.00134962
-0.00118779
0.0212082
-0.0107621
-0.00115924
0.0169666
-0.00873079
-0.00107839
0.0127215
-0.00672291
-0.00101316
0.00868851
-0.00474898
-0.000856746
0.00519012
-0.00294914
-0.000637409
0.00235549
-0.00136793
-0.000121675
0.000749121
-0.000394746
-0.000912073
0.00943635
-0.00510655
