-0.00349784
0.0221807
-0.011558
0.00112974
0.0221736
-0.01169
0.000100046
5.67385e-05
5.14809e-05
-0.000144
4.86814e-06
-7.57063e-05
-0.00119326
0.0220411
-0.0115544
0.00343749
0.0220456
-0.0116935
0.00013218
2.4405e-05
-8.47163e-05
-2.99331e-05
1.40392e-05
4.33752e-05
-0.00348558
0.0181926
-0.00956788
-0.00340541
0.0141686
-0.00757314
-0.00319639
0.0101727
-0.00565183
-0.00276732
0.00673274
-0.00378314
-0.00215968
0.00367673
-0.00205711
-0.00135674
0.00138043
-0.000729731
0.00113233
0.0181719
-0.00969529
0.00113636
0.0141186
-0.00766965
0.00106769
0.0102202
-0.00562335
0.000876911
0.00648798
-0.00382504
0.000689245
0.00354318
-0.00206956
0.000444179
0.00122989
-0.00057352
-0.00118649
0.018048
-0.00956051
-0.00114033
0.014017
-0.00754181
-0.00104026
0.0100496
-0.00556919
-0.000838443
0.00652759
-0.00359398
-0.000490555
0.00344246
-0.00194454
-0.000224807
0.00104505
-0.000557083
0.00344001
0.0180393
-0.00969935
0.00338731
0.0140168
-0.00768619
0.00316758
0.0101543
-0.00570606
0.00282824
0.0063898
-0.00393724
0.00235391
0.00348266
-0.00219128
0.00146108
0.00152856
-0.00067904
-0.00118138
0.0221793
-0.0116264
-0.000771763
0.000614563
-0.000290054
-0.00234141
0.0221122
-0.0115536
0.000319698
0.000449075
-0.000158408
0.00226705
0.0221109
-0.0116918
-0.000214559
-7.94674e-05
4.05461e-06
0.00018836
8.73887e-05
-1.42028e-05
-0.000156976
6.80545e-05
6.20636e-06
0.00111041
0.0220411
-0.0116268
-0.000123185
0.000374697
-0.000120997
0.000797811
0.000704567
-0.00037833
0.000108586
-3.07269e-05
-2.65138e-05
-0.00349517
0.0201946
-0.0105674
-0.00346044
0.016181
-0.00856491
-0.00332088
0.0121686
-0.00659553
-0.0030638
0.00830557
-0.00469218
-0.00246192
0.00510251
-0.00287077
-0.00180917
0.00242981
-0.0013226
0.00112991
0.0201829
-0.0107007
0.00113683
0.0161471
-0.00867845
0.00112261
0.0121266
-0.00665694
0.000995363
0.00832868
-0.00467847
0.000777566
0.00496969
-0.00292333
0.000583918
0.00228397
-0.0012762
-0.00119392
0.020053
-0.0105619
-0.00116962
0.0160296
-0.00855113
-0.00110699
0.012027
-0.00654446
-0.000985601
0.00819059
-0.00460389
-0.000623844
0.00485752
-0.00275269
-0.000363178
0.00219359
-0.00120024
0.00344026
0.0200503
-0.0107011
0.00341754
0.0160292
-0.00868911
0.00332412
0.0120303
-0.00668965
0.00300529
0.0082779
-0.00479294
0.00261311
0.00487972
-0.00303341
0.00200312
0.0022945
-0.00141462
-0.0023269
0.0181207
-0.00956528
-0.00227517
0.014098
-0.00754806
-0.00212182
0.0101312
-0.0055947
-0.00177914
0.00667864
-0.00369986
-0.00132123
0.00355184
-0.00199013
-0.000882095
0.00117634
-0.000619846
0.00226267
0.0181055
-0.00969622
0.0022254
0.0140745
-0.00767148
0.00208145
0.010171
-0.0056429
0.00180287
0.00647076
-0.00387642
0.00147486
0.00350857
-0.00210403
0.000952876
0.00130553
-0.000591954
0.00110996
0.01804
-0.00963256
0.00109119
0.0140085
-0.00761317
0.00105971
0.0100537
-0.00565517
0.000961174
0.00639687
-0.00374008
0.000913524
0.00339813
-0.00207591
0.000739854
0.00115148
-0.00073599
-0.0011634
0.0181785
-0.00963538
-0.00110163
0.0141257
-0.00763792
-0.00103207
0.0101657
-0.00567907
-0.000960901
0.00652529
-0.00378776
-0.000743732
0.00352821
-0.00209121
-0.000515092
0.00115625
-0.000696512
-0.000364303
0.000386669
-0.000228578
0.000308685
0.00034753
-0.000334008
-3.80896e-05
0.022111
-0.0116238
0.000637744
0.000496355
-0.000206779
1.64537e-05
-5.82294e-05
4.07054e-05
-0.000504492
0.000443136
-0.000145475
-0.00233676
0.0201257
-0.0105651
-0.00230742
0.016107
-0.00855786
-0.00220346
0.0120965
-0.00656804
-0.0020288
0.00824932
-0.00462704
-0.0015209
0.00499274
-0.00281342
-0.00111022
0.00229508
-0.00125201
0.00226702
0.0201153
-0.0107011
0.00224392
0.0160914
-0.0086781
0.00217992
0.012086
-0.00666151
0.0019313
0.00828967
-0.00474753
0.00165471
0.00492637
-0.00295453
0.00125806
0.00226838
-0.00130836
0.00110663
0.0200515
-0.010632
0.00111235
0.0160145
-0.00863054
0.00108427
0.0120054
-0.00662237
0.000996196
0.00821077
-0.00471292
0.000956026
0.0048152
-0.00289133
0.000863075
0.0021482
-0.001334
-0.00117369
0.0201876
-0.0106357
-0.00114614
0.0161589
-0.00862743
-0.00106713
0.0121255
-0.00664206
-0.00100128
0.00829015
-0.00469153
-0.000847848
0.00496185
-0.00291253
-0.000631649
0.00225572
-0.00135153
-0.000105163
0.000716452
-0.000391677
-0.000839977
0.00898497
-0.00503799
