-0.00308039
0.0187578
-0.0110847
0.000804524
0.0187517
-0.0112759
7.98833e-05
4.56767e-05
4.46854e-05
-0.000128833
6.72696e-06
-6.95065e-05
-0.00086188
0.01856
-0.0110816
0.00302628
0.0185639
-0.0112787
0.000118468
2.34639e-05
-7.71214e-05
-1.78891e-05
7.97305e-06
3.68989e-05
-0.00307037
0.0154103
-0.00916845
-0.00300165
0.0120312
-0.00724653
-0.00282221
0.00866932
-0.00539335
-0.00245013
0.00577038
-0.00359324
-0.00192349
0.0031729
-0.00195111
-0.00121544
0.00120218
-0.000688775
0.000806823
0.0153926
-0.00935483
0.000815167
0.0119873
-0.0074041
0.000770145
0.00870292
-0.0054385
0.000627049
0.00556054
-0.00369967
0.000496799
0.00305057
-0.00201162
0.00032672
0.00105961
-0.000582895
-0.000856477
0.0152085
-0.00916265
-0.000820654
0.0118249
-0.0072207
-0.000745025
0.008495
-0.00532499
-0.000594922
0.0055175
-0.00343721
-0.000322922
0.00291538
-0.00185921
-0.000130404
0.00089033
-0.000547318
0.00302834
0.0152021
-0.00935753
0.00298182
0.0118282
-0.00741604
0.0027951
0.00858504
-0.00550436
0.00250438
0.00541226
-0.00379086
0.00208466
0.00296256
-0.00211032
0.00130194
0.00131775
-0.000659175
-0.00113513
0.0187568
-0.0111825
-0.000695545
0.000538591
-0.000274137
-0.00196763
0.0186599
-0.011081
0.000243404
0.000381471
-0.000172685
0.00190096
0.018659
-0.0112773
-0.000199934
-6.98381e-05
-2.77157e-07
0.000160195
7.66332e-05
-8.92692e-06
-0.000131975
6.07624e-05
9.44235e-06
0.00107165
0.01856
-0.0111828
-7.66158e-05
0.00031989
-0.000137204
0.000714471
0.000617711
-0.000356772
0.000104261
-2.64813e-05
-2.83141e-05
-0.00307824
0.0170906
-0.010131
-0.00304924
0.0137213
-0.00820228
-0.00292906
0.0103493
-0.00630446
-0.00270309
0.00709632
-0.00447004
-0.00218705
0.0043877
-0.00272583
-0.00161523
0.00210529
-0.0012537
0.000804481
0.0170808
-0.010323
0.000812271
0.0136919
-0.00837571
0.000808615
0.010311
-0.00642937
0.000717128
0.00710744
-0.00452894
0.000556922
0.00426832
-0.00283187
0.000424674
0.00197069
-0.00125171
-0.000862492
0.0168911
-0.0101265
-0.000843218
0.0135145
-0.00819154
-0.000796502
0.0101549
-0.00626242
-0.000708513
0.00692902
-0.00439868
-0.000422455
0.004109
-0.00262972
-0.000229888
0.00186009
-0.00115437
0.00302863
0.0168893
-0.0103231
0.00300847
0.0135163
-0.00838346
0.00292664
0.0101621
-0.0064545
0.00265732
0.00700562
-0.00462076
0.00231404
0.00413975
-0.00292144
0.00177437
0.00196181
-0.00136341
-0.00195567
0.0153094
-0.00916633
-0.00191354
0.0119318
-0.00722432
-0.00178591
0.00859752
-0.00534441
-0.00150169
0.00568252
-0.00352431
-0.00112003
0.00303465
-0.00189271
-0.000752827
0.00101126
-0.000592438
0.00189779
0.0152971
-0.0093549
0.001868
0.011913
-0.00740366
0.0017523
0.00862807
-0.00545255
0.00152358
0.00551351
-0.00373753
0.00125264
0.00299852
-0.00203405
0.000818309
0.00111539
-0.000588419
0.00107051
0.0152022
-0.00926235
0.00104999
0.0118195
-0.00731717
0.00101686
0.00850038
-0.00543056
0.000922764
0.00541118
-0.0035919
0.000862456
0.0028842
-0.00199193
0.000689744
0.000987456
-0.000710525
-0.00111945
0.0153984
-0.00926525
-0.00106301
0.0119944
-0.00734123
-0.000995973
0.00866112
-0.00545179
-0.0009214
0.00559372
-0.00363438
-0.000719916
0.0030425
-0.00200694
-0.000499185
0.00100299
-0.000671254
-0.000351111
0.000332868
-0.000219969
0.000295949
0.000302071
-0.000319887
-3.39836e-05
0.0186589
-0.0111802
0.000550628
0.000424587
-0.000202329
1.58197e-05
-4.99115e-05
3.96669e-05
-0.000431275
0.000381503
-0.000146486
-0.00196377
0.0169923
-0.010129
-0.00193976
0.013619
-0.00819646
-0.00185352
0.0102497
-0.00628079
-0.00170882
0.00701263
-0.00441357
-0.00128629
0.00425623
-0.00267636
-0.000943525
0.00196561
-0.00119224
0.00190107
0.016984
-0.0103232
0.00188241
0.0136068
-0.0083738
0.00183169
0.0102414
-0.00643067
0.00162868
0.00704525
-0.00458246
0.00140164
0.00420265
-0.00285277
0.00107279
0.00194143
-0.00127056
0.00106826
0.01689
-0.0102251
0.00107122
0.0135026
-0.00829725
0.00104135
0.0101387
-0.00636283
0.000960334
0.00694876
-0.00452106
0.000908477
0.00407925
-0.00277329
0.000808075
0.00182919
-0.00128315
-0.00112849
0.0170848
-0.0102286
-0.00110397
0.0137026
-0.00829438
-0.00103056
0.0103122
-0.00638145
-0.000962987
0.00707746
-0.00450615
-0.000818875
0.00426633
-0.00279433
-0.000612581
0.00195158
-0.00129827
-5.55749e-05
0.0006164
-0.000380956
-0.000622259
0.00760983
-0.00481746
