-0.00279658
0.0164437
-0.0107434
0.000586961
0.0164382
-0.0109765
6.62932e-05
3.82207e-05
4.00418e-05
-0.000118421
7.94862e-06
-6.51996e-05
-0.00063998
0.0162045
-0.0107407
0.00274687
0.0162081
-0.0109789
0.000109052
2.27664e-05
-7.18857e-05
-9.83522e-06
3.89701e-06
3.25227e-05
-0.00278805
0.0135284
-0.00888028
-0.00272695
0.0105846
-0.00701101
-0.00256732
0.00765082
-0.00520747
-0.00223375
0.00511757
-0.00345725
-0.00176189
0.00283061
-0.00187499
-0.00111851
0.00108089
-0.000659347
0.000589078
0.0135129
-0.00910836
0.000600275
0.0105448
-0.00721147
0.000570971
0.00767518
-0.00530363
0.000459701
0.0049313
-0.00360818
0.000367776
0.00271604
-0.00196864
0.000247874
0.00094401
-0.000587866
-0.000635489
0.0132861
-0.00887553
-0.000606585
0.0103398
-0.00698886
-0.000547313
0.00744047
-0.00514869
-0.000431754
0.00483168
-0.00332349
-0.000210682
0.00255681
-0.00179702
-6.73562e-05
0.000784618
-0.000539008
0.0027486
0.0132814
-0.00911017
0.00270616
0.0103454
-0.00722035
0.00254153
0.00752066
-0.00535822
0.00228352
0.00474824
-0.00368527
0.0019008
0.00260866
-0.00205185
0.00119297
0.00117377
-0.000644554
-0.00110193
0.0164428
-0.0108619
-0.000643126
0.000486827
-0.00026263
-0.00171522
0.016325
-0.0107401
0.000192106
0.000335692
-0.000181847
0.00165389
0.0163242
-0.0109776
-0.000189704
-6.32387e-05
-3.12863e-06
0.000141086
6.93021e-05
-5.43363e-06
-0.000115017
5.574e-05
1.16006e-05
0.00104369
0.0162046
-0.0108621
-4.55185e-05
0.000282318
-0.000147407
0.000657271
0.000558104
-0.00034168
0.000101113
-2.36268e-05
-2.94297e-05
-0.00279478
0.0149917
-0.00981616
-0.00276958
0.0120573
-0.0079407
-0.00266234
0.00911747
-0.00609473
-0.00245738
0.00627649
-0.00431045
-0.00199923
0.00390243
-0.00262186
-0.00148238
0.00188465
-0.00120411
0.000586786
0.0149832
-0.0100498
0.000595158
0.0120308
-0.00815634
0.0005985
0.00908174
-0.00626402
0.000530823
0.00627972
-0.00441956
0.000409066
0.00379225
-0.0027648
0.000317851
0.00175787
-0.00123268
-0.000640561
0.0147511
-0.00981233
-0.00062465
0.0118111
-0.00793197
-0.000588579
0.00888573
-0.00605874
-0.000522882
0.0060727
-0.00425045
-0.000287564
0.00360028
-0.00254051
-0.000140715
0.00163293
-0.0011203
0.00274894
0.01475
-0.0100496
0.00273044
0.0118145
-0.00816216
0.00265632
0.00889562
-0.00628411
0.0024202
0.00614211
-0.00449618
0.00210995
0.00363677
-0.00284058
0.00161804
0.00173509
-0.00132639
-0.00170494
0.0134071
-0.00887849
-0.00166923
0.010465
-0.00699073
-0.00155882
0.00755783
-0.00516402
-0.0013139
0.00500655
-0.00339797
-0.000983602
0.00268308
-0.0018224
-0.000665049
0.000898764
-0.000572223
0.00165152
0.0133967
-0.00910787
0.00162672
0.0104493
-0.00720952
0.0015299
0.00758224
-0.005314
0.00133458
0.0048636
-0.00363699
0.00110206
0.0026518
-0.00198301
0.000726883
0.000986051
-0.000584799
0.00104208
0.013281
-0.00899487
0.00102039
0.0103364
-0.00710319
0.000986151
0.00744671
-0.00526821
0.000895199
0.00474176
-0.00348456
0.000826534
0.00253451
-0.00193104
0.000654739
0.00087535
-0.00069174
-0.00108778
0.013518
-0.00899781
-0.00103494
0.0105519
-0.00712673
-0.000969654
0.00764182
-0.00528761
-0.000893027
0.00496168
-0.00352343
-0.000702348
0.00271255
-0.0019458
-0.000487365
0.000898814
-0.00065265
-0.000341447
0.000296371
-0.000213598
0.00028672
0.000270748
-0.000309621
-3.11282e-05
0.0163241
-0.0108599
0.000491375
0.000375745
-0.000198978
1.53369e-05
-4.42843e-05
3.88664e-05
-0.000381555
0.000339387
-0.000146512
-0.00171188
0.0148726
-0.00981442
-0.00169142
0.011935
-0.00793569
-0.00161703
0.00899853
-0.00607363
-0.00149243
0.00617372
-0.00425984
-0.00112735
0.00375601
-0.00257769
-0.000830422
0.00174143
-0.00114883
0.0016541
0.0148656
-0.0100498
0.0016384
0.0119249
-0.0081534
0.00159653
0.00899162
-0.00626315
0.00142404
0.0062012
-0.00446266
0.00123027
0.00371103
-0.00277881
0.000947129
0.00171901
-0.00124264
0.00104054
0.0147503
-0.00993109
0.00104166
0.0118014
-0.00805637
0.0010106
0.00887322
-0.00617517
0.000934354
0.00609214
-0.00438258
0.000874849
0.003579
-0.0026879
0.000769601
0.0016118
-0.00124603
-0.001096
0.0149867
-0.0099346
-0.0010735
0.0120408
-0.00805365
-0.00100389
0.00908433
-0.00619304
-0.00093529
0.00625545
-0.00437195
-0.000797678
0.00379413
-0.00270875
-0.000598401
0.00174486
-0.00125948
-2.24967e-05
0.000547969
-0.000372575
-0.000476265
0.00667688
-0.00465837
