-0.00265326
0.0152784
-0.0105652
0.000478156
0.0152733
-0.01082
5.94573e-05
3.44698e-05
3.76877e-05
-0.000113128
8.55332e-06
-6.2996e-05
-0.00052893
0.0150179
-0.0105627
0.00260581
0.0150214
-0.0108221
0.000104264
2.23967e-05
-6.92184e-05
-5.80158e-06
1.84933e-06
3.03183e-05
-0.00264545
0.0125806
-0.00872982
-0.00258815
0.00985565
-0.00688807
-0.00243842
0.00713716
-0.0051106
-0.00212421
0.00478804
-0.00338655
-0.00167993
0.00265763
-0.00183536
-0.00106926
0.00101952
-0.000644021
0.000480184
0.0125661
-0.00897942
0.000492791
0.00981789
-0.00711057
0.0004713
0.00715692
-0.00523278
0.000375905
0.00461361
-0.00356012
0.00030311
0.00254702
-0.00194588
0.000208315
0.000885599
-0.000589975
-0.000524895
0.0123174
-0.00872559
-0.000499442
0.00959092
-0.00686777
-0.000448339
0.00690828
-0.00505662
-0.000350022
0.00448531
-0.00326394
-0.000154462
0.00237546
-0.00176439
-3.5813e-05
0.000731
-0.000534328
0.00260736
0.0123135
-0.00898077
0.00256695
0.00959769
-0.00711795
0.00241335
0.00698356
-0.00528174
0.00217173
0.00441278
-0.00363015
0.00180765
0.00242966
-0.00202131
0.00113767
0.00110077
-0.000636847
-0.00108464
0.0152777
-0.0106944
-0.000616454
0.000460609
-0.000256619
-0.00158825
0.015149
-0.0105621
0.000166339
0.00031259
-0.000186323
0.00152967
0.0151483
-0.0108209
-0.000184451
-5.98891e-05
-4.54291e-06
0.000131437
6.55902e-05
-3.69531e-06
-0.000106457
5.31812e-05
1.26792e-05
0.00102908
0.0150181
-0.0106946
-2.99596e-05
0.00026322
-0.00015233
0.000628201
0.000527796
-0.00033393
9.94625e-05
-2.21944e-05
-2.99627e-05
-0.00265163
0.0139347
-0.0096518
-0.0026283
0.0112189
-0.00780412
-0.00252752
0.0084965
-0.00598531
-0.00233311
0.00586281
-0.00422732
-0.00190405
0.00365732
-0.00256775
-0.00141495
0.00177308
-0.00117825
0.000477916
0.0139268
-0.00990697
0.000486576
0.011194
-0.00804151
0.000493387
0.00846206
-0.00617735
0.000437562
0.00586213
-0.00436201
0.000334993
0.00355181
-0.00272948
0.000264286
0.00165031
-0.00122236
-0.000529496
0.0136729
-0.00964829
-0.000515262
0.0109525
-0.0077964
-0.000484504
0.00824555
-0.00595234
-0.000429924
0.00564034
-0.004173
-0.000219996
0.00334317
-0.0024938
-9.60625e-05
0.00151795
-0.00110225
0.00260774
0.0136722
-0.00990657
0.00259005
0.0109567
-0.00804638
0.00251977
0.00825679
-0.00619493
0.00230026
0.00570613
-0.00443105
0.00200661
0.00338254
-0.00279835
0.00153881
0.00162029
-0.00130705
-0.00157881
0.0124487
-0.00872819
-0.00154629
0.00972556
-0.00686876
-0.0014445
0.00703331
-0.00506989
-0.00121927
0.00466526
-0.0033321
-0.000914764
0.00250536
-0.00178569
-0.000620713
0.00084179
-0.000561553
0.0015277
0.0124393
-0.00897864
0.00150538
0.00971151
-0.00710788
0.00141797
0.00705469
-0.00524132
0.00123936
0.00453537
-0.00358441
0.00102611
0.00247653
-0.00195622
0.000680695
0.000920633
-0.000582621
0.00102724
0.0123128
-0.00885508
0.00100497
0.00958856
-0.00699133
0.000970181
0.00691496
-0.00518336
0.000880848
0.00440361
-0.00342839
0.000808036
0.00235763
-0.00189917
0.000636779
0.000818481
-0.000681824
-0.00107124
0.0125709
-0.00885804
-0.0010202
0.00982498
-0.00701459
-0.000955824
0.00712777
-0.00520184
-0.00087824
0.00464258
-0.00346544
-0.000693065
0.00254581
-0.00191379
-0.000481098
0.000846134
-0.000642837
-0.000336362
0.000277929
-0.000210229
0.000281892
0.000254777
-0.000304242
-2.96633e-05
0.0151482
-0.0106925
0.000461419
0.000351026
-0.000197193
1.50775e-05
-4.14497e-05
3.84345e-05
-0.000356439
0.000318019
-0.000146336
-0.00158518
0.0138049
-0.00965017
-0.00156648
0.0110863
-0.00779952
-0.001498
0.00836761
-0.00596549
-0.00138347
0.00575028
-0.00417966
-0.00104719
0.0035033
-0.00252625
-0.000773324
0.00162802
-0.00112609
0.00152993
0.0137986
-0.00990679
0.0015157
0.0110774
-0.00803806
0.00147824
0.00836143
-0.0061754
0.00132099
0.00577521
-0.00439992
0.00114389
0.00346264
-0.00274004
0.000883711
0.00160652
-0.00122788
0.00102606
0.0136723
-0.00977749
0.00102626
0.0109439
-0.00793046
0.000994608
0.00823489
-0.00607707
0.000920759
0.00565963
-0.00431026
0.000857482
0.00332615
-0.00264325
0.000749848
0.00150172
-0.00122653
-0.00107905
0.0139301
-0.00978095
-0.00105756
0.0112036
-0.00792783
-0.000989863
0.00846537
-0.00609455
-0.0009208
0.00584072
-0.00430175
-0.000786523
0.0035556
-0.002664
-0.000590878
0.00164034
-0.00123913
-5.95958e-06
0.000513234
-0.000368024
-0.000403117
0.00620598
-0.00457532
