-0.00250907
0.0141085
-0.0103821
0.000369419
0.0141037
-0.0106589
5.25958e-05
3.07043e-05
3.53132e-05
-0.00010778
9.15353e-06
-6.07598e-05
-0.000417897
0.0138262
-0.0103797
0.00246395
0.0138295
-0.0106608
9.94252e-05
2.20133e-05
-6.65194e-05
-1.76395e-06
-2.0466e-07
2.81035e-05
-0.00250199
0.0116287
-0.0085752
-0.00244846
0.00912326
-0.00676177
-0.00230861
0.00662078
-0.00501117
-0.00201382
0.00445653
-0.0033141
-0.00159723
0.00248346
-0.00179472
-0.0010195
0.000957676
-0.000628302
0.000371361
0.0116152
-0.00884671
0.000385364
0.00908754
-0.00700668
0.000371642
0.00663597
-0.00515968
0.000292075
0.00429398
-0.00351055
0.000238369
0.00237687
-0.00192228
0.000168678
0.00082679
-0.000591835
-0.000414316
0.0113442
-0.00857148
-0.000392304
0.00883827
-0.0067433
-0.000349349
0.00637305
-0.00496198
-0.000268237
0.00413678
-0.00320265
-9.81955e-05
0.00219279
-0.00173075
-4.26437e-06
0.000676882
-0.000529309
0.00246532
0.0113411
-0.00884762
0.00242691
0.00884622
-0.00701255
0.00228433
0.00644342
-0.00520303
0.00205911
0.00407515
-0.00357352
0.00171374
0.00224935
-0.00198993
0.00108184
0.00102713
-0.000628883
-0.00106688
0.0141078
-0.0105222
-0.000589483
0.000434169
-0.000250443
-0.00146086
0.0139681
-0.0103792
0.000140502
0.000289347
-0.000190729
0.00140507
0.0139675
-0.0106597
-0.000179109
-5.65081e-05
-5.94939e-06
0.000121728
6.18484e-05
-1.96291e-06
-9.78433e-05
5.0591e-05
1.37572e-05
0.00101407
0.0138264
-0.0105224
-1.43965e-05
0.000243915
-0.000157137
0.00059883
0.000497158
-0.000326048
9.77624e-05
-2.07595e-05
-3.04795e-05
-0.00250761
0.0128733
-0.00948289
-0.00248615
0.0103769
-0.00766378
-0.00239181
0.00787245
-0.00587292
-0.00220798
0.00544678
-0.00414204
-0.00180807
0.00341064
-0.00251227
-0.00134686
0.0016607
-0.00115171
0.000369116
0.0128661
-0.00975996
0.00037806
0.0103534
-0.0079233
0.000388314
0.0078393
-0.00608806
0.000344289
0.00544223
-0.0043026
0.000260862
0.00330983
-0.002693
0.000210638
0.00154201
-0.00121153
-0.000418448
0.0125899
-0.0094797
-0.000405887
0.0100898
-0.00765705
-0.000380423
0.00760195
-0.00584297
-0.000336925
0.00520535
-0.0040934
-0.000152377
0.00308432
-0.00244573
-5.13792e-05
0.00140206
-0.00108355
0.00246574
0.0125896
-0.00975942
0.00244885
0.0100947
-0.00792722
0.00238238
0.00761453
-0.00610313
0.00217946
0.00526754
-0.00436405
0.00190246
0.00312657
-0.00275495
0.00145889
0.00150457
-0.00128717
-0.00145226
0.011486
-0.00857373
-0.00142292
0.00898256
-0.00674342
-0.00132972
0.00650592
-0.00497321
-0.00112421
0.0043219
-0.00326449
-0.000845539
0.00232639
-0.00174797
-0.000576094
0.000784339
-0.000550519
0.0014035
0.0114775
-0.00884566
0.00138365
0.00897008
-0.00700324
0.00130563
0.00652427
-0.0051664
0.00114371
0.00420506
-0.00353032
0.000949769
0.00230003
-0.00192859
0.000634207
0.000854727
-0.000580201
0.00101199
0.0113401
-0.00871134
0.000989147
0.00883695
-0.0068763
0.000953809
0.00638017
-0.0050961
0.000866127
0.0040633
-0.00337061
0.000789193
0.00217945
-0.00186638
0.000618524
0.000761078
-0.000671568
-0.00105424
0.0116198
-0.00871432
-0.00100501
0.00909461
-0.00689927
-0.000941551
0.00661101
-0.00511367
-0.000863061
0.00432153
-0.0034058
-0.000683452
0.00237792
-0.00188084
-0.000474597
0.000793063
-0.000632692
-0.000331112
0.000259357
-0.000206743
0.000276926
0.000238601
-0.000298703
-2.81731e-05
0.0139674
-0.0105205
0.000431252
0.000326111
-0.000195336
1.48064e-05
-3.86026e-05
3.79822e-05
-0.000331159
0.000296445
-0.000146038
-0.00145805
0.0127326
-0.00948137
-0.00144111
0.0102337
-0.00765958
-0.00137853
0.00773345
-0.00585438
-0.00127405
0.00532436
-0.00409734
-0.000966626
0.00324894
-0.00247344
-0.000715885
0.00151376
-0.00110268
0.00140538
0.0127269
-0.00975968
0.00139262
0.0102259
-0.00791934
0.00135956
0.00772799
-0.00608503
0.00121752
0.00534675
-0.00433531
0.00105709
0.0032126
-0.00270011
0.000819929
0.0014932
-0.00121261
0.00101117
0.0125895
-0.00961955
0.00101045
0.0100823
-0.00780098
0.00097821
0.00759313
-0.00597618
0.000906769
0.00522449
-0.00423593
0.000839758
0.00307156
-0.00259735
0.000729762
0.00139076
-0.00120643
-0.00106164
0.0128691
-0.00962297
-0.00104115
0.0103626
-0.00779843
-0.000975384
0.00784332
-0.00599326
-0.000905889
0.00542367
-0.00422955
-0.000775
0.00331553
-0.00261796
-0.00058307
0.00153508
-0.00121816
1.05724e-05
0.000478155
-0.000363241
-0.000329913
0.00573232
-0.00449
