-0.0023641
0.0129343
-0.0101942
0.000260815
0.0129298
-0.0104934
4.57102e-05
2.6925e-05
3.2919e-05
-0.000102378
9.74897e-06
-5.84921e-05
-0.000306942
0.0126299
-0.010192
0.00232136
0.012633
-0.010495
9.45369e-05
2.16163e-05
-6.37895e-05
2.27723e-06
-2.26472e-06
2.58789e-05
-0.00235774
0.0106731
-0.00841649
-0.00230797
0.00838772
-0.00663216
-0.00217797
0.00610184
-0.00490925
-0.00190264
0.00412313
-0.00323994
-0.00151381
0.00230814
-0.00175308
-0.00096926
0.000895358
-0.000612201
0.000262671
0.0106606
-0.00871028
0.000278053
0.00835403
-0.00689981
0.000272047
0.0061125
-0.00508437
0.000208248
0.00397249
-0.00345948
0.000173576
0.00220562
-0.00189786
0.000128971
0.000767589
-0.000593448
-0.000303813
0.0103669
-0.00841328
-0.000285225
0.00808213
-0.00661552
-0.000250392
0.00583496
-0.00486485
-0.00018643
0.00378619
-0.00313965
-4.18995e-05
0.00200886
-0.00169614
2.72837e-05
0.000622274
-0.000523956
0.00232255
0.0103646
-0.00871076
0.00228611
0.00809127
-0.00690419
0.00215451
0.00590044
-0.00512211
0.00194569
0.00373544
-0.00351539
0.00161911
0.00206777
-0.00195772
0.00102552
0.000952853
-0.000620667
-0.00104866
0.0129337
-0.0103454
-0.00056222
0.000407507
-0.000244107
-0.00133312
0.0127828
-0.0101915
0.000114599
0.000265966
-0.000195065
0.00128017
0.0127823
-0.010494
-0.000173681
-5.30972e-05
-7.34798e-06
0.000111963
5.80773e-05
-2.36681e-07
-8.91796e-05
4.79701e-05
1.48341e-05
0.00099865
0.0126301
-0.0103455
1.16869e-06
0.000224405
-0.000161828
0.000569167
0.000466195
-0.000318039
9.60138e-05
-1.93224e-05
-3.09803e-05
-0.00236281
0.011808
-0.00930951
-0.0023432
0.00953139
-0.00751973
-0.00225527
0.00724554
-0.00575763
-0.00208203
0.00502852
-0.00405465
-0.00171132
0.00316243
-0.00245545
-0.00127815
0.00154753
-0.00112451
0.000260451
0.0118014
-0.00960885
0.000269673
0.00950934
-0.00780174
0.000283337
0.00721369
-0.00599617
0.000251048
0.00502014
-0.00424134
0.000186699
0.00306638
-0.00265536
0.000156923
0.00143298
-0.00120018
-0.000307478
0.0115026
-0.00930663
-0.000296582
0.00922324
-0.007514
-0.00027639
0.00695517
-0.00573069
-0.00024393
0.00476789
-0.00401168
-8.47297e-05
0.00282381
-0.00239633
-6.67623e-06
0.00128529
-0.0010642
0.00232299
0.0115026
-0.00960818
0.00230689
0.00922896
-0.00780472
0.00224422
0.0069691
-0.00600876
0.00205787
0.00482647
-0.00429521
0.00179754
0.00286893
-0.00271039
0.00137833
0.00138795
-0.00126676
-0.00132535
0.0105195
-0.00841517
-0.00129917
0.00823625
-0.00661478
-0.00121455
0.00597582
-0.00487402
-0.00102874
0.00397657
-0.00319516
-0.000775949
0.00214621
-0.00170928
-0.000531206
0.000726421
-0.000539132
0.001279
0.0105119
-0.00870895
0.0012616
0.00822532
-0.00689563
0.00119293
0.00599118
-0.00508926
0.00104767
0.00387277
-0.00347474
0.00087305
0.00212234
-0.00190015
0.000587434
0.000788344
-0.000577542
0.000996339
0.0103634
-0.00856369
0.000972925
0.00808185
-0.00675813
0.000937043
0.00584253
-0.00500649
0.000851041
0.00372093
-0.00331123
0.000770013
0.00200001
-0.00183269
0.000599982
0.000703152
-0.00066098
-0.00103678
0.0106649
-0.00856668
-0.000989353
0.00836109
-0.00678081
-0.000926837
0.0060917
-0.00502313
-0.000847492
0.0039986
-0.00334454
-0.000673514
0.00220893
-0.00184698
-0.000467866
0.000739604
-0.000622223
-0.0003257
0.000240654
-0.000203141
0.000271824
0.00022222
-0.000293008
-2.66573e-05
0.0127821
-0.0103438
0.000400885
0.000301003
-0.000193409
1.45236e-05
-3.57441e-05
3.75096e-05
-0.000305723
0.000274667
-0.000145621
-0.00133056
0.0116561
-0.0093081
-0.00131537
0.00937753
-0.00751593
-0.00125867
0.00709627
-0.00574037
-0.00116423
0.00489609
-0.00401292
-0.000885671
0.00299299
-0.00241931
-0.00065812
0.00139868
-0.00107861
0.00128053
0.0116511
-0.00960848
0.00126923
0.00937076
-0.00779728
0.00124054
0.00709154
-0.00599207
0.00111368
0.00491596
-0.00426887
0.000969899
0.00296099
-0.00265904
0.000755805
0.00137906
-0.00119682
0.000995876
0.0115023
-0.00945733
0.000994233
0.0092168
-0.00766798
0.000961415
0.0069482
-0.00587255
0.000892388
0.00478688
-0.00415964
0.000821686
0.00281531
-0.0025502
0.000709353
0.00127893
-0.00118573
-0.00104376
0.0118041
-0.0094607
-0.00102429
0.00951824
-0.00766551
-0.000960452
0.00721841
-0.00588923
-0.000890559
0.00500441
-0.00415536
-0.000763114
0.00307396
-0.00257067
-0.000574982
0.00142907
-0.00119659
2.70962e-05
0.000442738
-0.000358232
-0.000256688
0.00525608
-0.00440243
