-0.00177767
0.00820489
-0.00939559
-0.000171102
0.0082016
-0.00978757
1.79596e-05
1.16836e-05
2.3163e-05
-8.02663e-05
1.20771e-05
-4.91239e-05
0.00013492
0.00780903
-0.00939414
0.001745
0.00781147
-0.00978832
7.45212e-05
1.98973e-05
-5.25815e-05
1.84647e-05
-1.05579e-05
1.689e-05
-0.00177407
0.00682138
-0.00774231
-0.00173908
0.00541948
-0.0060821
-0.00164814
0.00400397
-0.00447783
-0.0014508
0.0027726
-0.00292725
-0.00117362
0.00159615
-0.00157731
-0.00076375
0.000641573
-0.00054426
-0.000169579
0.00681294
-0.00812819
-0.000148913
0.00539389
-0.00644331
-0.000124741
0.00399687
-0.00476146
-0.000126334
0.00266971
-0.00324064
-8.56823e-05
0.00151049
-0.00179218
-3.03225e-05
0.000527055
-0.000597453
0.000136278
0.00642548
-0.00774112
0.000141404
0.00502886
-0.00607269
0.000144197
0.00365819
-0.00445243
0.000140339
0.00236571
-0.00287146
0.000183226
0.00126153
-0.00154848
0.000153332
0.000399232
-0.000499416
0.00174537
0.00642641
-0.00812696
0.00171662
0.00504276
-0.00644185
0.00162849
0.00370429
-0.00477701
0.00148501
0.00235818
-0.0032685
0.00123399
0.00132986
-0.00182085
0.000795605
0.000649829
-0.000585373
-0.000971295
0.0082047
-0.00959285
-0.000450445
0.000298708
-0.000217284
-0.000819849
0.00800735
-0.00939373
1.04583e-05
0.0001711
-0.000211705
0.000778796
0.0080072
-0.00978764
-0.000151153
-3.91898e-05
-1.28626e-05
7.23817e-05
4.2719e-05
6.60301e-06
-5.40685e-05
3.71937e-05
1.912e-05
0.000933002
0.00780938
-0.00959285
6.33981e-05
0.000144419
-0.000179491
0.000447797
0.000339278
-0.000284795
8.85589e-05
-1.3562e-05
-3.28282e-05
-0.00177702
0.00751567
-0.00857292
-0.00176461
0.00612173
-0.00690807
-0.00170203
0.00471369
-0.00526876
-0.00157112
0.00333577
-0.00368512
-0.00131737
0.00215569
-0.00221565
-0.000997551
0.00108732
-0.00100953
-0.000171698
0.00751149
-0.00896438
-0.000161432
0.00610549
-0.00728279
-0.000134551
0.00468711
-0.00560328
-0.00012075
0.00331247
-0.00397824
-0.000109693
0.00207906
-0.00249362
-5.82737e-05
0.000990011
-0.00114979
0.000134444
0.00711924
-0.0085713
0.000138801
0.00572649
-0.00690623
0.000138252
0.00434137
-0.00525374
0.000127211
0.00299645
-0.0036647
0.00018565
0.00176679
-0.00218612
0.000172093
0.000810085
-0.000980764
0.00174602
0.00712067
-0.00896318
0.00173291
0.0057354
-0.00728211
0.00168514
0.00436069
-0.00560611
0.0015645
0.0030406
-0.00400206
0.00137098
0.00182336
-0.00252103
0.00105016
0.000913141
-0.00118003
-0.000815335
0.00662245
-0.00774162
-0.000801592
0.00522365
-0.00606857
-0.000750938
0.00383221
-0.00445345
-0.00064367
0.00257777
-0.00290174
-0.000494426
0.00141444
-0.00154534
-0.000349243
0.000490304
-0.000490284
0.000779146
0.00661865
-0.00812577
0.000771355
0.00521885
-0.00643625
0.000739576
0.00383586
-0.00475915
0.000660435
0.00252589
-0.00323806
0.000563013
0.00140072
-0.00177846
0.000397806
0.000518355
-0.000564566
0.000929767
0.00642424
-0.00793526
0.000904169
0.00503273
-0.00625521
0.000866169
0.00366754
-0.00462535
0.000787177
0.00233322
-0.00305842
0.000690108
0.00127076
-0.00168928
0.000523119
0.000466531
-0.000615467
-0.000962378
0.00681606
-0.00793829
-0.000922194
0.00540081
-0.00627657
-0.000863646
0.00399244
-0.00463828
-0.000781436
0.00269003
-0.00308408
-0.000630577
0.00152264
-0.00170279
-0.000438712
0.000522029
-0.000577272
-0.000302501
0.000164546
-0.000187652
0.000250133
0.000154734
-0.000268754
-2.03403e-05
0.00800692
-0.00959174
0.000277599
0.000198731
-0.000185018
1.32813e-05
-2.42183e-05
3.5427e-05
-0.000202555
0.000185592
-0.000142852
-0.000818312
0.0073178
-0.00857196
-0.000809964
0.0059236
-0.00690583
-0.000776464
0.00452214
-0.00525657
-0.000721875
0.00316238
-0.0036553
-0.000558583
0.00195483
-0.00219022
-0.000424199
0.000930587
-0.000976284
0.000779323
0.00731536
-0.00896362
0.00077373
0.00592115
-0.00727639
0.000762214
0.00452031
-0.00559502
0.000695416
0.00317235
-0.00398524
0.000617956
0.00194023
-0.00248364
0.000496331
0.000915025
-0.00112876
0.000930717
0.00711968
-0.0087669
0.000925462
0.00572437
-0.00710186
0.000890406
0.00434173
-0.00543153
0.000831076
0.0030148
-0.0038356
0.000746079
0.00177535
-0.00234976
0.000624678
0.000823587
-0.00109727
-0.000967759
0.00751329
-0.00877008
-0.000952248
0.00611294
-0.00709973
-0.000896252
0.00469455
-0.00544653
-0.000825154
0.00330795
-0.00383958
-0.000712001
0.00209398
-0.00236952
-0.00053989
0.000998108
-0.00110454
9.30384e-05
0.00029784
-0.000336061
3.57797e-05
0.00332866
-0.0040309
