-0.00162975
0.00701676
-0.00918472
-0.00027818
0.00701376
-0.00960041
1.09793e-05
7.84674e-06
2.06845e-05
-7.4623e-05
1.26444e-05
-4.6713e-05
0.00024462
0.00659751
-0.00918346
0.00159972
0.0065998
-0.00960094
6.94112e-05
1.94363e-05
-4.97128e-05
2.25131e-05
-1.26416e-05
1.46226e-05
-0.00162681
0.00585299
-0.00756436
-0.00159544
0.00467227
-0.00593707
-0.00151413
0.00347486
-0.00436437
-0.00133629
0.00243125
-0.00284532
-0.0010871
0.00141571
-0.00153122
-0.000711332
0.000577061
-0.000526467
-0.00027674
0.00584554
-0.00797375
-0.000254822
0.00464869
-0.00632209
-0.000223311
0.00346343
-0.00467544
-0.000209625
0.0023403
-0.00318239
-0.000150402
0.0013344
-0.00176382
-7.02039e-05
0.000466049
-0.000597847
0.000245547
0.00543416
-0.00756367
0.000247383
0.00425995
-0.00592943
0.000242312
0.00310896
-0.00434367
0.000221751
0.00200673
-0.00280059
0.000239398
0.00107214
-0.00150943
0.000184768
0.000342416
-0.000492553
0.00159988
0.00543589
-0.00797212
0.00157298
0.00427503
-0.00631921
0.00149558
0.00315028
-0.00468553
0.00136831
0.00200989
-0.0032033
0.00113626
0.00114281
-0.00178471
0.000737084
0.000572728
-0.000575964
-0.000950849
0.00701666
-0.00939374
-0.000421871
0.000270992
-0.000210243
-0.000691252
0.00680745
-0.00918308
-1.56726e-05
0.000147066
-0.000215685
0.000653296
0.00680738
-0.00960034
-0.000145331
-3.5656e-05
-1.42212e-05
6.23724e-05
3.88163e-05
8.29599e-06
-4.51903e-05
3.44312e-05
2.0183e-05
0.000915615
0.0065979
-0.00939372
7.89322e-05
0.000123971
-0.000183645
0.000416834
0.000306839
-0.000276198
8.65865e-05
-1.21207e-05
-3.32526e-05
-0.00162924
0.00643698
-0.00837845
-0.00161858
0.005264
-0.00674668
-0.00156224
0.00407581
-0.00513998
-0.00144188
0.00290834
-0.00358805
-0.00121732
0.00190089
-0.00215277
-0.000926089
0.000970533
-0.000979357
-0.00027883
0.00643339
-0.00879345
-0.000268327
0.00524919
-0.00714505
-0.000238268
0.00405056
-0.00549888
-0.000213203
0.00288142
-0.00390806
-0.000183585
0.00182921
-0.00245047
-0.000112069
0.000877693
-0.00113596
0.000244159
0.0060173
-0.00837714
0.000246919
0.0048465
-0.0067458
0.000241298
0.00368258
-0.00512789
0.000219586
0.00254905
-0.00357322
0.000253066
0.00149928
-0.00213062
0.000216707
0.000689464
-0.000958501
0.00160058
0.00601906
-0.00879213
0.00158818
0.0048562
-0.00714349
0.00154406
0.00370323
-0.00549932
0.00143966
0.00258961
-0.00392444
0.00126283
0.00155869
-0.00247099
0.000966797
0.000792566
-0.00115712
-0.000687531
0.00564248
-0.00756383
-0.00067683
0.00446514
-0.00592449
-0.000634551
0.00329149
-0.00434267
-0.000546792
0.00222431
-0.0028246
-0.000423383
0.00122902
-0.00150222
-0.000303227
0.000430243
-0.000477316
0.000654016
0.0056396
-0.00797108
0.000648563
0.00446185
-0.00631434
0.000625845
0.00329229
-0.00467136
0.000563051
0.00218532
-0.0031754
0.00048486
0.00121788
-0.00174612
0.000349848
0.000449838
-0.000560747
0.000912154
0.00543348
-0.00776901
0.000886039
0.00426484
-0.00612219
0.000847532
0.00311876
-0.00452462
0.00077036
0.00198238
-0.00299157
0.000669381
0.00108589
-0.00165139
0.000503275
0.00040625
-0.000603342
-0.00094266
0.00584837
-0.00777204
-0.000904285
0.00465557
-0.00614319
-0.000846785
0.00346301
-0.00453662
-0.000764004
0.00235916
-0.00301529
-0.000619069
0.0013487
-0.00166467
-0.000430887
0.000466747
-0.00056531
-0.000296332
0.000145202
-0.000183528
0.000244407
0.000137402
-0.000262345
-1.86992e-05
0.00680708
-0.00939276
0.000246377
0.000172733
-0.000182753
1.29447e-05
-2.1319e-05
3.48607e-05
-0.000176448
0.000162863
-0.000141909
-0.000689964
0.00622736
-0.00837761
-0.000683286
0.00505456
-0.00674482
-0.000655488
0.00387348
-0.00512905
-0.000610755
0.00272456
-0.00356121
-0.000476149
0.00169213
-0.00213003
-0.000365105
0.000811803
-0.000949294
0.000653864
0.00622554
-0.00879259
0.000649661
0.00505318
-0.00713818
0.000642342
0.00387239
-0.0054896
0.000590352
0.00273211
-0.00390999
0.000529347
0.00168189
-0.0024371
0.000430834
0.000797313
-0.00111055
0.000913449
0.0060179
-0.00858423
0.000907312
0.00484544
-0.0069521
0.000871726
0.00368475
-0.00531491
0.000814828
0.00256722
-0.00375008
0.000726389
0.00151209
-0.00229683
0.000602798
0.00070794
-0.00107382
-0.000947646
0.00643496
-0.00858736
-0.000933114
0.00525627
-0.00695005
-0.000879101
0.00405864
-0.00532948
-0.000807808
0.00287965
-0.00375607
-0.000698353
0.00184589
-0.00231638
-0.000530454
0.000888749
-0.00108016
0.000109466
0.000260864
-0.000330024
0.000108628
0.0028421
-0.00393297
