-0.00133272
0.00463679
-0.00875022
-0.000490901
0.00463435
-0.00921352
-3.01759e-06
1.48489e-07
1.5688e-05
-6.32142e-05
1.3759e-05
-4.18171e-05
0.000462742
0.00417053
-0.00874933
0.00130814
0.0041725
-0.00921365
5.90787e-05
1.84796e-05
-4.39036e-05
3.06042e-05
-1.68159e-05
1.00673e-05
-0.00133107
0.00391223
-0.00719783
-0.00130684
0.00317359
-0.00563857
-0.00124465
0.00241236
-0.00413123
-0.00110571
0.00174488
-0.00267737
-0.000912524
0.00105228
-0.00143674
-0.000605394
0.000446874
-0.00049003
-0.000489629
0.00390671
-0.00765446
-0.000465303
0.00315401
-0.00607137
-0.000419403
0.00239243
-0.00449723
-0.000375542
0.00167777
-0.00306177
-0.00027956
0.000979825
-0.00170483
-0.000149944
0.000343099
-0.000597908
0.000462824
0.0034473
-0.0071981
0.000458192
0.00271769
-0.00563443
0.000437607
0.00200607
-0.00411986
0.000384008
0.00128519
-0.00265465
0.000351468
0.00069083
-0.00142897
0.000247486
0.000227689
-0.000478035
0.00130786
0.00345061
-0.00765203
0.00128461
0.00273509
-0.00606572
0.00122842
0.0020379
-0.0044965
0.00113342
0.00130955
-0.00306886
0.000939322
0.000766158
-0.00171019
0.000618955
0.000417142
-0.000556468
-0.000908661
0.00463685
-0.00898288
-0.000364048
0.000214986
-0.000195813
-0.000434108
0.00440383
-0.008749
-6.79912e-05
9.86506e-05
-0.000223418
0.000402489
0.00440393
-0.00921319
-0.000133481
-2.85339e-05
-1.69143e-05
4.22412e-05
3.09437e-05
1.1661e-05
-2.73357e-05
2.88324e-05
2.22937e-05
0.000879688
0.00417098
-0.00898281
0.000109946
8.25997e-05
-0.000191661
0.000354251
0.000241212
-0.000258685
8.25211e-05
-9.23859e-06
-3.40581e-05
-0.00133251
0.00427578
-0.0079778
-0.00132527
0.0035444
-0.00641438
-0.00128127
0.00279573
-0.00487507
-0.00118194
0.0020494
-0.00338873
-0.00101565
0.00138809
-0.00202386
-0.000781788
0.000735097
-0.000917494
-0.000491658
0.00427333
-0.0084401
-0.000480715
0.00353245
-0.00686022
-0.000444472
0.00277317
-0.00528286
-0.000397241
0.0020154
-0.00376254
-0.000330918
0.00132641
-0.002361
-0.000219525
0.000651389
-0.00110688
0.000462312
0.00380934
-0.00797709
0.000461936
0.00308217
-0.00641537
0.000446332
0.00236051
-0.0048688
0.000403571
0.00165007
-0.00338499
0.000387499
0.000961128
-0.00201637
0.000305741
0.000446389
-0.000912452
0.00130869
0.00381178
-0.00843855
0.00129766
0.00309344
-0.00685693
0.00126073
0.0023838
-0.0052786
0.00118855
0.00168347
-0.00376421
0.00104503
0.00102616
-0.00236783
0.000798721
0.00054951
-0.00110989
-0.000431943
0.00367845
-0.0071976
-0.000427231
0.00294379
-0.00562788
-0.000401535
0.00220571
-0.00411486
-0.000352578
0.00151378
-0.00266617
-0.000280693
0.000855656
-0.00141368
-0.000210684
0.000309027
-0.000450576
0.000403928
0.00367737
-0.00765128
0.000403066
0.00294347
-0.00606226
0.000398239
0.00220094
-0.00448967
0.00036787
0.00150043
-0.00304605
0.000327991
0.000849735
-0.00167924
0.0002534
0.000311745
-0.000552433
0.000875788
0.00344772
-0.00742597
0.000848684
0.0027246
-0.00584781
0.0008092
0.00201674
-0.00431698
0.000735748
0.00127702
-0.00285374
0.000627088
0.00071361
-0.00157332
0.000462899
0.000284516
-0.00057826
-0.000901909
0.00390898
-0.007429
-0.000867155
0.00316077
-0.00586806
-0.000811825
0.00239992
-0.00432713
-0.00072808
0.00169369
-0.00287354
-0.000595158
0.000998371
-0.00158612
-0.000414624
0.000355207
-0.000540584
-0.000283577
0.000106158
-0.000175008
0.000232617
0.000102248
-0.000249146
-1.53469e-05
0.00440359
-0.00898216
0.000183531
0.00012028
-0.000178026
1.22432e-05
-1.55061e-05
3.3677e-05
-0.00012392
0.000116909
-0.000139758
-0.000433307
0.00404253
-0.00797718
-0.000429913
0.00331225
-0.00641327
-0.00041338
0.00257179
-0.00486663
-0.000388197
0.00184481
-0.00336784
-0.000310714
0.0011636
-0.00200646
-0.000246338
0.000572416
-0.000893806
0.000403136
0.00404193
-0.00843906
0.000401659
0.00331296
-0.00685244
0.000402599
0.00257215
-0.0052716
0.000379926
0.0018476
-0.00375446
0.000351625
0.00116207
-0.00234092
0.000299262
0.000560139
-0.00107274
0.000877761
0.00381026
-0.00820729
0.000869893
0.00308321
-0.00664314
0.000833293
0.00236628
-0.00507441
0.000781267
0.00166789
-0.00357392
0.000686115
0.000982395
-0.00218781
0.000558256
0.000474804
-0.00102542
-0.000906113
0.00427445
-0.00821031
-0.000893526
0.00353879
-0.00664125
-0.00084351
0.00278251
-0.00508809
-0.000771962
0.00201908
-0.0035839
-0.00067005
0.00134656
-0.00220691
-0.000510821
0.000668303
-0.0010299
0.000142217
0.000186113
-0.000317417
0.000253788
0.00186473
-0.00373149
