-0.00118372
0.00344584
-0.00852679
-0.000596453
0.00344368
-0.0090139
-1.00292e-05
-3.71041e-06
1.31727e-05
-5.7454e-05
1.43058e-05
-3.93347e-05
0.000571071
0.00295608
-0.00852608
0.00116194
0.00295789
-0.00901382
5.3861e-05
1.79848e-05
-4.09656e-05
3.46442e-05
-1.89046e-05
7.7805e-06
-0.0011827
0.00294057
-0.00700944
-0.001162
0.00242267
-0.00548527
-0.00110927
0.00187935
-0.0040117
-0.000989739
0.00140011
-0.00259147
-0.000824545
0.000869413
-0.00138842
-0.00055192
0.000381239
-0.000471422
-0.000595267
0.00293601
-0.00748968
-0.000569789
0.00240508
-0.00594194
-0.000516844
0.00185526
-0.0044051
-0.000458103
0.0013449
-0.00299944
-0.000343949
0.000801464
-0.00167423
-0.000189774
0.000281192
-0.000597574
0.000570739
0.0024526
-0.00701019
0.000562931
0.00194499
-0.00548287
0.000534707
0.00145289
-0.00400495
0.000464786
0.000922942
-0.00257968
0.000407322
0.000499092
-0.00138764
0.000278747
0.00016984
-0.000470406
0.00116144
0.00245669
-0.00748687
0.00113997
0.00196354
-0.00593492
0.00109428
0.00148002
-0.00439902
0.00101532
0.000957811
-0.00299968
0.000840199
0.000576727
-0.00167185
0.000559399
0.000338733
-0.000546388
-0.000886928
0.00344598
-0.00877127
-0.000334825
0.000186713
-0.00018844
-0.000305661
0.00320106
-0.00852578
-9.41601e-05
7.42829e-05
-0.000227168
0.00027728
0.00320123
-0.00901343
-0.000127458
-2.49496e-05
-1.82488e-05
3.21269e-05
2.69767e-05
1.33329e-05
-1.83664e-05
2.5999e-05
2.33397e-05
0.000861156
0.00295657
-0.00877117
0.000125418
6.17005e-05
-0.000195529
0.00032266
0.000208057
-0.000249774
8.0431e-05
-7.79812e-06
-3.44395e-05
-0.00118366
0.00319406
-0.00777182
-0.0011781
0.00268317
-0.00624364
-0.0011402
0.00215401
-0.00473912
-0.00105135
0.00161821
-0.00328663
-0.000914108
0.00113028
-0.00195791
-0.000709011
0.000616529
-0.000885857
-0.000597262
0.00319218
-0.00825777
-0.000586118
0.00267262
-0.0067132
-0.000546876
0.0021328
-0.0051713
-0.000488752
0.00158075
-0.00368726
-0.000404302
0.00107366
-0.00231471
-0.000273145
0.000537478
-0.00109164
0.000570655
0.00270426
-0.00777141
0.000568741
0.00219858
-0.00624555
0.000548235
0.00169781
-0.00473572
0.000495106
0.0011989
-0.00328838
0.000454461
0.000690729
-0.00195772
0.000350126
0.000324053
-0.000888716
0.00116234
0.00270703
-0.0082561
0.00115197
0.00221062
-0.00670907
0.00111858
0.0017224
-0.00516474
0.00106237
0.00122874
-0.00368164
0.000935466
0.000758534
-0.00231474
0.000714079
0.000427145
-0.00108559
-0.00030426
0.00269517
-0.00700936
-0.000302494
0.00218156
-0.00547553
-0.000284998
0.00166109
-0.00399797
-0.000255319
0.001157
-0.002585
-0.000209104
0.000667873
-0.00136834
-0.000164195
0.000247922
-0.000436837
0.000279069
0.00269497
-0.00748625
0.000280457
0.0021827
-0.00593216
0.000284453
0.00165358
-0.00439582
0.00027015
0.00115639
-0.0029794
0.000249337
0.000664583
-0.00164472
0.000204947
0.000242225
-0.000547939
0.000857041
0.00245356
-0.00724933
0.000829467
0.0019529
-0.00570657
0.000789517
0.00146399
-0.00421017
0.000717964
0.000922804
-0.00278283
0.000605541
0.000526375
-0.00153319
0.000442388
0.000223128
-0.000565322
-0.000880886
0.002938
-0.00725235
-0.000847944
0.00241177
-0.00572643
-0.000793737
0.00186664
-0.00421939
-0.000709601
0.00135933
-0.00280067
-0.000582766
0.000822092
-0.00154574
-0.000406196
0.000298981
-0.00052784
-0.000277001
8.64659e-05
-0.00017062
0.000226561
8.44478e-05
-0.000242367
-1.36376e-05
0.00320087
-0.00877067
0.000151934
9.38452e-05
-0.000175565
1.18794e-05
-1.25944e-05
3.30607e-05
-9.75198e-05
9.37056e-05
-0.000138562
-0.0003051
0.00294901
-0.00777131
-0.000303318
0.00243966
-0.0062429
-0.000292344
0.00191928
-0.00473191
-0.000276847
0.00140324
-0.0032687
-0.00022778
0.00089799
-0.00194318
-0.000186713
0.000451911
-0.000865361
0.000277965
0.002949
-0.00825664
0.000277823
0.00244141
-0.00670498
0.000282822
0.00192036
-0.00515907
0.000274647
0.00140368
-0.00367422
0.000262582
0.000900816
-0.0022913
0.000233239
0.000440775
-0.00105316
0.000859347
0.00270534
-0.00801317
0.000850632
0.00220065
-0.00648406
0.00081355
0.00170535
-0.00495065
0.000763966
0.00121654
-0.00348338
0.000665548
0.0007162
-0.00213179
0.000535614
0.000357428
-0.00100051
-0.000884703
0.00319307
-0.00801613
-0.00087308
0.0026786
-0.00648225
-0.00082508
0.00214274
-0.00496386
-0.000753475
0.00158712
-0.00349532
-0.000655406
0.0010955
-0.00215063
-0.000500633
0.000557288
-0.00100405
0.000158531
0.000148376
-0.000310865
0.00032604
0.00137433
-0.00362807
