-0.00103448
0.00225483
-0.00829938
-0.00070141
0.00225294
-0.0088102
-1.70462e-05
-7.57402e-06
1.06478e-05
-5.16602e-05
1.48453e-05
-3.68311e-05
0.000678851
0.00174166
-0.00829886
0.00101554
0.00174331
-0.00880993
4.86122e-05
1.74796e-05
-3.80071e-05
3.86786e-05
-2.09928e-05
5.48846e-06
-0.00103408
0.00196854
-0.00681777
-0.00101686
0.00167106
-0.0053294
-0.000973545
0.00134545
-0.00389029
-0.000873374
0.00105444
-0.00250436
-0.000736154
0.000685869
-0.00133943
-0.000498141
0.000315275
-0.000452579
-0.00070031
0.00196492
-0.00732153
-0.000673717
0.00165546
-0.00580983
-0.000613832
0.00131725
-0.00431098
-0.000540356
0.00101111
-0.00293579
-0.000408178
0.000622473
-0.0016429
-0.000229556
0.000219024
-0.000596996
0.000678112
0.00145761
-0.00681899
0.000667171
0.00117169
-0.00532872
0.000631391
0.000898875
-0.00388813
0.000545288
0.000559937
-0.00250346
0.000463024
0.000306759
-0.00134564
0.000309927
0.000111711
-0.000462548
0.00101482
0.00146247
-0.00731833
0.000995105
0.00119138
-0.00580148
0.000959837
0.000921334
-0.0042996
0.000896833
0.00060524
-0.00292921
0.000740695
0.000386682
-0.00163281
0.000499551
0.000259968
-0.000536091
-0.000864775
0.00225504
-0.00855564
-0.000305412
0.000158273
-0.000180972
-0.000177362
0.00199826
-0.00829859
-0.000120322
4.98186e-05
-0.000230837
0.000152261
0.00199852
-0.0088096
-0.000121375
-2.13527e-05
-1.95752e-05
2.19858e-05
2.29912e-05
1.49976e-05
-9.37443e-06
2.31451e-05
2.43783e-05
0.000842247
0.00174217
-0.00855552
0.000140858
4.06772e-05
-0.000199308
0.000290888
0.000174701
-0.000240763
7.83044e-05
-6.35825e-06
-3.48071e-05
-0.00103456
0.00211213
-0.00756221
-0.00103065
0.0018214
-0.00606998
-0.000998809
0.00151148
-0.00460094
-0.000920398
0.00118608
-0.00318298
-0.000812141
0.000871658
-0.00189104
-0.000635859
0.000497453
-0.00085379
-0.000702269
0.0021108
-0.00807171
-0.000690938
0.00181226
-0.00656316
-0.000648761
0.00149163
-0.00505742
-0.000579877
0.00114521
-0.00361032
-0.000477459
0.000820116
-0.00226742
-0.000326665
0.000423116
-0.00107593
0.000678452
0.00159904
-0.00756209
0.000675021
0.00131453
-0.00607279
0.000649674
0.00103438
-0.00460039
0.000586288
0.000746885
-0.0031902
0.000521217
0.000419624
-0.00189811
0.000394401
0.000201271
-0.000864541
0.00101578
0.00160214
-0.00806993
0.00100607
0.00132734
-0.0065582
0.000976185
0.00106026
-0.00504858
0.000935835
0.000773162
-0.00359747
0.000825515
0.000490179
-0.00226066
0.000629084
0.000304303
-0.00106083
-0.000176715
0.00171156
-0.00681784
-0.000177861
0.00141868
-0.0053206
-0.000168504
0.00111562
-0.00387919
-0.000158012
0.000799422
-0.0025026
-0.000137392
0.000479464
-0.00132233
-0.000117587
0.000186524
-0.000422874
0.000154394
0.00171223
-0.00731785
0.000158001
0.00142128
-0.00579941
0.000170736
0.00110541
-0.0043
0.000172396
0.000811486
-0.00291146
0.00017058
0.000478818
-0.00160949
0.000156371
0.00017243
-0.000543222
0.000837922
0.0014591
-0.00706936
0.000809898
0.00118059
-0.00556271
0.000769498
0.000910407
-0.00410144
0.000699869
0.000567793
-0.00271065
0.000583739
0.000338532
-0.00149236
0.000421674
0.000161438
-0.000552131
-0.000859437
0.00196664
-0.00707237
-0.000828308
0.00166208
-0.00558217
-0.000775253
0.00133247
-0.00410973
-0.000690787
0.00102406
-0.00272653
-0.000570092
0.000645156
-0.00150465
-0.000397577
0.000242477
-0.000514856
-0.000270296
6.66683e-05
-0.000166152
0.000220403
6.65147e-05
-0.000235475
-1.19075e-05
0.00199814
-0.00855517
0.000120238
6.72869e-05
-0.000173037
1.15076e-05
-9.68048e-06
3.2429e-05
-7.10426e-05
7.03674e-05
-0.000137295
-0.000177037
0.00185532
-0.00756181
-0.000176848
0.00156658
-0.0060696
-0.000171383
0.00126601
-0.00459495
-0.000165509
0.00096078
-0.00316802
-0.000144745
0.000631634
-0.00187897
-0.00012696
0.000330936
-0.000836487
0.000152983
0.0018559
-0.00807049
0.000154159
0.00156935
-0.00655452
0.000163166
0.00126781
-0.00504424
0.000169378
0.0009589
-0.00359237
0.000173467
0.000638809
-0.0022407
0.000167092
0.000320962
-0.00103314
0.000840556
0.00160028
-0.00781537
0.000831007
0.00131762
-0.006322
0.000793465
0.00104369
-0.00482461
0.000746326
0.000764334
-0.00339126
0.000644704
0.000449277
-0.00207479
0.000512738
0.000239594
-0.000975149
-0.000862871
0.00211147
-0.00781827
-0.000852208
0.00181787
-0.00632028
-0.000806235
0.00150216
-0.00483737
-0.000734623
0.00115424
-0.00340514
-0.000640442
0.000843618
-0.00209338
-0.000490206
0.000445798
-0.000977739
0.000174796
0.000110426
-0.000304161
0.000398036
0.00088308
-0.00352294
