-0.000885035
0.00106418
-0.00806811
-0.000805733
0.00106256
-0.00860249
-2.40656e-05
-1.14409e-05
8.11468e-06
-4.58357e-05
1.53772e-05
-3.4308e-05
0.000786043
0.00052775
-0.00806777
0.000868989
0.000529245
-0.00860203
4.33351e-05
1.69646e-05
-3.50295e-05
4.27056e-05
-2.30794e-05
3.1918e-06
-0.000885244
0.000996484
-0.00662292
-0.00087148
0.000919049
-0.00517106
-0.000837513
0.000810842
-0.00376709
-0.00075666
0.000708028
-0.0024161
-0.00064739
0.000501722
-0.00128983
-0.000444082
0.000249006
-0.00043352
-0.000804721
0.000993804
-0.00715004
-0.000777049
0.000905421
-0.00567509
-0.000710331
0.000778594
-0.0042149
-0.000622268
0.000676544
-0.00287084
-0.000472221
0.000442925
-0.00161085
-0.000269274
0.00015662
-0.000596174
0.000784903
0.000462743
-0.0066246
0.000770872
0.000398137
-0.00517207
0.000727621
0.000344288
-0.0037695
0.00062548
0.00019635
-0.00242604
0.000518552
0.000113933
-0.00130299
0.000341014
5.33394e-05
-0.000454476
0.000868031
0.000468361
-0.00714648
0.000850059
0.000418941
-0.00566542
0.000825136
0.000362104
-0.00419826
0.000778017
0.000252013
-0.00285748
0.000640852
0.000196121
-0.00159307
0.000439438
0.000180893
-0.000525578
-0.000842209
0.00106446
-0.00833607
-0.000275824
0.000129676
-0.000173418
-4.92567e-05
0.000795911
-0.00806752
-0.000146466
2.5266e-05
-0.000234423
2.74766e-05
0.000796244
-0.00860177
-0.000115235
-1.77453e-05
-2.08934e-05
1.18222e-05
1.89889e-05
1.66552e-05
-3.63792e-07
2.02722e-05
2.54087e-05
0.000822965
0.000528291
-0.00833592
0.000156263
1.95445e-05
-0.000203001
0.000258953
0.000141164
-0.000231657
7.6143e-05
-4.91908e-06
-3.51608e-05
-0.000885257
0.00103037
-0.00734907
-0.000882975
0.000959418
-0.00589349
-0.000857146
0.00086839
-0.00446063
-0.000789147
0.000753188
-0.00307787
-0.000709798
0.000612326
-0.0018233
-0.000562364
0.000377914
-0.000821321
-0.000806642
0.00102959
-0.00788198
-0.000795138
0.00095167
-0.00641014
-0.00075009
0.000849903
-0.00494125
-0.000670581
0.000708954
-0.00353175
-0.00055036
0.000565895
-0.00221912
-0.000380063
0.000308349
-0.00105976
0.00078566
0.000494152
-0.00734925
0.000780734
0.000430412
-0.00589719
0.00075061
0.000370524
-0.00446291
0.000677081
0.000294236
-0.00309052
0.000587738
0.000147949
-0.00183761
0.000438546
7.81096e-05
-0.000839953
0.00086907
0.000497574
-0.00788009
0.000859995
0.00044397
-0.00640437
0.00083359
0.00039767
-0.00493015
0.000808996
0.000316964
-0.00351172
0.000715223
0.000221225
-0.00220561
0.000543772
0.000181053
-0.00103564
-4.93528e-05
0.000727995
-0.00662313
-5.33779e-05
0.000655483
-0.00516319
-5.20942e-05
0.000569529
-0.0037586
-6.06941e-05
0.000441189
-0.00241903
-6.5588e-05
0.000290517
-0.00127569
-7.08803e-05
0.000124863
-0.000408705
2.99457e-05
0.000729528
-0.00714613
3.57404e-05
0.000659519
-0.00566404
5.71293e-05
0.000556653
-0.00420224
7.46446e-05
0.00046587
-0.00284225
9.17517e-05
0.000292529
-0.00157357
0.00010769
0.000102393
-0.000538282
0.000818435
0.000464769
-0.00688613
0.000789979
0.000408003
-0.0054163
0.000749149
0.000356241
-0.00399083
0.000681468
0.000212157
-0.00263724
0.000561689
0.000150181
-0.00145087
0.000400769
9.9483e-05
-0.000538697
-0.000837568
0.000995241
-0.00688914
-0.000808256
0.00091196
-0.00543535
-0.00075638
0.000797611
-0.00399819
-0.000671644
0.000688007
-0.00265115
-0.000557141
0.000467636
-0.00146289
-0.000388771
0.000185715
-0.000501642
-0.000263468
4.67718e-05
-0.00016161
0.000214147
4.84627e-05
-0.000228476
-1.01579e-05
0.000795844
-0.00833572
8.84581e-05
4.0618e-05
-0.000170444
1.11284e-05
-6.76519e-06
3.17824e-05
-4.45002e-05
4.69077e-05
-0.000135961
-4.91643e-05
0.000761882
-0.00734878
-5.05472e-05
0.000693356
-0.00589346
-5.05407e-05
0.00061224
-0.00445586
-5.42237e-05
0.000517622
-0.00306586
-6.16463e-05
0.000364653
-0.00181388
-6.71066e-05
0.000209549
-0.000807213
2.8234e-05
0.000763033
-0.00788068
3.07081e-05
0.000697143
-0.00640108
4.36748e-05
0.000614767
-0.00492714
6.41586e-05
0.000513445
-0.00350892
8.43134e-05
0.000376171
-0.00218912
0.000100851
0.000200759
-0.00101268
0.000821392
0.00049554
-0.00761397
0.000811023
0.000434509
-0.00615704
0.00077304
0.000381573
-0.00469637
0.000728351
0.000311488
-0.00329761
0.000623591
0.000181761
-0.00201686
0.000489639
0.000121367
-0.00094935
-0.000840621
0.00103004
-0.00761681
-0.000830914
0.000956905
-0.00615541
-0.000786982
0.000861008
-0.00470866
-0.000715412
0.000720625
-0.00331341
-0.000625164
0.000591028
-0.00203518
-0.000479544
0.000333878
-0.00095099
0.000191006
7.22863e-05
-0.000297313
0.000469746
0.000391194
-0.00341618
