-0.00073544
-0.000125691
-0.00783309
-0.000909385
-0.000127044
-0.00839081
-3.10845e-05
-1.53095e-05
5.5749e-06
-3.99835e-05
1.59013e-05
-3.17667e-05
0.000892606
-0.000685158
-0.00783294
0.000722321
-0.00068382
-0.00839016
3.80322e-05
1.64402e-05
-3.20341e-05
4.67235e-05
-2.51629e-05
8.91236e-07
-0.000736247
2.47533e-05
-0.00642499
-0.000725905
0.000166907
-0.00501032
-0.000701228
0.000275744
-0.00364218
-0.000639645
0.000360996
-0.00232677
-0.000558292
0.000317048
-0.00123964
-0.00038977
0.00018246
-0.000414264
-0.000908464
2.29998e-05
-0.00697527
-0.000879749
0.000155251
-0.00553775
-0.000806306
0.000239503
-0.0041169
-0.000703809
0.000341337
-0.00280461
-0.000536051
0.000262895
-0.0015781
-0.000308913
9.40034e-05
-0.000595105
0.000891073
-0.000531586
-0.00642713
0.000873994
-0.000375345
-0.00501301
0.00082336
-0.000210614
-0.00364911
0.00070533
-0.000167637
-0.0023475
0.00057388
-7.9279e-05
-0.00125975
0.000371995
-5.23718e-06
-0.000446201
0.000721131
-0.000525218
-0.00697135
0.00070488
-0.00035344
-0.00552679
0.000690225
-0.000197413
-0.00409505
0.000658915
-0.000101692
-0.00278451
0.000540713
5.14812e-06
-0.00155265
0.000379089
0.000101553
-0.000514854
-0.000819233
-0.000125334
-0.00811264
-0.000246075
0.000100935
-0.000165786
7.86125e-05
-0.000405549
-0.00783271
-0.000172581
6.34618e-07
-0.000237923
-9.70329e-05
-0.00040514
-0.00838996
-0.000109041
-1.41296e-05
-2.22036e-05
1.64051e-06
1.49716e-05
1.83054e-05
8.66118e-06
1.73823e-05
2.64297e-05
0.000803313
-0.00068459
-0.00811247
0.000171627
-1.68179e-06
-0.000206612
0.000226868
0.000107468
-0.000222456
7.39482e-05
-3.4807e-06
-3.5501e-05
-0.000735799
-5.08282e-05
-0.00713252
-0.000735124
9.75252e-05
-0.00571426
-0.000715263
0.000224975
-0.00431826
-0.000657643
0.000319704
-0.00297136
-0.000607121
0.000352391
-0.00175473
-0.00048856
0.000257965
-0.00078848
-0.000910343
-5.10643e-05
-0.00768861
-0.000898681
9.11639e-05
-0.00625417
-0.000850829
0.00020786
-0.00482283
-0.00076083
0.000272158
-0.00345157
-0.000622976
0.000311097
-0.00216984
-0.000433318
0.000193222
-0.00104313
0.00089224
-0.000609963
-0.00713298
0.000885841
-0.00045341
-0.00571885
0.000851006
-0.000293464
-0.00432335
0.000767449
-0.000158826
-0.0029894
0.000653995
-0.000124152
-0.00177624
0.000482543
-4.53578e-05
-0.000814978
0.000722246
-0.000606226
-0.00768663
0.0007138
-0.000439112
-0.0062476
0.000690841
-0.000265069
-0.0048095
0.000681899
-0.000139639
-0.00342441
0.000604636
-4.81883e-05
-0.00214961
0.000458183
5.74623e-05
-0.00101001
7.77824e-05
-0.000255135
-0.00642535
7.09124e-05
-0.00010774
-0.00500338
6.41868e-05
2.30435e-05
-0.00363629
3.65951e-05
8.24667e-05
-0.00233436
6.2765e-06
0.000101123
-0.00122847
-2.40969e-05
6.29716e-05
-0.000394347
-9.42339e-05
-0.00025275
-0.00697113
-8.62828e-05
-0.000102276
-0.00552607
-5.6327e-05
7.53957e-06
-0.00410257
-2.30645e-05
0.0001197
-0.0027718
1.28844e-05
0.000105804
-0.00153696
5.89284e-05
3.21506e-05
-0.000533121
0.000798583
-0.000529037
-0.00669973
0.000769716
-0.000364519
-0.0052674
0.000728475
-0.000198248
-0.00387841
0.000662768
-0.000143925
-0.00256264
0.000539403
-3.85755e-05
-0.00140873
0.000379683
3.7304e-05
-0.000525031
-0.000815286
2.41619e-05
-0.00670273
-0.000787793
0.000161702
-0.00528602
-0.000737125
0.000262277
-0.00388485
-0.00065218
0.000351308
-0.00257457
-0.000543919
0.000289604
-0.00142047
-0.000379785
0.000128718
-0.000488208
-0.000256521
2.67837e-05
-0.000156997
0.000207797
3.03067e-05
-0.000221375
-8.39002e-06
-0.000405558
-0.00811242
5.66079e-05
1.38522e-05
-0.000167785
1.07423e-05
-3.84947e-06
3.11216e-05
-1.79046e-05
2.33408e-05
-0.000134569
7.84748e-05
-0.000330891
-0.00713234
7.55396e-05
-0.000179671
-0.0057146
7.0139e-05
-4.17471e-05
-0.0043147
5.69652e-05
7.39647e-05
-0.0029623
2.14825e-05
9.71715e-05
-0.00174796
-7.17851e-06
8.78122e-05
-0.000777568
-9.62409e-05
-0.000329172
-0.00768723
-9.24874e-05
-0.000174878
-0.0062447
-7.56117e-05
-3.84979e-05
-0.0048078
-4.09712e-05
6.7513e-05
-0.00342392
-4.84198e-06
0.000113026
-0.00213659
3.45426e-05
8.02256e-05
-0.000991781
0.000801857
-0.000608426
-0.00740906
0.000790682
-0.000448316
-0.00598925
0.000752283
-0.00028069
-0.00456597
0.000710049
-0.000141779
-0.00320247
0.000602215
-8.62061e-05
-0.00195803
0.000466327
2.81686e-06
-0.000923134
-0.00081796
-5.08333e-05
-0.00741183
-0.000809205
9.6026e-05
-0.00598769
-0.000767327
0.000219522
-0.00457779
-0.00069585
0.000286443
-0.00322016
-0.000609579
0.000337833
-0.00197607
-0.000468654
0.000221573
-0.00092382
0.000207155
3.39807e-05
-0.000290333
0.000541144
-0.000101095
-0.00330785
