-0.000585739
-0.00131436
-0.00759443
-0.00101233
-0.00131545
-0.00817521
-3.80998e-05
-1.91781e-05
3.02994e-06
-3.41067e-05
1.64172e-05
-2.92087e-05
0.000998505
-0.00189659
-0.00759446
0.000575584
-0.00189541
-0.00817437
3.27064e-05
1.59071e-05
-2.90224e-05
5.07304e-05
-2.72421e-05
-1.41252e-06
-0.000587134
-0.000946306
-0.0062241
-0.000580184
-0.000585085
-0.00484729
-0.00056474
-0.000259634
-0.00351563
-0.000522375
1.34946e-05
-0.00223642
-0.000468899
0.000131927
-0.00118891
-0.000335231
0.000115666
-0.00039483
-0.0010115
-0.000947142
-0.00679725
-0.000981786
-0.000594773
-0.00539784
-0.000901725
-0.000299811
-0.004017
-0.000784948
5.62987e-06
-0.00273711
-0.000599643
8.24592e-05
-0.00154465
-0.000348453
3.12013e-05
-0.000593789
0.000996585
-0.00152497
-0.00622668
0.000976501
-0.00114841
-0.00485165
0.000918575
-0.000765568
-0.00352706
0.000784806
-0.00053184
-0.00226788
0.000628985
-0.000272767
-0.00121593
0.000402858
-6.39778e-05
-0.000437737
0.000574161
-0.00151786
-0.00679298
0.000559613
-0.00112542
-0.00538561
0.000555151
-0.000756955
-0.00398997
0.000539573
-0.000455694
-0.00271032
0.000440321
-0.000186131
-0.00151157
0.000318531
2.19994e-05
-0.00050392
-0.000795855
-0.00131393
-0.00788544
-0.000216181
7.20629e-05
-0.000158085
0.000206204
-0.00160567
-0.00759426
-0.000198656
-2.40655e-05
-0.000241333
-0.000221229
-0.00160519
-0.00817424
-0.000102797
-1.05077e-05
-2.35054e-05
-8.55446e-06
1.09411e-05
1.99482e-05
1.7696e-05
1.44772e-05
2.74405e-05
0.000783293
-0.00189599
-0.00788524
0.000186943
-2.29848e-05
-0.000210143
0.000194651
7.36356e-05
-0.000213165
7.17214e-05
-2.04316e-06
-3.58276e-05
-0.000586231
-0.00113109
-0.00691266
-0.000587144
-0.000763962
-0.00553241
-0.000573207
-0.000418516
-0.00417394
-0.000525934
-0.000114195
-0.00286353
-0.000504154
9.1963e-05
-0.0016854
-0.000414484
0.000137656
-0.000755297
-0.00101334
-0.00113079
-0.00749166
-0.00100153
-0.000768944
-0.0060953
-0.000950944
-0.000434252
-0.00470218
-0.000850594
-0.000165002
-0.0033698
-0.000695277
5.58313e-05
-0.00211959
-0.000486407
7.7788e-05
-0.00102606
0.000998155
-0.00171286
-0.00691341
0.000990305
-0.00133656
-0.00553786
0.000950826
-0.000957281
-0.0041818
0.00085736
-0.000612077
-0.00288693
0.000719959
-0.000396532
-0.00171408
0.000526373
-0.000169056
-0.000789644
0.000575352
-0.00170881
-0.00748958
0.000567529
-0.00132153
-0.00608794
0.000547987
-0.000927657
-0.00468665
0.000554592
-0.000596423
-0.00333558
0.000493799
-0.000317917
-0.00209267
0.000372356
-6.63947e-05
-0.000983955
0.000204649
-0.00123745
-0.0062246
0.000194968
-0.000870674
-0.00484128
0.000180297
-0.000523594
-0.00351233
0.000133817
-0.000276579
-0.00224864
7.81695e-05
-8.86219e-05
-0.00118071
2.27414e-05
8.859e-07
-0.000379817
-0.000218106
-0.00123423
-0.00679289
-0.00020803
-0.000863796
-0.00538556
-0.000169594
-0.000541692
-0.00400102
-0.000120694
-0.00022686
-0.00270012
-6.59887e-05
-8.12626e-05
-0.00149969
1.01071e-05
-3.82612e-05
-0.000527737
0.000778369
-0.0015219
-0.00651022
0.000749112
-0.00113664
-0.00511608
0.000707483
-0.000752796
-0.00376423
0.000643774
-0.000500271
-0.00248688
0.000516887
-0.00022763
-0.00136597
0.000358426
-2.50577e-05
-0.00051114
-0.000792596
-0.000946254
-0.0065132
-0.000766926
-0.000588417
-0.00513427
-0.000717497
-0.000273324
-0.00376974
-0.000632402
1.4106e-05
-0.00249684
-0.000530434
0.00011114
-0.00137743
-0.000370624
7.15099e-05
-0.000474564
-0.000249459
6.71233e-06
-0.000152318
0.000201357
1.20621e-05
-0.000214178
-6.60539e-06
-0.00160562
-0.00788534
2.47027e-05
-1.29958e-05
-0.00016506
1.03502e-05
-9.34232e-07
3.0447e-05
8.73187e-06
-3.18042e-07
-0.000133122
0.000205839
-0.00142258
-0.00691259
0.000201371
-0.00105216
-0.0055331
0.000190614
-0.00069568
-0.00417158
0.000168017
-0.000369993
-0.0028574
0.000104606
-0.000170681
-0.00168128
5.27963e-05
-3.42106e-05
-0.00074758
-0.000220403
-0.0014203
-0.0074902
-0.000215389
-0.00104637
-0.00608544
-0.000194654
-0.000691711
-0.00468625
-0.000145973
-0.000378695
-0.00333736
-9.39634e-05
-0.000150498
-0.00208311
-3.18036e-05
-4.05753e-05
-0.000970461
0.000781955
-0.00171118
-0.00720069
0.000769989
-0.00133048
-0.00581868
0.000731197
-0.000942801
-0.00443349
0.000691425
-0.000595243
-0.00310589
0.000580584
-0.000354481
-0.00189833
0.000442813
-0.000115985
-0.000896516
-0.000794894
-0.00113077
-0.00720341
-0.000787088
-0.000764456
-0.00581721
-0.000747279
-0.000422048
-0.00444483
-0.000675945
-0.00014813
-0.00312546
-0.000593694
8.41403e-05
-0.00191609
-0.000457542
0.000108933
-0.000896247
0.000223235
-4.46434e-06
-0.000283228
0.000612204
-0.000593555
-0.00319803
