1.32523e-05
-0.00604897
-0.0066058
-0.00141647
-0.00604903
-0.00727472
-6.6059e-05
-3.46176e-05
-7.17042e-06
-1.04179e-05
1.83949e-05
-1.88423e-05
0.00141478
-0.00671816
-0.00660653
-1.12537e-05
-0.0067176
-0.00727315
1.12324e-05
1.36984e-05
-1.68423e-05
6.66063e-05
-3.54845e-05
-1.06436e-05
9.59252e-06
-0.00481699
-0.00539303
3.24054e-06
-0.00358592
-0.00417421
-1.77319e-05
-0.0023996
-0.0029947
-5.16725e-05
-0.00137818
-0.0018661
-0.000109219
-0.000611283
-0.000981417
-0.000115364
-0.000153328
-0.000315694
-0.00141604
-0.00481424
-0.00605365
-0.00138269
-0.00358778
-0.00481338
-0.00127723
-0.00245495
-0.00359899
-0.00110487
-0.0013392
-0.00245488
-0.000851083
-0.000641641
-0.00140409
-0.000505267
-0.000221273
-0.000586014
0.00141138
-0.00548093
-0.00539735
0.00137971
-0.00422976
-0.00418508
0.00129352
-0.00298052
-0.0030238
0.00109834
-0.00198696
-0.00193991
0.000846642
-0.00104715
-0.00103584
0.000524827
-0.000299711
-0.00040226
-1.3608e-05
-0.00547099
-0.00604804
-2.14729e-05
-0.00420266
-0.00479625
1.41367e-05
-0.00299002
-0.00355177
6.07231e-05
-0.00187085
-0.00240176
3.71157e-05
-0.00095205
-0.00134078
7.48238e-05
-0.000297319
-0.000458123
-0.000698453
-0.00604828
-0.00694057
-9.54733e-05
-4.44465e-05
-0.000126757
0.000713019
-0.00638404
-0.00660643
-0.000302294
-0.000123324
-0.000254021
-0.000714164
-0.00638328
-0.00727328
-7.73839e-05
3.99694e-06
-2.86278e-05
-4.93677e-05
-5.27447e-06
2.64434e-05
5.38379e-05
2.74531e-06
3.13606e-05
0.000699608
-0.00671747
-0.00694029
0.000247596
-0.000108603
-0.000223526
6.48027e-05
-6.25695e-05
-0.000175138
6.2524e-05
3.69775e-06
-3.70005e-05
1.22478e-05
-0.00543528
-0.00600247
5.16763e-06
-0.00419962
-0.00478079
-4.22129e-06
-0.00298824
-0.00357881
1.9793e-06
-0.00185024
-0.00242042
-9.02808e-05
-0.000952301
-0.00140144
-0.000116169
-0.000346006
-0.000619744
-0.00141767
-0.00543291
-0.00666903
-0.00140545
-0.00419915
-0.00543164
-0.00134457
-0.00299839
-0.00419804
-0.00120417
-0.0019136
-0.00302738
-0.000980757
-0.000967573
-0.00190922
-0.000696626
-0.000385935
-0.000953317
0.0014145
-0.00610354
-0.00600432
0.00140106
-0.00485495
-0.0047896
0.00134367
-0.00360474
-0.00359756
0.00121176
-0.00242234
-0.00246489
0.000980297
-0.00148575
-0.00145841
0.000699591
-0.000664562
-0.000685246
-1.21012e-05
-0.00609832
-0.00666658
-1.74968e-05
-0.00483718
-0.00542128
-2.36044e-05
-0.00357044
-0.00417398
4.41769e-05
-0.00242076
-0.00296546
4.88646e-05
-0.00139696
-0.00185588
2.74677e-05
-0.00056294
-0.000875601
0.000708655
-0.00515115
-0.00539409
0.000688044
-0.00391333
-0.00417188
0.000642226
-0.00270679
-0.00300161
0.000521264
-0.00171254
-0.00189661
0.000365364
-0.00084907
-0.000985066
0.000210184
-0.000248645
-0.000320321
-0.000709815
-0.00514465
-0.00604846
-0.000691534
-0.00390091
-0.00479882
-0.000620019
-0.00273494
-0.00357664
-0.000509667
-0.00161357
-0.00240155
-0.000380868
-0.000830934
-0.00134411
-0.000185307
-0.000320794
-0.000503984
0.000693962
-0.00547588
-0.00572269
0.000663381
-0.00421436
-0.00448792
0.00062045
-0.00296623
-0.00329099
0.000564979
-0.00192446
-0.00217312
0.00042471
-0.000984556
-0.00118926
0.000271906
-0.000275436
-0.000453525
-0.000697905
-0.00481443
-0.00572559
-0.000679591
-0.00358187
-0.00450428
-0.000635425
-0.00241404
-0.00329282
-0.000550313
-0.00133673
-0.00217524
-0.000473992
-0.000605366
-0.00119953
-0.00033233
-0.000158878
-0.000418092
-0.00022015
-7.42145e-05
-0.00013303
0.000174777
-6.14658e-05
-0.000184535
6.68923e-07
-0.00638377
-0.00694095
-0.000103156
-0.00012089
-0.000153488
8.73251e-06
1.07042e-05
2.76233e-05
0.000115425
-9.55385e-05
-0.00012692
0.000711774
-0.00577047
-0.00600283
0.000701358
-0.00452983
-0.00478285
0.000669658
-0.00330533
-0.00358121
0.000610043
-0.00214466
-0.00242596
0.000436321
-0.00124306
-0.00140782
0.000292588
-0.000523781
-0.000624789
-0.000713214
-0.00576602
-0.00666728
-0.000703335
-0.00452017
-0.00542032
-0.00066765
-0.0032985
-0.00417868
-0.000563947
-0.00216215
-0.00297625
-0.000449389
-0.00120568
-0.00186009
-0.000296977
-0.000525101
-0.000881039
0.00069874
-0.0061013
-0.00633445
0.000683766
-0.00484506
-0.00511022
0.00064367
-0.00358364
-0.0038839
0.000613836
-0.00240646
-0.00270616
0.000491654
-0.00142761
-0.00165151
0.000346946
-0.00059218
-0.000786376
-0.000698714
-0.00543374
-0.00633689
-0.000694686
-0.00419618
-0.00510909
-0.000663322
-0.00298418
-0.00389328
-0.000593074
-0.00188664
-0.00273304
-0.000527304
-0.000933267
-0.00166804
-0.000410992
-0.000343893
-0.000782288
0.000286724
-0.000159074
-0.000253764
0.000892542
-0.00256032
-0.00274515
