0.00801905
-0.0690899
0.00307044
-0.00672347
-0.0690663
0.00278374
-0.000454652
-0.00025131
-0.000128637
0.000266909
4.77688e-05
8.9686e-05
0.00718593
-0.0693606
0.00306222
-0.00755688
-0.069372
0.00279702
-0.000235292
3.2828e-06
0.000118852
0.000310454
-0.000151795
-0.000146655
0.00796883
-0.0563692
0.00236522
0.00772533
-0.0435181
0.00173082
0.00710814
-0.0308295
0.00129445
0.00598622
-0.0198742
0.00092332
0.00437698
-0.0105099
0.000316738
0.00253992
-0.00377106
6.39089e-05
-0.00674327
-0.056301
0.00206026
-0.00670475
-0.0433808
0.0013002
-0.0063065
-0.0310762
0.000468829
-0.00543133
-0.0191786
0.000118728
-0.00431437
-0.0102749
-0.000338847
-0.00271082
-0.00364787
-0.000831192
0.00716223
-0.0566365
0.00233387
0.00697731
-0.0438215
0.00161998
0.00653283
-0.031197
0.00100781
0.00551007
-0.0203731
0.000253772
0.00398259
-0.0106806
-0.000123514
0.00238578
-0.00311576
-0.000600388
-0.00756666
-0.0566001
0.00207648
-0.00744227
-0.0437753
0.00137346
-0.00681547
-0.0314851
0.000774677
-0.00589331
-0.0197258
0.000515869
-0.00488773
-0.0105162
0.000120219
-0.00282544
-0.00415048
-0.000171326
0.000650553
-0.0690819
0.00293454
0.00132429
-0.00161236
-1.73151e-05
0.0075921
-0.0692278
0.00305962
-0.00176112
-0.00150925
-0.000564856
-0.00709483
-0.0692211
0.00279065
0.000179331
0.000165613
-0.000124663
-0.000580697
-0.000211271
0.00013799
0.000529685
-0.000134771
7.67913e-05
-0.000162274
-0.0693594
0.00293733
0.00119644
-0.00109744
-0.000722466
-0.00144279
-0.00162723
0.000185752
7.36561e-06
9.08186e-05
-8.87889e-05
0.00800733
-0.0627587
0.00271576
0.00788229
-0.0499481
0.00203161
0.00747391
-0.0371601
0.00146656
0.00684996
-0.0248793
0.00104007
0.00514538
-0.0148387
0.000557115
0.00354796
-0.00680737
0.000111181
-0.00673126
-0.062717
0.00243389
-0.00674423
-0.0498502
0.00167195
-0.0065963
-0.0370655
0.000923033
-0.00595865
-0.0251195
0.000188615
-0.00487173
-0.0145567
-0.000120937
-0.00362411
-0.00658336
-0.000557632
0.00718744
-0.0630274
0.00269644
0.0070985
-0.0502126
0.00197025
0.00681478
-0.0374886
0.0012859
0.00617666
-0.0253745
0.000695988
0.00467033
-0.0151365
0.000102945
0.0032526
-0.00676351
-0.000390307
-0.00756453
-0.0630122
0.00243707
-0.0075108
-0.0501893
0.00171599
-0.00728921
-0.0374297
0.00105391
-0.00635066
-0.0255812
0.000604939
-0.00543359
-0.0149621
0.00027359
-0.00414887
-0.00668487
-2.42361e-06
0.00754061
-0.0565074
0.00235463
0.00735039
-0.0437019
0.00166867
0.00684155
-0.0310991
0.00112136
0.00568311
-0.0203191
0.000634452
0.00415675
-0.01064
0.000135293
0.00266498
-0.00343751
-0.000208553
-0.00708156
-0.0564468
0.00206838
-0.0069627
-0.0435937
0.00133027
-0.0064514
-0.0312715
0.000561505
-0.00550609
-0.0195163
0.000375801
-0.00442501
-0.0104588
-8.58127e-05
-0.00266634
-0.00395302
-0.000514904
-0.000173349
-0.0566102
0.00221451
-0.000198383
-0.0437774
0.00150947
-0.000227194
-0.031181
0.000923747
-0.000182931
-0.019899
0.000336039
-0.000483583
-0.0104173
2.46714e-05
-0.000589784
-0.00326847
-0.000194803
0.000597457
-0.0563223
0.00221767
0.000462531
-0.0433894
0.0015306
0.000368233
-0.0308417
0.000984831
0.000420282
-0.0192687
0.000420075
9.35535e-05
-0.0101513
2.49508e-05
-1.98614e-05
-0.00330018
-0.000174073
7.11953e-06
-0.00122042
-9.47483e-05
-1.96301e-06
-0.000862913
-4.77574e-05
0.000252853
-0.0692236
0.00292758
-0.00172155
-0.00151401
-0.000105191
1.00772e-05
0.000167668
1.10817e-05
0.00152114
-0.00128202
-0.000352395
0.00757664
-0.0628994
0.00270962
0.00746983
-0.0500883
0.00200366
0.00711772
-0.0373416
0.00138535
0.00652358
-0.0251616
0.000869497
0.00483466
-0.0150916
0.00039048
0.00344644
-0.00680893
-8.25583e-05
-0.00709413
-0.0628568
0.0024356
-0.00702634
-0.0500215
0.00168999
-0.00680467
-0.0372858
0.000972188
-0.00595102
-0.0253047
0.000473648
-0.00501529
-0.0147982
8.11584e-05
-0.00369885
-0.0067278
-0.00025774
-0.000154122
-0.0630197
0.00257188
-0.000203553
-0.0501575
0.00186065
-0.00022892
-0.0373977
0.00119123
-0.000101478
-0.0253864
0.00072985
-0.000382611
-0.014894
0.000210627
-0.000613241
-0.00645512
-0.000146252
0.000627085
-0.0627322
0.0025767
0.000551737
-0.049879
0.00186166
0.000402273
-0.0370362
0.00122037
0.000395323
-0.0249651
0.0006053
0.000199937
-0.014454
0.000205924
9.05476e-06
-0.00641064
-9.80472e-05
0.0012756
-0.00202839
-0.000321829
0.00482424
-0.0277305
0.00088664
