0.000461546
-0.00956783
-0.00583201
-0.00171083
-0.00956714
-0.00656104
-8.68213e-05
-4.61059e-05
-1.47972e-05
7.44563e-06
1.97815e-05
-1.0971e-05
0.00171848
-0.0102963
-0.00583326
-0.00045023
-0.0102962
-0.00655896
-4.96786e-06
1.19781e-05
-7.60979e-06
7.82893e-05
-4.15426e-05
-1.75591e-05
0.000456255
-0.00769631
-0.00474395
0.000440138
-0.00582111
-0.00365008
0.000392296
-0.00399664
-0.00259074
0.000301743
-0.00241921
-0.00158071
0.000161563
-0.00116892
-0.000822106
5.05213e-05
-0.000355971
-0.000255382
-0.00171072
-0.00769092
-0.00546429
-0.00167504
-0.00581713
-0.00435015
-0.0015516
-0.00406283
-0.00326709
-0.00133913
-0.00234548
-0.00223095
-0.00103582
-0.00118465
-0.00129184
-0.000620919
-0.000411044
-0.000577488
0.00171403
-0.00841833
-0.00474951
0.00167411
-0.00651982
-0.00366569
0.00156765
-0.00462897
-0.00263278
0.00132802
-0.00307095
-0.00168565
0.00100624
-0.00162496
-0.000896734
0.000614315
-0.000476025
-0.000374291
-0.000453268
-0.00840639
-0.00545775
-0.00045618
-0.00648988
-0.00432954
-0.00039115
-0.00465185
-0.0032052
-0.000298685
-0.00292579
-0.00215854
-0.00026575
-0.00152402
-0.00120626
-0.000108647
-0.00053642
-0.000421661
-0.00062153
-0.00956696
-0.00619661
-4.22386e-06
-0.00013244
-0.000102934
0.00108842
-0.00993273
-0.00583323
-0.000378956
-0.000197886
-0.000262433
-0.00107894
-0.00993177
-0.00655928
-5.79644e-05
1.48324e-05
-3.23748e-05
-7.9865e-05
-1.74754e-05
3.12296e-05
8.08054e-05
-6.11069e-06
3.41431e-05
0.000633167
-0.0102955
-0.00619627
0.000292238
-0.000172702
-0.000232841
-3.31172e-05
-0.000164917
-0.000145784
5.53608e-05
7.99285e-06
-3.77399e-05
0.000460176
-0.0086355
-0.00529076
0.000448613
-0.00675686
-0.00419456
0.000422034
-0.00490395
-0.00311624
0.000397719
-0.00314732
-0.00207772
0.000220952
-0.00173463
-0.00118291
0.000108627
-0.00070953
-0.000515916
-0.00171216
-0.00863163
-0.00601703
-0.0016998
-0.00675234
-0.00490564
-0.00163187
-0.00490983
-0.00379838
-0.00146279
-0.00321964
-0.00275517
-0.00119014
-0.0017341
-0.00174203
-0.000851364
-0.000734139
-0.000894212
0.00171826
-0.00936268
-0.00529341
0.00170085
-0.00746851
-0.00420578
0.0016307
-0.00557354
-0.00314291
0.00147117
-0.00377053
-0.0021376
0.00117102
-0.00229784
-0.00126068
0.000826683
-0.00103458
-0.000604451
-0.000451526
-0.00935665
-0.00601435
-0.000455112
-0.00744888
-0.00489316
-0.000451302
-0.00553602
-0.00376818
-0.000338607
-0.00377945
-0.00267309
-0.000285212
-0.00220197
-0.00166928
-0.000231699
-0.000934232
-0.000790183
0.00108203
-0.00805977
-0.00474541
0.00105352
-0.00617708
-0.0036505
0.000984946
-0.00433369
-0.00260519
0.000809266
-0.00278425
-0.00162466
0.00057941
-0.00141792
-0.000834599
0.000350188
-0.000435886
-0.000274718
-0.00107373
-0.0080509
-0.00545853
-0.00104958
-0.00616061
-0.00433402
-0.000954077
-0.00436908
-0.00324018
-0.000798742
-0.00264906
-0.00216577
-0.000615429
-0.00139169
-0.00122093
-0.00033133
-0.000532414
-0.000483832
0.000627046
-0.00841187
-0.00510333
0.000595734
-0.00650187
-0.00399473
0.00055213
-0.00461366
-0.00292029
0.000503093
-0.0029858
-0.00192767
0.000353599
-0.00154965
-0.00105146
0.00020575
-0.000462868
-0.000408408
-0.00062299
-0.00769192
-0.00510615
-0.000610289
-0.00581161
-0.00400962
-0.00057041
-0.00401151
-0.00291939
-0.00048586
-0.00234755
-0.00192398
-0.000429243
-0.00114297
-0.00106081
-0.000302031
-0.000332442
-0.000374019
-0.000197172
-0.000135272
-0.000118078
0.000154089
-0.000116686
-0.000161552
6.21746e-06
-0.00993231
-0.00619734
-0.000198841
-0.000201846
-0.000144087
7.48615e-06
1.93849e-05
2.53899e-05
0.000195211
-0.000167059
-0.000121985
0.00108654
-0.00900047
-0.00529144
0.00107183
-0.00711568
-0.00419762
0.00102488
-0.0052483
-0.00312214
0.000938178
-0.0034684
-0.00209191
0.000683266
-0.00204434
-0.0011971
0.000471484
-0.000890441
-0.000530497
-0.00107791
-0.00899446
-0.00601509
-0.00106455
-0.00710322
-0.00489333
-0.00101812
-0.00523937
-0.00377663
-0.00087427
-0.0034923
-0.0026905
-0.000713836
-0.00199421
-0.00168374
-0.000494784
-0.000887861
-0.000809779
0.000632656
-0.00936005
-0.00565275
0.000615594
-0.0074559
-0.00455345
0.000574832
-0.00554771
-0.00345284
0.00055258
-0.00375548
-0.00239362
0.000422629
-0.00222803
-0.0014589
0.000273435
-0.000948091
-0.000700381
-0.000622691
-0.00863306
-0.00565496
-0.000621499
-0.00675053
-0.00455259
-0.00059667
-0.00489427
-0.00346071
-0.000527769
-0.00318538
-0.00242578
-0.000474748
-0.00169559
-0.00147445
-0.000374052
-0.00068423
-0.000693458
0.000333248
-0.000275051
-0.000230819
0.00109802
-0.00402532
-0.00239315
