0.00120378
-0.0153407
-0.0044907
-0.00218317
-0.0153387
-0.00530447
-0.000120726
-6.49098e-05
-2.73343e-05
3.71276e-05
2.18927e-05
2.20271e-06
0.00220649
-0.0161525
-0.00449277
-0.0011769
-0.0161532
-0.00530154
-3.19004e-05
9.0349e-06
7.83827e-06
9.71338e-05
-5.12656e-05
-2.89913e-05
0.00119583
-0.0124232
-0.00362188
0.00116361
-0.0094941
-0.00274735
0.00107149
-0.00662464
-0.00189831
0.000887742
-0.00413554
-0.00109503
0.000611321
-0.00209065
-0.000552496
0.000326481
-0.000692203
-0.000154344
-0.00218368
-0.0124135
-0.00442658
-0.00214477
-0.00948036
-0.00353463
-0.00199313
-0.006708
-0.00268186
-0.00171652
-0.00400472
-0.0018362
-0.00133418
-0.00208168
-0.00109259
-0.000808312
-0.000725224
-0.000557965
0.00220041
-0.0132268
-0.00362942
0.00214742
-0.01027
-0.00277061
0.00200881
-0.0073301
-0.00196135
0.00169799
-0.00484747
-0.00125069
0.0012631
-0.00257225
-0.000660035
0.000758338
-0.000765124
-0.000325933
-0.001181
-0.0132118
-0.00441862
-0.00117555
-0.0102359
-0.00350853
-0.00106231
-0.00737509
-0.00259632
-0.000894553
-0.00465564
-0.00173253
-0.000767765
-0.00246281
-0.000970771
-0.000413232
-0.00092962
-0.000356999
-0.0004867
-0.0153395
-0.0048973
0.000147847
-0.000278788
-6.31708e-05
0.00170259
-0.0157476
-0.00449288
-0.000503554
-0.000321202
-0.000274051
-0.00167529
-0.0157463
-0.00530219
-2.51862e-05
3.26425e-05
-3.84142e-05
-0.000130036
-3.77051e-05
3.90203e-05
0.000125062
-2.08014e-05
3.84027e-05
0.000515848
-0.0161517
-0.00489683
0.000364373
-0.000277718
-0.000247079
-0.000195883
-0.000333723
-9.54734e-05
4.30224e-05
1.5126e-05
-3.86977e-05
0.00120181
-0.0138872
-0.00405862
0.00118291
-0.0109569
-0.00318286
0.00112796
-0.00805389
-0.00232124
0.00105316
-0.00528353
-0.0014922
0.000737543
-0.00302605
-0.000811882
0.000482225
-0.00131136
-0.000340835
-0.00218473
-0.0138809
-0.00486902
-0.00217243
-0.0109456
-0.00397955
-0.00209385
-0.00805251
-0.00309466
-0.00187923
-0.00537003
-0.00227456
-0.00152784
-0.00299907
-0.00144678
-0.00110166
-0.00131005
-0.000787359
0.00220638
-0.0146972
-0.00406255
0.00218269
-0.0117475
-0.00319794
0.00209243
-0.00879848
-0.00236077
0.00188901
-0.00598023
-0.00157705
0.00147788
-0.00362897
-0.000923443
0.00103128
-0.00164122
-0.00046689
-0.0011789
-0.01469
-0.00486599
-0.00117936
-0.0117252
-0.00396373
-0.00115904
-0.00875623
-0.00305464
-0.000972941
-0.00600662
-0.00215995
-0.000839022
-0.00352253
-0.00134251
-0.000661242
-0.00154415
-0.000640453
0.00169292
-0.0128279
-0.00362398
0.00165166
-0.00989048
-0.00275234
0.0015461
-0.00700488
-0.0019252
0.00128134
-0.00454554
-0.00116087
0.000930809
-0.00235407
-0.000579626
0.000580437
-0.000744615
-0.000198017
-0.00166875
-0.0128151
-0.00442
-0.00163521
-0.0098674
-0.00351615
-0.00150102
-0.00705195
-0.00264771
-0.00127259
-0.00435141
-0.00175205
-0.00100057
-0.00231451
-0.00100422
-0.000571697
-0.000880902
-0.000445769
0.000509062
-0.0132182
-0.00402321
0.000477053
-0.0102481
-0.00313645
0.000432991
-0.00731338
-0.00227697
0.000395154
-0.00472563
-0.00150248
0.000232004
-0.00247667
-0.000813668
9.39304e-05
-0.000770645
-0.000330232
-0.000491506
-0.0124158
-0.00402587
-0.000488418
-0.0094756
-0.00314873
-0.000456335
-0.00664
-0.00227152
-0.000373681
-0.00401436
-0.00148933
-0.000350676
-0.00203154
-0.000821428
-0.000248957
-0.000620424
-0.000297993
-0.000157306
-0.000236692
-9.25256e-05
0.000118466
-0.000207376
-0.000122203
1.5486e-05
-0.0157469
-0.00489858
-0.000356565
-0.00033533
-0.000127003
5.39483e-06
3.36896e-05
2.14891e-05
0.000326584
-0.000284914
-0.000113575
0.00169968
-0.0142941
-0.0040598
0.00167804
-0.0113559
-0.00318755
0.00160632
-0.00843681
-0.00233291
0.00147561
-0.00564314
-0.0015206
0.00108838
-0.0033621
-0.000838955
0.000765388
-0.0014943
-0.000371195
-0.00167413
-0.0142856
-0.0048668
-0.0016552
-0.011339
-0.00396582
-0.00159158
-0.00842443
-0.00306925
-0.00138265
-0.00567748
-0.00218817
-0.00114767
-0.00329114
-0.00137389
-0.000819934
-0.00148516
-0.000683478
0.000515952
-0.014694
-0.00446291
0.000495715
-0.0117306
-0.00358343
0.000454493
-0.00876521
-0.00270361
0.000445215
-0.00596681
-0.00185228
0.000303733
-0.00354062
-0.00112617
0.000148681
-0.00153221
-0.000551836
-0.000489351
-0.0138833
-0.00446474
-0.000492946
-0.0109458
-0.00358301
-0.000479454
-0.00803495
-0.00270887
-0.000413749
-0.00532405
-0.00189293
-0.000382593
-0.00295406
-0.00113999
-0.000309151
-0.00124762
-0.000540316
0.000408023
-0.000465833
-0.000191594
0.00142958
-0.00642795
-0.0017883
