0.00135114
-0.0164781
-0.00421582
-0.00227475
-0.0164759
-0.00504387
-0.000127367
-6.85991e-05
-2.98015e-05
4.30197e-05
2.22834e-05
4.83175e-06
0.00230119
-0.0173039
-0.00421804
-0.00132118
-0.0173047
-0.00504077
-3.7249e-05
8.4396e-06
1.09229e-05
0.000100785
-5.31387e-05
-3.1254e-05
0.00134265
-0.0133548
-0.0033924
0.00130723
-0.0102182
-0.00256324
0.00120628
-0.00714305
-0.00175758
0.00100406
-0.00447444
-0.000996856
0.000700647
-0.0022729
-0.000498251
0.000381327
-0.000758839
-0.000134185
-0.00227539
-0.0133442
-0.00421137
-0.00223592
-0.0102025
-0.00336551
-0.00207887
-0.00722972
-0.00256037
-0.00178981
-0.00433232
-0.00175425
-0.00139218
-0.00225897
-0.00105102
-0.0008448
-0.000787398
-0.000553246
0.00229479
-0.0141721
-0.00340033
0.00223927
-0.0110071
-0.00258801
0.00209445
-0.00786097
-0.00182476
0.0017698
-0.00519647
-0.00116248
0.00131285
-0.00275823
-0.000612241
0.000786218
-0.000821806
-0.000316074
-0.00132548
-0.0141565
-0.00420313
-0.00131831
-0.0109723
-0.00333835
-0.00119551
-0.00791036
-0.00247022
-0.00101284
-0.00499557
-0.00164445
-0.000867346
-0.00264731
-0.0009221
-0.000473687
-0.00100696
-0.000343499
-0.000458839
-0.0164768
-0.00462947
0.000178105
-0.000307834
-5.52623e-05
0.00182343
-0.016892
-0.00421818
-0.000527866
-0.00034558
-0.00027598
-0.00179258
-0.0168907
-0.00504149
-1.85982e-05
3.61497e-05
-3.95873e-05
-0.000139921
-4.17143e-05
4.05465e-05
0.000133761
-2.37093e-05
3.91902e-05
0.000491458
-0.017303
-0.00462898
0.000378381
-0.000298273
-0.000249733
-0.000228208
-0.000366981
-8.52274e-05
4.05054e-05
1.65476e-05
-3.88465e-05
0.00134906
-0.0149221
-0.00380635
0.00132868
-0.0117847
-0.00297622
0.00126807
-0.00867506
-0.00215937
0.00118321
-0.00570507
-0.0013735
0.000840122
-0.0032812
-0.00073703
0.000556438
-0.00143047
-0.000305716
-0.00227636
-0.0149152
-0.00463092
-0.00226411
-0.0117722
-0.0037875
-0.00218354
-0.00867221
-0.00294871
-0.00196011
-0.00579431
-0.0021747
-0.00159343
-0.00324894
-0.00138541
-0.00115036
-0.00142395
-0.000764778
0.0023011
-0.015746
-0.00381053
0.0022762
-0.0125887
-0.00299206
0.00218205
-0.00943232
-0.00220142
0.00197014
-0.00641445
-0.00146325
0.00153733
-0.00389038
-0.000855215
0.00107091
-0.00176027
-0.000439119
-0.00132332
-0.0157385
-0.00462783
-0.00132311
-0.0125659
-0.00377103
-0.00129947
-0.00938923
-0.00290678
-0.00109886
-0.00644435
-0.00205373
-0.000948921
-0.00378204
-0.00127496
-0.000746415
-0.00166404
-0.000609468
0.00181311
-0.0137663
-0.00339463
0.00176935
-0.0106215
-0.00256915
0.0016565
-0.00753079
-0.00178695
0.00137423
-0.00489238
-0.001067
0.000999975
-0.00253848
-0.000528288
0.000625797
-0.000805457
-0.000182682
-0.00178579
-0.0137529
-0.00420464
-0.00175042
-0.0105971
-0.0033466
-0.00160865
-0.00758016
-0.00252483
-0.00136585
-0.00468668
-0.00166642
-0.00107642
-0.0024963
-0.000959277
-0.000619096
-0.000949547
-0.000437485
0.000484557
-0.014163
-0.00380081
0.000452487
-0.0109845
-0.00296001
0.000408438
-0.00784401
-0.00214499
0.000372912
-0.00506744
-0.00141538
0.000207301
-0.00265876
-0.000765087
7.14253e-05
-0.000831071
-0.000314214
-0.000464319
-0.0133468
-0.00380344
-0.0004632
-0.010198
-0.00297174
-0.000432771
-0.00715847
-0.00213863
-0.000350622
-0.00434348
-0.00140037
-0.000334437
-0.00220721
-0.000772531
-0.000238004
-0.000677493
-0.000282472
-0.000149132
-0.000256798
-8.73476e-05
0.0001112
-0.00022515
-0.000114215
1.73247e-05
-0.0168913
-0.00463086
-0.000387693
-0.000361635
-0.00012337
4.97932e-06
3.65179e-05
2.06863e-05
0.000352485
-0.000308107
-0.000111894
0.00182032
-0.015336
-0.00380763
0.00179731
-0.0121905
-0.00298124
0.00172071
-0.00906451
-0.00217219
0.00158135
-0.00607137
-0.00140471
0.00116811
-0.00362163
-0.000766659
0.000823254
-0.00161327
-0.000339208
-0.0017914
-0.015327
-0.00462865
-0.00177139
-0.0121727
-0.00377351
-0.00170442
-0.00905145
-0.00292261
-0.00148269
-0.00610778
-0.00208408
-0.00123308
-0.00354658
-0.0013097
-0.000884005
-0.00160283
-0.000657143
0.000491688
-0.0157427
-0.00421778
0.00047086
-0.0125709
-0.00338384
0.000429645
-0.00939763
-0.00254973
0.000423021
-0.0064014
-0.00174137
0.000279443
-0.00379847
-0.00105814
0.000123487
-0.00164692
-0.00052147
-0.000461789
-0.0149179
-0.00421952
-0.000466357
-0.0117727
-0.00338352
-0.000455203
-0.00865428
-0.00255446
-0.000390268
-0.00574605
-0.00178367
-0.000363561
-0.0032027
-0.00107161
-0.00029573
-0.00135911
-0.000509058
0.000422484
-0.000503326
-0.000183659
0.00149407
-0.00690041
-0.00166516
