0.00149804
-0.0176088
-0.00393901
-0.00236533
-0.0176063
-0.0047804
-0.000133952
-7.22593e-05
-3.22519e-05
4.88892e-05
2.26634e-05
7.45544e-06
0.00239487
-0.0184477
-0.00394139
-0.00146503
-0.0184487
-0.00477714
-4.2578e-05
7.84318e-06
1.40024e-05
0.000104391
-5.49841e-05
-3.3506e-05
0.00148902
-0.0142809
-0.00316148
0.00145037
-0.0109382
-0.00237815
0.00134061
-0.0076585
-0.00161626
0.00111998
-0.00481147
-0.000898444
0.000789663
-0.0024542
-0.000443962
0.000435988
-0.000825172
-0.000114068
-0.00236611
-0.0142695
-0.00399379
-0.0023261
-0.0109206
-0.00319454
-0.0021637
-0.00774846
-0.00243751
-0.00186229
-0.00465811
-0.00167137
-0.00144955
-0.00243532
-0.00100891
-0.00088091
-0.000849259
-0.000548251
0.00238815
-0.015111
-0.00316979
0.00233013
-0.0117392
-0.00240442
0.00217917
-0.0083881
-0.00168755
0.00184081
-0.00554292
-0.00107398
0.00136201
-0.00294277
-0.000564359
0.000813751
-0.000878003
-0.000306167
-0.00146952
-0.0150949
-0.00398528
-0.00146062
-0.0117037
-0.00316633
-0.00132827
-0.00844191
-0.00234277
-0.00113074
-0.00533302
-0.00155548
-0.000966549
-0.00283044
-0.000872937
-0.000533918
-0.00108373
-0.000329816
-0.000430709
-0.0176075
-0.00435926
0.00020827
-0.000336759
-4.73797e-05
0.00194354
-0.0180293
-0.00394156
-0.000551943
-0.000369824
-0.000277771
-0.00190916
-0.0180279
-0.00477793
-1.20069e-05
3.96345e-05
-4.07475e-05
-0.000149743
-4.57057e-05
4.20609e-05
0.000142398
-2.66022e-05
3.99544e-05
0.000466779
-0.0184468
-0.00435874
0.00039223
-0.000318634
-0.00025232
-0.000260417
-0.000400013
-7.49268e-05
3.79746e-05
1.7967e-05
-3.89804e-05
0.00149584
-0.0159509
-0.0035524
0.00147399
-0.0126078
-0.00276838
0.00140771
-0.00929267
-0.00199671
0.0013128
-0.00612422
-0.00125441
0.000942348
-0.00353498
-0.000662048
0.000630393
-0.00154898
-0.000270608
-0.00236699
-0.0159436
-0.00439021
-0.0023548
-0.0125939
-0.00359334
-0.00227228
-0.00928834
-0.00280116
-0.00204012
-0.00621618
-0.00207368
-0.00165831
-0.00349745
-0.00132331
-0.00119853
-0.00153727
-0.000741805
0.0023948
-0.0167878
-0.00355683
0.00236869
-0.0134241
-0.00278496
0.00227072
-0.0100618
-0.00204129
0.00205041
-0.00684557
-0.00134901
0.00159609
-0.00414981
-0.000786813
0.00111005
-0.00187837
-0.0004113
-0.0014673
-0.0167801
-0.00438704
-0.00146642
-0.0134009
-0.00357622
-0.00143943
-0.0100179
-0.00275733
-0.00122436
-0.00687897
-0.0019464
-0.00105843
-0.00403965
-0.00120673
-0.000831246
-0.00178305
-0.000578155
0.00193257
-0.014699
-0.00316384
0.00188631
-0.0113479
-0.00238498
0.00176621
-0.00805335
-0.00164811
0.00146653
-0.005237
-0.000972869
0.00106869
-0.00272168
-0.000476902
0.000670871
-0.000865895
-0.000167372
-0.00190212
-0.0146848
-0.00398691
-0.00186492
-0.0113222
-0.0031752
-0.00171562
-0.008105
-0.00240059
-0.00145852
-0.00501978
-0.0015799
-0.0011518
-0.00267689
-0.000913834
-0.000666214
-0.00101773
-0.000428977
0.000459769
-0.0151015
-0.00357652
0.000427661
-0.0117159
-0.00278215
0.000383662
-0.00837092
-0.00201203
0.000350469
-0.00540675
-0.00132767
0.000182491
-0.00283946
-0.000716215
4.88965e-05
-0.000891012
-0.000298084
-0.000436866
-0.0142724
-0.0035791
-0.000437732
-0.0109161
-0.00279333
-0.000408985
-0.00767398
-0.00200476
-0.000327379
-0.00467077
-0.00131083
-0.000318042
-0.00238197
-0.000723341
-0.000226949
-0.0007343
-0.000266861
-0.000140899
-0.00027681
-8.21531e-05
0.000103894
-0.000242762
-0.000106196
1.91536e-05
-0.0180286
-0.00436076
-0.000418644
-0.000387766
-0.000119666
4.56579e-06
3.9333e-05
1.98769e-05
0.000378228
-0.000331129
-0.000110218
0.00194023
-0.0163714
-0.00355378
0.00191586
-0.0130199
-0.00277372
0.00183439
-0.00968824
-0.00201068
0.00168642
-0.00649685
-0.00128842
0.00124732
-0.00387948
-0.000694228
0.000880744
-0.00173146
-0.000307223
-0.00190796
-0.0163619
-0.00438788
-0.00188686
-0.0130013
-0.00357909
-0.00181656
-0.00967451
-0.00277439
-0.00158211
-0.00653532
-0.00197887
-0.00131795
-0.00380037
-0.00124483
-0.000947684
-0.00171972
-0.000630467
0.000467136
-0.0167844
-0.00397049
0.000445729
-0.0134056
-0.0031826
0.000404555
-0.0100257
-0.00239466
0.000400607
-0.0068329
-0.00162969
0.000255001
-0.00405439
-0.000989683
9.82344e-05
-0.00176074
-0.000490915
-0.000433959
-0.0159464
-0.00397216
-0.000439505
-0.0125949
-0.00318236
-0.000430712
-0.00927006
-0.00239886
-0.000366589
-0.00616565
-0.00167363
-0.000344352
-0.00344999
-0.00100279
-0.000282176
-0.00147004
-0.000477621
0.000436759
-0.000540527
-0.000175704
0.0015579
-0.00736963
-0.00154143
