0.00164445
-0.0187325
-0.00366041
-0.0024549
-0.0187298
-0.00451417
-0.000140477
-7.58881e-05
-3.4684e-05
5.4733e-05
2.30323e-05
1.00724e-05
0.00248751
-0.0195835
-0.00366294
-0.0016084
-0.0195847
-0.00451074
-4.78844e-05
7.24606e-06
1.70751e-05
0.000107949
-5.68003e-05
-3.57463e-05
0.0016349
-0.0152014
-0.00292923
0.00159302
-0.0116538
-0.00219216
0.00147444
-0.00817076
-0.00147442
0.00123545
-0.00514646
-0.000799837
0.000878327
-0.00263444
-0.000389656
0.000490437
-0.000891156
-9.40041e-05
-0.00245582
-0.0151891
-0.00377392
-0.0024153
-0.0116341
-0.00302179
-0.00224761
-0.00826398
-0.00231333
-0.00193397
-0.0049819
-0.00158758
-0.00150627
-0.00261062
-0.000966265
-0.000916621
-0.000910769
-0.00054298
0.00248049
-0.0160433
-0.00293792
0.00241999
-0.0124659
-0.00221992
0.00226293
-0.00891126
-0.00154979
0.00191101
-0.00588662
-0.000985226
0.00141053
-0.00312575
-0.00051641
0.000840919
-0.000933673
-0.000296217
-0.00161308
-0.0160266
-0.00376515
-0.00160243
-0.0124297
-0.00299253
-0.00146055
-0.00896947
-0.00221403
-0.00124818
-0.00566783
-0.00146564
-0.00106533
-0.00301211
-0.000823299
-0.000593893
-0.0011599
-0.000315952
-0.000402323
-0.0187312
-0.00408676
0.000238327
-0.000365543
-3.95266e-05
0.00206288
-0.0191592
-0.00366314
-0.000575769
-0.000393918
-0.000279419
-0.002025
-0.0191577
-0.0045116
-5.41513e-06
4.30952e-05
-4.18943e-05
-0.000159496
-4.96772e-05
4.35627e-05
0.000150967
-2.9478e-05
4.06947e-05
0.000441818
-0.0195826
-0.00408622
0.000405909
-0.000338786
-0.000254839
-0.000292492
-0.000432795
-6.45747e-05
3.54309e-05
1.93839e-05
-3.90993e-05
0.00164213
-0.0169734
-0.00329688
0.00161881
-0.0134259
-0.00255942
0.00154685
-0.00990647
-0.00183335
0.00144189
-0.00654078
-0.00113496
0.00104417
-0.00378725
-0.000586972
0.000704055
-0.00166683
-0.000235526
-0.00245661
-0.0169655
-0.00414697
-0.0024445
-0.0134106
-0.00339714
-0.00236007
-0.00990065
-0.00265206
-0.00211926
-0.00663543
-0.00197154
-0.00172246
-0.00374445
-0.00126051
-0.00124617
-0.00164993
-0.000718448
0.00248747
-0.0178223
-0.00330157
0.00246017
-0.0142535
-0.00257675
0.0023584
-0.0106866
-0.00188043
0.00212977
-0.00727336
-0.0012344
0.00165411
-0.00440713
-0.000718268
0.00114868
-0.00199543
-0.000383447
-0.00161081
-0.0178144
-0.00414374
-0.00160924
-0.0142299
-0.00337939
-0.00157889
-0.0106419
-0.00260634
-0.00134939
-0.00731027
-0.00183799
-0.00116749
-0.0042952
-0.00113783
-0.000915697
-0.00190109
-0.000546523
0.00205127
-0.0156254
-0.00293171
0.00200253
-0.0120694
-0.00219991
0.0018752
-0.00857231
-0.00150873
0.0015582
-0.0055792
-0.000878517
0.00113692
-0.00290356
-0.000425489
0.000715634
-0.000925887
-0.000152095
-0.00201771
-0.0156104
-0.00376691
-0.00197869
-0.0120424
-0.00300203
-0.0018219
-0.00862624
-0.00227505
-0.00155057
-0.00535054
-0.00149251
-0.00122667
-0.0028562
-0.000867905
-0.000713025
-0.00108542
-0.000420246
0.000434705
-0.0160334
-0.00335041
0.000402586
-0.012442
-0.00260294
0.000358672
-0.00889387
-0.00187814
0.000327833
-0.00574338
-0.00123939
0.000157582
-0.00301867
-0.00066707
2.63536e-05
-0.000950426
-0.000281847
-0.000409161
-0.0151922
-0.00335296
-0.000412027
-0.0116299
-0.00261357
-0.000384992
-0.00818629
-0.00186997
-0.000303963
-0.00499608
-0.00122073
-0.000301499
-0.00255569
-0.00067388
-0.000215798
-0.000790805
-0.000251167
-0.000132611
-0.000296713
-7.6944e-05
9.65511e-05
-0.000260197
-9.81506e-05
2.09709e-05
-0.0191583
-0.00408837
-0.000449401
-0.000413702
-0.000115889
4.15461e-06
4.21341e-05
1.90612e-05
0.000403797
-0.000353964
-0.000108547
0.00205937
-0.0174
-0.00329836
0.00203364
-0.0138438
-0.00256509
0.00194733
-0.0103077
-0.00184847
0.00179079
-0.00691937
-0.00117177
0.00132597
-0.00413549
-0.000621694
0.000937829
-0.0018488
-0.000275254
-0.00202377
-0.01739
-0.0041446
-0.0020016
-0.0138243
-0.00338266
-0.00192798
-0.0102933
-0.00262463
-0.00168088
-0.0069599
-0.00187258
-0.00140226
-0.00405235
-0.00117928
-0.00101094
-0.00183577
-0.000603456
0.000442305
-0.0178187
-0.00372116
0.000420331
-0.0142342
-0.00297978
0.000379231
-0.0106491
-0.00223846
0.00037798
-0.00726109
-0.00151728
0.000230415
-0.00430825
-0.000920822
7.29342e-05
-0.0018736
-0.000460183
-0.000405874
-0.0169686
-0.00372275
-0.000412406
-0.013412
-0.00297963
-0.000405996
-0.00988201
-0.00224212
-0.000342723
-0.00658266
-0.00156285
-0.000324975
-0.00369579
-0.000933572
-0.000268498
-0.00158035
-0.000446019
0.000450841
-0.000577406
-0.000167735
0.00162104
-0.00783539
-0.00141717
