0.00806786
-0.0690008
0.00306231
-0.00684572
-0.0689755
0.00280442
-0.000439237
-0.000241687
-0.000124683
0.000257515
4.80986e-05
8.63982e-05
0.0072446
-0.0692417
0.00305365
-0.00766937
-0.0692537
0.00281931
-0.00022751
4.24851e-06
0.000116264
0.000296069
-0.000142601
-0.000142115
0.00801379
-0.0561261
0.00236753
0.00775445
-0.0431188
0.00174691
0.00710153
-0.0303069
0.00132576
0.00593491
-0.0193613
0.000959252
0.00428492
-0.0101088
0.000336616
0.00246164
-0.00357064
7.1378e-05
-0.00686449
-0.0560536
0.00209059
-0.00681243
-0.0429759
0.00133875
-0.00637062
-0.030578
0.000506309
-0.00542995
-0.018644
0.000167544
-0.00425619
-0.00989108
-0.000296625
-0.00263818
-0.00347025
-0.000793953
0.00721855
-0.0563627
0.002334
0.00701714
-0.0433916
0.00162925
0.0065382
-0.0306429
0.00102424
0.00546062
-0.0198384
0.000264827
0.00388528
-0.0102511
-0.000108032
0.00230257
-0.00291384
-0.000578601
-0.00767784
-0.0563234
0.00211047
-0.00754027
-0.0433418
0.00142135
-0.00686583
-0.0309517
0.000834252
-0.00588622
-0.0191629
0.000586675
-0.00483281
-0.0100995
0.000172781
-0.00276407
-0.00393751
-0.000140188
0.000614406
-0.068992
0.00294137
0.00127637
-0.00151116
-1.24193e-05
0.00764504
-0.069124
0.00305089
-0.00170414
-0.00142649
-0.000538204
-0.00720943
-0.0691168
0.00281232
0.000176597
0.000163831
-0.000121733
-0.000561994
-0.000203033
0.000135394
0.000509347
-0.000125749
7.37531e-05
-0.000188161
-0.0692403
0.00294465
0.00115006
-0.00100656
-0.000699042
-0.00140072
-0.00152321
0.00019623
4.57264e-06
9.22908e-05
-8.46554e-05
0.00805521
-0.0625948
0.00271232
0.0079211
-0.0496256
0.00204064
0.00748778
-0.0366946
0.00148923
0.00683267
-0.0243371
0.00107153
0.00506593
-0.0143631
0.00058373
0.00345597
-0.00650212
0.000125145
-0.0068536
-0.0625499
0.00245958
-0.00686122
-0.0495229
0.00170652
-0.00668837
-0.0365997
0.000964168
-0.00599297
-0.0245958
0.000227397
-0.00483689
-0.0140888
-7.47087e-05
-0.00355156
-0.00630011
-0.000518466
0.00724613
-0.0628334
0.00269176
0.00714896
-0.0498581
0.00197498
0.00684058
-0.0369914
0.00129798
0.00615914
-0.0248043
0.000712575
0.0045883
-0.0146318
0.000117082
0.00315442
-0.00643656
-0.000373093
-0.00767695
-0.0628166
0.00246444
-0.00761639
-0.0498324
0.0017571
-0.00737333
-0.0369295
0.00110803
-0.00636956
-0.0250231
0.000670853
-0.00540175
-0.0144611
0.000335375
-0.00407884
-0.00637295
4.01188e-05
0.0075897
-0.0562495
0.00235645
0.00738557
-0.0432896
0.00168204
0.00684515
-0.030566
0.00114378
0.0056367
-0.0198021
0.000658721
0.0040676
-0.0102258
0.000151922
0.00258661
-0.00323547
-0.000199984
-0.00719285
-0.056185
0.00210101
-0.00705905
-0.0431762
0.00137386
-0.00650505
-0.0307556
0.000607018
-0.0055012
-0.0189719
0.000438355
-0.00437539
-0.0100577
-4.0292e-05
-0.00260649
-0.00375745
-0.000483632
-0.000200083
-0.0563342
0.00223216
-0.000228273
-0.0433435
0.00153901
-0.000257199
-0.0306263
0.000962327
-0.000207362
-0.0193434
0.000371734
-0.000506195
-0.00998976
5.71166e-05
-0.000591621
-0.00306723
-0.00017393
0.000558696
-0.0560758
0.0022342
0.000420788
-0.0429825
0.00155769
0.000331535
-0.0303237
0.00102481
0.000398655
-0.0187342
0.000457362
7.63278e-05
-0.00975506
5.42375e-05
-2.26624e-05
-0.00311771
-0.000158864
8.90664e-06
-0.0011381
-8.90164e-05
-9.56917e-06
-0.000778719
-4.10062e-05
0.000222234
-0.0691195
0.00293406
-0.00167464
-0.00142296
-9.25418e-05
1.06348e-05
0.000167945
1.03183e-05
0.00146954
-0.00118656
-0.000341815
0.00762838
-0.0627209
0.002706
0.00751362
-0.0497504
0.00201115
0.00713791
-0.0368617
0.00140395
0.00651122
-0.0246051
0.000894742
0.00475801
-0.0146054
0.000412239
0.00335705
-0.00649266
-7.04004e-05
-0.00720809
-0.062675
0.0024623
-0.0071311
-0.04968
0.00172853
-0.00688555
-0.0368062
0.00101963
-0.00597159
-0.0247618
0.000531378
-0.004986
-0.0143153
0.000133997
-0.00363718
-0.00642749
-0.000219799
-0.000179457
-0.0628248
0.00258376
-0.00023261
-0.0497985
0.00188385
-0.000260347
-0.0368941
0.00122528
-0.000123324
-0.024817
0.000773766
-0.000411153
-0.0143848
0.000247459
-0.000625423
-0.00613507
-0.000119189
0.000589607
-0.0625662
0.00258787
0.000511645
-0.049552
0.00188403
0.000361388
-0.0365645
0.00125323
0.000366751
-0.0244294
0.000640379
0.00017645
-0.0139737
0.000240301
-6.6965e-07
-0.00611683
-7.53634e-05
0.00123055
-0.00188249
-0.000309472
0.00481272
-0.0271707
0.000913037
