0.00179032
-0.0198489
-0.00338014
-0.00254345
-0.0198458
-0.0042453
-0.000146938
-7.94835e-05
-3.70965e-05
6.0548e-05
2.33902e-05
1.26813e-05
0.00257911
-0.0207109
-0.00338282
-0.00175127
-0.0207123
-0.0042417
-5.31656e-05
6.64863e-06
2.01396e-05
0.000111457
-5.85858e-05
-3.79735e-05
0.00178023
-0.0161158
-0.00269574
0.00173511
-0.0123645
-0.00200534
0.00160771
-0.00867959
-0.0013321
0.00135043
-0.00547924
-0.000701075
0.000966597
-0.00281352
-0.000335355
0.000544646
-0.000956751
-7.40017e-05
-0.00254451
-0.0161026
-0.00355187
-0.00250349
-0.0123429
-0.00284731
-0.00233058
-0.00877605
-0.00218787
-0.00200479
-0.00530353
-0.00150292
-0.00156232
-0.00278477
-0.000923106
-0.000951914
-0.000971888
-0.000537432
0.00257177
-0.0169686
-0.00270481
0.00250881
-0.013187
-0.00203459
0.00234573
-0.00943018
-0.00141155
0.00198035
-0.00622742
-0.000896258
0.00145841
-0.00330708
-0.000468416
0.000867705
-0.000988777
-0.000286228
-0.00175612
-0.0169513
-0.00354284
-0.0017437
-0.0131502
-0.00281702
-0.0015923
-0.00949281
-0.00208405
-0.00136513
-0.0059998
-0.00137497
-0.00116364
-0.00319219
-0.0007732
-0.000653584
-0.0012354
-0.00030191
-0.000373694
-0.0198474
-0.00381211
0.000268261
-0.000394166
-3.17064e-05
0.00218143
-0.0202811
-0.00338305
-0.00059933
-0.000417847
-0.000280922
-0.00214006
-0.0202796
-0.00424263
1.17416e-06
4.65303e-05
-4.30271e-05
-0.000169176
-5.36264e-05
4.50514e-05
0.000159462
-3.23349e-05
4.14107e-05
0.000416587
-0.02071
-0.00381153
0.000419411
-0.000358712
-0.000257288
-0.000324417
-0.000465304
-5.41742e-05
3.28753e-05
2.0798e-05
-3.92027e-05
0.00178788
-0.0179891
-0.00303991
0.00176308
-0.0142385
-0.00234944
0.00168543
-0.0105162
-0.00166936
0.00157043
-0.00695454
-0.00101522
0.00114555
-0.00403786
-0.00051183
0.000777385
-0.00178395
-0.000200485
-0.00254521
-0.0179808
-0.0039013
-0.00253318
-0.0142219
-0.00319899
-0.00244687
-0.0105089
-0.00250147
-0.00219749
-0.00705186
-0.00186831
-0.00178584
-0.00398982
-0.00119702
-0.00129325
-0.00176186
-0.000694712
0.00257909
-0.018849
-0.00304485
0.0025506
-0.0150766
-0.00236751
0.00244508
-0.0113064
-0.00171892
0.00220822
-0.00769762
-0.00111946
0.00171137
-0.00466218
-0.000649612
0.00118679
-0.00211139
-0.000355572
-0.00175381
-0.0188409
-0.00389802
-0.00175153
-0.0150526
-0.00318061
-0.0017178
-0.011261
-0.00245387
-0.00147392
-0.00773804
-0.00172854
-0.00127607
-0.00454857
-0.0010683
-0.000999726
-0.0020181
-0.000514583
0.00216917
-0.0165453
-0.00269835
0.00211795
-0.0127857
-0.00201402
0.00198342
-0.00908742
-0.00136889
0.00164921
-0.00591881
-0.000783986
0.00120463
-0.00308403
-0.000374073
0.000760062
-0.000985391
-0.000136858
-0.00213252
-0.0165296
-0.00354472
-0.0020917
-0.0127574
-0.00282715
-0.00192745
-0.00914363
-0.00214825
-0.00164197
-0.00567878
-0.00140428
-0.00130101
-0.00303411
-0.000821504
-0.000759508
-0.00115255
-0.000411295
0.000409377
-0.0169583
-0.00312259
0.000377269
-0.0131624
-0.00242247
0.000333476
-0.00941261
-0.0017434
0.000305014
-0.00607715
-0.00115058
0.000132583
-0.00319628
-0.00061767
3.80615e-06
-0.00100927
-0.000265509
-0.000381216
-0.016106
-0.0031251
-0.000386101
-0.0123389
-0.00243254
-0.000360804
-0.00869516
-0.00173432
-0.000280385
-0.00531921
-0.00113011
-0.000284816
-0.00272829
-0.000624166
-0.000204555
-0.000846971
-0.000235396
-0.000124271
-0.000316494
-7.17224e-05
8.91738e-05
-0.000277441
-9.00808e-05
2.27745e-05
-0.0202802
-0.00381382
-0.000479947
-0.000439427
-0.000112042
3.74613e-06
4.492e-05
1.82396e-05
0.00042918
-0.000376592
-0.000106884
0.00217772
-0.0184213
-0.00304149
0.00215063
-0.0146618
-0.00235544
0.00205949
-0.0109227
-0.00168563
0.00189443
-0.00733873
-0.00105481
0.00140404
-0.00438954
-0.000549089
0.00099448
-0.0019652
-0.000243315
-0.00213881
-0.0184108
-0.00389889
-0.00211557
-0.0146414
-0.00318428
-0.00203866
-0.0109076
-0.00247339
-0.00177895
-0.0073813
-0.00176524
-0.00148596
-0.0043024
-0.00111308
-0.00107375
-0.0019509
-0.000576119
0.000417204
-0.0188454
-0.00346989
0.000394677
-0.0150565
-0.00277547
0.000353682
-0.0112676
-0.0020812
0.00035515
-0.00768575
-0.00140418
0.000205693
-0.0045599
-0.000851588
4.7596e-05
-0.00198542
-0.000429285
-0.000377548
-0.017984
-0.00347139
-0.000385072
-0.0142237
-0.00277542
-0.000381068
-0.0104899
-0.00208432
-0.000318681
-0.00699686
-0.00145137
-0.000305439
-0.00393998
-0.000863979
-0.000254701
-0.00168995
-0.000414262
0.000464719
-0.000613936
-0.000159754
0.0016835
-0.00829744
-0.00129244
