0.00208026
-0.0220577
-0.00281506
-0.0027174
-0.0220542
-0.0037001
-0.000159656
-8.65652e-05
-4.18576e-05
7.20794e-05
2.40724e-05
1.78697e-05
0.00275906
-0.0229391
-0.00281804
-0.00203532
-0.0229408
-0.00369616
-6.3641e-05
5.45425e-06
2.62384e-05
0.000118311
-6.20591e-05
-4.23844e-05
0.00206908
-0.017925
-0.00222547
0.00201745
-0.0137707
-0.00162956
0.00187241
-0.00968603
-0.00104628
0.0015787
-0.0061375
-0.000503233
0.00114179
-0.00316781
-0.000226847
0.000652232
-0.0010866
-3.42105e-05
-0.00271876
-0.0179101
-0.00310159
-0.00267681
-0.0137452
-0.00249351
-0.00249358
-0.00978889
-0.00193335
-0.00214383
-0.00593962
-0.00133111
-0.00167229
-0.00312924
-0.000835302
-0.00102117
-0.0010928
-0.000525502
0.00275112
-0.0187966
-0.00223529
0.00268329
-0.0146111
-0.00166177
0.00250831
-0.0104544
-0.00113381
0.00211639
-0.00689957
-0.00071783
0.00155211
-0.00366432
-0.000372369
0.000920068
-0.00109713
-0.000266142
-0.00204051
-0.0187783
-0.00309204
-0.00202447
-0.014573
-0.00246116
-0.00185403
-0.0105259
-0.00182056
-0.00159739
-0.00665457
-0.00119126
-0.0013587
-0.00354719
-0.000671688
-0.000771999
-0.00138424
-0.000273306
-0.000315768
-0.0220562
-0.0032568
0.000327694
-0.000450852
-1.61755e-05
0.00241602
-0.0224998
-0.00281833
-0.000645606
-0.000465142
-0.000283481
-0.00236777
-0.0224981
-0.00369724
1.43339e-05
5.33177e-05
-4.52477e-05
-0.000188294
-6.14489e-05
4.79861e-05
0.000176215
-3.79845e-05
4.27673e-05
0.000365356
-0.0229382
-0.00325616
0.000445847
-0.000397825
-0.000261962
-0.000387752
-0.000529421
-3.3242e-05
2.77318e-05
2.36159e-05
-3.93622e-05
0.00207758
-0.0199989
-0.00252206
0.00204979
-0.0158463
-0.00192677
0.00196074
-0.0117223
-0.00133973
0.00182567
-0.00777288
-0.000775042
0.0013468
-0.0045336
-0.000361467
0.000922909
-0.0020157
-0.000130581
-0.00271926
-0.0199896
-0.00340314
-0.00270742
-0.0158269
-0.00279719
-0.00261745
-0.011712
-0.00219608
-0.00235114
-0.00787546
-0.00165879
-0.00191021
-0.00447512
-0.0010681
-0.00138562
-0.00198329
-0.000646133
0.0027591
-0.020878
-0.00252749
0.00272826
-0.0167025
-0.00194631
0.00261533
-0.0125302
-0.00139424
0.00236222
-0.0085347
-0.000888781
0.00182352
-0.00516493
-0.000512076
0.00126132
-0.00233969
-0.000299795
-0.00203811
-0.0208695
-0.00339973
-0.00203437
-0.0166777
-0.00277755
-0.0019938
-0.0124834
-0.00214476
-0.00172125
-0.00858214
-0.00150671
-0.0014916
-0.00504819
-0.000927419
-0.00116637
-0.00224871
-0.000449812
0.00240247
-0.018364
-0.00222832
0.00234631
-0.0142015
-0.00164009
0.00219744
-0.0101052
-0.00108801
0.00182909
-0.0065896
-0.000594534
0.00133838
-0.00344028
-0.000271308
0.000847822
-0.00110278
-0.000106523
-0.00235974
-0.0183468
-0.00309417
-0.00231532
-0.0141707
-0.00247256
-0.00213626
-0.0101659
-0.00189108
-0.00182267
-0.00632703
-0.00122544
-0.00144793
-0.00338533
-0.000727353
-0.000851396
-0.00128502
-0.000392733
0.000357966
-0.0187855
-0.0026622
0.00032595
-0.0145852
-0.00205801
0.000282506
-0.0104365
-0.00147152
0.000258859
-0.0067354
-0.000971511
8.23517e-05
-0.00354629
-0.000518181
-4.12654e-05
-0.00112509
-0.000232551
-0.00032467
-0.017914
-0.00266463
-0.000333638
-0.0137414
-0.00206695
-0.000311896
-0.00970167
-0.00146063
-0.000232788
-0.00595832
-0.000947472
-0.000251063
-0.00306971
-0.000524053
-0.000181815
-0.000958142
-0.00020364
-0.00010745
-0.00035563
-6.12475e-05
7.43269e-05
-0.000311299
-7.38802e-05
2.63337e-05
-0.0224988
-0.00325872
-0.000540346
-0.000490172
-0.000104134
2.93836e-06
5.04426e-05
1.65798e-05
0.000479329
-0.000421167
-0.000103575
0.0024119
-0.0204409
-0.00252383
0.00238211
-0.0162788
-0.00193343
0.00228133
-0.012138
-0.00135829
0.00209933
-0.0081671
-0.000820152
0.00155828
-0.00489116
-0.000403774
0.00110637
-0.00219493
-0.000179578
-0.00236648
-0.0204294
-0.00340064
-0.00234109
-0.0162568
-0.00278203
-0.00225763
-0.0121216
-0.00216673
-0.00197289
-0.00821378
-0.00154759
-0.00165143
-0.00479612
-0.000978854
-0.00119789
-0.00217812
-0.000520499
0.000366239
-0.0208742
-0.00296198
0.000342636
-0.0166808
-0.00236272
0.000301948
-0.0124887
-0.00176375
0.000308917
-0.00852369
-0.00117612
0.000155879
-0.005056
-0.000712104
-3.15563e-06
-0.00220567
-0.000367034
-0.000320231
-0.0199932
-0.00296332
-0.00032976
-0.0158296
-0.00236286
-0.000330634
-0.0116923
-0.00176578
-0.000270122
-0.00781604
-0.00122651
-0.000265933
-0.00442297
-0.000723771
-0.000226775
-0.00190682
-0.000350332
0.000491835
-0.000685845
-0.000143766
0.00180623
-0.00920957
-0.00104173
