0.0023675
-0.0242323
-0.00224475
-0.00288707
-0.0242282
-0.00314577
-0.000172075
-9.34875e-05
-4.65258e-05
8.34602e-05
2.47093e-05
2.30111e-05
0.00293458
-0.0251291
-0.00224801
-0.00231683
-0.0251312
-0.00314149
-7.39835e-05
4.2625e-06
3.22874e-05
0.000124936
-6.53937e-05
-4.67291e-05
0.00235522
-0.0197058
-0.00175144
0.00229703
-0.0151545
-0.00125141
0.00213432
-0.010676
-0.000759239
0.00180444
-0.0067849
-0.000305195
0.00131492
-0.00351625
-0.000118585
0.000758535
-0.0012144
5.25684e-06
-0.00288872
-0.0196891
-0.00264375
-0.0028459
-0.0151249
-0.00213376
-0.00265255
-0.0107852
-0.00167438
-0.00227919
-0.00656508
-0.00115621
-0.00177926
-0.00346796
-0.000745624
-0.00108853
-0.00121171
-0.000512466
0.00292603
-0.0205924
-0.00176201
0.00285338
-0.0160091
-0.00128656
0.00266671
-0.0114589
-0.000854775
0.00224873
-0.00755806
-0.000538965
0.00164292
-0.00401371
-0.000276347
0.000970716
-0.00120279
-0.000245921
-0.00232233
-0.0205731
-0.00263368
-0.00230256
-0.0159699
-0.00209938
-0.00211311
-0.0115393
-0.00155273
-0.00182713
-0.007296
-0.00100462
-0.00155139
-0.00389467
-0.000568545
-0.000888943
-0.0015299
-0.000244035
-0.00025705
-0.0242306
-0.0026943
0.000386449
-0.000506668
-8.03711e-07
0.00264704
-0.0246822
-0.00224837
-0.000690666
-0.000511585
-0.000285432
-0.00259205
-0.0246804
-0.00314273
2.74507e-05
5.99859e-05
-4.74037e-05
-0.000207055
-6.91561e-05
5.08587e-05
0.00019262
-4.35373e-05
4.4021e-05
0.000313176
-0.0251282
-0.0026936
0.000471473
-0.000435864
-0.000266322
-0.000450298
-0.000592203
-1.21585e-05
2.25509e-05
2.6417e-05
-3.94565e-05
0.00236458
-0.0219773
-0.00199973
0.00233377
-0.0174286
-0.00150106
0.00223325
-0.0129089
-0.00100833
0.00207813
-0.00857764
-0.000534213
0.00154574
-0.00502113
-0.000211164
0.00106669
-0.00224368
-6.09839e-05
-0.00288902
-0.021967
-0.00289662
-0.00287741
-0.0174066
-0.00238864
-0.00278387
-0.0128956
-0.00188552
-0.00250089
-0.00868541
-0.00144548
-0.00203122
-0.0049523
-0.000936731
-0.00147546
-0.00220105
-0.00059613
0.00293467
-0.0228717
-0.00200565
0.00290149
-0.0182992
-0.00152206
0.00278128
-0.0137311
-0.00106776
0.00251223
-0.00935523
-0.000657331
0.00193233
-0.00565701
-0.000374402
0.00133349
-0.00256276
-0.000244039
-0.00231986
-0.0228628
-0.00289309
-0.0023146
-0.0182738
-0.00236775
-0.00226709
-0.0136831
-0.00183051
-0.00196599
-0.00940969
-0.00128124
-0.00170466
-0.00553743
-0.000784287
-0.00133088
-0.00247436
-0.00038393
0.00263219
-0.0201525
-0.00175454
0.00257111
-0.0155931
-0.00126381
0.00240798
-0.0111048
-0.000805912
0.00200589
-0.00724803
-0.000404788
0.00146969
-0.00378964
-0.000168746
0.000933975
-0.00121776
-7.64039e-05
-0.00258354
-0.0201338
-0.00263608
-0.00253553
-0.0155597
-0.00211206
-0.00234177
-0.0111701
-0.00162952
-0.00200035
-0.00696322
-0.00104366
-0.00159233
-0.00372978
-0.000631515
-0.000941699
-0.00141482
-0.000373307
0.000305626
-0.0205806
-0.00219616
0.000273787
-0.015982
-0.00168939
0.000230829
-0.0114407
-0.00119683
0.000212075
-0.00738019
-0.000790731
3.18706e-05
-0.00388869
-0.000417887
-8.62458e-05
-0.00123818
-0.00019925
-0.000267348
-0.0196937
-0.0021985
-0.000280461
-0.0151216
-0.00169718
-0.000262367
-0.0106917
-0.00118414
-0.000184679
-0.00658677
-0.000763187
-0.000216848
-0.00340546
-0.000423143
-0.000158766
-0.00106752
-0.000171633
-9.04586e-05
-0.000394105
-5.07392e-05
5.93732e-05
-0.000344237
-5.76156e-05
2.98171e-05
-0.0246811
-0.00269643
-0.00059972
-0.000539867
-9.59488e-05
2.14422e-06
5.58924e-05
1.48997e-05
0.000528569
-0.000464728
-0.000100288
0.00264252
-0.0224272
-0.00200168
0.00261002
-0.0178686
-0.00150837
0.00249964
-0.013332
-0.0010292
0.00230084
-0.00898039
-0.000584806
0.00170976
-0.00538328
-0.000258488
0.00121619
-0.00242011
-0.000116092
-0.00259071
-0.0224146
-0.00289404
-0.0025632
-0.0178449
-0.00237305
-0.00247324
-0.0133144
-0.00185495
-0.00216367
-0.00903118
-0.00132628
-0.00181408
-0.0052805
-0.000842335
-0.00131988
-0.00240086
-0.00046368
0.000314329
-0.0228677
-0.00244765
0.000289694
-0.0182759
-0.00194507
0.000249433
-0.0136871
-0.00144284
0.000261986
-0.00934512
-0.000945863
0.00010563
-0.00554165
-0.000571433
-5.39428e-05
-0.00242096
-0.000304246
-0.000262128
-0.021971
-0.00244881
-0.000273691
-0.0174101
-0.00194539
-0.000279522
-0.0128753
-0.00144378
-0.000221008
-0.00862163
-0.000999397
-0.000225912
-0.0048979
-0.000582374
-0.000198448
-0.00212012
-0.000285917
0.000518042
-0.00075606
-0.000127755
0.00192593
-0.0101043
-0.000789686
