0.00250999
-0.0253057
-0.00195793
-0.00297024
-0.0253013
-0.00286552
-0.000178165
-9.68838e-05
-4.88223e-05
8.90874e-05
2.50105e-05
2.55613e-05
0.00302062
-0.0262088
-0.00196133
-0.00245652
-0.026211
-0.00286107
-7.90987e-05
3.66826e-06
3.52899e-05
0.000128157
-6.70063e-05
-4.88736e-05
0.00249715
-0.0205848
-0.00151326
0.00243566
-0.0158372
-0.00106162
0.00226411
-0.0111642
-0.000615386
0.00191624
-0.00710414
-0.000206179
0.00140062
-0.00368804
-6.4583e-05
0.000811144
-0.00127744
2.4858e-05
-0.00297205
-0.0205672
-0.00241226
-0.00292881
-0.0158057
-0.00195186
-0.00273046
-0.0112765
-0.00154337
-0.00234544
-0.00687343
-0.00106769
-0.00183157
-0.00363493
-0.000700126
-0.00112145
-0.00127032
-0.000505534
0.00301177
-0.0214775
-0.0015242
0.00293673
-0.0166977
-0.00109824
0.00274428
-0.0119533
-0.000714897
0.00231344
-0.0078818
-0.000449442
0.00168719
-0.00418523
-0.000228379
0.00099536
-0.00125454
-0.000235761
-0.00246216
-0.0214577
-0.00240193
-0.0024405
-0.016658
-0.00191647
-0.00224154
-0.012038
-0.00141734
-0.00194095
-0.00761134
-0.000910297
-0.00164675
-0.00406537
-0.000516409
-0.000946797
-0.00160144
-0.000229161
-0.000227432
-0.0253039
-0.00241068
0.000415537
-0.000534204
6.81929e-06
0.00276113
-0.0257588
-0.00196173
-0.00071271
-0.000534449
-0.000286174
-0.00270283
-0.0257569
-0.00286238
3.39865e-05
6.32722e-05
-4.84557e-05
-0.00021629
-7.29612e-05
5.22696e-05
0.00020068
-4.62735e-05
4.46086e-05
0.000286761
-0.0262079
-0.00240994
0.000483962
-0.00045445
-0.000268375
-0.000481238
-0.000623051
-1.56956e-06
1.99483e-05
2.78099e-05
-3.94784e-05
0.00250694
-0.0229539
-0.00173714
0.00247461
-0.0182095
-0.00128728
0.00236834
-0.0134943
-0.000842126
0.00220321
-0.00897445
-0.000413656
0.00164424
-0.0052615
-0.000136092
0.00113785
-0.00235609
-2.63225e-05
-0.00297225
-0.022943
-0.00264053
-0.00296076
-0.0181861
-0.00218207
-0.00286548
-0.0134795
-0.00172848
-0.00257424
-0.00908478
-0.00133751
-0.00209041
-0.00518753
-0.000870199
-0.00151938
-0.00230839
-0.000570617
0.00302073
-0.0238545
-0.00174331
0.0029864
-0.0190859
-0.001309
0.00286258
-0.0143224
-0.000903999
0.00258566
-0.00975882
-0.000541417
0.00198543
-0.00589875
-0.000305567
0.00136864
-0.00267217
-0.000216184
-0.00245967
-0.0238454
-0.00263694
-0.00245361
-0.0190602
-0.00216055
-0.0024026
-0.0142737
-0.00167164
-0.00208728
-0.0098168
-0.00116726
-0.00181016
-0.00577787
-0.000711945
-0.00141224
-0.00258517
-0.0003506
0.00274563
-0.0210345
-0.00151648
0.00268209
-0.0162791
-0.00107497
0.00251186
-0.0115973
-0.000664527
0.00209305
-0.00757221
-0.000309881
0.00153435
-0.0039615
-0.000117577
0.000976396
-0.00127426
-6.14311e-05
-0.00269407
-0.0210151
-0.00240446
-0.00264427
-0.0162444
-0.00192979
-0.00244321
-0.0116648
-0.00149723
-0.00208798
-0.00727641
-0.000951759
-0.0016635
-0.00389924
-0.000583008
-0.000986204
-0.00147862
-0.000363276
0.000279137
-0.0214652
-0.00196126
0.000247417
-0.0166699
-0.0015037
0.000204752
-0.011935
-0.00105857
0.000188472
-0.00769715
-0.000699784
6.5597e-06
-0.00405682
-0.00036748
-0.00010868
-0.00129362
-0.000182481
-0.000238435
-0.020572
-0.00196356
-0.000253642
-0.0158025
-0.00151092
-0.000237402
-0.0111799
-0.00104498
-0.00016046
-0.00689661
-0.000670512
-0.000199587
-0.00357098
-0.000372431
-0.000147137
-0.00112146
-0.000155545
-8.19069e-05
-0.000413061
-4.54751e-05
5.18623e-05
-0.000360334
-4.9465e-05
3.15262e-05
-0.0257576
-0.00241291
-0.000628986
-0.000564282
-9.17553e-05
1.75261e-06
5.85873e-05
1.40526e-05
0.000552817
-0.000486094
-9.86479e-05
0.00275641
-0.0234069
-0.00173919
0.00272255
-0.0186525
-0.00129492
0.00260737
-0.0139205
-0.000864138
0.00240024
-0.00938091
-0.000466972
0.00178439
-0.00562547
-0.000185909
0.00127026
-0.00253084
-8.44634e-05
-0.00270147
-0.0233939
-0.0026379
-0.00267288
-0.018628
-0.00216628
-0.00257969
-0.0139022
-0.00169731
-0.00225778
-0.00943374
-0.00121436
-0.00189427
-0.00551887
-0.000773284
-0.00138
-0.0025104
-0.000434846
0.000288051
-0.0238504
-0.00218835
0.000262914
-0.0190618
-0.00173462
0.000222909
-0.0142771
-0.00128124
0.000238283
-0.00974918
-0.000830015
8.0365e-05
-0.00578026
-0.000500714
-7.93258e-05
-0.0025266
-0.000272674
-0.000232821
-0.0229472
-0.00218944
-0.000245411
-0.01819
-0.00173504
-0.000253747
-0.0134589
-0.00128163
-0.000196274
-0.00901885
-0.000885108
-0.000205733
-0.00513202
-0.000511291
-0.000184149
-0.00222528
-0.000253553
0.000530785
-0.000790478
-0.000119742
0.0019846
-0.0105447
-0.000663281
