0.00265166
-0.0263693
-0.00167015
-0.0030523
-0.0263646
-0.0025834
-0.00018417
-0.000100234
-5.10924e-05
9.4669e-05
2.53002e-05
2.80965e-05
0.00310548
-0.0272778
-0.0016737
-0.00259544
-0.0272802
-0.00257877
-8.41736e-05
3.07536e-06
3.8276e-05
0.000131315
-6.8581e-05
-5.0998e-05
0.00263824
-0.0214556
-0.00127442
0.00257344
-0.0165135
-0.000871457
0.00239304
-0.0116476
-0.000471373
0.00202727
-0.00742018
-0.000107204
0.00148568
-0.00385809
-1.06845e-05
0.000863358
-0.00133984
4.43669e-05
-0.00305426
-0.0214371
-0.00217921
-0.00301061
-0.0164799
-0.00176873
-0.0028073
-0.0117631
-0.00141143
-0.00241071
-0.00717865
-0.000978513
-0.00188305
-0.00380019
-0.000654212
-0.00115385
-0.00132832
-0.000498329
0.00309633
-0.0223534
-0.00128573
0.00301892
-0.0173789
-0.000909542
0.00282074
-0.012442
-0.000574842
0.00237716
-0.00820167
-0.000359894
0.00173066
-0.00435452
-0.000180454
0.00101953
-0.00130552
-0.000225567
-0.00260121
-0.0223331
-0.00216863
-0.00257763
-0.0173387
-0.00173233
-0.00236916
-0.0125312
-0.00128103
-0.002054
-0.00792289
-0.000815352
-0.00174139
-0.00423393
-0.000463925
-0.00100421
-0.00167207
-0.000214134
-0.000197664
-0.0263674
-0.00212564
0.000444415
-0.000561471
1.43995e-05
0.00287422
-0.0268251
-0.00167413
-0.000734413
-0.000557056
-0.000286759
-0.00281266
-0.0268232
-0.00258016
4.0504e-05
6.65252e-05
-4.94893e-05
-0.000225422
-7.67314e-05
5.36625e-05
0.000208641
-4.89811e-05
4.51699e-05
0.000260147
-0.0272769
-0.00212487
0.000496224
-0.000472735
-0.000270338
-0.000511939
-0.000653515
9.04533e-06
1.73387e-05
2.91969e-05
-3.94831e-05
0.00264848
-0.0239215
-0.00147376
0.00261461
-0.0189831
-0.00107297
0.00250258
-0.014074
-0.000675655
0.00232744
-0.0093673
-0.000293053
0.00174203
-0.00549944
-6.10986e-05
0.00120847
-0.00246736
8.23854e-06
-0.00305435
-0.0239101
-0.00238272
-0.00304299
-0.0189583
-0.00197411
-0.00294598
-0.0140577
-0.00157036
-0.00264656
-0.00948017
-0.00122874
-0.00214868
-0.00542037
-0.00080314
-0.0015626
-0.00241462
-0.000544776
0.00310563
-0.0248274
-0.00148017
0.00307014
-0.0198644
-0.00109543
0.00294274
-0.0149072
-0.000739964
0.00265802
-0.0101577
-0.000425423
0.00203763
-0.00613746
-0.000236757
0.00140314
-0.0027801
-0.000188349
-0.0025987
-0.0248181
-0.00237906
-0.00259184
-0.0198384
-0.00195197
-0.00253729
-0.014858
-0.00151169
-0.00220778
-0.0102192
-0.00105251
-0.00191491
-0.00601536
-0.000639126
-0.00149296
-0.00269456
-0.000317028
0.00285807
-0.021908
-0.00127777
0.00279207
-0.0169582
-0.000885741
0.00261476
-0.0120846
-0.000522982
0.00217934
-0.00789285
-0.000214987
0.00159831
-0.00413136
-6.64972e-05
0.00101835
-0.00133006
-4.65177e-05
-0.00280366
-0.0218878
-0.00217129
-0.00275207
-0.0169222
-0.0017463
-0.00254372
-0.0121543
-0.00136403
-0.00217474
-0.00758612
-0.000859233
-0.00173395
-0.00406674
-0.000534136
-0.00103025
-0.00154165
-0.000353038
0.000252452
-0.0223408
-0.00172526
0.000220871
-0.0173506
-0.00131721
0.00017853
-0.0124236
-0.000919769
0.000164741
-0.00801031
-0.000608508
-1.87855e-05
-0.00422279
-0.00031692
-0.000131066
-0.00134829
-0.00016564
-0.000209376
-0.0214422
-0.00172752
-0.000226689
-0.0164769
-0.00132385
-0.000212322
-0.0116634
-0.000905273
-0.000136147
-0.00720331
-0.000577524
-0.000182233
-0.0037348
-0.000321568
-0.000135443
-0.00117485
-0.000139407
-7.33217e-05
-0.000431812
-4.02052e-05
4.43315e-05
-0.000376172
-4.13048e-05
3.32118e-05
-0.0268239
-0.00212797
-0.000657955
-0.000588391
-8.74963e-05
1.36473e-06
6.12607e-05
1.3201e-05
0.000576801
-0.000507167
-9.70079e-05
0.0028693
-0.0243773
-0.0014759
0.00283408
-0.0194286
-0.00108095
0.00271412
-0.0145029
-0.000698818
0.00249868
-0.0097771
-0.00034908
0.00185823
-0.00586492
-0.000113399
0.00132373
-0.00264025
-5.29174e-05
-0.00281127
-0.0243637
-0.00238005
-0.00278162
-0.0194033
-0.00195811
-0.0026852
-0.014484
-0.0015386
-0.00235101
-0.00983198
-0.00110168
-0.00197366
-0.00575455
-0.000703742
-0.00143951
-0.00261864
-0.000405744
0.000261576
-0.0248232
-0.0019278
0.000235944
-0.0198396
-0.00152321
0.000196223
-0.0148606
-0.00111898
0.000214436
-0.0101486
-0.000713747
5.50202e-05
-0.0060159
-0.000429771
-0.000104689
-0.00263083
-0.000240995
-0.000203364
-0.0239145
-0.0019288
-0.000216988
-0.0189626
-0.00152374
-0.000227845
-0.0140368
-0.00111882
-0.000171438
-0.0094121
-0.000770388
-0.000185455
-0.00536377
-0.000439983
-0.000169769
-0.00232936
-0.000221095
0.000543279
-0.000824412
-0.000111724
0.00204245
-0.0109802
-0.000536675
