0.0029323
-0.0284655
-0.00109221
-0.00321294
-0.0284602
-0.0020141
-0.000195915
-0.000106791
-5.55502e-05
0.000105686
2.58447e-05
3.31181e-05
0.00327161
-0.0293821
-0.00109604
-0.00287076
-0.0293848
-0.00200911
-9.41936e-05
1.89425e-06
4.4194e-05
0.000137431
-7.16137e-05
-5.51817e-05
0.00291774
-0.0231714
-0.000795139
0.00284628
-0.0178455
-0.000490238
0.00264819
-0.0125993
-0.000183048
0.00224683
-0.00804212
9.05262e-05
0.00165378
-0.00419262
9.67618e-05
0.000966514
-0.00146264
8.31006e-05
-0.00321522
-0.0231511
-0.00170889
-0.00317077
-0.0178079
-0.0013991
-0.00295764
-0.0127209
-0.00114498
-0.00253818
-0.00777914
-0.00079834
-0.00198348
-0.00412524
-0.000561215
-0.00121701
-0.00144237
-0.000483111
0.00326185
-0.024077
-0.00080719
0.00317971
-0.0187184
-0.000531241
0.0029702
-0.0134021
-0.000294371
0.0025015
-0.00882929
-0.000180814
0.00181518
-0.00468614
-8.47658e-05
0.00106641
-0.0014051
-0.000205069
-0.00287677
-0.0240557
-0.0016978
-0.00284926
-0.0186772
-0.0013607
-0.00262181
-0.0135002
-0.00100595
-0.00227764
-0.00853414
-0.000623771
-0.00192838
-0.00456432
-0.000357994
-0.00111759
-0.00181048
-0.000183646
-0.00013774
-0.0284635
-0.00155183
0.000501489
-0.00061513
2.94315e-05
0.00309725
-0.0289254
-0.00109654
-0.000776757
-0.000601445
-0.000287457
-0.00302931
-0.0289234
-0.00201067
5.34747e-05
7.29273e-05
-5.14982e-05
-0.000243358
-8.41595e-05
5.63901e-05
0.000224249
-5.43056e-05
4.62131e-05
0.000206375
-0.0293811
-0.00155098
0.000520043
-0.000508365
-0.000273981
-0.000572571
-0.00071324
3.03358e-05
1.21008e-05
3.19501e-05
-3.94394e-05
0.00292887
-0.0258282
-0.000944986
0.0028919
-0.0205071
-0.000643137
0.0027683
-0.0152156
-0.000342141
0.0025732
-0.0101404
-5.18452e-05
0.00193534
-0.00596756
8.85841e-05
0.00134799
-0.00268627
7.70398e-05
-0.0032151
-0.0258158
-0.00186244
-0.003204
-0.0204795
-0.0015544
-0.00310357
-0.0151962
-0.00125118
-0.00278795
-0.0102583
-0.00100899
-0.00226241
-0.00587839
-0.000667552
-0.00164689
-0.00262357
-0.000492149
0.00327181
-0.0267421
-0.00095189
0.00323401
-0.0213956
-0.000667037
0.00309953
-0.0160565
-0.000411294
0.00279941
-0.0109409
-0.000193334
0.00213922
-0.00660544
-9.92743e-05
0.00147014
-0.00299132
-0.000132753
-0.00287423
-0.0267325
-0.00185867
-0.0028657
-0.0213691
-0.00153101
-0.00280401
-0.0160063
-0.00118888
-0.00244623
-0.0110094
-0.000820937
-0.002122
-0.0064811
-0.000492177
-0.00165235
-0.00290891
-0.000249213
0.00307979
-0.0236278
-0.000798733
0.00300889
-0.0182947
-0.000506411
0.00281747
-0.0130427
-0.000239584
0.00234915
-0.00852289
-2.53377e-05
0.00172403
-0.0044648
3.53557e-05
0.0011008
-0.00143944
-1.68689e-05
-0.00301983
-0.0236061
-0.00170074
-0.00296465
-0.0182561
-0.00137597
-0.00274183
-0.013117
-0.0010951
-0.00234558
-0.00819457
-0.000672473
-0.00187255
-0.00439555
-0.000435374
-0.00111689
-0.00166525
-0.000331954
0.000198552
-0.0240636
-0.00125034
0.000167298
-0.0186889
-0.000942104
0.000125698
-0.0133836
-0.000640753
0.000116937
-0.00862466
-0.000425103
-6.95399e-05
-0.00454797
-0.000215404
-0.000175659
-0.00145521
-0.000131754
-0.000150881
-0.0231567
-0.00125251
-0.000172441
-0.0178053
-0.000947576
-0.000161864
-0.012615
-0.00062446
-8.72862e-05
-0.00780673
-0.000390743
-0.000147282
-0.00405703
-0.000219453
-0.000111882
-0.00127986
-0.000106992
-5.60612e-05
-0.000468652
-2.96506e-05
2.92191e-05
-0.000407042
-2.49629e-05
3.65065e-05
-0.0289241
-0.00155437
-0.000714945
-0.000635638
-7.87895e-05
6.0016e-07
6.65386e-05
1.14853e-05
0.000623931
-0.000548391
-9.37173e-05
0.00309193
-0.0262882
-0.000947307
0.00305399
-0.0209565
-0.000651778
0.00292448
-0.0156486
-0.000367603
0.00269256
-0.0105558
-0.000113252
0.00200344
-0.00633517
3.13509e-05
0.00142881
-0.00285491
9.91014e-06
-0.00302788
-0.0262736
-0.00185969
-0.00299609
-0.0209295
-0.00153801
-0.00289323
-0.0156285
-0.00121827
-0.00253464
-0.0106148
-0.000874187
-0.00212991
-0.0062174
-0.000563309
-0.00155656
-0.00283103
-0.000346781
0.000208084
-0.0267377
-0.00140336
0.00018149
-0.0213693
-0.00109789
0.000142413
-0.0160075
-0.000792689
0.000166351
-0.0109327
-0.00048012
4.13061e-06
-0.00647788
-0.000287307
-0.000155318
-0.0028349
-0.000177352
-0.00014407
-0.0258206
-0.00140419
-0.000159777
-0.0204847
-0.0010986
-0.000175716
-0.0151747
-0.00079143
-0.000121507
-0.010186
-0.000539822
-0.000144638
-0.00581964
-0.000296787
-0.000140785
-0.00253409
-0.000155938
0.000567491
-0.000890757
-9.5672e-05
0.00215562
-0.0118355
-0.00028302
