0.00307117
-0.0294972
-0.000802277
-0.00329149
-0.0294916
-0.00172722
-0.000201649
-0.000109994
-5.77362e-05
0.000111117
2.60995e-05
3.56027e-05
0.00335281
-0.0304166
-0.000806239
-0.00300705
-0.0304196
-0.00172205
-9.91348e-05
1.30627e-06
4.71236e-05
0.000140387
-7.30704e-05
-5.72388e-05
0.00305603
-0.0240157
-0.000554873
0.00298122
-0.0185006
-0.000299314
0.00277429
-0.0130671
-3.88195e-05
0.00235528
-0.00834772
0.000189234
0.00173674
-0.00435694
0.000150292
0.00101741
-0.00152295
0.000102324
-0.00329392
-0.0239945
-0.00147186
-0.00324909
-0.0184611
-0.0012128
-0.00303111
-0.0131917
-0.00101061
-0.00260034
-0.00807412
-0.000707427
-0.00203239
-0.00428487
-0.000514174
-0.00124774
-0.00149835
-0.000475102
0.00334276
-0.0249239
-0.000567293
0.00325826
-0.0193761
-0.00034177
0.00304315
-0.0138731
-0.000154039
0.00256207
-0.00913679
-9.13233e-05
0.00185618
-0.00484834
-3.7016e-05
0.00108909
-0.00145367
-0.000194759
-0.00301318
-0.0249022
-0.00146052
-0.00298367
-0.0193345
-0.0011734
-0.00274673
-0.0139756
-0.000867298
-0.00238814
-0.00883359
-0.000527221
-0.00202065
-0.00472603
-0.000304593
-0.00117352
-0.0018782
-0.000168196
-0.000107619
-0.0294952
-0.00126333
0.000529662
-0.000641492
3.6884e-05
0.00320712
-0.0299586
-0.000806771
-0.000797377
-0.000623201
-0.000287569
-0.00313606
-0.0299565
-0.0017237
5.99234e-05
7.60746e-05
-5.24721e-05
-0.000252155
-8.78138e-05
5.7723e-05
0.000231889
-5.69203e-05
4.66951e-05
0.000179246
-0.0304157
-0.00126244
0.000531586
-0.000525697
-0.000275652
-0.000602477
-0.000742478
4.10024e-05
9.47393e-06
3.3315e-05
-3.93905e-05
0.00306761
-0.0267666
-0.000679807
0.00302908
-0.0212568
-0.000427753
0.00289969
-0.0157769
-0.000175202
0.00269462
-0.0105203
6.86962e-05
0.00203077
-0.00619753
0.000163243
0.00141683
-0.00279379
0.000111273
-0.0032937
-0.0267537
-0.00160025
-0.00328274
-0.0212279
-0.00134286
-0.00318063
-0.0157561
-0.00109027
-0.00285698
-0.0106406
-0.000898106
-0.00231782
-0.00610336
-0.000599085
-0.00168791
-0.00272617
-0.000465386
0.00335304
-0.0276833
-0.000686956
0.00331409
-0.0221477
-0.000452376
0.00317611
-0.0166206
-0.000246763
0.00286839
-0.0113248
-7.72996e-05
0.00218859
-0.00683451
-3.06284e-05
0.0015026
-0.00309452
-0.000104992
-0.00301063
-0.0276735
-0.00159641
-0.00300124
-0.022121
-0.00131886
-0.00293595
-0.0165699
-0.00102618
-0.00256409
-0.0113968
-0.000704211
-0.00222425
-0.00670916
-0.000418111
-0.00173095
-0.00301378
-0.000214998
0.003189
-0.0244734
-0.000558589
0.00311565
-0.0189514
-0.000316433
0.00291721
-0.0135132
-9.78144e-05
0.00243262
-0.00883204
6.93735e-05
0.00178573
-0.00462821
8.61141e-05
0.00114126
-0.00149297
-2.13126e-06
-0.00312633
-0.024451
-0.0014636
-0.00306937
-0.0189117
-0.00118933
-0.00283936
-0.0135897
-0.000959503
-0.00242958
-0.00849305
-0.000578324
-0.00194065
-0.00455672
-0.000385526
-0.00115945
-0.00172576
-0.000321117
0.000171364
-0.0249102
-0.00101163
0.000140298
-0.019346
-0.000753644
9.91117e-05
-0.0138544
-0.000500647
9.28849e-05
-0.00892562
-0.000333037
-9.49294e-05
-0.00470705
-0.000164478
-0.00019785
-0.00150741
-0.000114719
-0.000121478
-0.0240004
-0.00101375
-0.000145176
-0.0184586
-0.000758531
-0.000136513
-0.0130828
-0.000483459
-6.27612e-05
-0.00810317
-0.000297013
-0.0001297
-0.00421528
-0.00016823
-0.000100022
-0.00133142
-9.07216e-05
-4.73914e-05
-0.000486718
-2.43666e-05
2.16415e-05
-0.000422063
-1.67844e-05
3.81134e-05
-0.0299573
-0.00126597
-0.000742942
-0.000658752
-7.43458e-05
2.23359e-07
6.91408e-05
1.06215e-05
0.000647056
-0.000568523
-9.20605e-05
0.00320159
-0.0272281
-0.000682218
0.00316229
-0.0217075
-0.000436729
0.00302802
-0.0162115
-0.000201812
0.00278791
-0.010938
4.62155e-06
0.00207475
-0.00656576
0.000103563
0.00148037
-0.00296005
4.11872e-05
-0.00313461
-0.0272129
-0.00159746
-0.00310175
-0.0216798
-0.00132629
-0.00299569
-0.0161908
-0.0010568
-0.00262497
-0.010999
-0.000759489
-0.00220672
-0.00644436
-0.000492478
-0.00161406
-0.00293507
-0.000316946
0.000181098
-0.0276788
-0.00113972
0.000154033
-0.0221207
-0.000884148
0.000115314
-0.0165704
-0.000628799
0.000142135
-0.0113171
-0.000362847
-2.13933e-05
-0.00670404
-0.000215831
-0.000180565
-0.00293464
-0.000145404
-0.000114264
-0.0267587
-0.00114046
-0.000131021
-0.0212336
-0.000884963
-0.000149517
-0.0157342
-0.000626989
-9.64369e-05
-0.0105662
-0.000424061
-0.000124119
-0.00604356
-0.000224944
-0.000126194
-0.00263462
-0.000123255
0.000579197
-0.000923141
-8.7635e-05
0.0022109
-0.0122552
-0.000156048
