0.00810858
-0.068872
0.0030543
-0.00696553
-0.068845
0.00281602
-0.000423768
-0.000232061
-0.00012077
0.000248384
4.83895e-05
8.32927e-05
0.00729757
-0.0690923
0.00304523
-0.00777704
-0.069105
0.00283251
-0.000220003
5.07261e-06
0.000113819
0.000281605
-0.000133498
-0.000137432
0.00805065
-0.0558524
0.00237191
0.00777565
-0.0426982
0.00176737
0.00708814
-0.0297729
0.00136392
0.00587933
-0.0188443
0.00100407
0.00419186
-0.00970837
0.00036525
0.00238432
-0.00337174
8.39299e-05
-0.00698322
-0.0557757
0.00211374
-0.00691756
-0.0425501
0.00137249
-0.00643239
-0.0300684
0.000542552
-0.00542696
-0.0181066
0.000217845
-0.00419693
-0.00950813
-0.000251061
-0.00256495
-0.00329381
-0.000754181
0.00726925
-0.0560675
0.0023363
0.00705182
-0.0429498
0.00164311
0.00653939
-0.0300864
0.00104807
0.0054084
-0.0193077
0.0002859
0.00378685
-0.00982843
-8.31732e-05
0.00221845
-0.00271679
-0.000551463
-0.00778396
-0.0560253
0.00213732
-0.00763286
-0.0428966
0.0014645
-0.00691149
-0.0304155
0.000892392
-0.0058761
-0.0186049
0.000658552
-0.00477733
-0.00968902
0.000228294
-0.00270378
-0.00372912
-0.000106936
0.000575431
-0.0688623
0.00294373
0.00122953
-0.00141106
-5.07805e-06
0.00769109
-0.0689851
0.00304229
-0.00164684
-0.00134436
-0.000510317
-0.00732043
-0.0689773
0.00282489
0.000174179
0.000162129
-0.000118573
-0.000543408
-0.000194897
0.000132658
0.000489153
-0.000116928
7.08709e-05
-0.000214507
-0.0690905
0.00294752
0.0011031
-0.000918137
-0.000672903
-0.00135989
-0.00142213
0.000207663
1.42496e-06
9.35676e-05
-8.02857e-05
0.00809501
-0.0623956
0.00270998
0.00795185
-0.0492771
0.00205281
0.00749413
-0.0362128
0.00151759
0.00680936
-0.0237881
0.00111121
0.004984
-0.0138864
0.000619657
0.00336419
-0.00619834
0.000146422
-0.00697349
-0.0623475
0.00247714
-0.00697568
-0.0491697
0.00173497
-0.00677787
-0.0361178
0.0010021
-0.00602523
-0.0240653
0.000266508
-0.00480078
-0.0136204
-2.57555e-05
-0.00347815
-0.00601833
-0.00047608
0.00729914
-0.0626132
0.00268822
0.00719398
-0.0494869
0.00198301
0.00686163
-0.0364872
0.0013161
0.00613796
-0.0242357
0.000737995
0.00450467
-0.0141335
0.000141264
0.0030553
-0.00611596
-0.000348045
-0.00778448
-0.062595
0.0024837
-0.00771672
-0.049459
0.00179217
-0.0074521
-0.0364223
0.00115896
-0.0063845
-0.0244663
0.000736762
-0.0053681
-0.013966
0.000399519
-0.00400931
-0.00606673
8.54486e-05
0.00763197
-0.0559656
0.00236038
0.00741425
-0.0428607
0.00169986
0.00684323
-0.030026
0.00117341
0.00558682
-0.0192849
0.000692387
0.00397731
-0.00981529
0.000177789
0.00250817
-0.00303658
-0.000185903
-0.00730048
-0.0558972
0.00212645
-0.00715163
-0.0427424
0.00141269
-0.00655535
-0.0302328
0.000651315
-0.00549416
-0.0184286
0.000502284
-0.00432477
-0.00966057
8.56509e-06
-0.0025468
-0.00356465
-0.000449942
-0.000227171
-0.0560367
0.00224732
-0.000258175
-0.0428978
0.00156845
-0.000286944
-0.0300692
0.00100382
-0.000231574
-0.0187926
0.000413055
-0.000528892
-0.009569
9.56509e-05
-0.00059428
-0.00287068
-0.000149402
0.000517142
-0.0557987
0.00224818
0.00037647
-0.0425546
0.00158454
0.000292797
-0.0297945
0.00106738
0.000375536
-0.0181968
0.000500057
5.89365e-05
-0.00935981
8.96053e-05
-2.49261e-05
-0.00293658
-0.000139738
1.12678e-05
-0.00105649
-8.12546e-05
-1.79774e-05
-0.000697159
-3.21798e-05
0.000189955
-0.0689802
0.00293608
-0.00162805
-0.00133339
-7.88365e-05
1.10204e-05
0.000168058
9.56108e-06
0.00141806
-0.001093
-0.000328484
0.00767325
-0.0625117
0.0027035
0.00755069
-0.0493912
0.00202182
0.00715202
-0.0363701
0.00142838
0.00649399
-0.024046
0.000928569
0.00467929
-0.0141218
0.000443744
0.00326719
-0.00618028
-5.04529e-05
-0.00731845
-0.0624626
0.00248086
-0.00723216
-0.0493172
0.00176096
-0.00696271
-0.0363151
0.00106393
-0.00598948
-0.0242161
0.000589216
-0.0049551
-0.0138353
0.000189591
-0.00357508
-0.00613101
-0.000178692
-0.000205231
-0.0626039
0.00259216
-0.000261861
-0.0494229
0.00190567
-0.00029159
-0.0363835
0.00126073
-0.000145058
-0.0242492
0.000821917
-0.000439461
-0.0138821
0.000290466
-0.000638068
-0.00582115
-8.6888e-05
0.000549309
-0.0623649
0.00259555
0.000468828
-0.049199
0.0019049
0.000318158
-0.0360768
0.00128728
0.000336415
-0.023887
0.000679665
0.000152221
-0.0134929
0.000280729
-1.01126e-05
-0.00582459
-4.73428e-05
0.00118491
-0.0017399
-0.000293237
0.00479792
-0.0266096
0.000946441
