0.00320899
-0.0305175
-0.000511849
-0.00336883
-0.0305116
-0.00143906
-0.000207287
-0.000113145
-5.98928e-05
0.000116494
2.63426e-05
3.80689e-05
0.00343275
-0.0314389
-0.000515946
-0.00314235
-0.031442
-0.00143371
-0.000104028
7.20103e-07
5.0032e-05
0.000143272
-7.44864e-05
-5.92711e-05
0.00319327
-0.0248505
-0.000314305
0.00311511
-0.0191482
-0.00010826
0.00289934
-0.0135292
0.000105398
0.00246277
-0.00864955
0.000287808
0.00181893
-0.00451919
0.000203685
0.00106783
-0.00158252
0.000121452
-0.00337142
-0.0248284
-0.00123375
-0.0033262
-0.0191067
-0.00102563
-0.0031034
-0.0136569
-0.000875562
-0.00266143
-0.00836541
-0.00061602
-0.00208039
-0.00444248
-0.000466798
-0.00127789
-0.00155361
-0.000466833
0.00342239
-0.0257605
-0.000327094
0.00333555
-0.0200254
-0.000152167
0.00311488
-0.0143377
-1.36945e-05
0.00262155
-0.00943994
-1.88987e-06
0.00189633
-0.00500804
1.06643e-05
0.00111126
-0.00150139
-0.000184406
-0.00314858
-0.0257384
-0.00122215
-0.00311706
-0.0199835
-0.000985241
-0.00287066
-0.0144447
-0.000727999
-0.0024977
-0.00912878
-0.000430225
-0.00211205
-0.00488533
-0.000250934
-0.00122892
-0.00194491
-0.00015262
-7.74129e-05
-0.0305154
-0.000973932
0.000557577
-0.000667525
4.42953e-05
0.00331583
-0.03098
-0.000516514
-0.000817617
-0.000644649
-0.000287522
-0.00324171
-0.0309778
-0.00143544
6.63448e-05
7.9185e-05
-5.34244e-05
-0.000260833
-9.14262e-05
5.9034e-05
0.000239415
-5.95021e-05
4.71508e-05
0.000151976
-0.0314379
-0.000973012
0.000542876
-0.0005427
-0.000277217
-0.000632094
-0.000771285
5.1677e-05
6.84256e-06
3.46708e-05
-3.93233e-05
0.00320531
-0.0276946
-0.000414232
0.0031652
-0.0219981
-0.000212157
0.00303001
-0.0163316
-8.20784e-06
0.00281501
-0.0108955
0.000189156
0.00212534
-0.00642462
0.000237762
0.00148502
-0.00289996
0.000145391
-0.00337109
-0.0276811
-0.00133688
-0.00336026
-0.0219678
-0.00113036
-0.00325648
-0.0163093
-0.000928604
-0.00292487
-0.0110183
-0.000786628
-0.00237223
-0.0063255
-0.000530211
-0.00172817
-0.00282746
-0.000438341
0.003433
-0.0286131
-0.000421626
0.00339291
-0.0228906
-0.000237501
0.00325144
-0.0171773
-8.2166e-05
0.00293619
-0.0117034
3.86907e-05
0.00223696
-0.00706018
3.79387e-05
0.00153435
-0.00319607
-7.72572e-05
-0.00314604
-0.0286032
-0.00133298
-0.00313577
-0.0228637
-0.00110573
-0.00306686
-0.0171262
-0.000862719
-0.00268098
-0.0117789
-0.000586934
-0.0023256
-0.0069339
-0.000343696
-0.00180878
-0.00311705
-0.000180598
0.00329705
-0.0253092
-0.000318144
0.00322125
-0.0196003
-0.000126327
0.00301583
-0.0139777
4.39508e-05
0.00251508
-0.00913709
0.000163982
0.00184663
-0.00478934
0.000136753
0.00118118
-0.0015457
1.25512e-05
-0.00323174
-0.025286
-0.00122537
-0.00317299
-0.0195592
-0.00100182
-0.00293581
-0.0140565
-0.000823241
-0.0025126
-0.00878754
-0.00048372
-0.00200792
-0.00471563
-0.000335397
-0.00120148
-0.00178539
-0.000310089
0.000144037
-0.0257464
-0.000772224
0.000113174
-0.0199949
-0.000564684
7.24281e-05
-0.014319
-0.000360213
6.87479e-05
-0.00922227
-0.000240771
-0.000120314
-0.0048637
-0.000113459
-0.000219961
-0.00155876
-9.76255e-05
-9.19945e-05
-0.0248346
-0.000774308
-0.000117836
-0.0191044
-0.000568985
-0.000111098
-0.013545
-0.000342133
-3.81887e-05
-0.00839592
-0.000203098
-0.000112056
-0.00437151
-0.000116917
-8.8115e-05
-0.00138232
-7.44135e-05
-3.86987e-05
-0.000504533
-1.90783e-05
1.40524e-05
-0.000436802
-8.60282e-06
3.96918e-05
-0.0309786
-0.000976674
-0.000770593
-0.000681513
-6.9845e-05
-1.49923e-07
7.1717e-05
9.75378e-06
0.000669874
-0.000588323
-9.03914e-05
0.00331009
-0.028157
-0.000416733
0.00326943
-0.0224497
-0.000221468
0.00313041
-0.0167673
-3.59653e-05
0.00288217
-0.0113152
0.000122429
0.00214515
-0.00679321
0.000175649
0.00153125
-0.00306368
7.23719e-05
-0.00324024
-0.0281414
-0.00133405
-0.0032063
-0.0224211
-0.0011136
-0.00309705
-0.016746
-0.00089458
-0.00271428
-0.0113783
-0.000644229
-0.00228259
-0.00666822
-0.000421281
-0.00167084
-0.00303762
-0.000286891
0.00015397
-0.0286085
-0.000875288
0.000126442
-0.0228628
-0.000669813
8.81025e-05
-0.0171259
-0.000464496
0.000117818
-0.0116963
-0.000245324
-4.69556e-05
-0.00692686
-0.000144224
-0.000205755
-0.00303281
-0.000113384
-8.43758e-05
-0.0276863
-0.000875944
-0.000102185
-0.0219738
-0.000670727
-0.000123246
-0.0162872
-0.000462136
-7.13129e-05
-0.0109418
-0.000308037
-0.000103538
-0.00626465
-0.000152969
-0.000111544
-0.00273387
-9.05127e-05
0.000590629
-0.000954983
-7.95886e-05
0.00226528
-0.0126692
-2.90285e-05
