0.00334572
-0.031526
-0.000221042
-0.00344493
-0.0315197
-0.00114976
-0.000212827
-0.000116241
-6.20192e-05
0.000121815
2.65741e-05
4.05158e-05
0.00351139
-0.0324486
-0.000225273
-0.00327661
-0.0324519
-0.00114424
-0.00010887
1.35804e-07
5.29181e-05
0.000146086
-7.58615e-05
-6.12776e-05
0.0033294
-0.0256754
-7.35206e-05
0.00324788
-0.0197879
8.28617e-05
0.0030233
-0.0139855
0.000249567
0.00256927
-0.0089475
0.000386227
0.00190031
-0.00467929
0.000256933
0.00111775
-0.00164129
0.000140484
-0.00344767
-0.0256524
-0.000994692
-0.00340208
-0.0197444
-0.000837689
-0.00317448
-0.0141162
-0.0007399
-0.00272141
-0.0086529
-0.000524164
-0.00212747
-0.00459798
-0.000419111
-0.00130744
-0.00160811
-0.000458307
0.00350073
-0.0265866
-8.66776e-05
0.00341156
-0.0206663
3.75107e-05
0.00318538
-0.0147959
0.000126625
0.00267992
-0.00973862
8.74697e-05
0.0019356
-0.00516521
5.82715e-05
0.00113289
-0.00154826
-0.000174005
-0.00328294
-0.026564
-0.000982836
-0.00324938
-0.0206239
-0.000796308
-0.00299353
-0.0149073
-0.000588118
-0.00260627
-0.00941959
-0.000332828
-0.00220256
-0.00504216
-0.000197041
-0.00128375
-0.00201057
-0.000136923
-4.71398e-05
-0.0315237
-0.000683783
0.000585224
-0.000693216
5.16665e-05
0.00342334
-0.0319891
-0.000225877
-0.000837469
-0.000665778
-0.000287318
-0.00334621
-0.0319868
-0.00114605
7.27369e-05
8.22578e-05
-5.43545e-05
-0.000269387
-9.49949e-05
6.03221e-05
0.000246824
-6.20501e-05
4.75805e-05
0.000124579
-0.0324476
-0.000682824
0.000553908
-0.000559371
-0.000278672
-0.000661413
-0.000799655
6.23545e-05
4.20734e-06
3.60169e-05
-3.92374e-05
0.00334189
-0.0286116
-0.00014836
0.00330021
-0.0227304
3.57808e-06
0.00315923
-0.0168795
0.000158793
0.00293432
-0.0112659
0.000309506
0.002219
-0.00664873
0.00031213
0.00155254
-0.00300471
0.000179393
-0.00344723
-0.0285976
-0.00107246
-0.00343655
-0.0226987
-0.000916988
-0.00333111
-0.0168557
-0.000766248
-0.0029916
-0.0113912
-0.00067461
-0.00242562
-0.0065447
-0.000460963
-0.00176764
-0.00292739
-0.000411024
0.00351167
-0.0295314
-0.000155999
0.00347043
-0.0236238
-2.24845e-05
0.0033255
-0.0177266
8.24487e-05
0.0030028
-0.0120766
0.00015461
0.00228434
-0.00728239
0.000106417
0.00156539
-0.00329593
-4.95463e-05
-0.0032804
-0.0295212
-0.00106849
-0.00326924
-0.0235967
-0.000891736
-0.00319669
-0.0176751
-0.000698579
-0.00279684
-0.0121556
-0.000469162
-0.00242599
-0.00715525
-0.000268966
-0.00188581
-0.0032187
-0.000146029
0.0034039
-0.0261347
-7.74818e-05
0.00332566
-0.0202409
6.38477e-05
0.00311327
-0.0144361
0.000185674
0.0025965
-0.00943794
0.000258469
0.00190671
-0.00494811
0.000187267
0.00122055
-0.0015976
2.71812e-05
-0.00333601
-0.0261108
-0.000986198
-0.00327546
-0.0201986
-0.000813544
-0.00303115
-0.0145171
-0.000686381
-0.00259459
-0.00907792
-0.000388706
-0.00207432
-0.00487223
-0.00028501
-0.00124296
-0.0018441
-0.000298877
0.000116587
-0.0265721
-0.000532235
8.59395e-05
-0.0206351
-0.000375302
4.56598e-05
-0.0147772
-0.000219504
4.45371e-05
-0.00951453
-0.000148336
-0.000145683
-0.00501788
-6.23625e-05
-0.000241984
-0.00160923
-8.04789e-05
-6.24456e-05
-0.0256589
-0.000534275
-9.04355e-05
-0.0197423
-0.000379015
-8.56297e-05
-0.0140013
-0.000200535
-1.35804e-05
-0.00868484
-0.000109032
-9.43577e-05
-0.00452567
-6.55271e-05
-7.61649e-05
-0.00143253
-5.80705e-05
-2.99857e-05
-0.000522089
-1.37858e-05
6.45371e-06
-0.000451256
-4.19476e-07
4.12408e-05
-0.0319876
-0.000686626
-0.000797885
-0.000703912
-6.52897e-05
-5.19837e-07
7.4266e-05
8.8824e-06
0.000692376
-0.000607786
-8.87065e-05
0.0034174
-0.0290748
-0.00015095
0.00337538
-0.0231826
-6.06784e-06
0.00323161
-0.017316
0.00012989
0.00297529
-0.0116873
0.000240145
0.00221463
-0.00701742
0.0002476
0.00158142
-0.00316575
0.000103464
-0.00334472
-0.0290586
-0.00106959
-0.00330972
-0.0231532
-0.000900048
-0.00319728
-0.0172941
-0.000731678
-0.00280252
-0.0117524
-0.000528463
-0.00235752
-0.0068889
-0.00034975
-0.00172689
-0.00313865
-0.000256632
0.000126716
-0.0295267
-0.000610184
9.87319e-05
-0.0235954
-0.000454975
6.07931e-05
-0.017674
-0.000299848
9.34111e-05
-0.01207
-0.000127595
-7.25451e-05
-0.00714628
-7.25076e-05
-0.000230878
-0.00312937
-8.12979e-05
-5.44211e-05
-0.0286031
-0.000610754
-7.32859e-05
-0.0227052
-0.000455988
-9.69179e-05
-0.0168332
-0.000296938
-4.6147e-05
-0.0113126
-0.000191793
-8.29063e-05
-0.00648282
-8.08832e-05
-9.684e-05
-0.00283179
-5.77197e-05
0.00060178
-0.000986274
-7.15306e-05
0.00231875
-0.0130774
9.80036e-05
