0.00348127
-0.0325221
7.00323e-05
-0.00351976
-0.0325156
-0.0008595
-0.000218266
-0.000119283
-6.41149e-05
0.000127077
2.67938e-05
4.29428e-05
0.00358871
-0.0334453
6.56682e-05
-0.00340976
-0.0334487
-0.00085379
-0.000113661
-4.46609e-07
5.57808e-05
0.000148827
-7.71954e-05
-6.32573e-05
0.00346437
-0.0264901
0.000167396
0.00337948
-0.0204195
0.000273994
0.0031461
-0.0144358
0.000393649
0.00267473
-0.00924142
0.000484473
0.00198087
-0.00483717
0.000310033
0.00116716
-0.00169925
0.000159424
-0.00352266
-0.0264662
-0.000754804
-0.00347669
-0.020374
-0.000649071
-0.00324435
-0.0145695
-0.000603695
-0.00278027
-0.00893644
-0.000431903
-0.00217361
-0.00475132
-0.000371134
-0.00133639
-0.00166183
-0.00044953
0.00357774
-0.0274017
0.000153872
0.00348625
-0.0212983
0.000227204
0.0032546
-0.0152474
0.000266884
0.00273715
-0.0100327
0.00017674
0.00197398
-0.00531978
0.000105803
0.00115399
-0.00159427
-0.000163552
-0.00341619
-0.0273786
-0.000742692
-0.00338057
-0.0212556
-0.000606705
-0.0031153
-0.0153632
-0.000447727
-0.00271381
-0.00970594
-0.000235079
-0.00229213
-0.00519648
-0.000142939
-0.00133801
-0.00207518
-0.000121113
-1.68167e-05
-0.0325198
-0.000393015
0.000612593
-0.000718551
5.89991e-05
0.0035296
-0.0329855
6.50275e-05
-0.000856923
-0.000686577
-0.000286958
-0.00344953
-0.0329832
-0.000855694
7.90977e-05
8.52923e-05
-5.52615e-05
-0.000277816
-9.85186e-05
6.15863e-05
0.000254114
-6.45636e-05
4.79845e-05
9.70718e-05
-0.0334443
-0.000392016
0.000564675
-0.000575706
-0.000280012
-0.000690422
-0.00082758
7.30301e-05
1.56886e-06
3.73523e-05
-3.91326e-05
0.00347732
-0.0295174
0.00011771
0.00343406
-0.0234536
0.000219383
0.00328727
-0.0174203
0.000325752
0.00305249
-0.0116313
0.00042972
0.00231173
-0.00686977
0.000386334
0.00161936
-0.00310802
0.000213278
-0.00352212
-0.0295029
-0.000807137
-0.00351157
-0.0234205
-0.000702869
-0.00340448
-0.017395
-0.00060329
-0.00305714
-0.011759
-0.000562106
-0.00247797
-0.00676088
-0.000391374
-0.00180631
-0.00302591
-0.000383451
0.00358902
-0.0304377
0.000109826
0.00354663
-0.0243472
0.000192604
0.00339826
-0.0182681
0.000247035
0.00306817
-0.0124442
0.000270434
0.0023307
-0.00750107
0.000174799
0.00159568
-0.00339408
-2.18577e-05
-0.00341366
-0.0304273
-0.00080311
-0.00340159
-0.0243199
-0.000676997
-0.00332539
-0.0182162
-0.000533846
-0.00291163
-0.0125267
-0.000350955
-0.00252539
-0.00737313
-0.000193957
-0.00196202
-0.00331869
-0.000111308
0.00350951
-0.0269497
0.000163313
0.00342883
-0.020873
0.000254033
0.00320951
-0.0148881
0.000327318
0.00267686
-0.00973447
0.000352817
0.00196593
-0.00510447
0.000237653
0.00125936
-0.00164866
4.17618e-05
-0.00343909
-0.026925
-0.000746197
-0.00337675
-0.0208295
-0.000624598
-0.00312535
-0.0149713
-0.00054899
-0.00267554
-0.00936408
-0.000293328
-0.00213983
-0.00502647
-0.000234387
-0.00128388
-0.00190188
-0.000287486
8.90281e-05
-0.0273868
-0.000291765
5.86092e-05
-0.0212666
-0.000185575
1.88198e-05
-0.0152287
-7.85747e-05
2.02638e-05
-0.00980229
-5.57647e-05
-0.000171026
-0.00516954
-1.12024e-05
-0.000263912
-0.00165881
-6.32828e-05
-3.2848e-05
-0.026473
-0.000293762
-6.29899e-05
-0.0203721
-0.000188701
-6.0122e-05
-0.0144516
-5.87186e-05
1.10522e-05
-0.00896982
-1.48437e-05
-7.66133e-05
-0.00467768
-1.40757e-05
-6.41758e-05
-0.00148203
-4.16954e-05
-2.12549e-05
-0.000539375
-8.48937e-06
-1.15264e-06
-0.000465425
7.76434e-06
4.27598e-05
-0.032984
-0.000395958
-0.000824809
-0.00072594
-6.06827e-05
-8.86567e-07
7.67865e-05
8.00742e-06
0.000714554
-0.000626904
-8.70018e-05
0.00352346
-0.0299809
0.000115032
0.00348008
-0.023906
0.000209402
0.00333159
-0.0178573
0.000295708
0.00306723
-0.0120541
0.000357741
0.00228315
-0.00723831
0.000319404
0.00163088
-0.00326624
0.000134465
-0.00344802
-0.0299642
-0.000804234
-0.00341194
-0.0238758
-0.00068575
-0.00329633
-0.0178348
-0.00056818
-0.00288965
-0.0121213
-0.000412249
-0.00243146
-0.0071063
-0.00027792
-0.00178217
-0.00323811
-0.000226182
9.93526e-05
-0.0304329
-0.000344529
7.09179e-05
-0.024318
-0.000239726
3.33991e-05
-0.0182144
-0.000134919
6.89263e-05
-0.0124382
-9.70075e-06
-9.81507e-05
-0.00736221
-7.04047e-07
-0.000255925
-0.00322431
-4.91548e-05
-2.44169e-05
-0.0295085
-0.000345014
-4.43392e-05
-0.0234275
-0.000240838
-7.05451e-05
-0.0173722
-0.000131459
-2.09507e-05
-0.0116784
-7.53691e-05
-6.22316e-05
-0.00669798
-8.70927e-06
-8.20886e-05
-0.00292834
-2.48835e-05
0.000612646
-0.001017
-6.34589e-05
0.00237129
-0.0134797
0.000225014
