0.00451616
-0.0399973
0.00239499
-0.0040693
-0.0399883
0.00147823
-0.00025793
-0.000141485
-7.97281e-05
0.000166898
2.813e-05
6.15723e-05
0.00415593
-0.0409056
0.00238961
-0.00442765
-0.0409105
0.0014854
-0.000149956
-5.04201e-06
7.77253e-05
0.000168034
-8.63748e-05
-7.80113e-05
0.00449449
-0.0325986
0.00208964
0.00438295
-0.0251482
0.00179668
0.00408085
-0.0178002
0.00153885
0.00347599
-0.0114346
0.00126204
0.00259183
-0.00601353
0.00072903
0.00154184
-0.00213097
0.000307827
-0.00407337
-0.0325676
0.00117826
-0.00402449
-0.0250871
0.000872044
-0.00375579
-0.0179569
0.000497036
-0.00320814
-0.0110504
0.000315007
-0.00250714
-0.00589316
2.01271e-05
-0.00154492
-0.00206087
-0.000370979
0.00414257
-0.0334942
0.00207324
0.00403297
-0.026012
0.0017387
0.00375949
-0.0186048
0.00138272
0.00315172
-0.0122118
0.000886145
0.00224762
-0.00645911
0.000483181
0.00130252
-0.00193071
-7.75641e-05
-0.00443464
-0.0334679
0.0011924
-0.00438232
-0.025967
0.000922071
-0.00404344
-0.0187552
0.000685027
-0.00353186
-0.0118268
0.000553518
-0.00297119
-0.00633629
0.00029411
-0.00174917
-0.00255257
8.36884e-06
0.000225546
-0.0399943
0.00193915
0.000820535
-0.000907308
0.000116475
0.00432935
-0.0404537
0.00238868
-0.000997508
-0.000840069
-0.000278666
-0.00422793
-0.0404507
0.00148279
0.000128631
0.000108128
-6.16033e-05
-0.000340358
-0.000124932
7.07229e-05
0.000307876
-8.33786e-05
5.03356e-05
-0.000125024
-0.0409045
0.00194047
0.000640818
-0.000694343
-0.000286092
-0.000910315
-0.00103453
0.000157711
-1.9583e-05
4.75363e-05
-3.75983e-05
0.00451113
-0.0363123
0.00224189
0.00445525
-0.0288724
0.00194007
0.00426286
-0.0214655
0.00165454
0.0039511
-0.0143588
0.00138345
0.00301552
-0.00851755
0.000972945
0.00212595
-0.00387747
0.00048021
-0.00407204
-0.0362935
0.00133024
-0.00406252
-0.0288285
0.00102315
-0.00394277
-0.0214285
0.000711768
-0.0035356
-0.0145046
0.000348382
-0.0028572
-0.00837167
0.000173328
-0.00208532
-0.00375904
-0.000155393
0.00415646
-0.0372172
0.00223209
0.00410508
-0.0297488
0.0019077
0.00393021
-0.0223013
0.00155748
0.00354415
-0.0151729
0.00119082
0.00266324
-0.00911672
0.000717538
0.00181049
-0.00411549
0.000199187
-0.00443229
-0.0372056
0.00133479
-0.00441275
-0.0297204
0.0010539
-0.00430728
-0.022247
0.000794919
-0.00378569
-0.0152823
0.000603012
-0.00328025
-0.00898464
0.000411578
-0.00253875
-0.00405659
0.000169796
0.00430403
-0.0330505
0.0020846
0.00420425
-0.025597
0.00176926
0.00393121
-0.0182571
0.00145356
0.00327748
-0.0119394
0.0011007
0.00240668
-0.00626299
0.000635889
0.00154795
-0.00202525
0.000157115
-0.00421557
-0.0330201
0.00118773
-0.00413913
-0.0255439
0.000898973
-0.00383292
-0.0183578
0.000560694
-0.00328154
-0.0114906
0.000476872
-0.00262906
-0.00616961
0.000175997
-0.00158931
-0.00232851
-0.000190752
-0.000133413
-0.0334767
0.00163644
-0.000161671
-0.0259766
0.00133518
-0.000196863
-0.0185862
0.00105039
-0.000174737
-0.0119332
0.000685951
-0.000371571
-0.00628805
0.000398608
-0.000435026
-0.00202287
7.5594e-05
0.000203749
-0.0325765
0.0016348
0.000156556
-0.0250865
0.00133674
0.000143969
-0.0178159
0.00107714
0.000207612
-0.0110947
0.000739235
6.61634e-05
-0.00580962
0.000398039
3.26607e-05
-0.00184997
9.01134e-05
4.89249e-05
-0.000667097
3.40276e-05
-6.2043e-05
-0.000568599
7.31057e-05
5.37731e-05
-0.0404517
0.00193542
-0.00102589
-0.000888113
-2.23607e-05
-3.7362e-06
9.57848e-05
8.90457e-07
0.000879389
-0.000767101
-7.21556e-05
0.00432158
-0.0367688
0.00223854
0.00426746
-0.0293169
0.00192745
0.00408216
-0.0218972
0.00161558
0.00375601
-0.0147841
0.00129136
0.00279389
-0.00887762
0.000887603
0.00199858
-0.00400947
0.000379427
-0.00422625
-0.036748
0.00133345
-0.00418168
-0.0292807
0.00104161
-0.00404131
-0.0218706
0.000750899
-0.00354291
-0.0148671
0.000526379
-0.00298432
-0.00871985
0.000303148
-0.00219478
-0.00397405
2.23757e-05
-0.000121598
-0.0372117
0.00178595
-0.000153413
-0.0297141
0.00148595
-0.000187047
-0.0222389
0.00118676
-0.000128347
-0.0151712
0.000934174
-0.000302144
-0.00895798
0.000574134
-0.000452429
-0.0039229
0.00020908
0.000215411
-0.0363007
0.00178614
0.000187104
-0.0288388
0.00148405
0.000140509
-0.0214035
0.00119456
0.000180341
-0.0144083
0.00085741
0.00010363
-0.00830115
0.000569158
3.69889e-05
-0.00364689
0.00023841
0.000688871
-0.00124226
1.91531e-06
0.00275545
-0.0164709
0.00123635
