0.00487717
-0.0425463
0.003258
-0.00425067
-0.0425364
0.00235132
-0.000270948
-0.000148779
-8.50377e-05
0.000180706
2.84392e-05
6.81666e-05
0.00434296
-0.0434438
0.00325225
-0.00478327
-0.0434491
0.00235901
-0.000162561
-6.74064e-06
8.54571e-05
0.000173962
-8.91484e-05
-8.29912e-05
0.00485378
-0.0346796
0.0028028
0.00473264
-0.0267567
0.0023611
0.00440611
-0.0189421
0.0019625
0.00375436
-0.0121781
0.00154857
0.00280391
-0.0064118
0.000883257
0.00167203
-0.00227712
0.000362203
-0.00425513
-0.034646
0.00190077
-0.00420522
-0.0266901
0.00144128
-0.00392392
-0.0191068
0.000910133
-0.00334751
-0.0117663
0.000595871
-0.002615
-0.00627942
0.000168538
-0.00161211
-0.00219536
-0.000338197
0.00432872
-0.035564
0.00278538
0.0042127
-0.0276098
0.00229915
0.00392467
-0.0197392
0.00179611
0.00328614
-0.0129452
0.00114917
0.00233437
-0.0068405
0.000623314
0.00134864
-0.0020425
-4.39761e-05
-0.00479041
-0.0355365
0.00191564
-0.00473193
-0.0275641
0.00149401
-0.00436688
-0.0199018
0.00110925
-0.00381647
-0.0125404
0.000848762
-0.00320665
-0.0067188
0.000458023
-0.00189183
-0.00271317
5.76604e-05
0.000315249
-0.0425431
0.0028075
0.000893002
-0.000971247
0.000137602
0.00460291
-0.0429974
0.00325121
-0.00104303
-0.0008913
-0.00027326
-0.00449452
-0.0429943
0.00235616
0.000146469
0.000116003
-6.35209e-05
-0.000361426
-0.000133956
7.36412e-05
0.000325846
-8.98289e-05
5.08478e-05
-0.000208148
-0.0434426
0.00280893
0.000664597
-0.0007335
-0.000286005
-0.000986706
-0.00110457
0.000188755
-2.74919e-05
5.1061e-05
-3.67011e-05
0.00487176
-0.0386284
0.0030302
0.00481132
-0.0307172
0.00257822
0.00460259
-0.0228401
0.00214672
0.00426343
-0.0152836
0.00173577
0.00325988
-0.00907568
0.00118906
0.0023018
-0.00413792
0.000578447
-0.00425354
-0.038608
0.00212878
-0.00424436
-0.0306694
0.00166863
-0.00412019
-0.0227991
0.00120436
-0.00369234
-0.0154354
0.000690653
-0.00298019
-0.00891694
0.000386293
-0.00217535
-0.00400683
-6.75273e-05
0.00434357
-0.0395223
0.00301971
0.00428896
-0.031582
0.00254388
0.00410479
-0.0236664
0.00204322
0.00369953
-0.016093
0.00153164
0.00276959
-0.00965888
0.000918666
0.00187798
-0.0043563
0.000282053
-0.00478817
-0.0395103
0.00213351
-0.00476583
-0.0315533
0.00170112
-0.0046497
-0.0236116
0.00129231
-0.00409003
-0.0162121
0.000960343
-0.00354246
-0.00952613
0.000638499
-0.0027384
-0.00430416
0.000275458
0.00457571
-0.0351261
0.00279743
0.00446912
-0.0272011
0.002331
0.00417714
-0.0193981
0.00187051
0.00348144
-0.0126842
0.00137697
0.00255567
-0.0066529
0.000782877
0.00164548
-0.00215142
0.000200053
-0.00448145
-0.0350936
0.00191055
-0.00439995
-0.0271446
0.00146904
-0.00407449
-0.0195049
0.000976858
-0.00348774
-0.0122086
0.000765598
-0.00279512
-0.0065545
0.000330586
-0.00169305
-0.00247152
-0.000152436
-0.000216647
-0.0355455
0.00235449
-0.000243995
-0.0275731
0.00190158
-0.000277259
-0.0197206
0.00147085
-0.000247422
-0.01265
0.000962477
-0.000445038
-0.00666274
0.000551516
-0.000496757
-0.00214445
0.000127976
0.000291372
-0.0346558
0.00235298
0.000238022
-0.02669
0.00190488
0.000219792
-0.0189577
0.00150006
0.000280355
-0.0118145
0.00102014
0.000119625
-0.00619257
0.000551816
6.91301e-05
-0.00197413
0.000139696
7.52211e-05
-0.000709805
5.00286e-05
-8.47577e-05
-0.000602857
9.74622e-05
5.73781e-05
-0.0429953
0.00280349
-0.00109426
-0.000942271
-7.56488e-06
-4.78594e-06
0.000102297
-1.82479e-06
0.000935043
-0.0008138
-6.57706e-05
0.00459456
-0.0390796
0.00302661
0.00453659
-0.0311562
0.00256466
0.00433823
-0.0232673
0.00210459
0.00399046
-0.0157072
0.00163662
0.00296681
-0.00943026
0.00109729
0.00212278
-0.00425918
0.000470039
-0.00449278
-0.0390574
0.0021321
-0.00444514
-0.0311179
0.00168755
-0.00429599
-0.0232393
0.00124484
-0.0037655
-0.0157957
0.000878334
-0.00317219
-0.0092639
0.000521479
-0.00233476
-0.00422142
0.000116728
-0.000204309
-0.0395166
0.00257926
-0.000237284
-0.0315453
0.00212862
-0.000269307
-0.0236011
0.00167904
-0.000202167
-0.0160931
0.00128554
-0.000377432
-0.00949364
0.000788334
-0.000523723
-0.00415646
0.000305841
0.0003042
-0.0386159
0.00257971
0.000272871
-0.0306809
0.00212643
0.000218904
-0.0227732
0.00168842
0.000254977
-0.0153338
0.00120501
0.000165475
-0.00884386
0.00078454
8.17775e-05
-0.00388982
0.000336865
0.000712382
-0.00131732
2.69559e-05
0.00288167
-0.0174813
0.00161126
