0.00522064
-0.0449396
0.00411161
-0.00441708
-0.0449289
0.00321578
-0.000282914
-0.000155488
-9.00436e-05
0.000193857
2.86448e-05
7.45299e-05
0.00451456
-0.0458255
0.00410551
-0.0051218
-0.0458313
0.00322397
-0.000174577
-8.42905e-06
9.28836e-05
0.000179195
-9.1576e-05
-8.764e-05
0.0051956
-0.0366329
0.00350835
0.00506528
-0.0282658
0.00291952
0.00471546
-0.0200127
0.00238138
0.00401907
-0.0128752
0.00183148
0.00300572
-0.0067852
0.00103568
0.00179611
-0.00241421
0.000415942
-0.00442188
-0.0365969
0.00261647
-0.004371
-0.028194
0.00200561
-0.00407791
-0.020185
0.00132037
-0.00347458
-0.0124374
0.000875032
-0.00271302
-0.00664137
0.000316719
-0.00167309
-0.00232113
-0.000303964
0.00449947
-0.0375054
0.00348996
0.00437732
-0.0291073
0.0028538
0.00407558
-0.0208014
0.00220528
0.0034084
-0.0136309
0.00140997
0.00241222
-0.00719653
0.000762579
0.00138945
-0.00214671
-9.54478e-06
-0.00512908
-0.0374768
0.00263204
-0.00506467
-0.029061
0.00206088
-0.00467466
-0.0209756
0.00152997
-0.0040873
-0.0132077
0.00114145
-0.00343047
-0.00707633
0.00062067
-0.00202762
-0.00286374
0.000106911
0.000403662
-0.0449361
0.00366682
0.000962221
-0.00103127
0.000158553
0.00486
-0.045385
0.00410437
-0.00108451
-0.00093891
-0.000266749
-0.00474516
-0.0453817
0.00322087
0.000163832
0.000123488
-6.51667e-05
-0.000381122
-0.000142466
7.62494e-05
0.000342577
-9.59496e-05
5.11829e-05
-0.000290497
-0.0458243
0.00366836
0.000685706
-0.000769951
-0.000284513
-0.00105953
-0.00117056
0.000219164
-3.53569e-05
5.43841e-05
-3.56321e-05
0.00521486
-0.0408027
0.00381
0.00515006
-0.0324485
0.00320959
0.00492574
-0.0241295
0.00263361
0.00456032
-0.0161506
0.00208402
0.00349234
-0.00959893
0.00140258
0.00246924
-0.00438217
0.000675637
-0.00442005
-0.0407809
0.00291957
-0.00441118
-0.032397
0.00230827
-0.00428288
-0.0240846
0.00169298
-0.00383565
-0.016308
0.00103084
-0.00309209
-0.00942795
0.000598296
-0.00225711
-0.00423894
2.08812e-05
0.00451523
-0.0416848
0.00379886
0.00445753
-0.0333009
0.00317337
0.00426456
-0.0249453
0.00252399
0.00384135
-0.0169541
0.00186908
0.00286555
-0.0101653
0.00111814
0.00193822
-0.00458092
0.000364961
-0.00512695
-0.0416724
0.00292448
-0.00510192
-0.0332719
0.00234241
-0.00497553
-0.02489
0.00178547
-0.00437965
-0.0170823
0.00131472
-0.00379184
-0.0100323
0.000863583
-0.00292809
-0.00453571
0.000380398
0.004831
-0.0370735
0.00350265
0.00471794
-0.0287053
0.00288684
0.00440795
-0.0204671
0.00228301
0.00367266
-0.0133817
0.0016502
0.00269515
-0.00701761
0.00092843
0.00173683
-0.0022693
0.00024295
-0.00473143
-0.0370391
0.00262654
-0.00464509
-0.0286457
0.00203413
-0.0043014
-0.0205797
0.00138996
-0.00368126
-0.0128808
0.00105206
-0.00295087
-0.0069146
0.000484368
-0.0017905
-0.00260505
-0.000113384
-0.000299097
-0.0374859
0.00306531
-0.000325506
-0.0290694
0.00246252
-0.000356791
-0.0207829
0.00188738
-0.00031934
-0.0133201
0.0012367
-0.000517085
-0.00701267
0.000703296
-0.000556866
-0.00225808
0.000180298
0.000377792
-0.0366074
0.00306393
0.000318521
-0.0281943
0.00246753
0.000294803
-0.0200283
0.00191895
0.000352119
-0.0124892
0.00129858
0.000172762
-0.00655147
0.000704482
0.000105508
-0.00209036
0.000189191
0.000101387
-0.000749559
6.60396e-05
-0.00010731
-0.000634921
0.000121669
6.07115e-05
-0.0453827
0.00366254
-0.00115854
-0.000992759
7.2921e-06
-5.83796e-06
0.000108428
-4.5591e-06
0.00098715
-0.00085737
-5.87996e-05
0.00485108
-0.0412483
0.00380618
0.00478944
-0.0328815
0.00319514
0.00457867
-0.0245517
0.00258844
0.00421042
-0.0165717
0.00197814
0.00312877
-0.0099474
0.00130471
0.00223904
-0.00449265
0.000560006
-0.00474336
-0.0412247
0.002923
-0.00469279
-0.0328412
0.0023276
-0.00453529
-0.0245223
0.00173471
-0.00397446
-0.0166656
0.00122761
-0.00334844
-0.00977308
0.000738389
-0.00246609
-0.00445272
0.000210939
-0.000286261
-0.0416789
0.00336446
-0.000320325
-0.0332623
0.00276496
-0.0003507
-0.0248772
0.00216668
-0.00027539
-0.0169558
0.00163356
-0.000451525
-0.00999413
0.00100074
-0.000593309
-0.00437455
0.000402143
0.000391738
-0.0407893
0.00336515
0.000357515
-0.0324096
0.00276249
0.000296435
-0.0240579
0.00217759
0.000328719
-0.0162012
0.00154955
0.000226784
-0.00935254
0.000998156
0.000126413
-0.00411747
0.000434764
0.000733076
-0.00138741
5.23507e-05
0.00299735
-0.0184273
0.00198234
