0.00543903
-0.0464436
0.004674
-0.00451922
-0.0464322
0.00378526
-0.0002903
-0.000159631
-9.32106e-05
0.000202249
2.87248e-05
7.86384e-05
0.00461992
-0.0473219
0.00466767
-0.00533712
-0.047328
0.00379377
-0.00018225
-9.54958e-06
9.7655e-05
0.000182302
-9.30101e-05
-9.05479e-05
0.00541294
-0.0378603
0.00397336
0.0052768
-0.029214
0.00328764
0.00491222
-0.0206854
0.0026574
0.00418749
-0.0133134
0.00201774
0.00313429
-0.00702
0.00113617
0.0018753
-0.00250048
0.000451408
-0.00452423
-0.0378227
0.00308815
-0.00447275
-0.0291388
0.00237778
-0.00417233
-0.0208623
0.00159133
-0.00355223
-0.012859
0.00105952
-0.0027728
-0.00686883
0.000415008
-0.00171027
-0.00240003
-0.000280461
0.00460429
-0.038725
0.00395435
0.00447827
-0.0300478
0.00321954
0.00416792
-0.0214682
0.00247518
0.00348295
-0.0140611
0.00158234
0.00245915
-0.00741978
0.000854851
0.00141371
-0.00221209
1.38833e-05
-0.00534449
-0.0386956
0.00310416
-0.00527629
-0.0300012
0.00243465
-0.00487048
-0.0216499
0.00180751
-0.00425968
-0.0136264
0.00133442
-0.00357289
-0.00730074
0.000727988
-0.00211417
-0.00295858
0.000139576
0.000461702
-0.0464399
0.00423295
0.00100649
-0.00106908
0.000172427
0.00502158
-0.0468853
0.00466648
-0.00110991
-0.000968611
-0.000261849
-0.00490272
-0.0468818
0.00379053
0.000175119
0.000128255
-6.61087e-05
-0.000393474
-0.000147846
7.78078e-05
0.000353036
-9.98482e-05
5.13154e-05
-0.000344757
-0.0473207
0.00423455
0.000698293
-0.000792824
-0.000282723
-0.00110602
-0.00121235
0.000239004
-4.05639e-05
5.64755e-05
-3.48271e-05
0.005433
-0.042169
0.00432386
0.00536545
-0.0335362
0.00362577
0.00513123
-0.0249396
0.00295456
0.00474908
-0.0166953
0.00231348
0.00364033
-0.00992785
0.00154326
0.00257598
-0.0045358
0.000739799
-0.00452225
-0.0421462
0.00344061
-0.00451357
-0.0334824
0.00272996
-0.00438272
-0.0248921
0.00201539
-0.00392343
-0.0168561
0.00125569
-0.00316038
-0.00974907
0.000738583
-0.00230695
-0.00438478
7.98797e-05
0.00462063
-0.0430434
0.0043123
0.00456096
-0.0343806
0.00358838
0.00436246
-0.0257484
0.00284109
0.00392809
-0.0174946
0.00209177
0.00292366
-0.010483
0.00125003
0.00197433
-0.00472176
0.00042023
-0.00534243
-0.0430307
0.00344564
-0.00531568
-0.0343513
0.00276514
-0.00518275
-0.0256928
0.00211071
-0.00456396
-0.0176286
0.00154847
-0.00395054
-0.01035
0.00101206
-0.00304877
-0.00468121
0.000449679
0.00499144
-0.0382971
0.00396746
0.0048743
-0.0296502
0.00325332
0.00455294
-0.0211385
0.002555
0.00379273
-0.0138196
0.00183037
0.00278269
-0.00724657
0.00102457
0.00179422
-0.0023433
0.00027154
-0.00488857
-0.0382614
0.0030984
-0.00479916
-0.0295887
0.00240678
-0.004444
-0.0212547
0.00166271
-0.00380286
-0.0133029
0.00124107
-0.00304875
-0.00714071
0.000586059
-0.00185186
-0.00268878
-8.70671e-05
-0.000353419
-0.0387049
0.00353377
-0.000379189
-0.0300091
0.00283237
-0.000409144
-0.0214499
0.00216212
-0.000366694
-0.0137405
0.00141774
-0.000564173
-0.00723218
0.000803605
-0.000595942
-0.00232951
0.00021506
0.000434567
-0.0378336
0.00353249
0.000371509
-0.0291394
0.00283851
0.000344236
-0.0207009
0.00219519
0.000399282
-0.0129131
0.00148235
0.000207917
-0.00677707
0.000805393
0.000129648
-0.00216336
0.000222068
0.000118717
-0.000774406
7.67044e-05
-0.000122219
-0.000655155
0.000137693
6.2792e-05
-0.0468829
0.00422849
-0.00119906
-0.00102439
1.71755e-05
-6.5438e-06
0.000112289
-6.3897e-06
0.00101987
-0.00088472
-5.37983e-05
0.00501231
-0.0426109
0.0043199
0.00494835
-0.0339653
0.00361076
0.00472973
-0.0253583
0.00290748
0.00434856
-0.0171146
0.00220333
0.00323042
-0.0102721
0.00144154
0.00231202
-0.00463922
0.000619597
-0.00490089
-0.0425864
0.00344411
-0.00484846
-0.0339238
0.00274954
-0.00468569
-0.0253282
0.00205788
-0.00410576
-0.0172118
0.00145814
-0.0034592
-0.0100928
0.000881678
-0.00254865
-0.00459794
0.000273419
-0.000340269
-0.0430374
0.00388184
-0.000375013
-0.0343408
0.00318443
-0.000404278
-0.0256785
0.00248827
-0.000323711
-0.0174973
0.00186308
-0.000500085
-0.0103081
0.00114097
-0.000638622
-0.0045114
0.000465934
0.000449222
-0.042155
0.00388269
0.000413159
-0.0334958
0.00318177
0.000347513
-0.024865
0.00250019
0.000377253
-0.0167461
0.00177693
0.000267255
-0.00967224
0.00113922
0.000156012
-0.00426057
0.00049957
0.000745307
-0.00143146
6.94794e-05
0.00306839
-0.0190213
0.00222708
