0.00564836
-0.0478709
0.00523002
-0.00461399
-0.047859
0.00434795
-0.000297209
-0.000163508
-9.62404e-05
0.000210332
2.87595e-05
8.26358e-05
0.00471774
-0.048742
0.00522347
-0.00554356
-0.0487485
0.00435675
-0.000189646
-1.0666e-05
0.000102276
0.000185106
-9.43022e-05
-9.32988e-05
0.00562129
-0.0390252
0.00443327
0.0054796
-0.0301141
0.00365182
0.00510097
-0.021324
0.00293039
0.00434915
-0.0137297
0.00220183
0.00325789
-0.00724328
0.00123565
0.00195158
-0.00258262
0.000486562
-0.00461918
-0.0389861
0.00355435
-0.00456717
-0.0300357
0.00274584
-0.00425991
-0.0215053
0.00185962
-0.00362407
-0.0132597
0.00124226
-0.00282804
-0.00708502
0.000512641
-0.00174465
-0.00247492
-0.000256501
0.0047016
-0.0398825
0.00441368
0.00457191
-0.0309406
0.00358147
0.00425345
-0.0221013
0.00274238
0.00355184
-0.0144694
0.00175329
0.00250207
-0.00763171
0.000946573
0.00143561
-0.00227426
3.7677e-05
-0.00555101
-0.0398525
0.00357078
-0.00547921
-0.0308936
0.00280421
-0.00505833
-0.02229
0.00208203
-0.00442519
-0.014024
0.00152518
-0.00370963
-0.00751397
0.000834132
-0.00219743
-0.00304902
0.000172007
0.0005189
-0.0478671
0.00479247
0.00104922
-0.00110511
0.00018622
0.00517489
-0.0483091
0.00522222
-0.00113349
-0.000996672
-0.00025654
-0.00505222
-0.0483055
0.00435337
0.000186159
0.00013284
-6.69246e-05
-0.000405193
-0.000152987
7.92175e-05
0.000362934
-0.000103602
5.13801e-05
-0.000398367
-0.0487408
0.00479413
0.000709694
-0.000814602
-0.000280291
-0.00115082
-0.0012524
0.000258444
-4.57324e-05
5.84602e-05
-3.39513e-05
0.00564212
-0.0434657
0.00483199
0.00557196
-0.0345687
0.00403746
0.0053283
-0.0257086
0.00327209
0.0049301
-0.0172127
0.00254043
0.0037825
-0.0102405
0.00168243
0.00267869
-0.00468198
0.000803395
-0.00461708
-0.0434421
0.00395549
-0.00460857
-0.0345127
0.00314686
-0.00447536
-0.0256588
0.00233436
-0.00400478
-0.0173765
0.00147844
-0.00322351
-0.0100542
0.000877676
-0.00235302
-0.00452341
0.000138757
0.0047185
-0.0443329
0.00482003
0.00465696
-0.0354054
0.00399895
0.00445323
-0.0265107
0.00315496
0.00400841
-0.0180077
0.00231233
0.00297703
-0.0107844
0.0013809
0.0020072
-0.0048555
0.000475455
-0.00554902
-0.04432
0.00396063
-0.00552064
-0.035376
0.00318301
-0.00538146
-0.0264549
0.00243236
-0.00474085
-0.0181473
0.00177964
-0.00410292
-0.0106516
0.00115889
-0.00316466
-0.00481962
0.000518225
0.00514367
-0.0394583
0.00442717
0.00502264
-0.0305471
0.00361593
0.00469048
-0.0217759
0.00282416
0.00390665
-0.0142354
0.00200871
0.00286577
-0.00746409
0.00111989
0.00184875
-0.00241366
0.000300114
-0.00503766
-0.0394215
0.00356477
-0.00494535
-0.0304838
0.00277526
-0.00457934
-0.0218955
0.00193268
-0.00391831
-0.0137039
0.00142803
-0.00314171
-0.00735554
0.000686821
-0.00191028
-0.00276829
-6.06125e-05
-0.000407086
-0.0398618
0.00399694
-0.00043221
-0.0309011
0.00319819
-0.000460833
-0.0220831
0.00243396
-0.000413461
-0.0141396
0.00159703
-0.000610403
-0.00744064
0.000903023
-0.000634153
-0.00239755
0.000249659
0.000490558
-0.0389975
0.00399575
0.000423861
-0.0300366
0.00320546
0.000393125
-0.0213395
0.00246847
0.000445808
-0.0133159
0.0016643
0.000242795
-0.00699155
0.000905424
0.000153657
-0.00223274
0.000254794
0.000135924
-0.000797926
8.73473e-05
-0.000137
-0.000674526
0.000153603
6.47665e-05
-0.0483066
0.00478784
-0.00123768
-0.0010544
2.70042e-05
-7.25487e-06
0.000115961
-8.22393e-06
0.00105096
-0.000910742
-4.85038e-05
0.00516528
-0.0439041
0.00482788
0.00509911
-0.0349941
0.00402191
0.00487303
-0.0261241
0.00322318
0.00447962
-0.0176301
0.00242619
0.00332687
-0.0105804
0.00157703
0.00238131
-0.0047785
0.000678831
-0.00505036
-0.0438788
0.00395906
-0.00499615
-0.0349514
0.00316667
-0.00482838
-0.0260932
0.00237756
-0.00423038
-0.0177304
0.00168623
-0.00356436
-0.0103965
0.00102355
-0.00262713
-0.00473592
0.000335464
-0.00039364
-0.0443267
0.00439327
-0.000429019
-0.0353645
0.00359924
-0.000457172
-0.0264392
0.00280642
-0.000371528
-0.0180115
0.00209015
-0.00054786
-0.0106061
0.00127985
-0.000682983
-0.00464147
0.000529279
0.000505891
-0.0434512
0.00439428
0.000468071
-0.0345267
0.0035964
0.000398018
-0.0256312
0.00281933
0.000425199
-0.0172635
0.00200202
0.000307333
-0.00997611
0.00127895
0.000185432
-0.00439665
0.00056389
0.000756289
-0.0014734
8.67572e-05
0.00313441
-0.0195852
0.00246931
