0.0058482
-0.0492189
0.00577876
-0.00470113
-0.0492066
0.00490274
-0.000303641
-0.000167119
-9.91315e-05
0.000218099
2.87492e-05
8.65181e-05
0.00480779
-0.0500836
0.005772
-0.00574064
-0.0500903
0.00491182
-0.000196758
-1.1778e-05
0.00010674
0.000187613
-9.54567e-05
-9.58896e-05
0.00582021
-0.0401256
0.00488735
0.00567329
-0.0309647
0.00401151
0.00528137
-0.021928
0.00319995
0.00450378
-0.0141238
0.0023835
0.00337638
-0.00745491
0.00133398
0.00202486
-0.00266058
0.000521371
-0.00470649
-0.0400852
0.00401416
-0.00465401
-0.0308833
0.00310906
-0.00434045
-0.0221133
0.00212472
-0.00369
-0.0136389
0.00142287
-0.00287871
-0.00728981
0.000609404
-0.00177622
-0.00254578
-0.000232159
0.00479115
-0.0409762
0.00486722
0.00465802
-0.0317843
0.00393903
0.00433197
-0.0227
0.00300647
0.00361495
-0.0148555
0.00192261
0.00254098
-0.00783232
0.00103764
0.00145518
-0.00233329
6.18104e-05
-0.00574819
-0.0409455
0.00403097
-0.00567297
-0.031737
0.00316883
-0.00523786
-0.0228954
0.00235295
-0.00458354
-0.0144001
0.00171332
-0.00384052
-0.00771596
0.000938867
-0.00227731
-0.00313507
0.000204117
0.000575161
-0.049215
0.00534441
0.00109037
-0.00113937
0.000199922
0.00531957
-0.0496539
0.0057707
-0.00115525
-0.00102309
-0.000250854
-0.00519328
-0.0496502
0.00490832
0.000196936
0.000137238
-6.76138e-05
-0.000416273
-0.000157885
8.04758e-05
0.000372267
-0.000107212
5.13806e-05
-0.000451217
-0.0500823
0.00534611
0.000719914
-0.000835321
-0.000277225
-0.00119388
-0.00129072
0.00027744
-5.08539e-05
6.03327e-05
-3.30078e-05
0.00584175
-0.0446905
0.00533357
0.00576914
-0.0355442
0.00444401
0.00551657
-0.0264356
0.00358572
0.00510308
-0.0177022
0.00276454
0.00391866
-0.0105366
0.00181989
0.00277724
-0.00482062
0.000866353
-0.00470426
-0.044666
0.00446321
-0.00469593
-0.0354861
0.00355815
-0.00456057
-0.0263834
0.00264927
-0.00407955
-0.0178688
0.00169864
-0.00328141
-0.0103432
0.00101528
-0.00239529
-0.00465473
0.000197373
0.00480858
-0.0455511
0.00532124
0.00474527
-0.0363738
0.00440447
0.00453666
-0.0272314
0.00346514
0.00408216
-0.0184931
0.00253045
0.00302562
-0.0110697
0.00151058
0.00203683
-0.00498218
0.000530575
-0.00574625
-0.0455379
0.00446845
-0.00571634
-0.0363442
0.00359522
-0.00557122
-0.0271754
0.00274976
-0.00491002
-0.0186379
0.00200774
-0.00424875
-0.0109371
0.00130375
-0.00327561
-0.00495095
0.000585877
0.00528733
-0.0405554
0.00488108
0.00516266
-0.0313948
0.00397412
0.00482032
-0.0223787
0.0030901
0.00401424
-0.0146288
0.00218495
0.00294431
-0.00767007
0.00121427
0.00190038
-0.00248039
0.000328652
-0.00517835
-0.0405175
0.00402473
-0.0050833
-0.0313297
0.00313887
-0.00470712
-0.0225014
0.00219933
-0.00402741
-0.0140834
0.00161255
-0.00322965
-0.007559
0.000786432
-0.00196568
-0.00284355
-3.40948e-05
-0.000459988
-0.0409549
0.00445399
-0.000484456
-0.0317441
0.00355933
-0.000511752
-0.0226819
0.00270241
-0.000459547
-0.014517
0.00177425
-0.000655682
-0.00763803
0.00100138
-0.000671439
-0.00246223
0.000284032
0.000545679
-0.040097
0.0044529
0.000475505
-0.0308845
0.00356771
0.000441404
-0.0219433
0.00273831
0.000491622
-0.0136972
0.00184408
0.000277342
-0.00719479
0.0010044
0.000177493
-0.00229848
0.000287311
0.000152979
-0.00082012
9.79522e-05
-0.000151627
-0.000693068
0.000169372
6.66422e-05
-0.0496514
0.00533962
-0.00127437
-0.00108281
3.67479e-05
-7.97191e-06
0.000119436
-1.00592e-05
0.00108039
-0.000935457
-4.29152e-05
0.00530964
-0.0451257
0.00532933
0.0052414
-0.0359662
0.00442797
0.0050083
-0.026848
0.00353507
0.00460335
-0.0181178
0.00264641
0.00341799
-0.0108722
0.00171101
0.00244684
-0.00491047
0.000737647
-0.00519139
-0.0450996
0.00446685
-0.00513551
-0.0359223
0.00357816
-0.00496306
-0.0268164
0.0026931
-0.00434809
-0.018221
0.00191143
-0.00366378
-0.010684
0.0011637
-0.00270142
-0.00486665
0.00039693
-0.000446262
-0.0455448
0.00489785
-0.000482231
-0.0363318
0.00400865
-0.000509271
-0.0271583
0.00312058
-0.000418748
-0.0184979
0.00231437
-0.000594749
-0.0108882
0.00141712
-0.000726314
-0.00476478
0.000592066
0.000561652
-0.0446755
0.00489903
0.000522166
-0.0355008
0.00400565
0.00044788
-0.0263555
0.00313445
0.000472484
-0.017753
0.00222441
0.000346957
-0.0102639
0.00141709
0.000214625
-0.00452564
0.000627616
0.000766031
-0.00151329
0.000104166
0.00319528
-0.0201185
0.00270865
