0.00594442
-0.0498624
0.00605012
-0.00474176
-0.0498499
0.00517686
-0.000306676
-0.000168825
-0.000100525
0.000221862
2.87272e-05
8.84148e-05
0.00484983
-0.0507241
0.00604326
-0.00583553
-0.050731
0.00518607
-0.000200205
-1.2332e-05
0.000108911
0.000188756
-9.59835e-05
-9.71242e-05
0.00591601
-0.0406511
0.00511198
0.00576659
-0.0313711
0.00418949
0.00536833
-0.0222167
0.0033333
0.00457839
-0.0143124
0.00247333
0.00343366
-0.00755631
0.00138267
0.00206036
-0.00269799
0.000538633
-0.00474719
-0.04061
0.00424139
-0.00469452
-0.0312882
0.00328864
-0.00437802
-0.0224038
0.00225591
-0.00372071
-0.0138203
0.00151226
-0.00290232
-0.00738788
0.000657394
-0.00179095
-0.00257969
-0.000219868
0.00483296
-0.0414985
0.00509159
0.00469818
-0.0321875
0.004116
0.00436857
-0.0229862
0.00313723
0.00364431
-0.0150402
0.00200657
0.00255893
-0.00792836
0.00108288
0.00146409
-0.00236164
7.39927e-05
-0.00584313
-0.0414675
0.00425839
-0.00576628
-0.03214
0.00334906
-0.00532439
-0.0231848
0.00248689
-0.00465995
-0.0145801
0.00180628
-0.0039037
-0.00781273
0.000990635
-0.00231595
-0.00317645
0.000220028
0.000602912
-0.0498584
0.00561722
0.00111034
-0.00115582
0.000206733
0.00538858
-0.050296
0.00604193
-0.00116545
-0.00103568
-0.00024788
-0.00526054
-0.0502923
0.0051825
0.000202221
0.000139366
-6.79108e-05
-0.00042157
-0.000160242
8.10476e-05
0.000376721
-0.000108962
5.13576e-05
-0.000477324
-0.0507229
0.00561895
0.000724584
-0.000845291
-0.000275457
-0.00121474
-0.00130923
0.000286758
-5.3394e-05
6.12253e-05
-3.25117e-05
0.00593788
-0.0452753
0.00558165
0.00586411
-0.0360101
0.00464515
0.00560728
-0.0267829
0.00374091
0.00518645
-0.0179364
0.00287541
0.00398443
-0.0106785
0.00188791
0.00282493
-0.00488709
0.000897565
-0.00474491
-0.0452504
0.00471409
-0.00473667
-0.035951
0.00376146
-0.00460033
-0.0267297
0.00280501
-0.00411441
-0.0181041
0.00180765
-0.00330838
-0.0104815
0.00108343
-0.00241499
-0.00471764
0.00022654
0.00485064
-0.0461328
0.00556914
0.00478648
-0.0368364
0.00460512
0.00457557
-0.0275758
0.0036187
0.00411654
-0.0187253
0.0026385
0.00304812
-0.0112061
0.00157491
0.00205044
-0.00504287
0.000558071
-0.00584121
-0.0461195
0.00471937
-0.00581058
-0.0368067
0.00379894
-0.00566263
-0.0275197
0.00290667
-0.0049916
-0.0188726
0.00212049
-0.00431913
-0.0110738
0.00137535
-0.00332919
-0.00501395
0.00061932
0.00535585
-0.0410794
0.00510562
0.00522946
-0.0317997
0.00415138
0.00488227
-0.0226668
0.00322172
0.00406561
-0.014817
0.00227221
0.00298185
-0.0077687
0.00126107
0.00192509
-0.0025124
0.000342896
-0.00524543
-0.0410409
0.00425204
-0.00514909
-0.0317338
0.00331863
-0.00476809
-0.0227911
0.00233125
-0.00407952
-0.0142651
0.00170378
-0.00327169
-0.00765644
0.00083574
-0.00199224
-0.00287959
-2.08347e-05
-0.000486118
-0.041477
0.00467996
-0.000510255
-0.032147
0.00373795
-0.000536889
-0.0229682
0.00283522
-0.000482305
-0.0146976
0.00186198
-0.000677939
-0.00773256
0.0010501
-0.000689717
-0.00249332
0.000301113
0.000572886
-0.040622
0.00467893
0.000501038
-0.0312895
0.00374689
0.000465292
-0.0222319
0.00287178
0.000514239
-0.0138797
0.00193307
0.000294474
-0.00729215
0.00105344
0.000189335
-0.00232998
0.000303473
0.000161441
-0.000830721
0.000103235
-0.000158875
-0.000702037
0.000177195
6.7545e-05
-0.0502934
0.00561235
-0.00129197
-0.00109641
4.15788e-05
-8.33274e-06
0.000121098
-1.09763e-05
0.00109447
-0.00094733
-4.00126e-05
0.00537849
-0.045709
0.00557734
0.00530927
-0.0364305
0.00462888
0.00507284
-0.0271939
0.00368944
0.0046624
-0.018351
0.00275541
0.00346152
-0.0110119
0.00177736
0.00247818
-0.00497371
0.000766872
-0.00525864
-0.0456826
0.00471776
-0.00520197
-0.0363861
0.00378155
-0.0050273
-0.027162
0.00284913
-0.00440428
-0.0184556
0.0020228
-0.00371129
-0.0108217
0.00123303
-0.00273696
-0.00492929
0.000427402
-0.00047226
-0.0461264
0.00514729
-0.000508505
-0.0367939
0.00421111
-0.000534988
-0.027502
0.00327599
-0.000442105
-0.0187305
0.00242527
-0.000617833
-0.0110232
0.00148508
-0.000747569
-0.0048239
0.000623213
0.000589166
-0.04526
0.00514855
0.000548882
-0.035966
0.00420803
0.000472549
-0.0267016
0.00329033
0.000495857
-0.017987
0.00233448
0.000366579
-0.0104017
0.00148549
0.000229122
-0.00458746
0.000659219
0.000770439
-0.00153246
0.000112911
0.00322376
-0.0203736
0.00282712
