0.00612924
-0.051087
0.00658624
-0.004817
-0.051074
0.00571792
-0.000312386
-0.000172035
-0.000103204
0.000229142
2.86497e-05
9.21162e-05
0.00492779
-0.0519434
0.00657917
-0.00601776
-0.0519505
0.00572736
-0.000206876
-1.34354e-05
0.00011313
0.000190823
-9.69388e-05
-9.94704e-05
0.00610001
-0.0416514
0.00555592
0.00594587
-0.032145
0.00454133
0.0055356
-0.0227671
0.00359686
0.00472205
-0.0146725
0.00265079
0.00354421
-0.0077502
0.001479
0.00212901
-0.00276964
0.000572832
-0.00482257
-0.041609
0.00469001
-0.00476956
-0.0320595
0.00364332
-0.00444766
-0.0229577
0.00251527
-0.00377755
-0.0141668
0.00168899
-0.00294604
-0.00757531
0.000752463
-0.0018183
-0.00264445
-0.000195089
0.00491048
-0.0424932
0.00553505
0.00477263
-0.0329556
0.00446593
0.00443632
-0.0235321
0.00339587
0.00369862
-0.0153926
0.00217294
0.00259182
-0.00811187
0.00117269
0.00148017
-0.00241599
9.85578e-05
-0.00602546
-0.0424616
0.00470734
-0.00594553
-0.0329079
0.00370495
-0.00549078
-0.0237367
0.00275143
-0.00480708
-0.0149236
0.00198975
-0.00402546
-0.00799773
0.00109283
-0.00239057
-0.0032559
0.00025151
0.000657604
-0.0510829
0.00615595
0.00114903
-0.00118739
0.000220261
0.00551973
-0.051518
0.0065778
-0.00118448
-0.00105962
-0.000241684
-0.00538833
-0.0515142
0.00572369
0.000212573
0.000143474
-6.841e-05
-0.000431674
-0.000164769
8.20759e-05
0.0003852
-0.000112353
5.12668e-05
-0.00052884
-0.0519421
0.00615772
0.000733049
-0.000864464
-0.000271463
-0.00125511
-0.00134497
0.000305011
-5.84269e-05
6.29206e-05
-3.14732e-05
0.00612251
-0.0463882
0.00607186
0.00604657
-0.0368972
0.00504275
0.00578168
-0.0274449
0.00404771
0.00534678
-0.018383
0.00309457
0.00411121
-0.0109494
0.00202239
0.00291704
-0.00501431
0.000959387
-0.00482018
-0.0463626
0.00520933
-0.00481212
-0.0368362
0.00416291
-0.004674
-0.0273895
0.0031127
-0.00417902
-0.018553
0.00202324
-0.0033583
-0.0107457
0.00121827
-0.00245152
-0.0048379
0.000284508
0.00492863
-0.0472403
0.00605901
0.00486289
-0.0377175
0.0050018
0.00464768
-0.0282323
0.00392241
0.00418021
-0.0191682
0.00285231
0.00308948
-0.0114667
0.00170243
0.00207525
-0.00515895
0.000612876
-0.00602359
-0.0472268
0.00521468
-0.00599159
-0.0376877
0.00420118
-0.00583825
-0.0281761
0.00321656
-0.00514861
-0.0193203
0.00234313
-0.00445469
-0.0113348
0.00151669
-0.00343247
-0.00513462
0.000685345
0.00548609
-0.0420769
0.0055494
0.00535645
-0.0325712
0.00450185
0.0050001
-0.0232163
0.003482
0.0041634
-0.0151762
0.00244479
0.00305341
-0.0079572
0.00135378
0.00197228
-0.00257369
0.000371304
-0.00537289
-0.0420375
0.00470079
-0.00527411
-0.0325038
0.00367362
-0.00488405
-0.0233432
0.00259197
-0.00417875
-0.0146118
0.00188392
-0.00335185
-0.00784266
0.000933228
-0.00204304
-0.00294848
5.64456e-06
-0.000537675
-0.0424712
0.00512633
-0.00056114
-0.0329144
0.00409089
-0.000586461
-0.0235142
0.0030977
-0.000527198
-0.0150422
0.00203549
-0.00072163
-0.00791325
0.00114651
-0.000725502
-0.00255301
0.000335018
0.000626546
-0.0416214
0.0051254
0.000551484
-0.032061
0.00410092
0.000512527
-0.0227822
0.00313554
0.000558846
-0.0142282
0.00210902
0.000328424
-0.00747828
0.0011505
0.000212837
-0.00239023
0.000335561
0.000178213
-0.000850934
0.000113746
-0.000173222
-0.000719382
0.0001927
6.9285e-05
-0.0515153
0.00615093
-0.00132568
-0.00112241
5.11423e-05
-9.05876e-06
0.000124267
-1.28072e-05
0.00112137
-0.000970113
-3.39985e-05
0.00550936
-0.0468193
0.00606743
0.00543828
-0.0373148
0.00502603
0.00519555
-0.0278532
0.00399466
0.00477473
-0.018796
0.00297099
0.00354444
-0.0112786
0.00190867
0.00253797
-0.00509466
0.000824896
-0.00538641
-0.0467922
0.00521304
-0.00532824
-0.0372694
0.00418315
-0.00514941
-0.0278207
0.00315734
-0.00451122
-0.0189031
0.00224281
-0.00380182
-0.0110846
0.00137005
-0.00280482
-0.00504905
0.000487738
-0.00052357
-0.0472338
0.00563994
-0.000560323
-0.0376741
0.00461109
-0.000585695
-0.0281571
0.0035831
-0.00048826
-0.0191744
0.00264444
-0.000663218
-0.0112809
0.00161947
-0.000789209
-0.00493706
0.00068494
0.000643407
-0.0463725
0.00564135
0.000601607
-0.0368518
0.00460785
0.00052132
-0.0273611
0.00359838
0.000542016
-0.0184334
0.00255209
0.00040541
-0.010665
0.00162078
0.000257887
-0.00470571
0.00072183
0.000778334
-0.0015693
0.000130463
0.00327671
-0.02086
0.00306139
