0.00621774
-0.0516676
0.00685076
-0.00485156
-0.0516544
0.00598462
-0.000315061
-0.00017354
-0.00010449
0.000232656
2.85943e-05
9.39197e-05
0.00496367
-0.0525215
0.0068436
-0.00610501
-0.0525287
0.00599418
-0.000210099
-1.39844e-05
0.000115175
0.000191748
-9.73678e-05
-0.000100582
0.00618814
-0.0421258
0.00577504
0.00603178
-0.0325124
0.00471504
0.00561582
-0.0230286
0.00372694
0.00479104
-0.0148439
0.00273833
0.00359743
-0.00784266
0.00152658
0.00216214
-0.00280388
0.000589752
-0.00485719
-0.0420829
0.0049112
-0.00480405
-0.0324255
0.00381827
-0.00447969
-0.0232209
0.00264331
-0.00380366
-0.0143318
0.00177625
-0.00296615
-0.00766463
0.000799494
-0.00183092
-0.00267529
-0.000182618
0.00494615
-0.0429651
0.00575394
0.00480687
-0.0333203
0.00463874
0.00446745
-0.0237915
0.00352365
0.00372354
-0.0155602
0.00225527
0.00260675
-0.00819931
0.00121722
0.00148734
-0.00244201
0.000110926
-0.00611276
-0.0429332
0.00492869
-0.00603138
-0.0332725
0.00388046
-0.00557057
-0.023999
0.0028819
-0.00487773
-0.0150872
0.00208016
-0.00408398
-0.00808595
0.00114321
-0.00242653
-0.00329396
0.000267064
0.000684524
-0.0516634
0.00642163
0.00116774
-0.00120249
0.000226971
0.0055818
-0.0520974
0.00684221
-0.00119331
-0.00107097
-0.00023847
-0.00544879
-0.0520935
0.00599045
0.000217635
0.000145454
-6.86125e-05
-0.00043648
-0.000166937
8.25323e-05
0.000389225
-0.000113994
5.11993e-05
-0.000554226
-0.0525203
0.00642342
0.000736846
-0.000873669
-0.000269242
-0.0012746
-0.00136219
0.000313935
-6.0917e-05
6.37226e-05
-3.09318e-05
0.00621092
-0.0469159
0.00631378
0.00613398
-0.0373181
0.00523902
0.00586527
-0.0277592
0.00419917
0.00542367
-0.0185955
0.00320274
0.00417218
-0.0110785
0.00208878
0.00296143
-0.00507503
0.000989965
-0.00485476
-0.04689
0.00545346
-0.00484678
-0.0372562
0.00436088
-0.00470788
-0.0277028
0.00326451
-0.00420874
-0.0187664
0.00212972
-0.00338124
-0.0108716
0.00128489
-0.00246834
-0.00489523
0.000313277
0.00496453
-0.0477656
0.00630077
0.00489805
-0.0381357
0.00519765
0.00468083
-0.0285442
0.00407242
0.00420948
-0.0193788
0.00295798
0.00310834
-0.0115907
0.00176555
0.00208644
-0.00521433
0.000640156
-0.0061109
-0.047752
0.00545885
-0.00607827
-0.0381058
0.00439952
-0.00592238
-0.028488
0.00336938
-0.00522396
-0.0195332
0.0024529
-0.00451982
-0.0114592
0.00158636
-0.00348213
-0.00519227
0.000717893
0.00554774
-0.0425501
0.00576845
0.00541658
-0.0329374
0.0046749
0.00505593
-0.0234774
0.00361054
0.00420979
-0.015347
0.00253003
0.00308741
-0.00804703
0.00139964
0.00199475
-0.00260298
0.000385454
-0.0054332
-0.0425102
0.00492204
-0.00533327
-0.0328693
0.00384871
-0.00493899
-0.0236056
0.00272065
-0.00422583
-0.0147769
0.00197275
-0.00338995
-0.00793142
0.000981359
-0.00206726
-0.00298132
1.88473e-05
-0.000563078
-0.0429429
0.00534653
-0.000586202
-0.0332788
0.00426504
-0.00061087
-0.0237737
0.00322725
-0.000549311
-0.0152061
0.00212118
-0.000743043
-0.00799939
0.00119416
-0.000742994
-0.00258161
0.000351824
0.00065298
-0.0420955
0.00534565
0.000576381
-0.0324272
0.00427562
0.000535857
-0.0230437
0.0032657
0.000580819
-0.014394
0.0021959
0.000345227
-0.00756702
0.00119847
0.000224487
-0.00241898
0.000351472
0.000186515
-0.000860546
0.000118969
-0.000180313
-0.00072776
0.000200374
7.01236e-05
-0.0520947
0.00641654
-0.00134179
-0.00113481
5.58688e-05
-9.42373e-06
0.000125773
-1.37202e-05
0.00113418
-0.000981025
-3.08916e-05
0.0055713
-0.0473459
0.00630928
0.00549936
-0.0377344
0.0052221
0.00525367
-0.0281663
0.00414538
0.00482797
-0.0190076
0.00307746
0.00358381
-0.0114056
0.00197356
0.00256641
-0.00515235
0.000853665
-0.00544686
-0.0473185
0.00545721
-0.00538799
-0.0376885
0.00438119
-0.00520721
-0.0281335
0.00330938
-0.00456192
-0.0191159
0.00235134
-0.00384481
-0.0112098
0.00143767
-0.0028371
-0.00510617
0.00051757
-0.000548858
-0.047759
0.00588293
-0.000585844
-0.0380918
0.00480844
-0.000610659
-0.0284683
0.00373467
-0.000511037
-0.0193855
0.00275259
-0.000685497
-0.0114037
0.00168585
-0.000809575
-0.00499109
0.000715487
0.000670115
-0.0469
0.00588442
0.000627596
-0.0372721
0.00480511
0.000545406
-0.0276743
0.0037504
0.000564787
-0.0186457
0.00265954
0.000424602
-0.0107905
0.0016876
0.000272142
-0.00476212
0.000752805
0.000781824
-0.00158696
0.000139259
0.00330118
-0.0210913
0.00317708
