0 5000.000000 0.4999
1 5000.000000 0.4999
2 5000.000000 0.4999
3 5000.000000 0.4999
4 5000.000000 0.4999
5 5000.000000 0.4999
6 5000.000000 0.4999
7 5000.000000 0.4999
8 5000.000000 0.4999
9 5000.000000 0.4999
10 5000.000000 0.4999
11 5000.000000 0.4999
12 5000.000000 0.4999
13 5000.000000 0.4999
14 5000.000000 0.4999
15 5000.000000 0.4999
16 5000.000000 0.4999
17 5000.000000 0.4999
18 5000.000000 0.4999
19 5000.000000 0.4999
20 5000.000000 0.4999
21 5000.000000 0.4999
22 5000.000000 0.4999
23 5000.000000 0.4999
24 5000.000000 0.4999
25 5000.000000 0.4999
26 5000.000000 0.4999
27 5000.000000 0.4999
28 5000.000000 0.4999
29 5000.000000 0.4999
30 5000.000000 0.4999
31 5000.000000 0.4999
32 5000.000000 0.4999
33 5000.000000 0.4999
34 5000.000000 0.4999
35 5000.000000 0.4999
36 5000.000000 0.4999
37 5000.000000 0.4999
38 5000.000000 0.4999
39 5000.000000 0.4999
40 5000.000000 0.4999
41 5000.000000 0.4999
42 5000.000000 0.4999
43 5000.000000 0.4999
44 5000.000000 0.4999
45 5000.000000 0.4999
46 5000.000000 0.4999
47 5000.000000 0.4999
48 5000.000000 0.4999
49 5000.000000 0.4999
50 5000.000000 0.4999
51 5000.000000 0.4999
52 5000.000000 0.4999
53 5000.000000 0.4999
54 5000.000000 0.4999
55 5000.000000 0.4999
56 5000.000000 0.4999
57 5000.000000 0.4999
58 5000.000000 0.4999
59 5000.000000 0.4999
60 5000.000000 0.4999
61 5000.000000 0.4999
62 5000.000000 0.4999
63 5000.000000 0.4999
64 5000.000000 0.4999
65 5000.000000 0.4999
66 5000.000000 0.4999
67 5000.000000 0.4999
68 5000.000000 0.4999
69 5000.000000 0.4999
70 5000.000000 0.4999
71 5000.000000 0.4999
72 5000.000000 0.4999
73 5000.000000 0.4999
74 5000.000000 0.4999
75 5000.000000 0.4999
76 5000.000000 0.4999
77 5000.000000 0.4999
78 5000.000000 0.4999
79 5000.000000 0.4999
80 5000.000000 0.4999
81 5000.000000 0.4999
82 5000.000000 0.4999
83 5000.000000 0.4999
84 5000.000000 0.4999
85 5000.000000 0.4999
86 5000.000000 0.4999
87 5000.000000 0.4999
88 5000.000000 0.4999
89 5000.000000 0.4999
90 5000.000000 0.4999
91 5000.000000 0.4999
92 5000.000000 0.4999
93 5000.000000 0.4999
94 5000.000000 0.4999
95 5000.000000 0.4999
96 5000.000000 0.4999
97 5000.000000 0.4999
98 5000.000000 0.4999
99 5000.000000 0.4999
100 5000.000000 0.4999
101 5000.000000 0.4999
102 5000.000000 0.4999
103 5000.000000 0.4999
104 5000.000000 0.4999
105 5000.000000 0.4999
106 5000.000000 0.4999
107 5000.000000 0.4999
108 5000.000000 0.4999
109 5000.000000 0.4999
110 5000.000000 0.4999
111 5000.000000 0.4999
112 5000.000000 0.4999
113 5000.000000 0.4999
114 5000.000000 0.4999
115 5000.000000 0.4999
116 5000.000000 0.4999
117 5000.000000 0.4999
118 5000.000000 0.4999
119 5000.000000 0.4999
120 5000.000000 0.4999
121 5000.000000 0.4999
122 5000.000000 0.4999
123 5000.000000 0.4999
124 5000.000000 0.4999
125 5000.000000 0.4999
126 5000.000000 0.4999
127 5000.000000 0.4999
128 5000.000000 0.4999
129 5000.000000 0.4999
130 5000.000000 0.4999
131 5000.000000 0.4999
132 5000.000000 0.4999
133 5000.000000 0.4999
134 5000.000000 0.4999
135 5000.000000 0.4999
136 5000.000000 0.4999
137 5000.000000 0.4999
138 5000.000000 0.4999
139 5000.000000 0.4999
140 5000.000000 0.4999
141 5000.000000 0.4999
142 5000.000000 0.4999
143 5000.000000 0.4999
144 5000.000000 0.4999
145 5000.000000 0.4999
146 5000.000000 0.4999
147 5000.000000 0.4999
148 5000.000000 0.4999
149 5000.000000 0.4999
150 5000.000000 0.4999
151 5000.000000 0.4999
152 5000.000000 0.4999
153 5000.000000 0.4999
154 5000.000000 0.4999
155 5000.000000 0.4999
156 5000.000000 0.4999
157 5000.000000 0.4999
158 5000.000000 0.4999
159 5000.000000 0.4999
160 5000.000000 0.4999
161 5000.000000 0.4999
162 5000.000000 0.4999
163 5000.000000 0.4999
164 5000.000000 0.4999
165 5000.000000 0.4999
166 5000.000000 0.4999
167 5000.000000 0.4999
168 5000.000000 0.4999
169 5000.000000 0.4999
170 5000.000000 0.4999
171 5000.000000 0.4999
172 5000.000000 0.4999
173 5000.000000 0.4999
174 5000.000000 0.4999
175 5000.000000 0.4999
176 5000.000000 0.4999
177 5000.000000 0.4999
178 5000.000000 0.4999
179 5000.000000 0.4999
180 5000.000000 0.4999
181 5000.000000 0.4999
182 5000.000000 0.4999
183 5000.000000 0.4999
184 5000.000000 0.4999
185 5000.000000 0.4999
186 5000.000000 0.4999
187 5000.000000 0.4999
188 5000.000000 0.4999
189 5000.000000 0.4999
190 5000.000000 0.4999
191 5000.000000 0.4999
192 5000.000000 0.4999
193 5000.000000 0.4999
194 5000.000000 0.4999
195 5000.000000 0.4999
196 5000.000000 0.4999
197 5000.000000 0.4999
198 5000.000000 0.4999
199 5000.000000 0.4999
200 5000.000000 0.4999
201 5000.000000 0.4999
202 5000.000000 0.4999
203 5000.000000 0.4999
204 5000.000000 0.4999
205 5000.000000 0.4999
206 5000.000000 0.4999
207 5000.000000 0.4999
208 5000.000000 0.4999
209 5000.000000 0.4999
210 5000.000000 0.4999
211 5000.000000 0.4999
212 5000.000000 0.4999
213 5000.000000 0.4999
214 5000.000000 0.4999
215 5000.000000 0.4999
216 5000.000000 0.4999
217 5000.000000 0.4999
218 5000.000000 0.4999
219 5000.000000 0.4999
220 5000.000000 0.4999
221 5000.000000 0.4999
222 5000.000000 0.4999
223 5000.000000 0.4999
224 5000.000000 0.4999
225 5000.000000 0.4999
226 5000.000000 0.4999
227 5000.000000 0.4999
228 5000.000000 0.4999
229 5000.000000 0.4999
230 5000.000000 0.4999
231 5000.000000 0.4999
232 5000.000000 0.4999
233 5000.000000 0.4999
234 5000.000000 0.4999
235 5000.000000 0.4999
236 5000.000000 0.4999
237 5000.000000 0.4999
238 5000.000000 0.4999
239 5000.000000 0.4999
240 5000.000000 0.4999
241 5000.000000 0.4999
242 5000.000000 0.4999
243 5000.000000 0.4999
244 5000.000000 0.4999
245 5000.000000 0.4999
246 5000.000000 0.4999
247 5000.000000 0.4999
248 5000.000000 0.4999
249 5000.000000 0.4999
250 5000.000000 0.4999
251 5000.000000 0.4999
252 5000.000000 0.4999
253 5000.000000 0.4999
254 5000.000000 0.4999
255 5000.000000 0.4999
256 5000.000000 0.4999
257 5000.000000 0.4999
258 5000.000000 0.4999
259 5000.000000 0.4999
260 5000.000000 0.4999
261 5000.000000 0.4999
262 5000.000000 0.4999
263 5000.000000 0.4999
264 5000.000000 0.4999
265 5000.000000 0.4999
266 5000.000000 0.4999
267 5000.000000 0.4999
268 5000.000000 0.4999
269 5000.000000 0.4999
270 5000.000000 0.4999
271 5000.000000 0.4999
272 5000.000000 0.4999
273 5000.000000 0.4999
274 5000.000000 0.4999
275 5000.000000 0.4999
276 5000.000000 0.4999
277 5000.000000 0.4999
278 5000.000000 0.4999
279 5000.000000 0.4999
280 5000.000000 0.4999
281 5000.000000 0.4999
282 5000.000000 0.4999
283 5000.000000 0.4999
284 5000.000000 0.4999
285 5000.000000 0.4999
286 5000.000000 0.4999
287 5000.000000 0.4999
288 5000.000000 0.4999
289 5000.000000 0.4999
290 5000.000000 0.4999
291 5000.000000 0.4999
292 5000.000000 0.4999
293 5000.000000 0.4999
294 5000.000000 0.4999
295 5000.000000 0.4999
296 5000.000000 0.4999
297 5000.000000 0.4999
298 5000.000000 0.4999
299 5000.000000 0.4999
300 5000.000000 0.4999
301 5000.000000 0.4999
302 5000.000000 0.4999
303 5000.000000 0.4999
304 5000.000000 0.4999
305 5000.000000 0.4999
306 5000.000000 0.4999
307 5000.000000 0.4999
308 5000.000000 0.4999
309 5000.000000 0.4999
310 5000.000000 0.4999
311 5000.000000 0.4999
312 5000.000000 0.4999
313 5000.000000 0.4999
314 5000.000000 0.4999
315 5000.000000 0.4999
316 5000.000000 0.4999
317 5000.000000 0.4999
318 5000.000000 0.4999
319 5000.000000 0.4999
320 5000.000000 0.4999
321 5000.000000 0.4999
322 5000.000000 0.4999
323 5000.000000 0.4999
324 5000.000000 0.4999
325 5000.000000 0.4999
326 5000.000000 0.4999
327 5000.000000 0.4999
328 5000.000000 0.4999
329 5000.000000 0.4999
330 5000.000000 0.4999
331 5000.000000 0.4999
332 5000.000000 0.4999
333 5000.000000 0.4999
334 5000.000000 0.4999
335 5000.000000 0.4999
336 5000.000000 0.4999
337 5000.000000 0.4999
338 5000.000000 0.4999
339 5000.000000 0.4999
340 5000.000000 0.4999
341 5000.000000 0.4999
342 5000.000000 0.4999
343 5000.000000 0.4999
344 5000.000000 0.4999
345 5000.000000 0.4999
346 5000.000000 0.4999
347 5000.000000 0.4999
348 5000.000000 0.4999
349 5000.000000 0.4999
350 5000.000000 0.4999
351 5000.000000 0.4999
352 5000.000000 0.4999
353 5000.000000 0.4999
354 5000.000000 0.4999
355 5000.000000 0.4999
356 5000.000000 0.4999
357 5000.000000 0.4999
358 5000.000000 0.4999
359 5000.000000 0.4999
360 5000.000000 0.4999
361 5000.000000 0.4999
362 5000.000000 0.4999
363 5000.000000 0.4999
364 5000.000000 0.4999
365 5000.000000 0.4999
366 5000.000000 0.4999
367 5000.000000 0.4999
368 5000.000000 0.4999
369 5000.000000 0.4999
370 5000.000000 0.4999
371 5000.000000 0.4999
372 5000.000000 0.4999
373 5000.000000 0.4999
374 5000.000000 0.4999
375 5000.000000 0.4999
376 5000.000000 0.4999
377 5000.000000 0.4999
378 5000.000000 0.4999
379 5000.000000 0.4999
380 5000.000000 0.4999
381 5000.000000 0.4999
382 5000.000000 0.4999
383 5000.000000 0.4999
384 5000.000000 0.4999
385 5000.000000 0.4999
386 5000.000000 0.4999
387 5000.000000 0.4999
388 5000.000000 0.4999
389 5000.000000 0.4999
390 5000.000000 0.4999
391 5000.000000 0.4999
392 5000.000000 0.4999
393 5000.000000 0.4999
394 5000.000000 0.4999
395 5000.000000 0.4999
396 5000.000000 0.4999
397 5000.000000 0.4999
398 5000.000000 0.4999
399 5000.000000 0.4999
400 5000.000000 0.4999
401 5000.000000 0.4999
402 5000.000000 0.4999
403 5000.000000 0.4999
404 5000.000000 0.4999
405 5000.000000 0.4999
406 5000.000000 0.4999
407 5000.000000 0.4999
408 5000.000000 0.4999
409 5000.000000 0.4999
410 5000.000000 0.4999
411 5000.000000 0.4999
412 5000.000000 0.4999
413 5000.000000 0.4999
414 5000.000000 0.4999
415 5000.000000 0.4999
416 5000.000000 0.4999
417 5000.000000 0.4999
418 5000.000000 0.4999
419 5000.000000 0.4999
420 5000.000000 0.4999
421 5000.000000 0.4999
422 5000.000000 0.4999
423 5000.000000 0.4999
424 5000.000000 0.4999
425 5000.000000 0.4999
426 5000.000000 0.4999
427 5000.000000 0.4999
428 5000.000000 0.4999
429 5000.000000 0.4999
430 5000.000000 0.4999
431 5000.000000 0.4999
432 5000.000000 0.4999
433 5000.000000 0.4999
434 5000.000000 0.4999
435 5000.000000 0.4999
436 5000.000000 0.4999
437 5000.000000 0.4999
438 5000.000000 0.4999
439 5000.000000 0.4999
440 5000.000000 0.4999
441 5000.000000 0.4999
442 5000.000000 0.4999
443 5000.000000 0.4999
444 5000.000000 0.4999
445 5000.000000 0.4999
446 5000.000000 0.4999
447 5000.000000 0.4999
448 5000.000000 0.4999
449 5000.000000 0.4999
450 5000.000000 0.4999
451 5000.000000 0.4999
452 5000.000000 0.4999
453 5000.000000 0.4999
454 5000.000000 0.4999
455 5000.000000 0.4999
456 5000.000000 0.4999
457 5000.000000 0.4999
458 5000.000000 0.4999
459 5000.000000 0.4999
460 5000.000000 0.4999
461 5000.000000 0.4999
462 5000.000000 0.4999
463 5000.000000 0.4999
464 5000.000000 0.4999
465 5000.000000 0.4999
466 5000.000000 0.4999
467 5000.000000 0.4999
468 5000.000000 0.4999
469 5000.000000 0.4999
470 5000.000000 0.4999
471 5000.000000 0.4999
472 5000.000000 0.4999
473 5000.000000 0.4999
474 5000.000000 0.4999
475 5000.000000 0.4999
476 5000.000000 0.4999
477 5000.000000 0.4999
478 5000.000000 0.4999
479 5000.000000 0.4999
480 5000.000000 0.4999
481 5000.000000 0.4999
482 5000.000000 0.4999
483 5000.000000 0.4999
484 5000.000000 0.4999
485 5000.000000 0.4999
486 5000.000000 0.4999
487 5000.000000 0.4999
488 5000.000000 0.4999
489 5000.000000 0.4999
490 5000.000000 0.4999
491 5000.000000 0.4999
492 5000.000000 0.4999
493 5000.000000 0.4999
494 5000.000000 0.4999
495 5000.000000 0.4999
496 5000.000000 0.4999
497 5000.000000 0.4999
498 5000.000000 0.4999
499 5000.000000 0.4999
500 5000.000000 0.4999
501 5000.000000 0.4999
502 5000.000000 0.4999
503 5000.000000 0.4999
504 5000.000000 0.4999
505 5000.000000 0.4999
506 5000.000000 0.4999
507 5000.000000 0.4999
508 5000.000000 0.4999
509 5000.000000 0.4999
510 5000.000000 0.4999
511 5000.000000 0.4999
512 5000.000000 0.4999
513 5000.000000 0.4999
514 5000.000000 0.4999
515 5000.000000 0.4999
516 5000.000000 0.4999
517 5000.000000 0.4999
518 5000.000000 0.4999
519 5000.000000 0.4999
520 5000.000000 0.4999
521 5000.000000 0.4999
522 5000.000000 0.4999
523 5000.000000 0.4999
524 5000.000000 0.4999
525 5000.000000 0.4999
526 5000.000000 0.4999
527 5000.000000 0.4999
528 5000.000000 0.4999
529 5000.000000 0.4999
530 5000.000000 0.4999
531 5000.000000 0.4999
532 5000.000000 0.4999
533 5000.000000 0.4999
534 5000.000000 0.4999
535 5000.000000 0.4999
536 5000.000000 0.4999
537 5000.000000 0.4999
538 5000.000000 0.4999
539 5000.000000 0.4999
540 5000.000000 0.4999
541 5000.000000 0.4999
542 5000.000000 0.4999
543 5000.000000 0.4999
544 5000.000000 0.4999
545 5000.000000 0.4999
546 5000.000000 0.4999
547 5000.000000 0.4999
548 5000.000000 0.4999
549 5000.000000 0.4999
550 5000.000000 0.4999
551 5000.000000 0.4999
552 5000.000000 0.4999
553 5000.000000 0.4999
554 5000.000000 0.4999
555 5000.000000 0.4999
556 5000.000000 0.4999
557 5000.000000 0.4999
558 5000.000000 0.4999
559 5000.000000 0.4999
560 5000.000000 0.4999
561 5000.000000 0.4999
562 5000.000000 0.4999
563 5000.000000 0.4999
564 5000.000000 0.4999
565 5000.000000 0.4999
566 5000.000000 0.4999
567 5000.000000 0.4999
568 5000.000000 0.4999
569 5000.000000 0.4999
570 5000.000000 0.4999
571 5000.000000 0.4999
572 5000.000000 0.4999
573 5000.000000 0.4999
574 5000.000000 0.4999
575 5000.000000 0.4999
576 5000.000000 0.4999
577 5000.000000 0.4999
578 5000.000000 0.4999
579 5000.000000 0.4999
580 5000.000000 0.4999
581 5000.000000 0.4999
582 5000.000000 0.4999
583 5000.000000 0.4999
584 5000.000000 0.4999
585 5000.000000 0.4999
586 5000.000000 0.4999
587 5000.000000 0.4999
588 5000.000000 0.4999
589 5000.000000 0.4999
590 5000.000000 0.4999
591 5000.000000 0.4999
592 5000.000000 0.4999
593 5000.000000 0.4999
594 5000.000000 0.4999
595 5000.000000 0.4999
596 5000.000000 0.4999
597 5000.000000 0.4999
598 5000.000000 0.4999
599 5000.000000 0.4999
600 5000.000000 0.4999
601 5000.000000 0.4999
602 5000.000000 0.4999
603 5000.000000 0.4999
604 5000.000000 0.4999
605 5000.000000 0.4999
606 5000.000000 0.4999
607 5000.000000 0.4999
608 5000.000000 0.4999
609 5000.000000 0.4999
610 5000.000000 0.4999
611 5000.000000 0.4999
612 5000.000000 0.4999
613 5000.000000 0.4999
614 5000.000000 0.4999
615 5000.000000 0.4999
616 5000.000000 0.4999
617 5000.000000 0.4999
618 5000.000000 0.4999
619 5000.000000 0.4999
620 5000.000000 0.4999
621 5000.000000 0.4999
622 5000.000000 0.4999
623 5000.000000 0.4999
624 5000.000000 0.4999
625 5000.000000 0.4999
626 5000.000000 0.4999
627 5000.000000 0.4999
628 5000.000000 0.4999
629 5000.000000 0.4999
630 5000.000000 0.4999
631 5000.000000 0.4999
632 5000.000000 0.4999
633 5000.000000 0.4999
634 5000.000000 0.4999
635 5000.000000 0.4999
636 5000.000000 0.4999
637 5000.000000 0.4999
638 5000.000000 0.4999
639 5000.000000 0.4999
640 5000.000000 0.4999
641 5000.000000 0.4999
642 5000.000000 0.4999
643 5000.000000 0.4999
644 5000.000000 0.4999
645 5000.000000 0.4999
646 5000.000000 0.4999
647 5000.000000 0.4999
648 5000.000000 0.4999
649 5000.000000 0.4999
650 5000.000000 0.4999
651 5000.000000 0.4999
652 5000.000000 0.4999
653 5000.000000 0.4999
654 5000.000000 0.4999
655 5000.000000 0.4999
656 5000.000000 0.4999
657 5000.000000 0.4999
658 5000.000000 0.4999
659 5000.000000 0.4999
660 5000.000000 0.4999
661 5000.000000 0.4999
662 5000.000000 0.4999
663 5000.000000 0.4999
664 5000.000000 0.4999
665 5000.000000 0.4999
666 5000.000000 0.4999
667 5000.000000 0.4999
668 5000.000000 0.4999
669 5000.000000 0.4999
670 5000.000000 0.4999
671 5000.000000 0.4999
672 5000.000000 0.4999
673 5000.000000 0.4999
674 5000.000000 0.4999
675 5000.000000 0.4999
676 5000.000000 0.4999
677 5000.000000 0.4999
678 5000.000000 0.4999
679 5000.000000 0.4999
680 5000.000000 0.4999
681 5000.000000 0.4999
682 5000.000000 0.4999
683 5000.000000 0.4999
684 5000.000000 0.4999
685 5000.000000 0.4999
686 5000.000000 0.4999
687 5000.000000 0.4999
688 5000.000000 0.4999
689 5000.000000 0.4999
690 5000.000000 0.4999
691 5000.000000 0.4999
692 5000.000000 0.4999
693 5000.000000 0.4999
694 5000.000000 0.4999
695 5000.000000 0.4999
696 5000.000000 0.4999
697 5000.000000 0.4999
698 5000.000000 0.4999
699 5000.000000 0.4999
700 5000.000000 0.4999
701 5000.000000 0.4999
702 5000.000000 0.4999
703 5000.000000 0.4999
704 5000.000000 0.4999
705 5000.000000 0.4999
706 5000.000000 0.4999
707 5000.000000 0.4999
708 5000.000000 0.4999
709 5000.000000 0.4999
710 5000.000000 0.4999
711 5000.000000 0.4999
712 5000.000000 0.4999
713 5000.000000 0.4999
714 5000.000000 0.4999
715 5000.000000 0.4999
716 5000.000000 0.4999
717 5000.000000 0.4999
718 5000.000000 0.4999
719 5000.000000 0.4999
720 5000.000000 0.4999
721 5000.000000 0.4999
722 5000.000000 0.4999
723 5000.000000 0.4999
724 5000.000000 0.4999
725 5000.000000 0.4999
726 5000.000000 0.4999
727 5000.000000 0.4999
728 5000.000000 0.4999
729 5000.000000 0.4999
730 5000.000000 0.4999
731 5000.000000 0.4999
732 5000.000000 0.4999
733 5000.000000 0.4999
734 5000.000000 0.4999
735 5000.000000 0.4999
736 5000.000000 0.4999
737 5000.000000 0.4999
738 5000.000000 0.4999
739 5000.000000 0.4999
740 5000.000000 0.4999
741 5000.000000 0.4999
742 5000.000000 0.4999
743 5000.000000 0.4999
744 5000.000000 0.4999
745 5000.000000 0.4999
746 5000.000000 0.4999
747 5000.000000 0.4999
748 5000.000000 0.4999
749 5000.000000 0.4999
750 5000.000000 0.4999
751 5000.000000 0.4999
752 5000.000000 0.4999
753 5000.000000 0.4999
754 5000.000000 0.4999
755 5000.000000 0.4999
756 5000.000000 0.4999
757 5000.000000 0.4999
758 5000.000000 0.4999
759 5000.000000 0.4999
760 5000.000000 0.4999
761 5000.000000 0.4999
762 5000.000000 0.4999
763 5000.000000 0.4999
764 5000.000000 0.4999
765 5000.000000 0.4999
766 5000.000000 0.4999
767 5000.000000 0.4999
768 5000.000000 0.4999
769 5000.000000 0.4999
770 5000.000000 0.4999
771 5000.000000 0.4999
772 5000.000000 0.4999
773 5000.000000 0.4999
774 5000.000000 0.4999
775 5000.000000 0.4999
776 5000.000000 0.4999
777 5000.000000 0.4999
778 5000.000000 0.4999
779 5000.000000 0.4999
780 5000.000000 0.4999
781 5000.000000 0.4999
782 5000.000000 0.4999
783 5000.000000 0.4999
784 5000.000000 0.4999
785 5000.000000 0.4999
786 5000.000000 0.4999
787 5000.000000 0.4999
788 5000.000000 0.4999
789 5000.000000 0.4999
790 5000.000000 0.4999
791 5000.000000 0.4999
792 5000.000000 0.4999
793 5000.000000 0.4999
794 5000.000000 0.4999
795 5000.000000 0.4999
796 5000.000000 0.4999
797 5000.000000 0.4999
798 5000.000000 0.4999
799 5000.000000 0.4999
800 5000.000000 0.4999
801 5000.000000 0.4999
802 5000.000000 0.4999
803 5000.000000 0.4999
804 5000.000000 0.4999
805 5000.000000 0.4999
806 5000.000000 0.4999
807 5000.000000 0.4999
808 5000.000000 0.4999
809 5000.000000 0.4999
810 5000.000000 0.4999
811 5000.000000 0.4999
812 5000.000000 0.4999
813 5000.000000 0.4999
814 5000.000000 0.4999
815 5000.000000 0.4999
816 5000.000000 0.4999
817 5000.000000 0.4999
818 5000.000000 0.4999
819 5000.000000 0.4999
820 5000.000000 0.4999
821 5000.000000 0.4999
822 5000.000000 0.4999
823 5000.000000 0.4999
824 5000.000000 0.4999
825 5000.000000 0.4999
826 5000.000000 0.4999
827 5000.000000 0.4999
828 5000.000000 0.4999
829 5000.000000 0.4999
830 5000.000000 0.4999
831 5000.000000 0.4999
832 5000.000000 0.4999
833 5000.000000 0.4999
834 5000.000000 0.4999
835 5000.000000 0.4999
836 5000.000000 0.4999
837 5000.000000 0.4999
838 5000.000000 0.4999
839 5000.000000 0.4999
840 5000.000000 0.4999
841 5000.000000 0.4999
842 5000.000000 0.4999
843 5000.000000 0.4999
844 5000.000000 0.4999
845 5000.000000 0.4999
846 5000.000000 0.4999
847 5000.000000 0.4999
848 5000.000000 0.4999
849 5000.000000 0.4999
850 5000.000000 0.4999
851 5000.000000 0.4999
852 5000.000000 0.4999
853 5000.000000 0.4999
854 5000.000000 0.4999
855 5000.000000 0.4999
856 5000.000000 0.4999
857 5000.000000 0.4999
858 5000.000000 0.4999
859 5000.000000 0.4999
860 5000.000000 0.4999
861 5000.000000 0.4999
862 5000.000000 0.4999
863 5000.000000 0.4999
864 5000.000000 0.4999
865 5000.000000 0.4999
866 5000.000000 0.4999
867 5000.000000 0.4999
868 5000.000000 0.4999
869 5000.000000 0.4999
870 5000.000000 0.4999
871 5000.000000 0.4999
872 5000.000000 0.4999
873 5000.000000 0.4999
874 5000.000000 0.4999
875 5000.000000 0.4999
876 5000.000000 0.4999
877 5000.000000 0.4999
878 5000.000000 0.4999
879 5000.000000 0.4999
880 5000.000000 0.4999
881 5000.000000 0.4999
882 5000.000000 0.4999
883 5000.000000 0.4999
884 5000.000000 0.4999
885 5000.000000 0.4999
886 5000.000000 0.4999
887 5000.000000 0.4999
888 5000.000000 0.4999
889 5000.000000 0.4999
890 5000.000000 0.4999
891 5000.000000 0.4999
892 5000.000000 0.4999
893 5000.000000 0.4999
894 5000.000000 0.4999
895 5000.000000 0.4999
896 5000.000000 0.4999
897 5000.000000 0.4999
898 5000.000000 0.4999
899 5000.000000 0.4999
900 5000.000000 0.4999
901 5000.000000 0.4999
902 5000.000000 0.4999
903 5000.000000 0.4999
904 5000.000000 0.4999
905 5000.000000 0.4999
906 5000.000000 0.4999
907 5000.000000 0.4999
908 5000.000000 0.4999
909 5000.000000 0.4999
910 5000.000000 0.4999
911 5000.000000 0.4999
912 5000.000000 0.4999
913 5000.000000 0.4999
914 5000.000000 0.4999
915 5000.000000 0.4999
916 5000.000000 0.4999
917 5000.000000 0.4999
918 5000.000000 0.4999
919 5000.000000 0.4999
920 5000.000000 0.4999
921 5000.000000 0.4999
922 5000.000000 0.4999
923 5000.000000 0.4999
924 5000.000000 0.4999
925 5000.000000 0.4999
926 5000.000000 0.4999
927 5000.000000 0.4999
928 5000.000000 0.4999
929 5000.000000 0.4999
930 5000.000000 0.4999
931 5000.000000 0.4999
932 5000.000000 0.4999
933 5000.000000 0.4999
934 5000.000000 0.4999
935 5000.000000 0.4999
936 5000.000000 0.4999
937 5000.000000 0.4999
938 5000.000000 0.4999
939 5000.000000 0.4999
940 5000.000000 0.4999
941 5000.000000 0.4999
942 5000.000000 0.4999
943 5000.000000 0.4999
944 5000.000000 0.4999
945 5000.000000 0.4999
946 5000.000000 0.4999
947 5000.000000 0.4999
948 5000.000000 0.4999
949 5000.000000 0.4999
950 5000.000000 0.4999
951 5000.000000 0.4999
952 5000.000000 0.4999
953 5000.000000 0.4999
954 5000.000000 0.4999
955 5000.000000 0.4999
956 5000.000000 0.4999
957 5000.000000 0.4999
958 5000.000000 0.4999
959 5000.000000 0.4999
960 5000.000000 0.4999
961 5000.000000 0.4999
962 5000.000000 0.4999
963 5000.000000 0.4999
964 5000.000000 0.4999
965 5000.000000 0.4999
966 5000.000000 0.4999
967 5000.000000 0.4999
968 5000.000000 0.4999
969 5000.000000 0.4999
970 5000.000000 0.4999
971 5000.000000 0.4999
972 5000.000000 0.4999
973 5000.000000 0.4999
974 5000.000000 0.4999
975 5000.000000 0.4999
976 5000.000000 0.4999
977 5000.000000 0.4999
978 5000.000000 0.4999
979 5000.000000 0.4999
980 5000.000000 0.4999
981 5000.000000 0.4999
982 5000.000000 0.4999
983 5000.000000 0.4999
984 5000.000000 0.4999
985 5000.000000 0.4999
986 5000.000000 0.4999
987 5000.000000 0.4999
988 5000.000000 0.4999
989 5000.000000 0.4999
990 5000.000000 0.4999
991 5000.000000 0.4999
992 5000.000000 0.4999
993 5000.000000 0.4999
994 5000.000000 0.4999
995 5000.000000 0.4999
996 5000.000000 0.4999
997 5000.000000 0.4999
998 5000.000000 0.4999
999 5000.000000 0.4999
1000 5000.000000 0.4999
1001 5000.000000 0.4999
1002 5000.000000 0.4999
1003 5000.000000 0.4999
1004 5000.000000 0.4999
1005 5000.000000 0.4999
1006 5000.000000 0.4999
1007 5000.000000 0.4999
1008 5000.000000 0.4999
1009 5000.000000 0.4999
1010 5000.000000 0.4999
1011 5000.000000 0.4999
1012 5000.000000 0.4999
1013 5000.000000 0.4999
1014 5000.000000 0.4999
1015 5000.000000 0.4999
1016 5000.000000 0.4999
1017 5000.000000 0.4999
1018 5000.000000 0.4999
1019 5000.000000 0.4999
1020 5000.000000 0.4999
1021 5000.000000 0.4999
1022 5000.000000 0.4999
1023 5000.000000 0.4999
1024 5000.000000 0.4999
1025 5000.000000 0.4999
1026 5000.000000 0.4999
1027 5000.000000 0.4999
1028 5000.000000 0.4999
1029 5000.000000 0.4999
1030 5000.000000 0.4999
1031 5000.000000 0.4999
1032 5000.000000 0.4999
1033 5000.000000 0.4999
1034 5000.000000 0.4999
1035 5000.000000 0.4999
1036 5000.000000 0.4999
1037 5000.000000 0.4999
1038 5000.000000 0.4999
1039 5000.000000 0.4999
1040 5000.000000 0.4999
1041 5000.000000 0.4999
1042 5000.000000 0.4999
1043 5000.000000 0.4999
1044 5000.000000 0.4999
1045 5000.000000 0.4999
1046 5000.000000 0.4999
1047 5000.000000 0.4999
1048 5000.000000 0.4999
1049 5000.000000 0.4999
1050 5000.000000 0.4999
1051 5000.000000 0.4999
1052 5000.000000 0.4999
1053 5000.000000 0.4999
1054 5000.000000 0.4999
1055 5000.000000 0.4999
1056 5000.000000 0.4999
1057 5000.000000 0.4999
1058 5000.000000 0.4999
1059 5000.000000 0.4999
1060 5000.000000 0.4999
1061 5000.000000 0.4999
1062 5000.000000 0.4999
1063 5000.000000 0.4999
1064 5000.000000 0.4999
1065 5000.000000 0.4999
1066 5000.000000 0.4999
1067 5000.000000 0.4999
1068 5000.000000 0.4999
1069 5000.000000 0.4999
1070 5000.000000 0.4999
1071 5000.000000 0.4999
1072 5000.000000 0.4999
1073 5000.000000 0.4999
1074 5000.000000 0.4999
1075 5000.000000 0.4999
1076 5000.000000 0.4999
1077 5000.000000 0.4999
1078 5000.000000 0.4999
1079 5000.000000 0.4999
1080 5000.000000 0.4999
1081 5000.000000 0.4999
1082 5000.000000 0.4999
1083 5000.000000 0.4999
1084 5000.000000 0.4999
1085 5000.000000 0.4999
1086 5000.000000 0.4999
1087 5000.000000 0.4999
1088 5000.000000 0.4999
1089 5000.000000 0.4999
1090 5000.000000 0.4999
1091 5000.000000 0.4999
1092 5000.000000 0.4999
1093 5000.000000 0.4999
1094 5000.000000 0.4999
1095 5000.000000 0.4999
1096 5000.000000 0.4999
1097 5000.000000 0.4999
1098 5000.000000 0.4999
1099 5000.000000 0.4999
1100 5000.000000 0.4999
1101 5000.000000 0.4999
1102 5000.000000 0.4999
1103 5000.000000 0.4999
1104 5000.000000 0.4999
1105 5000.000000 0.4999
1106 5000.000000 0.4999
1107 5000.000000 0.4999
1108 5000.000000 0.4999
1109 5000.000000 0.4999
1110 5000.000000 0.4999
1111 5000.000000 0.4999
1112 5000.000000 0.4999
1113 5000.000000 0.4999
1114 5000.000000 0.4999
1115 5000.000000 0.4999
1116 5000.000000 0.4999
1117 5000.000000 0.4999
1118 5000.000000 0.4999
1119 5000.000000 0.4999
1120 5000.000000 0.4999
1121 5000.000000 0.4999
1122 5000.000000 0.4999
1123 5000.000000 0.4999
1124 5000.000000 0.4999
1125 5000.000000 0.4999
1126 5000.000000 0.4999
1127 5000.000000 0.4999
1128 5000.000000 0.4999
1129 5000.000000 0.4999
1130 5000.000000 0.4999
1131 5000.000000 0.4999
1132 5000.000000 0.4999
1133 5000.000000 0.4999
1134 5000.000000 0.4999
1135 5000.000000 0.4999
1136 5000.000000 0.4999
1137 5000.000000 0.4999
1138 5000.000000 0.4999
1139 5000.000000 0.4999
1140 5000.000000 0.4999
1141 5000.000000 0.4999
1142 5000.000000 0.4999
1143 5000.000000 0.4999
1144 5000.000000 0.4999
1145 5000.000000 0.4999
1146 5000.000000 0.4999
1147 5000.000000 0.4999
1148 5000.000000 0.4999
1149 5000.000000 0.4999
1150 5000.000000 0.4999
1151 5000.000000 0.4999
1152 5000.000000 0.4999
1153 5000.000000 0.4999
1154 5000.000000 0.4999
1155 5000.000000 0.4999
1156 5000.000000 0.4999
1157 5000.000000 0.4999
1158 5000.000000 0.4999
1159 5000.000000 0.4999
1160 5000.000000 0.4999
1161 5000.000000 0.4999
1162 5000.000000 0.4999
1163 5000.000000 0.4999
1164 5000.000000 0.4999
1165 5000.000000 0.4999
1166 5000.000000 0.4999
1167 5000.000000 0.4999
1168 5000.000000 0.4999
1169 5000.000000 0.4999
1170 5000.000000 0.4999
1171 5000.000000 0.4999
1172 5000.000000 0.4999
1173 5000.000000 0.4999
1174 5000.000000 0.4999
1175 5000.000000 0.4999
1176 5000.000000 0.4999
1177 5000.000000 0.4999
1178 5000.000000 0.4999
1179 5000.000000 0.4999
1180 5000.000000 0.4999
1181 5000.000000 0.4999
1182 5000.000000 0.4999
1183 5000.000000 0.4999
1184 5000.000000 0.4999
1185 5000.000000 0.4999
1186 5000.000000 0.4999
1187 5000.000000 0.4999
1188 5000.000000 0.4999
1189 5000.000000 0.4999
1190 5000.000000 0.4999
1191 5000.000000 0.4999
1192 5000.000000 0.4999
1193 5000.000000 0.4999
1194 5000.000000 0.4999
1195 5000.000000 0.4999
1196 5000.000000 0.4999
1197 5000.000000 0.4999
1198 5000.000000 0.4999
1199 5000.000000 0.4999
1200 5000.000000 0.4999
1201 5000.000000 0.4999
1202 5000.000000 0.4999
1203 5000.000000 0.4999
1204 5000.000000 0.4999
1205 5000.000000 0.4999
1206 5000.000000 0.4999
1207 5000.000000 0.4999
1208 5000.000000 0.4999
1209 5000.000000 0.4999
1210 5000.000000 0.4999
1211 5000.000000 0.4999
1212 5000.000000 0.4999
1213 5000.000000 0.4999
1214 5000.000000 0.4999
1215 5000.000000 0.4999
1216 5000.000000 0.4999
1217 5000.000000 0.4999
1218 5000.000000 0.4999
1219 5000.000000 0.4999
1220 5000.000000 0.4999
1221 5000.000000 0.4999
1222 5000.000000 0.4999
1223 5000.000000 0.4999
1224 5000.000000 0.4999
1225 5000.000000 0.4999
1226 5000.000000 0.4999
1227 5000.000000 0.4999
1228 5000.000000 0.4999
1229 5000.000000 0.4999
1230 5000.000000 0.4999
1231 5000.000000 0.4999
1232 5000.000000 0.4999
1233 5000.000000 0.4999
1234 5000.000000 0.4999
1235 5000.000000 0.4999
1236 5000.000000 0.4999
1237 5000.000000 0.4999
1238 5000.000000 0.4999
1239 5000.000000 0.4999
1240 5000.000000 0.4999
1241 5000.000000 0.4999
1242 5000.000000 0.4999
1243 5000.000000 0.4999
1244 5000.000000 0.4999
1245 5000.000000 0.4999
1246 5000.000000 0.4999
1247 5000.000000 0.4999
1248 5000.000000 0.4999
1249 5000.000000 0.4999
1250 5000.000000 0.4999
1251 5000.000000 0.4999
1252 5000.000000 0.4999
1253 5000.000000 0.4999
1254 5000.000000 0.4999
1255 5000.000000 0.4999
1256 5000.000000 0.4999
1257 5000.000000 0.4999
1258 5000.000000 0.4999
1259 5000.000000 0.4999
1260 5000.000000 0.4999
1261 5000.000000 0.4999
1262 5000.000000 0.4999
1263 5000.000000 0.4999
1264 5000.000000 0.4999
1265 5000.000000 0.4999
1266 5000.000000 0.4999
1267 5000.000000 0.4999
1268 5000.000000 0.4999
1269 5000.000000 0.4999
1270 5000.000000 0.4999
1271 5000.000000 0.4999
1272 5000.000000 0.4999
1273 5000.000000 0.4999
1274 5000.000000 0.4999
1275 5000.000000 0.4999
1276 5000.000000 0.4999
1277 5000.000000 0.4999
1278 5000.000000 0.4999
1279 5000.000000 0.4999
1280 5000.000000 0.4999
1281 5000.000000 0.4999
1282 5000.000000 0.4999
1283 5000.000000 0.4999
1284 5000.000000 0.4999
1285 5000.000000 0.4999
1286 5000.000000 0.4999
1287 5000.000000 0.4999
1288 5000.000000 0.4999
1289 5000.000000 0.4999
1290 5000.000000 0.4999
1291 5000.000000 0.4999
1292 5000.000000 0.4999
1293 5000.000000 0.4999
1294 5000.000000 0.4999
1295 5000.000000 0.4999
1296 5000.000000 0.4999
1297 5000.000000 0.4999
1298 5000.000000 0.4999
1299 5000.000000 0.4999
1300 5000.000000 0.4999
1301 5000.000000 0.4999
1302 5000.000000 0.4999
1303 5000.000000 0.4999
1304 5000.000000 0.4999
1305 5000.000000 0.4999
1306 5000.000000 0.4999
1307 5000.000000 0.4999
1308 5000.000000 0.4999
1309 5000.000000 0.4999
1310 5000.000000 0.4999
1311 5000.000000 0.4999
1312 5000.000000 0.4999
1313 5000.000000 0.4999
1314 5000.000000 0.4999
1315 5000.000000 0.4999
1316 5000.000000 0.4999
1317 5000.000000 0.4999
1318 5000.000000 0.4999
1319 5000.000000 0.4999
1320 5000.000000 0.4999
1321 5000.000000 0.4999
1322 5000.000000 0.4999
1323 5000.000000 0.4999
1324 5000.000000 0.4999
1325 5000.000000 0.4999
1326 5000.000000 0.4999
1327 5000.000000 0.4999
1328 5000.000000 0.4999
1329 5000.000000 0.4999
1330 5000.000000 0.4999
1331 5000.000000 0.4999
1332 5000.000000 0.4999
1333 5000.000000 0.4999
1334 5000.000000 0.4999
1335 5000.000000 0.4999
1336 5000.000000 0.4999
1337 5000.000000 0.4999
1338 5000.000000 0.4999
1339 5000.000000 0.4999
1340 5000.000000 0.4999
1341 5000.000000 0.4999
1342 5000.000000 0.4999
1343 5000.000000 0.4999
1344 5000.000000 0.4999
1345 5000.000000 0.4999
1346 5000.000000 0.4999
1347 5000.000000 0.4999
1348 5000.000000 0.4999
1349 5000.000000 0.4999
1350 5000.000000 0.4999
1351 5000.000000 0.4999
1352 5000.000000 0.4999
1353 5000.000000 0.4999
1354 5000.000000 0.4999
1355 5000.000000 0.4999
1356 5000.000000 0.4999
1357 5000.000000 0.4999
1358 5000.000000 0.4999
1359 5000.000000 0.4999
1360 5000.000000 0.4999
1361 5000.000000 0.4999
1362 5000.000000 0.4999
1363 5000.000000 0.4999
1364 5000.000000 0.4999
1365 5000.000000 0.4999
1366 5000.000000 0.4999
1367 5000.000000 0.4999
1368 5000.000000 0.4999
1369 5000.000000 0.4999
1370 5000.000000 0.4999
1371 5000.000000 0.4999
1372 5000.000000 0.4999
1373 5000.000000 0.4999
1374 5000.000000 0.4999
1375 5000.000000 0.4999
1376 5000.000000 0.4999
1377 5000.000000 0.4999
1378 5000.000000 0.4999
1379 5000.000000 0.4999
1380 5000.000000 0.4999
1381 5000.000000 0.4999
1382 5000.000000 0.4999
1383 5000.000000 0.4999
1384 5000.000000 0.4999
1385 5000.000000 0.4999
1386 5000.000000 0.4999
1387 5000.000000 0.4999
1388 5000.000000 0.4999
1389 5000.000000 0.4999
1390 5000.000000 0.4999
1391 5000.000000 0.4999
1392 5000.000000 0.4999
1393 5000.000000 0.4999
1394 5000.000000 0.4999
1395 5000.000000 0.4999
1396 5000.000000 0.4999
1397 5000.000000 0.4999
1398 5000.000000 0.4999
1399 5000.000000 0.4999
1400 5000.000000 0.4999
1401 5000.000000 0.4999
1402 5000.000000 0.4999
1403 5000.000000 0.4999
1404 5000.000000 0.4999
1405 5000.000000 0.4999
1406 5000.000000 0.4999
1407 5000.000000 0.4999
1408 5000.000000 0.4999
1409 5000.000000 0.4999
1410 5000.000000 0.4999
1411 5000.000000 0.4999
1412 5000.000000 0.4999
1413 5000.000000 0.4999
1414 5000.000000 0.4999
1415 5000.000000 0.4999
1416 5000.000000 0.4999
1417 5000.000000 0.4999
1418 5000.000000 0.4999
1419 5000.000000 0.4999
1420 5000.000000 0.4999
1421 5000.000000 0.4999
1422 5000.000000 0.4999
1423 5000.000000 0.4999
1424 5000.000000 0.4999
1425 5000.000000 0.4999
1426 5000.000000 0.4999
1427 5000.000000 0.4999
1428 5000.000000 0.4999
1429 5000.000000 0.4999
1430 5000.000000 0.4999
1431 5000.000000 0.4999
1432 5000.000000 0.4999
1433 5000.000000 0.4999
1434 5000.000000 0.4999
1435 5000.000000 0.4999
1436 5000.000000 0.4999
1437 5000.000000 0.4999
1438 5000.000000 0.4999
1439 5000.000000 0.4999
1440 5000.000000 0.4999
1441 5000.000000 0.4999
1442 5000.000000 0.4999
1443 5000.000000 0.4999
1444 5000.000000 0.4999
1445 5000.000000 0.4999
1446 5000.000000 0.4999
1447 5000.000000 0.4999
1448 5000.000000 0.4999
1449 5000.000000 0.4999
1450 5000.000000 0.4999
1451 5000.000000 0.4999
1452 5000.000000 0.4999
1453 5000.000000 0.4999
1454 5000.000000 0.4999
1455 5000.000000 0.4999
1456 5000.000000 0.4999
1457 5000.000000 0.4999
1458 5000.000000 0.4999
1459 5000.000000 0.4999
1460 5000.000000 0.4999
1461 5000.000000 0.4999
1462 5000.000000 0.4999
1463 5000.000000 0.4999
1464 5000.000000 0.4999
1465 5000.000000 0.4999
1466 5000.000000 0.4999
1467 5000.000000 0.4999
1468 5000.000000 0.4999
1469 5000.000000 0.4999
1470 5000.000000 0.4999
1471 5000.000000 0.4999
1472 5000.000000 0.4999
1473 5000.000000 0.4999
1474 5000.000000 0.4999
1475 5000.000000 0.4999
1476 5000.000000 0.4999
1477 5000.000000 0.4999
1478 5000.000000 0.4999
1479 5000.000000 0.4999
1480 5000.000000 0.4999
1481 5000.000000 0.4999
1482 5000.000000 0.4999
1483 5000.000000 0.4999
1484 5000.000000 0.4999
1485 5000.000000 0.4999
1486 5000.000000 0.4999
1487 5000.000000 0.4999
1488 5000.000000 0.4999
1489 5000.000000 0.4999
1490 5000.000000 0.4999
1491 5000.000000 0.4999
1492 5000.000000 0.4999
1493 5000.000000 0.4999
1494 5000.000000 0.4999
1495 5000.000000 0.4999
1496 5000.000000 0.4999
1497 5000.000000 0.4999
1498 5000.000000 0.4999
1499 5000.000000 0.4999
1500 5000.000000 0.4999
1501 5000.000000 0.4999
1502 5000.000000 0.4999
1503 5000.000000 0.4999
1504 5000.000000 0.4999
1505 5000.000000 0.4999
1506 5000.000000 0.4999
1507 5000.000000 0.4999
1508 5000.000000 0.4999
1509 5000.000000 0.4999
1510 5000.000000 0.4999
1511 5000.000000 0.4999
1512 5000.000000 0.4999
1513 5000.000000 0.4999
1514 5000.000000 0.4999
1515 5000.000000 0.4999
1516 5000.000000 0.4999
1517 5000.000000 0.4999
1518 5000.000000 0.4999
1519 5000.000000 0.4999
1520 5000.000000 0.4999
1521 5000.000000 0.4999
1522 5000.000000 0.4999
1523 5000.000000 0.4999
1524 5000.000000 0.4999
1525 5000.000000 0.4999
1526 5000.000000 0.4999
1527 5000.000000 0.4999
1528 5000.000000 0.4999
1529 5000.000000 0.4999
1530 5000.000000 0.4999
1531 5000.000000 0.4999
1532 5000.000000 0.4999
1533 5000.000000 0.4999
1534 5000.000000 0.4999
1535 5000.000000 0.4999
1536 5000.000000 0.4999
1537 5000.000000 0.4999
1538 5000.000000 0.4999
1539 5000.000000 0.4999
1540 5000.000000 0.4999
1541 5000.000000 0.4999
1542 5000.000000 0.4999
1543 5000.000000 0.4999
1544 5000.000000 0.4999
1545 5000.000000 0.4999
1546 5000.000000 0.4999
1547 5000.000000 0.4999
1548 5000.000000 0.4999
1549 5000.000000 0.4999
1550 5000.000000 0.4999
1551 5000.000000 0.4999
1552 5000.000000 0.4999
1553 5000.000000 0.4999
1554 5000.000000 0.4999
1555 5000.000000 0.4999
1556 5000.000000 0.4999
1557 5000.000000 0.4999
1558 5000.000000 0.4999
1559 5000.000000 0.4999
1560 5000.000000 0.4999
1561 5000.000000 0.4999
1562 5000.000000 0.4999
1563 5000.000000 0.4999
1564 5000.000000 0.4999
1565 5000.000000 0.4999
1566 5000.000000 0.4999
1567 5000.000000 0.4999
1568 5000.000000 0.4999
1569 5000.000000 0.4999
1570 5000.000000 0.4999
1571 5000.000000 0.4999
1572 5000.000000 0.4999
1573 5000.000000 0.4999
1574 5000.000000 0.4999
1575 5000.000000 0.4999
1576 5000.000000 0.4999
1577 5000.000000 0.4999
1578 5000.000000 0.4999
1579 5000.000000 0.4999
1580 5000.000000 0.4999
1581 5000.000000 0.4999
1582 5000.000000 0.4999
1583 5000.000000 0.4999
1584 5000.000000 0.4999
1585 5000.000000 0.4999
1586 5000.000000 0.4999
1587 5000.000000 0.4999
1588 5000.000000 0.4999
1589 5000.000000 0.4999
1590 5000.000000 0.4999
1591 5000.000000 0.4999
1592 5000.000000 0.4999
1593 5000.000000 0.4999
1594 5000.000000 0.4999
1595 5000.000000 0.4999
1596 5000.000000 0.4999
1597 5000.000000 0.4999
1598 5000.000000 0.4999
1599 5000.000000 0.4999
1600 5000.000000 0.4999
1601 5000.000000 0.4999
1602 5000.000000 0.4999
1603 5000.000000 0.4999
1604 5000.000000 0.4999
1605 5000.000000 0.4999
1606 5000.000000 0.4999
1607 5000.000000 0.4999
1608 5000.000000 0.4999
1609 5000.000000 0.4999
1610 5000.000000 0.4999
1611 5000.000000 0.4999
1612 5000.000000 0.4999
1613 5000.000000 0.4999
1614 5000.000000 0.4999
1615 5000.000000 0.4999
1616 5000.000000 0.4999
1617 5000.000000 0.4999
1618 5000.000000 0.4999
1619 5000.000000 0.4999
1620 5000.000000 0.4999
1621 5000.000000 0.4999
1622 5000.000000 0.4999
1623 5000.000000 0.4999
1624 5000.000000 0.4999
1625 5000.000000 0.4999
1626 5000.000000 0.4999
1627 5000.000000 0.4999
1628 5000.000000 0.4999
1629 5000.000000 0.4999
1630 5000.000000 0.4999
1631 5000.000000 0.4999
1632 5000.000000 0.4999
1633 5000.000000 0.4999
1634 5000.000000 0.4999
1635 5000.000000 0.4999
1636 5000.000000 0.4999
1637 5000.000000 0.4999
1638 5000.000000 0.4999
1639 5000.000000 0.4999
1640 5000.000000 0.4999
1641 5000.000000 0.4999
1642 5000.000000 0.4999
1643 5000.000000 0.4999
1644 5000.000000 0.4999
1645 5000.000000 0.4999
1646 5000.000000 0.4999
1647 5000.000000 0.4999
1648 5000.000000 0.4999
1649 5000.000000 0.4999
1650 5000.000000 0.4999
1651 5000.000000 0.4999
1652 5000.000000 0.4999
1653 5000.000000 0.4999
1654 5000.000000 0.4999
1655 5000.000000 0.4999
1656 5000.000000 0.4999
1657 5000.000000 0.4999
1658 5000.000000 0.4999
1659 5000.000000 0.4999
1660 5000.000000 0.4999
1661 5000.000000 0.4999
1662 5000.000000 0.4999
1663 5000.000000 0.4999
1664 5000.000000 0.4999
1665 5000.000000 0.4999
1666 5000.000000 0.4999
1667 5000.000000 0.4999
1668 5000.000000 0.4999
1669 5000.000000 0.4999
1670 5000.000000 0.4999
1671 5000.000000 0.4999
1672 5000.000000 0.4999
1673 5000.000000 0.4999
1674 5000.000000 0.4999
1675 5000.000000 0.4999
1676 5000.000000 0.4999
1677 5000.000000 0.4999
1678 5000.000000 0.4999
1679 5000.000000 0.4999
1680 5000.000000 0.4999
1681 5000.000000 0.4999
1682 5000.000000 0.4999
1683 5000.000000 0.4999
1684 5000.000000 0.4999
1685 5000.000000 0.4999
1686 5000.000000 0.4999
1687 5000.000000 0.4999
1688 5000.000000 0.4999
1689 5000.000000 0.4999
1690 5000.000000 0.4999
1691 5000.000000 0.4999
1692 5000.000000 0.4999
1693 5000.000000 0.4999
1694 5000.000000 0.4999
1695 5000.000000 0.4999
1696 5000.000000 0.4999
1697 5000.000000 0.4999
1698 5000.000000 0.4999
1699 5000.000000 0.4999
1700 5000.000000 0.4999
1701 5000.000000 0.4999
1702 5000.000000 0.4999
1703 5000.000000 0.4999
1704 5000.000000 0.4999
1705 5000.000000 0.4999
1706 5000.000000 0.4999
1707 5000.000000 0.4999
1708 5000.000000 0.4999
1709 5000.000000 0.4999
1710 5000.000000 0.4999
1711 5000.000000 0.4999
1712 5000.000000 0.4999
1713 5000.000000 0.4999
1714 5000.000000 0.4999
1715 5000.000000 0.4999
1716 5000.000000 0.4999
1717 5000.000000 0.4999
1718 5000.000000 0.4999
1719 5000.000000 0.4999
1720 5000.000000 0.4999
1721 5000.000000 0.4999
1722 5000.000000 0.4999
1723 5000.000000 0.4999
1724 5000.000000 0.4999
1725 5000.000000 0.4999
1726 5000.000000 0.4999
1727 5000.000000 0.4999
1728 5000.000000 0.4999
1729 5000.000000 0.4999
1730 5000.000000 0.4999
1731 5000.000000 0.4999
1732 5000.000000 0.4999
1733 5000.000000 0.4999
1734 5000.000000 0.4999
1735 5000.000000 0.4999
1736 5000.000000 0.4999
1737 5000.000000 0.4999
1738 5000.000000 0.4999
1739 5000.000000 0.4999
1740 5000.000000 0.4999
1741 5000.000000 0.4999
1742 5000.000000 0.4999
1743 5000.000000 0.4999
1744 5000.000000 0.4999
1745 5000.000000 0.4999
1746 5000.000000 0.4999
1747 5000.000000 0.4999
1748 5000.000000 0.4999
1749 5000.000000 0.4999
1750 5000.000000 0.4999
1751 5000.000000 0.4999
1752 5000.000000 0.4999
1753 5000.000000 0.4999
1754 5000.000000 0.4999
1755 5000.000000 0.4999
1756 5000.000000 0.4999
1757 5000.000000 0.4999
1758 5000.000000 0.4999
1759 5000.000000 0.4999
1760 5000.000000 0.4999
1761 5000.000000 0.4999
1762 5000.000000 0.4999
1763 5000.000000 0.4999
1764 5000.000000 0.4999
1765 5000.000000 0.4999
1766 5000.000000 0.4999
1767 5000.000000 0.4999
1768 5000.000000 0.4999
1769 5000.000000 0.4999
1770 5000.000000 0.4999
1771 5000.000000 0.4999
1772 5000.000000 0.4999
1773 5000.000000 0.4999
1774 5000.000000 0.4999
1775 5000.000000 0.4999
1776 5000.000000 0.4999
1777 5000.000000 0.4999
1778 5000.000000 0.4999
1779 5000.000000 0.4999
1780 5000.000000 0.4999
1781 5000.000000 0.4999
1782 5000.000000 0.4999
1783 5000.000000 0.4999
1784 5000.000000 0.4999
1785 5000.000000 0.4999
1786 5000.000000 0.4999
1787 5000.000000 0.4999
1788 5000.000000 0.4999
1789 5000.000000 0.4999
1790 5000.000000 0.4999
1791 5000.000000 0.4999
1792 5000.000000 0.4999
1793 5000.000000 0.4999
1794 5000.000000 0.4999
1795 5000.000000 0.4999
1796 5000.000000 0.4999
1797 5000.000000 0.4999
1798 5000.000000 0.4999
1799 5000.000000 0.4999
1800 5000.000000 0.4999
1801 5000.000000 0.4999
1802 5000.000000 0.4999
1803 5000.000000 0.4999
1804 5000.000000 0.4999
1805 5000.000000 0.4999
1806 5000.000000 0.4999
1807 5000.000000 0.4999
1808 5000.000000 0.4999
1809 5000.000000 0.4999
1810 5000.000000 0.4999
1811 5000.000000 0.4999
1812 5000.000000 0.4999
1813 5000.000000 0.4999
1814 5000.000000 0.4999
1815 5000.000000 0.4999
1816 5000.000000 0.4999
1817 5000.000000 0.4999
1818 5000.000000 0.4999
1819 5000.000000 0.4999
1820 5000.000000 0.4999
1821 5000.000000 0.4999
1822 5000.000000 0.4999
1823 5000.000000 0.4999
1824 5000.000000 0.4999
1825 5000.000000 0.4999
1826 5000.000000 0.4999
1827 5000.000000 0.4999
1828 5000.000000 0.4999
1829 5000.000000 0.4999
1830 5000.000000 0.4999
1831 5000.000000 0.4999
1832 5000.000000 0.4999
1833 5000.000000 0.4999
1834 5000.000000 0.4999
1835 5000.000000 0.4999
1836 5000.000000 0.4999
1837 5000.000000 0.4999
1838 5000.000000 0.4999
1839 5000.000000 0.4999
1840 5000.000000 0.4999
1841 5000.000000 0.4999
1842 5000.000000 0.4999
1843 5000.000000 0.4999
1844 5000.000000 0.4999
1845 5000.000000 0.4999
1846 5000.000000 0.4999
1847 5000.000000 0.4999
1848 5000.000000 0.4999
1849 5000.000000 0.4999
1850 5000.000000 0.4999
1851 5000.000000 0.4999
1852 5000.000000 0.4999
1853 5000.000000 0.4999
1854 5000.000000 0.4999
1855 5000.000000 0.4999
1856 5000.000000 0.4999
1857 5000.000000 0.4999
1858 5000.000000 0.4999
1859 5000.000000 0.4999
1860 5000.000000 0.4999
1861 5000.000000 0.4999
1862 5000.000000 0.4999
1863 5000.000000 0.4999
1864 5000.000000 0.4999
1865 5000.000000 0.4999
1866 5000.000000 0.4999
1867 5000.000000 0.4999
1868 5000.000000 0.4999
1869 5000.000000 0.4999
1870 5000.000000 0.4999
1871 5000.000000 0.4999
1872 5000.000000 0.4999
1873 5000.000000 0.4999
1874 5000.000000 0.4999
1875 5000.000000 0.4999
1876 5000.000000 0.4999
1877 5000.000000 0.4999
1878 5000.000000 0.4999
1879 5000.000000 0.4999
1880 5000.000000 0.4999
1881 5000.000000 0.4999
1882 5000.000000 0.4999
1883 5000.000000 0.4999
1884 5000.000000 0.4999
1885 5000.000000 0.4999
1886 5000.000000 0.4999
1887 5000.000000 0.4999
1888 5000.000000 0.4999
1889 5000.000000 0.4999
1890 5000.000000 0.4999
1891 5000.000000 0.4999
1892 5000.000000 0.4999
1893 5000.000000 0.4999
1894 5000.000000 0.4999
1895 5000.000000 0.4999
1896 5000.000000 0.4999
1897 5000.000000 0.4999
1898 5000.000000 0.4999
1899 5000.000000 0.4999
1900 5000.000000 0.4999
1901 5000.000000 0.4999
1902 5000.000000 0.4999
1903 5000.000000 0.4999
1904 5000.000000 0.4999
1905 5000.000000 0.4999
1906 5000.000000 0.4999
1907 5000.000000 0.4999
1908 5000.000000 0.4999
1909 5000.000000 0.4999
1910 5000.000000 0.4999
1911 5000.000000 0.4999
1912 5000.000000 0.4999
1913 5000.000000 0.4999
1914 5000.000000 0.4999
1915 5000.000000 0.4999
1916 5000.000000 0.4999
1917 5000.000000 0.4999
1918 5000.000000 0.4999
1919 5000.000000 0.4999
1920 5000.000000 0.4999
1921 5000.000000 0.4999
1922 5000.000000 0.4999
1923 5000.000000 0.4999
1924 5000.000000 0.4999
1925 5000.000000 0.4999
1926 5000.000000 0.4999
1927 5000.000000 0.4999
1928 5000.000000 0.4999
1929 5000.000000 0.4999
1930 5000.000000 0.4999
1931 5000.000000 0.4999
1932 5000.000000 0.4999
1933 5000.000000 0.4999
1934 5000.000000 0.4999
1935 5000.000000 0.4999
1936 5000.000000 0.4999
1937 5000.000000 0.4999
1938 5000.000000 0.4999
1939 5000.000000 0.4999
1940 5000.000000 0.4999
1941 5000.000000 0.4999
1942 5000.000000 0.4999
1943 5000.000000 0.4999
1944 5000.000000 0.4999
1945 5000.000000 0.4999
1946 5000.000000 0.4999
1947 5000.000000 0.4999
1948 5000.000000 0.4999
1949 5000.000000 0.4999
1950 5000.000000 0.4999
1951 5000.000000 0.4999
1952 5000.000000 0.4999
1953 5000.000000 0.4999
1954 5000.000000 0.4999
1955 5000.000000 0.4999
1956 5000.000000 0.4999
1957 5000.000000 0.4999
1958 5000.000000 0.4999
1959 5000.000000 0.4999
1960 5000.000000 0.4999
1961 5000.000000 0.4999
1962 5000.000000 0.4999
1963 5000.000000 0.4999
1964 5000.000000 0.4999
1965 5000.000000 0.4999
1966 5000.000000 0.4999
1967 5000.000000 0.4999
1968 5000.000000 0.4999
1969 5000.000000 0.4999
1970 5000.000000 0.4999
1971 5000.000000 0.4999
1972 5000.000000 0.4999
1973 5000.000000 0.4999
1974 5000.000000 0.4999
1975 5000.000000 0.4999
1976 5000.000000 0.4999
1977 5000.000000 0.4999
1978 5000.000000 0.4999
1979 5000.000000 0.4999
1980 5000.000000 0.4999
1981 5000.000000 0.4999
1982 5000.000000 0.4999
1983 5000.000000 0.4999
1984 5000.000000 0.4999
1985 5000.000000 0.4999
1986 5000.000000 0.4999
1987 5000.000000 0.4999
1988 5000.000000 0.4999
1989 5000.000000 0.4999
1990 5000.000000 0.4999
1991 5000.000000 0.4999
1992 5000.000000 0.4999
1993 5000.000000 0.4999
1994 5000.000000 0.4999
1995 5000.000000 0.4999
1996 5000.000000 0.4999
1997 5000.000000 0.4999
1998 5000.000000 0.4999
1999 5000.000000 0.4999
2000 5000.000000 0.4999
2001 5000.000000 0.4999
2002 5000.000000 0.4999
2003 5000.000000 0.4999
2004 5000.000000 0.4999
2005 5000.000000 0.4999
2006 5000.000000 0.4999
2007 5000.000000 0.4999
2008 5000.000000 0.4999
2009 5000.000000 0.4999
2010 5000.000000 0.4999
2011 5000.000000 0.4999
2012 5000.000000 0.4999
2013 5000.000000 0.4999
2014 5000.000000 0.4999
2015 5000.000000 0.4999
2016 5000.000000 0.4999
2017 5000.000000 0.4999
2018 5000.000000 0.4999
2019 5000.000000 0.4999
2020 5000.000000 0.4999
2021 5000.000000 0.4999
2022 5000.000000 0.4999
2023 5000.000000 0.4999
2024 5000.000000 0.4999
2025 5000.000000 0.4999
2026 5000.000000 0.4999
2027 5000.000000 0.4999
2028 5000.000000 0.4999
2029 5000.000000 0.4999
2030 5000.000000 0.4999
2031 5000.000000 0.4999
2032 5000.000000 0.4999
2033 5000.000000 0.4999
2034 5000.000000 0.4999
2035 5000.000000 0.4999
2036 5000.000000 0.4999
2037 5000.000000 0.4999
2038 5000.000000 0.4999
2039 5000.000000 0.4999
2040 5000.000000 0.4999
2041 5000.000000 0.4999
2042 5000.000000 0.4999
2043 5000.000000 0.4999
2044 5000.000000 0.4999
2045 5000.000000 0.4999
2046 5000.000000 0.4999
2047 5000.000000 0.4999
2048 5000.000000 0.4999
2049 5000.000000 0.4999
2050 5000.000000 0.4999
2051 5000.000000 0.4999
2052 5000.000000 0.4999
2053 5000.000000 0.4999
2054 5000.000000 0.4999
2055 5000.000000 0.4999
2056 5000.000000 0.4999
2057 5000.000000 0.4999
2058 5000.000000 0.4999
2059 5000.000000 0.4999
2060 5000.000000 0.4999
2061 5000.000000 0.4999
2062 5000.000000 0.4999
2063 5000.000000 0.4999
2064 5000.000000 0.4999
2065 5000.000000 0.4999
2066 5000.000000 0.4999
2067 5000.000000 0.4999
2068 5000.000000 0.4999
2069 5000.000000 0.4999
2070 5000.000000 0.4999
2071 5000.000000 0.4999
2072 5000.000000 0.4999
2073 5000.000000 0.4999
2074 5000.000000 0.4999
2075 5000.000000 0.4999
2076 5000.000000 0.4999
2077 5000.000000 0.4999
2078 5000.000000 0.4999
2079 5000.000000 0.4999
2080 5000.000000 0.4999
2081 5000.000000 0.4999
2082 5000.000000 0.4999
2083 5000.000000 0.4999
2084 5000.000000 0.4999
2085 5000.000000 0.4999
2086 5000.000000 0.4999
2087 5000.000000 0.4999
2088 5000.000000 0.4999
2089 5000.000000 0.4999
2090 5000.000000 0.4999
2091 5000.000000 0.4999
2092 5000.000000 0.4999
2093 5000.000000 0.4999
2094 5000.000000 0.4999
2095 5000.000000 0.4999
2096 5000.000000 0.4999
2097 5000.000000 0.4999
2098 5000.000000 0.4999
2099 5000.000000 0.4999
2100 5000.000000 0.4999
2101 5000.000000 0.4999
2102 5000.000000 0.4999
2103 5000.000000 0.4999
2104 5000.000000 0.4999
2105 5000.000000 0.4999
2106 5000.000000 0.4999
2107 5000.000000 0.4999
2108 5000.000000 0.4999
2109 5000.000000 0.4999
2110 5000.000000 0.4999
2111 5000.000000 0.4999
2112 5000.000000 0.4999
2113 5000.000000 0.4999
2114 5000.000000 0.4999
2115 5000.000000 0.4999
2116 5000.000000 0.4999
2117 5000.000000 0.4999
2118 5000.000000 0.4999
2119 5000.000000 0.4999
2120 5000.000000 0.4999
2121 5000.000000 0.4999
2122 5000.000000 0.4999
2123 5000.000000 0.4999
2124 5000.000000 0.4999
2125 5000.000000 0.4999
2126 5000.000000 0.4999
2127 5000.000000 0.4999
2128 5000.000000 0.4999
2129 5000.000000 0.4999
2130 5000.000000 0.4999
2131 5000.000000 0.4999
2132 5000.000000 0.4999
2133 5000.000000 0.4999
2134 5000.000000 0.4999
2135 5000.000000 0.4999
2136 5000.000000 0.4999
2137 5000.000000 0.4999
2138 5000.000000 0.4999
2139 5000.000000 0.4999
2140 5000.000000 0.4999
2141 5000.000000 0.4999
2142 5000.000000 0.4999
2143 5000.000000 0.4999
2144 5000.000000 0.4999
2145 5000.000000 0.4999
2146 5000.000000 0.4999
2147 5000.000000 0.4999
2148 5000.000000 0.4999
2149 5000.000000 0.4999
2150 5000.000000 0.4999
2151 5000.000000 0.4999
2152 5000.000000 0.4999
2153 5000.000000 0.4999
2154 5000.000000 0.4999
2155 5000.000000 0.4999
2156 5000.000000 0.4999
2157 5000.000000 0.4999
2158 5000.000000 0.4999
2159 5000.000000 0.4999
2160 5000.000000 0.4999
2161 5000.000000 0.4999
2162 5000.000000 0.4999
2163 5000.000000 0.4999
2164 5000.000000 0.4999
2165 5000.000000 0.4999
2166 5000.000000 0.4999
2167 5000.000000 0.4999
2168 5000.000000 0.4999
2169 5000.000000 0.4999
2170 5000.000000 0.4999
2171 5000.000000 0.4999
2172 5000.000000 0.4999
2173 5000.000000 0.4999
2174 5000.000000 0.4999
2175 5000.000000 0.4999
2176 5000.000000 0.4999
2177 5000.000000 0.4999
2178 5000.000000 0.4999
2179 5000.000000 0.4999
2180 5000.000000 0.4999
2181 5000.000000 0.4999
2182 5000.000000 0.4999
2183 5000.000000 0.4999
2184 5000.000000 0.4999
2185 5000.000000 0.4999
2186 5000.000000 0.4999
2187 5000.000000 0.4999
2188 5000.000000 0.4999
2189 5000.000000 0.4999
2190 5000.000000 0.4999
2191 5000.000000 0.4999
2192 5000.000000 0.4999
2193 5000.000000 0.4999
2194 5000.000000 0.4999
2195 5000.000000 0.4999
2196 5000.000000 0.4999
2197 5000.000000 0.4999
2198 5000.000000 0.4999
2199 5000.000000 0.4999
2200 5000.000000 0.4999
2201 5000.000000 0.4999
2202 5000.000000 0.4999
2203 5000.000000 0.4999
2204 5000.000000 0.4999
2205 5000.000000 0.4999
2206 5000.000000 0.4999
2207 5000.000000 0.4999
2208 5000.000000 0.4999
2209 5000.000000 0.4999
2210 5000.000000 0.4999
2211 5000.000000 0.4999
2212 5000.000000 0.4999
2213 5000.000000 0.4999
2214 5000.000000 0.4999
2215 5000.000000 0.4999
2216 5000.000000 0.4999
2217 5000.000000 0.4999
2218 5000.000000 0.4999
2219 5000.000000 0.4999
2220 5000.000000 0.4999
2221 5000.000000 0.4999
2222 5000.000000 0.4999
2223 5000.000000 0.4999
2224 5000.000000 0.4999
2225 5000.000000 0.4999
2226 5000.000000 0.4999
2227 5000.000000 0.4999
2228 5000.000000 0.4999
2229 5000.000000 0.4999
2230 5000.000000 0.4999
2231 5000.000000 0.4999
2232 5000.000000 0.4999
2233 5000.000000 0.4999
2234 5000.000000 0.4999
2235 5000.000000 0.4999
2236 5000.000000 0.4999
2237 5000.000000 0.4999
2238 5000.000000 0.4999
2239 5000.000000 0.4999
2240 5000.000000 0.4999
2241 5000.000000 0.4999
2242 5000.000000 0.4999
2243 5000.000000 0.4999
2244 5000.000000 0.4999
2245 5000.000000 0.4999
2246 5000.000000 0.4999
2247 5000.000000 0.4999
2248 5000.000000 0.4999
2249 5000.000000 0.4999
2250 5000.000000 0.4999
2251 5000.000000 0.4999
2252 5000.000000 0.4999
2253 5000.000000 0.4999
2254 5000.000000 0.4999
2255 5000.000000 0.4999
2256 5000.000000 0.4999
2257 5000.000000 0.4999
2258 5000.000000 0.4999
2259 5000.000000 0.4999
2260 5000.000000 0.4999
2261 5000.000000 0.4999
2262 5000.000000 0.4999
2263 5000.000000 0.4999
2264 5000.000000 0.4999
2265 5000.000000 0.4999
2266 5000.000000 0.4999
2267 5000.000000 0.4999
2268 5000.000000 0.4999
2269 5000.000000 0.4999
2270 5000.000000 0.4999
2271 5000.000000 0.4999
2272 5000.000000 0.4999
2273 5000.000000 0.4999
2274 5000.000000 0.4999
2275 5000.000000 0.4999
2276 5000.000000 0.4999
2277 5000.000000 0.4999
2278 5000.000000 0.4999
2279 5000.000000 0.4999
2280 5000.000000 0.4999
2281 5000.000000 0.4999
2282 5000.000000 0.4999
2283 5000.000000 0.4999
2284 5000.000000 0.4999
2285 5000.000000 0.4999
2286 5000.000000 0.4999
2287 5000.000000 0.4999
2288 5000.000000 0.4999
2289 5000.000000 0.4999
2290 5000.000000 0.4999
2291 5000.000000 0.4999
2292 5000.000000 0.4999
2293 5000.000000 0.4999
2294 5000.000000 0.4999
2295 5000.000000 0.4999
2296 5000.000000 0.4999
2297 5000.000000 0.4999
2298 5000.000000 0.4999
2299 5000.000000 0.4999
2300 5000.000000 0.4999
2301 5000.000000 0.4999
2302 5000.000000 0.4999
2303 5000.000000 0.4999
2304 5000.000000 0.4999
2305 5000.000000 0.4999
2306 5000.000000 0.4999
2307 5000.000000 0.4999
2308 5000.000000 0.4999
2309 5000.000000 0.4999
2310 5000.000000 0.4999
2311 5000.000000 0.4999
2312 5000.000000 0.4999
2313 5000.000000 0.4999
2314 5000.000000 0.4999
2315 5000.000000 0.4999
2316 5000.000000 0.4999
2317 5000.000000 0.4999
2318 5000.000000 0.4999
2319 5000.000000 0.4999
2320 5000.000000 0.4999
2321 5000.000000 0.4999
2322 5000.000000 0.4999
2323 5000.000000 0.4999
2324 5000.000000 0.4999
2325 5000.000000 0.4999
2326 5000.000000 0.4999
2327 5000.000000 0.4999
2328 5000.000000 0.4999
2329 5000.000000 0.4999
2330 5000.000000 0.4999
2331 5000.000000 0.4999
2332 5000.000000 0.4999
2333 5000.000000 0.4999
2334 5000.000000 0.4999
2335 5000.000000 0.4999
2336 5000.000000 0.4999
2337 5000.000000 0.4999
2338 5000.000000 0.4999
2339 5000.000000 0.4999
2340 5000.000000 0.4999
2341 5000.000000 0.4999
2342 5000.000000 0.4999
2343 5000.000000 0.4999
2344 5000.000000 0.4999
2345 5000.000000 0.4999
2346 5000.000000 0.4999
2347 5000.000000 0.4999
2348 5000.000000 0.4999
2349 5000.000000 0.4999
2350 5000.000000 0.4999
2351 5000.000000 0.4999
2352 5000.000000 0.4999
2353 5000.000000 0.4999
2354 5000.000000 0.4999
2355 5000.000000 0.4999
2356 5000.000000 0.4999
2357 5000.000000 0.4999
2358 5000.000000 0.4999
2359 5000.000000 0.4999
2360 5000.000000 0.4999
2361 5000.000000 0.4999
2362 5000.000000 0.4999
2363 5000.000000 0.4999
2364 5000.000000 0.4999
2365 5000.000000 0.4999
2366 5000.000000 0.4999
2367 5000.000000 0.4999
2368 5000.000000 0.4999
2369 5000.000000 0.4999
2370 5000.000000 0.4999
2371 5000.000000 0.4999
2372 5000.000000 0.4999
2373 5000.000000 0.4999
2374 5000.000000 0.4999
2375 5000.000000 0.4999
2376 5000.000000 0.4999
2377 5000.000000 0.4999
2378 5000.000000 0.4999
2379 5000.000000 0.4999
2380 5000.000000 0.4999
2381 5000.000000 0.4999
2382 5000.000000 0.4999
2383 5000.000000 0.4999
2384 5000.000000 0.4999
2385 5000.000000 0.4999
2386 5000.000000 0.4999
2387 5000.000000 0.4999
2388 5000.000000 0.4999
2389 5000.000000 0.4999
2390 5000.000000 0.4999
2391 5000.000000 0.4999
2392 5000.000000 0.4999
2393 5000.000000 0.4999
2394 5000.000000 0.4999
2395 5000.000000 0.4999
2396 5000.000000 0.4999
2397 5000.000000 0.4999
2398 5000.000000 0.4999
2399 5000.000000 0.4999
2400 5000.000000 0.4999
2401 5000.000000 0.4999
2402 5000.000000 0.4999
2403 5000.000000 0.4999
2404 5000.000000 0.4999
2405 5000.000000 0.4999
2406 5000.000000 0.4999
2407 5000.000000 0.4999
2408 5000.000000 0.4999
2409 5000.000000 0.4999
2410 5000.000000 0.4999
2411 5000.000000 0.4999
2412 5000.000000 0.4999
2413 5000.000000 0.4999
2414 5000.000000 0.4999
2415 5000.000000 0.4999
2416 5000.000000 0.4999
2417 5000.000000 0.4999
2418 5000.000000 0.4999
2419 5000.000000 0.4999
2420 5000.000000 0.4999
2421 5000.000000 0.4999
2422 5000.000000 0.4999
2423 5000.000000 0.4999
2424 5000.000000 0.4999
2425 5000.000000 0.4999
2426 5000.000000 0.4999
2427 5000.000000 0.4999
2428 5000.000000 0.4999
2429 5000.000000 0.4999
2430 5000.000000 0.4999
2431 5000.000000 0.4999
2432 5000.000000 0.4999
2433 5000.000000 0.4999
2434 5000.000000 0.4999
2435 5000.000000 0.4999
2436 5000.000000 0.4999
2437 5000.000000 0.4999
2438 5000.000000 0.4999
2439 5000.000000 0.4999
2440 5000.000000 0.4999
2441 5000.000000 0.4999
2442 5000.000000 0.4999
2443 5000.000000 0.4999
2444 5000.000000 0.4999
2445 5000.000000 0.4999
2446 5000.000000 0.4999
2447 5000.000000 0.4999
2448 5000.000000 0.4999
2449 5000.000000 0.4999
2450 5000.000000 0.4999
2451 5000.000000 0.4999
2452 5000.000000 0.4999
2453 5000.000000 0.4999
2454 5000.000000 0.4999
2455 5000.000000 0.4999
2456 5000.000000 0.4999
2457 5000.000000 0.4999
2458 5000.000000 0.4999
2459 5000.000000 0.4999
2460 5000.000000 0.4999
2461 5000.000000 0.4999
2462 5000.000000 0.4999
2463 5000.000000 0.4999
2464 5000.000000 0.4999
2465 5000.000000 0.4999
2466 5000.000000 0.4999
2467 5000.000000 0.4999
2468 5000.000000 0.4999
2469 5000.000000 0.4999
2470 5000.000000 0.4999
2471 5000.000000 0.4999
2472 5000.000000 0.4999
2473 5000.000000 0.4999
2474 5000.000000 0.4999
2475 5000.000000 0.4999
2476 5000.000000 0.4999
2477 5000.000000 0.4999
2478 5000.000000 0.4999
2479 5000.000000 0.4999
2480 5000.000000 0.4999
2481 5000.000000 0.4999
2482 5000.000000 0.4999
2483 5000.000000 0.4999
2484 5000.000000 0.4999
2485 5000.000000 0.4999
2486 5000.000000 0.4999
2487 5000.000000 0.4999
2488 5000.000000 0.4999
2489 5000.000000 0.4999
2490 5000.000000 0.4999
2491 5000.000000 0.4999
2492 5000.000000 0.4999
2493 5000.000000 0.4999
2494 5000.000000 0.4999
2495 5000.000000 0.4999
2496 5000.000000 0.4999
2497 5000.000000 0.4999
2498 5000.000000 0.4999
2499 5000.000000 0.4999
2500 5000.000000 0.4999
2501 5000.000000 0.4999
2502 5000.000000 0.4999
2503 5000.000000 0.4999
2504 5000.000000 0.4999
2505 5000.000000 0.4999
2506 5000.000000 0.4999
2507 5000.000000 0.4999
2508 5000.000000 0.4999
2509 5000.000000 0.4999
2510 5000.000000 0.4999
2511 5000.000000 0.4999
2512 5000.000000 0.4999
2513 5000.000000 0.4999
2514 5000.000000 0.4999
2515 5000.000000 0.4999
2516 5000.000000 0.4999
2517 5000.000000 0.4999
2518 5000.000000 0.4999
2519 5000.000000 0.4999
2520 5000.000000 0.4999
2521 5000.000000 0.4999
2522 5000.000000 0.4999
2523 5000.000000 0.4999
2524 5000.000000 0.4999
2525 5000.000000 0.4999
2526 5000.000000 0.4999
2527 5000.000000 0.4999
2528 5000.000000 0.4999
2529 5000.000000 0.4999
2530 5000.000000 0.4999
2531 5000.000000 0.4999
2532 5000.000000 0.4999
2533 5000.000000 0.4999
2534 5000.000000 0.4999
2535 5000.000000 0.4999
2536 5000.000000 0.4999
2537 5000.000000 0.4999
2538 5000.000000 0.4999
2539 5000.000000 0.4999
2540 5000.000000 0.4999
2541 5000.000000 0.4999
2542 5000.000000 0.4999
2543 5000.000000 0.4999
2544 5000.000000 0.4999
2545 5000.000000 0.4999
2546 5000.000000 0.4999
2547 5000.000000 0.4999
2548 5000.000000 0.4999
2549 5000.000000 0.4999
2550 5000.000000 0.4999
2551 5000.000000 0.4999
2552 5000.000000 0.4999
2553 5000.000000 0.4999
2554 5000.000000 0.4999
2555 5000.000000 0.4999
2556 5000.000000 0.4999
2557 5000.000000 0.4999
2558 5000.000000 0.4999
2559 5000.000000 0.4999
2560 5000.000000 0.4999
2561 5000.000000 0.4999
2562 5000.000000 0.4999
2563 5000.000000 0.4999
2564 5000.000000 0.4999
2565 5000.000000 0.4999
2566 5000.000000 0.4999
2567 5000.000000 0.4999
2568 5000.000000 0.4999
2569 5000.000000 0.4999
2570 5000.000000 0.4999
2571 5000.000000 0.4999
2572 5000.000000 0.4999
2573 5000.000000 0.4999
2574 5000.000000 0.4999
2575 5000.000000 0.4999
2576 5000.000000 0.4999
2577 5000.000000 0.4999
2578 5000.000000 0.4999
2579 5000.000000 0.4999
2580 5000.000000 0.4999
2581 5000.000000 0.4999
2582 5000.000000 0.4999
2583 5000.000000 0.4999
2584 5000.000000 0.4999
2585 5000.000000 0.4999
2586 5000.000000 0.4999
2587 5000.000000 0.4999
2588 5000.000000 0.4999
2589 5000.000000 0.4999
2590 5000.000000 0.4999
2591 5000.000000 0.4999
2592 5000.000000 0.4999
2593 5000.000000 0.4999
2594 5000.000000 0.4999
2595 5000.000000 0.4999
2596 5000.000000 0.4999
2597 5000.000000 0.4999
2598 5000.000000 0.4999
2599 5000.000000 0.4999
2600 5000.000000 0.4999
2601 5000.000000 0.4999
2602 5000.000000 0.4999
2603 5000.000000 0.4999
2604 5000.000000 0.4999
2605 5000.000000 0.4999
2606 5000.000000 0.4999
2607 5000.000000 0.4999
2608 5000.000000 0.4999
2609 5000.000000 0.4999
2610 5000.000000 0.4999
2611 5000.000000 0.4999
2612 5000.000000 0.4999
2613 5000.000000 0.4999
2614 5000.000000 0.4999
2615 5000.000000 0.4999
2616 5000.000000 0.4999
2617 5000.000000 0.4999
2618 5000.000000 0.4999
2619 5000.000000 0.4999
2620 5000.000000 0.4999
2621 5000.000000 0.4999
2622 5000.000000 0.4999
2623 5000.000000 0.4999
2624 5000.000000 0.4999
2625 5000.000000 0.4999
2626 5000.000000 0.4999
2627 5000.000000 0.4999
2628 5000.000000 0.4999
2629 5000.000000 0.4999
2630 5000.000000 0.4999
2631 5000.000000 0.4999
2632 5000.000000 0.4999
2633 5000.000000 0.4999
2634 5000.000000 0.4999
2635 5000.000000 0.4999
2636 5000.000000 0.4999
2637 5000.000000 0.4999
2638 5000.000000 0.4999
2639 5000.000000 0.4999
2640 5000.000000 0.4999
2641 5000.000000 0.4999
2642 5000.000000 0.4999
2643 5000.000000 0.4999
2644 5000.000000 0.4999
2645 5000.000000 0.4999
2646 5000.000000 0.4999
2647 5000.000000 0.4999
2648 5000.000000 0.4999
2649 5000.000000 0.4999
2650 5000.000000 0.4999
2651 5000.000000 0.4999
2652 5000.000000 0.4999
2653 5000.000000 0.4999
2654 5000.000000 0.4999
2655 5000.000000 0.4999
2656 5000.000000 0.4999
2657 5000.000000 0.4999
2658 5000.000000 0.4999
2659 5000.000000 0.4999
2660 5000.000000 0.4999
2661 5000.000000 0.4999
2662 5000.000000 0.4999
2663 5000.000000 0.4999
2664 5000.000000 0.4999
2665 5000.000000 0.4999
2666 5000.000000 0.4999
2667 5000.000000 0.4999
2668 5000.000000 0.4999
2669 5000.000000 0.4999
2670 5000.000000 0.4999
2671 5000.000000 0.4999
2672 5000.000000 0.4999
2673 5000.000000 0.4999
2674 5000.000000 0.4999
2675 5000.000000 0.4999
2676 5000.000000 0.4999
2677 5000.000000 0.4999
2678 5000.000000 0.4999
2679 5000.000000 0.4999
2680 5000.000000 0.4999
2681 5000.000000 0.4999
2682 5000.000000 0.4999
2683 5000.000000 0.4999
2684 5000.000000 0.4999
2685 5000.000000 0.4999
2686 5000.000000 0.4999
2687 5000.000000 0.4999
2688 5000.000000 0.4999
2689 5000.000000 0.4999
2690 5000.000000 0.4999
2691 5000.000000 0.4999
2692 5000.000000 0.4999
2693 5000.000000 0.4999
2694 5000.000000 0.4999
2695 5000.000000 0.4999
2696 5000.000000 0.4999
2697 5000.000000 0.4999
2698 5000.000000 0.4999
2699 5000.000000 0.4999
2700 5000.000000 0.4999
2701 5000.000000 0.4999
2702 5000.000000 0.4999
2703 5000.000000 0.4999
2704 5000.000000 0.4999
2705 5000.000000 0.4999
2706 5000.000000 0.4999
2707 5000.000000 0.4999
2708 5000.000000 0.4999
2709 5000.000000 0.4999
2710 5000.000000 0.4999
2711 5000.000000 0.4999
2712 5000.000000 0.4999
2713 5000.000000 0.4999
2714 5000.000000 0.4999
2715 5000.000000 0.4999
2716 5000.000000 0.4999
2717 5000.000000 0.4999
2718 5000.000000 0.4999
2719 5000.000000 0.4999
2720 5000.000000 0.4999
2721 5000.000000 0.4999
2722 5000.000000 0.4999
2723 5000.000000 0.4999
2724 5000.000000 0.4999
2725 5000.000000 0.4999
2726 5000.000000 0.4999
2727 5000.000000 0.4999
2728 5000.000000 0.4999
2729 5000.000000 0.4999
2730 5000.000000 0.4999
2731 5000.000000 0.4999
2732 5000.000000 0.4999
2733 5000.000000 0.4999
2734 5000.000000 0.4999
2735 5000.000000 0.4999
2736 5000.000000 0.4999
2737 5000.000000 0.4999
2738 5000.000000 0.4999
2739 5000.000000 0.4999
2740 5000.000000 0.4999
2741 5000.000000 0.4999
2742 5000.000000 0.4999
2743 5000.000000 0.4999
2744 5000.000000 0.4999
2745 5000.000000 0.4999
2746 5000.000000 0.4999
2747 5000.000000 0.4999
2748 5000.000000 0.4999
2749 5000.000000 0.4999
2750 5000.000000 0.4999
2751 5000.000000 0.4999
2752 5000.000000 0.4999
2753 5000.000000 0.4999
2754 5000.000000 0.4999
2755 5000.000000 0.4999
2756 5000.000000 0.4999
2757 5000.000000 0.4999
2758 5000.000000 0.4999
2759 5000.000000 0.4999
2760 5000.000000 0.4999
2761 5000.000000 0.4999
2762 5000.000000 0.4999
2763 5000.000000 0.4999
2764 5000.000000 0.4999
2765 5000.000000 0.4999
2766 5000.000000 0.4999
2767 5000.000000 0.4999
2768 5000.000000 0.4999
2769 5000.000000 0.4999
2770 5000.000000 0.4999
2771 5000.000000 0.4999
2772 5000.000000 0.4999
2773 5000.000000 0.4999
2774 5000.000000 0.4999
2775 5000.000000 0.4999
2776 5000.000000 0.4999
2777 5000.000000 0.4999
2778 5000.000000 0.4999
2779 5000.000000 0.4999
2780 5000.000000 0.4999
2781 5000.000000 0.4999
2782 5000.000000 0.4999
2783 5000.000000 0.4999
2784 5000.000000 0.4999
2785 5000.000000 0.4999
2786 5000.000000 0.4999
2787 5000.000000 0.4999
2788 5000.000000 0.4999
2789 5000.000000 0.4999
2790 5000.000000 0.4999
2791 5000.000000 0.4999
2792 5000.000000 0.4999
2793 5000.000000 0.4999
2794 5000.000000 0.4999
2795 5000.000000 0.4999
2796 5000.000000 0.4999
2797 5000.000000 0.4999
2798 5000.000000 0.4999
2799 5000.000000 0.4999
2800 5000.000000 0.4999
2801 5000.000000 0.4999
2802 5000.000000 0.4999
2803 5000.000000 0.4999
2804 5000.000000 0.4999
2805 5000.000000 0.4999
2806 5000.000000 0.4999
2807 5000.000000 0.4999
2808 5000.000000 0.4999
2809 5000.000000 0.4999
2810 5000.000000 0.4999
2811 5000.000000 0.4999
2812 5000.000000 0.4999
2813 5000.000000 0.4999
2814 5000.000000 0.4999
2815 5000.000000 0.4999
2816 5000.000000 0.4999
2817 5000.000000 0.4999
2818 5000.000000 0.4999
2819 5000.000000 0.4999
2820 5000.000000 0.4999
2821 5000.000000 0.4999
2822 5000.000000 0.4999
2823 5000.000000 0.4999
2824 5000.000000 0.4999
2825 5000.000000 0.4999
2826 5000.000000 0.4999
2827 5000.000000 0.4999
2828 5000.000000 0.4999
2829 5000.000000 0.4999
2830 5000.000000 0.4999
2831 5000.000000 0.4999
2832 5000.000000 0.4999
2833 5000.000000 0.4999
2834 5000.000000 0.4999
2835 5000.000000 0.4999
2836 5000.000000 0.4999
2837 5000.000000 0.4999
2838 5000.000000 0.4999
2839 5000.000000 0.4999
2840 5000.000000 0.4999
2841 5000.000000 0.4999
2842 5000.000000 0.4999
2843 5000.000000 0.4999
2844 5000.000000 0.4999
2845 5000.000000 0.4999
2846 5000.000000 0.4999
2847 5000.000000 0.4999
2848 5000.000000 0.4999
2849 5000.000000 0.4999
2850 5000.000000 0.4999
2851 5000.000000 0.4999
2852 5000.000000 0.4999
2853 5000.000000 0.4999
2854 5000.000000 0.4999
2855 5000.000000 0.4999
2856 5000.000000 0.4999
2857 5000.000000 0.4999
2858 5000.000000 0.4999
2859 5000.000000 0.4999
2860 5000.000000 0.4999
2861 5000.000000 0.4999
2862 5000.000000 0.4999
2863 5000.000000 0.4999
2864 5000.000000 0.4999
2865 5000.000000 0.4999
2866 5000.000000 0.4999
2867 5000.000000 0.4999
2868 5000.000000 0.4999
2869 5000.000000 0.4999
2870 5000.000000 0.4999
2871 5000.000000 0.4999
2872 5000.000000 0.4999
2873 5000.000000 0.4999
2874 5000.000000 0.4999
2875 5000.000000 0.4999
2876 5000.000000 0.4999
2877 5000.000000 0.4999
2878 5000.000000 0.4999
2879 5000.000000 0.4999
2880 5000.000000 0.4999
2881 5000.000000 0.4999
2882 5000.000000 0.4999
2883 5000.000000 0.4999
2884 5000.000000 0.4999
2885 5000.000000 0.4999
2886 5000.000000 0.4999
2887 5000.000000 0.4999
2888 5000.000000 0.4999
2889 5000.000000 0.4999
2890 5000.000000 0.4999
2891 5000.000000 0.4999
2892 5000.000000 0.4999
2893 5000.000000 0.4999
2894 5000.000000 0.4999
2895 5000.000000 0.4999
2896 5000.000000 0.4999
2897 5000.000000 0.4999
2898 5000.000000 0.4999
2899 5000.000000 0.4999
2900 5000.000000 0.4999
2901 5000.000000 0.4999
2902 5000.000000 0.4999
2903 5000.000000 0.4999
2904 5000.000000 0.4999
2905 5000.000000 0.4999
2906 5000.000000 0.4999
2907 5000.000000 0.4999
2908 5000.000000 0.4999
2909 5000.000000 0.4999
2910 5000.000000 0.4999
2911 5000.000000 0.4999
2912 5000.000000 0.4999
2913 5000.000000 0.4999
2914 5000.000000 0.4999
2915 5000.000000 0.4999
2916 5000.000000 0.4999
2917 5000.000000 0.4999
2918 5000.000000 0.4999
2919 5000.000000 0.4999
2920 5000.000000 0.4999
2921 5000.000000 0.4999
2922 5000.000000 0.4999
2923 5000.000000 0.4999
2924 5000.000000 0.4999
2925 5000.000000 0.4999
2926 5000.000000 0.4999
2927 5000.000000 0.4999
2928 5000.000000 0.4999
2929 5000.000000 0.4999
2930 5000.000000 0.4999
2931 5000.000000 0.4999
2932 5000.000000 0.4999
2933 5000.000000 0.4999
2934 5000.000000 0.4999
2935 5000.000000 0.4999
2936 5000.000000 0.4999
2937 5000.000000 0.4999
2938 5000.000000 0.4999
2939 5000.000000 0.4999
2940 5000.000000 0.4999
2941 5000.000000 0.4999
2942 5000.000000 0.4999
2943 5000.000000 0.4999
2944 5000.000000 0.4999
2945 5000.000000 0.4999
2946 5000.000000 0.4999
2947 5000.000000 0.4999
2948 5000.000000 0.4999
2949 5000.000000 0.4999
2950 5000.000000 0.4999
2951 5000.000000 0.4999
2952 5000.000000 0.4999
2953 5000.000000 0.4999
2954 5000.000000 0.4999
2955 5000.000000 0.4999
2956 5000.000000 0.4999
2957 5000.000000 0.4999
2958 5000.000000 0.4999
2959 5000.000000 0.4999
2960 5000.000000 0.4999
2961 5000.000000 0.4999
2962 5000.000000 0.4999
2963 5000.000000 0.4999
2964 5000.000000 0.4999
2965 5000.000000 0.4999
2966 5000.000000 0.4999
2967 5000.000000 0.4999
2968 5000.000000 0.4999
2969 5000.000000 0.4999
2970 5000.000000 0.4999
2971 5000.000000 0.4999
2972 5000.000000 0.4999
2973 5000.000000 0.4999
2974 5000.000000 0.4999
2975 5000.000000 0.4999
2976 5000.000000 0.4999
2977 5000.000000 0.4999
2978 5000.000000 0.4999
2979 5000.000000 0.4999
2980 5000.000000 0.4999
2981 5000.000000 0.4999
2982 5000.000000 0.4999
2983 5000.000000 0.4999
2984 5000.000000 0.4999
2985 5000.000000 0.4999
2986 5000.000000 0.4999
2987 5000.000000 0.4999
2988 5000.000000 0.4999
2989 5000.000000 0.4999
2990 5000.000000 0.4999
2991 5000.000000 0.4999
2992 5000.000000 0.4999
2993 5000.000000 0.4999
2994 5000.000000 0.4999
2995 5000.000000 0.4999
2996 5000.000000 0.4999
2997 5000.000000 0.4999
2998 5000.000000 0.4999
2999 5000.000000 0.4999
3000 5000.000000 0.4999
3001 5000.000000 0.4999
3002 5000.000000 0.4999
3003 5000.000000 0.4999
3004 5000.000000 0.4999
3005 5000.000000 0.4999
3006 5000.000000 0.4999
3007 5000.000000 0.4999
3008 5000.000000 0.4999
3009 5000.000000 0.4999
3010 5000.000000 0.4999
3011 5000.000000 0.4999
3012 5000.000000 0.4999
3013 5000.000000 0.4999
3014 5000.000000 0.4999
3015 5000.000000 0.4999
3016 5000.000000 0.4999
3017 5000.000000 0.4999
3018 5000.000000 0.4999
3019 5000.000000 0.4999
3020 5000.000000 0.4999
3021 5000.000000 0.4999
3022 5000.000000 0.4999
3023 5000.000000 0.4999
3024 5000.000000 0.4999
3025 5000.000000 0.4999
3026 5000.000000 0.4999
3027 5000.000000 0.4999
3028 5000.000000 0.4999
3029 5000.000000 0.4999
3030 5000.000000 0.4999
3031 5000.000000 0.4999
3032 5000.000000 0.4999
3033 5000.000000 0.4999
3034 5000.000000 0.4999
3035 5000.000000 0.4999
3036 5000.000000 0.4999
3037 5000.000000 0.4999
3038 5000.000000 0.4999
3039 5000.000000 0.4999
3040 5000.000000 0.4999
3041 5000.000000 0.4999
3042 5000.000000 0.4999
3043 5000.000000 0.4999
3044 5000.000000 0.4999
3045 5000.000000 0.4999
3046 5000.000000 0.4999
3047 5000.000000 0.4999
3048 5000.000000 0.4999
3049 5000.000000 0.4999
3050 5000.000000 0.4999
3051 5000.000000 0.4999
3052 5000.000000 0.4999
3053 5000.000000 0.4999
3054 5000.000000 0.4999
3055 5000.000000 0.4999
3056 5000.000000 0.4999
3057 5000.000000 0.4999
3058 5000.000000 0.4999
3059 5000.000000 0.4999
3060 5000.000000 0.4999
3061 5000.000000 0.4999
3062 5000.000000 0.4999
3063 5000.000000 0.4999
3064 5000.000000 0.4999
3065 5000.000000 0.4999
3066 5000.000000 0.4999
3067 5000.000000 0.4999
3068 5000.000000 0.4999
3069 5000.000000 0.4999
3070 5000.000000 0.4999
3071 5000.000000 0.4999
3072 5000.000000 0.4999
3073 5000.000000 0.4999
3074 5000.000000 0.4999
3075 5000.000000 0.4999
3076 5000.000000 0.4999
3077 5000.000000 0.4999
3078 5000.000000 0.4999
3079 5000.000000 0.4999
3080 5000.000000 0.4999
3081 5000.000000 0.4999
3082 5000.000000 0.4999
3083 5000.000000 0.4999
3084 5000.000000 0.4999
3085 5000.000000 0.4999
3086 5000.000000 0.4999
3087 5000.000000 0.4999
3088 5000.000000 0.4999
3089 5000.000000 0.4999
3090 5000.000000 0.4999
3091 5000.000000 0.4999
3092 5000.000000 0.4999
3093 5000.000000 0.4999
3094 5000.000000 0.4999
3095 5000.000000 0.4999
3096 5000.000000 0.4999
3097 5000.000000 0.4999
3098 5000.000000 0.4999
3099 5000.000000 0.4999
3100 5000.000000 0.4999
3101 5000.000000 0.4999
3102 5000.000000 0.4999
3103 5000.000000 0.4999
3104 5000.000000 0.4999
3105 5000.000000 0.4999
3106 5000.000000 0.4999
3107 5000.000000 0.4999
3108 5000.000000 0.4999
3109 5000.000000 0.4999
3110 5000.000000 0.4999
3111 5000.000000 0.4999
3112 5000.000000 0.4999
3113 5000.000000 0.4999
3114 5000.000000 0.4999
3115 5000.000000 0.4999
3116 5000.000000 0.4999
3117 5000.000000 0.4999
3118 5000.000000 0.4999
3119 5000.000000 0.4999
3120 5000.000000 0.4999
3121 5000.000000 0.4999
3122 5000.000000 0.4999
3123 5000.000000 0.4999
3124 5000.000000 0.4999
3125 5000.000000 0.4999
3126 5000.000000 0.4999
3127 5000.000000 0.4999
3128 5000.000000 0.4999
3129 5000.000000 0.4999
3130 5000.000000 0.4999
3131 5000.000000 0.4999
3132 5000.000000 0.4999
3133 5000.000000 0.4999
3134 5000.000000 0.4999
3135 5000.000000 0.4999
3136 5000.000000 0.4999
3137 5000.000000 0.4999
3138 5000.000000 0.4999
3139 5000.000000 0.4999
3140 5000.000000 0.4999
3141 5000.000000 0.4999
3142 5000.000000 0.4999
3143 5000.000000 0.4999
3144 5000.000000 0.4999
3145 5000.000000 0.4999
3146 5000.000000 0.4999
3147 5000.000000 0.4999
3148 5000.000000 0.4999
3149 5000.000000 0.4999
3150 5000.000000 0.4999
3151 5000.000000 0.4999
3152 5000.000000 0.4999
3153 5000.000000 0.4999
3154 5000.000000 0.4999
3155 5000.000000 0.4999
3156 5000.000000 0.4999
3157 5000.000000 0.4999
3158 5000.000000 0.4999
3159 5000.000000 0.4999
3160 5000.000000 0.4999
3161 5000.000000 0.4999
3162 5000.000000 0.4999
3163 5000.000000 0.4999
3164 5000.000000 0.4999
3165 5000.000000 0.4999
3166 5000.000000 0.4999
3167 5000.000000 0.4999
3168 5000.000000 0.4999
3169 5000.000000 0.4999
3170 5000.000000 0.4999
3171 5000.000000 0.4999
3172 5000.000000 0.4999
3173 5000.000000 0.4999
3174 5000.000000 0.4999
3175 5000.000000 0.4999
3176 5000.000000 0.4999
3177 5000.000000 0.4999
3178 5000.000000 0.4999
3179 5000.000000 0.4999
3180 5000.000000 0.4999
3181 5000.000000 0.4999
3182 5000.000000 0.4999
3183 5000.000000 0.4999
3184 5000.000000 0.4999
3185 5000.000000 0.4999
3186 5000.000000 0.4999
3187 5000.000000 0.4999
3188 5000.000000 0.4999
3189 5000.000000 0.4999
3190 5000.000000 0.4999
3191 5000.000000 0.4999
3192 5000.000000 0.4999
3193 5000.000000 0.4999
3194 5000.000000 0.4999
3195 5000.000000 0.4999
3196 5000.000000 0.4999
3197 5000.000000 0.4999
3198 5000.000000 0.4999
3199 5000.000000 0.4999
3200 5000.000000 0.4999
3201 5000.000000 0.4999
3202 5000.000000 0.4999
3203 5000.000000 0.4999
3204 5000.000000 0.4999
3205 5000.000000 0.4999
3206 5000.000000 0.4999
3207 5000.000000 0.4999
3208 5000.000000 0.4999
3209 5000.000000 0.4999
3210 5000.000000 0.4999
3211 5000.000000 0.4999
3212 5000.000000 0.4999
3213 5000.000000 0.4999
3214 5000.000000 0.4999
3215 5000.000000 0.4999
3216 5000.000000 0.4999
3217 5000.000000 0.4999
3218 5000.000000 0.4999
3219 5000.000000 0.4999
3220 5000.000000 0.4999
3221 5000.000000 0.4999
3222 5000.000000 0.4999
3223 5000.000000 0.4999
3224 5000.000000 0.4999
3225 5000.000000 0.4999
3226 5000.000000 0.4999
3227 5000.000000 0.4999
3228 5000.000000 0.4999
3229 5000.000000 0.4999
3230 5000.000000 0.4999
3231 5000.000000 0.4999
3232 5000.000000 0.4999
3233 5000.000000 0.4999
3234 5000.000000 0.4999
3235 5000.000000 0.4999
3236 5000.000000 0.4999
3237 5000.000000 0.4999
3238 5000.000000 0.4999
3239 5000.000000 0.4999
3240 5000.000000 0.4999
3241 5000.000000 0.4999
3242 5000.000000 0.4999
3243 5000.000000 0.4999
3244 5000.000000 0.4999
3245 5000.000000 0.4999
3246 5000.000000 0.4999
3247 5000.000000 0.4999
3248 5000.000000 0.4999
3249 5000.000000 0.4999
3250 5000.000000 0.4999
3251 5000.000000 0.4999
3252 5000.000000 0.4999
3253 5000.000000 0.4999
3254 5000.000000 0.4999
3255 5000.000000 0.4999
3256 5000.000000 0.4999
3257 5000.000000 0.4999
3258 5000.000000 0.4999
3259 5000.000000 0.4999
3260 5000.000000 0.4999
3261 5000.000000 0.4999
3262 5000.000000 0.4999
3263 5000.000000 0.4999
3264 5000.000000 0.4999
3265 5000.000000 0.4999
3266 5000.000000 0.4999
3267 5000.000000 0.4999
3268 5000.000000 0.4999
3269 5000.000000 0.4999
3270 5000.000000 0.4999
3271 5000.000000 0.4999
3272 5000.000000 0.4999
3273 5000.000000 0.4999
3274 5000.000000 0.4999
3275 5000.000000 0.4999
3276 5000.000000 0.4999
3277 5000.000000 0.4999
3278 5000.000000 0.4999
3279 5000.000000 0.4999
3280 5000.000000 0.4999
3281 5000.000000 0.4999
3282 5000.000000 0.4999
3283 5000.000000 0.4999
3284 5000.000000 0.4999
3285 5000.000000 0.4999
3286 5000.000000 0.4999
3287 5000.000000 0.4999
3288 5000.000000 0.4999
3289 5000.000000 0.4999
3290 5000.000000 0.4999
3291 5000.000000 0.4999
3292 5000.000000 0.4999
3293 5000.000000 0.4999
3294 5000.000000 0.4999
3295 5000.000000 0.4999
3296 5000.000000 0.4999
3297 5000.000000 0.4999
3298 5000.000000 0.4999
3299 5000.000000 0.4999
3300 5000.000000 0.4999
3301 5000.000000 0.4999
3302 5000.000000 0.4999
3303 5000.000000 0.4999
3304 5000.000000 0.4999
3305 5000.000000 0.4999
3306 5000.000000 0.4999
3307 5000.000000 0.4999
3308 5000.000000 0.4999
3309 5000.000000 0.4999
3310 5000.000000 0.4999
3311 5000.000000 0.4999
3312 5000.000000 0.4999
3313 5000.000000 0.4999
3314 5000.000000 0.4999
3315 5000.000000 0.4999
3316 5000.000000 0.4999
3317 5000.000000 0.4999
3318 5000.000000 0.4999
3319 5000.000000 0.4999
3320 5000.000000 0.4999
3321 5000.000000 0.4999
3322 5000.000000 0.4999
3323 5000.000000 0.4999
3324 5000.000000 0.4999
3325 5000.000000 0.4999
3326 5000.000000 0.4999
3327 5000.000000 0.4999
3328 5000.000000 0.4999
3329 5000.000000 0.4999
3330 5000.000000 0.4999
3331 5000.000000 0.4999
3332 5000.000000 0.4999
3333 5000.000000 0.4999
3334 5000.000000 0.4999
3335 5000.000000 0.4999
3336 5000.000000 0.4999
3337 5000.000000 0.4999
3338 5000.000000 0.4999
3339 5000.000000 0.4999
3340 5000.000000 0.4999
3341 5000.000000 0.4999
3342 5000.000000 0.4999
3343 5000.000000 0.4999
3344 5000.000000 0.4999
3345 5000.000000 0.4999
3346 5000.000000 0.4999
3347 5000.000000 0.4999
3348 5000.000000 0.4999
3349 5000.000000 0.4999
3350 5000.000000 0.4999
3351 5000.000000 0.4999
3352 5000.000000 0.4999
3353 5000.000000 0.4999
3354 5000.000000 0.4999
3355 5000.000000 0.4999
3356 5000.000000 0.4999
3357 5000.000000 0.4999
3358 5000.000000 0.4999
3359 5000.000000 0.4999
3360 5000.000000 0.4999
3361 5000.000000 0.4999
3362 5000.000000 0.4999
3363 5000.000000 0.4999
3364 5000.000000 0.4999
3365 5000.000000 0.4999
3366 5000.000000 0.4999
3367 5000.000000 0.4999
3368 5000.000000 0.4999
3369 5000.000000 0.4999
3370 5000.000000 0.4999
3371 5000.000000 0.4999
3372 5000.000000 0.4999
3373 5000.000000 0.4999
3374 5000.000000 0.4999
3375 5000.000000 0.4999
3376 5000.000000 0.4999
3377 5000.000000 0.4999
3378 5000.000000 0.4999
3379 5000.000000 0.4999
3380 5000.000000 0.4999
3381 5000.000000 0.4999
3382 5000.000000 0.4999
3383 5000.000000 0.4999
3384 5000.000000 0.4999
3385 5000.000000 0.4999
3386 5000.000000 0.4999
3387 5000.000000 0.4999
3388 5000.000000 0.4999
3389 5000.000000 0.4999
3390 5000.000000 0.4999
3391 5000.000000 0.4999
3392 5000.000000 0.4999
3393 5000.000000 0.4999
3394 5000.000000 0.4999
3395 5000.000000 0.4999
3396 5000.000000 0.4999
3397 5000.000000 0.4999
3398 5000.000000 0.4999
3399 5000.000000 0.4999
3400 5000.000000 0.4999
3401 5000.000000 0.4999
3402 5000.000000 0.4999
3403 5000.000000 0.4999
3404 5000.000000 0.4999
3405 5000.000000 0.4999
3406 5000.000000 0.4999
3407 5000.000000 0.4999
3408 5000.000000 0.4999
3409 5000.000000 0.4999
3410 5000.000000 0.4999
3411 5000.000000 0.4999
3412 5000.000000 0.4999
3413 5000.000000 0.4999
3414 5000.000000 0.4999
3415 5000.000000 0.4999
3416 5000.000000 0.4999
3417 5000.000000 0.4999
3418 5000.000000 0.4999
3419 5000.000000 0.4999
3420 5000.000000 0.4999
3421 5000.000000 0.4999
3422 5000.000000 0.4999
3423 5000.000000 0.4999
3424 5000.000000 0.4999
3425 5000.000000 0.4999
3426 5000.000000 0.4999
3427 5000.000000 0.4999
3428 5000.000000 0.4999
3429 5000.000000 0.4999
3430 5000.000000 0.4999
3431 5000.000000 0.4999
3432 5000.000000 0.4999
3433 5000.000000 0.4999
3434 5000.000000 0.4999
3435 5000.000000 0.4999
3436 5000.000000 0.4999
3437 5000.000000 0.4999
3438 5000.000000 0.4999
3439 5000.000000 0.4999
3440 5000.000000 0.4999
3441 5000.000000 0.4999
3442 5000.000000 0.4999
3443 5000.000000 0.4999
3444 5000.000000 0.4999
3445 5000.000000 0.4999
3446 5000.000000 0.4999
3447 5000.000000 0.4999
3448 5000.000000 0.4999
3449 5000.000000 0.4999
3450 5000.000000 0.4999
3451 5000.000000 0.4999
3452 5000.000000 0.4999
3453 5000.000000 0.4999
3454 5000.000000 0.4999
3455 5000.000000 0.4999
3456 5000.000000 0.4999
3457 5000.000000 0.4999
3458 5000.000000 0.4999
3459 5000.000000 0.4999
3460 5000.000000 0.4999
3461 5000.000000 0.4999
3462 5000.000000 0.4999
3463 5000.000000 0.4999
3464 5000.000000 0.4999
3465 5000.000000 0.4999
3466 5000.000000 0.4999
3467 5000.000000 0.4999
3468 5000.000000 0.4999
3469 5000.000000 0.4999
3470 5000.000000 0.4999
3471 5000.000000 0.4999
3472 5000.000000 0.4999
3473 5000.000000 0.4999
3474 5000.000000 0.4999
3475 5000.000000 0.4999
3476 5000.000000 0.4999
3477 5000.000000 0.4999
3478 5000.000000 0.4999
3479 5000.000000 0.4999
3480 5000.000000 0.4999
3481 5000.000000 0.4999
3482 5000.000000 0.4999
3483 5000.000000 0.4999
3484 5000.000000 0.4999
3485 5000.000000 0.4999
3486 5000.000000 0.4999
3487 5000.000000 0.4999
3488 5000.000000 0.4999
3489 5000.000000 0.4999
3490 5000.000000 0.4999
3491 5000.000000 0.4999
3492 5000.000000 0.4999
3493 5000.000000 0.4999
3494 5000.000000 0.4999
3495 5000.000000 0.4999
3496 5000.000000 0.4999
3497 5000.000000 0.4999
3498 5000.000000 0.4999
3499 5000.000000 0.4999
3500 5000.000000 0.4999
3501 5000.000000 0.4999
3502 5000.000000 0.4999
3503 5000.000000 0.4999
3504 5000.000000 0.4999
3505 5000.000000 0.4999
3506 5000.000000 0.4999
3507 5000.000000 0.4999
3508 5000.000000 0.4999
3509 5000.000000 0.4999
3510 5000.000000 0.4999
3511 5000.000000 0.4999
3512 5000.000000 0.4999
3513 5000.000000 0.4999
3514 5000.000000 0.4999
3515 5000.000000 0.4999
3516 5000.000000 0.4999
3517 5000.000000 0.4999
3518 5000.000000 0.4999
3519 5000.000000 0.4999
3520 5000.000000 0.4999
3521 5000.000000 0.4999
3522 5000.000000 0.4999
3523 5000.000000 0.4999
3524 5000.000000 0.4999
3525 5000.000000 0.4999
3526 5000.000000 0.4999
3527 5000.000000 0.4999
3528 5000.000000 0.4999
3529 5000.000000 0.4999
3530 5000.000000 0.4999
3531 5000.000000 0.4999
3532 5000.000000 0.4999
3533 5000.000000 0.4999
3534 5000.000000 0.4999
3535 5000.000000 0.4999
3536 5000.000000 0.4999
3537 5000.000000 0.4999
3538 5000.000000 0.4999
3539 5000.000000 0.4999
3540 5000.000000 0.4999
3541 5000.000000 0.4999
3542 5000.000000 0.4999
3543 5000.000000 0.4999
3544 5000.000000 0.4999
3545 5000.000000 0.4999
3546 5000.000000 0.4999
3547 5000.000000 0.4999
3548 5000.000000 0.4999
3549 5000.000000 0.4999
3550 5000.000000 0.4999
3551 5000.000000 0.4999
3552 5000.000000 0.4999
3553 5000.000000 0.4999
3554 5000.000000 0.4999
3555 5000.000000 0.4999
3556 5000.000000 0.4999
3557 5000.000000 0.4999
3558 5000.000000 0.4999
3559 5000.000000 0.4999
3560 5000.000000 0.4999
3561 5000.000000 0.4999
3562 5000.000000 0.4999
3563 5000.000000 0.4999
3564 5000.000000 0.4999
3565 5000.000000 0.4999
3566 5000.000000 0.4999
3567 5000.000000 0.4999
3568 5000.000000 0.4999
3569 5000.000000 0.4999
3570 5000.000000 0.4999
3571 5000.000000 0.4999
3572 5000.000000 0.4999
3573 5000.000000 0.4999
3574 5000.000000 0.4999
3575 5000.000000 0.4999
3576 5000.000000 0.4999
3577 5000.000000 0.4999
3578 5000.000000 0.4999
3579 5000.000000 0.4999
3580 5000.000000 0.4999
3581 5000.000000 0.4999
3582 5000.000000 0.4999
3583 5000.000000 0.4999
3584 5000.000000 0.4999
3585 5000.000000 0.4999
3586 5000.000000 0.4999
3587 5000.000000 0.4999
3588 5000.000000 0.4999
3589 5000.000000 0.4999
3590 5000.000000 0.4999
3591 5000.000000 0.4999
3592 5000.000000 0.4999
3593 5000.000000 0.4999
3594 5000.000000 0.4999
3595 5000.000000 0.4999
3596 5000.000000 0.4999
3597 5000.000000 0.4999
3598 5000.000000 0.4999
3599 5000.000000 0.4999
3600 5000.000000 0.4999
3601 5000.000000 0.4999
3602 5000.000000 0.4999
3603 5000.000000 0.4999
3604 5000.000000 0.4999
3605 5000.000000 0.4999
3606 5000.000000 0.4999
3607 5000.000000 0.4999
3608 5000.000000 0.4999
3609 5000.000000 0.4999
3610 5000.000000 0.4999
3611 5000.000000 0.4999
3612 5000.000000 0.4999
3613 5000.000000 0.4999
3614 5000.000000 0.4999
3615 5000.000000 0.4999
3616 5000.000000 0.4999
3617 5000.000000 0.4999
3618 5000.000000 0.4999
3619 5000.000000 0.4999
3620 5000.000000 0.4999
3621 5000.000000 0.4999
3622 5000.000000 0.4999
3623 5000.000000 0.4999
3624 5000.000000 0.4999
3625 5000.000000 0.4999
3626 5000.000000 0.4999
3627 5000.000000 0.4999
3628 5000.000000 0.4999
3629 5000.000000 0.4999
3630 5000.000000 0.4999
3631 5000.000000 0.4999
3632 5000.000000 0.4999
3633 5000.000000 0.4999
3634 5000.000000 0.4999
3635 5000.000000 0.4999
3636 5000.000000 0.4999
3637 5000.000000 0.4999
3638 5000.000000 0.4999
3639 5000.000000 0.4999
3640 5000.000000 0.4999
3641 5000.000000 0.4999
3642 5000.000000 0.4999
3643 5000.000000 0.4999
3644 5000.000000 0.4999
3645 5000.000000 0.4999
3646 5000.000000 0.4999
3647 5000.000000 0.4999
3648 5000.000000 0.4999
3649 5000.000000 0.4999
3650 5000.000000 0.4999
3651 5000.000000 0.4999
3652 5000.000000 0.4999
3653 5000.000000 0.4999
3654 5000.000000 0.4999
3655 5000.000000 0.4999
3656 5000.000000 0.4999
3657 5000.000000 0.4999
3658 5000.000000 0.4999
3659 5000.000000 0.4999
3660 5000.000000 0.4999
3661 5000.000000 0.4999
3662 5000.000000 0.4999
3663 5000.000000 0.4999
3664 5000.000000 0.4999
3665 5000.000000 0.4999
3666 5000.000000 0.4999
3667 5000.000000 0.4999
3668 5000.000000 0.4999
3669 5000.000000 0.4999
3670 5000.000000 0.4999
3671 5000.000000 0.4999
3672 5000.000000 0.4999
3673 5000.000000 0.4999
3674 5000.000000 0.4999
3675 5000.000000 0.4999
3676 5000.000000 0.4999
3677 5000.000000 0.4999
3678 5000.000000 0.4999
3679 5000.000000 0.4999
3680 5000.000000 0.4999
3681 5000.000000 0.4999
3682 5000.000000 0.4999
3683 5000.000000 0.4999
3684 5000.000000 0.4999
3685 5000.000000 0.4999
3686 5000.000000 0.4999
3687 5000.000000 0.4999
3688 5000.000000 0.4999
3689 5000.000000 0.4999
3690 5000.000000 0.4999
3691 5000.000000 0.4999
3692 5000.000000 0.4999
3693 5000.000000 0.4999
3694 5000.000000 0.4999
3695 5000.000000 0.4999
3696 5000.000000 0.4999
3697 5000.000000 0.4999
3698 5000.000000 0.4999
3699 5000.000000 0.4999
3700 5000.000000 0.4999
3701 5000.000000 0.4999
3702 5000.000000 0.4999
3703 5000.000000 0.4999
3704 5000.000000 0.4999
3705 5000.000000 0.4999
3706 5000.000000 0.4999
3707 5000.000000 0.4999
3708 5000.000000 0.4999
3709 5000.000000 0.4999
3710 5000.000000 0.4999
3711 5000.000000 0.4999
3712 5000.000000 0.4999
3713 5000.000000 0.4999
3714 5000.000000 0.4999
3715 5000.000000 0.4999
3716 5000.000000 0.4999
3717 5000.000000 0.4999
3718 5000.000000 0.4999
3719 5000.000000 0.4999
3720 5000.000000 0.4999
3721 5000.000000 0.4999
3722 5000.000000 0.4999
3723 5000.000000 0.4999
3724 5000.000000 0.4999
3725 5000.000000 0.4999
3726 5000.000000 0.4999
3727 5000.000000 0.4999
3728 5000.000000 0.4999
3729 5000.000000 0.4999
3730 5000.000000 0.4999
3731 5000.000000 0.4999
3732 5000.000000 0.4999
3733 5000.000000 0.4999
3734 5000.000000 0.4999
3735 5000.000000 0.4999
3736 5000.000000 0.4999
3737 5000.000000 0.4999
3738 5000.000000 0.4999
3739 5000.000000 0.4999
3740 5000.000000 0.4999
3741 5000.000000 0.4999
3742 5000.000000 0.4999
3743 5000.000000 0.4999
3744 5000.000000 0.4999
3745 5000.000000 0.4999
3746 5000.000000 0.4999
3747 5000.000000 0.4999
3748 5000.000000 0.4999
3749 5000.000000 0.4999
3750 5000.000000 0.4999
3751 5000.000000 0.4999
3752 5000.000000 0.4999
3753 5000.000000 0.4999
3754 5000.000000 0.4999
3755 5000.000000 0.4999
3756 5000.000000 0.4999
3757 5000.000000 0.4999
3758 5000.000000 0.4999
3759 5000.000000 0.4999
3760 5000.000000 0.4999
3761 5000.000000 0.4999
3762 5000.000000 0.4999
3763 5000.000000 0.4999
3764 5000.000000 0.4999
3765 5000.000000 0.4999
3766 5000.000000 0.4999
3767 5000.000000 0.4999
3768 5000.000000 0.4999
3769 5000.000000 0.4999
3770 5000.000000 0.4999
3771 5000.000000 0.4999
3772 5000.000000 0.4999
3773 5000.000000 0.4999
3774 5000.000000 0.4999
3775 5000.000000 0.4999
3776 5000.000000 0.4999
3777 5000.000000 0.4999
3778 5000.000000 0.4999
3779 5000.000000 0.4999
3780 5000.000000 0.4999
3781 5000.000000 0.4999
3782 5000.000000 0.4999
3783 5000.000000 0.4999
3784 5000.000000 0.4999
3785 5000.000000 0.4999
3786 5000.000000 0.4999
3787 5000.000000 0.4999
3788 5000.000000 0.4999
3789 5000.000000 0.4999
3790 5000.000000 0.4999
3791 5000.000000 0.4999
3792 5000.000000 0.4999
3793 5000.000000 0.4999
3794 5000.000000 0.4999
3795 5000.000000 0.4999
3796 5000.000000 0.4999
3797 5000.000000 0.4999
3798 5000.000000 0.4999
3799 5000.000000 0.4999
3800 5000.000000 0.4999
3801 5000.000000 0.4999
3802 5000.000000 0.4999
3803 5000.000000 0.4999
3804 5000.000000 0.4999
3805 5000.000000 0.4999
3806 5000.000000 0.4999
3807 5000.000000 0.4999
3808 5000.000000 0.4999
3809 5000.000000 0.4999
3810 5000.000000 0.4999
3811 5000.000000 0.4999
3812 5000.000000 0.4999
3813 5000.000000 0.4999
3814 5000.000000 0.4999
3815 5000.000000 0.4999
3816 5000.000000 0.4999
3817 5000.000000 0.4999
3818 5000.000000 0.4999
3819 5000.000000 0.4999
3820 5000.000000 0.4999
3821 5000.000000 0.4999
3822 5000.000000 0.4999
3823 5000.000000 0.4999
3824 5000.000000 0.4999
3825 5000.000000 0.4999
3826 5000.000000 0.4999
3827 5000.000000 0.4999
3828 5000.000000 0.4999
3829 5000.000000 0.4999
3830 5000.000000 0.4999
3831 5000.000000 0.4999
3832 5000.000000 0.4999
3833 5000.000000 0.4999
3834 5000.000000 0.4999
3835 5000.000000 0.4999
3836 5000.000000 0.4999
3837 5000.000000 0.4999
3838 5000.000000 0.4999
3839 5000.000000 0.4999
3840 5000.000000 0.4999
3841 5000.000000 0.4999
3842 5000.000000 0.4999
3843 5000.000000 0.4999
3844 5000.000000 0.4999
3845 5000.000000 0.4999
3846 5000.000000 0.4999
3847 5000.000000 0.4999
3848 5000.000000 0.4999
3849 5000.000000 0.4999
3850 5000.000000 0.4999
3851 5000.000000 0.4999
3852 5000.000000 0.4999
3853 5000.000000 0.4999
3854 5000.000000 0.4999
3855 5000.000000 0.4999
3856 5000.000000 0.4999
3857 5000.000000 0.4999
3858 5000.000000 0.4999
3859 5000.000000 0.4999
3860 5000.000000 0.4999
3861 5000.000000 0.4999
3862 5000.000000 0.4999
3863 5000.000000 0.4999
3864 5000.000000 0.4999
3865 5000.000000 0.4999
3866 5000.000000 0.4999
3867 5000.000000 0.4999
3868 5000.000000 0.4999
3869 5000.000000 0.4999
3870 5000.000000 0.4999
3871 5000.000000 0.4999
3872 5000.000000 0.4999
3873 5000.000000 0.4999
3874 5000.000000 0.4999
3875 5000.000000 0.4999
3876 5000.000000 0.4999
3877 5000.000000 0.4999
3878 5000.000000 0.4999
3879 5000.000000 0.4999
3880 5000.000000 0.4999
3881 5000.000000 0.4999
3882 5000.000000 0.4999
3883 5000.000000 0.4999
3884 5000.000000 0.4999
3885 5000.000000 0.4999
3886 5000.000000 0.4999
3887 5000.000000 0.4999
3888 5000.000000 0.4999
3889 5000.000000 0.4999
3890 5000.000000 0.4999
3891 5000.000000 0.4999
3892 5000.000000 0.4999
3893 5000.000000 0.4999
3894 5000.000000 0.4999
3895 5000.000000 0.4999
3896 5000.000000 0.4999
3897 5000.000000 0.4999
3898 5000.000000 0.4999
3899 5000.000000 0.4999
3900 5000.000000 0.4999
3901 5000.000000 0.4999
3902 5000.000000 0.4999
3903 5000.000000 0.4999
3904 5000.000000 0.4999
3905 5000.000000 0.4999
3906 5000.000000 0.4999
3907 5000.000000 0.4999
3908 5000.000000 0.4999
3909 5000.000000 0.4999
3910 5000.000000 0.4999
3911 5000.000000 0.4999
3912 5000.000000 0.4999
3913 5000.000000 0.4999
3914 5000.000000 0.4999
3915 5000.000000 0.4999
3916 5000.000000 0.4999
3917 5000.000000 0.4999
3918 5000.000000 0.4999
3919 5000.000000 0.4999
3920 5000.000000 0.4999
3921 5000.000000 0.4999
3922 5000.000000 0.4999
3923 5000.000000 0.4999
3924 5000.000000 0.4999
3925 5000.000000 0.4999
3926 5000.000000 0.4999
3927 5000.000000 0.4999
3928 5000.000000 0.4999
3929 5000.000000 0.4999
3930 5000.000000 0.4999
3931 5000.000000 0.4999
3932 5000.000000 0.4999
3933 5000.000000 0.4999
3934 5000.000000 0.4999
3935 5000.000000 0.4999
3936 5000.000000 0.4999
3937 5000.000000 0.4999
3938 5000.000000 0.4999
3939 5000.000000 0.4999
3940 5000.000000 0.4999
3941 5000.000000 0.4999
3942 5000.000000 0.4999
3943 5000.000000 0.4999
3944 5000.000000 0.4999
3945 5000.000000 0.4999
3946 5000.000000 0.4999
3947 5000.000000 0.4999
3948 5000.000000 0.4999
3949 5000.000000 0.4999
3950 5000.000000 0.4999
3951 5000.000000 0.4999
3952 5000.000000 0.4999
3953 5000.000000 0.4999
3954 5000.000000 0.4999
3955 5000.000000 0.4999
3956 5000.000000 0.4999
3957 5000.000000 0.4999
3958 5000.000000 0.4999
3959 5000.000000 0.4999
3960 5000.000000 0.4999
3961 5000.000000 0.4999
3962 5000.000000 0.4999
3963 5000.000000 0.4999
3964 5000.000000 0.4999
3965 5000.000000 0.4999
3966 5000.000000 0.4999
3967 5000.000000 0.4999
3968 5000.000000 0.4999
3969 5000.000000 0.4999
3970 5000.000000 0.4999
3971 5000.000000 0.4999
3972 5000.000000 0.4999
3973 5000.000000 0.4999
3974 5000.000000 0.4999
3975 5000.000000 0.4999
3976 5000.000000 0.4999
3977 5000.000000 0.4999
3978 5000.000000 0.4999
3979 5000.000000 0.4999
3980 5000.000000 0.4999
3981 5000.000000 0.4999
3982 5000.000000 0.4999
3983 5000.000000 0.4999
3984 5000.000000 0.4999
3985 5000.000000 0.4999
3986 5000.000000 0.4999
3987 5000.000000 0.4999
3988 5000.000000 0.4999
3989 5000.000000 0.4999
3990 5000.000000 0.4999
3991 5000.000000 0.4999
3992 5000.000000 0.4999
3993 5000.000000 0.4999
3994 5000.000000 0.4999
3995 5000.000000 0.4999
3996 5000.000000 0.4999
3997 5000.000000 0.4999
3998 5000.000000 0.4999
3999 5000.000000 0.4999
4000 5000.000000 0.4999
4001 5000.000000 0.4999
4002 5000.000000 0.4999
4003 5000.000000 0.4999
4004 5000.000000 0.4999
4005 5000.000000 0.4999
4006 5000.000000 0.4999
4007 5000.000000 0.4999
4008 5000.000000 0.4999
4009 5000.000000 0.4999
4010 5000.000000 0.4999
4011 5000.000000 0.4999
4012 5000.000000 0.4999
4013 5000.000000 0.4999
4014 5000.000000 0.4999
4015 5000.000000 0.4999
4016 5000.000000 0.4999
4017 5000.000000 0.4999
4018 5000.000000 0.4999
4019 5000.000000 0.4999
4020 5000.000000 0.4999
4021 5000.000000 0.4999
4022 5000.000000 0.4999
4023 5000.000000 0.4999
4024 5000.000000 0.4999
4025 5000.000000 0.4999
4026 5000.000000 0.4999
4027 5000.000000 0.4999
4028 5000.000000 0.4999
4029 5000.000000 0.4999
4030 5000.000000 0.4999
4031 5000.000000 0.4999
4032 5000.000000 0.4999
4033 5000.000000 0.4999
4034 5000.000000 0.4999
4035 5000.000000 0.4999
4036 5000.000000 0.4999
4037 5000.000000 0.4999
4038 5000.000000 0.4999
4039 5000.000000 0.4999
4040 5000.000000 0.4999
4041 5000.000000 0.4999
4042 5000.000000 0.4999
4043 5000.000000 0.4999
4044 5000.000000 0.4999
4045 5000.000000 0.4999
4046 5000.000000 0.4999
4047 5000.000000 0.4999
4048 5000.000000 0.4999
4049 5000.000000 0.4999
4050 5000.000000 0.4999
4051 5000.000000 0.4999
4052 5000.000000 0.4999
4053 5000.000000 0.4999
4054 5000.000000 0.4999
4055 5000.000000 0.4999
4056 5000.000000 0.4999
4057 5000.000000 0.4999
4058 5000.000000 0.4999
4059 5000.000000 0.4999
4060 5000.000000 0.4999
4061 5000.000000 0.4999
4062 5000.000000 0.4999
4063 5000.000000 0.4999
4064 5000.000000 0.4999
4065 5000.000000 0.4999
4066 5000.000000 0.4999
4067 5000.000000 0.4999
4068 5000.000000 0.4999
4069 5000.000000 0.4999
4070 5000.000000 0.4999
4071 5000.000000 0.4999
4072 5000.000000 0.4999
4073 5000.000000 0.4999
4074 5000.000000 0.4999
4075 5000.000000 0.4999
4076 5000.000000 0.4999
4077 5000.000000 0.4999
4078 5000.000000 0.4999
4079 5000.000000 0.4999
4080 5000.000000 0.4999
4081 5000.000000 0.4999
4082 5000.000000 0.4999
4083 5000.000000 0.4999
4084 5000.000000 0.4999
4085 5000.000000 0.4999
4086 5000.000000 0.4999
4087 5000.000000 0.4999
4088 5000.000000 0.4999
4089 5000.000000 0.4999
4090 5000.000000 0.4999
4091 5000.000000 0.4999
4092 5000.000000 0.4999
4093 5000.000000 0.4999
4094 5000.000000 0.4999
4095 5000.000000 0.4999
